583 823
582 824
581 824
580 825
579 826
578 826
577 826
576 826
575 827
574 828
573 828
572 829
572 830
571 831
570 832
569 832
568 832
567 832
567 833
566 834
566 835
566 836
565 837
565 838
565 839
565 840
565 841
564 842
564 843
565 844
566 844
567 845
568 846
569 847
570 847
571 848
572 848
573 849
574 850
575 850
576 850
577 851
578 850
579 850
580 850
581 850
582 850
583 850
584 849
585 849
586 849
587 848
588 848
589 848
590 848
591 848
592 847
593 847
594 847
595 846
596 846
597 846
598 845
599 845
600 845
601 845
602 845
603 845
604 845
605 845
606 845
607 845
608 845
609 845
610 844
611 844
612 844
613 844
614 844
615 844
616 844
617 844
618 844
619 844
620 844
621 844
622 844
623 844
624 843
625 843
626 843
627 842
628 841
629 840
630 840
631 839
631 838
631 837
631 836
630 835
629 834
628 834
627 833
626 832
625 832
624 831
623 831
622 830
621 830
620 830
619 829
618 829
617 829
616 829
615 828
614 828
613 828
612 828
611 827
610 827
609 827
608 827
607 827
606 827
605 826
604 825
603 825
602 824
601 824
600 824
599 824
598 824
597 823
596 823
595 823
594 823
593 823
592 823
591 823
590 823
589 823
588 823
587 823
586 823
585 823
584 823
583 823
