684 994
683 995
682 996
681 997
680 998
680 999
679 1000
680 1001
680 1002
680 1003
680 1004
680 1005
681 1006
682 1007
683 1008
684 1009
685 1010
686 1011
687 1012
688 1013
689 1014
689 1015
690 1015
691 1016
692 1016
693 1017
694 1018
695 1018
696 1019
697 1019
698 1020
699 1020
700 1021
701 1022
702 1023
703 1024
704 1025
705 1026
706 1027
707 1028
708 1029
709 1030
710 1030
711 1031
712 1032
713 1033
714 1034
715 1035
716 1036
717 1036
718 1037
719 1037
720 1037
721 1037
722 1037
723 1037
724 1037
725 1037
726 1038
727 1038
728 1038
729 1038
730 1038
731 1038
732 1038
733 1039
734 1040
735 1040
736 1040
737 1040
738 1040
739 1040
740 1040
741 1040
742 1040
743 1040
744 1040
745 1041
746 1041
747 1041
748 1042
749 1042
750 1042
751 1043
752 1044
753 1044
754 1045
755 1046
756 1046
757 1047
758 1047
759 1048
760 1048
761 1049
762 1049
763 1050
764 1050
765 1050
766 1050
767 1050
768 1050
769 1050
770 1050
771 1050
772 1050
773 1050
774 1050
775 1050
776 1050
777 1050
778 1050
779 1050
780 1050
781 1050
782 1050
783 1050
784 1050
785 1050
786 1049
787 1049
788 1048
789 1048
790 1048
791 1048
792 1048
793 1048
794 1048
795 1048
796 1047
797 1047
798 1047
799 1046
800 1045
801 1044
801 1043
802 1042
802 1041
802 1040
803 1039
803 1038
803 1037
803 1036
804 1035
804 1034
804 1033
804 1032
804 1031
804 1030
804 1029
804 1028
804 1027
804 1026
804 1025
804 1024
804 1023
804 1022
804 1021
804 1020
804 1019
804 1018
804 1017
804 1016
804 1015
804 1014
804 1013
804 1012
804 1011
804 1010
803 1009
803 1008
802 1008
801 1007
800 1007
799 1006
798 1006
797 1006
796 1005
795 1005
794 1005
793 1005
792 1005
791 1005
790 1004
789 1004
788 1004
787 1004
786 1004
785 1004
784 1003
783 1003
782 1003
781 1003
780 1003
779 1003
778 1003
777 1003
776 1002
775 1002
774 1002
773 1002
772 1002
771 1002
770 1002
769 1002
768 1002
767 1002
766 1002
765 1002
764 1002
763 1002
762 1002
761 1002
760 1002
759 1002
758 1002
757 1002
756 1002
755 1002
754 1002
753 1002
752 1002
751 1002
750 1002
749 1002
748 1002
747 1002
746 1002
745 1002
744 1002
743 1002
742 1002
741 1002
740 1002
739 1002
738 1002
737 1002
736 1002
735 1002
734 1002
733 1002
732 1002
731 1002
730 1002
729 1002
728 1002
727 1002
726 1001
725 1001
724 1001
723 1000
722 1000
721 1000
720 1000
719 1000
718 1000
717 1000
716 1000
715 1000
714 1000
713 999
712 999
711 999
710 999
709 999
708 999
707 999
706 998
705 998
704 997
703 997
702 997
701 996
700 996
699 996
698 995
697 995
696 995
695 995
694 995
693 994
692 994
691 994
690 994
689 994
688 994
687 994
686 994
685 994
684 994
