313 2200
312 2201
311 2201
310 2201
309 2201
308 2201
307 2201
306 2201
305 2201
304 2202
303 2203
302 2203
301 2204
300 2204
299 2205
298 2205
297 2206
296 2207
295 2207
294 2208
293 2208
292 2209
291 2209
290 2210
289 2211
288 2211
287 2212
286 2213
285 2213
284 2214
283 2214
282 2214
281 2215
280 2215
279 2215
278 2216
277 2216
276 2217
275 2217
274 2217
273 2217
272 2218
271 2218
270 2219
269 2219
268 2220
267 2220
266 2220
265 2221
264 2221
263 2222
262 2223
261 2224
260 2225
259 2225
258 2226
257 2227
257 2228
256 2229
256 2230
256 2231
256 2232
256 2233
256 2234
257 2235
257 2236
258 2237
259 2238
260 2238
261 2238
262 2238
263 2238
264 2238
265 2238
266 2239
267 2239
268 2240
269 2240
270 2241
271 2241
272 2242
273 2242
274 2243
275 2244
276 2244
277 2245
278 2246
279 2247
280 2248
281 2249
282 2250
283 2251
284 2252
285 2253
286 2253
287 2253
288 2253
289 2253
290 2253
291 2254
292 2254
293 2255
294 2255
295 2256
296 2257
297 2258
298 2258
299 2258
300 2258
301 2258
302 2258
303 2258
304 2258
305 2259
306 2259
307 2260
308 2261
309 2262
310 2262
311 2262
312 2262
313 2262
314 2262
315 2261
316 2261
317 2261
318 2261
319 2261
320 2261
321 2260
322 2260
323 2260
324 2259
325 2259
326 2259
327 2259
328 2258
329 2258
330 2258
331 2258
332 2258
333 2258
334 2258
335 2258
336 2258
337 2258
338 2258
339 2258
340 2258
341 2257
342 2256
343 2256
344 2255
345 2254
346 2253
347 2252
348 2251
349 2250
350 2249
351 2248
352 2247
353 2246
354 2245
355 2244
355 2243
356 2242
356 2241
357 2240
358 2239
359 2238
359 2237
360 2236
361 2235
361 2234
362 2233
362 2232
362 2231
362 2230
362 2229
362 2228
363 2227
363 2226
363 2225
363 2224
363 2223
363 2222
363 2221
363 2220
363 2219
363 2218
363 2217
363 2216
363 2215
363 2214
363 2213
362 2212
361 2211
360 2210
360 2209
360 2208
360 2207
359 2206
358 2205
357 2205
356 2205
355 2205
354 2205
353 2204
352 2204
351 2204
350 2203
349 2203
348 2203
347 2202
346 2202
345 2202
344 2202
343 2202
342 2202
341 2202
340 2202
339 2202
338 2202
337 2202
336 2202
335 2202
334 2202
333 2202
332 2202
331 2202
330 2202
329 2201
328 2201
327 2200
326 2200
325 2200
324 2200
323 2200
322 2200
321 2200
320 2200
319 2200
318 2200
317 2200
316 2200
315 2200
314 2200
313 2200
