380 683
379 684
378 684
377 684
376 685
375 685
374 686
373 686
372 687
371 687
370 687
369 687
368 687
367 688
366 688
365 689
364 689
363 690
362 690
361 691
360 691
359 692
358 693
357 694
356 695
355 696
354 696
353 697
352 697
351 698
350 698
349 699
348 700
347 700
346 700
345 701
344 701
343 702
342 703
341 703
340 704
339 704
338 703
337 703
336 703
335 703
334 703
333 703
332 703
331 703
330 703
329 703
328 703
327 703
326 703
325 703
324 703
323 703
322 703
321 703
320 703
319 704
318 704
317 704
316 704
315 704
314 704
313 704
312 704
311 704
310 704
309 704
308 704
307 704
306 704
305 704
304 704
303 704
302 704
301 704
300 705
299 705
298 705
297 705
296 705
295 705
294 705
293 705
292 704
291 704
290 704
289 704
288 704
287 704
286 704
285 704
284 704
283 703
282 703
281 703
280 703
279 703
278 703
277 703
276 703
275 703
274 703
273 703
272 703
271 703
270 703
269 703
268 703
267 703
266 703
265 703
264 703
263 703
262 703
261 703
260 703
259 703
258 703
257 703
256 703
255 703
254 703
253 703
252 703
251 703
250 703
249 703
248 703
247 703
246 704
245 704
244 704
243 704
242 704
241 705
240 705
239 705
238 705
237 705
236 705
235 705
234 705
233 704
232 704
231 704
230 704
229 704
228 704
227 704
226 704
225 704
224 704
223 704
222 704
221 704
220 704
219 704
218 704
217 704
216 704
215 704
214 704
213 705
212 705
211 705
210 705
209 705
208 705
207 705
206 705
205 705
204 705
203 705
202 705
201 705
200 705
199 705
198 705
197 705
196 705
195 705
194 705
193 705
192 705
191 705
190 706
189 706
188 706
187 707
186 707
185 708
184 708
183 708
182 708
181 709
180 710
179 711
178 712
177 713
176 714
175 715
175 716
174 717
174 718
174 719
173 720
173 721
173 722
174 723
174 724
175 725
175 726
176 727
177 727
178 728
179 728
180 729
181 729
182 730
183 730
184 731
185 731
186 731
187 732
188 732
189 732
190 733
191 733
192 734
193 734
194 735
195 736
196 736
197 737
198 737
199 737
200 737
201 737
202 737
203 737
204 738
205 738
206 738
207 738
208 738
209 738
210 738
211 738
212 738
213 738
214 739
215 739
216 739
217 739
218 739
219 739
220 739
221 739
222 740
223 740
224 740
225 740
226 740
227 740
228 740
229 740
230 740
231 740
232 740
233 740
234 741
235 741
236 741
237 742
238 742
239 743
240 744
241 744
242 745
243 746
244 746
245 746
246 746
247 747
248 747
249 747
250 748
251 748
252 748
253 749
254 749
255 749
256 749
257 749
258 750
259 750
260 751
261 752
262 752
263 752
264 753
265 753
266 753
267 754
268 754
269 754
270 754
271 755
272 755
273 756
274 756
275 756
276 756
277 757
278 757
279 757
280 758
281 758
282 758
283 758
284 758
285 758
286 758
287 759
288 760
289 760
290 760
291 760
292 760
293 760
294 760
295 761
296 761
297 761
298 761
299 761
300 761
301 762
302 762
303 762
304 763
305 763
306 763
307 763
308 763
309 763
310 763
311 763
312 763
313 763
314 763
315 763
316 763
317 763
318 764
319 764
320 764
321 764
322 764
323 764
324 764
325 764
326 764
327 764
328 764
329 764
330 764
331 765
332 765
333 765
334 765
335 765
336 765
337 765
338 765
339 765
340 765
341 765
342 765
343 765
344 765
345 765
346 765
347 765
348 765
349 765
350 765
351 765
352 765
353 765
354 765
355 765
356 765
357 765
358 765
359 765
360 765
361 765
362 766
363 766
364 766
365 766
366 766
367 767
368 767
369 767
370 768
371 768
372 768
373 768
374 769
375 769
376 769
377 769
378 769
379 769
380 769
381 769
382 768
383 768
384 767
385 766
386 765
387 764
388 763
389 763
390 762
391 762
392 762
393 761
394 761
395 760
396 760
397 759
398 758
399 758
400 757
401 757
402 756
403 755
404 754
405 753
406 752
407 751
407 750
408 749
408 748
409 747
409 746
409 745
409 744
409 743
409 742
409 741
409 740
409 739
409 738
409 737
409 736
409 735
409 734
409 733
409 732
409 731
409 730
409 729
409 728
409 727
409 726
409 725
409 724
409 723
409 722
409 721
409 720
409 719
409 718
409 717
409 716
409 715
408 714
407 713
407 712
407 711
407 710
407 709
407 708
407 707
407 706
407 705
407 704
407 703
406 702
406 701
405 700
404 700
403 699
402 698
401 697
400 696
399 695
398 694
397 693
397 692
396 691
396 690
395 689
395 688
394 687
393 686
392 686
391 686
390 685
389 685
388 684
387 684
386 683
385 683
384 683
383 683
382 683
381 683
380 683
