259 2088
258 2089
257 2089
256 2089
255 2089
254 2090
253 2090
252 2090
251 2090
250 2090
249 2090
248 2090
247 2090
246 2091
245 2091
244 2091
243 2092
242 2092
241 2092
240 2092
239 2092
238 2092
237 2092
236 2092
235 2092
234 2092
233 2092
232 2092
231 2092
230 2092
229 2092
228 2092
227 2092
226 2092
225 2092
224 2092
223 2093
222 2093
221 2093
220 2093
219 2093
218 2094
217 2094
216 2095
215 2095
214 2095
213 2096
212 2096
211 2097
210 2097
209 2098
208 2099
207 2100
206 2100
205 2101
204 2102
203 2103
202 2103
201 2104
200 2105
199 2106
198 2107
197 2108
196 2108
195 2109
194 2110
193 2111
192 2112
191 2113
191 2114
190 2115
189 2116
189 2117
189 2118
188 2119
187 2120
187 2121
186 2122
185 2123
185 2124
184 2125
184 2126
184 2127
183 2128
183 2129
183 2130
183 2131
182 2132
182 2133
181 2134
181 2135
181 2136
182 2137
182 2138
183 2139
184 2140
185 2141
186 2141
187 2141
188 2142
189 2141
190 2141
191 2141
192 2141
193 2141
194 2141
195 2142
196 2142
197 2142
198 2143
199 2143
200 2143
201 2143
202 2143
203 2143
204 2144
205 2144
206 2144
207 2144
208 2144
209 2143
210 2143
211 2143
212 2142
213 2142
214 2141
215 2141
216 2141
217 2140
218 2140
219 2139
220 2139
221 2138
222 2138
223 2137
224 2137
225 2137
226 2137
227 2137
228 2137
229 2137
230 2137
231 2137
232 2137
233 2137
234 2137
235 2137
236 2137
237 2137
238 2137
239 2137
240 2137
241 2137
242 2137
243 2137
244 2137
245 2137
246 2137
247 2137
248 2137
249 2137
250 2137
251 2137
252 2137
253 2137
254 2137
255 2137
256 2137
257 2137
258 2137
259 2137
260 2137
261 2137
262 2137
263 2137
264 2137
265 2137
266 2138
267 2138
268 2138
269 2138
270 2139
271 2139
272 2140
273 2140
274 2140
275 2141
276 2141
277 2141
278 2142
279 2142
280 2142
281 2143
282 2143
283 2144
284 2144
285 2144
286 2144
287 2145
288 2145
289 2145
290 2145
291 2145
292 2145
293 2145
294 2145
295 2145
296 2145
297 2145
298 2145
299 2145
300 2145
301 2145
302 2145
303 2145
304 2145
305 2145
306 2145
307 2144
308 2143
309 2143
310 2142
311 2142
312 2141
313 2140
314 2139
315 2138
316 2137
317 2136
318 2135
319 2134
320 2133
321 2132
322 2131
323 2130
324 2129
325 2128
325 2127
326 2126
327 2125
327 2124
328 2123
328 2122
329 2121
330 2120
331 2119
331 2118
332 2117
332 2116
332 2115
332 2114
332 2113
332 2112
331 2111
331 2110
331 2109
330 2108
330 2107
329 2106
329 2105
328 2104
327 2103
326 2102
325 2101
324 2100
323 2099
322 2098
321 2097
320 2097
319 2097
318 2096
317 2096
316 2096
315 2095
314 2095
313 2094
312 2094
311 2094
310 2094
309 2094
308 2094
307 2094
306 2094
305 2094
304 2094
303 2094
302 2094
301 2093
300 2093
299 2093
298 2093
297 2093
296 2093
295 2093
294 2093
293 2093
292 2093
291 2093
290 2092
289 2092
288 2091
287 2091
286 2090
285 2090
284 2090
283 2090
282 2089
281 2089
280 2089
279 2089
278 2089
277 2089
276 2089
275 2089
274 2088
273 2088
272 2088
271 2088
270 2088
269 2088
268 2088
267 2088
266 2088
265 2088
264 2088
263 2088
262 2088
261 2088
260 2088
259 2088
