404 1282
403 1283
402 1283
401 1283
400 1283
399 1283
398 1284
397 1285
396 1285
396 1286
395 1287
394 1288
394 1289
394 1290
393 1291
393 1292
393 1293
392 1294
392 1295
392 1296
392 1297
392 1298
391 1299
391 1300
391 1301
391 1302
391 1303
391 1304
391 1305
391 1306
391 1307
391 1308
391 1309
392 1310
392 1311
393 1311
394 1312
395 1313
396 1313
397 1313
398 1314
399 1314
400 1315
401 1315
402 1316
403 1317
404 1317
405 1318
406 1318
407 1318
408 1318
409 1318
410 1318
411 1318
412 1319
413 1319
414 1319
415 1319
416 1319
417 1319
418 1319
419 1320
420 1320
421 1320
422 1321
423 1321
424 1321
425 1321
426 1321
427 1321
428 1322
429 1322
430 1322
431 1322
432 1323
433 1323
434 1323
435 1323
436 1323
437 1324
438 1324
439 1324
440 1325
441 1325
442 1325
443 1326
444 1326
445 1326
446 1326
447 1326
448 1326
449 1326
450 1326
451 1326
452 1326
453 1326
454 1325
455 1325
456 1324
457 1324
458 1323
459 1322
460 1321
461 1320
462 1319
463 1318
464 1317
465 1316
466 1316
467 1315
468 1314
468 1313
469 1312
469 1311
469 1310
469 1309
470 1308
470 1307
470 1306
470 1305
470 1304
470 1303
470 1302
470 1301
470 1300
469 1299
469 1298
468 1297
468 1296
468 1295
467 1294
467 1293
467 1292
467 1291
466 1290
466 1289
465 1288
464 1287
463 1286
462 1286
461 1285
460 1285
459 1285
458 1284
457 1284
456 1284
455 1284
454 1284
453 1284
452 1283
451 1283
450 1282
449 1282
448 1282
447 1282
446 1282
445 1282
444 1282
443 1282
442 1282
441 1282
440 1282
439 1282
438 1282
437 1282
436 1282
435 1282
434 1282
433 1282
432 1282
431 1282
430 1282
429 1282
428 1282
427 1282
426 1282
425 1282
424 1282
423 1282
422 1282
421 1282
420 1282
419 1282
418 1282
417 1282
416 1282
415 1282
414 1282
413 1282
412 1282
411 1282
410 1282
409 1282
408 1282
407 1282
406 1282
405 1282
404 1282
