1493 889
1492 890
1491 891
1490 892
1489 892
1488 893
1487 894
1486 894
1485 895
1484 896
1483 896
1482 897
1481 897
1480 897
1479 898
1478 898
1477 899
1476 899
1475 899
1474 899
1473 899
1472 899
1471 899
1470 899
1469 899
1468 899
1467 899
1466 899
1465 899
1464 899
1463 899
1462 900
1461 900
1460 901
1459 901
1458 902
1457 903
1456 903
1455 904
1454 904
1453 905
1452 906
1452 907
1452 908
1452 909
1452 910
1452 911
1452 912
1452 913
1452 914
1452 915
1451 916
1451 917
1451 918
1451 919
1451 920
1451 921
1451 922
1451 923
1451 924
1451 925
1452 926
1453 927
1454 927
1455 928
1456 928
1457 928
1458 928
1459 929
1460 929
1461 930
1462 931
1463 932
1463 933
1464 934
1465 935
1465 936
1466 937
1467 937
1468 937
1469 937
1470 937
1471 937
1472 936
1473 936
1474 936
1475 936
1476 936
1477 936
1478 936
1479 936
1480 936
1481 936
1482 936
1483 937
1484 937
1485 938
1486 939
1487 940
1488 941
1489 941
1490 942
1491 942
1492 942
1493 942
1494 943
1495 943
1496 943
1497 944
1498 944
1499 944
1500 944
1501 944
1502 944
1503 944
1504 945
1505 945
1506 945
1507 945
1508 945
1509 945
1510 945
1511 945
1512 946
1513 946
1514 946
1515 946
1516 946
1517 946
1518 946
1519 946
1520 946
1521 946
1522 946
1523 947
1524 948
1525 948
1526 948
1527 949
1528 949
1529 949
1530 950
1531 950
1532 950
1533 951
1534 951
1535 952
1536 953
1537 953
1538 953
1539 954
1540 954
1541 954
1542 955
1543 955
1544 955
1545 956
1546 956
1547 956
1548 956
1549 957
1550 957
1551 957
1552 958
1553 958
1554 958
1555 959
1556 959
1557 959
1558 959
1559 959
1560 959
1561 960
1562 960
1563 960
1564 960
1565 960
1566 960
1567 960
1568 959
1569 959
1570 959
1571 958
1572 958
1573 957
1574 957
1575 956
1576 955
1577 954
1578 953
1579 953
1580 953
1581 952
1582 952
1583 952
1584 951
1585 950
1586 950
1587 949
1588 948
1589 947
1590 947
1591 946
1592 945
1593 944
1594 943
1594 942
1595 941
1595 940
1596 939
1596 938
1597 937
1598 936
1598 935
1598 934
1599 933
1599 932
1599 931
1600 930
1599 929
1599 928
1599 927
1598 926
1598 925
1598 924
1598 923
1598 922
1598 921
1598 920
1598 919
1599 918
1599 917
1599 916
1600 915
1600 914
1600 913
1600 912
1600 911
1600 910
1600 909
1600 908
1600 907
1600 906
1600 905
1599 904
1599 903
1598 902
1597 901
1596 901
1595 900
1594 899
1593 898
1592 897
1591 897
1590 896
1589 895
1588 895
1587 894
1586 894
1585 893
1584 893
1583 893
1582 892
1581 892
1580 892
1579 892
1578 891
1577 891
1576 891
1575 891
1574 891
1573 890
1572 890
1571 890
1570 890
1569 890
1568 890
1567 890
1566 890
1565 890
1564 890
1563 890
1562 890
1561 890
1560 890
1559 890
1558 890
1557 890
1556 890
1555 890
1554 890
1553 890
1552 890
1551 890
1550 890
1549 890
1548 891
1547 891
1546 891
1545 891
1544 891
1543 891
1542 891
1541 891
1540 892
1539 892
1538 892
1537 893
1536 893
1535 893
1534 893
1533 893
1532 892
1531 892
1530 892
1529 891
1528 891
1527 890
1526 889
1525 889
1524 889
1523 889
1522 889
1521 889
1520 889
1519 889
1518 889
1517 889
1516 890
1515 890
1514 890
1513 890
1512 890
1511 890
1510 890
1509 890
1508 889
1507 889
1506 889
1505 889
1504 889
1503 889
1502 889
1501 889
1500 889
1499 889
1498 889
1497 889
1496 889
1495 889
1494 889
1493 889
