970 374
969 375
968 375
967 375
966 376
965 376
964 377
963 377
962 377
961 377
960 378
959 379
958 379
957 380
956 381
955 381
954 382
953 381
952 381
951 381
950 380
949 380
948 381
947 381
946 381
945 382
944 382
943 383
942 383
941 384
940 384
939 384
938 385
937 385
936 385
935 386
934 386
933 386
932 387
931 387
930 387
929 388
928 389
927 389
926 390
925 390
924 391
923 391
922 392
921 393
920 393
919 394
918 395
918 396
918 397
918 398
919 399
920 399
921 399
922 399
923 399
924 400
925 400
926 400
927 401
928 401
929 401
930 401
931 401
932 401
933 401
934 402
935 402
936 402
937 402
938 403
939 403
940 403
941 403
942 403
943 403
944 403
945 403
946 403
947 403
948 402
949 402
950 402
951 402
952 402
953 402
954 402
955 402
956 402
957 402
958 402
959 402
960 403
961 403
962 403
963 404
964 404
965 404
966 405
967 405
968 406
969 406
970 406
971 407
972 407
973 407
974 408
975 409
976 409
977 410
978 410
979 410
980 411
981 411
982 412
983 412
984 412
985 412
986 412
987 412
988 413
989 413
990 413
991 413
992 413
993 413
994 413
995 413
996 413
997 413
998 413
999 413
1000 413
1001 412
1002 412
1003 411
1004 410
1005 410
1006 409
1007 409
1008 410
1009 410
1010 410
1011 410
1012 410
1013 410
1014 410
1015 410
1016 410
1017 410
1018 410
1019 409
1020 409
1021 409
1022 408
1023 408
1024 407
1025 407
1026 407
1027 406
1028 406
1029 405
1030 404
1031 403
1032 402
1032 401
1033 400
1033 399
1033 398
1033 397
1033 396
1033 395
1033 394
1032 393
1031 392
1030 391
1029 390
1028 389
1027 388
1026 387
1025 386
1024 386
1023 385
1022 384
1021 384
1020 383
1019 382
1018 382
1017 381
1016 381
1015 380
1014 379
1013 379
1012 378
1011 378
1010 377
1009 377
1008 376
1007 376
1006 375
1005 375
1004 375
1003 374
1002 374
1001 374
1000 374
999 374
998 374
997 374
996 374
995 374
994 374
993 374
992 374
991 374
990 374
989 374
988 374
987 374
986 374
985 374
984 374
983 374
982 374
981 374
980 374
979 374
978 374
977 374
976 374
975 374
974 374
973 374
972 374
971 374
970 374
