361 257
360 258
359 258
358 258
357 258
356 259
355 259
354 259
353 259
352 259
351 259
350 259
349 259
348 258
347 258
346 258
345 258
344 258
343 258
342 258
341 258
340 259
339 259
338 259
337 259
336 259
335 259
334 259
333 259
332 259
331 259
330 259
329 259
328 260
327 260
326 261
325 261
324 262
323 262
322 263
321 263
320 263
319 263
318 263
317 263
316 263
315 263
314 264
313 264
312 264
311 264
310 265
309 265
308 265
307 265
306 265
305 265
304 265
303 265
302 265
301 265
300 265
299 265
298 266
297 266
296 266
295 266
294 267
293 267
292 267
291 267
290 267
289 267
288 267
287 267
286 268
285 268
284 268
283 268
282 269
281 269
280 269
279 269
278 269
277 269
276 269
275 269
274 270
273 270
272 270
271 270
270 271
269 271
268 271
267 271
266 271
265 271
264 271
263 271
262 271
261 271
260 272
259 272
258 273
257 273
256 274
255 274
254 275
253 275
252 275
251 275
250 275
249 275
248 275
247 275
246 276
245 276
244 277
243 277
242 278
241 278
240 279
239 279
238 279
237 279
236 279
235 279
234 279
233 279
232 280
231 280
230 280
229 280
228 281
227 281
226 281
225 281
224 282
223 282
222 282
221 282
220 283
219 283
218 283
217 283
216 284
215 284
214 284
213 284
212 285
211 285
210 286
209 286
208 286
207 286
206 287
205 287
204 287
203 287
202 287
201 287
200 287
199 287
198 288
197 288
196 288
195 288
194 289
193 290
192 290
191 290
190 291
189 291
188 292
187 292
186 292
185 292
184 293
183 293
182 293
181 293
180 294
179 294
178 294
177 294
176 295
175 296
174 296
173 296
172 297
171 297
170 298
169 298
168 299
167 300
166 300
165 301
164 302
163 302
162 303
161 303
160 303
159 303
158 303
157 303
156 304
155 304
154 305
153 306
152 306
151 307
150 308
149 308
148 309
147 309
146 310
145 310
144 311
143 312
142 313
142 314
141 315
141 316
141 317
141 318
141 319
141 320
142 321
142 322
143 323
143 324
144 325
144 326
145 327
146 328
146 329
146 330
147 331
147 332
148 333
148 334
149 335
150 335
151 336
152 336
153 337
154 337
155 337
156 337
157 338
158 338
159 339
160 339
161 340
162 340
163 341
164 341
165 342
166 342
167 342
168 342
169 342
170 342
171 342
172 342
173 343
174 343
175 343
176 344
177 345
178 345
179 346
180 346
181 347
182 347
183 348
184 348
185 348
186 348
187 348
188 348
189 349
190 349
191 350
192 350
193 351
194 351
195 352
196 352
197 353
198 353
199 353
200 353
201 354
202 354
203 354
204 354
205 354
206 354
207 354
208 354
209 355
210 355
211 355
212 356
213 357
214 357
215 357
216 357
217 358
218 358
219 358
220 358
221 358
222 358
223 358
224 358
225 358
226 358
227 358
228 358
229 358
230 358
231 358
232 358
233 358
234 358
235 358
236 358
237 358
238 358
239 358
240 358
241 358
242 358
243 359
244 359
245 360
246 360
247 361
248 361
249 362
250 362
251 362
252 362
253 362
254 362
255 362
256 362
257 362
258 362
259 362
260 362
261 362
262 362
263 362
264 362
265 362
266 362
267 362
268 362
269 362
270 362
271 362
272 362
273 362
274 362
275 362
276 362
277 362
278 362
279 362
280 362
281 362
282 362
283 362
284 362
285 362
286 362
287 362
288 362
289 362
290 362
291 362
292 362
293 362
294 362
295 362
296 362
297 362
298 362
299 362
300 362
301 362
302 362
303 362
304 362
305 362
306 362
307 362
308 362
309 362
310 362
311 362
312 362
313 363
314 363
315 363
316 363
317 364
318 364
319 364
320 364
321 364
322 364
323 364
324 364
325 364
326 364
327 364
328 364
329 364
330 364
331 364
332 364
333 364
334 364
335 364
336 364
337 364
338 364
339 364
340 364
341 364
342 364
343 365
344 365
345 365
346 365
347 366
348 366
349 366
350 366
351 366
352 366
353 366
354 366
355 366
356 366
357 366
358 366
359 366
360 366
361 366
362 366
363 366
364 366
365 366
366 366
367 366
368 366
369 365
370 365
371 364
372 364
373 363
374 363
375 362
376 362
377 362
378 362
379 362
380 362
381 362
382 362
383 361
384 361
385 361
386 361
387 360
388 360
389 359
390 359
391 358
392 357
393 357
393 356
394 355
395 355
395 354
396 353
397 352
398 351
399 350
399 349
399 348
399 347
400 346
400 345
400 344
400 343
400 342
400 341
400 340
400 339
401 338
401 337
401 336
401 335
402 334
402 333
402 332
402 331
402 330
402 329
403 328
403 327
403 326
403 325
404 324
404 323
404 322
404 321
404 320
404 319
404 318
404 317
404 316
404 315
404 314
404 313
404 312
404 311
403 310
403 309
403 308
403 307
402 306
401 305
401 304
401 303
400 302
399 301
399 300
399 299
398 298
398 297
398 296
398 295
397 294
397 293
396 292
395 291
395 290
394 290
393 289
393 288
392 288
391 287
391 286
390 286
389 285
389 284
388 284
387 283
387 282
386 282
385 281
385 280
384 280
383 279
383 278
382 278
381 277
381 276
380 276
379 275
379 274
378 274
377 273
377 272
376 272
375 271
375 270
374 269
373 268
373 267
372 266
371 265
370 264
369 263
369 262
368 262
367 261
367 260
366 260
365 259
364 258
363 258
362 257
361 257
