1439 333
1438 334
1437 334
1436 334
1435 335
1434 335
1433 335
1432 335
1431 335
1430 335
1429 335
1428 336
1427 337
1426 337
1425 337
1424 338
1423 338
1422 338
1421 339
1420 339
1419 339
1418 340
1417 340
1416 340
1415 341
1414 341
1413 341
1412 342
1411 343
1410 344
1409 345
1408 346
1407 347
1406 348
1405 349
1404 350
1403 351
1402 351
1401 352
1400 353
1399 354
1398 355
1397 356
1396 357
1395 358
1394 359
1394 360
1393 361
1393 362
1393 363
1392 364
1392 365
1391 366
1390 367
1390 368
1390 369
1390 370
1390 371
1390 372
1390 373
1390 374
1390 375
1390 376
1390 377
1390 378
1390 379
1390 380
1391 381
1391 382
1392 383
1392 384
1392 385
1392 386
1392 387
1393 388
1393 389
1394 390
1394 391
1394 392
1395 393
1395 394
1396 395
1396 396
1397 397
1397 398
1397 399
1398 400
1398 401
1399 401
1400 402
1401 402
1402 402
1403 402
1404 402
1405 402
1406 402
1407 402
1408 402
1409 402
1410 402
1411 402
1412 402
1413 402
1414 402
1415 402
1416 402
1417 402
1418 403
1419 403
1420 403
1421 403
1422 403
1423 403
1424 403
1425 403
1426 403
1427 403
1428 403
1429 403
1430 403
1431 403
1432 403
1433 403
1434 403
1435 403
1436 403
1437 402
1438 402
1439 402
1440 402
1441 401
1442 401
1443 401
1444 401
1445 401
1446 401
1447 401
1448 401
1449 401
1450 401
1451 401
1452 401
1453 401
1454 401
1455 401
1456 401
1457 400
1458 400
1459 400
1460 400
1461 399
1462 399
1463 399
1464 398
1465 398
1466 398
1467 398
1468 398
1469 398
1470 398
1471 397
1472 397
1473 396
1474 396
1475 396
1476 395
1477 395
1478 395
1479 394
1480 394
1481 394
1482 394
1483 394
1484 394
1485 394
1486 394
1487 394
1488 394
1489 393
1490 392
1491 391
1492 391
1493 390
1494 389
1495 388
1495 387
1496 386
1496 385
1496 384
1497 383
1498 382
1499 381
1500 380
1501 379
1501 378
1502 377
1502 376
1503 375
1503 374
1503 373
1503 372
1503 371
1503 370
1503 369
1503 368
1503 367
1503 366
1503 365
1502 364
1501 363
1500 362
1500 361
1499 361
1498 360
1497 359
1496 358
1495 357
1495 356
1494 356
1493 355
1492 354
1491 354
1490 353
1489 353
1488 352
1487 351
1486 351
1485 351
1484 351
1483 350
1482 350
1481 349
1480 348
1480 347
1479 346
1478 345
1477 344
1476 344
1475 343
1474 342
1473 341
1472 341
1471 340
1470 340
1469 339
1468 339
1467 339
1466 338
1465 338
1464 337
1463 337
1462 337
1461 337
1460 336
1459 336
1458 336
1457 335
1456 335
1455 335
1454 335
1453 335
1452 335
1451 335
1450 334
1449 334
1448 334
1447 333
1446 333
1445 333
1444 333
1443 333
1442 333
1441 333
1440 333
1439 333
