359 1990
358 1991
357 1991
356 1991
355 1991
354 1991
353 1991
352 1991
351 1991
350 1991
349 1991
348 1991
347 1991
346 1991
345 1991
344 1991
343 1991
342 1991
341 1991
340 1991
339 1991
338 1991
337 1991
336 1992
335 1992
334 1992
333 1993
332 1993
331 1994
330 1994
329 1994
328 1994
327 1994
326 1994
325 1994
324 1994
323 1994
322 1994
321 1994
320 1994
319 1994
318 1994
317 1994
316 1994
315 1994
314 1994
313 1994
312 1995
311 1995
310 1995
309 1995
308 1996
307 1996
306 1996
305 1996
304 1996
303 1996
302 1996
301 1997
300 1997
299 1998
298 1999
297 1999
296 1999
295 2000
294 2000
293 2001
292 2001
291 2001
290 2001
289 2001
288 2001
287 2001
286 2001
285 2001
284 2002
283 2002
282 2003
281 2003
280 2004
279 2005
279 2006
279 2007
279 2008
278 2009
277 2010
276 2011
275 2011
274 2011
273 2011
272 2011
271 2011
270 2012
269 2012
268 2013
267 2014
266 2015
265 2016
265 2017
264 2018
263 2019
263 2020
263 2021
263 2022
263 2023
263 2024
262 2025
262 2026
261 2027
261 2028
261 2029
261 2030
261 2031
261 2032
261 2033
262 2034
262 2035
262 2036
263 2037
263 2038
264 2039
265 2040
265 2041
266 2042
267 2043
267 2044
268 2045
269 2045
270 2046
271 2046
272 2046
273 2047
274 2047
275 2047
276 2048
277 2048
278 2048
279 2048
280 2049
281 2049
282 2049
283 2049
284 2050
285 2050
286 2050
287 2050
288 2050
289 2050
290 2050
291 2050
292 2050
293 2051
294 2051
295 2051
296 2051
297 2051
298 2051
299 2050
300 2050
301 2049
302 2049
303 2048
304 2048
305 2048
306 2048
307 2048
308 2048
309 2048
310 2048
311 2048
312 2048
313 2048
314 2048
315 2048
316 2048
317 2048
318 2048
319 2048
320 2048
321 2048
322 2048
323 2048
324 2048
325 2048
326 2048
327 2048
328 2048
329 2048
330 2048
331 2049
332 2049
333 2049
334 2049
335 2050
336 2050
337 2050
338 2050
339 2050
340 2050
341 2050
342 2050
343 2050
344 2050
345 2050
346 2051
347 2051
348 2051
349 2051
350 2051
351 2051
352 2051
353 2051
354 2051
355 2052
356 2052
357 2052
358 2052
359 2052
360 2052
361 2052
362 2052
363 2052
364 2052
365 2052
366 2052
367 2052
368 2052
369 2052
370 2052
371 2051
372 2051
373 2051
374 2051
375 2051
376 2051
377 2051
378 2051
379 2051
380 2051
381 2051
382 2051
383 2051
384 2051
385 2051
386 2051
387 2051
388 2050
389 2050
390 2049
391 2049
392 2048
393 2048
394 2048
395 2048
396 2048
397 2047
398 2047
399 2046
400 2045
401 2044
402 2043
403 2042
404 2041
405 2040
406 2039
407 2038
408 2037
408 2036
409 2035
409 2034
410 2033
410 2032
410 2031
411 2030
411 2029
411 2028
412 2027
412 2026
412 2025
412 2024
412 2023
412 2022
411 2021
411 2020
411 2019
410 2018
410 2017
410 2016
409 2015
409 2014
408 2013
407 2012
407 2011
406 2010
406 2009
405 2008
404 2007
403 2006
402 2006
401 2005
400 2005
399 2005
398 2005
397 2004
396 2004
395 2003
394 2002
393 2001
392 2000
391 1999
391 1998
390 1997
389 1997
388 1996
387 1996
386 1996
385 1996
384 1996
383 1996
382 1996
381 1996
380 1996
379 1995
378 1994
377 1994
376 1993
375 1992
374 1992
373 1991
372 1991
371 1991
370 1990
369 1990
368 1990
367 1990
366 1990
365 1990
364 1990
363 1990
362 1990
361 1990
360 1990
359 1990
