323 1660
322 1661
321 1661
320 1661
319 1661
318 1661
317 1661
316 1662
315 1662
314 1662
313 1663
312 1663
311 1663
310 1663
309 1663
308 1663
307 1663
306 1664
305 1664
304 1664
303 1664
302 1664
301 1664
300 1664
299 1664
298 1664
297 1664
296 1664
295 1664
294 1664
293 1664
292 1665
291 1665
290 1665
289 1665
288 1665
287 1665
286 1665
285 1666
284 1666
283 1666
282 1666
281 1666
280 1667
279 1667
278 1667
277 1668
276 1668
275 1668
274 1668
273 1668
272 1669
271 1669
270 1669
269 1669
268 1669
267 1669
266 1669
265 1670
264 1670
263 1670
262 1670
261 1670
260 1670
259 1670
258 1670
257 1670
256 1670
255 1670
254 1670
253 1670
252 1670
251 1670
250 1670
249 1670
248 1670
247 1670
246 1670
245 1670
244 1670
243 1670
242 1670
241 1670
240 1670
239 1670
238 1670
237 1670
236 1670
235 1670
234 1670
233 1670
232 1670
231 1670
230 1670
229 1670
228 1670
227 1670
226 1670
225 1670
224 1670
223 1670
222 1670
221 1671
220 1671
219 1671
218 1672
217 1672
216 1672
215 1673
214 1673
213 1672
212 1673
211 1673
210 1673
209 1673
208 1674
207 1674
206 1674
205 1674
204 1674
203 1675
202 1675
201 1676
200 1676
199 1677
198 1678
198 1679
198 1680
198 1681
198 1682
199 1683
200 1684
201 1685
202 1685
203 1686
204 1686
205 1686
206 1687
207 1687
208 1688
209 1688
210 1688
211 1688
212 1688
213 1689
214 1689
215 1689
216 1689
217 1689
218 1689
219 1690
220 1690
221 1690
222 1690
223 1691
224 1691
225 1691
226 1691
227 1691
228 1692
229 1692
230 1692
231 1693
232 1693
233 1693
234 1693
235 1693
236 1693
237 1693
238 1693
239 1694
240 1694
241 1694
242 1694
243 1695
244 1695
245 1695
246 1695
247 1695
248 1695
249 1695
250 1695
251 1695
252 1695
253 1695
254 1695
255 1696
256 1696
257 1696
258 1697
259 1697
260 1697
261 1698
262 1698
263 1698
264 1698
265 1698
266 1698
267 1698
268 1698
269 1698
270 1698
271 1698
272 1698
273 1698
274 1698
275 1697
276 1697
277 1696
278 1695
279 1695
280 1695
281 1695
282 1695
283 1695
284 1695
285 1695
286 1695
287 1695
288 1695
289 1695
290 1695
291 1695
292 1695
293 1695
294 1694
295 1693
296 1693
297 1693
298 1693
299 1693
300 1693
301 1693
302 1693
303 1693
304 1693
305 1693
306 1693
307 1693
308 1693
309 1693
310 1693
311 1693
312 1693
313 1693
314 1694
315 1695
316 1695
317 1695
318 1695
319 1695
320 1695
321 1695
322 1695
323 1695
324 1696
325 1696
326 1696
327 1696
328 1696
329 1696
330 1696
331 1696
332 1696
333 1696
334 1696
335 1696
336 1696
337 1695
338 1694
339 1693
340 1692
341 1691
342 1690
342 1689
342 1688
342 1687
342 1686
343 1685
343 1684
343 1683
344 1682
343 1681
344 1680
344 1679
344 1678
345 1677
346 1676
346 1675
346 1674
345 1673
344 1672
343 1671
342 1670
341 1669
340 1668
339 1667
338 1666
337 1665
336 1664
335 1663
334 1663
333 1663
332 1663
331 1662
330 1662
329 1662
328 1661
327 1661
326 1661
325 1661
324 1660
323 1660
