598 1556
597 1557
596 1557
595 1558
594 1558
593 1558
592 1559
591 1559
590 1559
589 1560
588 1560
587 1560
586 1560
585 1560
584 1561
583 1561
582 1562
581 1562
580 1562
579 1563
578 1563
577 1564
576 1565
575 1565
574 1566
573 1566
572 1566
571 1566
570 1566
569 1566
568 1566
567 1566
566 1566
565 1566
564 1566
563 1566
562 1566
561 1566
560 1566
559 1565
558 1565
557 1565
556 1565
555 1565
554 1565
553 1565
552 1565
551 1564
550 1564
549 1564
548 1563
547 1563
546 1562
545 1562
544 1562
543 1562
542 1562
541 1562
540 1562
539 1562
538 1562
537 1562
536 1562
535 1563
534 1564
533 1565
532 1566
531 1567
530 1568
529 1569
528 1570
527 1571
527 1572
526 1573
525 1574
524 1575
523 1575
522 1576
521 1576
520 1577
519 1578
518 1578
517 1579
516 1580
515 1581
514 1581
513 1581
512 1581
511 1582
510 1583
509 1583
508 1584
507 1584
506 1585
505 1585
504 1585
503 1586
502 1586
501 1586
500 1586
499 1587
498 1587
497 1588
496 1588
495 1589
494 1590
493 1591
492 1592
491 1593
491 1594
490 1595
489 1596
488 1597
488 1598
487 1599
487 1600
487 1601
488 1602
488 1603
488 1604
488 1605
488 1606
489 1607
489 1608
490 1609
490 1610
491 1611
492 1612
492 1613
493 1614
494 1614
495 1615
496 1615
497 1615
498 1616
499 1616
500 1616
501 1616
502 1616
503 1617
504 1618
505 1619
506 1620
507 1620
508 1621
509 1621
510 1621
511 1622
512 1622
513 1623
514 1623
515 1624
516 1624
517 1624
518 1625
519 1625
520 1625
521 1626
522 1626
523 1626
524 1627
525 1627
526 1627
527 1627
528 1628
529 1628
530 1628
531 1628
532 1629
533 1629
534 1630
535 1630
536 1631
537 1631
538 1631
539 1632
540 1632
541 1633
542 1633
543 1634
544 1634
545 1634
546 1635
547 1635
548 1636
549 1636
550 1637
551 1637
552 1637
553 1637
554 1637
555 1637
556 1637
557 1637
558 1637
559 1637
560 1637
561 1638
562 1638
563 1639
564 1640
565 1640
566 1640
567 1641
568 1640
569 1640
570 1640
571 1639
572 1639
573 1639
574 1639
575 1639
576 1639
577 1639
578 1639
579 1639
580 1639
581 1640
582 1640
583 1640
584 1641
585 1641
586 1641
587 1641
588 1641
589 1641
590 1641
591 1641
592 1641
593 1641
594 1641
595 1641
596 1641
597 1641
598 1641
599 1641
600 1641
601 1641
602 1641
603 1641
604 1641
605 1641
606 1641
607 1641
608 1640
609 1640
610 1640
611 1639
612 1639
613 1639
614 1639
615 1639
616 1638
617 1638
618 1638
619 1638
620 1637
621 1637
622 1637
623 1637
624 1636
625 1635
626 1635
627 1634
628 1633
629 1633
630 1632
631 1631
632 1630
633 1629
634 1628
635 1627
636 1626
637 1625
638 1625
639 1624
640 1623
640 1622
641 1621
641 1620
641 1619
642 1618
642 1617
642 1616
642 1615
642 1614
642 1613
642 1612
642 1611
643 1610
643 1609
643 1608
644 1607
644 1606
644 1605
644 1604
644 1603
644 1602
645 1601
645 1600
645 1599
645 1598
645 1597
644 1596
644 1595
644 1594
643 1593
642 1592
641 1591
640 1590
639 1589
638 1588
637 1587
636 1586
635 1585
634 1585
633 1584
632 1584
631 1584
630 1583
629 1582
628 1582
627 1581
626 1580
625 1580
624 1579
623 1579
622 1578
621 1578
620 1578
619 1577
618 1576
617 1575
616 1574
616 1573
617 1572
617 1571
617 1570
618 1569
617 1568
617 1567
617 1566
616 1565
616 1564
615 1563
614 1562
614 1561
613 1560
612 1559
611 1558
611 1557
610 1557
609 1556
608 1556
607 1556
606 1556
605 1556
604 1556
603 1556
602 1556
601 1556
600 1556
599 1556
598 1556
