953 877
952 878
951 878
950 878
949 878
948 879
947 880
946 880
945 880
944 881
943 881
942 881
941 881
940 881
939 881
938 881
937 881
936 880
935 880
934 880
933 880
932 880
931 880
930 881
929 882
928 882
928 883
927 884
926 884
926 885
925 886
924 886
924 887
923 888
922 888
922 889
921 890
920 890
920 891
919 892
918 892
918 893
917 894
916 894
916 895
915 896
914 896
914 897
913 898
912 899
911 900
910 901
910 902
910 903
910 904
909 905
909 906
908 907
908 908
907 909
906 910
906 911
905 912
904 912
904 913
903 914
902 914
902 915
901 916
900 916
900 917
899 918
898 919
898 920
897 921
897 922
896 923
896 924
896 925
896 926
895 927
895 928
894 929
894 930
894 931
893 932
892 933
892 934
892 935
892 936
891 937
891 938
890 939
890 940
889 941
889 942
888 943
888 944
887 945
887 946
887 947
887 948
887 949
887 950
887 951
887 952
887 953
887 954
887 955
887 956
887 957
887 958
887 959
887 960
887 961
887 962
887 963
887 964
888 965
888 966
889 967
889 968
890 969
890 970
891 971
891 972
892 973
892 974
893 975
893 976
894 977
894 978
895 979
896 980
896 981
896 982
897 983
897 984
897 985
897 986
897 987
897 988
897 989
897 990
896 991
896 992
895 993
895 994
894 995
893 996
892 997
892 998
891 999
890 1000
890 1001
889 1002
888 1003
887 1004
886 1005
886 1006
885 1007
885 1008
884 1009
884 1010
883 1011
883 1012
883 1013
883 1014
883 1015
883 1016
883 1017
883 1018
883 1019
883 1020
883 1021
883 1022
883 1023
883 1024
883 1025
883 1026
883 1027
883 1028
883 1029
883 1030
883 1031
883 1032
883 1033
883 1034
883 1035
883 1036
883 1037
883 1038
882 1039
882 1040
882 1041
882 1042
881 1043
881 1044
881 1045
881 1046
881 1047
881 1048
881 1049
881 1050
881 1051
881 1052
881 1053
881 1054
881 1055
881 1056
881 1057
881 1058
881 1059
881 1060
880 1061
880 1062
880 1063
880 1064
879 1065
879 1066
879 1067
879 1068
879 1069
879 1070
879 1071
879 1072
879 1073
879 1074
879 1075
879 1076
878 1077
878 1078
878 1079
878 1080
877 1081
877 1082
877 1083
877 1084
876 1085
876 1086
876 1087
876 1088
875 1089
875 1090
875 1091
875 1092
874 1093
874 1094
874 1095
874 1096
873 1097
873 1098
873 1099
873 1100
873 1101
873 1102
873 1103
873 1104
873 1105
873 1106
873 1107
873 1108
874 1109
874 1110
875 1111
875 1112
876 1113
876 1114
877 1115
877 1116
877 1117
877 1118
877 1119
877 1120
877 1121
877 1122
877 1123
877 1124
877 1125
877 1126
877 1127
877 1128
877 1129
877 1130
877 1131
877 1132
878 1133
878 1134
878 1135
878 1136
879 1137
879 1138
879 1139
879 1140
879 1141
879 1142
879 1143
879 1144
879 1145
879 1146
879 1147
879 1148
879 1149
879 1150
879 1151
879 1152
879 1153
879 1154
879 1155
879 1156
879 1157
879 1158
879 1159
879 1160
879 1161
879 1162
879 1163
879 1164
879 1165
879 1166
879 1167
879 1168
879 1169
879 1170
879 1171
879 1172
880 1173
880 1174
880 1175
880 1176
881 1177
881 1178
881 1179
881 1180
881 1181
881 1182
881 1183
881 1184
881 1185
881 1186
881 1187
881 1188
881 1189
881 1190
882 1191
882 1192
882 1193
882 1194
883 1195
883 1196
883 1197
883 1198
883 1199
883 1200
883 1201
883 1202
883 1203
883 1204
883 1205
883 1206
883 1207
883 1208
883 1209
883 1210
883 1211
883 1212
883 1213
883 1214
884 1215
884 1216
884 1217
884 1218
885 1219
885 1220
885 1221
885 1222
885 1223
885 1224
886 1225
886 1226
886 1227
886 1228
887 1229
887 1230
887 1231
887 1232
887 1233
887 1234
887 1235
887 1236
887 1237
887 1238
887 1239
887 1240
887 1241
887 1242
888 1243
888 1244
889 1245
890 1246
891 1247
892 1247
893 1248
894 1249
895 1249
896 1250
896 1251
897 1251
898 1252
898 1253
899 1253
900 1254
901 1255
902 1256
903 1257
904 1257
905 1258
906 1259
907 1259
908 1260
908 1261
909 1261
910 1262
910 1263
911 1263
912 1264
913 1265
914 1265
915 1266
916 1266
917 1265
918 1265
919 1264
920 1264
921 1263
922 1263
923 1262
924 1262
925 1261
926 1261
927 1260
928 1259
929 1259
929 1258
930 1257
931 1257
931 1256
932 1255
933 1255
934 1254
935 1253
936 1253
937 1252
938 1251
939 1250
940 1249
941 1249
942 1248
943 1247
944 1247
945 1246
946 1246
947 1246
948 1246
949 1246
950 1246
951 1246
952 1246
953 1246
954 1246
955 1246
956 1246
957 1246
958 1246
959 1246
960 1246
961 1246
962 1246
963 1246
964 1246
965 1246
966 1246
967 1246
968 1246
969 1245
970 1245
971 1245
972 1245
973 1244
974 1243
975 1243
976 1243
977 1242
978 1242
979 1242
980 1242
981 1242
982 1242
983 1241
984 1241
985 1241
986 1241
987 1240
988 1240
989 1240
990 1240
991 1240
992 1240
993 1240
994 1240
995 1240
996 1240
997 1240
998 1240
999 1240
1000 1240
1001 1240
1002 1240
1003 1240
1004 1240
1005 1240
1006 1240
1007 1240
1008 1240
1009 1240
1010 1240
1011 1240
1012 1240
1013 1239
1014 1239
1015 1239
1016 1239
1017 1238
1018 1238
1019 1237
1020 1237
1021 1237
1022 1237
1023 1236
1024 1236
1025 1236
1026 1236
1027 1236
1028 1236
1029 1236
1030 1236
1031 1236
1032 1236
1033 1236
1034 1236
1035 1236
1036 1236
1037 1236
1038 1236
1039 1236
1040 1236
1041 1236
1042 1236
1043 1236
1044 1236
1045 1236
1046 1236
1047 1236
1048 1236
1049 1236
1050 1236
1051 1236
1052 1236
1053 1236
1054 1236
1055 1236
1056 1236
1057 1236
1058 1236
1059 1236
1060 1236
1061 1236
1062 1236
1063 1236
1064 1236
1065 1236
1066 1236
1067 1236
1068 1236
1069 1236
1070 1236
1071 1235
1072 1235
1073 1235
1074 1235
1075 1234
1076 1234
1077 1233
1078 1233
1079 1233
1080 1233
1081 1232
1082 1232
1083 1231
1084 1231
1085 1231
1086 1231
1087 1230
1088 1230
1089 1230
1090 1230
1091 1230
1092 1230
1093 1230
1094 1230
1095 1230
1096 1230
1097 1230
1098 1230
1099 1230
1100 1230
1101 1230
1102 1230
1103 1230
1104 1230
1105 1230
1106 1230
1107 1230
1108 1230
1109 1230
1110 1230
1111 1230
1112 1230
1113 1230
1114 1230
1115 1230
1116 1230
1117 1230
1118 1230
1119 1230
1120 1230
1121 1230
1122 1230
1123 1230
1124 1230
1125 1230
1126 1230
1127 1231
1128 1231
1129 1231
1130 1231
1131 1232
1132 1232
1133 1232
1134 1232
1135 1232
1136 1232
1137 1232
1138 1232
1139 1232
1140 1232
1141 1232
1142 1232
1143 1233
1144 1233
1145 1233
1146 1233
1147 1234
1148 1234
1149 1234
1150 1234
1151 1234
1152 1234
1153 1234
1154 1234
1155 1234
1156 1234
1157 1234
1158 1234
1159 1234
1160 1234
1161 1234
1162 1234
1163 1235
1164 1235
1165 1235
1166 1235
1167 1236
1168 1236
1169 1236
1170 1236
1171 1236
1172 1236
1173 1236
1174 1236
1175 1236
1176 1236
1177 1236
1178 1236
1179 1236
1180 1236
1181 1236
1182 1236
1183 1236
1184 1236
1185 1236
1186 1236
1187 1236
1188 1236
1189 1236
1190 1236
1191 1236
1192 1236
1193 1236
1194 1236
1195 1236
1196 1236
1197 1236
1198 1236
1199 1235
1200 1235
1201 1235
1202 1235
1203 1234
1204 1233
1205 1232
1205 1231
1206 1230
1206 1229
1206 1228
1206 1227
1206 1226
1206 1225
1206 1224
1206 1223
1205 1222
1205 1221
1205 1220
1205 1219
1204 1218
1204 1217
1204 1216
1204 1215
1204 1214
1204 1213
1203 1212
1203 1211
1203 1210
1203 1209
1202 1208
1202 1207
1202 1206
1202 1205
1202 1204
1202 1203
1202 1202
1202 1201
1202 1200
1202 1199
1202 1198
1202 1197
1202 1196
1202 1195
1202 1194
1202 1193
1202 1192
1202 1191
1202 1190
1202 1189
1202 1188
1202 1187
1202 1186
1202 1185
1203 1184
1203 1183
1203 1182
1204 1181
1205 1180
1205 1179
1205 1178
1205 1177
1206 1176
1206 1175
1206 1174
1206 1173
1206 1172
1206 1171
1206 1170
1206 1169
1207 1168
1207 1167
1207 1166
1207 1165
1208 1164
1208 1163
1208 1162
1208 1161
1208 1160
1208 1159
1208 1158
1208 1157
1208 1156
1208 1155
1208 1154
1208 1153
1208 1152
1208 1151
1208 1150
1208 1149
1208 1148
1208 1147
1208 1146
1208 1145
1208 1144
1208 1143
1208 1142
1208 1141
1208 1140
1208 1139
1208 1138
1208 1137
1208 1136
1208 1135
1208 1134
1208 1133
1208 1132
1208 1131
1208 1130
1208 1129
1207 1128
1207 1127
1207 1126
1207 1125
1206 1124
1206 1123
1206 1122
1206 1121
1205 1120
1205 1119
1205 1118
1205 1117
1204 1116
1204 1115
1204 1114
1204 1113
1204 1112
1204 1111
1204 1110
1204 1109
1203 1108
1203 1107
1203 1106
1203 1105
1202 1104
1202 1103
1201 1102
1201 1101
1201 1100
1201 1099
1200 1098
1200 1097
1199 1096
1199 1095
1199 1094
1199 1093
1198 1092
1197 1091
1197 1090
1197 1089
1196 1088
1196 1087
1195 1086
1195 1085
1195 1084
1195 1083
1194 1082
1193 1081
1193 1080
1193 1079
1192 1078
1192 1077
1191 1076
1191 1075
1191 1074
1191 1073
1190 1072
1189 1071
1188 1070
1188 1069
1187 1068
1187 1067
1186 1066
1185 1065
1185 1064
1185 1063
1184 1062
1184 1061
1184 1060
1184 1059
1183 1058
1183 1057
1183 1056
1183 1055
1182 1054
1182 1053
1182 1052
1182 1051
1182 1050
1182 1049
1182 1048
1182 1047
1181 1046
1181 1045
1180 1044
1179 1043
1179 1042
1178 1042
1177 1041
1177 1040
1176 1040
1175 1039
1175 1038
1174 1038
1173 1037
1173 1036
1172 1036
1171 1035
1171 1034
1170 1033
1169 1032
1169 1031
1168 1030
1167 1029
1166 1028
1165 1027
1164 1026
1163 1025
1162 1024
1161 1024
1160 1023
1159 1022
1158 1022
1157 1021
1157 1020
1156 1020
1155 1019
1155 1018
1154 1017
1153 1016
1153 1015
1152 1014
1151 1013
1151 1012
1151 1011
1150 1010
1150 1009
1150 1008
1150 1007
1150 1006
1150 1005
1149 1004
1149 1003
1148 1002
1147 1001
1147 1000
1146 999
1145 998
1145 997
1144 996
1143 995
1142 994
1141 993
1141 992
1140 992
1139 991
1138 990
1137 989
1136 988
1135 988
1134 987
1133 987
1132 986
1131 985
1130 984
1129 984
1128 984
1127 983
1126 982
1125 982
1124 981
1123 981
1122 980
1121 979
1120 978
1119 978
1118 977
1117 976
1116 976
1115 975
1115 974
1114 974
1113 973
1112 972
1111 971
1110 970
1109 970
1108 969
1107 968
1106 968
1105 967
1104 966
1103 965
1102 964
1101 964
1100 963
1099 962
1098 962
1097 961
1096 960
1095 959
1094 958
1093 958
1092 957
1091 956
1090 956
1089 955
1089 954
1088 954
1087 953
1087 952
1086 952
1085 951
1085 950
1084 950
1083 949
1083 948
1082 948
1081 947
1081 946
1080 946
1079 945
1079 944
1078 944
1077 943
1077 942
1076 942
1075 941
1074 940
1073 939
1072 938
1071 938
1070 937
1069 936
1068 936
1067 935
1067 934
1066 934
1065 933
1065 932
1064 932
1063 931
1063 930
1062 930
1061 929
1060 928
1059 927
1058 926
1057 926
1056 925
1055 924
1054 924
1053 923
1052 922
1051 921
1050 920
1049 920
1048 920
1047 919
1046 918
1045 918
1044 918
1043 918
1042 917
1041 917
1040 916
1039 916
1038 915
1037 915
1036 914
1035 914
1034 913
1033 913
1032 912
1031 912
1030 912
1029 912
1028 911
1027 911
1026 911
1025 911
1024 910
1023 910
1022 910
1021 910
1020 909
1019 909
1018 909
1017 909
1016 909
1015 909
1014 909
1013 909
1012 909
1011 909
1010 908
1009 908
1008 908
1007 908
1006 907
1005 907
1004 907
1003 907
1002 907
1001 907
1000 907
999 907
998 906
997 906
996 906
995 906
994 905
993 905
992 905
991 905
990 904
989 904
988 903
987 903
986 902
985 901
984 900
983 900
982 899
981 898
981 897
980 896
979 895
979 894
979 893
978 892
978 891
978 890
978 889
977 888
977 887
976 886
975 885
974 884
973 884
972 883
971 882
970 882
969 881
969 880
968 880
967 879
966 878
965 878
964 877
963 877
962 877
961 877
960 877
959 877
958 877
957 877
956 877
955 877
954 877
953 877
