467 26
466 27
465 27
464 27
463 27
462 27
461 28
460 28
459 28
458 29
457 29
456 29
455 30
454 30
453 31
452 31
451 31
450 31
449 32
448 32
447 32
446 32
445 33
444 33
443 34
442 34
441 34
440 35
439 36
438 36
437 36
436 37
435 37
434 38
433 39
432 40
431 41
430 42
429 43
428 44
427 45
426 46
425 47
424 48
423 49
422 49
421 50
420 51
421 52
421 53
422 54
423 54
424 54
425 55
426 55
427 55
428 55
429 55
430 55
431 55
432 55
433 55
434 55
435 55
436 55
437 55
438 55
439 56
440 56
441 56
442 56
443 56
444 56
445 57
446 57
447 57
448 57
449 57
450 57
451 58
452 58
453 59
454 59
455 59
456 59
457 58
458 57
459 57
460 57
461 58
462 58
463 59
464 59
465 59
466 59
467 59
468 58
469 58
470 58
471 58
472 59
473 59
474 59
475 59
476 59
477 59
478 59
479 58
480 58
481 57
482 57
482 56
483 55
483 54
483 53
483 52
483 51
483 50
483 49
483 48
483 47
483 46
483 45
482 44
482 43
482 42
481 41
481 40
480 39
480 38
479 37
478 37
477 36
476 36
475 35
474 34
473 33
472 32
471 31
471 30
470 29
469 28
469 27
468 26
467 26
