435 370
434 371
433 372
432 372
431 373
430 373
429 374
428 374
427 374
426 375
425 375
424 375
423 376
422 376
421 376
420 376
419 376
418 376
417 377
416 377
415 378
414 378
413 379
412 379
411 380
410 380
409 381
408 381
407 381
406 381
405 381
404 382
403 382
402 383
401 382
400 383
399 383
398 383
397 384
396 384
395 384
394 384
393 384
392 384
391 384
390 385
389 386
389 387
389 388
389 389
390 390
390 391
391 392
392 393
393 394
394 395
394 396
395 397
395 398
396 398
397 399
398 399
399 399
400 400
401 399
402 400
403 400
404 400
405 401
406 401
407 402
408 402
409 402
410 402
411 402
412 402
413 402
414 403
415 403
416 404
417 405
418 405
419 406
420 407
421 408
422 409
423 410
424 410
425 411
426 411
427 412
428 412
429 412
430 412
431 412
432 413
433 413
434 413
435 414
436 414
437 415
438 415
439 416
440 416
441 416
442 416
443 416
444 416
445 416
446 416
447 416
448 416
449 416
450 415
451 415
452 414
453 413
454 412
455 411
455 410
456 409
456 408
457 407
457 406
457 405
458 404
458 403
458 402
459 401
460 401
461 400
462 399
463 398
464 397
465 396
466 395
466 394
466 393
466 392
466 391
465 390
464 389
464 388
463 387
462 386
461 385
461 384
461 383
460 382
459 382
458 381
457 381
456 380
456 379
455 378
454 378
453 377
452 377
451 377
450 377
449 377
448 377
447 376
446 375
445 374
444 373
443 372
442 371
441 371
440 371
439 370
438 370
437 370
436 370
435 370
