341 1845
340 1846
339 1846
338 1847
337 1847
336 1847
335 1847
334 1848
333 1848
332 1849
331 1849
330 1850
329 1850
328 1850
327 1851
326 1851
325 1852
324 1852
323 1852
322 1852
321 1852
320 1852
319 1853
318 1853
317 1853
316 1853
316 1854
316 1855
316 1856
316 1857
316 1858
316 1859
316 1860
317 1860
318 1861
319 1861
320 1861
321 1862
321 1863
321 1864
321 1865
321 1866
322 1867
322 1868
322 1869
322 1870
322 1871
322 1872
323 1873
324 1874
325 1875
326 1876
327 1876
328 1877
329 1877
330 1878
331 1879
332 1879
333 1880
334 1880
335 1880
336 1881
336 1882
336 1883
336 1884
337 1884
338 1885
339 1886
340 1886
341 1887
342 1887
343 1888
344 1888
345 1888
346 1888
347 1888
348 1888
349 1888
350 1888
351 1888
352 1889
353 1889
354 1890
355 1890
356 1890
357 1890
358 1890
359 1889
360 1889
361 1888
362 1887
362 1886
363 1885
364 1884
365 1883
366 1882
367 1881
367 1880
368 1879
368 1878
369 1877
369 1876
370 1875
370 1874
370 1873
371 1872
371 1871
372 1870
372 1869
372 1868
372 1867
372 1866
372 1865
372 1864
372 1863
372 1862
372 1861
372 1860
371 1859
371 1858
371 1857
371 1856
370 1855
370 1854
370 1853
369 1852
369 1851
368 1850
367 1850
366 1850
365 1850
364 1850
363 1850
362 1849
361 1849
360 1849
359 1848
358 1848
357 1847
356 1847
355 1847
354 1846
353 1846
352 1846
351 1846
350 1845
349 1845
348 1845
347 1845
346 1845
345 1845
344 1845
343 1845
342 1845
341 1845
