750 79
749 80
748 81
747 81
746 81
745 81
744 81
743 81
742 81
741 82
740 82
739 82
738 83
737 83
736 83
735 84
734 84
733 84
732 85
731 85
730 86
729 87
728 88
727 88
726 89
725 89
724 90
724 91
724 92
724 93
724 94
724 95
724 96
723 97
723 98
723 99
722 100
722 101
721 102
721 103
721 104
721 105
721 106
721 107
721 108
721 109
721 110
722 111
722 112
723 113
724 114
725 115
726 116
727 117
728 117
729 118
730 119
731 119
732 120
733 121
734 121
735 122
736 122
737 123
738 123
739 124
740 125
741 125
742 125
743 126
744 127
745 128
746 129
747 130
748 131
749 132
750 133
751 133
752 134
753 134
754 135
755 135
756 135
757 135
758 135
759 135
760 135
761 135
762 135
763 135
764 136
765 136
766 136
767 136
768 136
769 136
770 136
771 136
772 135
773 135
774 135
775 135
776 135
777 135
778 135
779 134
780 134
781 134
782 134
783 134
784 134
785 134
786 134
787 134
788 134
789 134
790 133
791 133
792 133
793 133
794 133
795 133
796 133
797 133
798 133
799 133
800 132
801 132
802 132
803 132
804 132
805 132
806 131
807 131
808 131
809 131
810 131
811 131
812 131
813 131
814 131
815 131
816 131
817 131
818 130
819 130
820 130
821 130
822 129
823 129
823 128
824 127
825 126
826 126
827 125
828 124
829 124
830 123
831 123
832 123
833 122
834 122
835 121
836 121
837 120
838 119
839 118
840 118
841 117
842 116
843 115
844 114
845 114
846 113
847 113
848 113
849 113
850 112
851 112
852 111
853 111
852 110
852 109
852 108
852 107
852 106
852 105
851 105
850 104
849 103
848 103
847 102
846 101
845 100
844 99
844 98
843 97
842 96
841 96
840 95
839 95
838 95
837 95
836 95
835 95
834 95
833 95
832 95
831 95
830 95
829 95
828 95
827 94
826 94
825 93
824 93
823 93
822 93
821 92
820 92
819 92
818 91
817 91
816 90
815 90
814 90
813 90
812 89
811 89
810 88
809 87
808 87
807 86
806 86
805 86
804 85
803 84
802 83
801 82
800 82
799 82
798 82
797 82
796 82
795 83
794 84
793 85
792 86
791 86
790 86
789 86
788 86
787 86
786 85
785 84
784 83
783 82
782 82
781 81
780 82
779 82
778 82
777 83
776 83
775 83
774 83
773 83
772 83
771 83
770 83
769 82
768 82
767 81
766 80
765 80
764 79
763 79
762 79
761 79
760 79
759 79
758 79
757 79
756 79
755 79
754 79
753 79
752 79
751 79
750 79
