1290 294
1289 295
1288 295
1287 295
1286 295
1285 296
1284 296
1283 297
1282 297
1281 297
1280 297
1279 298
1278 299
1277 299
1276 299
1275 299
1274 299
1273 298
1272 298
1271 298
1270 299
1269 299
1268 299
1267 299
1266 298
1265 298
1264 297
1263 297
1262 297
1261 297
1260 297
1259 297
1258 297
1257 297
1256 297
1255 297
1254 297
1253 297
1252 297
1251 297
1250 297
1249 297
1248 297
1247 297
1246 297
1245 297
1244 297
1243 298
1242 298
1241 299
1240 299
1239 299
1238 299
1237 299
1236 299
1235 299
1234 299
1233 300
1232 300
1231 300
1230 300
1229 300
1228 299
1227 299
1226 298
1225 298
1224 299
1223 300
1222 300
1221 301
1220 301
1219 301
1218 301
1217 301
1216 301
1215 301
1214 301
1213 301
1212 301
1211 301
1210 301
1209 301
1208 301
1207 301
1206 301
1205 301
1204 302
1203 302
1202 302
1201 302
1200 302
1199 302
1198 302
1197 302
1196 302
1195 302
1194 302
1193 303
1192 303
1191 303
1190 304
1189 304
1188 304
1187 304
1186 304
1185 304
1184 304
1183 304
1182 304
1181 304
1180 304
1179 304
1178 304
1178 305
1178 306
1178 307
1178 308
1178 309
1178 310
1178 311
1179 312
1180 312
1181 313
1182 312
1183 313
1184 313
1185 313
1186 314
1187 315
1188 315
1189 315
1190 315
1191 315
1192 315
1193 315
1194 315
1195 315
1196 315
1197 316
1198 316
1199 316
1200 316
1201 316
1202 316
1203 317
1204 317
1205 317
1206 317
1207 318
1208 318
1209 318
1210 319
1211 319
1212 319
1213 319
1214 319
1215 320
1216 320
1217 321
1218 321
1219 322
1220 322
1221 323
1222 323
1223 324
1224 323
1225 323
1226 322
1227 322
1228 322
1229 322
1230 322
1231 322
1232 322
1233 322
1234 322
1235 322
1236 322
1237 322
1238 322
1239 322
1240 322
1241 323
1242 323
1243 324
1244 324
1245 325
1246 325
1247 325
1248 326
1249 326
1250 327
1251 328
1252 328
1253 328
1254 328
1255 328
1256 328
1257 328
1258 328
1259 328
1260 328
1261 329
1262 329
1263 329
1264 329
1265 329
1266 329
1267 329
1268 329
1269 329
1270 329
1271 330
1272 330
1273 331
1274 330
1275 331
1276 331
1277 331
1278 331
1279 332
1280 332
1281 332
1282 333
1283 333
1284 333
1285 333
1286 333
1287 333
1288 333
1289 333
1290 333
1291 333
1292 333
1293 333
1294 333
1295 333
1296 333
1297 334
1298 334
1299 333
1300 333
1301 332
1302 332
1303 331
1304 331
1305 330
1306 330
1307 330
1308 330
1309 330
1310 330
1311 330
1312 330
1313 329
1314 329
1315 328
1316 327
1317 327
1318 326
1319 326
1320 326
1321 326
1322 326
1323 326
1324 326
1325 326
1326 326
1327 326
1328 326
1329 326
1330 326
1331 326
1332 326
1333 326
1334 326
1335 326
1336 327
1337 327
1338 327
1339 327
1340 328
1341 328
1342 328
1343 329
1344 329
1345 329
1346 329
1347 329
1348 329
1349 329
1350 329
1351 329
1352 329
1353 329
1354 329
1355 329
1356 328
1357 328
1358 327
1359 326
1360 325
1360 324
1360 323
1360 322
1361 321
1362 320
1363 319
1364 318
1365 318
1366 317
1366 316
1367 315
1367 314
1367 313
1367 312
1367 311
1367 310
1367 309
1367 308
1368 307
1368 306
1367 305
1367 304
1366 303
1365 302
1364 302
1363 301
1362 301
1361 301
1360 301
1359 301
1358 301
1357 301
1356 301
1355 301
1354 301
1353 301
1352 301
1351 301
1350 302
1349 302
1348 302
1347 302
1346 302
1345 302
1344 303
1343 303
1342 303
1341 304
1340 304
1339 304
1338 304
1337 303
1336 302
1335 301
1334 300
1333 300
1332 299
1331 299
1330 299
1329 298
1328 298
1327 297
1326 297
1325 297
1324 297
1323 297
1322 297
1321 297
1320 297
1319 297
1318 297
1317 297
1316 296
1315 295
1314 295
1313 295
1312 295
1311 295
1310 295
1309 295
1308 295
1307 295
1306 295
1305 295
1304 295
1303 295
1302 295
1301 295
1300 295
1299 295
1298 295
1297 295
1296 294
1295 294
1294 294
1293 294
1292 294
1291 294
1290 294
