856 342
855 343
854 343
853 343
852 343
851 343
850 343
849 344
848 344
847 345
846 345
845 346
844 347
843 347
842 347
841 348
840 349
839 349
838 349
837 349
836 349
835 348
834 348
833 348
832 348
831 348
830 349
829 349
828 349
827 350
826 350
825 351
824 351
823 352
822 352
821 352
820 352
819 353
818 354
818 355
818 356
819 357
819 358
820 359
820 360
820 361
821 362
821 363
821 364
822 365
823 366
823 367
824 368
824 369
824 370
825 371
826 372
827 373
828 374
829 375
830 376
830 377
831 378
832 379
832 380
833 381
834 382
834 383
835 384
836 385
836 386
836 387
837 388
837 389
837 390
838 391
839 392
839 393
840 394
840 395
841 396
842 397
843 398
844 399
844 400
845 401
846 402
847 403
848 403
849 404
850 404
851 404
852 405
853 406
854 407
854 408
855 409
855 410
855 411
856 412
857 413
858 414
859 415
860 416
860 417
861 418
862 419
863 420
864 421
864 422
865 423
865 424
866 425
866 426
867 427
868 428
869 429
870 430
871 430
872 431
873 431
874 432
875 432
876 433
877 433
878 433
879 433
880 433
881 434
882 434
883 434
884 435
885 435
886 435
887 435
888 435
889 435
890 435
891 435
892 435
893 435
894 435
895 435
896 434
897 434
898 433
899 433
900 432
901 432
902 431
903 431
904 430
905 430
906 430
907 430
908 430
908 429
909 428
910 427
910 426
910 425
911 424
911 423
911 422
912 421
912 420
913 419
914 418
915 417
916 416
917 416
918 416
919 415
920 415
921 415
922 415
923 415
924 415
925 415
926 415
927 415
928 415
929 415
930 415
931 415
932 415
933 415
934 415
935 415
936 415
937 415
938 415
939 416
940 416
941 416
942 417
943 417
944 417
945 417
946 417
947 417
948 417
949 417
950 417
951 417
952 417
953 417
954 417
955 417
956 416
957 416
958 416
959 415
960 415
961 415
962 415
963 414
964 414
965 414
966 414
967 414
968 414
969 414
970 413
971 413
972 412
973 412
974 411
975 410
976 409
977 408
977 407
978 406
979 405
980 404
981 403
982 402
983 401
984 400
984 399
985 398
985 397
985 396
985 395
985 394
986 393
986 392
986 391
986 390
986 389
986 388
986 387
986 386
986 385
986 384
986 383
985 382
985 381
985 380
984 379
983 378
982 377
981 376
980 375
979 374
979 373
978 372
978 371
978 370
977 369
976 368
975 367
974 366
973 365
972 364
971 363
970 362
969 361
968 360
967 359
966 358
965 358
964 357
963 356
962 355
961 355
960 354
959 354
958 354
957 354
956 353
955 353
954 353
953 352
952 352
951 351
950 351
949 351
948 351
947 351
946 350
945 350
944 350
943 349
942 349
941 349
940 349
939 349
938 349
937 349
936 348
935 348
934 348
933 348
932 348
931 348
930 348
929 348
928 348
927 348
926 348
925 348
924 348
923 348
922 348
921 348
920 348
919 348
918 348
917 348
916 348
915 348
914 348
913 348
912 348
911 347
910 347
909 347
908 347
907 347
906 347
905 347
904 347
903 347
902 347
901 347
900 347
899 346
898 346
897 346
896 346
895 346
894 346
893 346
892 345
891 345
890 345
889 344
888 344
887 344
886 344
885 344
884 344
883 344
882 344
881 344
880 344
879 344
878 344
877 343
876 343
875 343
874 343
873 343
872 343
871 342
870 342
869 342
868 342
867 342
866 342
865 342
864 342
863 342
862 342
861 342
860 342
859 342
858 342
857 342
856 342
