73 567
72 568
71 568
70 568
69 568
68 569
67 569
66 570
65 570
64 571
63 571
62 572
61 572
60 573
59 573
58 574
57 575
56 576
55 576
54 576
53 577
52 577
51 578
50 578
50 579
49 580
49 581
49 582
48 583
48 584
48 585
47 586
47 587
46 588
45 589
44 590
44 591
44 592
44 593
44 594
44 595
45 596
45 597
46 597
47 597
48 597
49 597
50 598
51 597
52 597
53 597
54 597
55 597
56 597
57 597
58 597
59 597
60 597
61 597
62 597
63 597
64 597
65 597
66 597
67 597
68 597
69 597
70 597
71 597
72 597
73 597
74 597
75 597
76 597
77 597
78 597
79 597
80 597
81 596
82 596
83 596
84 596
85 596
86 596
87 596
88 596
89 596
90 596
91 596
92 596
93 596
94 596
95 597
96 597
97 597
98 597
99 597
100 597
101 597
102 597
103 597
104 597
105 597
106 597
107 597
108 597
109 597
110 597
111 597
112 597
113 597
114 597
115 596
116 596
117 595
118 595
119 595
120 595
121 595
122 595
123 595
124 595
125 595
126 595
127 594
128 593
129 593
130 593
131 593
132 593
133 593
134 593
135 594
136 594
137 594
138 593
139 593
140 592
141 592
142 592
143 592
144 591
145 592
146 592
147 592
148 593
149 593
150 593
151 593
152 592
153 592
154 591
155 591
156 590
157 590
158 589
158 588
159 587
159 586
159 585
159 584
158 583
157 582
156 581
155 580
154 580
153 579
152 578
151 578
150 577
149 576
148 576
147 576
146 575
145 575
144 575
143 575
142 574
141 574
140 574
139 574
138 574
137 573
136 573
135 573
134 572
133 572
132 572
131 572
130 571
129 571
128 571
127 571
126 571
125 570
124 570
123 570
122 570
121 570
120 569
119 569
118 569
117 569
116 569
115 569
114 568
113 568
112 568
111 568
110 567
109 567
108 567
107 567
106 567
105 567
104 567
103 568
102 568
101 568
100 568
99 568
98 568
97 567
96 567
95 567
94 567
93 567
92 567
91 567
90 567
89 567
88 567
87 567
86 567
85 567
84 567
83 567
82 567
81 567
80 567
79 567
78 567
77 567
76 567
75 567
74 567
73 567
