721 1837
720 1838
719 1838
718 1838
717 1839
716 1839
715 1840
714 1840
713 1840
712 1840
711 1840
710 1839
709 1839
708 1839
707 1839
706 1839
705 1840
704 1840
703 1840
702 1840
701 1840
700 1840
699 1840
698 1841
697 1841
696 1842
695 1842
694 1842
693 1842
692 1842
691 1842
690 1843
689 1843
688 1843
687 1844
686 1845
685 1845
684 1846
683 1846
682 1846
681 1847
680 1847
680 1848
679 1849
679 1850
679 1851
678 1852
678 1853
678 1854
678 1855
678 1856
678 1857
678 1858
679 1859
680 1860
681 1861
682 1862
683 1862
684 1863
685 1864
686 1865
687 1866
688 1866
689 1866
690 1866
691 1867
692 1867
693 1867
694 1868
695 1868
696 1868
697 1869
698 1869
699 1870
700 1870
701 1870
702 1870
703 1870
704 1871
705 1871
706 1872
707 1872
708 1872
709 1872
710 1872
711 1872
712 1872
713 1872
714 1871
715 1871
716 1870
717 1870
718 1870
719 1870
720 1870
721 1870
722 1870
723 1870
724 1870
725 1870
726 1870
727 1870
728 1870
729 1870
730 1870
731 1870
732 1870
733 1870
734 1870
735 1870
736 1871
737 1871
738 1871
739 1871
740 1871
741 1871
742 1871
743 1871
744 1871
745 1871
746 1871
747 1871
748 1871
749 1871
750 1871
751 1871
752 1872
753 1872
754 1872
755 1872
756 1872
757 1872
758 1872
759 1872
760 1872
761 1872
762 1872
763 1872
764 1872
765 1871
766 1871
767 1871
768 1871
769 1871
770 1871
771 1871
772 1871
773 1870
774 1869
775 1869
775 1868
776 1867
776 1866
776 1865
777 1864
777 1863
777 1862
778 1861
777 1860
777 1859
776 1858
775 1857
774 1856
774 1855
773 1854
772 1853
771 1852
770 1852
769 1851
768 1851
767 1851
766 1851
765 1851
764 1851
763 1851
762 1851
761 1850
760 1850
759 1850
758 1849
757 1849
756 1849
755 1848
754 1848
753 1847
752 1847
751 1846
750 1846
749 1846
748 1846
747 1845
746 1845
745 1844
744 1844
743 1844
742 1844
741 1843
740 1843
739 1843
738 1842
737 1842
736 1841
735 1841
734 1840
733 1840
732 1840
731 1840
730 1839
729 1839
728 1839
727 1839
726 1838
725 1838
724 1838
723 1837
722 1837
721 1837
