281 1475
280 1476
279 1476
278 1476
277 1477
276 1477
275 1477
274 1477
273 1477
272 1478
271 1478
270 1479
269 1480
268 1480
267 1480
266 1480
265 1480
264 1480
263 1480
262 1481
261 1481
260 1481
259 1482
258 1482
257 1482
256 1482
255 1482
254 1482
253 1482
252 1482
251 1482
250 1482
249 1482
248 1482
247 1482
246 1482
245 1482
244 1482
243 1482
242 1483
241 1483
240 1483
239 1483
238 1483
237 1484
236 1485
235 1485
234 1485
233 1486
232 1486
231 1486
230 1487
229 1487
228 1487
227 1488
226 1488
225 1488
224 1489
223 1489
222 1489
221 1490
220 1490
219 1491
218 1492
217 1492
216 1493
215 1493
214 1493
213 1494
212 1495
211 1496
210 1497
210 1498
209 1499
209 1500
209 1501
209 1502
208 1503
207 1504
206 1505
205 1506
204 1506
203 1506
202 1506
201 1507
200 1507
199 1508
198 1508
197 1509
196 1509
195 1509
194 1510
193 1510
192 1510
191 1510
190 1510
189 1510
188 1510
187 1511
186 1511
185 1511
184 1511
183 1511
182 1511
181 1512
180 1512
179 1512
178 1513
177 1513
176 1513
175 1514
174 1515
173 1516
172 1517
171 1518
170 1518
169 1519
169 1520
168 1521
167 1521
166 1522
165 1523
164 1523
163 1524
162 1525
161 1526
160 1526
159 1527
158 1528
157 1529
156 1530
155 1531
154 1532
153 1533
152 1534
151 1534
150 1535
149 1536
148 1537
147 1538
146 1538
145 1539
144 1540
143 1540
142 1541
141 1542
140 1542
139 1543
138 1544
137 1544
136 1545
135 1546
134 1546
133 1547
132 1548
131 1549
130 1550
129 1551
128 1552
128 1553
128 1554
127 1555
127 1556
126 1557
126 1558
125 1559
124 1560
123 1561
123 1562
122 1563
123 1564
123 1565
124 1566
125 1567
126 1568
127 1568
128 1569
129 1570
130 1570
131 1571
132 1571
133 1572
134 1572
135 1572
136 1573
137 1573
138 1574
139 1575
140 1576
141 1576
142 1577
143 1578
144 1578
145 1578
146 1579
147 1579
148 1579
149 1580
150 1581
151 1581
152 1582
153 1582
154 1582
155 1583
156 1583
157 1584
158 1584
159 1584
160 1585
161 1585
162 1585
163 1586
164 1586
165 1586
166 1586
167 1587
168 1587
169 1588
170 1588
171 1588
172 1588
173 1588
174 1588
175 1588
176 1588
177 1588
178 1588
179 1588
180 1588
181 1588
182 1588
183 1588
184 1588
185 1588
186 1588
187 1588
188 1588
189 1589
190 1589
191 1589
192 1590
193 1590
194 1589
195 1589
196 1589
197 1588
198 1588
199 1588
200 1588
201 1587
202 1587
203 1588
204 1588
205 1588
206 1588
207 1588
208 1588
209 1588
210 1587
211 1587
212 1587
213 1587
214 1587
215 1587
216 1587
217 1587
218 1587
219 1587
220 1587
221 1587
222 1587
223 1587
224 1586
225 1585
226 1584
227 1584
228 1584
229 1583
230 1583
231 1583
232 1583
233 1583
234 1583
235 1583
236 1583
237 1584
238 1583
239 1583
240 1583
241 1583
242 1582
243 1582
244 1582
245 1582
246 1582
247 1582
248 1582
249 1582
250 1583
251 1583
252 1583
253 1583
254 1584
255 1584
256 1584
257 1585
258 1585
259 1585
260 1586
261 1586
262 1586
263 1586
264 1586
265 1586
266 1586
267 1585
268 1584
269 1583
270 1583
271 1582
272 1582
273 1582
274 1582
275 1582
276 1582
277 1582
278 1582
279 1582
280 1582
281 1582
282 1582
283 1582
284 1582
285 1582
286 1582
287 1582
288 1582
289 1582
290 1582
291 1582
292 1582
293 1582
294 1582
295 1582
296 1582
297 1582
298 1582
299 1581
300 1581
301 1581
302 1580
303 1580
304 1580
305 1580
306 1580
307 1580
308 1580
309 1580
310 1580
311 1580
312 1580
313 1580
314 1580
315 1580
316 1580
317 1580
318 1580
319 1580
320 1580
321 1580
322 1580
323 1580
324 1580
325 1580
326 1580
327 1579
328 1579
329 1579
330 1579
331 1579
332 1579
333 1579
334 1579
335 1579
336 1579
337 1579
338 1579
339 1579
340 1579
341 1579
342 1579
343 1578
344 1578
345 1578
346 1577
347 1577
348 1577
349 1577
350 1577
351 1577
352 1577
353 1577
354 1577
355 1577
356 1577
357 1576
358 1575
359 1575
360 1575
361 1574
362 1574
363 1574
364 1573
365 1573
366 1573
367 1572
368 1571
369 1570
370 1569
370 1568
371 1567
371 1566
371 1565
371 1564
371 1563
371 1562
372 1561
372 1560
373 1559
374 1558
375 1557
375 1556
376 1555
376 1554
377 1553
377 1552
377 1551
377 1550
378 1549
378 1548
378 1547
378 1546
378 1545
378 1544
377 1543
377 1542
376 1541
375 1540
375 1539
374 1538
373 1537
373 1536
372 1535
371 1534
370 1533
370 1532
369 1531
368 1530
367 1529
366 1528
365 1527
364 1526
363 1525
362 1524
361 1523
360 1522
359 1521
358 1520
357 1519
356 1518
355 1517
354 1516
353 1515
352 1514
351 1513
350 1512
349 1511
348 1510
347 1510
346 1510
345 1510
344 1509
343 1509
342 1508
341 1507
340 1507
339 1506
338 1505
337 1505
336 1504
335 1504
334 1503
333 1502
332 1501
331 1500
330 1499
329 1498
328 1497
327 1497
326 1496
325 1495
324 1494
323 1493
322 1492
321 1491
320 1491
319 1490
318 1490
317 1490
316 1489
315 1489
314 1488
313 1487
312 1486
311 1485
310 1484
309 1483
308 1482
308 1481
307 1480
306 1479
305 1478
304 1478
303 1477
302 1477
301 1477
300 1477
299 1476
298 1476
297 1476
296 1475
295 1475
294 1475
293 1475
292 1475
291 1475
290 1475
289 1475
288 1475
287 1475
286 1475
285 1475
284 1475
283 1475
282 1475
281 1475
