777 1307
776 1308
775 1308
774 1309
773 1310
772 1310
771 1311
770 1311
769 1311
768 1312
767 1312
766 1312
765 1312
764 1312
763 1312
762 1312
761 1312
760 1312
759 1312
758 1313
757 1313
756 1313
755 1313
754 1314
753 1314
752 1314
751 1314
750 1314
749 1314
748 1315
747 1315
746 1315
745 1316
744 1316
743 1316
742 1316
741 1316
740 1317
739 1318
738 1319
737 1319
736 1320
735 1320
734 1321
733 1321
732 1321
731 1320
730 1321
729 1321
728 1322
727 1323
726 1324
725 1325
724 1326
724 1327
725 1328
725 1329
726 1330
727 1331
728 1331
729 1332
730 1333
731 1333
732 1333
733 1334
734 1334
735 1335
736 1335
737 1336
738 1336
739 1337
740 1338
741 1338
742 1338
743 1339
744 1339
745 1340
746 1341
747 1342
748 1342
749 1342
750 1343
751 1343
752 1343
753 1343
754 1343
755 1343
756 1343
757 1344
758 1345
759 1346
760 1347
761 1348
762 1348
763 1349
764 1350
765 1350
766 1350
767 1351
768 1351
769 1351
770 1352
771 1352
772 1353
773 1354
774 1354
775 1355
776 1356
777 1356
778 1357
779 1358
780 1358
781 1358
782 1359
783 1359
784 1359
785 1359
786 1359
787 1359
788 1359
789 1360
790 1361
791 1361
792 1362
793 1362
794 1362
795 1362
796 1362
797 1362
798 1362
799 1362
800 1362
801 1362
802 1362
803 1362
804 1362
805 1362
806 1362
807 1361
808 1361
809 1360
810 1360
811 1359
812 1358
813 1357
814 1356
815 1355
816 1354
817 1353
818 1352
818 1351
819 1350
820 1349
820 1348
821 1347
821 1346
822 1345
822 1344
822 1343
822 1342
822 1341
822 1340
822 1339
822 1338
822 1337
822 1336
822 1335
822 1334
822 1333
822 1332
822 1331
822 1330
822 1329
822 1328
821 1327
821 1326
820 1325
819 1324
818 1323
817 1322
817 1321
816 1320
815 1319
815 1318
814 1317
814 1316
814 1315
813 1314
812 1313
811 1312
810 1311
809 1310
808 1310
807 1310
806 1309
805 1309
804 1309
803 1309
802 1309
801 1309
800 1308
799 1307
798 1307
797 1307
796 1307
795 1307
794 1307
793 1307
792 1307
791 1307
790 1307
789 1307
788 1307
787 1307
786 1307
785 1307
784 1307
783 1307
782 1307
781 1307
780 1307
779 1307
778 1307
777 1307
