214 547
213 548
212 548
211 548
210 549
209 549
208 549
207 549
206 549
205 549
204 549
203 549
202 549
201 549
200 549
199 549
198 549
197 549
196 549
195 549
194 549
193 549
192 549
191 549
190 549
189 548
188 548
187 548
186 548
185 548
184 548
183 548
182 548
181 549
180 549
179 550
178 550
177 550
176 550
175 550
174 551
173 551
172 551
171 552
170 552
169 552
168 552
167 552
166 552
165 552
164 552
163 553
162 553
161 553
160 553
159 553
158 554
157 554
156 555
155 555
154 555
153 556
152 556
151 556
150 557
149 557
148 558
147 558
146 558
145 558
144 559
143 560
142 561
141 561
140 562
139 563
138 563
137 564
136 565
135 565
134 566
133 567
133 568
133 569
132 570
133 571
133 572
133 573
134 573
135 574
135 575
136 575
137 576
138 577
139 578
140 579
141 580
142 581
143 582
144 583
145 583
146 584
147 585
148 585
149 585
150 586
151 586
152 587
153 588
154 589
154 590
155 591
155 592
156 593
156 594
157 595
158 596
159 597
160 598
161 599
162 600
163 601
164 602
165 603
166 604
167 605
168 606
169 607
170 608
171 609
172 610
173 611
174 612
175 613
176 614
177 615
178 616
179 616
180 616
181 617
182 617
183 618
184 619
185 620
186 621
187 621
188 622
189 622
190 623
191 623
192 624
193 624
194 625
195 625
196 626
197 627
198 628
199 628
200 628
201 629
202 629
203 629
204 629
205 630
206 630
207 630
208 630
209 630
210 630
211 630
212 630
213 630
214 631
215 632
216 633
217 633
218 634
219 635
220 635
221 636
222 636
223 636
224 636
225 636
226 637
227 637
228 638
229 638
230 638
231 639
232 639
233 639
234 639
235 640
236 640
237 641
238 641
239 641
240 641
241 641
242 641
243 641
244 641
245 641
246 641
247 641
248 641
249 641
250 641
251 640
252 640
253 640
254 640
255 640
256 640
257 640
258 639
259 639
260 638
261 638
262 637
263 637
264 637
265 637
266 637
267 636
268 636
269 636
270 636
271 636
272 636
273 635
274 634
275 634
276 634
277 633
278 632
279 632
280 631
281 631
282 631
283 630
284 629
285 629
286 628
287 628
288 627
289 626
290 625
291 624
292 623
293 622
294 621
295 620
295 619
296 618
296 617
297 616
298 615
298 614
299 613
300 612
300 611
301 610
302 609
303 608
303 607
304 606
305 606
306 605
307 604
308 603
309 602
310 601
311 600
312 599
313 598
314 597
314 596
314 595
314 594
313 593
313 592
313 591
313 590
313 589
312 588
312 587
311 586
311 585
310 584
309 583
308 582
308 581
308 580
308 579
308 578
308 577
307 576
307 575
307 574
306 573
306 572
305 571
305 570
305 569
304 568
303 567
303 566
303 565
303 564
302 563
302 562
301 561
300 560
299 559
298 558
297 557
296 557
295 557
294 556
293 557
292 557
291 557
290 558
289 558
288 559
287 559
286 559
285 559
284 559
283 559
282 559
281 559
280 559
279 559
278 559
277 559
276 559
275 559
274 559
273 559
272 558
271 557
270 556
269 556
268 555
267 555
266 554
265 554
264 553
263 553
262 553
261 553
260 553
259 553
258 552
257 552
256 552
255 551
254 551
253 551
252 550
251 550
250 549
249 549
248 549
247 549
246 549
245 549
244 549
243 549
242 549
241 549
240 549
239 548
238 548
237 548
236 547
235 547
234 547
233 547
232 547
231 547
230 547
229 547
228 547
227 547
226 547
225 547
224 547
223 547
222 547
221 547
220 547
219 547
218 547
217 547
216 547
215 547
214 547
