509 59
508 60
507 61
506 62
505 63
505 64
504 65
504 66
503 67
503 68
503 69
502 70
501 71
501 72
501 73
500 74
500 75
500 76
499 77
499 78
498 79
498 80
498 81
497 82
496 83
496 84
496 85
496 86
495 87
495 88
495 89
494 90
494 91
494 92
493 93
493 94
493 95
492 96
491 97
491 98
491 99
490 100
490 101
490 102
489 103
489 104
489 105
489 106
488 107
488 108
488 109
487 110
487 111
486 112
486 113
486 114
485 115
485 116
485 117
484 118
484 119
483 120
483 121
483 122
482 123
482 124
482 125
482 126
481 127
481 128
481 129
480 130
480 131
480 132
480 133
480 134
480 135
480 136
479 137
479 138
479 139
478 140
478 141
478 142
477 143
477 144
477 145
477 146
477 147
477 148
477 149
477 150
476 151
476 152
476 153
476 154
476 155
476 156
476 157
476 158
475 159
475 160
475 161
476 162
477 163
478 164
479 164
480 164
481 163
482 163
483 163
484 162
485 162
486 162
487 162
488 161
489 161
490 161
491 160
492 160
493 159
494 159
495 159
496 159
497 159
498 158
499 158
500 158
501 157
502 157
503 157
504 157
505 156
506 156
507 156
508 155
509 154
510 154
511 153
512 153
513 152
514 152
515 152
516 151
517 151
518 151
519 150
520 150
521 150
522 150
523 150
524 150
525 150
526 150
527 150
528 150
529 150
530 150
531 151
532 151
533 152
534 152
535 152
536 153
537 153
538 153
539 153
540 153
541 153
542 153
543 154
544 154
545 155
546 155
547 155
548 156
549 156
550 156
551 156
552 156
553 156
554 156
555 156
556 156
557 156
558 156
559 156
560 156
561 156
562 156
563 156
564 156
565 156
566 155
567 155
568 155
569 155
570 155
571 155
572 155
573 156
574 156
575 156
576 156
577 156
578 156
579 156
580 156
581 156
582 156
583 156
584 156
585 156
586 155
587 155
588 155
589 155
590 155
591 154
592 154
593 153
594 152
595 152
596 151
597 151
598 150
599 150
600 150
601 150
602 150
603 149
604 149
605 149
606 148
607 148
608 148
609 147
610 147
611 146
612 146
613 145
614 144
615 144
616 143
617 142
618 142
619 141
620 140
621 139
622 138
623 137
624 136
624 135
625 134
625 133
625 132
625 131
625 130
625 129
626 128
626 127
626 126
626 125
626 124
626 123
626 122
626 121
626 120
626 119
626 118
626 117
626 116
626 115
626 114
626 113
625 112
625 111
625 110
624 109
624 108
624 107
624 106
624 105
623 104
623 103
622 102
622 101
622 100
621 99
620 98
619 97
619 96
619 95
618 94
618 93
617 92
617 91
616 91
615 90
614 89
613 88
612 87
611 86
610 85
610 84
609 83
609 82
608 81
607 80
606 79
605 78
604 77
603 76
602 75
601 75
600 75
599 74
598 73
597 73
596 72
595 71
594 71
593 71
592 70
591 70
590 70
589 70
588 69
587 69
586 70
585 71
584 71
583 72
582 72
581 72
580 71
579 71
578 70
577 70
576 70
575 69
574 69
573 69
572 69
571 69
570 69
569 69
568 70
567 71
566 71
565 72
564 72
563 72
562 72
561 73
560 73
559 73
558 73
557 73
556 73
555 73
554 73
553 73
552 73
551 73
550 74
549 74
548 74
547 74
546 74
545 74
544 74
543 74
542 74
541 74
540 74
539 74
538 74
537 74
536 74
535 74
534 74
533 75
532 75
531 75
530 75
529 75
528 75
527 74
526 74
525 73
524 72
523 71
522 71
521 70
521 69
520 68
519 67
519 66
518 65
517 64
516 64
515 63
514 63
513 62
512 61
511 60
510 59
509 59
