621 607
620 608
619 608
618 609
617 609
616 609
615 610
614 610
613 610
612 610
611 610
610 611
610 612
609 613
608 614
607 615
606 615
605 616
604 617
603 618
602 619
601 620
600 621
599 622
598 623
597 624
596 625
596 626
595 627
594 628
593 629
592 630
591 631
590 632
589 633
588 634
587 635
586 636
585 637
584 638
583 639
582 640
581 641
580 641
579 642
578 643
577 644
576 645
575 646
574 647
573 648
572 649
571 649
570 650
569 651
568 652
567 653
566 654
565 655
564 656
563 657
562 658
561 659
560 659
559 660
558 661
557 662
556 663
555 663
554 664
553 665
552 665
551 666
550 667
549 668
548 669
547 670
546 671
545 671
544 672
543 673
542 674
541 674
540 675
539 676
538 677
537 677
536 678
535 679
534 679
533 680
532 681
531 681
530 682
529 683
528 684
527 684
526 684
525 685
524 686
523 686
522 687
521 688
520 688
519 689
518 690
517 690
516 691
515 692
514 692
513 693
512 694
511 695
510 695
510 696
509 697
508 698
507 699
506 700
506 701
506 702
506 703
506 704
507 705
507 706
508 707
508 708
508 709
508 710
508 711
508 712
508 713
508 714
508 715
508 716
509 717
509 718
509 719
509 720
510 720
511 720
512 720
513 720
514 720
515 721
516 721
517 721
518 722
519 722
520 722
521 722
522 722
523 722
524 722
525 722
526 722
527 722
528 722
529 722
530 722
531 722
532 722
533 722
534 722
535 722
536 722
537 722
538 722
539 722
540 722
541 722
542 721
543 721
544 721
545 720
546 720
547 720
548 720
549 720
550 720
551 720
552 720
553 720
554 720
555 719
556 719
557 719
558 719
559 719
560 719
561 719
562 719
563 719
564 719
565 719
566 718
567 718
568 718
569 717
570 717
571 717
572 717
573 717
574 717
575 717
576 717
577 717
578 717
579 717
580 717
581 717
582 717
583 717
584 717
585 717
586 717
587 717
588 716
589 716
590 716
591 715
592 715
593 715
594 715
595 714
596 714
597 714
598 714
599 714
600 714
601 714
602 714
603 714
604 714
605 714
606 714
607 713
608 713
609 713
610 713
611 713
612 713
613 713
614 712
615 712
616 711
617 711
618 711
619 711
620 711
621 711
622 711
623 711
624 711
625 711
626 711
627 711
628 711
629 711
630 712
631 713
632 714
633 715
634 716
635 717
635 718
636 719
637 720
638 721
638 722
638 723
638 724
638 725
639 726
639 727
640 728
641 729
642 730
643 731
644 732
645 732
646 732
647 733
648 733
649 733
650 734
651 734
652 734
653 734
654 735
655 735
656 735
657 735
658 735
659 735
660 735
661 735
662 735
663 735
664 735
665 735
666 735
667 735
668 735
669 735
670 735
671 735
672 735
673 735
674 735
675 734
676 734
677 734
678 734
679 734
680 734
681 734
682 734
683 734
684 733
685 733
686 733
687 733
688 733
689 733
690 733
691 733
692 733
693 732
694 732
695 732
696 732
697 732
698 732
699 732
700 731
701 731
702 731
703 730
704 730
705 730
706 730
707 730
708 730
709 730
710 730
711 730
712 730
713 730
714 730
715 730
716 730
717 729
718 729
719 729
720 729
721 729
722 729
723 729
724 729
725 729
726 729
727 729
728 729
729 729
730 729
731 729
732 729
733 729
734 729
735 729
736 729
737 729
738 729
739 728
740 728
741 728
742 728
743 728
744 728
745 728
746 728
747 728
748 728
749 728
750 728
751 727
752 727
753 727
754 727
755 727
756 727
757 727
758 727
759 727
760 727
761 727
762 727
763 727
764 727
765 727
766 726
767 726
768 726
769 725
770 725
771 725
772 725
773 725
774 725
775 725
776 725
777 725
778 725
779 725
780 725
781 725
782 725
783 724
784 724
785 724
786 724
787 724
788 724
789 724
790 724
791 724
792 724
793 724
794 724
795 724
796 724
797 724
798 723
799 723
800 723
801 723
802 723
803 723
804 723
805 723
806 722
807 722
808 722
809 721
810 721
811 720
812 719
813 718
814 717
815 716
816 716
817 715
818 714
819 714
820 713
820 712
821 711
822 711
823 710
824 709
825 708
825 707
826 706
827 706
828 705
829 704
830 703
830 702
831 701
832 701
833 700
833 699
834 698
834 697
835 696
835 695
835 694
836 693
836 692
836 691
836 690
836 689
836 688
836 687
836 686
836 685
836 684
836 683
835 682
835 681
835 680
834 679
834 678
834 677
833 676
833 675
833 674
833 673
832 672
832 671
832 670
831 669
831 668
831 667
831 666
831 665
830 664
829 663
829 662
828 661
827 660
827 659
826 658
825 657
825 656
824 655
824 654
823 653
822 652
821 651
820 650
819 650
818 649
817 648
816 647
815 647
814 646
813 645
812 644
811 644
810 643
809 643
808 642
807 642
806 642
805 641
804 640
803 639
802 638
801 637
800 637
799 636
798 636
797 636
796 636
795 635
794 635
793 635
792 635
791 635
790 635
789 635
788 634
787 634
786 634
785 633
784 633
783 633
782 633
781 633
780 633
779 633
778 632
777 632
776 632
775 631
774 631
773 631
772 630
771 630
770 630
769 630
768 629
767 629
766 629
765 628
764 628
763 627
762 627
761 627
760 626
759 626
758 625
757 625
756 625
755 624
754 624
753 623
752 623
751 623
750 622
749 622
748 622
747 622
746 622
745 621
744 621
743 621
742 621
741 621
740 620
739 620
738 620
737 620
736 620
735 620
734 619
733 619
732 619
731 618
730 618
729 618
728 617
727 617
726 617
725 617
724 617
723 616
722 616
721 616
720 616
719 616
718 616
717 616
716 615
715 615
714 615
713 615
712 615
711 615
710 615
709 615
708 615
707 614
706 614
705 614
704 614
703 614
702 614
701 614
700 614
699 614
698 614
697 613
696 613
695 613
694 612
693 612
692 612
691 612
690 612
689 612
688 612
687 612
686 612
685 612
684 612
683 612
682 612
681 611
680 611
679 611
678 610
677 610
676 610
675 609
674 609
673 609
672 608
671 608
670 608
669 607
668 607
667 607
666 607
665 607
664 607
663 607
662 607
661 607
660 607
659 607
658 607
657 607
656 607
655 607
654 607
653 607
652 607
651 607
650 607
649 607
648 607
647 607
646 607
645 607
644 607
643 607
642 607
641 607
640 607
639 607
638 607
637 607
636 607
635 607
634 607
633 607
632 607
631 607
630 607
629 607
628 607
627 607
626 607
625 607
624 607
623 607
622 607
621 607
