542 766
541 767
540 767
539 768
538 767
537 768
536 768
535 769
534 769
533 770
532 770
531 771
530 772
529 772
528 773
527 773
526 773
525 774
524 774
523 775
522 775
521 775
520 776
519 776
518 777
517 777
516 777
515 778
514 778
513 779
512 780
511 781
510 782
509 783
508 784
507 785
507 786
507 787
508 788
509 789
510 790
511 790
512 791
513 792
514 793
515 794
516 794
517 795
518 795
519 794
520 794
521 794
522 794
523 794
524 795
525 795
526 795
527 795
528 795
529 795
530 795
531 795
532 795
533 795
534 795
535 795
536 795
537 796
538 796
539 796
540 796
541 796
542 796
543 796
544 796
545 796
546 796
547 796
548 796
549 797
550 797
551 797
552 797
553 797
554 797
555 797
556 797
557 797
558 797
559 797
560 797
561 798
562 798
563 798
564 798
565 799
566 799
567 799
568 799
569 799
570 799
571 799
572 799
573 799
574 799
575 799
576 799
577 799
578 799
579 799
580 798
581 798
582 797
583 796
583 795
584 794
585 793
586 792
587 791
588 790
589 789
589 788
590 787
590 786
590 785
590 784
590 783
590 782
590 781
589 780
589 779
588 778
587 777
586 776
585 775
584 774
584 773
583 772
582 771
581 771
580 771
579 771
578 770
577 770
576 770
575 770
574 770
573 770
572 770
571 770
570 770
569 770
568 770
567 770
566 770
565 770
564 769
563 769
562 768
561 768
560 767
559 766
558 766
557 766
556 766
555 766
554 766
553 766
552 766
551 766
550 766
549 766
548 766
547 766
546 766
545 766
544 766
543 766
542 766
