239 1210
238 1211
237 1211
236 1211
235 1211
234 1211
233 1211
232 1212
231 1212
230 1212
229 1213
228 1213
227 1213
226 1213
225 1213
224 1213
223 1213
222 1213
221 1213
220 1213
219 1214
218 1214
217 1214
216 1215
215 1215
214 1215
213 1216
212 1216
211 1216
210 1216
209 1216
208 1216
207 1216
206 1216
205 1216
204 1216
203 1216
202 1216
201 1216
200 1217
199 1217
198 1217
197 1218
196 1218
195 1218
194 1218
193 1218
192 1218
191 1218
190 1218
189 1218
188 1218
187 1218
186 1219
185 1219
184 1219
183 1219
182 1219
181 1219
180 1220
179 1220
178 1220
177 1221
176 1221
175 1222
174 1223
174 1224
173 1225
173 1226
173 1227
173 1228
173 1229
173 1230
173 1231
174 1232
174 1233
175 1234
176 1235
177 1235
178 1236
179 1236
180 1237
181 1237
182 1238
183 1238
184 1239
185 1240
186 1240
187 1241
188 1241
189 1241
190 1242
191 1242
192 1243
193 1243
194 1243
195 1243
196 1243
197 1243
198 1243
199 1243
200 1243
201 1242
202 1242
203 1242
204 1242
205 1242
206 1243
207 1243
208 1243
209 1243
210 1243
211 1243
212 1243
213 1243
214 1243
215 1243
216 1243
217 1243
218 1243
219 1244
220 1244
221 1244
222 1244
223 1244
224 1245
225 1245
226 1245
227 1245
228 1245
229 1245
230 1245
231 1245
232 1245
233 1245
234 1245
235 1245
236 1245
237 1245
238 1245
239 1245
240 1245
241 1244
242 1244
243 1244
244 1244
245 1244
246 1243
247 1243
248 1243
249 1242
250 1242
251 1242
252 1241
253 1241
254 1240
255 1239
256 1239
257 1238
258 1237
259 1237
260 1236
261 1235
262 1234
262 1233
263 1232
264 1232
264 1231
265 1230
265 1229
265 1228
265 1227
264 1226
264 1225
264 1224
264 1223
264 1222
264 1221
264 1220
264 1219
263 1218
262 1217
262 1216
261 1215
260 1214
259 1213
258 1213
257 1213
256 1212
255 1212
254 1212
253 1211
252 1211
251 1211
250 1211
249 1210
248 1210
247 1210
246 1210
245 1210
244 1210
243 1210
242 1210
241 1210
240 1210
239 1210
