1307 1325
1306 1326
1305 1326
1304 1327
1303 1328
1302 1328
1301 1328
1300 1329
1299 1329
1298 1330
1297 1330
1296 1331
1295 1331
1294 1331
1293 1332
1292 1332
1291 1332
1290 1333
1289 1333
1288 1334
1287 1335
1286 1335
1285 1335
1284 1336
1283 1336
1282 1336
1281 1337
1280 1338
1279 1338
1279 1339
1279 1340
1279 1341
1280 1341
1281 1341
1282 1342
1283 1342
1284 1342
1285 1343
1286 1343
1287 1344
1288 1344
1289 1344
1290 1344
1291 1345
1292 1345
1293 1345
1294 1346
1295 1346
1296 1346
1297 1347
1298 1347
1299 1348
1300 1348
1301 1348
1302 1348
1303 1349
1304 1349
1305 1349
1306 1350
1307 1350
1308 1350
1309 1351
1310 1351
1311 1351
1312 1351
1313 1351
1314 1352
1315 1352
1316 1353
1317 1353
1318 1353
1319 1353
1320 1353
1321 1353
1322 1354
1323 1354
1324 1354
1325 1355
1326 1355
1327 1355
1328 1356
1329 1356
1330 1356
1331 1356
1332 1356
1333 1357
1334 1357
1335 1357
1336 1357
1337 1357
1338 1357
1339 1357
1340 1358
1341 1358
1342 1358
1343 1358
1344 1359
1345 1359
1346 1359
1347 1359
1348 1359
1349 1359
1350 1358
1351 1358
1352 1358
1353 1357
1354 1357
1355 1357
1356 1357
1357 1356
1358 1355
1359 1354
1360 1354
1361 1353
1362 1352
1363 1351
1364 1351
1365 1350
1366 1349
1367 1348
1367 1347
1368 1346
1369 1345
1369 1344
1369 1343
1370 1342
1370 1341
1370 1340
1369 1339
1369 1338
1369 1337
1368 1336
1367 1335
1366 1334
1365 1333
1364 1333
1363 1332
1362 1332
1361 1331
1360 1330
1359 1330
1358 1329
1357 1329
1356 1328
1355 1328
1354 1327
1353 1327
1352 1327
1351 1327
1350 1326
1349 1326
1348 1326
1347 1325
1346 1325
1345 1325
1344 1325
1343 1325
1342 1325
1341 1325
1340 1325
1339 1325
1338 1325
1337 1325
1336 1325
1335 1325
1334 1325
1333 1325
1332 1325
1331 1325
1330 1325
1329 1325
1328 1325
1327 1325
1326 1325
1325 1325
1324 1325
1323 1325
1322 1325
1321 1325
1320 1325
1319 1325
1318 1325
1317 1325
1316 1325
1315 1325
1314 1325
1313 1325
1312 1325
1311 1325
1310 1325
1309 1325
1308 1325
1307 1325
