230 1154
229 1155
228 1155
227 1155
226 1155
225 1156
224 1156
223 1157
222 1157
221 1158
220 1159
219 1159
218 1159
217 1160
216 1160
215 1160
214 1161
213 1162
212 1162
211 1163
210 1163
209 1163
208 1164
207 1164
206 1165
205 1165
204 1165
203 1166
202 1166
201 1167
200 1167
199 1168
198 1169
197 1169
196 1170
195 1171
195 1172
194 1173
193 1174
192 1175
191 1176
190 1177
190 1178
189 1179
189 1180
188 1181
188 1182
189 1183
190 1184
191 1184
192 1184
193 1184
194 1184
195 1184
196 1183
197 1183
198 1183
199 1184
200 1185
201 1186
202 1186
203 1187
204 1187
205 1187
206 1187
207 1187
208 1187
209 1186
210 1186
211 1186
212 1185
213 1185
214 1186
215 1186
216 1187
217 1188
218 1189
219 1189
220 1189
221 1189
222 1190
223 1190
224 1190
225 1190
226 1190
227 1190
228 1190
229 1189
230 1189
231 1189
232 1189
233 1189
234 1189
235 1189
236 1189
237 1189
238 1190
239 1190
240 1191
241 1192
242 1192
243 1192
244 1193
245 1194
246 1194
247 1194
248 1194
249 1194
250 1194
251 1194
252 1194
253 1193
254 1193
255 1192
256 1192
257 1192
258 1192
259 1192
260 1192
261 1192
262 1192
263 1192
264 1193
265 1193
266 1194
267 1195
268 1195
269 1195
270 1195
271 1195
272 1195
273 1195
274 1194
275 1194
276 1194
277 1194
278 1193
279 1193
280 1192
281 1192
282 1191
283 1190
284 1189
285 1189
286 1189
287 1189
288 1189
289 1189
290 1189
291 1188
292 1189
293 1189
294 1188
295 1188
296 1188
296 1187
297 1186
298 1185
299 1185
298 1184
297 1183
296 1182
295 1181
294 1181
293 1181
292 1181
291 1181
290 1180
289 1179
288 1179
287 1178
286 1178
285 1177
284 1178
283 1177
282 1177
281 1176
280 1175
279 1175
278 1174
277 1173
276 1172
275 1172
274 1172
273 1172
272 1172
271 1172
270 1172
269 1172
268 1172
267 1172
266 1172
265 1172
264 1172
263 1172
262 1171
261 1171
260 1171
259 1170
258 1170
257 1170
256 1170
255 1169
254 1169
253 1168
252 1168
251 1167
250 1167
249 1167
248 1166
247 1165
247 1164
246 1163
245 1162
244 1162
243 1161
242 1160
241 1160
240 1160
239 1159
238 1158
237 1157
236 1156
235 1156
234 1156
233 1155
232 1155
231 1154
230 1154
