1309 1036
1308 1037
1307 1037
1306 1038
1305 1038
1304 1038
1303 1038
1302 1038
1301 1038
1300 1038
1299 1038
1298 1038
1297 1038
1296 1038
1295 1038
1294 1038
1293 1038
1292 1038
1291 1038
1290 1038
1289 1038
1288 1038
1287 1038
1286 1038
1285 1038
1284 1038
1283 1038
1282 1038
1281 1038
1280 1038
1279 1038
1278 1038
1277 1038
1276 1038
1275 1038
1274 1038
1273 1038
1272 1038
1271 1038
1270 1038
1269 1038
1268 1038
1267 1038
1266 1038
1265 1038
1264 1038
1263 1038
1262 1038
1261 1039
1260 1039
1259 1039
1258 1039
1257 1039
1256 1039
1255 1039
1254 1039
1253 1039
1252 1039
1251 1039
1250 1039
1249 1039
1248 1039
1247 1039
1246 1039
1245 1039
1244 1039
1243 1039
1242 1039
1241 1039
1240 1039
1239 1039
1238 1039
1237 1039
1236 1039
1235 1039
1234 1039
1233 1039
1232 1039
1231 1040
1230 1040
1229 1040
1228 1040
1227 1040
1226 1040
1225 1040
1224 1040
1223 1040
1222 1040
1221 1040
1220 1040
1219 1041
1218 1041
1217 1041
1216 1041
1215 1041
1214 1041
1213 1041
1212 1041
1211 1041
1210 1042
1209 1042
1208 1042
1207 1043
1206 1043
1205 1043
1204 1043
1203 1044
1202 1044
1201 1044
1200 1044
1199 1045
1198 1045
1197 1046
1196 1046
1195 1046
1194 1046
1193 1047
1192 1047
1191 1047
1190 1048
1189 1048
1188 1049
1187 1049
1186 1050
1185 1051
1184 1051
1183 1051
1182 1052
1181 1052
1180 1052
1179 1053
1178 1053
1177 1054
1176 1054
1175 1055
1174 1056
1173 1056
1172 1057
1171 1057
1170 1058
1169 1058
1168 1059
1167 1059
1166 1060
1165 1061
1164 1061
1163 1061
1162 1062
1161 1062
1160 1063
1159 1064
1158 1065
1157 1066
1156 1067
1155 1068
1155 1069
1154 1070
1154 1071
1154 1072
1154 1073
1154 1074
1153 1075
1153 1076
1153 1077
1153 1078
1153 1079
1152 1080
1152 1081
1151 1082
1150 1083
1149 1084
1148 1085
1147 1086
1146 1087
1145 1088
1145 1089
1144 1090
1143 1091
1142 1092
1141 1093
1140 1094
1139 1095
1139 1096
1139 1097
1139 1098
1139 1099
1139 1100
1139 1101
1139 1102
1139 1103
1139 1104
1139 1105
1139 1106
1140 1107
1140 1108
1141 1109
1141 1110
1142 1111
1143 1112
1144 1113
1145 1114
1146 1115
1147 1116
1148 1117
1149 1118
1149 1119
1150 1120
1151 1121
1151 1122
1152 1123
1153 1124
1153 1125
1154 1126
1155 1127
1156 1127
1157 1128
1158 1128
1159 1129
1160 1129
1161 1130
1162 1130
1163 1130
1164 1130
1165 1129
1166 1128
1167 1127
1167 1126
1168 1125
1169 1124
1170 1123
1171 1122
1172 1121
1173 1120
1174 1119
1175 1118
1176 1117
1177 1116
1178 1115
1179 1115
1180 1114
1181 1113
1182 1113
1183 1112
1184 1112
1185 1112
1186 1112
1187 1112
1188 1112
1189 1112
1190 1112
1191 1112
1192 1112
1193 1112
1194 1112
1195 1112
1196 1112
1197 1112
1198 1112
1199 1113
1200 1113
1201 1114
1202 1115
1203 1115
1204 1115
1205 1115
1206 1115
1207 1116
1208 1116
1209 1117
1209 1118
1210 1119
1210 1120
1210 1121
1211 1121
1212 1121
1213 1122
1214 1122
1215 1122
1216 1122
1217 1122
1218 1123
1219 1123
1220 1123
1221 1124
1222 1124
1223 1125
1224 1125
1225 1126
1226 1126
1227 1126
1228 1126
1229 1126
1230 1126
1231 1126
1232 1126
1233 1127
1234 1127
1235 1128
1236 1128
1237 1128
1238 1129
1239 1129
1240 1130
1241 1130
1242 1131
1243 1131
1244 1131
1245 1131
1246 1131
1247 1132
1248 1133
1249 1134
1250 1135
1250 1136
1251 1137
1251 1138
1252 1139
1253 1140
1254 1140
1255 1141
1256 1141
1257 1142
1258 1143
1259 1143
1260 1143
1261 1143
1262 1144
1263 1144
1264 1145
1265 1145
1266 1146
1267 1146
1268 1146
1269 1146
1270 1146
1271 1145
1272 1145
1273 1145
1274 1145
1275 1145
1276 1145
1277 1145
1278 1145
1279 1144
1280 1144
1281 1144
1282 1143
1283 1143
1284 1142
1285 1142
1286 1142
1287 1142
1288 1142
1289 1142
1290 1142
1291 1141
1292 1141
1293 1141
1294 1141
1295 1141
1296 1141
1297 1141
1298 1141
1299 1141
1300 1141
1301 1141
1302 1141
1303 1141
1304 1141
1305 1141
1306 1141
1307 1141
1308 1142
1309 1143
1310 1144
1311 1145
1312 1145
1313 1146
1314 1146
1315 1147
1316 1148
1317 1148
1318 1148
1319 1148
1320 1148
1321 1148
1322 1148
1323 1148
1324 1148
1325 1148
1326 1148
1327 1148
1328 1148
1329 1149
1330 1149
1331 1149
1332 1149
1333 1149
1334 1149
1335 1149
1336 1150
1337 1149
1338 1149
1339 1148
1340 1147
1341 1146
1342 1145
1343 1144
1344 1143
1345 1143
1346 1142
1347 1141
1348 1141
1349 1140
1349 1139
1350 1138
1351 1137
1351 1136
1351 1135
1352 1134
1352 1133
1352 1132
1353 1131
1353 1130
1354 1129
1354 1128
1355 1127
1355 1126
1356 1125
1357 1124
1358 1123
1358 1122
1359 1121
1360 1120
1361 1119
1361 1118
1362 1117
1362 1116
1362 1115
1362 1114
1362 1113
1362 1112
1363 1111
1363 1110
1363 1109
1363 1108
1363 1107
1363 1106
1363 1105
1363 1104
1363 1103
1363 1102
1363 1101
1363 1100
1364 1099
1364 1098
1364 1097
1364 1096
1364 1095
1365 1094
1365 1093
1365 1092
1365 1091
1365 1090
1365 1089
1365 1088
1366 1087
1366 1086
1366 1085
1367 1084
1366 1083
1366 1082
1366 1081
1366 1080
1366 1079
1367 1078
1366 1077
1366 1076
1366 1075
1365 1074
1364 1073
1364 1072
1363 1071
1363 1070
1362 1069
1362 1068
1362 1067
1361 1066
1361 1065
1360 1064
1360 1063
1359 1063
1358 1062
1358 1061
1357 1060
1357 1059
1357 1058
1357 1057
1356 1056
1356 1055
1355 1054
1354 1053
1353 1052
1353 1051
1352 1050
1351 1049
1350 1049
1349 1049
1348 1048
1347 1048
1346 1047
1345 1047
1344 1046
1343 1046
1342 1046
1341 1045
1340 1044
1339 1044
1338 1043
1337 1042
1336 1041
1335 1041
1334 1041
1333 1040
1332 1040
1331 1040
1330 1039
1329 1039
1328 1038
1327 1038
1326 1038
1325 1038
1324 1038
1323 1038
1322 1038
1321 1038
1320 1038
1319 1038
1318 1037
1317 1037
1316 1037
1315 1036
1314 1036
1313 1036
1312 1036
1311 1036
1310 1036
1309 1036
