541 1514
540 1515
539 1516
538 1516
537 1517
536 1517
535 1517
534 1518
533 1519
532 1520
531 1521
531 1522
530 1523
529 1524
528 1525
527 1526
526 1526
525 1526
524 1525
523 1525
522 1525
521 1526
520 1526
519 1527
518 1528
517 1529
517 1530
516 1531
515 1532
514 1533
513 1534
512 1535
511 1536
511 1537
511 1538
511 1539
511 1540
512 1541
512 1542
511 1543
511 1544
510 1545
510 1546
509 1547
508 1548
507 1549
506 1549
505 1550
504 1551
503 1552
502 1552
501 1553
500 1554
499 1555
498 1555
497 1556
496 1557
495 1558
494 1559
493 1560
493 1561
492 1562
491 1563
490 1564
489 1565
488 1566
488 1567
487 1568
487 1569
486 1570
486 1571
485 1572
485 1573
484 1574
483 1575
483 1576
482 1577
481 1578
481 1579
481 1580
481 1581
481 1582
482 1583
483 1583
484 1584
485 1584
486 1585
487 1586
488 1587
488 1588
488 1589
489 1590
490 1590
491 1589
492 1589
493 1588
494 1587
495 1587
496 1587
497 1587
498 1587
499 1586
500 1585
501 1585
502 1584
503 1583
504 1583
505 1582
506 1582
507 1581
508 1580
509 1579
510 1579
511 1578
512 1578
513 1577
514 1577
515 1576
516 1575
517 1575
518 1574
519 1574
520 1574
521 1574
522 1574
523 1574
524 1574
525 1574
526 1574
527 1574
528 1574
529 1574
530 1574
531 1574
532 1574
533 1574
534 1574
535 1574
536 1574
537 1574
538 1574
539 1574
540 1575
541 1575
542 1576
543 1576
544 1576
545 1577
546 1578
547 1578
548 1579
549 1579
550 1579
551 1580
552 1581
553 1582
554 1582
555 1582
556 1582
557 1583
558 1584
559 1585
560 1586
561 1586
562 1587
563 1587
564 1588
565 1588
566 1588
567 1588
568 1588
569 1588
570 1588
571 1588
572 1588
573 1588
574 1588
575 1588
576 1588
577 1588
578 1588
579 1588
580 1588
581 1588
582 1587
583 1587
584 1587
585 1587
586 1586
587 1585
588 1584
589 1584
590 1583
591 1583
592 1582
593 1581
594 1580
595 1580
596 1580
597 1579
598 1579
599 1578
600 1577
601 1576
602 1576
603 1575
604 1574
605 1574
606 1573
607 1572
608 1572
609 1571
610 1570
611 1569
611 1568
611 1567
611 1566
612 1565
612 1564
613 1563
614 1562
615 1561
615 1560
615 1559
615 1558
615 1557
615 1556
615 1555
615 1554
615 1553
615 1552
615 1551
615 1550
614 1549
614 1548
614 1547
614 1546
613 1545
613 1544
612 1543
611 1542
610 1541
609 1540
609 1539
609 1538
608 1537
607 1536
606 1535
606 1534
605 1533
604 1532
603 1531
602 1531
601 1530
600 1529
599 1529
598 1528
597 1527
596 1526
595 1525
594 1524
593 1524
592 1524
591 1524
590 1524
589 1524
588 1523
587 1523
586 1523
585 1522
584 1522
583 1522
582 1522
581 1522
580 1522
579 1521
578 1521
577 1520
576 1520
575 1519
574 1519
573 1519
572 1518
571 1518
570 1517
569 1517
568 1516
567 1516
566 1516
565 1516
564 1515
563 1514
562 1514
561 1514
560 1514
559 1514
558 1514
557 1514
556 1514
555 1514
554 1514
553 1514
552 1514
551 1514
550 1514
549 1514
548 1514
547 1514
546 1514
545 1514
544 1514
543 1514
542 1514
541 1514
