803 1677
802 1678
801 1678
800 1678
799 1679
798 1679
797 1679
796 1679
795 1679
794 1680
793 1680
792 1680
791 1680
790 1681
789 1681
788 1681
787 1682
786 1682
785 1682
784 1682
783 1682
782 1683
781 1683
780 1684
779 1684
779 1685
778 1686
777 1687
776 1688
775 1688
774 1689
774 1690
773 1691
772 1692
771 1693
770 1694
770 1695
769 1696
769 1697
769 1698
769 1699
768 1700
768 1701
768 1702
768 1703
767 1704
767 1705
767 1706
768 1707
768 1708
769 1709
770 1710
771 1711
772 1712
773 1713
774 1714
775 1715
776 1716
777 1716
778 1717
779 1718
780 1719
781 1720
782 1720
783 1721
784 1722
785 1723
786 1723
787 1724
788 1724
789 1725
790 1725
791 1725
792 1725
793 1725
794 1725
795 1725
796 1726
797 1726
798 1727
799 1727
800 1727
801 1727
802 1727
803 1728
804 1728
805 1728
806 1729
807 1729
808 1729
809 1729
810 1729
811 1729
812 1729
813 1729
814 1729
815 1729
816 1729
817 1729
818 1729
819 1729
820 1729
821 1728
822 1728
823 1728
824 1727
825 1727
826 1727
827 1727
828 1727
829 1727
830 1726
831 1726
832 1726
833 1726
834 1725
835 1725
836 1725
837 1725
838 1725
839 1724
840 1724
841 1724
842 1724
843 1724
844 1724
845 1724
846 1723
847 1723
848 1723
849 1722
850 1722
851 1722
852 1721
853 1720
854 1720
855 1720
856 1720
857 1720
858 1719
859 1719
860 1719
861 1718
862 1718
863 1718
864 1717
865 1717
866 1717
867 1716
868 1716
869 1715
870 1714
871 1713
872 1713
873 1712
874 1711
875 1710
876 1710
877 1709
878 1708
879 1708
880 1707
881 1706
882 1705
882 1704
883 1703
884 1702
884 1701
884 1700
884 1699
884 1698
884 1697
884 1696
884 1695
884 1694
883 1693
882 1692
881 1691
880 1691
879 1691
878 1690
877 1690
876 1690
875 1689
874 1689
873 1689
872 1689
871 1688
870 1688
869 1688
868 1687
867 1687
866 1687
865 1687
864 1687
863 1687
862 1687
861 1686
860 1686
859 1686
858 1686
857 1686
856 1686
855 1686
854 1686
853 1686
852 1686
851 1686
850 1686
849 1686
848 1685
847 1685
846 1684
845 1684
844 1684
843 1684
842 1683
841 1683
840 1683
839 1682
838 1682
837 1681
836 1681
835 1680
834 1680
833 1680
832 1680
831 1680
830 1679
829 1679
828 1679
827 1679
826 1679
825 1679
824 1679
823 1679
822 1679
821 1679
820 1679
819 1679
818 1679
817 1679
816 1679
815 1679
814 1679
813 1679
812 1679
811 1679
810 1679
809 1678
808 1678
807 1678
806 1678
805 1677
804 1677
803 1677
