498 240
497 241
496 241
495 241
494 241
493 241
492 241
491 241
490 241
489 241
488 242
487 242
486 242
485 243
484 243
483 243
482 244
481 243
480 243
479 244
478 244
477 244
476 244
475 244
474 244
473 244
472 244
471 244
470 244
469 244
468 244
467 244
466 244
465 244
464 244
463 245
462 245
461 245
460 245
459 246
458 246
457 246
456 246
455 246
454 246
453 246
452 246
451 246
450 247
449 247
448 247
447 247
446 248
445 248
444 249
443 249
442 250
441 251
440 251
439 251
438 252
437 252
436 253
435 254
434 255
433 255
432 256
431 257
430 257
429 258
428 258
427 259
426 259
425 260
424 260
423 261
422 262
421 263
420 264
419 265
419 266
418 267
418 268
419 269
419 270
420 271
420 272
421 273
422 274
422 275
423 276
424 277
425 277
426 277
427 277
428 277
429 277
430 277
431 277
432 277
433 277
434 277
435 277
436 277
437 277
438 277
439 277
440 277
441 277
442 277
443 277
444 277
445 277
446 277
447 277
448 277
449 277
450 277
451 277
452 277
453 277
454 277
455 277
456 277
457 277
458 277
459 277
460 277
461 277
462 277
463 277
464 277
465 277
466 277
467 277
468 277
469 277
470 277
471 276
472 276
473 275
474 275
475 275
476 275
477 275
478 275
479 274
480 274
481 274
482 273
483 273
484 273
485 273
486 273
487 273
488 273
489 274
490 274
491 274
492 274
493 273
494 273
495 273
496 273
497 273
498 273
499 273
500 273
501 272
502 273
503 273
504 273
505 273
506 273
507 273
508 273
509 273
510 273
511 273
512 273
513 273
514 272
515 272
516 271
517 270
518 269
519 268
520 268
521 267
522 267
523 267
524 267
525 267
526 267
527 267
528 266
529 266
530 265
531 265
532 264
533 264
533 263
534 262
534 261
534 260
534 259
534 258
534 257
534 256
534 255
533 254
532 253
531 253
530 252
529 251
528 250
527 249
526 248
525 248
524 247
523 247
522 247
521 247
520 247
519 247
518 247
517 246
516 245
515 244
514 244
513 243
512 242
511 242
510 242
509 242
508 241
507 240
506 240
505 240
504 240
503 240
502 240
501 240
500 240
499 240
498 240
