813 218
812 219
811 219
810 220
809 220
808 221
807 221
806 221
805 222
804 223
803 223
802 223
801 224
800 224
799 225
798 225
797 225
796 226
795 226
794 226
793 226
792 226
791 226
790 226
789 226
788 226
787 226
786 226
785 226
784 226
783 226
782 226
781 226
780 225
779 225
778 224
777 224
776 224
775 223
774 223
773 223
772 223
771 223
770 224
769 224
768 225
767 226
766 227
766 228
765 229
765 230
765 231
765 232
765 233
765 234
764 235
764 236
763 237
763 238
762 239
761 240
760 241
759 242
758 243
757 244
756 245
755 246
754 247
754 248
754 249
754 250
754 251
754 252
754 253
754 254
754 255
754 256
754 257
754 258
754 259
754 260
754 261
754 262
754 263
754 264
754 265
754 266
754 267
754 268
755 269
756 270
756 271
757 272
757 273
758 274
759 275
759 276
760 277
760 278
760 279
760 280
761 281
762 282
763 283
764 284
765 284
766 284
767 284
768 284
769 284
770 284
771 283
772 283
773 283
774 283
775 283
776 283
777 283
778 282
779 282
780 282
781 282
782 282
783 282
784 282
785 282
786 281
787 281
788 281
789 280
790 280
791 280
792 280
793 279
794 279
795 279
796 279
797 279
798 279
799 278
800 278
801 278
802 278
803 278
804 278
805 278
806 278
807 278
808 278
809 277
810 277
811 277
812 277
813 277
814 277
815 277
816 277
817 276
818 276
819 276
820 275
821 275
822 275
823 275
824 275
825 275
826 275
827 275
828 274
829 274
830 274
831 274
832 274
833 274
834 274
835 274
836 274
837 274
838 274
839 274
840 274
841 274
842 274
843 274
844 274
845 274
846 274
847 274
848 274
849 274
850 274
851 274
852 274
853 274
854 274
855 274
856 274
857 273
858 272
859 271
860 270
861 269
862 268
862 267
863 266
863 265
864 264
864 263
864 262
864 261
864 260
864 259
864 258
864 257
864 256
864 255
864 254
864 253
864 252
864 251
863 250
863 249
863 248
862 247
861 246
861 245
860 244
859 243
859 242
858 241
857 240
857 239
856 238
855 237
854 236
853 236
852 236
851 235
850 236
849 236
848 235
847 235
846 234
845 234
844 233
843 233
842 233
841 232
840 232
839 231
838 230
837 229
836 228
835 227
834 226
833 225
832 225
831 224
830 224
829 224
828 223
827 222
826 221
825 220
824 220
823 219
822 219
821 219
820 219
819 219
818 219
817 219
816 219
815 219
814 218
813 218
