1211 485
1210 486
1209 486
1208 486
1207 486
1206 487
1205 487
1204 487
1203 487
1202 487
1201 487
1200 487
1199 487
1198 487
1197 487
1196 487
1195 487
1194 488
1193 488
1192 488
1191 488
1190 489
1189 489
1188 489
1187 489
1186 490
1185 490
1184 490
1183 490
1182 491
1181 491
1180 491
1179 491
1178 491
1177 491
1176 491
1175 491
1174 491
1173 491
1172 491
1171 491
1170 492
1169 492
1168 493
1167 494
1166 494
1166 495
1165 496
1164 496
1164 497
1163 498
1162 498
1162 499
1161 500
1160 500
1159 501
1158 502
1157 502
1156 503
1155 503
1154 503
1153 503
1152 503
1151 503
1150 503
1149 503
1148 504
1147 504
1146 504
1145 504
1144 505
1143 505
1142 506
1141 506
1140 506
1139 506
1138 507
1137 507
1136 507
1135 507
1134 507
1133 507
1132 507
1131 507
1130 508
1129 508
1128 509
1127 510
1126 510
1126 511
1125 512
1124 512
1123 513
1122 514
1121 514
1120 515
1119 516
1118 517
1117 518
1116 518
1116 519
1115 520
1114 520
1113 521
1112 522
1111 522
1110 523
1109 524
1108 524
1107 524
1106 525
1105 525
1104 526
1103 526
1102 526
1101 526
1100 527
1099 527
1098 527
1097 527
1096 527
1095 527
1094 527
1093 527
1092 527
1091 527
1090 527
1089 527
1088 527
1087 527
1086 526
1085 526
1084 525
1083 525
1082 524
1081 524
1080 523
1079 523
1078 523
1077 523
1076 523
1075 523
1074 523
1073 523
1072 523
1071 523
1070 523
1069 523
1068 524
1067 524
1066 524
1065 524
1064 525
1063 525
1062 525
1061 525
1060 525
1059 525
1058 525
1057 525
1056 526
1055 526
1054 526
1053 526
1052 527
1051 527
1050 527
1049 527
1048 527
1047 527
1046 527
1045 527
1044 527
1043 527
1042 527
1041 527
1040 528
1039 528
1038 528
1037 528
1036 529
1035 529
1034 529
1033 529
1032 529
1031 529
1030 529
1029 529
1028 529
1027 529
1026 529
1025 529
1024 529
1023 529
1022 528
1021 528
1020 528
1019 528
1018 527
1017 527
1016 527
1015 527
1014 528
1013 528
1012 528
1011 528
1010 529
1009 529
1008 529
1007 529
1006 529
1005 529
1004 529
1003 529
1002 529
1001 529
1000 529
999 529
998 529
997 529
996 529
995 529
994 529
993 529
992 529
991 529
990 530
989 530
988 530
987 530
986 531
985 532
984 532
983 532
982 533
981 533
980 533
979 533
978 533
977 533
976 533
975 533
974 533
973 533
972 533
971 533
970 534
969 534
968 534
967 534
966 535
965 535
964 536
963 536
962 536
961 536
960 537
959 537
958 537
957 537
956 537
955 537
954 538
953 538
952 538
951 538
950 539
949 539
948 539
947 539
946 540
945 540
944 540
943 540
942 541
941 541
940 541
939 541
938 541
937 541
936 541
935 541
934 542
933 542
932 542
931 542
930 543
929 543
928 544
927 544
926 544
925 544
924 545
923 545
922 545
921 545
920 546
919 546
918 546
917 546
916 547
915 547
914 547
913 547
912 547
911 547
910 547
909 547
908 547
907 547
906 547
905 547
904 547
903 547
902 547
901 547
900 547
899 547
898 548
897 548
896 548
895 548
894 549
893 549
892 549
891 549
890 549
889 549
888 549
887 549
886 550
885 550
884 550
883 550
882 551
881 551
880 551
879 551
878 551
877 551
876 552
875 552
874 553
873 553
872 554
871 554
870 555
869 555
868 556
867 556
866 557
865 557
864 558
863 558
862 559
861 560
860 560
859 560
858 561
857 562
856 562
855 562
854 563
853 563
852 563
851 563
850 564
849 564
848 565
847 565
846 566
845 566
844 567
843 567
842 567
841 567
840 568
839 568
838 568
837 568
836 569
835 570
834 571
833 571
832 572
831 572
830 573
829 573
828 574
827 574
826 574
825 574
824 575
823 575
822 576
821 576
820 576
819 576
818 577
817 577
816 577
815 577
814 578
813 578
812 578
811 578
810 579
809 580
808 581
807 582
806 582
806 583
805 584
804 584
804 585
803 586
802 586
801 587
800 588
799 588
798 589
797 590
796 591
795 592
794 592
794 593
793 594
792 594
792 595
791 596
790 596
790 597
789 598
788 599
787 600
786 601
786 602
785 603
784 604
784 605
783 606
782 606
782 607
781 608
780 608
779 609
778 610
777 610
776 611
775 612
774 613
773 614
772 615
771 616
770 617
770 618
769 619
768 620
767 620
766 621
765 621
764 622
763 622
762 623
761 624
760 625
759 626
758 627
758 628
757 629
756 630
756 631
755 632
754 632
753 633
752 634
751 634
750 635
749 636
748 636
747 636
746 637
745 638
744 638
743 638
742 639
741 640
740 640
739 640
738 641
737 641
736 642
735 642
734 642
733 642
732 643
731 643
730 644
729 644
728 645
727 646
726 647
726 648
726 649
726 650
725 651
725 652
725 653
725 654
725 655
725 656
725 657
725 658
725 659
725 660
726 661
726 662
727 663
728 663
729 664
730 664
731 665
732 665
733 665
734 665
735 666
736 666
737 666
738 666
739 667
740 667
741 667
742 667
743 668
744 668
745 668
746 668
747 668
748 668
749 669
750 669
751 669
752 669
753 670
754 670
755 671
756 671
757 671
758 671
759 672
760 672
761 672
762 672
763 672
764 672
765 672
766 672
767 673
768 673
769 673
770 673
771 674
772 674
773 674
774 674
775 674
776 674
777 675
778 675
779 675
780 675
781 676
782 676
783 677
784 677
785 677
786 677
787 678
788 678
789 678
790 678
791 678
792 678
793 678
794 678
795 679
796 679
797 679
798 679
799 680
800 680
801 680
802 680
803 681
804 681
805 681
806 681
807 682
808 682
809 682
810 682
811 682
812 682
813 682
814 682
815 683
816 683
817 683
818 683
819 684
820 684
821 684
822 684
823 684
824 684
825 684
826 684
827 685
828 685
829 685
830 685
831 686
832 686
833 687
834 687
835 687
836 688
837 689
838 689
839 689
840 689
841 690
842 690
843 690
844 690
845 691
846 691
847 691
848 691
849 692
850 692
851 692
852 692
853 693
854 693
855 693
856 693
857 694
858 694
859 695
860 695
861 695
862 695
863 696
864 696
865 697
866 697
867 698
868 698
869 699
870 699
871 700
872 700
873 700
874 700
875 700
876 700
877 700
878 700
879 700
880 700
881 701
882 701
883 701
884 702
885 703
886 703
887 703
888 704
889 705
890 705
891 705
892 706
893 707
894 707
895 707
896 707
897 708
898 708
899 708
900 708
901 708
902 708
903 708
904 708
905 708
906 708
907 709
908 709
909 709
910 709
911 710
912 710
913 710
914 710
915 710
916 710
917 711
918 711
919 711
920 711
921 712
922 712
923 712
924 712
925 712
926 712
927 712
928 712
929 713
930 713
931 713
932 713
933 714
934 714
935 714
936 714
937 714
938 714
939 714
940 714
941 715
942 715
943 715
944 715
945 716
946 716
947 716
948 716
949 716
950 716
951 717
952 717
953 717
954 717
955 718
956 718
957 719
958 719
959 719
960 719
961 720
962 720
963 720
964 720
965 720
966 720
967 721
968 721
969 721
970 721
971 722
972 722
973 723
974 723
975 723
976 723
977 724
978 724
979 724
980 724
981 724
982 724
983 725
984 725
985 725
986 725
987 726
988 726
989 726
990 726
991 726
992 726
993 727
994 727
995 727
996 728
997 729
998 729
999 729
1000 729
1001 730
1002 730
1003 730
1004 730
1005 730
1006 730
1007 730
1008 730
1009 730
1010 730
1011 730
1012 730
1013 730
1014 730
1015 731
1016 731
1017 732
1018 732
1019 733
1020 733
1021 734
1022 734
1023 734
1024 734
1025 735
1026 735
1027 735
1028 735
1029 736
1030 736
1031 736
1032 736
1033 736
1034 736
1035 737
1036 737
1037 737
1038 737
1039 738
1040 738
1041 738
1042 738
1043 738
1044 738
1045 739
1046 739
1047 739
1048 739
1049 740
1050 740
1051 740
1052 740
1053 740
1054 740
1055 740
1056 740
1057 741
1058 741
1059 741
1060 741
1061 742
1062 742
1063 742
1064 742
1065 742
1066 742
1067 742
1068 742
1069 742
1070 742
1071 742
1072 742
1073 742
1074 742
1075 743
1076 743
1077 743
1078 743
1079 744
1080 744
1081 744
1082 744
1083 744
1084 744
1085 745
1086 745
1087 745
1088 745
1089 746
1090 746
1091 746
1092 746
1093 746
1094 746
1095 746
1096 746
1097 746
1098 746
1099 747
1100 747
1101 747
1102 747
1103 748
1104 748
1105 748
1106 748
1107 749
1108 749
1109 749
1110 749
1111 750
1112 750
1113 750
1114 750
1115 750
1116 750
1117 750
1118 750
1119 750
1120 750
1121 750
1122 750
1123 750
1124 750
1125 750
1126 750
1127 750
1128 750
1129 750
1130 750
1131 750
1132 750
1133 750
1134 750
1135 750
1136 750
1137 750
1138 750
1139 750
1140 750
1141 750
1142 750
1143 750
1144 750
1145 750
1146 750
1147 750
1148 750
1149 750
1150 750
1151 750
1152 750
1153 750
1154 750
1155 750
1156 750
1157 750
1158 750
1159 750
1160 750
1161 751
1162 751
1163 751
1164 751
1165 752
1166 752
1167 752
1168 752
1169 752
1170 752
1171 751
1172 751
1173 751
1174 751
1175 750
1176 750
1177 750
1178 750
1179 751
1180 751
1181 751
1182 751
1183 752
1184 752
1185 752
1186 752
1187 753
1188 753
1189 753
1190 754
1191 755
1192 755
1193 755
1194 756
1195 757
1196 757
1197 757
1198 757
1199 758
1200 758
1201 758
1202 758
1203 759
1204 759
1205 759
1206 759
1207 760
1208 760
1209 761
1210 761
1211 761
1212 761
1213 762
1214 762
1215 763
1216 763
1217 763
1218 763
1219 764
1220 764
1221 764
1222 764
1223 764
1224 764
1225 765
1226 765
1227 765
1228 765
1229 766
1230 766
1231 766
1232 766
1233 766
1234 766
1235 766
1236 766
1237 766
1238 766
1239 766
1240 766
1241 766
1242 766
1243 766
1244 766
1245 766
1246 766
1247 766
1248 766
1249 766
1250 766
1251 766
1252 766
1253 766
1254 766
1255 766
1256 766
1257 766
1258 766
1259 767
1260 767
1261 767
1262 767
1263 768
1264 768
1265 768
1266 768
1267 768
1268 768
1269 768
1270 768
1271 768
1272 768
1273 768
1274 768
1275 768
1276 768
1277 768
1278 768
1279 768
1280 768
1281 768
1282 768
1283 768
1284 768
1285 768
1286 768
1287 768
1288 768
1289 769
1290 769
1291 769
1292 769
1293 770
1294 770
1295 770
1296 770
1297 770
1298 770
1299 771
1300 771
1301 771
1302 771
1303 772
1304 772
1305 772
1306 772
1307 772
1308 772
1309 772
1310 772
1311 772
1312 772
1313 772
1314 772
1315 772
1316 772
1317 772
1318 772
1319 772
1320 772
1321 772
1322 772
1323 771
1324 771
1325 771
1326 771
1327 770
1328 770
1329 770
1330 770
1331 770
1332 770
1333 770
1334 770
1335 770
1336 770
1337 770
1338 770
1339 770
1340 770
1341 770
1342 770
1343 770
1344 770
1345 769
1346 769
1347 768
1348 768
1349 767
1350 767
1351 766
1352 766
1353 766
1354 766
1355 766
1356 766
1357 766
1358 766
1359 766
1360 766
1361 766
1362 766
1363 765
1364 765
1365 764
1366 763
1367 763
1368 762
1369 761
1370 761
1371 760
1372 760
1373 760
1374 760
1375 759
1376 759
1377 759
1378 759
1379 758
1380 757
1381 756
1382 756
1383 755
1384 755
1385 754
1386 753
1387 752
1388 752
1389 751
1390 751
1391 750
1392 750
1393 750
1394 750
1395 750
1396 750
1397 750
1398 750
1399 750
1400 750
1401 750
1402 750
1403 750
1404 750
1405 750
1406 750
1407 749
1408 749
1409 748
1410 747
1411 747
1411 746
1412 745
1413 745
1413 744
1414 743
1415 743
1415 742
1416 741
1417 741
1417 740
1418 739
1419 739
1419 738
1420 737
1421 737
1421 736
1422 735
1423 735
1423 734
1424 733
1425 733
1425 732
1426 731
1427 730
1427 729
1428 728
1428 727
1428 726
1428 725
1428 724
1428 723
1428 722
1428 721
1428 720
1428 719
1428 718
1428 717
1429 716
1429 715
1429 714
1429 713
1430 712
1430 711
1430 710
1430 709
1430 708
1430 707
1430 706
1430 705
1430 704
1430 703
1430 702
1430 701
1430 700
1430 699
1430 698
1430 697
1430 696
1430 695
1430 694
1430 693
1429 692
1429 691
1429 690
1429 689
1428 688
1428 687
1427 686
1427 685
1427 684
1427 683
1426 682
1426 681
1426 680
1426 679
1426 678
1426 677
1427 676
1427 675
1427 674
1428 673
1429 672
1429 671
1430 670
1431 669
1431 668
1432 667
1433 666
1434 665
1435 664
1435 663
1436 662
1436 661
1437 660
1437 659
1438 658
1438 657
1438 656
1438 655
1438 654
1438 653
1438 652
1438 651
1438 650
1438 649
1437 648
1437 647
1437 646
1437 645
1436 644
1436 643
1436 642
1436 641
1436 640
1436 639
1436 638
1436 637
1436 636
1436 635
1436 634
1436 633
1435 632
1435 631
1435 630
1435 629
1434 628
1434 627
1434 626
1434 625
1434 624
1434 623
1433 622
1433 621
1432 620
1431 619
1431 618
1430 618
1429 617
1429 616
1428 615
1427 614
1427 613
1426 612
1426 611
1425 610
1425 609
1424 608
1423 607
1422 606
1421 606
1420 605
1419 605
1418 604
1417 603
1416 602
1415 602
1414 601
1413 601
1412 600
1411 599
1410 598
1409 598
1408 597
1407 597
1406 596
1405 595
1404 594
1403 594
1402 593
1401 592
1400 592
1399 591
1399 590
1398 590
1397 589
1397 588
1396 588
1395 587
1394 586
1393 585
1392 584
1391 584
1390 583
1389 582
1388 582
1387 581
1387 580
1386 580
1385 579
1384 578
1383 578
1382 577
1381 577
1380 576
1379 576
1378 575
1377 574
1376 574
1375 573
1375 572
1374 572
1373 571
1373 570
1372 570
1371 569
1371 568
1370 568
1369 567
1368 566
1367 565
1366 564
1365 564
1364 563
1363 562
1362 562
1361 561
1361 560
1360 560
1359 559
1359 558
1358 558
1357 557
1356 556
1355 555
1354 554
1353 554
1352 553
1351 552
1350 552
1349 551
1348 550
1347 549
1346 548
1345 548
1344 547
1343 546
1342 546
1341 545
1340 544
1339 543
1338 542
1337 542
1336 541
1335 540
1334 540
1333 539
1333 538
1332 538
1331 537
1330 536
1329 536
1328 535
1327 535
1326 534
1325 534
1324 534
1323 533
1322 532
1321 532
1320 531
1319 530
1318 530
1317 529
1316 528
1315 527
1314 526
1313 526
1312 525
1311 524
1310 524
1309 523
1308 522
1307 521
1306 520
1305 520
1304 520
1303 519
1302 518
1301 518
1300 517
1299 517
1298 516
1297 515
1296 514
1295 514
1294 514
1293 513
1292 512
1291 512
1290 512
1289 511
1288 510
1287 510
1286 510
1285 510
1284 509
1283 509
1282 509
1281 509
1280 509
1279 509
1278 509
1277 509
1276 508
1275 508
1274 508
1273 508
1272 507
1271 507
1270 506
1269 506
1268 505
1267 504
1266 504
1265 503
1264 502
1263 501
1262 500
1261 500
1260 500
1259 500
1258 499
1257 499
1256 499
1255 499
1254 498
1253 498
1252 498
1251 498
1250 497
1249 497
1248 497
1247 497
1246 496
1245 496
1244 496
1243 495
1242 494
1241 494
1240 494
1239 493
1238 492
1237 492
1236 492
1235 492
1234 491
1233 491
1232 491
1231 491
1230 490
1229 490
1228 490
1227 490
1226 489
1225 489
1224 489
1223 489
1222 488
1221 488
1220 488
1219 487
1218 486
1217 486
1216 486
1215 486
1214 485
1213 485
1212 485
1211 485
