73 1349
72 1350
71 1350
70 1350
69 1350
68 1351
67 1351
66 1352
65 1352
64 1353
63 1354
62 1354
62 1355
61 1356
60 1356
60 1357
59 1358
58 1359
58 1360
57 1361
57 1362
57 1363
57 1364
57 1365
57 1366
57 1367
57 1368
57 1369
57 1370
57 1371
57 1372
58 1373
58 1374
58 1375
58 1376
59 1377
60 1378
60 1379
60 1380
61 1381
62 1382
63 1383
64 1384
64 1385
65 1385
66 1386
66 1387
67 1388
68 1389
68 1390
69 1391
69 1392
70 1393
70 1394
70 1395
70 1396
71 1397
72 1398
73 1399
73 1400
74 1401
74 1402
75 1403
76 1404
76 1405
76 1406
77 1407
77 1408
78 1409
78 1410
78 1411
78 1412
79 1413
79 1414
80 1415
80 1416
81 1417
81 1418
82 1419
82 1420
83 1421
84 1422
85 1423
85 1424
86 1425
86 1426
87 1427
88 1428
88 1429
88 1430
89 1431
90 1432
90 1433
90 1434
91 1435
92 1436
92 1437
92 1438
93 1439
93 1440
93 1441
93 1442
93 1443
93 1444
94 1445
94 1446
94 1447
94 1448
95 1449
96 1450
97 1451
98 1452
98 1453
99 1454
100 1455
100 1456
101 1457
102 1458
103 1459
103 1460
104 1461
104 1462
105 1463
105 1464
105 1465
105 1466
106 1467
106 1468
107 1469
107 1470
108 1471
108 1472
109 1473
110 1474
110 1475
110 1476
111 1477
112 1478
113 1479
113 1480
114 1481
114 1482
115 1483
116 1484
117 1485
118 1486
118 1487
119 1487
120 1488
120 1489
121 1490
122 1491
122 1492
123 1493
124 1494
125 1495
125 1496
126 1497
126 1498
127 1499
128 1500
129 1501
130 1502
130 1503
131 1504
132 1505
132 1506
133 1507
134 1508
134 1509
134 1510
135 1511
135 1512
136 1513
136 1514
136 1515
136 1516
137 1517
137 1518
138 1519
138 1520
138 1521
138 1522
139 1523
140 1524
141 1525
142 1526
142 1527
143 1527
144 1528
144 1529
145 1529
146 1530
146 1531
147 1531
148 1532
148 1533
149 1533
150 1534
150 1535
151 1535
152 1536
153 1537
154 1538
155 1539
156 1539
157 1540
158 1541
159 1541
160 1542
160 1543
161 1543
162 1544
162 1545
163 1545
164 1546
165 1547
166 1547
167 1548
168 1548
169 1549
170 1549
171 1549
172 1550
173 1551
174 1551
175 1551
176 1551
177 1552
178 1552
179 1552
180 1552
181 1553
182 1553
183 1553
184 1554
185 1555
186 1555
187 1555
188 1555
189 1556
190 1556
191 1556
192 1556
193 1557
194 1557
195 1557
196 1558
197 1559
198 1559
199 1559
200 1559
201 1560
202 1560
203 1560
204 1560
205 1560
206 1560
207 1560
208 1560
209 1561
210 1561
211 1561
212 1561
213 1562
214 1562
215 1562
216 1562
217 1563
218 1563
219 1563
220 1564
221 1565
222 1565
223 1565
224 1565
225 1566
226 1566
227 1566
228 1566
229 1565
230 1565
231 1565
232 1565
233 1564
234 1564
235 1564
236 1564
237 1564
238 1564
239 1564
240 1564
241 1564
242 1564
243 1565
244 1565
245 1565
246 1565
247 1566
248 1566
249 1566
250 1566
251 1566
252 1566
253 1566
254 1566
255 1566
256 1566
257 1566
258 1566
259 1566
260 1566
261 1566
262 1566
263 1566
264 1566
265 1566
266 1566
267 1566
268 1566
269 1567
270 1567
271 1567
272 1567
273 1568
274 1568
275 1569
276 1569
277 1569
278 1569
279 1570
280 1570
281 1570
282 1570
283 1570
284 1570
285 1570
286 1570
287 1570
288 1570
289 1570
290 1570
291 1570
292 1570
293 1571
294 1571
295 1571
296 1571
297 1572
298 1572
299 1572
300 1572
301 1573
302 1574
303 1575
304 1576
305 1577
306 1578
307 1579
308 1579
309 1580
310 1580
311 1581
312 1581
313 1581
314 1581
315 1582
316 1582
317 1582
318 1582
319 1582
320 1582
321 1582
322 1582
323 1582
324 1582
325 1582
326 1582
327 1582
328 1582
329 1582
330 1582
331 1582
332 1582
333 1582
334 1582
335 1582
336 1582
337 1582
338 1582
339 1582
340 1582
341 1582
342 1582
343 1582
344 1582
345 1582
346 1582
347 1582
348 1582
349 1582
350 1582
351 1582
352 1582
353 1582
354 1582
355 1583
356 1583
357 1583
358 1583
359 1584
360 1584
361 1584
362 1584
363 1584
364 1584
365 1584
366 1584
367 1584
368 1584
369 1584
370 1584
371 1584
372 1584
373 1584
374 1584
375 1584
376 1584
377 1584
378 1584
379 1584
380 1584
381 1584
382 1584
383 1584
384 1584
385 1584
386 1584
387 1584
388 1584
389 1584
390 1584
391 1584
392 1584
393 1583
394 1583
395 1583
396 1583
397 1582
398 1582
399 1581
400 1581
401 1581
402 1581
403 1580
404 1580
405 1580
406 1580
407 1580
408 1580
409 1580
410 1580
411 1580
412 1580
413 1580
414 1580
415 1580
416 1580
417 1580
418 1580
419 1580
420 1580
421 1580
422 1580
423 1580
424 1580
425 1580
426 1580
427 1581
428 1581
429 1581
430 1581
431 1582
432 1582
433 1582
434 1582
435 1582
436 1582
437 1582
438 1582
439 1581
440 1581
441 1581
442 1581
443 1580
444 1580
445 1581
446 1581
447 1581
448 1581
449 1582
450 1582
451 1582
452 1582
453 1582
454 1582
455 1582
456 1582
457 1582
458 1582
459 1582
460 1582
461 1583
462 1583
463 1583
464 1583
465 1584
466 1584
467 1585
468 1585
469 1585
470 1585
471 1586
472 1586
473 1586
474 1586
475 1586
476 1586
477 1586
478 1586
479 1587
480 1587
481 1587
482 1587
483 1588
484 1588
485 1588
486 1588
487 1588
488 1588
489 1588
490 1588
491 1588
492 1588
493 1588
494 1588
495 1588
496 1588
497 1588
498 1588
499 1588
500 1588
501 1588
502 1588
503 1588
504 1588
505 1588
506 1588
507 1588
508 1588
509 1589
510 1589
511 1589
512 1589
513 1590
514 1590
515 1590
516 1590
517 1590
518 1590
519 1591
520 1591
521 1591
522 1591
523 1592
524 1592
525 1592
526 1592
527 1592
528 1592
529 1592
530 1592
531 1592
532 1592
533 1592
534 1592
535 1592
536 1592
537 1592
538 1592
539 1592
540 1592
541 1592
542 1592
543 1592
544 1592
545 1593
546 1593
547 1593
548 1594
549 1595
550 1595
551 1595
552 1595
553 1596
554 1596
555 1596
556 1596
557 1596
558 1596
559 1596
560 1596
561 1596
562 1596
563 1596
564 1596
565 1596
566 1596
567 1596
568 1596
569 1596
570 1596
571 1596
572 1596
573 1596
574 1596
575 1596
576 1596
577 1596
578 1596
579 1597
580 1597
581 1597
582 1597
583 1598
584 1598
585 1598
586 1598
587 1599
588 1599
589 1599
590 1599
591 1600
592 1600
593 1600
594 1600
595 1600
596 1600
597 1600
598 1600
599 1601
600 1601
601 1601
602 1601
603 1602
604 1602
605 1601
606 1601
607 1601
608 1601
609 1600
610 1600
611 1600
612 1600
613 1600
614 1600
615 1600
616 1600
617 1600
618 1600
619 1600
620 1600
621 1600
622 1600
623 1600
624 1600
625 1600
626 1600
627 1600
628 1600
629 1600
630 1600
631 1600
632 1600
633 1600
634 1600
635 1600
636 1600
637 1600
638 1600
639 1600
640 1600
641 1600
642 1600
643 1600
644 1600
645 1600
646 1600
647 1600
648 1600
649 1600
650 1600
651 1600
652 1600
653 1600
654 1600
655 1600
656 1600
657 1600
658 1600
659 1600
660 1600
661 1600
662 1600
663 1600
664 1600
665 1600
666 1600
667 1600
668 1600
669 1599
670 1599
671 1599
672 1599
673 1598
674 1598
675 1598
676 1598
677 1598
678 1598
679 1598
680 1598
681 1598
682 1598
683 1598
684 1598
685 1598
686 1598
687 1598
688 1598
689 1598
690 1598
691 1598
692 1598
693 1598
694 1598
695 1598
696 1598
697 1598
698 1598
699 1598
700 1598
701 1598
702 1598
703 1598
704 1598
705 1598
706 1598
707 1598
708 1598
709 1598
710 1598
711 1597
712 1597
713 1597
714 1597
715 1596
716 1596
717 1596
718 1596
719 1595
720 1595
721 1594
722 1594
723 1593
724 1593
725 1592
726 1591
727 1591
728 1591
729 1590
730 1589
731 1589
732 1589
733 1588
734 1587
735 1587
736 1587
737 1586
738 1585
739 1584
740 1583
741 1583
741 1582
742 1581
743 1580
744 1579
745 1578
745 1577
746 1576
747 1575
748 1575
749 1574
750 1573
751 1572
752 1571
753 1571
753 1570
754 1569
755 1568
756 1567
757 1566
757 1565
757 1564
758 1563
759 1562
759 1561
760 1560
761 1559
761 1558
762 1557
763 1557
763 1556
764 1555
765 1555
765 1554
766 1553
767 1553
767 1552
768 1551
769 1550
770 1549
771 1548
771 1547
771 1546
771 1545
772 1544
772 1543
772 1542
772 1541
772 1540
772 1539
772 1538
772 1537
772 1536
772 1535
772 1534
772 1533
772 1532
772 1531
772 1530
772 1529
772 1528
772 1527
772 1526
772 1525
772 1524
772 1523
772 1522
772 1521
773 1520
773 1519
773 1518
773 1517
774 1516
774 1515
774 1514
774 1513
774 1512
774 1511
774 1510
774 1509
775 1508
775 1507
776 1506
777 1505
777 1504
778 1503
779 1503
779 1502
780 1501
781 1501
781 1500
782 1499
783 1499
783 1498
784 1497
785 1496
785 1495
786 1494
786 1493
787 1492
787 1491
787 1490
788 1489
789 1488
789 1487
789 1486
789 1485
790 1484
790 1483
790 1482
790 1481
790 1480
790 1479
790 1478
790 1477
790 1476
790 1475
790 1474
790 1473
790 1472
790 1471
790 1470
790 1469
790 1468
790 1467
790 1466
790 1465
789 1464
789 1463
789 1462
789 1461
788 1460
787 1459
787 1458
787 1457
786 1456
786 1455
786 1454
786 1453
785 1452
785 1451
784 1450
784 1449
783 1448
783 1447
782 1446
781 1445
781 1444
781 1443
780 1442
779 1441
778 1440
777 1439
777 1438
776 1437
775 1436
775 1435
774 1434
774 1433
773 1432
773 1431
772 1430
771 1429
771 1428
770 1428
769 1427
769 1426
768 1426
767 1425
767 1424
766 1424
765 1423
765 1422
764 1421
763 1420
763 1419
762 1418
761 1417
760 1416
759 1415
759 1414
758 1413
757 1412
757 1411
756 1410
755 1409
755 1408
755 1407
754 1406
753 1405
753 1404
753 1403
752 1402
751 1401
751 1400
751 1399
750 1398
749 1397
748 1396
748 1395
747 1394
747 1393
746 1392
745 1391
744 1390
743 1389
743 1388
742 1388
741 1387
740 1386
739 1385
738 1384
737 1384
736 1384
735 1383
734 1382
733 1382
732 1381
731 1381
730 1380
729 1380
728 1379
727 1379
726 1379
725 1379
724 1378
723 1378
722 1378
721 1378
720 1377
719 1377
718 1376
717 1376
716 1376
715 1376
714 1375
713 1375
712 1375
711 1375
710 1375
709 1375
708 1374
707 1374
706 1374
705 1374
704 1373
703 1373
702 1372
701 1372
700 1372
699 1371
698 1370
697 1370
696 1370
695 1370
694 1369
693 1369
692 1369
691 1369
690 1369
689 1369
688 1369
687 1369
686 1368
685 1368
684 1368
683 1367
682 1366
681 1366
680 1366
679 1366
678 1365
677 1365
676 1365
675 1365
674 1365
673 1365
672 1365
671 1365
670 1365
669 1365
668 1365
667 1365
666 1365
665 1365
664 1365
663 1365
662 1365
661 1365
660 1365
659 1365
658 1364
657 1364
656 1364
655 1364
654 1363
653 1363
652 1363
651 1363
650 1363
649 1363
648 1363
647 1363
646 1363
645 1363
644 1363
643 1363
642 1363
641 1363
640 1363
639 1363
638 1363
637 1363
636 1363
635 1363
634 1362
633 1362
632 1362
631 1362
630 1361
629 1361
628 1361
627 1361
626 1361
625 1361
624 1361
623 1361
622 1361
621 1361
620 1361
619 1361
618 1361
617 1361
616 1361
615 1361
614 1361
613 1361
612 1361
611 1361
610 1361
609 1361
608 1361
607 1361
606 1362
605 1362
604 1362
603 1362
602 1363
601 1364
600 1364
599 1364
598 1365
597 1365
596 1365
595 1365
594 1365
593 1365
592 1365
591 1365
590 1365
589 1365
588 1366
587 1366
586 1367
585 1367
584 1368
583 1368
582 1369
581 1369
580 1369
579 1369
578 1370
577 1370
576 1370
575 1370
574 1371
573 1371
572 1371
571 1371
570 1372
569 1372
568 1372
567 1372
566 1373
565 1374
564 1374
563 1374
562 1375
561 1375
560 1376
559 1376
558 1376
557 1376
556 1377
555 1377
554 1377
553 1377
552 1378
551 1378
550 1378
549 1378
548 1379
547 1379
546 1379
545 1379
544 1380
543 1380
542 1381
541 1382
540 1382
540 1383
539 1384
538 1384
538 1385
537 1386
536 1386
536 1387
535 1388
534 1388
534 1389
533 1390
532 1390
532 1391
531 1392
530 1392
529 1393
528 1394
527 1394
526 1395
525 1396
524 1396
523 1396
522 1397
521 1397
520 1397
519 1397
518 1397
517 1397
516 1397
515 1397
514 1397
513 1397
512 1397
511 1397
510 1396
509 1396
508 1396
507 1396
506 1395
505 1395
504 1395
503 1395
502 1394
501 1394
500 1394
499 1394
498 1393
497 1393
496 1393
495 1393
494 1394
493 1394
492 1394
491 1394
490 1395
489 1395
488 1395
487 1395
486 1395
485 1395
484 1395
483 1395
482 1395
481 1395
480 1396
479 1396
478 1396
477 1396
476 1397
475 1397
474 1397
473 1397
472 1397
471 1397
470 1397
469 1397
468 1397
467 1397
466 1397
465 1397
464 1397
463 1397
462 1397
461 1397
460 1398
459 1398
458 1398
457 1398
456 1399
455 1400
454 1400
453 1400
452 1401
451 1401
450 1401
449 1401
448 1402
447 1402
446 1402
445 1402
444 1403
443 1403
442 1403
441 1403
440 1403
439 1403
438 1403
437 1403
436 1403
435 1403
434 1403
433 1403
432 1403
431 1403
430 1402
429 1402
428 1402
427 1401
426 1400
425 1400
424 1400
423 1400
422 1399
421 1399
420 1399
419 1399
418 1399
417 1399
416 1399
415 1399
414 1399
413 1399
412 1399
411 1399
410 1400
409 1400
408 1400
407 1400
406 1401
405 1401
404 1400
403 1400
402 1399
401 1399
400 1398
399 1398
398 1397
397 1397
396 1397
395 1397
394 1397
393 1397
392 1397
391 1397
390 1397
389 1397
388 1397
387 1397
386 1397
385 1397
384 1397
383 1397
382 1396
381 1396
380 1396
379 1396
378 1395
377 1395
376 1395
375 1395
374 1395
373 1395
372 1395
371 1395
370 1395
369 1395
368 1395
367 1395
366 1396
365 1396
364 1396
363 1396
362 1397
361 1397
360 1397
359 1397
358 1397
357 1397
356 1397
355 1397
354 1397
353 1397
352 1397
351 1397
350 1397
349 1397
348 1397
347 1397
346 1397
345 1397
344 1397
343 1397
342 1397
341 1397
340 1397
339 1397
338 1397
337 1397
336 1397
335 1397
334 1397
333 1397
332 1397
331 1397
330 1396
329 1396
328 1396
327 1396
326 1395
325 1395
324 1395
323 1395
322 1395
321 1395
320 1395
319 1395
318 1395
317 1395
316 1395
315 1395
314 1395
313 1395
312 1395
311 1395
310 1394
309 1394
308 1394
307 1393
306 1392
305 1392
304 1392
303 1392
302 1391
301 1391
300 1391
299 1391
298 1391
297 1391
296 1391
295 1391
294 1390
293 1390
292 1390
291 1390
290 1389
289 1389
288 1389
287 1389
286 1389
285 1389
284 1389
283 1389
282 1389
281 1389
280 1389
279 1389
278 1389
277 1389
276 1389
275 1389
274 1388
273 1388
272 1388
271 1388
270 1387
269 1387
268 1386
267 1386
266 1385
265 1385
264 1384
263 1383
262 1382
261 1382
260 1382
259 1382
258 1381
257 1381
256 1381
255 1381
254 1381
253 1381
252 1381
251 1381
250 1381
249 1381
248 1381
247 1381
246 1381
245 1381
244 1381
243 1381
242 1381
241 1381
240 1381
239 1381
238 1381
237 1381
236 1381
235 1381
234 1381
233 1381
232 1380
231 1380
230 1380
229 1380
228 1379
227 1379
226 1379
225 1379
224 1379
223 1379
222 1378
221 1378
220 1378
219 1378
218 1377
217 1377
216 1376
215 1376
214 1376
213 1376
212 1375
211 1375
210 1375
209 1375
208 1375
207 1375
206 1375
205 1375
204 1375
203 1375
202 1375
201 1375
200 1375
199 1375
198 1375
197 1375
196 1375
195 1375
194 1374
193 1374
192 1374
191 1374
190 1373
189 1373
188 1373
187 1373
186 1373
185 1373
184 1372
183 1372
182 1372
181 1372
180 1371
179 1371
178 1371
177 1371
176 1371
175 1371
174 1371
173 1371
172 1370
171 1370
170 1370
169 1370
168 1369
167 1369
166 1369
165 1369
164 1369
163 1369
162 1369
161 1369
160 1369
159 1369
158 1369
157 1369
156 1368
155 1368
154 1367
153 1367
152 1366
151 1366
150 1365
149 1365
148 1365
147 1365
146 1365
145 1365
144 1365
143 1365
142 1365
141 1365
140 1364
139 1364
138 1364
137 1363
136 1362
135 1362
134 1362
133 1362
132 1361
131 1361
130 1361
129 1361
128 1361
127 1361
126 1361
125 1361
124 1361
123 1361
122 1361
121 1361
120 1360
119 1360
118 1359
117 1359
116 1358
115 1358
114 1357
113 1357
112 1357
111 1357
110 1357
109 1357
108 1357
107 1357
106 1357
105 1357
104 1356
103 1356
102 1356
101 1355
100 1354
99 1354
98 1354
97 1354
96 1353
95 1353
94 1352
93 1352
92 1352
91 1352
90 1351
89 1351
88 1351
87 1351
86 1351
85 1351
84 1350
83 1350
82 1350
81 1350
80 1349
79 1349
78 1349
77 1349
76 1349
75 1349
74 1349
73 1349
