697 1401
696 1402
695 1403
694 1404
693 1405
692 1406
691 1407
690 1408
689 1409
688 1410
687 1411
686 1412
686 1413
686 1414
685 1415
685 1416
685 1417
685 1418
685 1419
684 1420
684 1421
684 1422
683 1423
683 1424
682 1425
682 1426
682 1427
682 1428
682 1429
681 1430
681 1431
681 1432
681 1433
681 1434
681 1435
681 1436
681 1437
681 1438
681 1439
681 1440
681 1441
681 1442
681 1443
681 1444
681 1445
681 1446
681 1447
681 1448
681 1449
681 1450
681 1451
681 1452
681 1453
681 1454
681 1455
681 1456
681 1457
682 1458
682 1459
683 1460
683 1461
683 1462
683 1463
683 1464
683 1465
683 1466
683 1467
683 1468
683 1469
683 1470
683 1471
683 1472
683 1473
683 1474
683 1475
683 1476
683 1477
683 1478
683 1479
683 1480
684 1481
684 1482
684 1483
684 1484
684 1485
684 1486
684 1487
684 1488
684 1489
684 1490
684 1491
684 1492
684 1493
684 1494
683 1495
683 1496
683 1497
683 1498
682 1499
682 1500
682 1501
682 1502
681 1503
681 1504
681 1505
681 1506
680 1507
680 1508
679 1509
679 1510
678 1511
678 1512
678 1513
677 1514
677 1515
677 1516
677 1517
676 1518
675 1519
674 1520
673 1521
672 1522
671 1522
670 1523
669 1522
668 1522
667 1522
666 1522
665 1522
664 1523
663 1523
662 1524
661 1525
660 1526
659 1527
658 1528
657 1529
656 1529
655 1530
654 1531
653 1532
652 1533
651 1534
650 1535
650 1536
649 1537
648 1538
647 1539
646 1540
645 1541
644 1542
643 1543
642 1544
642 1545
642 1546
642 1547
641 1548
641 1549
641 1550
640 1551
640 1552
640 1553
640 1554
640 1555
639 1556
639 1557
639 1558
638 1559
638 1560
639 1561
639 1562
639 1563
639 1564
639 1565
639 1566
638 1567
637 1568
637 1569
636 1570
636 1571
636 1572
636 1573
636 1574
636 1575
637 1576
638 1577
639 1578
640 1578
641 1579
642 1579
643 1580
644 1580
645 1581
646 1581
647 1581
648 1582
649 1582
650 1582
651 1582
652 1582
653 1582
654 1582
655 1582
656 1581
657 1580
658 1580
659 1580
660 1580
661 1580
662 1580
663 1580
664 1580
665 1580
666 1580
667 1580
668 1580
669 1580
670 1580
671 1580
672 1580
673 1580
674 1580
675 1580
676 1580
677 1580
678 1580
679 1581
680 1581
681 1581
682 1581
683 1581
684 1581
685 1581
686 1582
687 1582
688 1583
689 1583
690 1584
691 1583
692 1583
693 1583
694 1583
695 1583
696 1583
697 1583
698 1582
699 1582
700 1582
701 1582
702 1582
703 1582
704 1582
705 1582
706 1582
707 1582
708 1581
709 1580
710 1580
711 1580
712 1580
713 1579
714 1579
715 1579
716 1578
717 1579
718 1579
719 1579
720 1579
721 1579
722 1579
723 1579
724 1579
725 1579
726 1579
727 1579
728 1579
729 1579
730 1579
731 1579
732 1579
733 1579
734 1579
735 1579
736 1579
737 1579
738 1579
739 1579
740 1579
741 1579
742 1580
743 1580
744 1580
745 1580
746 1580
747 1580
748 1580
749 1580
750 1580
751 1580
752 1580
753 1580
754 1580
755 1580
756 1580
757 1580
758 1580
759 1580
760 1580
761 1580
762 1580
763 1581
764 1581
765 1581
766 1581
767 1581
768 1581
769 1581
770 1581
771 1581
772 1581
773 1581
774 1581
775 1581
776 1581
777 1581
778 1581
779 1581
780 1581
781 1581
782 1581
783 1581
784 1581
785 1581
786 1581
787 1581
788 1581
789 1581
790 1581
791 1581
792 1581
793 1582
794 1583
795 1583
796 1583
797 1584
798 1584
799 1584
800 1585
801 1585
802 1585
803 1585
804 1585
805 1585
806 1585
807 1585
808 1585
809 1585
810 1585
811 1585
812 1585
813 1585
814 1585
815 1585
816 1585
817 1585
818 1585
819 1585
820 1585
821 1585
822 1585
823 1585
824 1585
825 1586
826 1586
827 1586
828 1586
829 1586
830 1586
831 1586
832 1586
833 1587
833 1588
833 1589
834 1590
835 1591
836 1592
837 1592
838 1592
839 1592
840 1592
841 1593
842 1593
843 1593
844 1594
845 1594
846 1595
847 1596
848 1597
849 1598
850 1599
851 1600
851 1601
852 1602
852 1603
852 1604
852 1605
853 1606
853 1607
854 1608
855 1609
856 1610
857 1610
858 1611
859 1611
860 1611
861 1612
862 1613
863 1613
864 1613
865 1613
866 1613
867 1613
868 1613
869 1613
870 1613
871 1613
872 1612
873 1611
874 1611
875 1610
876 1610
877 1610
878 1609
879 1609
880 1608
881 1608
882 1607
883 1606
884 1606
885 1605
886 1605
887 1604
888 1604
889 1603
890 1603
891 1603
892 1603
893 1602
894 1601
895 1601
896 1601
897 1601
898 1601
899 1601
900 1601
901 1601
902 1601
903 1601
904 1600
905 1600
906 1599
907 1599
908 1598
909 1598
910 1598
911 1598
912 1598
913 1599
914 1599
915 1599
916 1600
917 1600
918 1600
919 1600
920 1600
921 1600
922 1600
923 1600
924 1600
925 1600
926 1600
927 1600
928 1600
929 1600
930 1600
931 1600
932 1600
933 1600
934 1600
935 1600
936 1600
937 1600
938 1600
939 1600
940 1600
941 1600
942 1600
943 1600
944 1600
945 1600
946 1600
947 1600
948 1600
949 1600
950 1600
951 1600
952 1600
953 1600
954 1601
955 1601
956 1601
957 1601
958 1601
959 1601
960 1602
961 1602
962 1602
963 1602
964 1602
965 1602
966 1602
967 1602
968 1602
969 1602
970 1602
971 1602
972 1602
973 1602
974 1602
975 1602
976 1602
977 1602
978 1602
979 1602
980 1602
981 1602
982 1602
983 1602
984 1602
985 1602
986 1602
987 1602
988 1602
989 1602
990 1602
991 1602
992 1602
993 1602
994 1602
995 1602
996 1602
997 1602
997 1601
997 1600
997 1599
997 1598
998 1597
998 1596
999 1595
999 1594
999 1593
999 1592
1000 1591
1000 1590
1001 1589
1002 1588
1003 1587
1004 1586
1005 1585
1006 1585
1007 1585
1008 1585
1009 1585
1010 1584
1011 1584
1012 1584
1013 1584
1014 1583
1015 1583
1016 1583
1017 1583
1018 1583
1019 1583
1020 1583
1021 1583
1022 1583
1023 1584
1024 1584
1025 1584
1026 1585
1027 1585
1028 1585
1029 1584
1030 1584
1031 1583
1032 1582
1033 1581
1034 1580
1035 1579
1036 1578
1037 1577
1038 1576
1039 1575
1040 1575
1041 1575
1042 1575
1043 1575
1044 1575
1045 1575
1046 1575
1047 1575
1048 1575
1049 1575
1050 1574
1051 1574
1052 1574
1053 1573
1054 1572
1055 1572
1056 1571
1057 1570
1058 1570
1059 1570
1060 1569
1061 1569
1062 1568
1063 1567
1063 1566
1064 1565
1064 1564
1064 1563
1064 1562
1064 1561
1064 1560
1065 1559
1065 1558
1066 1557
1066 1556
1066 1555
1066 1554
1066 1553
1066 1552
1066 1551
1067 1550
1067 1549
1068 1548
1069 1547
1069 1546
1069 1545
1070 1544
1070 1543
1070 1542
1070 1541
1070 1540
1070 1539
1070 1538
1070 1537
1070 1536
1070 1535
1070 1534
1070 1533
1070 1532
1070 1531
1070 1530
1070 1529
1070 1528
1070 1527
1070 1526
1070 1525
1070 1524
1070 1523
1070 1522
1070 1521
1069 1520
1069 1519
1069 1518
1069 1517
1069 1516
1069 1515
1069 1514
1069 1513
1069 1512
1069 1511
1069 1510
1069 1509
1068 1508
1068 1507
1068 1506
1068 1505
1068 1504
1067 1503
1067 1502
1067 1501
1066 1500
1066 1499
1066 1498
1066 1497
1065 1496
1064 1495
1064 1494
1063 1493
1062 1492
1062 1491
1061 1490
1061 1489
1061 1488
1060 1487
1060 1486
1059 1485
1058 1484
1057 1483
1056 1482
1055 1481
1055 1480
1054 1479
1053 1478
1052 1477
1051 1476
1050 1475
1049 1474
1048 1474
1047 1473
1046 1472
1045 1471
1044 1471
1043 1470
1042 1470
1041 1469
1040 1468
1039 1467
1038 1467
1037 1466
1036 1465
1035 1464
1034 1463
1033 1462
1032 1461
1031 1460
1030 1459
1029 1458
1028 1458
1027 1457
1026 1457
1025 1456
1024 1455
1023 1455
1022 1454
1021 1454
1020 1454
1019 1453
1018 1453
1017 1452
1016 1452
1015 1452
1014 1451
1013 1451
1012 1450
1011 1449
1010 1449
1009 1449
1008 1448
1007 1447
1006 1446
1005 1445
1004 1444
1003 1444
1002 1443
1001 1443
1000 1442
999 1441
998 1440
997 1439
997 1438
996 1438
995 1437
994 1436
993 1436
992 1435
991 1435
990 1434
989 1433
988 1432
987 1431
987 1430
986 1429
985 1428
984 1427
983 1426
983 1425
982 1424
981 1423
981 1422
980 1421
979 1421
978 1421
977 1421
976 1421
975 1420
974 1420
973 1420
972 1420
971 1419
970 1419
969 1418
968 1418
967 1417
966 1417
965 1416
964 1416
963 1416
962 1415
961 1415
960 1415
959 1415
958 1415
957 1415
956 1415
955 1415
954 1415
953 1415
952 1415
951 1415
950 1415
949 1415
948 1415
947 1415
946 1415
945 1415
944 1415
943 1415
942 1415
941 1415
940 1415
939 1415
938 1415
937 1415
936 1415
935 1415
934 1415
933 1415
932 1415
931 1416
930 1416
929 1417
928 1418
928 1419
927 1420
927 1421
927 1422
927 1423
926 1424
925 1425
925 1426
924 1427
923 1428
922 1429
921 1430
920 1431
919 1431
918 1432
917 1433
916 1433
915 1433
914 1433
913 1434
912 1434
911 1434
910 1434
909 1434
908 1434
907 1434
906 1433
905 1433
904 1433
903 1432
902 1432
901 1431
900 1431
899 1430
898 1429
897 1429
896 1428
895 1428
894 1427
893 1426
892 1425
891 1424
890 1424
889 1423
888 1423
887 1423
886 1422
885 1421
884 1421
883 1421
882 1421
881 1421
880 1421
879 1421
878 1421
877 1421
876 1422
875 1422
874 1422
873 1423
872 1423
871 1423
870 1423
869 1423
868 1423
867 1423
866 1423
865 1424
864 1424
863 1424
862 1425
861 1425
860 1425
859 1426
858 1426
857 1426
856 1426
855 1426
854 1426
853 1427
852 1428
851 1429
850 1430
849 1431
848 1431
847 1432
846 1433
845 1433
844 1433
843 1434
842 1434
841 1434
840 1434
839 1434
838 1434
837 1434
836 1435
835 1434
834 1434
833 1434
832 1433
831 1433
830 1433
829 1432
828 1431
827 1430
826 1429
825 1428
824 1427
823 1426
822 1425
822 1424
822 1423
821 1422
821 1421
821 1420
820 1420
819 1420
818 1419
817 1419
816 1418
815 1418
814 1418
813 1417
812 1417
811 1417
810 1416
809 1416
808 1416
807 1415
806 1414
805 1414
804 1413
803 1413
802 1414
801 1414
800 1414
799 1414
798 1414
797 1414
796 1414
795 1413
794 1413
793 1414
792 1414
791 1414
790 1414
789 1414
788 1414
787 1414
786 1415
785 1415
784 1415
783 1415
782 1415
781 1415
780 1415
779 1415
778 1415
777 1415
776 1416
775 1416
774 1416
773 1416
772 1416
771 1417
770 1417
769 1417
768 1417
767 1417
766 1417
765 1417
764 1417
763 1416
762 1417
761 1417
760 1417
759 1417
758 1417
757 1417
756 1417
755 1416
754 1416
753 1417
752 1417
751 1417
750 1417
749 1417
748 1417
747 1417
746 1416
745 1416
744 1416
743 1416
742 1415
741 1415
740 1415
739 1415
738 1414
737 1414
736 1414
735 1413
734 1413
733 1413
732 1412
731 1412
730 1411
729 1411
728 1411
727 1410
726 1410
725 1410
724 1409
723 1408
722 1408
721 1407
720 1407
719 1407
718 1407
717 1407
716 1407
715 1407
714 1407
713 1406
712 1405
711 1404
710 1403
709 1403
708 1402
707 1402
706 1401
705 1401
704 1401
703 1401
702 1401
701 1401
700 1401
699 1401
698 1401
697 1401
