145 471
144 472
143 472
142 473
141 474
140 475
139 476
139 477
138 478
137 479
136 480
136 481
135 482
135 483
135 484
134 485
134 486
134 487
133 488
133 489
133 490
133 491
133 492
132 493
132 494
132 495
131 496
131 497
131 498
131 499
131 500
131 501
130 502
130 503
130 504
130 505
131 506
131 507
131 508
131 509
131 510
131 511
131 512
131 513
131 514
131 515
131 516
131 517
131 518
131 519
131 520
131 521
131 522
131 523
130 524
129 525
128 526
127 527
126 528
125 528
125 529
124 530
124 531
124 532
124 533
124 534
123 535
123 536
123 537
122 538
122 539
121 540
120 540
119 541
118 542
118 543
118 544
118 545
118 546
118 547
117 548
117 549
117 550
116 551
116 552
116 553
116 554
116 555
115 556
114 557
114 558
114 559
113 560
113 561
113 562
113 563
113 564
113 565
113 566
112 567
112 568
112 569
111 570
111 571
111 572
111 573
111 574
111 575
111 576
111 577
110 578
110 579
110 580
110 581
111 582
112 583
113 584
114 585
114 586
115 587
116 588
116 589
117 590
118 591
119 591
120 592
121 593
122 593
123 594
124 595
125 596
126 597
127 598
128 599
129 599
130 600
131 601
132 602
133 602
134 603
135 604
136 605
137 606
138 606
139 607
140 607
141 607
142 607
143 607
144 607
145 607
146 607
147 607
148 607
149 607
150 607
151 607
152 607
153 606
154 606
155 606
156 605
157 605
158 605
159 605
160 605
161 605
162 605
163 605
164 605
165 605
166 605
167 604
168 604
169 603
170 603
171 602
172 602
173 602
174 601
175 601
176 600
177 600
178 600
179 600
180 600
181 600
182 599
183 599
184 598
185 598
186 597
187 597
188 597
189 597
190 597
191 597
192 597
193 596
194 595
195 595
196 595
197 595
198 594
199 594
200 593
201 592
202 592
203 592
204 591
205 590
206 590
207 589
208 588
209 588
210 587
211 587
212 587
213 586
214 585
215 585
216 585
217 584
218 583
219 583
220 582
221 582
222 581
223 581
224 580
225 581
226 580
227 579
228 579
229 579
230 579
231 579
232 578
233 578
234 577
235 576
236 575
237 575
238 574
239 573
240 572
241 572
242 572
242 571
242 570
242 569
242 568
242 567
242 566
242 565
242 564
242 563
242 562
242 561
242 560
242 559
242 558
242 557
242 556
243 555
243 554
243 553
243 552
243 551
243 550
243 549
243 548
243 547
243 546
243 545
243 544
243 543
242 542
242 541
242 540
242 539
242 538
242 537
242 536
241 535
241 534
241 533
241 532
241 531
241 530
241 529
241 528
241 527
241 526
240 525
240 524
240 523
239 522
239 521
239 520
238 519
238 518
238 517
238 516
238 515
238 514
237 513
237 512
237 511
237 510
236 509
236 508
236 507
235 506
235 505
234 504
233 503
232 503
231 502
230 502
229 501
228 501
227 500
226 499
225 498
224 498
223 498
222 497
221 496
220 495
219 494
218 494
217 493
216 492
215 492
214 491
213 491
212 491
211 491
210 491
209 491
208 491
207 491
206 491
205 491
204 491
203 491
202 491
201 491
200 491
199 491
198 491
197 491
196 491
195 491
194 490
193 490
192 489
191 489
190 488
189 488
188 487
187 486
186 486
185 486
184 486
183 485
182 485
181 484
180 484
179 484
178 483
177 483
176 483
175 482
174 482
173 481
172 480
171 480
170 480
169 480
168 480
167 479
166 479
165 479
164 478
163 478
162 478
161 477
160 477
159 477
158 477
157 477
156 477
155 476
154 476
153 475
152 474
151 473
150 472
149 472
148 471
147 471
146 471
145 471
