390 998
389 999
388 999
387 999
386 1000
385 1000
384 1000
383 1001
382 1001
381 1001
380 1002
379 1002
378 1003
377 1003
376 1003
375 1003
374 1004
373 1004
372 1004
371 1004
370 1004
369 1005
368 1005
367 1005
366 1006
365 1007
364 1007
364 1008
363 1009
362 1010
362 1011
362 1012
362 1013
362 1014
362 1015
362 1016
362 1017
362 1018
362 1019
362 1020
362 1021
362 1022
363 1023
363 1024
363 1025
364 1026
364 1027
364 1028
364 1029
365 1030
365 1031
365 1032
365 1033
365 1034
366 1035
366 1036
366 1037
366 1038
366 1039
366 1040
367 1041
367 1042
367 1043
368 1044
368 1045
368 1046
368 1047
368 1048
369 1049
369 1050
369 1051
369 1052
370 1053
370 1054
370 1055
371 1056
372 1057
373 1058
374 1059
375 1060
376 1060
377 1061
378 1062
379 1063
380 1063
381 1064
382 1064
383 1064
384 1064
385 1063
386 1063
387 1062
388 1062
389 1062
390 1061
391 1061
392 1060
393 1060
394 1059
395 1059
396 1058
397 1058
398 1058
399 1058
400 1058
401 1057
402 1057
403 1057
404 1056
405 1057
406 1056
407 1056
408 1056
409 1055
410 1055
411 1054
412 1053
413 1053
414 1053
415 1053
416 1053
417 1053
418 1053
419 1053
420 1053
421 1053
422 1053
423 1052
424 1052
425 1052
426 1052
427 1052
428 1052
429 1052
430 1052
431 1052
432 1052
433 1052
434 1052
435 1052
436 1052
437 1052
438 1052
439 1052
440 1052
441 1052
442 1052
443 1052
444 1052
445 1052
446 1052
447 1051
448 1051
449 1051
450 1050
451 1050
452 1049
453 1048
454 1048
455 1048
456 1048
457 1047
458 1046
459 1045
459 1044
459 1043
459 1042
459 1041
459 1040
459 1039
459 1038
459 1037
459 1036
458 1035
458 1034
458 1033
457 1032
457 1031
457 1030
456 1029
456 1028
455 1027
454 1026
453 1025
452 1024
451 1023
450 1022
449 1021
448 1021
447 1020
446 1020
445 1019
444 1018
443 1018
442 1017
441 1016
440 1016
439 1016
438 1015
437 1015
436 1014
435 1014
434 1013
433 1013
432 1012
431 1012
430 1012
429 1011
428 1011
427 1010
426 1010
425 1009
424 1008
423 1008
422 1008
421 1007
420 1007
419 1007
418 1006
417 1006
416 1005
415 1005
414 1005
413 1005
412 1004
411 1004
410 1004
409 1003
408 1003
407 1003
406 1003
405 1003
404 1002
403 1002
402 1001
401 1001
400 1001
399 1000
398 1000
397 1000
396 999
395 999
394 999
393 999
392 998
391 998
390 998
