804 107
803 108
802 108
801 108
800 108
799 108
798 108
797 109
796 109
795 109
794 109
793 109
792 109
791 109
790 109
789 109
788 109
787 109
786 109
785 109
784 109
783 109
782 109
781 110
780 110
779 110
778 110
777 110
776 111
775 112
774 112
773 113
772 113
771 114
770 115
769 115
768 115
767 115
766 116
765 116
764 117
763 117
762 118
761 119
760 120
759 120
758 121
757 121
756 122
755 122
754 123
753 124
752 124
751 125
750 125
749 126
748 126
747 127
746 128
745 129
744 130
743 131
742 132
741 133
740 134
739 135
738 136
738 137
738 138
738 139
738 140
738 141
738 142
738 143
739 144
740 145
741 145
742 146
743 146
744 147
745 148
746 148
747 149
748 150
749 150
750 150
751 151
752 151
753 151
754 151
755 151
756 152
757 152
758 153
759 153
760 154
761 154
762 155
763 155
764 155
765 156
766 156
767 156
768 157
769 157
770 158
771 158
772 159
773 159
774 159
775 160
776 161
777 161
778 162
779 162
780 163
781 163
782 164
783 164
784 165
785 165
786 166
787 167
788 167
789 168
790 168
791 169
792 169
793 170
794 170
795 170
796 170
797 170
798 170
799 170
800 171
801 171
802 171
803 172
804 172
805 172
806 173
807 173
808 174
809 174
810 174
811 174
812 174
813 174
814 175
815 175
816 175
817 175
818 176
819 176
820 176
821 176
822 177
823 177
824 177
825 177
826 177
827 177
828 177
829 177
830 177
831 177
832 177
833 177
834 177
835 177
836 177
837 177
838 177
839 177
840 177
841 177
842 177
843 177
844 177
845 177
846 177
847 176
848 176
849 175
850 175
851 174
852 173
853 173
854 172
855 171
856 170
857 169
858 168
859 167
860 167
861 167
862 166
863 165
864 164
865 163
866 162
867 161
868 160
869 159
870 158
871 157
872 156
873 155
873 154
873 153
873 152
873 151
873 150
873 149
873 148
873 147
873 146
873 145
873 144
872 143
872 142
872 141
872 140
871 139
871 138
870 137
869 136
868 135
867 134
866 133
865 132
864 131
863 131
862 130
861 129
860 129
859 128
858 128
857 127
856 126
855 125
854 124
853 123
852 122
851 121
850 121
849 120
848 120
847 120
846 119
845 118
844 117
843 117
842 116
841 116
840 116
839 115
838 114
837 114
836 114
835 114
834 113
833 113
832 112
831 112
830 111
829 111
828 110
827 110
826 109
825 109
824 109
823 108
822 108
821 108
820 108
819 108
818 107
817 107
816 107
815 107
814 107
813 107
812 107
811 107
810 107
809 107
808 107
807 107
806 107
805 107
804 107
