177 1015
176 1016
175 1016
174 1016
173 1017
172 1018
171 1018
170 1018
169 1018
168 1018
167 1018
166 1017
165 1017
164 1017
163 1017
162 1017
161 1017
160 1017
159 1017
158 1017
157 1017
156 1017
155 1017
154 1017
153 1018
152 1018
151 1018
150 1018
149 1018
148 1018
147 1018
146 1018
145 1019
144 1019
143 1019
142 1020
141 1021
140 1021
139 1022
138 1023
137 1024
136 1025
136 1026
136 1027
136 1028
136 1029
136 1030
136 1031
136 1032
136 1033
136 1034
136 1035
136 1036
137 1037
137 1038
137 1039
138 1040
138 1041
138 1042
139 1043
139 1044
139 1045
139 1046
139 1047
139 1048
139 1049
139 1050
139 1051
139 1052
139 1053
138 1054
138 1055
138 1056
137 1057
138 1058
138 1059
138 1060
138 1061
138 1062
138 1063
138 1064
138 1065
138 1066
138 1067
138 1068
138 1069
138 1070
138 1071
137 1072
137 1073
137 1074
136 1075
136 1076
136 1077
135 1078
135 1079
135 1080
134 1081
134 1082
134 1083
133 1084
133 1085
132 1086
132 1087
131 1088
131 1089
130 1090
130 1091
130 1092
130 1093
130 1094
130 1095
130 1096
129 1097
129 1098
128 1099
128 1100
127 1101
127 1102
127 1103
126 1104
126 1105
126 1106
126 1107
126 1108
126 1109
126 1110
127 1111
127 1112
128 1113
129 1114
130 1115
131 1116
132 1117
132 1118
133 1119
133 1120
133 1121
134 1122
134 1123
134 1124
135 1125
135 1126
135 1127
136 1128
137 1129
138 1130
139 1131
140 1132
141 1133
142 1134
143 1134
144 1135
145 1135
146 1135
147 1135
148 1135
149 1134
150 1134
151 1134
152 1133
153 1133
154 1133
155 1132
156 1132
157 1131
158 1131
159 1130
160 1129
161 1129
162 1128
163 1128
164 1127
165 1127
166 1126
167 1126
168 1126
169 1126
170 1126
171 1126
172 1126
173 1126
174 1126
175 1126
176 1126
177 1126
178 1126
179 1126
180 1126
181 1126
182 1126
183 1126
184 1126
185 1126
186 1126
187 1126
188 1126
189 1126
190 1126
191 1126
192 1126
193 1125
194 1125
195 1124
196 1124
197 1123
198 1122
199 1121
200 1120
201 1120
202 1120
203 1120
204 1119
205 1118
206 1117
207 1116
208 1115
209 1114
210 1113
211 1112
212 1111
213 1110
214 1109
215 1108
216 1108
217 1107
218 1106
219 1106
219 1105
220 1104
221 1104
222 1103
223 1103
224 1103
225 1102
226 1102
227 1102
228 1101
229 1100
230 1099
231 1098
232 1097
233 1096
234 1095
235 1094
236 1093
237 1092
238 1091
239 1091
239 1090
240 1089
241 1088
241 1087
241 1086
241 1085
241 1084
241 1083
241 1082
241 1081
241 1080
241 1079
241 1078
242 1077
242 1076
242 1075
242 1074
242 1073
242 1072
242 1071
242 1070
242 1069
242 1068
241 1067
241 1066
241 1065
240 1064
240 1063
239 1062
238 1061
237 1060
236 1059
236 1058
235 1057
234 1056
233 1055
232 1054
231 1053
230 1052
230 1051
229 1050
229 1049
228 1048
228 1047
227 1046
227 1045
226 1044
226 1043
225 1042
225 1041
224 1040
223 1039
222 1038
221 1037
220 1036
219 1035
218 1035
217 1034
216 1034
215 1033
214 1032
213 1032
212 1031
211 1031
210 1030
209 1030
208 1030
207 1030
206 1030
205 1030
204 1030
203 1030
202 1030
201 1029
200 1028
199 1028
198 1028
197 1028
196 1027
195 1027
194 1026
193 1026
192 1025
191 1025
190 1024
189 1023
189 1022
188 1021
188 1020
188 1019
187 1018
187 1017
186 1016
185 1016
184 1016
183 1015
182 1015
181 1015
180 1015
179 1015
178 1015
177 1015
