295 2122
294 2123
293 2123
292 2123
291 2123
290 2123
289 2123
288 2123
287 2124
286 2124
285 2125
284 2125
283 2125
282 2125
281 2125
280 2125
279 2126
278 2126
277 2126
276 2126
275 2127
274 2128
273 2128
272 2129
272 2130
271 2131
270 2132
269 2132
268 2133
267 2134
267 2135
266 2136
265 2137
264 2138
263 2139
263 2140
262 2141
261 2142
261 2143
261 2144
260 2145
259 2146
259 2147
259 2148
260 2149
261 2150
262 2151
263 2151
264 2151
265 2152
266 2152
267 2153
268 2153
269 2153
270 2154
271 2154
272 2154
273 2154
274 2154
275 2154
276 2155
277 2155
278 2155
279 2155
280 2155
281 2155
282 2155
283 2155
284 2155
285 2155
286 2155
287 2155
288 2155
289 2155
290 2155
291 2155
292 2155
293 2155
294 2155
295 2155
296 2156
297 2156
298 2156
299 2156
300 2156
301 2156
302 2156
303 2156
304 2156
305 2156
306 2156
307 2156
308 2156
309 2156
310 2156
311 2156
312 2156
313 2156
314 2156
315 2157
316 2157
317 2158
318 2158
319 2158
320 2158
321 2158
322 2158
323 2158
324 2158
325 2158
326 2158
327 2158
328 2158
329 2158
330 2158
331 2158
332 2158
333 2158
334 2158
335 2158
336 2157
337 2156
337 2155
337 2154
337 2153
337 2152
337 2151
337 2150
337 2149
336 2148
336 2147
335 2146
335 2145
335 2144
334 2143
334 2142
334 2141
334 2140
333 2139
333 2138
333 2137
332 2136
332 2135
332 2134
331 2133
330 2132
329 2131
328 2130
327 2129
326 2128
325 2127
324 2127
323 2126
322 2125
321 2124
320 2123
319 2123
318 2123
317 2123
316 2123
315 2123
314 2123
313 2123
312 2123
311 2123
310 2123
309 2123
308 2123
307 2123
306 2123
305 2123
304 2123
303 2123
302 2123
301 2123
300 2123
299 2123
298 2123
297 2122
296 2122
295 2122
