633 578
632 579
631 579
630 580
629 580
628 580
627 580
626 580
625 580
624 580
623 580
622 581
621 581
620 581
619 581
618 581
617 581
616 581
615 581
614 581
613 581
612 581
611 582
610 583
609 583
608 584
607 584
606 584
605 583
604 583
603 583
602 583
601 583
600 583
599 583
598 583
597 583
596 583
595 583
594 583
593 583
592 583
591 583
590 583
589 583
588 583
587 583
586 583
585 582
584 582
583 582
582 581
581 581
580 581
579 581
578 581
577 581
576 580
575 580
574 580
573 580
572 579
571 579
570 579
569 579
568 579
567 579
566 579
565 579
564 579
563 579
562 579
561 579
560 579
559 579
558 579
557 579
556 579
555 579
554 579
553 579
552 579
551 579
550 580
549 581
549 582
549 583
549 584
549 585
549 586
548 587
548 588
548 589
547 590
547 591
547 592
546 593
546 594
545 595
546 596
546 597
547 597
548 598
549 599
550 600
551 601
552 602
552 603
553 604
554 605
555 606
556 606
557 606
558 606
559 606
560 607
561 607
562 608
563 609
564 610
565 611
566 612
566 613
567 614
567 615
568 616
569 617
570 618
570 619
571 620
571 621
572 622
573 623
574 623
575 624
576 624
577 624
578 624
579 624
580 625
581 626
582 627
583 628
584 629
585 629
586 630
587 630
588 631
589 631
590 632
591 633
592 633
593 634
594 634
595 634
596 635
597 635
598 635
599 635
600 635
601 635
602 635
603 635
604 635
605 635
606 635
607 635
608 635
609 635
610 634
611 634
612 634
613 633
614 633
615 632
616 632
617 632
618 631
619 631
620 631
621 631
622 631
623 631
624 631
625 631
626 631
627 630
628 630
629 630
630 630
631 630
632 630
633 630
634 630
635 630
636 630
637 630
638 630
639 630
640 630
641 630
642 630
643 630
644 630
645 630
646 630
647 630
648 630
649 630
650 630
651 630
652 630
653 630
654 630
655 630
656 630
657 630
658 630
659 629
660 628
660 627
660 626
660 625
660 624
660 623
660 622
660 621
660 620
660 619
660 618
660 617
661 616
661 615
661 614
661 613
661 612
661 611
661 610
661 609
661 608
661 607
661 606
661 605
661 604
661 603
660 602
660 601
660 600
660 599
659 598
659 597
658 596
658 595
657 594
657 593
656 592
655 591
655 590
654 589
654 588
654 587
653 586
653 585
652 584
651 583
650 582
649 581
648 580
647 579
646 578
645 578
644 578
643 578
642 578
641 578
640 578
639 578
638 578
637 578
636 578
635 578
634 578
633 578
