94 742
93 743
92 744
91 745
90 746
89 746
88 747
88 748
87 749
86 750
86 751
85 752
85 753
84 754
84 755
83 756
83 757
82 758
82 759
82 760
81 761
80 762
80 763
79 764
79 765
78 766
77 767
77 768
76 769
76 770
75 771
75 772
74 773
74 774
74 775
73 776
73 777
73 778
73 779
73 780
74 781
74 782
75 783
76 784
77 784
78 785
79 786
80 787
81 787
82 788
83 788
84 789
85 789
86 789
87 790
88 790
89 791
90 791
91 792
92 793
92 794
93 795
94 796
94 797
95 797
96 798
97 799
98 799
99 800
100 801
101 802
102 803
103 803
104 803
105 804
106 804
107 805
108 805
109 805
110 806
111 806
112 806
113 807
114 807
115 807
116 807
117 808
118 808
119 808
120 809
121 809
122 809
123 809
124 809
125 809
126 810
127 810
128 810
129 810
130 810
131 810
132 810
133 811
134 811
135 811
136 812
137 812
138 812
139 813
140 813
141 813
142 814
143 814
144 814
145 814
146 815
147 815
148 815
149 815
150 815
151 815
152 815
153 815
154 815
155 815
156 815
157 815
158 815
159 815
160 815
161 815
162 815
163 815
164 815
165 815
166 816
167 816
168 816
169 817
170 817
171 817
172 817
173 817
174 817
175 817
176 817
177 817
178 817
179 817
180 817
181 817
182 817
183 817
184 817
185 817
186 817
187 817
188 817
189 817
190 817
191 816
192 816
193 815
194 814
195 813
195 812
196 811
196 810
197 809
197 808
198 807
199 806
200 805
201 804
202 803
203 802
204 801
205 800
206 799
207 798
207 797
208 796
208 795
209 794
210 793
211 793
212 793
213 793
214 792
215 792
216 792
217 791
218 791
219 791
220 790
221 790
222 790
223 790
224 789
225 789
226 789
227 789
228 789
229 789
230 789
231 789
232 789
233 789
234 789
235 789
236 789
237 789
238 788
239 788
240 788
241 787
242 787
243 787
244 786
245 786
246 785
247 785
248 784
249 783
250 783
251 783
252 782
253 781
254 780
254 779
254 778
255 777
255 776
255 775
255 774
256 773
256 772
256 771
256 770
255 769
254 768
253 768
252 768
251 768
250 767
249 767
248 766
247 766
246 765
245 764
244 763
243 763
242 762
241 762
240 761
239 761
238 760
237 759
236 759
235 759
234 758
233 758
232 758
231 757
230 756
229 756
228 755
227 754
226 754
225 753
224 752
223 751
222 751
221 750
220 750
219 750
218 749
217 749
216 749
215 749
214 749
213 748
212 747
211 747
210 746
209 746
208 745
207 744
206 744
205 743
204 743
203 743
202 743
201 743
200 743
199 742
198 742
197 742
196 742
195 742
194 742
193 742
192 743
191 743
190 743
189 743
188 743
187 744
186 744
185 744
184 744
183 744
182 745
181 745
180 745
179 746
178 746
177 746
176 746
175 746
174 746
173 747
172 746
171 746
170 746
169 746
168 746
167 747
166 747
165 747
164 747
163 747
162 748
161 748
160 748
159 748
158 748
157 748
156 749
155 749
154 749
153 749
152 750
151 749
150 749
149 749
148 749
147 748
146 748
145 747
144 747
143 747
142 747
141 747
140 747
139 746
138 746
137 745
136 745
135 744
134 744
133 744
132 744
131 744
130 744
129 744
128 744
127 744
126 744
125 744
124 744
123 744
122 744
121 744
120 744
119 744
118 744
117 744
116 744
115 744
114 744
113 744
112 744
111 744
110 744
109 744
108 744
107 743
106 743
105 743
104 743
103 743
102 743
101 743
100 743
99 743
98 743
97 742
96 742
95 742
94 742
