153 1839
152 1840
151 1840
150 1841
149 1842
148 1843
147 1844
147 1845
147 1846
147 1847
147 1848
147 1849
147 1850
147 1851
147 1852
148 1853
148 1854
148 1855
148 1856
148 1857
148 1858
148 1859
148 1860
148 1861
148 1862
148 1863
148 1864
148 1865
148 1866
148 1867
148 1868
148 1869
148 1870
149 1871
149 1872
149 1873
150 1874
150 1875
150 1876
150 1877
150 1878
150 1879
150 1880
151 1881
151 1882
151 1883
151 1884
151 1885
151 1886
151 1887
152 1888
152 1889
152 1890
152 1891
152 1892
152 1893
152 1894
152 1895
152 1896
152 1897
152 1898
152 1899
153 1900
153 1901
153 1902
153 1903
153 1904
153 1905
153 1906
153 1907
154 1908
154 1909
154 1910
155 1911
155 1912
155 1913
156 1914
156 1915
157 1915
158 1916
159 1916
160 1916
161 1916
162 1916
163 1916
164 1916
165 1916
166 1916
167 1917
168 1918
169 1919
170 1920
171 1921
172 1922
173 1922
174 1923
175 1923
176 1923
177 1924
178 1924
179 1924
180 1924
181 1924
182 1925
183 1925
184 1925
185 1926
186 1926
187 1926
188 1926
189 1926
190 1926
191 1926
192 1926
193 1926
194 1926
195 1926
196 1926
197 1926
198 1926
199 1926
200 1926
201 1926
202 1926
203 1926
204 1926
205 1926
206 1926
207 1926
208 1926
209 1926
210 1926
211 1926
212 1926
213 1926
214 1925
215 1925
216 1924
217 1924
218 1923
219 1922
220 1921
221 1921
221 1920
222 1919
222 1918
222 1917
222 1916
222 1915
222 1914
222 1913
222 1912
222 1911
222 1910
222 1909
222 1908
222 1907
222 1906
222 1905
222 1904
222 1903
222 1902
222 1901
222 1900
222 1899
222 1898
222 1897
222 1896
222 1895
222 1894
222 1893
222 1892
222 1891
222 1890
222 1889
221 1888
221 1887
221 1886
220 1885
221 1884
220 1883
220 1882
220 1881
219 1880
218 1879
217 1878
216 1878
215 1878
214 1877
213 1876
212 1876
211 1875
210 1874
209 1874
208 1873
207 1872
206 1872
205 1871
204 1870
203 1869
202 1869
201 1868
200 1867
200 1866
199 1865
198 1865
197 1864
196 1863
195 1862
194 1861
193 1860
192 1860
191 1859
190 1859
189 1858
188 1858
187 1858
186 1858
185 1857
184 1856
183 1856
182 1856
181 1855
180 1855
179 1855
178 1855
177 1855
176 1855
175 1855
174 1855
173 1855
172 1854
171 1854
170 1853
169 1852
168 1851
167 1850
166 1849
165 1848
164 1847
163 1846
162 1845
161 1844
160 1843
159 1842
158 1841
157 1840
156 1839
155 1839
154 1839
153 1839
