155 1401
154 1402
153 1402
152 1402
151 1402
150 1402
149 1402
148 1402
147 1402
146 1402
145 1402
144 1402
143 1402
142 1402
141 1402
140 1403
139 1403
138 1403
137 1403
136 1404
135 1404
134 1405
133 1406
132 1407
131 1408
130 1408
129 1408
128 1408
127 1408
126 1408
125 1409
124 1409
123 1409
122 1410
121 1410
120 1411
119 1412
118 1413
117 1414
116 1415
115 1416
114 1417
113 1418
113 1419
112 1420
112 1421
112 1422
112 1423
112 1424
111 1425
111 1426
111 1427
112 1428
112 1429
113 1429
114 1430
115 1430
116 1430
117 1430
118 1430
119 1430
120 1430
121 1430
122 1430
123 1430
124 1430
125 1430
126 1430
127 1430
128 1430
129 1430
130 1430
131 1430
132 1430
133 1430
134 1430
135 1430
136 1430
137 1430
138 1430
139 1430
140 1430
141 1430
142 1430
143 1430
144 1430
145 1430
146 1430
147 1430
148 1430
149 1430
150 1430
151 1430
152 1430
153 1430
154 1430
155 1430
156 1430
157 1430
158 1429
159 1429
160 1429
161 1428
162 1428
163 1428
164 1428
165 1428
166 1428
167 1428
168 1428
169 1428
170 1428
171 1427
172 1427
173 1426
174 1425
175 1424
175 1423
176 1422
177 1421
178 1420
178 1419
179 1418
179 1417
179 1416
179 1415
179 1414
179 1413
178 1412
178 1411
178 1410
178 1409
178 1408
178 1407
177 1406
177 1405
177 1404
177 1403
176 1402
175 1401
174 1401
173 1401
172 1401
171 1401
170 1401
169 1401
168 1401
167 1401
166 1401
165 1401
164 1401
163 1401
162 1401
161 1401
160 1401
159 1401
158 1401
157 1401
156 1401
155 1401
