469 1909
468 1910
467 1910
466 1910
465 1911
464 1912
463 1913
462 1914
461 1914
460 1915
459 1915
458 1916
457 1917
456 1918
455 1919
454 1920
453 1920
452 1921
451 1922
450 1922
449 1923
448 1924
447 1924
446 1925
445 1926
444 1927
443 1928
442 1929
441 1930
441 1931
440 1932
440 1933
439 1934
438 1935
437 1936
436 1937
436 1938
435 1939
435 1940
436 1941
436 1942
436 1943
436 1944
436 1945
437 1946
437 1947
437 1948
438 1949
438 1950
438 1951
439 1952
440 1952
441 1953
442 1953
443 1954
444 1954
445 1955
446 1956
447 1957
448 1958
449 1959
450 1960
451 1961
452 1962
453 1963
453 1964
454 1965
455 1966
456 1967
457 1968
458 1968
459 1968
460 1968
461 1968
462 1968
463 1968
464 1969
465 1970
466 1971
467 1972
468 1973
469 1974
470 1975
471 1975
472 1975
473 1975
474 1975
475 1975
476 1975
477 1975
478 1975
479 1975
480 1975
481 1975
482 1975
483 1975
484 1975
485 1975
486 1975
487 1975
488 1975
489 1975
490 1975
491 1974
492 1973
493 1973
494 1973
495 1973
496 1973
497 1972
498 1972
499 1972
500 1971
501 1971
502 1970
503 1970
504 1970
505 1971
506 1972
507 1972
508 1973
509 1973
510 1973
511 1973
512 1973
513 1973
514 1973
515 1973
516 1973
517 1973
518 1973
519 1973
520 1973
521 1973
522 1972
523 1972
524 1972
525 1972
526 1972
527 1972
528 1972
529 1972
530 1972
531 1972
532 1972
533 1972
534 1971
535 1971
536 1971
537 1970
538 1970
539 1970
540 1970
541 1969
542 1968
543 1968
544 1968
545 1968
546 1968
547 1968
548 1967
549 1967
550 1966
551 1966
552 1965
553 1965
554 1965
555 1965
556 1965
557 1965
558 1965
559 1965
560 1965
561 1965
562 1964
563 1964
564 1964
565 1963
566 1962
567 1962
568 1961
569 1960
570 1960
571 1959
572 1959
573 1958
574 1957
574 1956
575 1955
575 1954
576 1953
576 1952
577 1951
577 1950
577 1949
577 1948
577 1947
577 1946
577 1945
577 1944
577 1943
577 1942
577 1941
577 1940
577 1939
577 1938
577 1937
577 1936
577 1935
577 1934
577 1933
577 1932
577 1931
577 1930
577 1929
577 1928
576 1927
576 1926
575 1925
574 1925
573 1924
572 1924
571 1923
570 1922
569 1922
568 1921
567 1921
566 1920
565 1920
564 1919
563 1919
562 1918
561 1917
560 1917
559 1917
558 1916
557 1916
556 1916
555 1916
554 1916
553 1916
552 1916
551 1916
550 1916
549 1916
548 1916
547 1916
546 1916
545 1917
544 1917
543 1917
542 1917
541 1917
540 1917
539 1917
538 1918
537 1918
536 1918
535 1918
534 1918
533 1917
532 1917
531 1916
530 1916
529 1916
528 1916
527 1916
526 1916
525 1916
524 1916
523 1916
522 1916
521 1916
520 1916
519 1916
518 1916
517 1916
516 1916
515 1916
514 1916
513 1916
512 1916
511 1916
510 1916
509 1916
508 1916
507 1915
506 1915
505 1915
504 1914
503 1914
502 1914
501 1914
500 1914
499 1914
498 1914
497 1914
496 1914
495 1914
494 1914
493 1913
492 1913
491 1913
490 1913
489 1913
488 1913
487 1913
486 1913
485 1913
484 1912
483 1912
482 1912
481 1912
480 1912
479 1911
478 1911
477 1911
476 1910
475 1910
474 1910
473 1909
472 1909
471 1909
470 1909
469 1909
