201 598
200 599
199 599
198 599
197 599
196 600
195 601
194 601
193 601
192 601
191 602
190 602
189 602
188 603
187 603
186 603
185 604
184 604
184 605
183 606
182 607
182 608
182 609
182 610
182 611
181 612
181 613
180 614
180 615
180 616
180 617
180 618
180 619
181 620
182 621
183 622
184 623
185 624
186 624
187 625
188 625
189 625
190 626
191 626
192 626
193 626
194 626
195 626
196 626
197 626
198 626
199 626
200 626
201 626
202 627
203 627
204 627
205 628
206 628
207 628
208 628
209 628
210 628
211 628
212 629
213 629
214 629
215 629
216 629
217 629
218 630
219 630
220 631
221 631
222 631
223 631
224 631
225 632
226 632
227 632
228 633
229 633
230 633
231 633
232 633
233 633
234 633
235 632
236 632
237 632
238 631
239 631
240 631
241 631
242 630
243 629
244 629
245 629
246 628
247 628
248 627
249 627
250 626
251 626
252 625
252 624
253 623
253 622
252 621
252 620
252 619
251 618
251 617
250 616
250 615
249 614
249 613
249 612
249 611
249 610
248 609
247 608
246 608
245 607
244 607
243 606
242 605
241 604
240 604
239 604
238 604
237 604
236 604
235 604
234 604
233 604
232 604
231 604
230 604
229 604
228 604
227 603
226 603
225 602
224 601
223 601
222 600
221 599
220 599
219 598
218 598
217 598
216 598
215 598
214 598
213 598
212 598
211 598
210 598
209 598
208 598
207 598
206 598
205 598
204 598
203 598
202 598
201 598
