207 44
206 45
205 45
204 46
203 46
202 46
201 46
200 46
199 46
198 46
197 46
196 46
195 46
194 46
193 46
192 46
191 46
190 46
189 46
188 46
187 46
186 45
185 45
184 45
183 45
182 45
181 45
180 45
179 45
178 45
177 45
176 45
175 45
174 45
173 45
172 45
171 45
170 45
169 45
168 45
167 45
166 45
165 45
164 46
163 46
162 46
161 46
160 46
159 46
158 46
157 46
156 46
155 46
154 45
153 45
152 45
151 45
150 45
149 46
148 46
147 46
146 47
145 47
144 48
143 48
142 48
141 48
140 48
139 48
138 48
137 48
136 48
135 48
134 48
133 48
132 48
131 48
130 48
129 48
128 48
127 49
126 49
125 50
124 50
123 51
122 51
121 51
120 52
119 52
118 53
117 53
116 53
115 53
114 54
113 54
112 54
111 54
110 55
109 55
108 55
107 56
106 57
105 57
104 58
103 58
102 58
101 59
100 59
99 59
98 60
97 60
96 61
95 61
94 62
93 63
92 64
91 65
90 66
90 67
89 68
89 69
89 70
89 71
89 72
89 73
89 74
90 75
90 76
91 77
92 78
93 78
94 79
95 79
96 79
97 80
98 80
99 80
100 80
101 80
102 80
103 80
104 80
105 80
106 80
107 80
108 80
109 80
110 80
111 80
112 80
113 80
114 80
115 80
116 80
117 80
118 81
119 82
120 82
121 83
122 83
123 83
124 84
125 84
126 84
127 84
128 85
129 85
130 85
131 85
132 85
133 85
134 85
135 85
136 85
137 85
138 86
139 86
140 86
141 86
142 86
143 86
144 86
145 86
146 87
147 87
148 87
149 88
150 88
151 88
152 88
153 88
154 88
155 88
156 88
157 88
158 89
159 89
160 89
161 89
162 89
163 89
164 89
165 90
166 90
167 90
168 90
169 90
170 90
171 90
172 90
173 90
174 90
175 90
176 90
177 90
178 90
179 90
180 90
181 90
182 89
183 89
184 89
185 89
186 89
187 89
188 89
189 89
190 89
191 89
192 89
193 89
194 89
195 89
196 89
197 89
198 89
199 89
200 89
201 89
202 89
203 89
204 89
205 89
206 89
207 89
208 89
209 89
210 89
211 89
212 89
213 89
214 89
215 89
216 89
217 89
218 89
219 89
220 89
221 89
222 89
223 89
224 88
225 88
226 87
226 86
227 85
228 84
229 83
230 82
231 82
232 81
232 80
233 79
233 78
234 77
234 76
234 75
234 74
234 73
234 72
234 71
234 70
234 69
234 68
234 67
233 66
232 65
232 64
231 63
231 62
230 61
230 60
229 59
228 58
228 57
227 56
227 55
227 54
226 53
225 52
224 51
223 50
222 49
222 48
221 47
220 46
220 45
219 45
218 44
217 44
216 44
215 44
214 44
213 44
212 44
211 44
210 44
209 44
208 44
207 44
