507 2044
506 2045
505 2045
504 2045
503 2045
502 2046
501 2046
500 2046
499 2046
498 2046
497 2046
496 2046
495 2046
494 2046
493 2046
492 2046
491 2046
490 2046
489 2046
488 2046
487 2046
486 2046
485 2046
484 2047
483 2047
482 2047
481 2047
480 2047
479 2047
478 2047
477 2047
476 2047
475 2047
474 2047
473 2047
472 2048
471 2048
470 2049
469 2049
468 2049
467 2049
466 2049
465 2050
464 2050
463 2050
462 2051
461 2051
460 2051
459 2052
458 2052
457 2052
456 2053
455 2053
454 2053
453 2054
452 2054
451 2055
450 2055
449 2056
448 2056
447 2057
446 2057
445 2058
444 2059
443 2060
442 2060
441 2061
440 2062
439 2063
438 2064
437 2064
436 2065
436 2066
435 2067
436 2068
436 2069
437 2070
438 2071
438 2072
439 2073
440 2074
441 2075
441 2076
442 2077
442 2078
443 2079
443 2080
444 2081
445 2082
446 2083
446 2084
446 2085
447 2086
448 2087
449 2088
449 2089
450 2090
451 2091
452 2092
452 2093
453 2094
454 2095
455 2096
456 2096
457 2096
458 2096
459 2097
460 2097
461 2097
462 2098
463 2098
464 2099
465 2099
466 2099
467 2099
468 2098
469 2097
470 2097
471 2097
472 2097
473 2097
474 2097
475 2097
476 2097
477 2097
478 2097
479 2097
480 2097
481 2097
482 2097
483 2096
484 2096
485 2096
486 2096
487 2096
488 2096
489 2096
490 2096
491 2096
492 2097
493 2097
494 2098
495 2099
496 2099
497 2100
498 2100
499 2100
500 2101
501 2101
502 2102
503 2102
504 2103
505 2103
506 2104
507 2104
508 2104
509 2105
510 2106
511 2106
512 2107
513 2107
514 2107
515 2107
516 2107
517 2107
518 2107
519 2107
520 2107
521 2107
522 2107
523 2106
524 2106
525 2106
526 2106
527 2106
528 2106
529 2105
530 2105
531 2105
532 2104
533 2104
534 2103
535 2103
536 2102
537 2102
538 2101
539 2101
540 2101
541 2101
542 2101
543 2101
544 2100
545 2100
546 2100
547 2099
548 2098
549 2097
550 2096
551 2095
552 2094
553 2093
554 2092
555 2091
555 2090
556 2089
556 2088
557 2087
558 2086
559 2085
560 2084
560 2083
561 2082
561 2081
561 2080
561 2079
561 2078
561 2077
562 2076
562 2075
561 2074
561 2073
560 2072
560 2071
559 2070
559 2069
559 2068
559 2067
558 2066
558 2065
558 2064
557 2063
556 2062
555 2061
554 2060
553 2059
552 2058
551 2057
551 2056
550 2055
549 2054
548 2054
547 2053
546 2052
545 2051
544 2051
543 2050
542 2050
541 2049
540 2049
539 2049
538 2048
537 2048
536 2048
535 2047
534 2047
533 2047
532 2047
531 2047
530 2047
529 2047
528 2047
527 2047
526 2047
525 2046
524 2045
523 2045
522 2045
521 2045
520 2045
519 2045
518 2045
517 2045
516 2045
515 2045
514 2045
513 2045
512 2045
511 2045
510 2045
509 2045
508 2045
507 2044
