239 1205
238 1206
237 1206
236 1206
235 1206
234 1206
233 1206
232 1206
231 1206
230 1207
229 1207
228 1207
227 1208
226 1208
225 1208
224 1208
223 1208
222 1208
221 1208
220 1208
219 1208
218 1208
217 1208
216 1209
215 1209
214 1209
213 1209
212 1209
211 1209
210 1209
209 1209
208 1209
207 1209
206 1209
205 1210
204 1210
203 1210
202 1210
201 1210
200 1210
199 1210
198 1211
197 1211
196 1212
195 1212
194 1212
193 1212
192 1213
191 1213
190 1213
189 1214
188 1214
187 1214
186 1215
185 1216
184 1216
183 1216
182 1217
181 1218
180 1219
180 1220
179 1221
179 1222
178 1223
177 1224
176 1225
176 1226
176 1227
175 1228
176 1229
176 1230
177 1231
177 1232
177 1233
178 1234
179 1235
180 1236
181 1237
182 1238
183 1239
184 1240
184 1241
185 1242
185 1243
186 1244
187 1245
188 1246
189 1246
190 1246
191 1247
192 1247
193 1248
194 1249
195 1250
196 1251
197 1251
198 1252
199 1252
200 1253
201 1253
202 1254
203 1255
204 1255
205 1256
206 1256
207 1256
208 1256
209 1257
210 1257
211 1257
212 1257
213 1258
214 1258
215 1258
216 1259
217 1259
218 1259
219 1259
220 1259
221 1259
222 1259
223 1259
224 1259
225 1259
226 1259
227 1260
228 1260
229 1260
230 1260
231 1261
232 1261
233 1261
234 1261
235 1262
236 1262
237 1262
238 1263
239 1263
240 1263
241 1264
242 1264
243 1264
244 1264
245 1264
246 1264
247 1264
248 1263
249 1263
250 1262
251 1262
252 1261
253 1260
254 1259
255 1258
256 1257
257 1257
258 1256
259 1256
260 1255
261 1254
262 1253
263 1252
263 1251
264 1250
265 1249
265 1248
266 1247
267 1246
268 1245
269 1244
270 1243
271 1242
272 1241
273 1240
274 1239
274 1238
275 1237
275 1236
276 1235
276 1234
276 1233
276 1232
276 1231
276 1230
276 1229
276 1228
276 1227
276 1226
275 1225
275 1224
274 1223
273 1222
272 1221
272 1220
271 1219
271 1218
271 1217
270 1216
269 1215
268 1214
267 1213
266 1213
265 1212
264 1212
263 1212
262 1211
261 1211
260 1211
259 1211
258 1211
257 1211
256 1211
255 1211
254 1211
253 1211
252 1211
251 1211
250 1210
249 1209
248 1208
248 1207
248 1206
247 1206
246 1205
245 1205
244 1205
243 1205
242 1205
241 1205
240 1205
239 1205
