877 1830
876 1831
875 1831
874 1831
873 1831
872 1831
871 1831
870 1831
869 1831
868 1831
867 1831
866 1831
865 1832
864 1832
863 1832
862 1832
861 1832
860 1832
859 1832
858 1832
857 1832
856 1832
855 1832
854 1832
853 1833
852 1833
851 1833
850 1834
849 1834
848 1834
847 1835
846 1836
845 1836
844 1837
843 1837
842 1838
841 1838
840 1839
839 1840
838 1841
837 1842
837 1843
837 1844
838 1845
839 1846
839 1847
840 1848
841 1849
842 1850
843 1851
844 1851
845 1851
846 1851
847 1851
848 1852
849 1852
850 1853
851 1853
852 1853
853 1854
854 1854
855 1855
856 1856
857 1857
858 1858
859 1858
860 1859
861 1859
862 1860
863 1861
864 1861
865 1862
866 1863
867 1864
868 1865
869 1866
870 1866
871 1867
872 1867
873 1868
874 1868
875 1869
876 1869
877 1869
878 1870
879 1870
880 1871
881 1872
882 1872
883 1872
884 1872
885 1872
886 1873
887 1873
888 1873
889 1874
890 1874
891 1874
892 1874
893 1874
894 1874
895 1874
896 1874
897 1875
898 1876
899 1876
900 1876
901 1876
902 1876
903 1876
904 1876
905 1876
906 1876
907 1876
908 1877
909 1877
910 1877
911 1877
912 1877
913 1877
914 1877
915 1877
916 1877
917 1877
918 1877
919 1877
920 1877
921 1877
922 1877
923 1877
924 1877
925 1877
926 1877
927 1877
928 1877
929 1877
930 1877
931 1877
932 1877
933 1877
934 1877
935 1877
936 1877
937 1877
938 1877
939 1877
940 1877
941 1876
942 1876
943 1876
944 1876
945 1876
946 1876
947 1876
948 1876
949 1876
950 1876
951 1876
952 1876
953 1876
954 1876
955 1876
956 1876
957 1876
958 1875
959 1874
960 1874
961 1874
962 1874
963 1873
964 1873
965 1873
966 1872
967 1872
968 1871
969 1871
970 1870
971 1869
972 1869
973 1868
974 1867
974 1866
975 1865
975 1864
975 1863
975 1862
975 1861
975 1860
975 1859
975 1858
975 1857
975 1856
975 1855
974 1854
974 1853
974 1852
973 1851
973 1850
973 1849
972 1848
972 1847
972 1846
972 1845
971 1844
970 1843
969 1842
969 1841
968 1840
967 1839
966 1838
965 1837
964 1836
963 1835
962 1835
961 1834
960 1834
959 1833
958 1833
957 1832
956 1832
955 1832
954 1832
953 1832
952 1832
951 1832
950 1831
949 1831
948 1831
947 1831
946 1831
945 1831
944 1831
943 1831
942 1831
941 1831
940 1831
939 1831
938 1831
937 1831
936 1831
935 1831
934 1831
933 1831
932 1831
931 1830
930 1830
929 1830
928 1830
927 1830
926 1830
925 1830
924 1830
923 1830
922 1830
921 1830
920 1830
919 1830
918 1830
917 1830
916 1830
915 1830
914 1830
913 1830
912 1830
911 1830
910 1830
909 1830
908 1830
907 1830
906 1830
905 1830
904 1830
903 1830
902 1830
901 1830
900 1830
899 1830
898 1830
897 1830
896 1830
895 1830
894 1830
893 1830
892 1830
891 1830
890 1830
889 1830
888 1830
887 1830
886 1830
885 1830
884 1830
883 1830
882 1830
881 1830
880 1830
879 1830
878 1830
877 1830
