616 1842
615 1843
614 1843
613 1844
612 1844
611 1845
610 1846
609 1847
608 1847
607 1848
606 1848
605 1849
604 1849
603 1850
602 1850
601 1850
600 1850
599 1850
598 1850
597 1851
596 1851
595 1852
594 1852
593 1853
592 1853
591 1853
590 1854
589 1854
588 1854
587 1854
586 1855
585 1856
584 1856
583 1856
582 1857
581 1857
580 1857
579 1857
578 1858
577 1858
576 1859
575 1860
574 1860
573 1861
572 1861
571 1861
570 1861
569 1861
568 1861
567 1861
566 1861
565 1861
564 1861
563 1861
562 1861
561 1861
560 1861
559 1861
558 1861
557 1861
556 1861
555 1861
554 1861
553 1861
552 1861
551 1861
550 1861
549 1862
548 1862
547 1862
546 1862
545 1862
544 1863
543 1863
542 1864
541 1865
540 1865
539 1865
538 1865
537 1865
536 1865
535 1866
534 1867
533 1867
532 1867
531 1868
530 1868
529 1869
528 1869
527 1870
526 1870
525 1870
524 1871
523 1871
522 1872
521 1872
520 1872
519 1873
518 1874
517 1874
516 1875
515 1875
514 1876
513 1876
512 1877
511 1877
510 1878
509 1878
508 1879
507 1880
506 1881
505 1882
504 1883
503 1884
503 1885
503 1886
503 1887
503 1888
503 1889
502 1890
502 1891
502 1892
502 1893
501 1894
501 1895
501 1896
502 1897
503 1898
504 1899
505 1900
506 1901
507 1902
508 1903
509 1904
510 1904
511 1904
512 1905
513 1906
514 1906
515 1907
516 1908
517 1908
518 1909
519 1910
520 1910
521 1910
522 1911
523 1911
524 1912
525 1913
526 1913
527 1914
528 1914
529 1915
530 1916
531 1916
532 1916
533 1917
534 1918
535 1918
536 1919
537 1919
538 1920
539 1920
540 1921
541 1922
542 1922
543 1923
544 1923
545 1924
546 1924
547 1924
548 1925
549 1925
550 1926
551 1926
552 1927
553 1928
554 1928
555 1928
556 1929
557 1929
558 1930
559 1930
560 1931
561 1931
562 1932
563 1933
564 1933
565 1933
566 1934
567 1934
568 1934
569 1935
570 1935
571 1935
572 1936
573 1936
574 1936
575 1937
576 1938
577 1938
578 1938
579 1939
580 1939
581 1939
582 1940
583 1940
584 1940
585 1941
586 1941
587 1941
588 1942
589 1942
590 1943
591 1943
592 1943
593 1944
594 1944
595 1944
596 1944
597 1944
598 1944
599 1944
600 1945
601 1945
602 1945
603 1946
604 1946
605 1946
606 1946
607 1946
608 1946
609 1945
610 1945
611 1945
612 1944
613 1944
614 1944
615 1944
616 1944
617 1944
618 1944
619 1944
620 1944
621 1943
622 1943
623 1943
624 1944
625 1944
626 1944
627 1944
628 1944
629 1944
630 1944
631 1944
632 1944
633 1944
634 1944
635 1944
636 1944
637 1944
638 1944
639 1944
640 1944
641 1944
642 1944
643 1944
644 1944
645 1943
646 1943
647 1943
648 1943
649 1943
650 1943
651 1943
652 1944
653 1944
654 1944
655 1944
656 1944
657 1944
658 1944
659 1944
660 1944
661 1943
662 1943
663 1942
664 1942
665 1942
666 1941
667 1941
668 1940
669 1939
670 1938
671 1937
671 1936
672 1935
673 1934
673 1933
674 1932
675 1931
676 1930
677 1929
678 1928
679 1927
680 1926
681 1925
682 1924
683 1923
684 1922
685 1922
686 1921
687 1920
688 1920
689 1919
690 1919
691 1918
692 1917
693 1917
694 1916
694 1915
694 1914
694 1913
694 1912
694 1911
695 1910
695 1909
695 1908
696 1907
696 1906
696 1905
696 1904
696 1903
696 1902
696 1901
696 1900
696 1899
696 1898
696 1897
696 1896
696 1895
696 1894
696 1893
695 1892
695 1891
695 1890
694 1889
694 1888
694 1887
693 1886
693 1885
693 1884
692 1883
691 1882
691 1881
690 1880
689 1879
688 1878
687 1877
686 1876
685 1875
684 1874
683 1873
682 1872
681 1871
681 1870
680 1869
680 1868
679 1867
678 1866
677 1865
676 1864
675 1863
674 1863
673 1862
672 1861
671 1860
670 1860
669 1859
668 1858
667 1857
666 1856
665 1855
664 1854
663 1853
662 1853
661 1852
660 1852
659 1851
658 1851
657 1850
656 1850
655 1849
654 1849
653 1848
652 1848
651 1848
650 1847
649 1847
648 1847
647 1847
646 1847
645 1847
644 1846
643 1846
642 1845
641 1844
640 1844
639 1843
638 1843
637 1843
636 1842
635 1842
634 1842
633 1842
632 1842
631 1842
630 1842
629 1842
628 1842
627 1842
626 1842
625 1842
624 1842
623 1842
622 1842
621 1842
620 1842
619 1842
618 1842
617 1842
616 1842
