1179 729
1178 730
1177 730
1176 730
1175 730
1174 730
1173 730
1172 731
1171 731
1170 731
1169 731
1168 731
1167 731
1166 731
1165 732
1164 732
1163 733
1162 733
1161 733
1160 734
1159 734
1158 734
1157 734
1156 734
1155 735
1154 735
1153 736
1152 736
1151 736
1150 736
1149 736
1148 736
1147 736
1146 736
1145 736
1144 736
1143 736
1142 736
1141 736
1140 736
1139 737
1138 737
1137 737
1136 737
1135 738
1134 738
1133 738
1132 739
1131 739
1130 739
1129 739
1128 739
1127 740
1126 740
1125 740
1124 740
1123 740
1122 741
1121 741
1120 741
1119 742
1118 742
1117 743
1116 743
1115 743
1114 744
1113 744
1112 744
1111 744
1110 744
1109 744
1108 744
1107 744
1106 744
1105 745
1104 745
1103 745
1102 745
1101 745
1100 745
1099 745
1098 745
1097 746
1096 746
1095 746
1094 746
1093 746
1092 746
1091 746
1090 746
1089 746
1088 747
1087 747
1086 747
1085 747
1084 748
1083 748
1082 748
1081 749
1080 749
1079 749
1078 749
1077 749
1076 749
1075 749
1074 749
1073 749
1072 749
1071 750
1070 750
1069 750
1068 751
1067 752
1066 752
1065 752
1064 753
1063 753
1063 754
1063 755
1062 756
1062 757
1061 758
1061 759
1061 760
1062 761
1063 762
1064 763
1065 764
1066 764
1067 765
1068 766
1069 767
1070 768
1071 769
1072 769
1073 770
1074 771
1075 771
1076 772
1077 772
1078 773
1079 773
1080 773
1081 774
1082 775
1083 776
1084 777
1085 777
1086 777
1087 777
1088 778
1089 778
1090 778
1091 779
1092 779
1093 779
1094 779
1095 779
1096 780
1097 780
1098 781
1099 781
1100 782
1101 783
1101 784
1102 784
1103 785
1104 785
1105 786
1106 786
1107 787
1108 787
1109 787
1110 787
1111 787
1112 787
1113 788
1114 788
1115 788
1116 789
1117 789
1118 789
1119 790
1120 790
1121 790
1122 790
1123 790
1124 791
1125 791
1126 791
1127 791
1128 792
1129 792
1130 792
1131 792
1132 792
1133 793
1134 793
1135 794
1136 794
1137 794
1138 795
1139 795
1140 795
1141 795
1142 796
1143 796
1144 796
1145 797
1146 797
1147 798
1148 798
1149 799
1150 799
1151 800
1152 800
1153 800
1154 800
1155 800
1156 801
1157 802
1158 802
1159 803
1160 803
1161 804
1162 804
1163 804
1164 805
1165 805
1166 806
1167 807
1168 807
1169 807
1170 807
1171 807
1172 807
1173 807
1174 807
1175 807
1176 806
1177 806
1178 805
1179 805
1180 805
1181 805
1182 805
1183 806
1184 806
1185 807
1186 807
1187 807
1188 807
1189 807
1190 807
1191 807
1192 807
1193 808
1194 808
1195 809
1196 809
1197 810
1198 810
1199 809
1200 809
1201 809
1202 808
1203 808
1204 808
1205 808
1206 807
1207 806
1208 806
1209 805
1210 805
1211 804
1212 804
1213 803
1214 803
1215 802
1216 801
1217 801
1218 801
1219 800
1220 799
1221 798
1222 797
1222 796
1223 795
1223 794
1224 793
1225 792
1226 791
1227 790
1228 789
1229 788
1230 787
1231 786
1232 786
1233 785
1233 784
1234 783
1234 782
1235 781
1236 780
1236 779
1237 778
1238 777
1238 776
1239 775
1240 774
1241 773
1241 772
1241 771
1241 770
1241 769
1241 768
1241 767
1241 766
1241 765
1241 764
1241 763
1241 762
1241 761
1240 760
1240 759
1240 758
1239 757
1239 756
1238 755
1237 754
1237 753
1236 752
1235 751
1234 750
1234 749
1233 748
1232 747
1231 746
1230 746
1229 745
1228 744
1227 743
1226 743
1225 742
1224 741
1223 741
1222 741
1221 740
1220 740
1219 739
1218 738
1217 738
1216 737
1215 737
1214 736
1213 736
1212 736
1211 736
1210 735
1209 734
1208 734
1207 733
1206 733
1205 732
1204 732
1203 731
1202 731
1201 730
1200 730
1199 730
1198 730
1197 730
1196 730
1195 730
1194 730
1193 730
1192 730
1191 730
1190 730
1189 730
1188 730
1187 730
1186 730
1185 730
1184 730
1183 729
1182 729
1181 729
1180 729
1179 729
