719 1748
718 1749
717 1749
716 1749
715 1749
714 1749
713 1749
712 1749
711 1749
710 1749
709 1749
708 1749
707 1749
706 1749
705 1749
704 1749
703 1749
702 1749
701 1749
700 1749
699 1749
698 1749
697 1749
696 1749
695 1749
694 1749
693 1749
692 1749
691 1749
690 1749
689 1749
688 1749
687 1749
686 1749
685 1749
684 1749
683 1749
682 1749
681 1749
680 1749
679 1750
678 1750
677 1750
676 1751
675 1752
674 1753
673 1754
673 1755
672 1756
672 1757
672 1758
672 1759
672 1760
672 1761
672 1762
672 1763
672 1764
672 1765
672 1766
672 1767
673 1768
673 1769
674 1770
675 1771
676 1771
677 1772
678 1772
679 1773
680 1773
681 1774
682 1774
683 1775
684 1776
685 1776
686 1776
687 1777
688 1777
689 1778
690 1778
691 1779
692 1779
693 1780
694 1780
695 1781
696 1781
697 1781
698 1781
699 1781
700 1781
701 1781
702 1781
703 1782
704 1782
705 1782
706 1782
707 1783
708 1784
709 1784
710 1785
711 1786
711 1787
712 1788
713 1789
714 1790
715 1791
716 1792
717 1793
718 1794
719 1794
720 1795
721 1795
722 1796
723 1797
724 1798
725 1799
726 1800
727 1800
728 1800
729 1801
730 1801
731 1801
732 1801
733 1800
734 1800
735 1800
736 1800
737 1801
738 1801
739 1802
740 1802
741 1802
742 1802
743 1802
744 1802
745 1802
746 1802
747 1802
748 1802
749 1801
750 1801
751 1801
752 1800
753 1800
754 1800
755 1800
756 1799
757 1799
758 1799
759 1799
760 1799
761 1798
762 1798
763 1797
764 1797
765 1796
766 1796
767 1796
768 1795
769 1795
770 1794
771 1794
772 1793
773 1793
774 1793
775 1793
776 1792
777 1791
778 1791
779 1790
780 1790
781 1789
782 1788
783 1787
783 1786
784 1785
784 1784
784 1783
784 1782
784 1781
784 1780
784 1779
784 1778
784 1777
784 1776
784 1775
784 1774
784 1773
785 1772
785 1771
785 1770
785 1769
785 1768
785 1767
785 1766
785 1765
785 1764
785 1763
784 1762
784 1761
783 1760
782 1759
781 1758
780 1757
779 1756
778 1756
777 1756
776 1756
775 1756
774 1756
773 1756
772 1756
771 1756
770 1756
769 1756
768 1756
767 1756
766 1756
765 1756
764 1756
763 1756
762 1756
761 1757
760 1757
759 1757
758 1757
757 1757
756 1758
755 1758
754 1758
753 1758
752 1758
751 1758
750 1758
749 1758
748 1758
747 1758
746 1757
745 1757
744 1757
743 1757
742 1757
741 1757
740 1757
739 1756
738 1756
737 1755
736 1754
735 1753
734 1753
733 1753
732 1753
731 1753
730 1753
729 1753
728 1752
727 1751
726 1751
725 1750
724 1750
723 1749
722 1749
721 1748
720 1748
719 1748
