1108 524
1107 525
1106 525
1105 525
1104 525
1103 525
1102 526
1101 526
1100 526
1099 527
1098 527
1097 527
1096 528
1095 528
1094 528
1093 528
1092 528
1091 529
1090 529
1089 530
1088 530
1087 531
1086 531
1085 531
1084 532
1083 532
1082 532
1081 532
1080 533
1079 533
1078 534
1077 535
1076 535
1075 536
1074 536
1073 536
1072 537
1071 537
1070 538
1069 538
1068 539
1068 540
1067 541
1067 542
1066 543
1066 544
1065 545
1064 546
1063 547
1062 548
1061 549
1060 550
1059 550
1058 551
1058 552
1057 553
1056 554
1055 555
1055 556
1054 557
1054 558
1054 559
1053 560
1053 561
1052 562
1052 563
1051 564
1051 565
1051 566
1051 567
1052 568
1052 569
1052 570
1053 571
1053 572
1053 573
1053 574
1053 575
1053 576
1053 577
1053 578
1053 579
1054 580
1054 581
1055 582
1055 583
1056 584
1057 585
1058 586
1059 586
1060 587
1061 587
1062 587
1063 587
1064 588
1065 588
1066 589
1067 589
1068 590
1069 590
1070 591
1071 591
1072 591
1073 592
1074 592
1075 592
1076 593
1077 593
1078 593
1079 593
1080 593
1081 593
1082 593
1083 594
1084 594
1085 595
1086 595
1087 595
1088 595
1089 595
1090 595
1091 595
1092 595
1093 595
1094 595
1095 595
1096 595
1097 595
1098 595
1099 595
1100 595
1101 595
1102 595
1103 595
1104 595
1105 595
1106 595
1107 595
1108 595
1109 594
1110 594
1111 594
1112 594
1113 594
1114 594
1115 594
1116 594
1117 594
1118 594
1119 594
1120 594
1121 594
1122 594
1123 594
1124 594
1125 594
1126 594
1127 594
1128 594
1129 593
1130 593
1131 593
1132 592
1133 592
1134 592
1135 591
1136 591
1137 591
1138 591
1139 591
1140 591
1141 591
1142 591
1143 591
1144 590
1145 590
1146 590
1147 590
1148 590
1149 590
1150 590
1151 590
1152 590
1153 590
1154 590
1155 590
1156 590
1157 590
1158 590
1159 590
1160 590
1161 590
1162 590
1163 590
1164 589
1165 589
1166 589
1167 589
1168 589
1169 589
1170 589
1171 589
1172 589
1173 588
1174 588
1175 588
1176 588
1177 588
1178 588
1179 588
1180 588
1181 587
1182 587
1183 587
1184 586
1185 586
1186 586
1187 586
1188 585
1189 585
1190 585
1191 585
1192 585
1193 585
1194 585
1195 584
1196 584
1197 584
1198 584
1199 583
1200 583
1201 583
1202 583
1203 582
1204 582
1205 581
1206 581
1207 580
1208 580
1209 580
1210 580
1211 580
1212 580
1213 579
1214 578
1215 577
1216 576
1217 575
1217 574
1217 573
1217 572
1216 571
1215 570
1215 569
1214 568
1213 567
1212 567
1211 566
1210 566
1209 565
1208 565
1207 564
1206 564
1205 563
1204 563
1203 563
1202 562
1201 562
1200 561
1199 561
1198 561
1197 561
1196 561
1195 560
1194 559
1193 559
1192 559
1191 559
1190 558
1189 558
1188 558
1187 557
1186 557
1185 556
1184 556
1183 556
1182 555
1181 555
1180 554
1179 554
1178 554
1177 553
1176 553
1175 553
1174 552
1173 552
1172 551
1171 551
1170 551
1169 550
1168 550
1167 549
1166 548
1165 548
1164 547
1163 547
1162 546
1161 546
1160 546
1159 545
1158 545
1157 544
1156 543
1155 543
1154 542
1153 542
1152 541
1151 541
1150 540
1149 540
1148 539
1147 538
1146 538
1145 537
1144 536
1143 536
1142 535
1141 534
1140 533
1140 532
1139 531
1138 531
1137 530
1136 529
1135 529
1134 528
1133 528
1132 527
1131 527
1130 526
1129 526
1128 525
1127 525
1126 525
1125 525
1124 525
1123 524
1122 524
1121 524
1120 524
1119 524
1118 524
1117 524
1116 524
1115 524
1114 524
1113 524
1112 524
1111 524
1110 524
1109 524
1108 524
