1188 553
1187 554
1186 554
1185 555
1184 555
1183 555
1182 555
1181 555
1180 555
1179 555
1178 555
1177 556
1176 556
1175 556
1174 557
1173 557
1172 557
1171 557
1170 557
1169 557
1168 557
1167 557
1166 556
1165 557
1164 557
1163 557
1162 558
1161 558
1160 558
1159 559
1158 559
1157 559
1156 560
1155 560
1154 561
1153 561
1152 562
1151 562
1150 562
1149 563
1148 563
1147 563
1146 563
1145 564
1144 564
1143 565
1142 565
1141 565
1140 565
1139 565
1138 565
1137 566
1136 566
1135 566
1134 566
1133 567
1132 567
1131 567
1130 568
1129 568
1128 568
1127 568
1126 568
1125 568
1124 568
1123 568
1122 568
1121 569
1121 570
1121 571
1121 572
1122 573
1122 574
1122 575
1121 576
1121 577
1121 578
1121 579
1121 580
1122 581
1123 582
1123 583
1124 584
1124 585
1125 586
1126 587
1127 587
1128 588
1129 588
1130 589
1131 590
1132 590
1133 591
1134 591
1135 592
1136 591
1137 591
1138 591
1139 591
1140 591
1141 591
1142 591
1143 591
1144 591
1145 591
1146 591
1147 591
1148 591
1149 591
1150 591
1151 591
1152 591
1153 591
1154 591
1155 591
1156 592
1157 592
1158 592
1159 593
1160 593
1161 593
1162 593
1163 593
1164 593
1165 593
1166 593
1167 593
1168 593
1169 593
1170 593
1171 593
1172 593
1173 593
1174 593
1175 593
1176 594
1177 594
1178 594
1179 594
1180 594
1181 594
1182 594
1183 594
1184 594
1185 595
1186 595
1187 595
1188 595
1189 595
1190 595
1191 595
1192 595
1193 595
1194 595
1195 595
1196 595
1197 595
1198 595
1199 595
1200 595
1201 596
1202 596
1203 596
1204 597
1205 597
1206 598
1207 598
1208 598
1209 598
1210 598
1211 598
1212 599
1213 599
1214 600
1215 600
1216 600
1217 600
1218 601
1219 602
1220 602
1221 603
1222 603
1223 603
1224 603
1225 603
1226 604
1227 604
1228 605
1229 605
1230 605
1231 605
1232 605
1233 606
1234 607
1235 607
1236 608
1237 608
1238 608
1239 608
1240 608
1241 608
1242 607
1243 607
1244 607
1244 606
1245 605
1245 604
1245 603
1245 602
1245 601
1245 600
1245 599
1246 598
1246 597
1247 596
1248 595
1249 594
1250 593
1250 592
1251 591
1252 590
1252 589
1253 588
1254 587
1255 586
1256 585
1257 584
1258 583
1258 582
1259 581
1259 580
1260 579
1261 578
1262 577
1263 577
1263 576
1263 575
1263 574
1263 573
1262 572
1262 571
1262 570
1262 569
1262 568
1261 567
1261 566
1260 566
1259 565
1258 565
1257 564
1256 564
1255 564
1254 564
1253 563
1252 563
1251 563
1250 563
1249 563
1248 563
1247 563
1246 563
1245 563
1244 563
1243 562
1242 561
1241 561
1240 560
1239 560
1238 560
1237 560
1236 560
1235 560
1234 560
1233 559
1232 558
1231 558
1230 558
1229 558
1228 558
1227 558
1226 558
1225 558
1224 558
1223 558
1222 558
1221 557
1220 557
1219 557
1218 556
1217 557
1216 557
1215 556
1214 556
1213 556
1212 555
1211 555
1210 555
1209 554
1208 554
1207 554
1206 554
1205 554
1204 554
1203 554
1202 553
1201 553
1200 553
1199 553
1198 553
1197 553
1196 553
1195 553
1194 553
1193 553
1192 553
1191 553
1190 553
1189 553
1188 553
