536 921
535 922
534 922
533 922
532 922
531 922
530 922
529 922
528 922
527 922
526 923
525 923
524 923
523 924
522 924
521 924
520 924
519 924
518 924
517 924
516 924
515 924
514 924
513 924
512 924
511 924
510 925
509 925
508 925
507 925
506 925
505 925
504 926
503 926
502 926
501 926
500 926
499 926
498 926
497 927
496 927
495 928
494 928
493 929
492 930
491 931
490 932
489 932
488 933
488 934
487 935
486 936
485 937
485 938
484 939
484 940
483 941
483 942
482 943
481 944
481 945
480 946
479 947
479 948
478 949
478 950
479 951
480 952
481 952
482 952
483 953
484 953
485 953
486 954
487 954
488 954
489 954
490 954
491 955
492 955
493 955
494 955
495 956
496 956
497 957
498 957
499 957
500 958
501 958
502 958
503 959
504 959
505 959
506 960
507 960
508 960
509 961
510 961
511 962
512 962
513 963
514 963
515 963
516 963
517 963
518 963
519 963
520 963
521 963
522 963
523 963
524 963
525 963
526 963
527 963
528 963
529 963
530 963
531 963
532 963
533 963
534 963
535 963
536 963
537 964
538 964
539 964
540 965
541 965
542 966
543 966
544 966
545 967
546 967
547 968
548 968
549 969
550 969
551 969
552 970
553 970
554 970
555 970
556 970
557 970
558 970
559 970
560 969
561 969
562 968
563 968
564 967
565 967
566 967
567 967
568 967
569 967
570 967
571 967
572 967
573 967
574 967
575 967
576 967
577 967
578 967
579 967
580 967
581 967
582 967
583 966
584 966
585 965
586 965
587 965
588 965
589 965
590 965
591 964
592 964
593 964
594 963
595 962
596 961
597 960
598 959
599 958
600 957
601 956
602 955
602 954
603 953
603 952
603 951
603 950
603 949
603 948
603 947
603 946
603 945
602 944
602 943
602 942
601 941
601 940
601 939
601 938
601 937
601 936
600 935
600 934
599 933
599 932
598 931
598 930
597 929
596 928
595 928
594 927
593 927
592 926
591 926
590 926
589 926
588 926
587 926
586 925
585 925
584 925
583 925
582 925
581 925
580 925
579 925
578 925
577 925
576 925
575 925
574 925
573 925
572 925
571 925
570 925
569 925
568 925
567 925
566 925
565 925
564 925
563 924
562 924
561 924
560 923
559 923
558 923
557 922
556 922
555 921
554 921
553 921
552 921
551 921
550 921
549 921
548 921
547 921
546 921
545 921
544 921
543 921
542 921
541 921
540 921
539 921
538 921
537 921
536 921
