166 258
165 259
164 259
163 259
162 260
161 260
160 260
159 260
158 261
157 261
156 261
155 262
154 262
153 262
152 263
151 263
150 264
149 265
148 266
147 266
146 267
145 267
144 268
143 269
142 270
141 271
140 272
139 273
138 274
138 275
137 276
136 277
136 278
136 279
135 280
135 281
134 282
133 283
133 284
132 285
131 286
130 287
130 288
130 289
129 290
129 291
128 292
127 293
126 294
126 295
125 296
125 297
124 298
124 299
123 300
122 301
121 302
121 303
121 304
120 305
120 306
119 307
118 308
117 309
116 310
116 311
115 312
114 313
113 314
113 315
112 316
112 317
111 318
111 319
110 320
110 321
109 322
108 323
108 324
107 325
107 326
106 327
106 328
105 329
104 330
103 331
103 332
102 333
102 334
101 335
101 336
101 337
100 338
99 339
98 340
97 341
97 342
96 343
96 344
95 345
95 346
94 347
93 348
93 349
92 350
92 351
92 352
92 353
92 354
92 355
92 356
92 357
92 358
93 359
94 360
94 361
95 362
96 362
97 362
98 362
99 363
100 363
101 364
102 364
103 365
104 366
105 367
106 368
107 369
108 370
109 371
110 371
111 372
112 372
113 373
114 373
115 374
116 375
117 375
118 376
119 377
120 378
121 379
122 380
123 381
124 382
125 383
126 384
127 385
128 386
129 387
130 388
131 389
132 390
133 391
134 392
135 393
136 394
137 395
138 396
139 397
139 398
140 399
141 400
142 401
143 402
144 403
145 403
146 403
147 403
148 404
149 404
150 405
151 405
152 405
153 406
154 406
155 407
156 407
157 408
158 409
159 410
160 410
161 411
162 411
163 411
164 411
165 411
166 411
167 411
168 412
169 412
170 412
171 413
172 413
173 413
174 413
175 413
176 413
177 413
178 413
179 413
180 413
181 412
182 412
183 412
184 412
185 412
186 412
187 412
188 412
189 412
190 412
191 412
192 412
193 412
194 411
195 411
196 410
197 410
198 409
199 409
200 409
201 409
202 409
203 408
204 407
205 407
206 406
207 405
208 405
209 404
210 403
211 402
212 402
213 401
214 401
215 400
216 400
217 399
218 399
219 399
220 399
221 399
222 398
223 398
224 397
225 397
226 397
227 396
228 396
228 395
228 394
229 393
229 392
229 391
230 390
230 389
230 388
230 387
231 386
231 385
232 384
232 383
232 382
232 381
232 380
232 379
233 378
233 377
234 376
234 375
234 374
234 373
234 372
234 371
234 370
234 369
235 368
235 367
235 366
236 365
236 364
235 363
235 362
234 361
234 360
233 359
232 358
231 357
231 356
231 355
231 354
231 353
231 352
231 351
231 350
231 349
231 348
232 347
232 346
232 345
232 344
233 343
233 342
234 341
234 340
235 339
235 338
236 337
237 336
238 335
239 334
240 333
241 332
241 331
242 330
242 329
242 328
242 327
241 326
241 325
241 324
240 323
240 322
240 321
239 320
238 319
238 318
237 318
236 317
235 316
234 315
234 314
233 313
232 312
231 311
231 310
230 309
230 308
229 307
228 306
227 305
226 304
226 303
225 302
224 301
224 300
223 299
223 298
222 297
222 296
221 295
221 294
220 293
220 292
219 291
218 290
217 289
216 288
215 287
214 286
214 285
213 284
213 283
212 282
211 281
211 280
210 279
209 278
208 277
207 276
206 275
205 274
204 274
203 273
202 272
201 272
200 271
199 270
198 269
197 268
196 267
195 266
194 265
193 264
192 263
191 262
190 261
189 260
188 259
187 259
186 259
185 258
184 258
183 258
182 258
181 258
180 258
179 258
178 258
177 258
176 258
175 258
174 258
173 258
172 258
171 258
170 258
169 258
168 258
167 258
166 258
