1765 1425
1764 1426
1763 1426
1762 1426
1761 1426
1760 1427
1759 1427
1758 1427
1757 1427
1756 1427
1755 1427
1754 1427
1753 1427
1752 1428
1751 1428
1750 1428
1749 1428
1748 1429
1747 1429
1746 1430
1745 1430
1744 1430
1743 1430
1742 1431
1741 1431
1740 1432
1739 1432
1738 1432
1737 1432
1736 1433
1735 1433
1734 1434
1733 1434
1732 1435
1731 1435
1730 1436
1729 1436
1728 1437
1727 1438
1726 1438
1725 1438
1724 1439
1723 1439
1722 1440
1721 1440
1720 1441
1719 1441
1718 1442
1717 1442
1716 1443
1715 1443
1714 1444
1713 1444
1712 1444
1711 1444
1710 1445
1709 1445
1708 1445
1707 1445
1706 1446
1705 1446
1704 1446
1703 1446
1702 1447
1701 1447
1700 1448
1699 1448
1698 1449
1697 1449
1696 1450
1695 1450
1694 1451
1693 1451
1692 1451
1691 1451
1690 1451
1689 1451
1688 1451
1687 1451
1686 1451
1685 1451
1684 1451
1683 1451
1682 1452
1681 1452
1680 1453
1679 1453
1678 1454
1677 1454
1676 1455
1675 1455
1674 1455
1673 1455
1672 1455
1671 1455
1670 1455
1669 1455
1668 1455
1667 1455
1666 1455
1665 1455
1664 1455
1663 1455
1662 1455
1661 1455
1660 1455
1659 1455
1658 1455
1657 1455
1656 1455
1655 1455
1654 1455
1653 1455
1652 1455
1651 1455
1650 1455
1649 1455
1648 1455
1647 1455
1646 1455
1645 1455
1644 1455
1643 1455
1642 1456
1641 1456
1640 1456
1639 1456
1638 1457
1637 1457
1636 1457
1635 1457
1634 1457
1633 1457
1632 1457
1631 1457
1630 1457
1629 1457
1628 1457
1627 1457
1626 1457
1625 1457
1624 1457
1623 1457
1622 1457
1621 1457
1620 1457
1619 1457
1618 1458
1617 1458
1616 1459
1615 1460
1614 1460
1613 1461
1612 1462
1611 1462
1610 1463
1609 1464
1608 1464
1607 1464
1606 1465
1605 1465
1604 1465
1603 1465
1602 1465
1601 1465
1600 1465
1599 1465
1598 1465
1597 1465
1596 1465
1595 1465
1594 1466
1593 1466
1592 1466
1591 1466
1590 1467
1589 1467
1588 1468
1587 1468
1586 1468
1585 1468
1584 1469
1583 1469
1582 1470
1581 1470
1580 1470
1579 1470
1578 1471
1577 1472
1576 1473
1575 1474
1574 1474
1573 1475
1572 1476
1571 1476
1570 1477
1569 1477
1568 1478
1567 1478
1566 1478
1565 1478
1564 1479
1563 1479
1562 1479
1561 1479
1560 1480
1559 1480
1558 1480
1557 1480
1556 1481
1555 1482
1554 1482
1553 1482
1552 1483
1551 1483
1550 1483
1549 1483
1548 1484
1547 1484
1546 1484
1545 1484
1544 1485
1543 1486
1542 1487
1541 1487
1540 1488
1539 1488
1538 1489
1537 1490
1536 1491
1535 1492
1534 1492
1534 1493
1533 1494
1532 1495
1531 1496
1530 1497
1530 1498
1529 1499
1529 1500
1528 1501
1528 1502
1527 1503
1527 1504
1526 1505
1526 1506
1525 1507
1524 1508
1523 1509
1522 1510
1521 1510
1520 1511
1519 1512
1518 1512
1517 1512
1516 1513
1515 1513
1514 1512
1513 1512
1512 1511
1511 1511
1510 1510
1509 1510
1508 1509
1507 1509
1506 1509
1505 1509
1504 1508
1503 1508
1502 1508
1501 1508
1500 1507
1499 1507
1498 1507
1497 1507
1496 1506
1495 1506
1494 1506
1493 1506
1492 1505
1491 1505
1490 1505
1489 1505
1488 1505
1487 1505
1486 1505
1485 1505
1484 1505
1483 1505
1482 1505
1481 1505
1480 1504
1479 1504
1478 1504
1477 1503
1476 1502
1475 1502
1474 1502
1473 1502
1472 1501
1471 1501
1470 1501
1469 1501
1468 1501
1467 1501
1466 1501
1465 1501
1464 1501
1463 1501
1462 1501
1461 1501
1460 1501
1459 1501
1458 1501
1457 1501
1456 1501
1455 1501
1454 1501
1453 1501
1452 1501
1451 1501
1450 1502
1449 1502
1448 1502
1447 1502
1446 1503
1445 1503
1444 1503
1443 1503
1442 1503
1441 1503
1440 1503
1439 1503
1438 1503
1437 1503
1436 1503
1435 1503
1434 1503
1433 1503
1432 1503
1431 1503
1430 1503
1429 1503
1428 1504
1427 1504
1426 1504
1425 1504
1424 1505
1423 1505
1422 1505
1421 1505
1420 1506
1419 1506
1418 1506
1417 1506
1416 1507
1415 1507
1414 1507
1413 1507
1412 1507
1411 1507
1410 1507
1409 1507
1408 1507
1407 1507
1406 1507
1405 1507
1404 1506
1403 1506
1402 1506
1401 1505
1400 1504
1399 1504
1398 1504
1397 1503
1396 1502
1395 1502
1394 1501
1393 1500
1392 1500
1391 1499
1391 1498
1390 1498
1389 1497
1388 1496
1387 1495
1386 1494
1385 1494
1384 1494
1383 1494
1382 1493
1381 1493
1380 1492
1379 1492
1378 1492
1377 1492
1376 1491
1375 1491
1374 1491
1373 1491
1372 1491
1371 1491
1370 1491
1369 1491
1368 1491
1367 1491
1366 1491
1365 1491
1364 1491
1363 1491
1362 1491
1361 1491
1360 1491
1359 1491
1358 1491
1357 1491
1356 1491
1355 1491
1354 1491
1353 1491
1352 1491
1351 1491
1350 1491
1349 1491
1348 1490
1347 1490
1346 1489
1345 1489
1344 1488
1343 1488
1342 1487
1341 1487
1340 1487
1339 1487
1338 1487
1337 1487
1336 1487
1335 1487
1334 1486
1333 1486
1332 1485
1331 1484
1330 1484
1329 1483
1328 1482
1327 1482
1326 1481
1325 1481
1324 1480
1323 1480
1322 1479
1321 1479
1320 1478
1319 1477
1318 1476
1317 1476
1316 1476
1315 1476
1314 1475
1313 1475
1312 1474
1311 1474
1310 1474
1309 1474
1308 1474
1307 1474
1306 1475
1305 1475
1304 1476
1303 1476
1302 1477
1301 1478
1300 1478
1299 1478
1298 1479
1297 1480
1296 1480
1295 1480
1294 1481
1293 1482
1292 1483
1291 1483
1290 1484
1289 1484
1288 1485
1287 1486
1286 1487
1285 1487
1284 1488
1283 1488
1282 1489
1281 1490
1280 1490
1279 1490
1278 1491
1277 1492
1276 1492
1275 1492
1274 1493
1273 1493
1272 1494
1271 1494
1270 1495
1269 1496
1268 1496
1268 1497
1267 1498
1266 1498
1265 1499
1264 1500
1263 1500
1262 1501
1261 1502
1260 1503
1259 1504
1258 1504
1258 1505
1257 1506
1256 1506
1256 1507
1255 1508
1254 1508
1254 1509
1253 1510
1252 1510
1252 1511
1251 1512
1250 1512
1249 1513
1248 1514
1247 1514
1246 1515
1245 1516
1244 1517
1243 1518
1242 1518
1242 1519
1241 1520
1240 1520
1240 1521
1239 1522
1238 1522
1238 1523
1237 1524
1236 1525
1235 1526
1234 1527
1234 1528
1234 1529
1233 1530
1232 1531
1232 1532
1232 1533
1232 1534
1231 1535
1231 1536
1230 1537
1230 1538
1229 1539
1228 1540
1228 1541
1227 1542
1226 1542
1226 1543
1225 1544
1224 1544
1223 1545
1222 1546
1221 1546
1220 1547
1219 1548
1218 1549
1217 1550
1216 1551
1215 1552
1214 1553
1214 1554
1214 1555
1213 1556
1212 1557
1212 1558
1211 1559
1210 1560
1210 1561
1209 1562
1208 1562
1208 1563
1207 1564
1206 1564
1206 1565
1205 1566
1204 1567
1203 1568
1202 1569
1202 1570
1202 1571
1201 1572
1200 1573
1200 1574
1199 1575
1199 1576
1198 1577
1197 1578
1196 1579
1196 1580
1196 1581
1196 1582
1195 1583
1195 1584
1194 1585
1194 1586
1194 1587
1193 1588
1192 1589
1192 1590
1191 1591
1190 1592
1189 1592
1188 1593
1187 1594
1186 1594
1185 1594
1184 1595
1183 1595
1182 1595
1181 1595
1180 1595
1179 1595
1178 1595
1177 1595
1176 1595
1175 1595
1174 1596
1173 1596
1172 1597
1171 1598
1170 1599
1170 1600
1170 1601
1170 1602
1169 1603
1169 1604
1169 1605
1169 1606
1169 1607
1169 1608
1168 1609
1168 1610
1167 1611
1167 1612
1166 1613
1165 1614
1164 1615
1164 1616
1163 1617
1163 1618
1162 1619
1162 1620
1161 1621
1161 1622
1160 1623
1160 1624
1160 1625
1159 1626
1158 1627
1158 1628
1157 1629
1156 1630
1156 1631
1155 1632
1154 1632
1154 1633
1153 1634
1152 1634
1152 1635
1151 1636
1150 1637
1150 1638
1149 1639
1149 1640
1150 1641
1150 1642
1150 1643
1150 1644
1151 1645
1151 1646
1151 1647
1151 1648
1151 1649
1151 1650
1151 1651
1151 1652
1150 1653
1150 1654
1150 1655
1150 1656
1149 1657
1149 1658
1149 1659
1149 1660
1149 1661
1149 1662
1149 1663
1149 1664
1148 1665
1148 1666
1147 1667
1147 1668
1146 1669
1145 1670
1144 1671
1144 1672
1144 1673
1144 1674
1143 1675
1143 1676
1143 1677
1143 1678
1143 1679
1143 1680
1142 1681
1142 1682
1141 1683
1140 1684
1140 1685
1139 1686
1138 1686
1138 1687
1137 1688
1136 1688
1135 1689
1134 1690
1133 1690
1132 1691
1131 1692
1130 1693
1129 1693
1128 1694
1127 1694
1126 1695
1125 1696
1124 1697
1123 1698
1122 1699
1121 1700
1120 1701
1120 1702
1119 1703
1119 1704
1118 1705
1118 1706
1117 1707
1117 1708
1117 1709
1117 1710
1117 1711
1117 1712
1118 1713
1118 1714
1118 1715
1118 1716
1119 1717
1119 1718
1119 1719
1119 1720
1119 1721
1119 1722
1119 1723
1119 1724
1119 1725
1119 1726
1119 1727
1119 1728
1118 1729
1118 1730
1118 1731
1118 1732
1117 1733
1117 1734
1117 1735
1117 1736
1117 1737
1117 1738
1117 1739
1117 1740
1117 1741
1117 1742
1117 1743
1117 1744
1117 1745
1117 1746
1117 1747
1117 1748
1117 1749
1117 1750
1117 1751
1117 1752
1117 1753
1117 1754
1117 1755
1117 1756
1117 1757
1117 1758
1118 1759
1118 1760
1119 1761
1120 1762
1120 1763
1121 1763
1122 1764
1123 1765
1124 1766
1125 1767
1126 1767
1127 1767
1128 1768
1129 1769
1130 1769
1131 1770
1132 1771
1133 1771
1134 1772
1135 1773
1136 1774
1137 1775
1138 1775
1139 1776
1140 1777
1141 1777
1142 1778
1142 1779
1143 1779
1144 1780
1144 1781
1145 1781
1146 1782
1146 1783
1147 1783
1148 1784
1148 1785
1149 1785
1150 1786
1150 1787
1151 1788
1152 1789
1152 1790
1153 1791
1153 1792
1153 1793
1153 1794
1154 1795
1154 1796
1155 1797
1156 1798
1156 1799
1157 1799
1158 1800
1158 1801
1159 1801
1160 1802
1161 1803
1162 1804
1163 1805
1164 1806
1165 1807
1166 1808
1167 1809
1168 1810
1169 1811
1170 1811
1171 1812
1172 1812
1173 1812
1174 1812
1175 1813
1176 1813
1177 1814
1178 1814
1179 1815
1180 1816
1181 1817
1182 1817
1183 1818
1184 1819
1185 1819
1186 1820
1187 1821
1188 1822
1189 1823
1190 1823
1191 1824
1192 1825
1193 1825
1194 1826
1195 1827
1196 1827
1197 1828
1198 1828
1199 1828
1200 1828
1201 1829
1202 1829
1203 1829
1204 1829
1205 1830
1206 1830
1207 1830
1208 1830
1209 1830
1210 1830
1211 1830
1212 1830
1213 1830
1214 1830
1215 1831
1216 1831
1217 1831
1218 1832
1219 1833
1220 1833
1221 1834
1222 1834
1223 1835
1224 1836
1225 1837
1226 1837
1227 1837
1228 1837
1229 1838
1230 1838
1231 1839
1232 1839
1233 1839
1234 1840
1235 1841
1236 1841
1237 1842
1238 1843
1239 1843
1240 1844
1241 1845
1242 1846
1243 1847
1244 1847
1245 1847
1246 1847
1247 1848
1248 1848
1249 1848
1250 1848
1251 1849
1252 1849
1253 1849
1254 1849
1255 1850
1256 1850
1257 1850
1258 1850
1259 1850
1260 1850
1261 1850
1262 1850
1263 1849
1264 1849
1265 1848
1266 1847
1267 1847
1268 1846
1269 1845
1270 1845
1271 1844
1272 1844
1273 1844
1274 1844
1275 1844
1276 1844
1277 1844
1278 1844
1279 1844
1280 1844
1281 1844
1282 1844
1283 1844
1284 1844
1285 1844
1286 1844
1287 1844
1288 1844
1289 1844
1290 1844
1291 1844
1292 1844
1293 1844
1294 1844
1295 1844
1296 1844
1297 1844
1298 1844
1299 1843
1300 1843
1301 1843
1302 1843
1303 1842
1304 1842
1305 1842
1306 1842
1307 1843
1308 1843
1309 1843
1310 1843
1311 1844
1312 1844
1313 1844
1314 1844
1315 1843
1316 1843
1317 1842
1318 1842
1319 1841
1320 1841
1321 1840
1322 1840
1323 1840
1324 1840
1325 1840
1326 1840
1327 1840
1328 1840
1329 1840
1330 1840
1331 1840
1332 1840
1333 1840
1334 1840
1335 1839
1336 1839
1337 1839
1338 1839
1339 1838
1340 1838
1341 1837
1342 1837
1343 1836
1344 1836
1345 1835
1346 1835
1347 1834
1348 1833
1349 1832
1350 1831
1351 1831
1352 1830
1353 1829
1354 1829
1355 1828
1356 1827
1357 1826
1358 1825
1359 1824
1359 1823
1360 1822
1361 1821
1361 1820
1362 1819
1363 1819
1364 1818
1365 1817
1366 1817
1367 1816
1368 1816
1369 1816
1370 1816
1371 1816
1372 1816
1373 1816
1374 1816
1375 1816
1376 1816
1377 1816
1378 1816
1379 1816
1380 1816
1381 1815
1382 1815
1383 1815
1384 1815
1385 1814
1386 1814
1387 1814
1388 1814
1389 1814
1390 1814
1391 1814
1392 1814
1393 1814
1394 1814
1395 1814
1396 1814
1397 1814
1398 1814
1399 1814
1400 1814
1401 1814
1402 1814
1403 1814
1404 1814
1405 1814
1406 1814
1407 1814
1408 1814
1409 1814
1410 1814
1411 1814
1412 1814
1413 1814
1414 1814
1415 1814
1416 1814
1417 1814
1418 1814
1419 1814
1420 1814
1421 1814
1422 1814
1423 1814
1424 1814
1425 1814
1426 1814
1427 1814
1428 1814
1429 1814
1430 1814
1431 1814
1432 1814
1433 1814
1434 1814
1435 1814
1436 1814
1437 1814
1438 1814
1439 1814
1440 1814
1441 1814
1442 1814
1443 1814
1444 1814
1445 1814
1446 1814
1447 1814
1448 1814
1449 1814
1450 1814
1451 1814
1452 1814
1453 1813
1454 1813
1455 1813
1456 1813
1457 1812
1458 1812
1459 1812
1460 1812
1461 1813
1462 1813
1463 1813
1464 1813
1465 1814
1466 1814
1467 1814
1468 1814
1469 1814
1470 1814
1471 1814
1472 1814
1473 1814
1474 1814
1475 1813
1476 1813
1477 1813
1478 1813
1479 1812
1480 1812
1481 1812
1482 1812
1483 1812
1484 1812
1485 1812
1486 1812
1487 1812
1488 1812
1489 1812
1490 1812
1491 1812
1492 1812
1493 1812
1494 1812
1495 1812
1496 1812
1497 1812
1498 1812
1499 1812
1500 1812
1501 1812
1502 1812
1503 1812
1504 1812
1505 1812
1506 1812
1507 1812
1508 1812
1509 1812
1510 1812
1511 1812
1512 1812
1513 1812
1514 1812
1515 1812
1516 1812
1517 1812
1518 1812
1519 1812
1520 1812
1521 1812
1522 1812
1523 1812
1524 1812
1525 1812
1526 1812
1527 1812
1528 1812
1529 1812
1530 1812
1531 1812
1532 1812
1533 1812
1534 1812
1535 1812
1536 1812
1537 1812
1538 1812
1539 1812
1540 1812
1541 1812
1542 1812
1543 1813
1544 1813
1545 1813
1546 1813
1547 1814
1548 1814
1549 1815
1550 1815
1551 1815
1552 1816
1553 1817
1554 1817
1555 1817
1556 1817
1557 1818
1558 1818
1559 1819
1560 1819
1561 1819
1562 1819
1563 1820
1564 1820
1565 1820
1566 1820
1567 1820
1568 1820
1569 1820
1570 1820
1571 1820
1572 1820
1573 1820
1574 1820
1575 1821
1576 1821
1577 1821
1578 1821
1579 1822
1580 1822
1581 1822
1582 1822
1583 1823
1584 1823
1585 1823
1586 1823
1587 1824
1588 1824
1589 1824
1590 1824
1591 1824
1592 1824
1593 1823
1594 1823
1595 1823
1596 1823
1597 1822
1598 1822
1599 1822
1600 1822
1601 1822
1602 1822
1603 1823
1604 1823
1605 1823
1606 1823
1607 1824
1608 1824
1609 1824
1610 1824
1611 1825
1612 1825
1613 1825
1614 1825
1615 1826
1616 1826
1617 1826
1618 1826
1619 1826
1620 1826
1621 1826
1622 1826
1623 1826
1624 1826
1625 1827
1626 1827
1627 1827
1628 1827
1629 1828
1630 1828
1631 1828
1632 1828
1633 1828
1634 1828
1635 1828
1636 1828
1637 1828
1638 1828
1639 1829
1640 1829
1641 1829
1642 1829
1643 1830
1644 1830
1645 1830
1646 1830
1647 1830
1648 1830
1649 1830
1650 1830
1651 1830
1652 1830
1653 1830
1654 1830
1655 1830
1656 1830
1657 1831
1658 1831
1659 1831
1660 1831
1661 1832
1662 1832
1663 1833
1664 1833
1665 1833
1666 1834
1667 1835
1668 1835
1669 1835
1670 1836
1671 1837
1672 1837
1673 1837
1674 1838
1675 1839
1676 1839
1677 1839
1678 1840
1679 1841
1680 1841
1681 1841
1682 1841
1683 1842
1684 1842
1685 1842
1686 1842
1687 1842
1688 1842
1689 1842
1690 1842
1691 1842
1692 1842
1693 1842
1694 1842
1695 1842
1696 1842
1697 1841
1698 1841
1699 1841
1700 1841
1701 1840
1702 1840
1703 1840
1704 1840
1705 1840
1706 1840
1707 1841
1708 1841
1709 1841
1710 1841
1711 1842
1712 1842
1713 1842
1714 1842
1715 1842
1716 1842
1717 1842
1718 1842
1719 1841
1720 1841
1721 1840
1722 1839
1723 1838
1724 1837
1725 1836
1726 1835
1727 1834
1728 1834
1729 1834
1730 1834
1731 1834
1732 1834
1733 1834
1734 1834
1735 1834
1736 1834
1737 1834
1738 1834
1739 1833
1740 1833
1741 1833
1742 1833
1743 1832
1744 1831
1745 1831
1746 1831
1747 1830
1748 1830
1749 1830
1750 1830
1751 1830
1752 1830
1753 1830
1754 1830
1755 1830
1756 1830
1757 1830
1758 1830
1759 1830
1760 1830
1761 1830
1762 1830
1763 1830
1764 1830
1765 1830
1766 1830
1767 1830
1768 1830
1769 1830
1770 1830
1771 1831
1772 1831
1773 1831
1774 1831
1775 1832
1776 1832
1777 1832
1778 1832
1779 1832
1780 1832
1781 1833
1782 1833
1783 1833
1784 1833
1785 1834
1786 1834
1787 1834
1788 1834
1789 1834
1790 1834
1791 1834
1792 1834
1793 1834
1794 1834
1795 1833
1796 1833
1797 1833
1798 1833
1799 1832
1800 1832
1801 1832
1802 1832
1803 1832
1804 1832
1805 1832
1806 1832
1807 1832
1808 1832
1809 1832
1810 1832
1811 1831
1812 1831
1813 1831
1814 1831
1815 1830
1816 1830
1817 1830
1818 1830
1819 1830
1820 1830
1821 1830
1822 1830
1823 1830
1824 1830
1825 1830
1826 1830
1827 1830
1828 1830
1829 1830
1830 1830
1831 1830
1832 1830
1833 1830
1834 1830
1835 1830
1836 1830
1837 1831
1838 1831
1839 1831
1840 1831
1841 1832
1842 1832
1843 1832
1844 1832
1845 1832
1846 1832
1847 1832
1848 1832
1849 1832
1850 1832
1851 1832
1852 1832
1853 1832
1854 1832
1855 1832
1856 1832
1857 1832
1858 1832
1859 1832
1860 1832
1861 1832
1862 1832
1863 1832
1864 1832
1865 1832
1866 1832
1867 1832
1868 1832
1869 1832
1870 1832
1871 1832
1872 1832
1873 1832
1874 1832
1875 1832
1876 1832
1877 1832
1878 1832
1879 1833
1880 1833
1881 1833
1882 1833
1883 1834
1884 1834
1885 1834
1886 1834
1887 1834
1888 1834
1889 1834
1890 1834
1891 1834
1892 1834
1893 1834
1894 1834
1895 1834
1896 1834
1897 1834
1898 1834
1899 1834
1900 1834
1901 1834
1902 1834
1903 1834
1904 1834
1905 1834
1906 1834
1907 1834
1908 1834
1909 1834
1910 1834
1911 1834
1912 1834
1913 1834
1914 1834
1915 1834
1916 1834
1917 1834
1918 1834
1919 1834
1920 1834
1921 1834
1922 1834
1923 1834
1924 1834
1925 1834
1926 1834
1927 1835
1928 1835
1929 1835
1930 1835
1931 1836
1932 1836
1933 1836
1934 1836
1935 1836
1936 1836
1937 1836
1938 1836
1939 1836
1940 1836
1941 1837
1942 1837
1943 1837
1944 1837
1945 1838
1946 1838
1947 1838
1948 1838
1949 1838
1950 1838
1951 1838
1952 1838
1953 1838
1954 1838
1955 1838
1956 1838
1957 1838
1958 1838
1959 1838
1960 1838
1961 1838
1962 1838
1963 1838
1964 1838
1965 1838
1966 1838
1967 1838
1968 1838
1969 1838
1970 1838
1971 1838
1972 1838
1973 1838
1974 1838
1975 1838
1976 1838
1977 1839
1978 1839
1979 1840
1980 1840
1981 1841
1982 1841
1983 1842
1984 1842
1985 1842
1986 1842
1987 1843
1988 1843
1989 1843
1990 1843
1991 1844
1992 1844
1993 1844
1994 1844
1995 1844
1996 1844
1997 1844
1998 1844
1999 1844
2000 1844
2001 1844
2002 1844
2003 1843
2004 1843
2005 1842
2006 1842
2007 1841
2008 1841
2009 1840
2010 1840
2011 1840
2012 1840
2013 1840
2014 1840
2015 1840
2016 1840
2017 1840
2018 1840
2019 1840
2020 1840
2021 1840
2022 1840
2023 1840
2024 1840
2025 1840
2026 1840
2027 1839
2028 1839
2029 1839
2030 1839
2031 1838
2032 1838
2033 1838
2034 1838
2035 1838
2036 1838
2037 1838
2038 1838
2039 1838
2040 1838
2041 1838
2042 1838
2043 1838
2044 1838
2045 1838
2046 1838
2047 1837
2048 1837
2049 1836
2050 1836
2051 1835
2052 1835
2053 1834
2054 1834
2055 1834
2056 1834
2057 1833
2058 1833
2059 1833
2060 1833
2061 1832
2062 1832
2063 1832
2064 1832
2065 1831
2066 1831
2067 1831
2068 1831
2069 1830
2070 1830
2071 1830
2072 1830
2073 1830
2074 1830
2075 1830
2076 1830
2077 1830
2078 1830
2079 1830
2080 1830
2081 1830
2082 1830
2083 1830
2084 1830
2085 1830
2086 1830
2087 1830
2088 1830
2089 1830
2090 1830
2091 1830
2092 1830
2093 1829
2094 1829
2095 1829
2096 1829
2097 1828
2098 1828
2099 1827
2100 1827
2101 1827
2102 1827
2103 1827
2104 1827
2105 1827
2106 1828
2107 1829
2108 1829
2109 1829
2110 1829
2111 1830
2112 1830
2113 1831
2114 1831
2115 1831
2116 1831
2117 1832
2118 1832
2119 1832
2120 1832
2121 1832
2122 1832
2123 1833
2124 1833
2125 1833
2126 1833
2127 1834
2128 1834
2129 1834
2130 1834
2131 1834
2132 1834
2133 1835
2134 1835
2135 1835
2136 1835
2137 1836
2138 1836
2139 1836
2140 1836
2141 1836
2142 1836
2143 1837
2144 1837
2145 1837
2146 1837
2147 1838
2148 1838
2149 1838
2150 1838
2151 1838
2152 1838
2153 1838
2154 1838
2155 1839
2156 1839
2157 1839
2158 1839
2159 1840
2160 1840
2161 1841
2162 1841
2163 1841
2164 1841
2165 1842
2166 1842
2167 1843
2168 1843
2169 1843
2170 1843
2171 1844
2172 1844
2173 1845
2174 1845
2175 1845
2176 1845
2177 1846
2178 1846
2179 1846
2180 1846
2181 1845
2182 1845
2183 1845
2184 1845
2185 1844
2186 1844
2187 1844
2188 1844
2189 1844
2190 1844
2191 1845
2192 1845
2193 1845
2194 1845
2195 1846
2196 1846
2197 1846
2198 1846
2199 1846
2200 1846
2201 1846
2202 1846
2203 1846
2204 1846
2205 1847
2206 1847
2207 1848
2208 1849
2209 1849
2210 1850
2211 1851
2212 1851
2213 1852
2214 1852
2215 1852
2216 1852
2217 1852
2218 1852
2219 1853
2220 1853
2221 1854
2222 1854
2223 1855
2224 1855
2225 1856
2226 1856
2227 1856
2228 1856
2229 1856
2230 1856
2231 1857
2232 1857
2233 1857
2234 1858
2235 1859
2236 1859
2237 1859
2238 1859
2239 1860
2240 1860
2241 1861
2242 1861
2243 1862
2244 1862
2245 1863
2246 1863
2247 1864
2248 1864
2249 1864
2250 1864
2251 1864
2252 1864
2253 1864
2254 1864
2255 1865
2256 1865
2257 1865
2258 1865
2259 1866
2260 1866
2261 1866
2262 1866
2263 1866
2264 1866
2265 1866
2266 1866
2267 1866
2268 1866
2269 1867
2270 1867
2271 1867
2272 1867
2273 1868
2274 1868
2275 1868
2276 1868
2277 1868
2278 1868
2279 1869
2280 1869
2281 1870
2282 1871
2283 1871
2284 1872
2285 1873
2286 1874
2287 1875
2288 1875
2289 1875
2290 1875
2291 1876
2292 1876
2293 1876
2294 1876
2295 1875
2296 1875
2297 1875
2298 1875
2299 1874
2300 1874
2301 1874
2302 1874
2303 1874
2304 1874
2305 1874
2306 1874
2307 1875
2308 1875
2309 1875
2310 1876
2311 1877
2312 1877
2313 1877
2314 1877
2315 1878
2316 1878
2317 1879
2318 1879
2319 1879
2320 1879
2321 1880
2322 1880
2323 1881
2324 1881
2325 1881
2326 1881
2327 1882
2328 1882
2329 1882
2330 1882
2331 1882
2332 1882
2333 1882
2334 1882
2335 1883
2336 1883
2337 1883
2338 1883
2339 1884
2340 1884
2341 1884
2342 1884
2343 1885
2344 1885
2345 1885
2346 1885
2347 1886
2348 1886
2349 1886
2350 1886
2351 1886
2352 1886
2353 1886
2354 1886
2355 1887
2356 1887
2357 1887
2358 1887
2359 1888
2360 1888
2361 1888
2362 1888
2363 1888
2364 1888
2365 1888
2366 1888
2367 1888
2368 1888
2369 1888
2370 1888
2371 1888
2372 1888
2373 1888
2374 1888
2375 1888
2376 1888
2377 1888
2378 1888
2379 1888
2380 1888
2381 1888
2382 1888
2383 1888
2384 1888
2385 1888
2386 1888
2387 1888
2388 1888
2389 1888
2390 1888
2391 1888
2392 1888
2393 1888
2394 1888
2395 1888
2396 1888
2397 1887
2398 1887
2399 1887
2400 1887
2401 1886
2402 1886
2403 1886
2404 1886
2405 1885
2406 1885
2407 1884
2408 1883
2409 1883
2410 1882
2411 1881
2412 1881
2413 1880
2414 1880
2415 1880
2416 1880
2417 1880
2418 1880
2419 1880
2420 1880
2421 1880
2422 1880
2423 1880
2424 1880
2425 1880
2426 1880
2427 1880
2428 1880
2429 1879
2430 1879
2431 1878
2432 1878
2433 1877
2434 1877
2435 1876
2436 1876
2437 1876
2438 1876
2439 1876
2440 1876
2441 1875
2442 1875
2443 1875
2444 1875
2445 1874
2446 1874
2447 1874
2448 1874
2449 1875
2450 1875
2451 1876
2452 1876
2453 1877
2454 1877
2455 1878
2456 1878
2457 1878
2458 1878
2459 1878
2460 1878
2461 1878
2462 1878
2463 1878
2464 1878
2465 1878
2466 1878
2467 1877
2468 1877
2469 1877
2470 1877
2471 1876
2472 1876
2473 1876
2474 1876
2475 1875
2476 1875
2477 1875
2478 1875
2479 1874
2480 1874
2481 1873
2482 1873
2483 1873
2484 1873
2485 1872
2486 1872
2487 1873
2488 1873
2489 1873
2490 1873
2491 1874
2492 1874
2493 1873
2494 1873
2495 1873
2496 1873
2497 1872
2498 1871
2499 1871
2500 1871
2501 1870
2502 1869
2503 1869
2504 1869
2505 1868
2506 1868
2507 1867
2508 1867
2509 1867
2510 1867
2511 1866
2512 1866
2513 1865
2514 1865
2515 1865
2516 1865
2517 1864
2518 1864
2519 1864
2520 1864
2521 1864
2522 1864
2523 1863
2524 1863
2525 1862
2525 1861
2526 1860
2526 1859
2527 1858
2527 1857
2528 1856
2529 1855
2530 1854
2531 1853
2532 1853
2533 1852
2534 1852
2535 1851
2536 1851
2537 1851
2538 1851
2539 1850
2540 1850
2541 1850
2542 1850
2543 1849
2544 1849
2545 1849
2546 1849
2547 1848
2548 1848
2549 1848
2550 1848
2551 1848
2552 1848
2553 1848
2554 1848
2555 1848
2556 1848
2557 1848
2558 1848
2559 1847
2560 1847
2561 1847
2562 1847
2563 1846
2564 1846
2565 1846
2566 1846
2567 1845
2568 1845
2569 1845
2570 1845
2571 1844
2572 1843
2573 1842
2574 1841
2575 1841
2575 1840
2576 1839
2577 1839
2577 1838
2578 1837
2579 1837
2579 1836
2580 1835
2581 1834
2581 1833
2582 1832
2582 1831
2582 1830
2582 1829
2582 1828
2582 1827
2582 1826
2582 1825
2582 1824
2582 1823
2583 1822
2583 1821
2583 1820
2583 1819
2584 1818
2584 1817
2584 1816
2584 1815
2584 1814
2584 1813
2584 1812
2584 1811
2584 1810
2584 1809
2584 1808
2584 1807
2584 1806
2584 1805
2584 1804
2584 1803
2585 1802
2585 1801
2586 1800
2586 1799
2587 1798
2588 1797
2589 1796
2589 1795
2589 1794
2589 1793
2590 1792
2590 1791
2590 1790
2590 1789
2590 1788
2590 1787
2591 1786
2591 1785
2592 1784
2592 1783
2593 1782
2593 1781
2594 1780
2594 1779
2595 1778
2595 1777
2595 1776
2595 1775
2596 1774
2596 1773
2596 1772
2596 1771
2597 1770
2597 1769
2598 1768
2599 1767
2599 1766
2600 1765
2600 1764
2600 1763
2601 1762
2601 1761
2600 1760
2600 1759
2600 1758
2600 1757
2599 1756
2599 1755
2598 1754
2598 1753
2597 1752
2597 1751
2596 1750
2595 1749
2594 1748
2594 1747
2593 1746
2593 1745
2592 1744
2592 1743
2592 1742
2592 1741
2592 1740
2592 1739
2592 1738
2592 1737
2591 1736
2591 1735
2591 1734
2591 1733
2590 1732
2590 1731
2589 1730
2589 1729
2588 1728
2587 1727
2586 1726
2585 1726
2584 1725
2583 1725
2582 1725
2581 1725
2580 1724
2579 1724
2578 1723
2577 1722
2576 1722
2575 1721
2574 1720
2573 1720
2572 1719
2571 1719
2570 1719
2569 1719
2568 1719
2567 1719
2566 1719
2565 1719
2564 1719
2563 1719
2562 1719
2561 1719
2560 1719
2559 1719
2558 1718
2557 1718
2556 1717
2555 1717
2554 1716
2553 1715
2552 1714
2551 1714
2550 1714
2549 1714
2548 1713
2547 1713
2546 1712
2545 1712
2544 1711
2543 1711
2542 1710
2541 1710
2540 1709
2539 1709
2538 1708
2537 1708
2536 1707
2535 1706
2534 1706
2533 1705
2533 1704
2532 1704
2531 1703
2531 1702
2530 1702
2529 1701
2529 1700
2528 1700
2527 1699
2527 1698
2526 1697
2525 1696
2525 1695
2524 1694
2523 1693
2522 1692
2521 1691
2520 1690
2519 1689
2518 1688
2517 1688
2516 1687
2515 1686
2514 1686
2513 1685
2513 1684
2512 1684
2511 1683
2510 1682
2509 1682
2508 1681
2507 1681
2506 1681
2505 1681
2504 1681
2503 1681
2502 1681
2501 1681
2500 1680
2499 1680
2498 1680
2497 1679
2496 1678
2495 1678
2494 1677
2493 1676
2492 1676
2491 1675
2491 1674
2490 1674
2489 1673
2489 1672
2488 1671
2487 1670
2487 1669
2486 1668
2485 1667
2484 1666
2484 1665
2483 1664
2483 1663
2482 1662
2482 1661
2481 1660
2481 1659
2480 1658
2479 1657
2479 1656
2478 1656
2477 1655
2477 1654
2476 1653
2475 1652
2475 1651
2475 1650
2475 1649
2475 1648
2475 1647
2476 1646
2476 1645
2476 1644
2476 1643
2476 1642
2476 1641
2476 1640
2476 1639
2476 1638
2476 1637
2476 1636
2476 1635
2476 1634
2476 1633
2476 1632
2476 1631
2475 1630
2475 1629
2475 1628
2475 1627
2474 1626
2473 1625
2472 1624
2471 1623
2470 1622
2469 1621
2468 1620
2467 1620
2466 1619
2465 1619
2464 1618
2463 1618
2462 1617
2461 1617
2460 1616
2459 1616
2458 1616
2457 1615
2456 1614
2455 1614
2454 1614
2453 1613
2452 1612
2451 1612
2450 1611
2449 1610
2448 1610
2447 1609
2447 1608
2446 1608
2445 1607
2445 1606
2444 1606
2443 1605
2443 1604
2442 1604
2441 1603
2441 1602
2440 1602
2439 1601
2439 1600
2438 1600
2437 1599
2437 1598
2436 1597
2435 1596
2435 1595
2434 1594
2434 1593
2433 1592
2433 1591
2433 1590
2433 1589
2432 1588
2431 1587
2431 1586
2431 1585
2430 1584
2430 1583
2429 1582
2429 1581
2429 1580
2429 1579
2428 1578
2427 1577
2426 1576
2425 1575
2425 1574
2424 1574
2423 1573
2423 1572
2422 1572
2421 1571
2421 1570
2420 1570
2419 1569
2419 1568
2418 1568
2417 1567
2417 1566
2416 1566
2415 1565
2415 1564
2414 1564
2413 1563
2413 1562
2412 1562
2411 1561
2411 1560
2410 1560
2409 1559
2408 1558
2407 1558
2406 1557
2405 1557
2404 1556
2403 1556
2402 1555
2401 1554
2400 1554
2399 1553
2398 1552
2397 1552
2396 1551
2395 1551
2394 1550
2393 1550
2392 1549
2391 1549
2390 1548
2389 1548
2388 1547
2387 1547
2386 1546
2385 1545
2384 1544
2383 1543
2382 1542
2381 1541
2380 1540
2379 1540
2378 1539
2377 1539
2376 1539
2375 1539
2374 1539
2373 1539
2372 1539
2371 1539
2370 1539
2369 1539
2368 1538
2367 1538
2366 1538
2365 1537
2364 1536
2363 1536
2362 1535
2361 1535
2360 1534
2359 1534
2358 1533
2357 1533
2356 1532
2355 1532
2354 1532
2353 1531
2352 1530
2351 1530
2350 1529
2349 1528
2348 1528
2347 1527
2347 1526
2346 1526
2345 1525
2345 1524
2344 1524
2343 1523
2343 1522
2342 1522
2341 1521
2341 1520
2340 1520
2339 1519
2339 1518
2338 1518
2337 1517
2336 1516
2335 1515
2334 1514
2333 1514
2332 1513
2331 1513
2330 1512
2329 1512
2328 1511
2327 1511
2326 1511
2325 1511
2324 1510
2323 1510
2322 1510
2321 1510
2320 1509
2319 1509
2318 1509
2317 1509
2316 1508
2315 1508
2314 1508
2313 1508
2312 1507
2311 1507
2310 1507
2309 1507
2308 1507
2307 1507
2306 1507
2305 1507
2304 1507
2303 1507
2302 1507
2301 1507
2300 1506
2299 1506
2298 1505
2297 1504
2296 1504
2295 1503
2295 1502
2294 1502
2293 1501
2293 1500
2292 1500
2291 1499
2291 1498
2290 1498
2289 1497
2289 1496
2288 1496
2287 1495
2287 1494
2286 1494
2285 1493
2285 1492
2284 1492
2283 1491
2282 1490
2281 1490
2280 1489
2279 1489
2278 1489
2277 1489
2276 1489
2275 1489
2274 1489
2273 1489
2272 1489
2271 1489
2270 1489
2269 1489
2268 1488
2267 1488
2266 1487
2265 1486
2264 1486
2263 1485
2263 1484
2262 1484
2261 1483
2261 1482
2260 1482
2259 1481
2258 1480
2257 1480
2256 1479
2255 1479
2254 1479
2253 1479
2252 1479
2251 1479
2250 1478
2249 1478
2248 1478
2247 1478
2246 1477
2245 1477
2244 1476
2243 1476
2242 1475
2241 1474
2240 1474
2239 1473
2238 1472
2237 1472
2236 1471
2235 1471
2234 1471
2233 1471
2232 1471
2231 1471
2230 1470
2229 1470
2228 1469
2227 1469
2226 1468
2225 1468
2224 1467
2223 1467
2222 1467
2221 1467
2220 1467
2219 1467
2218 1467
2217 1467
2216 1467
2215 1467
2214 1467
2213 1467
2212 1467
2211 1467
2210 1467
2209 1467
2208 1466
2207 1466
2206 1466
2205 1466
2204 1465
2203 1465
2202 1465
2201 1465
2200 1464
2199 1464
2198 1464
2197 1464
2196 1463
2195 1463
2194 1463
2193 1463
2192 1463
2191 1463
2190 1463
2189 1463
2188 1463
2187 1463
2186 1462
2185 1462
2184 1462
2183 1461
2182 1460
2181 1460
2180 1460
2179 1460
2178 1459
2177 1459
2176 1458
2175 1458
2174 1458
2173 1457
2172 1456
2171 1456
2170 1455
2169 1454
2168 1454
2167 1453
2166 1452
2165 1452
2164 1451
2163 1451
2162 1450
2161 1450
2160 1450
2159 1449
2158 1448
2157 1448
2156 1448
2155 1448
2154 1447
2153 1447
2152 1446
2151 1446
2150 1445
2149 1444
2148 1444
2147 1443
2147 1442
2146 1442
2145 1441
2145 1440
2144 1440
2143 1439
2143 1438
2142 1438
2141 1437
2140 1436
2139 1436
2138 1435
2137 1435
2136 1435
2135 1435
2134 1435
2133 1435
2132 1435
2131 1435
2130 1435
2129 1435
2128 1435
2127 1435
2126 1434
2125 1434
2124 1434
2123 1433
2122 1432
2121 1432
2120 1432
2119 1432
2118 1431
2117 1431
2116 1431
2115 1431
2114 1431
2113 1431
2112 1431
2111 1431
2110 1431
2109 1431
2108 1431
2107 1431
2106 1431
2105 1431
2104 1431
2103 1431
2102 1431
2101 1431
2100 1431
2099 1431
2098 1431
2097 1431
2096 1430
2095 1430
2094 1430
2093 1430
2092 1429
2091 1429
2090 1429
2089 1429
2088 1429
2087 1429
2086 1428
2085 1428
2084 1428
2083 1428
2082 1427
2081 1427
2080 1427
2079 1427
2078 1427
2077 1427
2076 1427
2075 1427
2074 1427
2073 1427
2072 1427
2071 1427
2070 1427
2069 1427
2068 1427
2067 1427
2066 1427
2065 1427
2064 1428
2063 1428
2062 1429
2061 1430
2060 1430
2060 1431
2059 1432
2058 1432
2057 1433
2056 1434
2055 1434
2054 1435
2053 1436
2052 1437
2051 1437
2050 1438
2049 1438
2048 1439
2047 1439
2046 1440
2045 1440
2044 1441
2043 1441
2042 1442
2041 1442
2040 1443
2039 1444
2038 1444
2037 1444
2036 1445
2035 1445
2034 1446
2033 1446
2032 1447
2031 1447
2030 1448
2029 1448
2028 1449
2027 1449
2026 1449
2025 1449
2024 1450
2023 1450
2022 1451
2021 1452
2020 1452
2019 1453
2018 1454
2017 1454
2016 1455
2015 1455
2014 1456
2013 1456
2012 1456
2011 1456
2010 1457
2009 1457
2008 1457
2007 1457
2006 1457
2005 1457
2004 1457
2003 1457
2002 1457
2001 1457
2000 1457
1999 1457
1998 1457
1997 1457
1996 1458
1995 1458
1994 1458
1993 1458
1992 1459
1991 1459
1990 1459
1989 1459
1988 1460
1987 1460
1986 1460
1985 1460
1984 1461
1983 1461
1982 1461
1981 1461
1980 1461
1979 1461
1978 1462
1977 1462
1976 1463
1975 1463
1974 1464
1973 1464
1972 1465
1971 1465
1970 1465
1969 1465
1968 1465
1967 1465
1966 1465
1965 1465
1964 1465
1963 1465
1962 1464
1961 1464
1960 1464
1959 1464
1958 1463
1957 1463
1956 1463
1955 1463
1954 1463
1953 1463
1952 1463
1951 1463
1950 1463
1949 1463
1948 1463
1947 1463
1946 1463
1945 1463
1944 1462
1943 1462
1942 1462
1941 1462
1940 1461
1939 1461
1938 1461
1937 1461
1936 1461
1935 1461
1934 1461
1933 1461
1932 1461
1931 1461
1930 1460
1929 1460
1928 1460
1927 1460
1926 1459
1925 1459
1924 1459
1923 1459
1922 1459
1921 1459
1920 1458
1919 1458
1918 1457
1917 1457
1916 1456
1915 1455
1914 1454
1913 1454
1912 1453
1911 1453
1910 1452
1909 1451
1908 1450
1907 1450
1906 1450
1905 1450
1904 1449
1903 1449
1902 1449
1901 1449
1900 1449
1899 1449
1898 1448
1897 1448
1896 1448
1895 1448
1894 1447
1893 1447
1892 1446
1891 1446
1890 1446
1889 1446
1888 1445
1887 1445
1886 1444
1885 1444
1884 1443
1883 1443
1882 1442
1881 1441
1880 1440
1879 1440
1878 1440
1877 1440
1876 1439
1875 1439
1874 1438
1873 1438
1872 1437
1871 1436
1870 1436
1869 1435
1868 1434
1867 1434
1866 1433
1865 1433
1864 1433
1863 1433
1862 1432
1861 1432
1860 1432
1859 1432
1858 1431
1857 1431
1856 1431
1855 1431
1854 1431
1853 1431
1852 1431
1851 1431
1850 1431
1849 1431
1848 1431
1847 1431
1846 1431
1845 1431
1844 1431
1843 1431
1842 1431
1841 1431
1840 1431
1839 1431
1838 1431
1837 1431
1836 1430
1835 1430
1834 1430
1833 1430
1832 1429
1831 1429
1830 1429
1829 1429
1828 1429
1827 1429
1826 1429
1825 1429
1824 1429
1823 1429
1822 1429
1821 1429
1820 1429
1819 1429
1818 1429
1817 1429
1816 1429
1815 1429
1814 1429
1813 1429
1812 1429
1811 1429
1810 1429
1809 1429
1808 1429
1807 1429
1806 1429
1805 1429
1804 1429
1803 1429
1802 1430
1801 1430
1800 1430
1799 1430
1798 1431
1797 1431
1796 1431
1795 1431
1794 1431
1793 1431
1792 1430
1791 1429
1790 1429
1789 1428
1788 1427
1787 1427
1786 1427
1785 1427
1784 1427
1783 1427
1782 1426
1781 1426
1780 1426
1779 1426
1778 1425
1777 1425
1776 1425
1775 1425
1774 1425
1773 1425
1772 1425
1771 1425
1770 1425
1769 1425
1768 1425
1767 1425
1766 1425
1765 1425
