1047 1891
1046 1892
1045 1892
1044 1892
1043 1892
1042 1893
1041 1893
1040 1894
1039 1894
1038 1895
1037 1896
1036 1896
1036 1897
1035 1898
1034 1898
1034 1899
1033 1900
1032 1900
1032 1901
1031 1902
1030 1902
1029 1903
1028 1904
1027 1904
1026 1905
1025 1906
1024 1906
1023 1906
1022 1907
1021 1908
1020 1908
1019 1908
1018 1909
1017 1909
1016 1908
1015 1908
1014 1908
1013 1908
1012 1907
1011 1907
1010 1907
1009 1907
1008 1907
1007 1907
1006 1907
1005 1907
1004 1906
1003 1906
1002 1906
1001 1906
1000 1905
999 1905
998 1904
997 1904
996 1903
995 1902
994 1902
993 1901
992 1900
991 1900
990 1899
989 1899
988 1899
987 1899
986 1900
985 1900
984 1901
983 1902
982 1902
981 1903
980 1904
979 1904
978 1905
977 1905
976 1905
975 1905
974 1906
973 1906
972 1907
971 1907
970 1908
969 1908
968 1909
967 1909
966 1909
965 1909
964 1910
963 1910
962 1911
961 1912
960 1913
960 1914
960 1915
959 1916
958 1917
958 1918
958 1919
957 1920
956 1921
956 1922
955 1923
955 1924
954 1925
954 1926
953 1927
953 1928
952 1929
952 1930
951 1931
950 1932
950 1933
949 1934
948 1934
948 1935
947 1936
946 1937
945 1938
944 1939
944 1940
943 1941
942 1942
942 1943
941 1944
940 1945
940 1946
939 1947
939 1948
938 1949
938 1950
937 1951
936 1952
936 1953
935 1954
934 1955
934 1956
933 1957
933 1958
933 1959
933 1960
933 1961
933 1962
932 1963
932 1964
931 1965
930 1966
930 1967
929 1968
928 1968
928 1969
927 1970
926 1970
926 1971
925 1972
924 1972
923 1973
922 1974
921 1974
920 1975
919 1976
918 1977
917 1978
916 1978
916 1979
915 1980
914 1980
913 1981
912 1982
911 1982
910 1983
909 1984
908 1985
907 1986
906 1986
906 1987
905 1988
904 1988
904 1989
903 1990
902 1990
902 1991
901 1992
900 1992
900 1993
899 1994
898 1994
898 1995
897 1996
896 1996
896 1997
895 1998
894 1998
894 1999
893 2000
892 2000
892 2001
891 2002
890 2002
890 2003
889 2004
888 2004
888 2005
887 2006
886 2006
886 2007
885 2008
884 2008
884 2009
883 2010
882 2010
881 2011
880 2012
879 2012
878 2013
877 2014
876 2015
875 2016
874 2016
874 2017
873 2018
872 2019
871 2020
870 2021
870 2022
870 2023
870 2024
869 2025
869 2026
868 2027
868 2028
867 2029
866 2030
866 2031
865 2032
864 2033
863 2034
862 2035
862 2036
861 2037
860 2038
860 2039
859 2040
858 2041
858 2042
857 2043
857 2044
857 2045
857 2046
857 2047
857 2048
856 2049
856 2050
856 2051
856 2052
855 2053
855 2054
856 2055
856 2056
857 2057
858 2058
859 2059
860 2059
861 2060
862 2061
863 2061
864 2062
865 2063
866 2064
867 2065
868 2065
869 2066
870 2067
871 2067
872 2068
872 2069
873 2069
874 2070
874 2071
875 2071
876 2072
877 2073
878 2074
879 2075
880 2075
881 2075
882 2075
883 2076
884 2076
885 2077
886 2077
887 2077
888 2077
889 2078
890 2078
891 2078
892 2078
893 2079
894 2079
895 2080
896 2080
897 2081
898 2082
899 2083
900 2083
901 2083
902 2084
903 2085
904 2085
905 2085
906 2086
907 2087
908 2087
909 2087
910 2088
911 2089
912 2089
913 2090
914 2090
915 2091
916 2091
917 2092
918 2092
919 2092
920 2092
921 2092
922 2092
923 2092
924 2092
925 2092
926 2092
927 2092
928 2092
929 2093
930 2093
931 2093
932 2093
933 2094
934 2094
935 2094
936 2094
937 2095
938 2095
939 2096
940 2096
941 2097
942 2097
943 2098
944 2098
945 2098
946 2098
947 2098
948 2098
949 2098
950 2098
951 2098
952 2098
953 2098
954 2098
955 2098
956 2098
957 2098
958 2098
959 2098
960 2098
961 2098
962 2098
963 2099
964 2099
965 2099
966 2099
967 2100
968 2100
969 2100
970 2100
971 2100
972 2100
973 2100
974 2100
975 2101
976 2101
977 2101
978 2102
979 2103
980 2103
981 2103
982 2104
983 2105
984 2105
985 2105
986 2105
987 2106
988 2106
989 2106
990 2106
991 2107
992 2107
993 2107
994 2107
995 2108
996 2108
997 2108
998 2108
999 2108
1000 2108
1001 2108
1002 2108
1003 2109
1004 2109
1005 2109
1006 2109
1007 2110
1008 2110
1009 2110
1010 2110
1011 2111
1012 2111
1013 2111
1014 2111
1015 2112
1016 2112
1017 2113
1018 2113
1019 2113
1020 2113
1021 2114
1022 2114
1023 2115
1024 2115
1025 2115
1026 2115
1027 2116
1028 2116
1029 2117
1030 2117
1031 2117
1032 2118
1033 2119
1034 2119
1035 2119
1036 2119
1037 2120
1038 2120
1039 2120
1040 2120
1041 2121
1042 2121
1043 2121
1044 2122
1045 2123
1046 2123
1047 2124
1048 2124
1049 2125
1050 2126
1051 2127
1052 2127
1053 2127
1054 2127
1055 2128
1056 2128
1057 2128
1058 2128
1059 2128
1060 2128
1061 2128
1062 2128
1063 2128
1064 2128
1065 2128
1066 2128
1067 2128
1068 2128
1069 2128
1070 2128
1071 2128
1072 2128
1073 2128
1074 2128
1075 2128
1076 2128
1077 2128
1078 2128
1079 2128
1080 2128
1081 2128
1082 2128
1083 2128
1084 2128
1085 2128
1086 2128
1087 2127
1088 2127
1089 2127
1090 2127
1091 2126
1092 2126
1093 2126
1094 2126
1095 2126
1096 2126
1097 2126
1098 2126
1099 2126
1100 2126
1101 2126
1102 2126
1103 2126
1104 2126
1105 2126
1106 2126
1107 2126
1108 2126
1109 2126
1110 2126
1111 2126
1112 2126
1113 2126
1114 2126
1115 2126
1116 2126
1117 2126
1118 2126
1119 2126
1120 2126
1121 2125
1122 2125
1123 2125
1124 2125
1125 2124
1126 2124
1127 2124
1128 2124
1129 2124
1130 2124
1131 2124
1132 2124
1133 2124
1134 2124
1135 2124
1136 2124
1137 2124
1138 2124
1139 2124
1140 2124
1141 2124
1142 2124
1143 2123
1144 2123
1145 2123
1146 2123
1147 2122
1148 2122
1149 2122
1150 2122
1151 2122
1152 2122
1153 2122
1154 2122
1155 2122
1156 2122
1157 2122
1158 2122
1159 2122
1160 2122
1161 2122
1162 2122
1163 2122
1164 2122
1165 2122
1166 2122
1167 2122
1168 2122
1169 2122
1170 2122
1171 2122
1172 2122
1173 2122
1174 2122
1175 2122
1176 2122
1177 2122
1178 2122
1179 2122
1180 2122
1181 2122
1182 2122
1183 2122
1184 2122
1185 2122
1186 2122
1187 2122
1188 2122
1189 2122
1190 2122
1191 2122
1192 2122
1193 2122
1194 2122
1195 2122
1196 2122
1197 2122
1198 2122
1199 2121
1200 2121
1201 2121
1202 2121
1203 2120
1204 2120
1205 2120
1206 2120
1207 2120
1208 2120
1209 2120
1210 2120
1211 2120
1212 2120
1213 2120
1214 2120
1215 2120
1216 2120
1217 2120
1218 2120
1219 2120
1220 2120
1221 2120
1222 2120
1223 2120
1224 2120
1225 2120
1226 2120
1227 2120
1228 2120
1229 2120
1230 2120
1231 2120
1232 2120
1233 2120
1234 2120
1235 2120
1236 2120
1237 2120
1238 2120
1239 2120
1240 2120
1241 2120
1242 2120
1243 2120
1244 2120
1245 2119
1246 2119
1247 2119
1248 2119
1249 2118
1250 2118
1251 2118
1252 2118
1253 2118
1254 2118
1255 2117
1256 2117
1257 2117
1258 2117
1259 2116
1260 2116
1261 2116
1262 2116
1263 2116
1264 2116
1265 2117
1266 2117
1267 2117
1268 2117
1269 2118
1270 2118
1271 2118
1272 2118
1273 2118
1274 2118
1275 2118
1276 2118
1277 2118
1278 2118
1279 2118
1280 2118
1281 2117
1282 2117
1283 2116
1284 2116
1285 2115
1286 2115
1287 2114
1288 2113
1289 2113
1290 2113
1291 2112
1292 2112
1293 2111
1294 2111
1295 2110
1296 2109
1297 2109
1297 2108
1298 2107
1299 2107
1299 2106
1300 2105
1301 2105
1301 2104
1302 2103
1303 2103
1303 2102
1304 2101
1305 2101
1305 2100
1306 2099
1307 2098
1307 2097
1308 2096
1308 2095
1308 2094
1308 2093
1308 2092
1308 2091
1308 2090
1308 2089
1309 2088
1309 2087
1309 2086
1309 2085
1310 2084
1310 2083
1311 2082
1311 2081
1311 2080
1311 2079
1312 2078
1312 2077
1313 2076
1313 2075
1313 2074
1314 2073
1315 2072
1315 2071
1315 2070
1315 2069
1316 2068
1316 2067
1316 2066
1316 2065
1317 2064
1317 2063
1317 2062
1317 2061
1318 2060
1318 2059
1319 2058
1319 2057
1320 2056
1320 2055
1321 2054
1322 2053
1323 2052
1323 2051
1324 2050
1325 2049
1325 2048
1326 2047
1327 2047
1327 2046
1328 2045
1329 2044
1330 2043
1331 2042
1331 2041
1332 2040
1332 2039
1333 2038
1334 2037
1335 2036
1335 2035
1335 2034
1335 2033
1336 2032
1336 2031
1336 2030
1336 2029
1336 2028
1336 2027
1336 2026
1336 2025
1336 2024
1336 2023
1336 2022
1336 2021
1336 2020
1336 2019
1336 2018
1336 2017
1336 2016
1336 2015
1336 2014
1336 2013
1336 2012
1336 2011
1336 2010
1336 2009
1336 2008
1336 2007
1336 2006
1336 2005
1336 2004
1336 2003
1336 2002
1336 2001
1335 2000
1335 1999
1334 1998
1333 1997
1333 1996
1332 1995
1331 1994
1331 1993
1330 1992
1330 1991
1330 1990
1330 1989
1330 1988
1330 1987
1330 1986
1330 1985
1330 1984
1330 1983
1329 1982
1329 1981
1328 1980
1327 1979
1327 1978
1326 1978
1325 1977
1324 1976
1323 1975
1322 1974
1321 1974
1320 1974
1319 1973
1318 1972
1317 1972
1316 1972
1315 1972
1314 1971
1313 1971
1312 1971
1311 1971
1310 1971
1309 1971
1308 1971
1307 1971
1306 1971
1305 1971
1304 1971
1303 1971
1302 1971
1301 1971
1300 1971
1299 1971
1298 1971
1297 1971
1296 1971
1295 1971
1294 1971
1293 1971
1292 1971
1291 1971
1290 1971
1289 1971
1288 1971
1287 1971
1286 1971
1285 1971
1284 1970
1283 1970
1282 1970
1281 1970
1280 1969
1279 1969
1278 1968
1277 1968
1276 1968
1275 1968
1274 1967
1273 1967
1272 1967
1271 1967
1270 1967
1269 1967
1268 1967
1267 1967
1266 1967
1265 1967
1264 1967
1263 1967
1262 1967
1261 1967
1260 1967
1259 1967
1258 1967
1257 1967
1256 1966
1255 1966
1254 1966
1253 1966
1252 1965
1251 1965
1250 1965
1249 1965
1248 1965
1247 1965
1246 1965
1245 1965
1244 1965
1243 1965
1242 1965
1241 1965
1240 1965
1239 1965
1238 1965
1237 1965
1236 1965
1235 1965
1234 1964
1233 1964
1232 1964
1231 1964
1230 1963
1229 1963
1228 1963
1227 1963
1226 1963
1225 1963
1224 1963
1223 1963
1222 1963
1221 1963
1220 1963
1219 1963
1218 1963
1217 1963
1216 1963
1215 1963
1214 1963
1213 1963
1212 1963
1211 1963
1210 1963
1209 1963
1208 1963
1207 1963
1206 1963
1205 1963
1204 1963
1203 1963
1202 1962
1201 1962
1200 1962
1199 1961
1198 1960
1197 1960
1196 1960
1195 1959
1194 1958
1193 1958
1192 1958
1191 1958
1190 1957
1189 1957
1188 1957
1187 1957
1186 1957
1185 1957
1184 1957
1183 1957
1182 1957
1181 1957
1180 1957
1179 1957
1178 1956
1177 1956
1176 1956
1175 1956
1174 1955
1173 1955
1172 1955
1171 1955
1170 1955
1169 1955
1168 1955
1167 1955
1166 1955
1165 1955
1164 1955
1163 1955
1162 1955
1161 1955
1160 1955
1159 1955
1158 1955
1157 1955
1156 1955
1155 1955
1154 1955
1153 1955
1152 1955
1151 1955
1150 1955
1149 1955
1148 1954
1147 1954
1146 1954
1145 1954
1144 1953
1143 1953
1142 1952
1141 1952
1140 1952
1139 1952
1138 1951
1137 1951
1136 1951
1135 1951
1134 1951
1133 1951
1132 1951
1131 1951
1130 1951
1129 1951
1128 1950
1127 1950
1126 1949
1125 1949
1124 1948
1123 1948
1122 1947
1121 1947
1120 1946
1119 1946
1118 1946
1117 1945
1116 1944
1115 1944
1114 1943
1113 1942
1112 1942
1111 1941
1111 1940
1110 1940
1109 1939
1109 1938
1108 1938
1107 1937
1107 1936
1106 1936
1105 1935
1105 1934
1104 1934
1103 1933
1103 1932
1102 1931
1101 1930
1101 1929
1100 1928
1100 1927
1100 1926
1100 1925
1100 1924
1100 1923
1100 1922
1100 1921
1100 1920
1100 1919
1099 1918
1099 1917
1098 1916
1098 1915
1097 1914
1097 1913
1096 1912
1096 1911
1095 1910
1095 1909
1094 1908
1093 1907
1093 1906
1092 1906
1091 1905
1091 1904
1090 1904
1089 1903
1089 1902
1088 1902
1087 1901
1086 1900
1085 1900
1084 1899
1083 1899
1082 1899
1081 1899
1080 1899
1079 1899
1078 1899
1077 1899
1076 1899
1075 1899
1074 1899
1073 1899
1072 1899
1071 1899
1070 1899
1069 1899
1068 1898
1067 1898
1066 1897
1065 1896
1064 1896
1063 1895
1063 1894
1062 1894
1061 1893
1060 1892
1059 1892
1058 1891
1057 1891
1056 1891
1055 1891
1054 1891
1053 1891
1052 1891
1051 1891
1050 1891
1049 1891
1048 1891
1047 1891
