1301 2156
1300 2157
1299 2157
1298 2157
1297 2157
1296 2157
1295 2158
1294 2158
1293 2158
1292 2159
1291 2159
1290 2160
1289 2160
1288 2160
1287 2160
1286 2160
1285 2160
1284 2161
1283 2161
1282 2162
1281 2162
1280 2162
1279 2162
1278 2162
1277 2162
1276 2162
1275 2163
1274 2163
1273 2163
1272 2164
1271 2164
1270 2165
1269 2165
1268 2166
1267 2167
1266 2167
1265 2168
1264 2168
1263 2168
1262 2169
1261 2169
1260 2170
1259 2170
1258 2171
1257 2171
1256 2172
1255 2172
1254 2172
1253 2173
1252 2174
1251 2175
1250 2176
1250 2177
1250 2178
1250 2179
1250 2180
1250 2181
1251 2181
1252 2181
1253 2181
1254 2182
1255 2183
1256 2184
1257 2184
1258 2185
1259 2185
1260 2185
1261 2185
1262 2185
1263 2185
1264 2186
1265 2186
1266 2187
1267 2187
1268 2188
1269 2188
1270 2189
1271 2190
1272 2191
1273 2192
1274 2192
1275 2192
1276 2193
1277 2193
1278 2194
1279 2195
1280 2195
1281 2195
1282 2195
1283 2195
1284 2195
1285 2195
1286 2195
1287 2196
1288 2196
1289 2196
1290 2196
1291 2196
1292 2196
1293 2196
1294 2196
1295 2197
1296 2198
1297 2198
1298 2198
1299 2199
1300 2199
1301 2199
1302 2199
1303 2199
1304 2199
1305 2199
1306 2198
1307 2198
1308 2197
1309 2197
1310 2196
1311 2196
1312 2196
1313 2196
1314 2195
1315 2195
1316 2195
1317 2194
1318 2194
1319 2193
1320 2193
1321 2192
1322 2191
1323 2191
1324 2190
1325 2190
1326 2189
1327 2189
1328 2189
1329 2188
1330 2188
1331 2187
1332 2186
1333 2185
1334 2184
1334 2183
1334 2182
1334 2181
1334 2180
1334 2179
1334 2178
1334 2177
1334 2176
1333 2175
1333 2174
1333 2173
1333 2172
1332 2171
1332 2170
1332 2169
1332 2168
1331 2167
1330 2166
1329 2165
1329 2164
1328 2163
1327 2162
1327 2161
1326 2161
1325 2160
1324 2160
1323 2160
1322 2160
1321 2160
1320 2159
1319 2159
1318 2159
1317 2158
1316 2158
1315 2157
1314 2157
1313 2157
1312 2156
1311 2156
1310 2156
1309 2156
1308 2156
1307 2156
1306 2156
1305 2156
1304 2156
1303 2156
1302 2156
1301 2156
