1639 754
1638 755
1637 755
1636 755
1635 755
1634 755
1633 755
1632 756
1631 756
1630 756
1629 756
1628 756
1627 756
1626 756
1625 756
1624 756
1623 757
1622 757
1621 757
1620 758
1619 758
1618 758
1617 759
1616 759
1615 759
1614 759
1613 759
1612 759
1611 760
1610 760
1609 760
1608 760
1607 761
1606 761
1605 761
1604 761
1603 761
1602 761
1601 762
1600 762
1599 762
1598 762
1597 762
1596 763
1595 763
1594 763
1593 764
1592 765
1591 765
1590 766
1589 767
1588 768
1587 768
1586 768
1585 769
1584 769
1583 769
1582 769
1581 770
1580 770
1579 770
1578 770
1577 770
1576 770
1575 771
1574 772
1573 773
1572 774
1571 775
1570 775
1569 776
1568 777
1567 777
1566 777
1565 778
1564 778
1563 779
1562 780
1561 781
1560 782
1559 782
1558 782
1557 783
1556 783
1555 783
1554 783
1553 783
1552 783
1551 783
1550 783
1549 783
1548 783
1547 783
1546 783
1545 783
1544 783
1543 783
1542 783
1541 783
1540 783
1539 783
1538 783
1537 782
1536 782
1535 781
1534 781
1533 781
1532 780
1531 780
1530 779
1529 779
1528 779
1527 778
1526 778
1525 779
1524 779
1523 779
1522 780
1522 781
1521 782
1521 783
1521 784
1520 785
1520 786
1520 787
1519 788
1518 789
1518 790
1517 791
1517 792
1516 793
1516 794
1516 795
1516 796
1516 797
1517 798
1517 799
1517 800
1518 801
1519 802
1520 803
1521 804
1522 805
1523 805
1524 806
1525 806
1526 806
1527 806
1528 806
1529 806
1530 806
1531 806
1532 805
1533 805
1534 805
1535 805
1536 805
1537 805
1538 805
1539 805
1540 805
1541 805
1542 804
1543 804
1544 804
1545 803
1546 803
1547 803
1548 803
1549 802
1550 802
1551 802
1552 801
1553 800
1554 800
1555 799
1556 799
1557 799
1558 799
1559 799
1560 799
1561 799
1562 799
1563 800
1564 800
1565 800
1566 800
1567 800
1568 800
1569 800
1570 800
1571 800
1572 800
1573 800
1574 800
1575 800
1576 800
1577 800
1578 800
1579 800
1580 800
1581 799
1582 799
1583 799
1584 799
1585 799
1586 799
1587 799
1588 800
1589 800
1590 800
1591 800
1592 800
1593 800
1594 800
1595 800
1596 800
1597 800
1598 800
1599 799
1600 799
1601 799
1602 799
1603 799
1604 799
1605 799
1606 799
1607 799
1608 799
1609 799
1610 799
1611 800
1612 800
1613 801
1614 802
1615 803
1616 803
1617 804
1618 805
1619 806
1620 807
1620 808
1621 808
1622 809
1623 809
1624 810
1625 810
1626 811
1627 812
1628 812
1629 812
1630 813
1631 813
1632 813
1633 813
1634 813
1635 813
1636 813
1637 813
1638 813
1639 812
1640 811
1641 810
1642 809
1643 809
1644 808
1645 808
1646 807
1647 806
1648 806
1649 806
1650 805
1651 805
1652 805
1653 805
1654 805
1655 805
1656 806
1657 807
1658 808
1659 809
1660 810
1661 811
1662 811
1663 812
1664 812
1665 812
1666 812
1667 811
1668 811
1669 810
1670 810
1671 810
1672 810
1673 810
1674 810
1675 811
1676 811
1677 812
1678 812
1679 812
1680 812
1681 812
1682 812
1683 811
1684 811
1685 811
1686 811
1687 810
1688 810
1689 809
1690 809
1691 808
1692 808
1693 807
1694 807
1695 807
1696 806
1697 806
1698 806
1699 806
1700 806
1701 806
1702 806
1703 805
1704 805
1705 805
1706 805
1707 804
1708 804
1709 803
1710 802
1711 801
1712 800
1713 799
1714 799
1715 798
1716 797
1716 796
1716 795
1716 794
1716 793
1716 792
1715 791
1715 790
1714 789
1714 788
1714 787
1713 786
1713 785
1712 784
1712 783
1711 783
1710 782
1709 781
1708 780
1707 779
1706 778
1706 777
1706 776
1706 775
1706 774
1706 773
1707 772
1707 771
1707 770
1706 769
1705 768
1704 768
1703 767
1702 766
1701 765
1700 764
1699 764
1698 764
1697 763
1696 762
1695 762
1694 761
1693 761
1692 761
1691 761
1690 761
1689 761
1688 761
1687 761
1686 761
1685 760
1684 760
1683 760
1682 759
1681 759
1680 759
1679 759
1678 758
1677 758
1676 758
1675 757
1674 757
1673 757
1672 757
1671 757
1670 757
1669 756
1668 756
1667 756
1666 756
1665 756
1664 756
1663 756
1662 756
1661 755
1660 755
1659 755
1658 755
1657 755
1656 755
1655 755
1654 755
1653 755
1652 755
1651 755
1650 755
1649 754
1648 754
1647 754
1646 754
1645 754
1644 754
1643 754
1642 754
1641 754
1640 754
1639 754
