150 1970
149 1971
148 1971
147 1971
146 1971
145 1971
144 1971
143 1972
142 1972
141 1972
140 1972
139 1972
138 1972
137 1973
136 1973
135 1973
134 1974
133 1974
132 1974
131 1974
130 1974
129 1974
128 1974
127 1974
126 1974
125 1975
124 1975
123 1976
122 1976
121 1976
120 1976
119 1976
118 1976
117 1976
116 1977
115 1977
114 1977
113 1978
112 1978
111 1978
110 1978
109 1979
108 1979
107 1980
106 1981
105 1981
104 1982
103 1983
102 1983
101 1983
100 1983
99 1984
98 1984
97 1985
96 1985
95 1986
94 1987
93 1987
92 1988
91 1989
90 1990
89 1991
89 1992
89 1993
89 1994
89 1995
89 1996
89 1997
89 1998
89 1999
89 2000
89 2001
89 2002
89 2003
89 2004
90 2005
90 2006
91 2007
92 2008
93 2009
94 2009
95 2009
96 2009
97 2009
98 2009
99 2009
100 2010
101 2010
102 2011
103 2011
104 2012
105 2013
106 2013
107 2013
108 2013
109 2013
110 2014
111 2014
112 2015
113 2015
114 2015
115 2016
116 2016
117 2017
118 2017
119 2018
120 2018
121 2019
122 2019
123 2020
124 2020
125 2021
126 2021
127 2022
128 2022
129 2023
130 2023
131 2023
132 2023
133 2023
134 2023
135 2024
136 2024
137 2024
138 2024
139 2025
140 2025
141 2025
142 2025
143 2025
144 2025
145 2025
146 2025
147 2025
148 2025
149 2025
150 2025
151 2025
152 2025
153 2025
154 2025
155 2025
156 2025
157 2024
158 2024
159 2024
160 2024
161 2024
162 2024
163 2024
164 2024
165 2024
166 2023
167 2023
168 2023
169 2023
170 2023
171 2023
172 2023
173 2022
174 2022
175 2022
176 2021
177 2021
178 2020
179 2019
180 2019
181 2018
182 2017
183 2017
184 2016
185 2015
186 2015
187 2014
188 2014
189 2014
190 2013
191 2013
192 2013
193 2013
194 2013
195 2012
196 2011
197 2010
198 2009
199 2008
200 2007
200 2006
201 2005
201 2004
202 2003
203 2002
203 2001
204 2000
204 1999
205 1998
205 1997
205 1996
206 1995
206 1994
205 1993
205 1992
205 1991
205 1990
205 1989
205 1988
205 1987
205 1986
205 1985
204 1984
204 1983
203 1982
203 1981
202 1980
201 1979
201 1978
200 1977
199 1977
198 1976
197 1976
196 1975
195 1975
194 1975
193 1974
192 1974
191 1974
190 1973
189 1973
188 1973
187 1972
186 1972
185 1972
184 1972
183 1972
182 1972
181 1972
180 1971
179 1971
178 1971
177 1971
176 1971
175 1970
174 1970
173 1970
172 1970
171 1970
170 1970
169 1970
168 1970
167 1970
166 1970
165 1970
164 1970
163 1970
162 1970
161 1970
160 1970
159 1970
158 1970
157 1970
156 1970
155 1970
154 1970
153 1970
152 1970
151 1970
150 1970
