1102 978
1101 979
1100 979
1099 979
1098 979
1097 979
1096 979
1095 979
1094 979
1093 979
1092 979
1091 979
1090 979
1089 979
1088 979
1087 979
1086 979
1085 979
1084 979
1083 979
1082 980
1081 980
1080 980
1079 980
1078 980
1077 980
1076 980
1075 981
1074 981
1073 981
1072 982
1071 982
1070 982
1069 983
1068 983
1067 984
1066 984
1065 985
1064 985
1063 986
1062 986
1061 986
1060 987
1059 987
1058 988
1057 988
1056 988
1055 988
1054 988
1053 989
1052 989
1051 990
1050 990
1049 991
1048 991
1047 991
1046 992
1045 992
1044 992
1043 992
1042 992
1041 992
1040 992
1039 993
1038 994
1037 994
1036 995
1035 996
1035 997
1034 998
1034 999
1034 1000
1033 1001
1033 1002
1033 1003
1032 1004
1032 1005
1031 1006
1030 1007
1030 1008
1029 1009
1029 1010
1029 1011
1029 1012
1030 1012
1031 1012
1032 1012
1033 1013
1034 1014
1035 1014
1036 1015
1037 1016
1038 1016
1039 1016
1040 1017
1041 1017
1042 1018
1043 1019
1044 1019
1045 1019
1046 1020
1047 1020
1048 1020
1049 1021
1050 1021
1051 1021
1052 1022
1053 1022
1054 1023
1055 1023
1056 1023
1057 1024
1058 1024
1059 1024
1060 1024
1061 1024
1062 1024
1063 1024
1064 1024
1065 1024
1066 1024
1067 1024
1068 1024
1069 1025
1070 1025
1071 1026
1072 1026
1073 1026
1074 1027
1075 1027
1076 1027
1077 1028
1078 1028
1079 1028
1080 1029
1081 1030
1082 1030
1083 1030
1084 1030
1085 1030
1086 1030
1087 1031
1088 1031
1089 1031
1090 1032
1091 1032
1092 1032
1093 1032
1094 1033
1095 1033
1096 1033
1097 1034
1098 1034
1099 1034
1100 1035
1101 1035
1102 1035
1103 1036
1104 1036
1105 1036
1106 1037
1107 1037
1108 1038
1109 1038
1110 1039
1111 1039
1112 1039
1113 1040
1114 1040
1115 1040
1116 1040
1117 1040
1118 1040
1119 1040
1120 1041
1121 1041
1122 1041
1123 1041
1124 1041
1125 1042
1126 1042
1127 1042
1128 1043
1129 1043
1130 1043
1131 1043
1132 1043
1133 1043
1134 1043
1135 1044
1136 1044
1137 1044
1138 1044
1139 1044
1140 1044
1141 1044
1142 1044
1143 1044
1144 1044
1145 1044
1146 1045
1147 1045
1148 1045
1149 1045
1150 1045
1151 1045
1152 1045
1153 1045
1154 1045
1155 1045
1156 1045
1157 1045
1158 1045
1159 1046
1160 1046
1161 1046
1162 1046
1163 1047
1164 1047
1165 1047
1166 1048
1167 1048
1168 1049
1169 1049
1170 1049
1171 1049
1172 1049
1173 1049
1174 1048
1175 1048
1176 1048
1177 1048
1178 1048
1179 1048
1180 1048
1181 1048
1182 1047
1183 1047
1184 1047
1185 1046
1186 1046
1187 1046
1188 1046
1189 1046
1190 1046
1191 1046
1192 1046
1193 1046
1194 1046
1195 1046
1196 1046
1197 1046
1198 1045
1199 1045
1200 1045
1201 1045
1202 1045
1203 1044
1204 1044
1205 1044
1206 1044
1207 1044
1208 1044
1209 1044
1210 1044
1211 1044
1212 1044
1213 1044
1214 1043
1215 1043
1216 1043
1217 1042
1218 1042
1219 1042
1220 1041
1221 1041
1222 1041
1223 1041
1224 1040
1225 1040
1226 1040
1227 1040
1228 1040
1229 1040
1230 1039
1231 1038
1232 1038
1233 1038
1234 1037
1235 1037
1236 1037
1237 1037
1238 1036
1239 1036
1240 1036
1241 1035
1242 1035
1243 1035
1244 1034
1245 1033
1246 1032
1247 1031
1248 1030
1248 1029
1249 1028
1249 1027
1249 1026
1250 1025
1250 1024
1250 1023
1249 1022
1249 1021
1249 1020
1248 1019
1248 1018
1248 1017
1248 1016
1248 1015
1248 1014
1248 1013
1248 1012
1248 1011
1248 1010
1248 1009
1247 1008
1246 1007
1246 1006
1246 1005
1246 1004
1245 1003
1245 1002
1244 1001
1243 1001
1242 1000
1241 1000
1240 1000
1239 1000
1238 1000
1237 1000
1236 1000
1235 1000
1234 1000
1233 1000
1232 1000
1231 1000
1230 1000
1229 999
1228 999
1227 999
1226 999
1225 999
1224 998
1223 998
1222 997
1221 997
1220 997
1219 996
1218 996
1217 995
1216 995
1215 994
1214 993
1213 993
1212 992
1211 992
1210 992
1209 991
1208 991
1207 991
1206 990
1205 990
1204 989
1203 988
1202 988
1201 987
1200 987
1199 987
1198 987
1197 987
1196 987
1195 987
1194 986
1193 986
1192 986
1191 985
1190 985
1189 985
1188 985
1187 985
1186 985
1185 984
1184 984
1183 984
1182 984
1181 984
1180 984
1179 984
1178 984
1177 984
1176 984
1175 983
1174 983
1173 983
1172 983
1171 983
1170 983
1169 982
1168 982
1167 982
1166 982
1165 982
1164 981
1163 981
1162 981
1161 980
1160 980
1159 980
1158 980
1157 980
1156 980
1155 980
1154 980
1153 979
1152 979
1151 978
1150 978
1149 978
1148 978
1147 978
1146 978
1145 978
1144 978
1143 978
1142 978
1141 978
1140 978
1139 978
1138 978
1137 978
1136 978
1135 978
1134 978
1133 978
1132 978
1131 978
1130 978
1129 978
1128 978
1127 978
1126 978
1125 978
1124 978
1123 978
1122 978
1121 978
1120 978
1119 978
1118 978
1117 978
1116 978
1115 978
1114 978
1113 978
1112 978
1111 978
1110 978
1109 978
1108 978
1107 978
1106 978
1105 978
1104 978
1103 978
1102 978
