95 1200
94 1201
93 1201
92 1201
91 1202
90 1202
89 1203
88 1203
87 1203
86 1203
85 1203
84 1204
84 1205
83 1206
83 1207
83 1208
83 1209
83 1210
84 1211
84 1212
84 1213
85 1214
85 1215
85 1216
86 1217
86 1218
87 1219
88 1220
89 1221
90 1222
90 1223
90 1224
91 1225
91 1226
92 1227
93 1228
94 1229
95 1230
96 1231
96 1232
97 1233
97 1234
97 1235
98 1236
98 1237
98 1238
98 1239
98 1240
98 1241
99 1242
100 1243
100 1244
101 1245
101 1246
101 1247
102 1248
102 1249
102 1250
102 1251
103 1252
103 1253
103 1254
103 1255
103 1256
104 1257
104 1258
105 1259
105 1260
105 1261
105 1262
105 1263
105 1264
105 1265
105 1266
106 1267
106 1268
106 1269
107 1270
107 1271
107 1272
108 1273
108 1274
108 1275
108 1276
108 1277
108 1278
108 1279
108 1280
108 1281
108 1282
109 1283
109 1284
109 1285
109 1286
109 1287
110 1288
111 1289
112 1290
113 1291
114 1291
115 1291
116 1292
117 1292
118 1292
119 1292
120 1293
121 1293
122 1294
123 1294
124 1295
125 1296
126 1297
127 1298
128 1299
129 1300
130 1301
131 1302
132 1303
133 1304
134 1305
135 1306
136 1307
136 1308
137 1308
138 1308
139 1309
140 1309
141 1310
142 1310
143 1311
144 1312
145 1313
146 1314
147 1315
148 1315
149 1315
150 1316
151 1316
152 1316
153 1316
154 1316
155 1317
156 1318
157 1318
158 1319
159 1319
160 1320
161 1320
162 1320
163 1320
164 1320
165 1320
166 1320
167 1320
168 1320
169 1319
170 1319
171 1318
172 1318
173 1317
174 1317
175 1317
176 1317
177 1316
178 1315
179 1315
180 1315
181 1315
182 1315
183 1315
184 1315
185 1315
186 1315
187 1315
188 1315
189 1315
190 1315
191 1315
192 1315
193 1315
194 1315
195 1315
196 1315
197 1315
198 1315
199 1315
200 1314
201 1314
202 1314
203 1313
204 1313
205 1313
206 1313
207 1313
208 1313
209 1313
210 1313
211 1313
212 1313
213 1313
214 1313
215 1312
216 1312
217 1312
218 1312
219 1312
220 1311
221 1311
222 1311
223 1311
224 1311
225 1311
226 1311
227 1311
228 1311
229 1311
230 1311
231 1311
232 1312
233 1312
234 1312
235 1312
236 1312
237 1312
238 1312
239 1312
240 1312
241 1312
242 1312
243 1312
244 1312
245 1312
246 1312
247 1312
248 1312
249 1312
250 1312
251 1312
252 1312
253 1312
254 1312
255 1312
256 1312
257 1312
258 1312
259 1312
260 1312
261 1312
262 1312
263 1312
264 1312
265 1312
266 1311
267 1311
268 1311
269 1311
270 1311
271 1311
272 1311
273 1310
274 1310
275 1309
276 1308
277 1307
278 1307
279 1307
280 1307
281 1307
282 1307
283 1307
284 1306
285 1306
286 1306
287 1305
288 1304
288 1303
288 1302
288 1301
288 1300
288 1299
288 1298
288 1297
288 1296
288 1295
288 1294
288 1293
288 1292
287 1291
287 1290
287 1289
287 1288
287 1287
287 1286
287 1285
286 1284
286 1283
286 1282
285 1281
285 1280
285 1279
285 1278
285 1277
285 1276
285 1275
285 1274
285 1273
285 1272
284 1271
283 1271
282 1270
281 1269
280 1269
279 1268
278 1267
277 1266
277 1265
276 1264
275 1263
275 1262
274 1261
273 1260
272 1259
271 1258
270 1257
269 1256
268 1255
267 1254
266 1253
265 1252
264 1251
263 1250
262 1249
261 1248
261 1247
260 1246
259 1245
258 1244
257 1243
256 1242
255 1241
254 1240
253 1239
252 1238
251 1237
250 1237
249 1237
248 1236
247 1236
246 1236
245 1236
244 1236
243 1235
242 1234
241 1234
240 1234
239 1234
238 1234
237 1233
236 1233
235 1233
234 1232
233 1232
232 1232
231 1232
230 1232
229 1232
228 1231
227 1231
226 1231
225 1230
224 1229
223 1229
222 1229
221 1229
220 1229
219 1229
218 1229
217 1229
216 1229
215 1229
214 1229
213 1229
212 1228
211 1228
210 1228
209 1227
208 1228
207 1228
206 1228
205 1227
204 1227
203 1227
202 1226
201 1226
200 1226
199 1226
198 1226
197 1225
196 1225
195 1225
194 1225
193 1225
192 1225
191 1225
190 1225
189 1225
188 1224
187 1224
186 1224
185 1224
184 1224
183 1224
182 1224
181 1224
180 1224
179 1224
178 1224
177 1224
176 1224
175 1224
174 1224
173 1224
172 1224
171 1223
170 1223
169 1223
168 1223
167 1223
166 1223
165 1223
164 1223
163 1223
162 1223
161 1223
160 1223
159 1223
158 1223
157 1222
156 1222
155 1222
154 1221
153 1221
152 1221
151 1221
150 1221
149 1221
148 1221
147 1221
146 1221
145 1221
144 1221
143 1221
142 1220
141 1220
140 1220
139 1220
138 1220
137 1220
136 1220
135 1220
134 1220
133 1220
132 1219
131 1219
130 1218
129 1218
128 1218
127 1218
126 1217
125 1217
124 1216
123 1216
122 1215
121 1215
120 1215
119 1214
118 1213
117 1213
116 1213
115 1213
114 1212
113 1212
112 1211
111 1211
110 1210
109 1210
108 1209
107 1208
106 1207
105 1206
104 1205
104 1204
103 1203
102 1202
101 1202
100 1201
99 1201
98 1201
97 1200
96 1200
95 1200
