221 1297
220 1298
219 1298
218 1298
217 1299
216 1299
215 1299
214 1299
213 1299
212 1300
211 1300
210 1301
209 1301
208 1302
207 1302
206 1303
205 1304
204 1304
203 1305
202 1306
201 1306
200 1306
199 1307
198 1308
197 1308
196 1308
195 1308
194 1308
193 1308
192 1308
191 1309
190 1309
189 1309
188 1310
187 1310
186 1310
185 1310
184 1310
183 1311
182 1311
181 1311
180 1311
179 1311
178 1312
177 1312
176 1313
175 1313
174 1314
173 1315
172 1316
171 1317
170 1318
169 1319
168 1320
167 1321
166 1321
165 1322
164 1323
163 1323
162 1324
161 1325
160 1325
159 1326
158 1327
157 1328
156 1329
155 1330
154 1330
153 1331
152 1331
151 1332
150 1333
149 1333
148 1334
147 1335
146 1335
145 1336
144 1336
143 1336
142 1336
141 1336
140 1337
139 1338
138 1339
137 1339
136 1340
135 1340
134 1341
133 1341
132 1342
131 1343
130 1344
129 1345
129 1346
129 1347
129 1348
129 1349
129 1350
129 1351
129 1352
130 1353
130 1354
131 1355
131 1356
132 1357
133 1358
134 1359
135 1360
135 1361
135 1362
136 1363
136 1364
136 1365
136 1366
136 1367
135 1368
136 1369
136 1370
136 1371
137 1372
137 1373
137 1374
138 1374
139 1375
140 1375
141 1375
142 1376
143 1376
144 1376
145 1376
146 1376
147 1376
148 1376
149 1376
150 1376
151 1376
152 1376
153 1376
154 1376
155 1377
156 1378
157 1379
158 1380
158 1381
158 1382
159 1383
160 1384
161 1385
162 1386
163 1387
164 1388
165 1389
166 1389
167 1390
168 1390
169 1391
170 1391
171 1392
172 1392
173 1392
174 1392
175 1393
176 1393
177 1393
178 1394
179 1394
180 1394
181 1394
182 1394
183 1394
184 1394
185 1394
186 1394
187 1394
188 1394
189 1394
190 1395
191 1395
192 1395
193 1395
194 1395
195 1395
196 1395
197 1395
198 1396
199 1397
200 1398
201 1399
202 1399
203 1400
204 1400
205 1401
206 1400
207 1401
208 1401
209 1401
210 1401
211 1402
212 1403
213 1404
214 1404
215 1405
216 1405
217 1406
218 1406
219 1406
220 1406
221 1406
222 1407
223 1407
224 1408
225 1408
226 1409
227 1410
228 1410
229 1411
230 1412
231 1412
232 1412
233 1413
234 1414
235 1414
236 1415
237 1415
238 1416
239 1417
240 1418
241 1418
242 1418
243 1418
244 1418
245 1418
246 1417
247 1417
248 1417
249 1417
250 1417
251 1417
252 1417
253 1417
254 1416
255 1416
256 1415
257 1415
258 1415
259 1414
260 1414
261 1414
262 1414
263 1414
264 1414
265 1415
266 1415
267 1415
268 1416
269 1416
270 1416
271 1416
272 1416
273 1416
274 1416
275 1416
276 1416
277 1416
278 1416
279 1416
280 1416
281 1416
282 1416
283 1416
284 1416
285 1416
286 1416
287 1416
288 1416
289 1416
290 1416
291 1416
292 1416
293 1416
294 1416
295 1416
296 1416
297 1416
298 1416
299 1416
300 1416
301 1415
302 1415
303 1415
304 1414
305 1414
306 1414
307 1413
308 1413
309 1413
310 1413
311 1412
312 1412
313 1412
314 1411
315 1411
316 1411
317 1411
318 1410
319 1410
320 1409
321 1409
322 1408
323 1408
324 1407
325 1406
326 1405
327 1405
328 1405
329 1405
330 1404
331 1404
332 1404
333 1403
334 1403
335 1402
336 1402
337 1401
338 1401
339 1400
340 1400
341 1399
342 1398
343 1398
344 1397
345 1397
346 1396
347 1396
348 1396
349 1395
350 1394
351 1393
352 1392
352 1391
353 1390
354 1389
355 1388
356 1388
357 1387
358 1386
359 1385
359 1384
360 1383
360 1382
360 1381
361 1380
362 1379
362 1378
363 1377
364 1376
364 1375
364 1374
364 1373
365 1372
365 1371
366 1370
367 1369
368 1368
369 1368
370 1367
371 1366
371 1365
372 1364
372 1363
372 1362
373 1361
374 1361
375 1361
376 1361
377 1361
378 1361
379 1361
380 1361
381 1360
382 1360
383 1360
384 1359
385 1359
386 1359
387 1358
388 1358
389 1358
390 1358
391 1358
392 1358
393 1358
394 1358
395 1357
396 1357
397 1356
398 1355
399 1355
400 1354
401 1353
402 1352
403 1351
404 1350
405 1349
406 1348
407 1347
407 1346
407 1345
408 1344
408 1343
408 1342
409 1341
409 1340
409 1339
409 1338
409 1337
408 1336
408 1335
407 1334
406 1333
405 1332
404 1331
403 1330
402 1329
401 1328
400 1327
399 1326
398 1325
397 1324
396 1323
395 1322
394 1321
393 1321
392 1320
391 1320
390 1319
389 1319
388 1318
387 1318
386 1317
385 1316
384 1315
383 1314
382 1314
381 1314
380 1313
379 1313
378 1312
377 1312
376 1312
375 1311
374 1311
373 1311
372 1311
371 1311
370 1311
369 1311
368 1311
367 1311
366 1311
365 1310
364 1310
363 1309
362 1309
361 1308
360 1308
359 1308
358 1308
357 1308
356 1308
355 1308
354 1308
353 1308
352 1308
351 1308
350 1308
349 1308
348 1308
347 1308
346 1308
345 1308
344 1308
343 1308
342 1308
341 1308
340 1308
339 1308
338 1308
337 1308
336 1308
335 1308
334 1308
333 1308
332 1308
331 1308
330 1308
329 1308
328 1308
327 1308
326 1308
325 1308
324 1308
323 1308
322 1308
321 1308
320 1308
319 1308
318 1307
317 1306
316 1306
315 1306
314 1305
313 1305
312 1305
311 1305
310 1305
309 1305
308 1305
307 1305
306 1304
305 1304
304 1303
303 1303
302 1303
301 1303
300 1303
299 1303
298 1303
297 1303
296 1303
295 1303
294 1303
293 1303
292 1303
291 1302
290 1302
289 1302
288 1301
287 1301
286 1301
285 1300
284 1300
283 1300
282 1300
281 1300
280 1300
279 1300
278 1300
277 1300
276 1300
275 1300
274 1300
273 1300
272 1300
271 1299
270 1299
269 1299
268 1299
267 1298
266 1298
265 1298
264 1297
263 1297
262 1297
261 1297
260 1297
259 1297
258 1297
257 1297
256 1297
255 1297
254 1297
253 1297
252 1297
251 1297
250 1297
249 1297
248 1297
247 1297
246 1297
245 1297
244 1297
243 1297
242 1297
241 1297
240 1297
239 1297
238 1297
237 1297
236 1297
235 1297
234 1297
233 1297
232 1297
231 1297
230 1297
229 1297
228 1297
227 1297
226 1297
225 1297
224 1297
223 1297
222 1297
221 1297
