4169 7945
4168 7946
4167 7946
4166 7946
4165 7946
4164 7947
4163 7948
4162 7948
4161 7948
4160 7949
4159 7949
4158 7949
4157 7949
4156 7949
4155 7949
4154 7949
4153 7949
4152 7950
4151 7950
4150 7950
4149 7950
4148 7951
4147 7951
4146 7951
4145 7951
4144 7952
4143 7952
4142 7953
4141 7953
4140 7954
4139 7954
4138 7955
4137 7955
4136 7955
4135 7955
4134 7955
4133 7955
4132 7956
4131 7956
4130 7957
4129 7957
4128 7958
4127 7958
4126 7959
4125 7959
4124 7959
4123 7959
4122 7959
4121 7959
4120 7959
4119 7959
4118 7959
4117 7959
4116 7959
4115 7959
4114 7959
4113 7959
4112 7960
4111 7960
4110 7961
4109 7961
4108 7962
4107 7962
4106 7963
4105 7963
4104 7963
4103 7963
4102 7963
4101 7963
4100 7963
4099 7963
4098 7963
4097 7963
4096 7963
4095 7963
4094 7963
4093 7963
4092 7963
4091 7963
4090 7963
4089 7963
4088 7963
4087 7963
4086 7963
4085 7963
4084 7963
4083 7963
4082 7963
4081 7963
4080 7963
4079 7963
4078 7964
4077 7964
4076 7964
4075 7964
4074 7965
4073 7966
4072 7966
4071 7966
4070 7967
4069 7967
4068 7967
4067 7967
4066 7967
4065 7967
4064 7968
4063 7968
4062 7969
4061 7970
4060 7970
4059 7971
4058 7972
4057 7972
4056 7973
4055 7973
4054 7973
4053 7973
4052 7973
4051 7973
4050 7974
4049 7974
4048 7975
4047 7976
4046 7977
4045 7978
4044 7979
4043 7979
4042 7979
4041 7979
4040 7979
4039 7979
4038 7980
4037 7980
4036 7980
4035 7980
4034 7981
4033 7981
4032 7981
4031 7981
4030 7982
4029 7982
4028 7982
4027 7982
4026 7983
4025 7983
4024 7983
4023 7983
4022 7983
4021 7983
4020 7983
4019 7983
4018 7983
4017 7983
4016 7983
4015 7983
4014 7983
4013 7983
4012 7982
4011 7982
4010 7982
4009 7982
4008 7981
4007 7981
4006 7981
4005 7981
4004 7981
4003 7981
4002 7981
4001 7981
4000 7981
3999 7981
3998 7981
3997 7981
3996 7981
3995 7981
3994 7981
3993 7981
3992 7981
3991 7981
3990 7981
3989 7981
3988 7981
3987 7981
3986 7981
3985 7981
3984 7981
3983 7981
3982 7981
3981 7981
3980 7981
3979 7981
3978 7981
3977 7981
3976 7982
3975 7982
3974 7982
3973 7982
3972 7983
3971 7983
3970 7983
3969 7983
3968 7983
3967 7983
3966 7983
3965 7983
3964 7983
3963 7983
3962 7982
3961 7982
3960 7982
3959 7982
3958 7981
3957 7981
3956 7981
3955 7981
3954 7981
3953 7981
3952 7981
3951 7981
3950 7980
3949 7980
3948 7980
3947 7980
3946 7979
3945 7979
3944 7979
3943 7979
3942 7980
3941 7980
3940 7980
3939 7980
3938 7981
3937 7981
3936 7981
3935 7981
3934 7981
3933 7981
3932 7982
3931 7982
3930 7982
3929 7982
3928 7983
3927 7983
3926 7984
3925 7984
3924 7984
3923 7984
3922 7985
3921 7986
3920 7986
3919 7986
3918 7987
3917 7987
3916 7987
3915 7987
3914 7987
3913 7987
3912 7987
3911 7987
3910 7987
3909 7987
3908 7987
3907 7987
3906 7987
3905 7987
3904 7987
3903 7987
3902 7986
3901 7986
3900 7986
3899 7986
3898 7985
3897 7985
3896 7984
3895 7984
3894 7984
3893 7983
3892 7982
3891 7982
3890 7982
3889 7982
3888 7981
3887 7981
3886 7980
3885 7980
3884 7980
3883 7980
3882 7979
3881 7979
3880 7979
3879 7979
3878 7979
3877 7979
3876 7979
3875 7979
3874 7979
3873 7979
3872 7979
3871 7979
3870 7979
3869 7979
3868 7980
3867 7980
3866 7980
3865 7980
3864 7981
3863 7982
3862 7982
3861 7982
3860 7983
3859 7984
3858 7984
3857 7984
3856 7985
3855 7986
3854 7986
3853 7986
3852 7987
3851 7987
3850 7987
3849 7987
3848 7988
3847 7988
3846 7988
3845 7988
3844 7989
3843 7989
3842 7989
3841 7989
3840 7989
3839 7989
3838 7989
3837 7989
3836 7990
3835 7990
3834 7991
3833 7991
3832 7992
3831 7992
3830 7993
3829 7993
3828 7993
3827 7993
3826 7993
3825 7993
3824 7993
3823 7993
3822 7993
3821 7993
3820 7993
3819 7993
3818 7994
3817 7994
3816 7994
3815 7994
3814 7995
3813 7995
3812 7996
3811 7996
3810 7997
3809 7998
3808 7998
3807 7999
3806 8000
3805 8000
3804 8001
3803 8002
3802 8002
3801 8002
3800 8003
3799 8003
3798 8004
3797 8004
3796 8004
3795 8004
3794 8005
3793 8005
3792 8005
3791 8005
3790 8005
3789 8005
3788 8006
3787 8006
3786 8006
3785 8006
3784 8007
3783 8008
3782 8008
3781 8008
3780 8009
3779 8009
3778 8009
3777 8009
3776 8010
3775 8010
3774 8010
3773 8010
3772 8011
3771 8011
3770 8011
3769 8011
3768 8011
3767 8011
3766 8011
3765 8011
3764 8011
3763 8011
3762 8012
3761 8012
3760 8012
3759 8012
3758 8013
3757 8014
3756 8014
3755 8014
3754 8015
3753 8015
3752 8015
3751 8015
3750 8015
3749 8015
3748 8015
3747 8015
3746 8015
3745 8015
3744 8015
3743 8015
3742 8015
3741 8015
3740 8016
3739 8016
3738 8016
3737 8016
3736 8017
3735 8017
3734 8018
3733 8018
3732 8018
3731 8018
3730 8019
3729 8020
3728 8020
3727 8020
3726 8021
3725 8022
3724 8023
3723 8024
3722 8024
3721 8025
3720 8026
3719 8026
3718 8027
3717 8027
3716 8028
3715 8028
3714 8028
3713 8028
3712 8029
3711 8029
3710 8030
3709 8030
3708 8030
3707 8030
3706 8031
3705 8032
3704 8032
3703 8032
3702 8033
3701 8034
3700 8035
3699 8035
3698 8036
3697 8036
3696 8037
3695 8037
3694 8038
3693 8038
3692 8038
3691 8038
3690 8039
3689 8039
3688 8039
3687 8039
3686 8039
3685 8039
3684 8039
3683 8039
3682 8039
3681 8039
3680 8039
3679 8039
3678 8040
3677 8041
3676 8042
3675 8043
3674 8044
3674 8045
3673 8046
3672 8046
3671 8047
3670 8048
3669 8048
3668 8049
3667 8049
3666 8049
3665 8049
3664 8049
3663 8049
3662 8049
3661 8049
3660 8050
3659 8050
3658 8051
3657 8051
3656 8052
3655 8052
3654 8053
3653 8053
3652 8054
3651 8054
3650 8055
3649 8056
3648 8056
3647 8057
3646 8058
3645 8058
3644 8059
3643 8059
3642 8060
3641 8060
3640 8060
3639 8060
3638 8061
3637 8061
3636 8061
3635 8061
3634 8061
3633 8061
3632 8062
3631 8062
3630 8062
3629 8062
3628 8063
3627 8063
3626 8064
3625 8064
3624 8064
3623 8064
3622 8065
3621 8066
3620 8066
3619 8066
3618 8067
3617 8067
3616 8067
3615 8067
3614 8067
3613 8067
3612 8067
3611 8067
3610 8067
3609 8067
3608 8068
3607 8068
3606 8068
3605 8068
3604 8069
3603 8069
3602 8069
3601 8069
3600 8069
3599 8069
3598 8070
3597 8070
3596 8071
3595 8071
3594 8072
3593 8072
3592 8073
3591 8074
3590 8074
3589 8074
3588 8075
3587 8075
3586 8075
3585 8075
3584 8076
3583 8076
3582 8076
3581 8076
3580 8077
3579 8077
3578 8078
3577 8078
3576 8078
3575 8078
3574 8079
3573 8080
3572 8080
3571 8080
3570 8081
3569 8081
3568 8081
3567 8081
3566 8081
3565 8081
3564 8082
3563 8082
3562 8082
3561 8082
3560 8083
3559 8084
3558 8084
3557 8084
3556 8085
3555 8086
3554 8086
3553 8086
3552 8087
3551 8087
3550 8088
3549 8088
3548 8088
3547 8088
3546 8089
3545 8089
3544 8090
3543 8090
3542 8090
3541 8090
3540 8091
3539 8092
3538 8092
3537 8092
3536 8093
3535 8093
3534 8094
3533 8094
3532 8094
3531 8094
3530 8095
3529 8095
3528 8096
3527 8096
3526 8096
3525 8096
3524 8097
3523 8097
3522 8097
3521 8097
3520 8097
3519 8097
3518 8098
3517 8098
3516 8098
3515 8098
3514 8099
3513 8099
3512 8100
3511 8100
3510 8100
3509 8100
3508 8101
3507 8101
3506 8102
3505 8102
3504 8102
3503 8102
3502 8103
3501 8103
3500 8103
3499 8103
3498 8104
3497 8104
3496 8104
3495 8104
3494 8105
3493 8106
3492 8106
3491 8106
3490 8107
3489 8108
3488 8109
3487 8110
3486 8110
3485 8111
3484 8112
3483 8112
3482 8113
3481 8114
3480 8115
3479 8116
3478 8117
3477 8118
3476 8119
3476 8120
3475 8121
3474 8122
3474 8123
3473 8124
3472 8125
3471 8126
3470 8127
3470 8128
3470 8129
3469 8130
3468 8131
3468 8132
3467 8133
3466 8134
3466 8135
3465 8136
3464 8137
3463 8138
3462 8139
3462 8140
3461 8141
3460 8142
3460 8143
3459 8144
3458 8144
3458 8145
3457 8146
3456 8146
3456 8147
3455 8148
3454 8148
3454 8149
3453 8150
3452 8150
3452 8151
3451 8152
3450 8152
3449 8153
3448 8154
3447 8154
3446 8155
3445 8155
3444 8156
3443 8156
3442 8157
3441 8158
3440 8158
3440 8159
3439 8160
3438 8160
3438 8161
3437 8162
3436 8162
3436 8163
3435 8164
3434 8164
3433 8165
3432 8166
3431 8166
3430 8167
3429 8168
3428 8168
3427 8168
3426 8169
3425 8170
3424 8170
3423 8170
3422 8171
3421 8172
3420 8172
3419 8172
3418 8173
3417 8174
3416 8175
3415 8175
3414 8176
3413 8176
3412 8177
3411 8177
3410 8177
3409 8177
3408 8178
3407 8178
3406 8178
3405 8178
3404 8179
3403 8180
3402 8180
3401 8180
3400 8181
3399 8181
3398 8181
3397 8181
3396 8181
3395 8181
3394 8182
3393 8182
3392 8182
3391 8182
3390 8183
3389 8184
3388 8185
3387 8186
3386 8186
3385 8187
3384 8188
3383 8188
3382 8189
3381 8190
3380 8190
3379 8190
3378 8191
3377 8192
3376 8192
3375 8192
3374 8193
3373 8193
3372 8193
3371 8193
3370 8193
3369 8193
3368 8194
3367 8194
3366 8195
3365 8195
3364 8196
3363 8196
3362 8197
3361 8198
3360 8198
3359 8198
3358 8199
3357 8200
3356 8200
3355 8200
3354 8201
3353 8202
3352 8203
3351 8204
3350 8204
3349 8205
3348 8206
3347 8206
3346 8207
3345 8207
3344 8208
3343 8208
3342 8208
3341 8208
3340 8209
3339 8209
3338 8209
3337 8209
3336 8210
3335 8210
3334 8210
3333 8210
3332 8211
3331 8211
3330 8212
3329 8212
3328 8212
3327 8212
3326 8213
3325 8214
3324 8215
3323 8216
3322 8216
3322 8217
3321 8218
3320 8218
3319 8219
3318 8220
3317 8220
3316 8221
3315 8222
3314 8222
3313 8222
3312 8223
3311 8224
3310 8225
3309 8226
3308 8226
3308 8227
3307 8228
3306 8228
3306 8229
3305 8230
3304 8230
3304 8231
3303 8232
3302 8232
3301 8233
3300 8234
3299 8234
3298 8235
3297 8235
3296 8235
3295 8235
3294 8235
3293 8235
3292 8236
3291 8236
3290 8236
3289 8236
3288 8237
3287 8238
3286 8238
3285 8238
3284 8239
3283 8239
3282 8239
3281 8239
3280 8239
3279 8239
3278 8240
3277 8240
3276 8241
3275 8242
3274 8242
3273 8243
3272 8244
3271 8244
3270 8245
3269 8246
3268 8246
3267 8246
3266 8247
3265 8247
3264 8247
3263 8247
3262 8248
3261 8248
3260 8248
3259 8248
3258 8249
3257 8249
3256 8250
3255 8250
3254 8250
3253 8250
3252 8251
3251 8251
3250 8251
3249 8251
3248 8250
3247 8250
3246 8250
3245 8250
3244 8249
3243 8249
3242 8249
3241 8249
3240 8250
3239 8250
3238 8251
3237 8251
3236 8252
3235 8252
3234 8253
3233 8254
3232 8255
3231 8256
3230 8256
3230 8257
3229 8258
3228 8258
3228 8259
3227 8260
3226 8260
3226 8261
3225 8262
3224 8263
3223 8264
3222 8265
3222 8266
3222 8267
3221 8268
3220 8269
3220 8270
3219 8271
3218 8272
3218 8273
3217 8274
3216 8274
3216 8275
3215 8276
3214 8276
3214 8277
3213 8278
3212 8278
3211 8279
3210 8280
3209 8280
3208 8281
3207 8282
3206 8282
3205 8282
3204 8283
3203 8283
3202 8283
3201 8283
3200 8283
3199 8283
3198 8283
3197 8283
3196 8283
3195 8283
3194 8283
3193 8283
3192 8283
3191 8283
3190 8283
3189 8283
3188 8283
3187 8283
3186 8283
3185 8283
3184 8283
3183 8283
3182 8283
3181 8283
3180 8283
3179 8283
3178 8284
3177 8284
3176 8284
3175 8284
3174 8285
3173 8285
3172 8285
3171 8285
3170 8285
3169 8285
3168 8286
3167 8286
3166 8286
3165 8286
3164 8287
3163 8287
3162 8287
3161 8287
3160 8287
3159 8287
3158 8287
3157 8287
3156 8287
3155 8287
3154 8287
3153 8287
3152 8288
3151 8288
3150 8288
3149 8288
3148 8289
3147 8290
3146 8291
3145 8292
3144 8292
3144 8293
3143 8294
3142 8294
3142 8295
3141 8296
3140 8296
3139 8297
3138 8298
3137 8298
3136 8299
3135 8299
3134 8300
3133 8300
3132 8301
3131 8302
3130 8302
3129 8303
3128 8304
3127 8304
3126 8305
3125 8306
3124 8307
3123 8308
3122 8308
3122 8309
3121 8310
3120 8311
3119 8312
3118 8313
3118 8314
3118 8315
3117 8316
3116 8317
3116 8318
3116 8319
3115 8320
3114 8321
3114 8322
3114 8323
3113 8324
3112 8325
3112 8326
3111 8327
3110 8328
3109 8329
3108 8330
3107 8330
3106 8331
3105 8332
3104 8333
3103 8333
3102 8334
3101 8334
3100 8335
3099 8336
3098 8336
3097 8336
3096 8337
3095 8337
3094 8337
3093 8337
3092 8337
3091 8337
3090 8337
3089 8337
3088 8337
3087 8337
3086 8337
3085 8337
3084 8338
3083 8338
3082 8339
3081 8340
3080 8341
3079 8342
3078 8343
3078 8344
3077 8345
3076 8346
3076 8347
3075 8348
3074 8348
3074 8349
3073 8350
3072 8350
3072 8351
3071 8352
3070 8352
3069 8353
3068 8354
3067 8354
3066 8355
3065 8356
3064 8356
3063 8356
3062 8357
3061 8357
3060 8357
3059 8357
3058 8357
3057 8357
3056 8357
3055 8357
3054 8357
3053 8357
3052 8357
3051 8357
3050 8357
3049 8357
3048 8357
3047 8357
3046 8357
3045 8357
3044 8356
3043 8356
3042 8355
3041 8355
3040 8354
3039 8354
3038 8353
3037 8353
3036 8353
3035 8353
3034 8353
3033 8353
3032 8353
3031 8353
3030 8353
3029 8353
3028 8354
3027 8354
3026 8354
3025 8354
3024 8355
3023 8355
3022 8355
3021 8355
3020 8355
3019 8355
3018 8355
3017 8355
3016 8356
3015 8356
3014 8356
3013 8356
3012 8357
3011 8357
3010 8357
3009 8357
3008 8357
3007 8357
3006 8357
3005 8357
3004 8357
3003 8357
3002 8357
3001 8357
3000 8357
2999 8357
2998 8357
2997 8357
2996 8357
2995 8357
2994 8357
2993 8357
2992 8357
2991 8357
2990 8358
2989 8358
2988 8359
2987 8360
2986 8361
2985 8362
2984 8363
2984 8364
2983 8365
2982 8366
2981 8367
2980 8368
2979 8368
2978 8369
2977 8370
2976 8371
2975 8372
2974 8372
2974 8373
2973 8374
2972 8374
2971 8375
2970 8376
2969 8376
2968 8377
2967 8377
2966 8378
2965 8378
2964 8379
2963 8379
2962 8380
2961 8380
2960 8381
2959 8382
2958 8383
2957 8384
2956 8384
2955 8385
2954 8386
2953 8386
2952 8387
2951 8388
2950 8388
2949 8388
2948 8389
2947 8390
2946 8390
2945 8390
2944 8391
2943 8391
2942 8391
2941 8391
2940 8392
2939 8392
2938 8393
2937 8394
2936 8394
2936 8395
2935 8396
2934 8396
2933 8397
2932 8398
2931 8398
2930 8399
2929 8400
2928 8400
2927 8400
2926 8401
2925 8401
2924 8402
2923 8402
2922 8403
2921 8403
2920 8404
2919 8404
2918 8405
2917 8405
2916 8406
2915 8406
2914 8406
2913 8406
2912 8407
2911 8407
2910 8408
2909 8408
2908 8408
2907 8408
2906 8409
2905 8410
2904 8411
2903 8412
2902 8412
2902 8413
2901 8414
2900 8414
2900 8415
2899 8416
2898 8416
2898 8417
2897 8418
2896 8418
2896 8419
2895 8420
2894 8420
2894 8421
2893 8422
2892 8422
2892 8423
2891 8424
2890 8424
2890 8425
2889 8426
2888 8426
2888 8427
2887 8428
2886 8428
2886 8429
2885 8430
2884 8431
2883 8432
2882 8433
2882 8434
2881 8435
2880 8436
2880 8437
2879 8438
2878 8438
2878 8439
2877 8440
2876 8440
2875 8441
2874 8442
2873 8442
2872 8443
2871 8444
2870 8445
2869 8446
2868 8446
2868 8447
2867 8448
2866 8448
2866 8449
2865 8450
2864 8450
2864 8451
2863 8452
2862 8453
2861 8454
2860 8455
2860 8456
2859 8457
2858 8458
2858 8459
2857 8460
2856 8460
2856 8461
2855 8462
2854 8462
2854 8463
2853 8464
2852 8464
2851 8465
2850 8466
2849 8466
2848 8467
2847 8468
2846 8468
2845 8468
2844 8469
2843 8470
2842 8471
2841 8472
2840 8473
2839 8474
2838 8475
2838 8476
2838 8477
2838 8478
2837 8479
2837 8480
2836 8481
2836 8482
2836 8483
2836 8484
2835 8485
2835 8486
2834 8487
2834 8488
2834 8489
2833 8490
2832 8491
2832 8492
2831 8493
2830 8494
2830 8495
2829 8496
2828 8496
2828 8497
2827 8498
2826 8498
2826 8499
2825 8500
2824 8500
2824 8501
2823 8502
2822 8503
2821 8504
2820 8505
2820 8506
2819 8507
2818 8508
2818 8509
2817 8510
2816 8510
2816 8511
2815 8512
2814 8512
2814 8513
2813 8514
2812 8514
2812 8515
2811 8516
2810 8516
2810 8517
2809 8518
2808 8518
2808 8519
2807 8520
2806 8520
2806 8521
2805 8522
2804 8522
2804 8523
2803 8524
2802 8524
2802 8525
2801 8526
2800 8527
2800 8528
2799 8529
2799 8530
2798 8531
2798 8532
2798 8533
2798 8534
2797 8535
2797 8536
2797 8537
2797 8538
2796 8539
2796 8540
2796 8541
2795 8542
2794 8543
2794 8544
2793 8545
2793 8546
2792 8547
2791 8548
2790 8549
2790 8550
2790 8551
2790 8552
2789 8553
2789 8554
2789 8555
2789 8556
2789 8557
2789 8558
2789 8559
2789 8560
2789 8561
2789 8562
2789 8563
2789 8564
2788 8565
2788 8566
2788 8567
2788 8568
2787 8569
2787 8570
2787 8571
2787 8572
2786 8573
2786 8574
2786 8575
2786 8576
2785 8577
2785 8578
2784 8579
2784 8580
2784 8581
2784 8582
2783 8583
2783 8584
2784 8585
2784 8586
2784 8587
2784 8588
2785 8589
2786 8590
2786 8591
2786 8592
2787 8593
2788 8594
2789 8595
2790 8596
2790 8597
2791 8597
2792 8598
2792 8599
2793 8599
2794 8600
2795 8601
2796 8602
2797 8603
2798 8603
2799 8604
2800 8604
2801 8605
2802 8606
2803 8607
2804 8607
2805 8607
2806 8608
2807 8609
2808 8609
2809 8610
2810 8610
2811 8611
2812 8612
2813 8613
2814 8613
2815 8613
2816 8613
2817 8614
2818 8614
2819 8615
2820 8615
2821 8616
2822 8617
2823 8617
2824 8618
2824 8619
2825 8619
2826 8620
2826 8621
2827 8621
2828 8622
2828 8623
2829 8623
2830 8624
2830 8625
2831 8625
2832 8626
2832 8627
2833 8627
2834 8628
2834 8629
2835 8629
2836 8630
2836 8631
2837 8631
2838 8632
2838 8633
2839 8633
2840 8634
2841 8635
2842 8636
2843 8637
2844 8637
2845 8638
2846 8639
2847 8639
2848 8640
2848 8641
2849 8641
2850 8642
2850 8643
2851 8643
2852 8644
2852 8645
2853 8645
2854 8646
2855 8647
2856 8648
2857 8649
2858 8649
2859 8650
2860 8651
2861 8651
2862 8652
2863 8653
2864 8653
2865 8654
2866 8654
2867 8654
2868 8654
2869 8654
2870 8654
2871 8654
2872 8654
2873 8655
2874 8655
2875 8655
2876 8656
2877 8657
2878 8657
2879 8658
2880 8659
2880 8660
2881 8661
2882 8662
2882 8663
2882 8664
2883 8665
2884 8666
2885 8667
2886 8668
2886 8669
2887 8669
2888 8670
2888 8671
2889 8671
2890 8672
2890 8673
2891 8673
2892 8674
2892 8675
2893 8675
2894 8676
2894 8677
2895 8677
2896 8678
2896 8679
2897 8679
2898 8680
2898 8681
2899 8681
2900 8682
2900 8683
2901 8683
2902 8684
2903 8685
2904 8685
2905 8686
2906 8686
2907 8687
2908 8687
2909 8687
2910 8688
2911 8689
2912 8689
2913 8689
2914 8689
2915 8690
2916 8690
2917 8690
2918 8690
2919 8691
2920 8691
2921 8691
2922 8692
2923 8693
2924 8693
2925 8694
2926 8695
2927 8695
2928 8696
2928 8697
2929 8697
2930 8698
2930 8699
2931 8699
2932 8700
2932 8701
2933 8701
2934 8702
2934 8703
2935 8703
2936 8704
2936 8705
2937 8705
2938 8706
2938 8707
2939 8707
2940 8708
2940 8709
2941 8709
2942 8710
2942 8711
2943 8711
2944 8712
2944 8713
2945 8714
2946 8715
2946 8716
2947 8717
2948 8718
2949 8719
2950 8720
2950 8721
2951 8721
2952 8722
2952 8723
2953 8723
2954 8724
2954 8725
2955 8725
2956 8726
2956 8727
2957 8727
2958 8728
2958 8729
2959 8729
2960 8730
2960 8731
2961 8731
2962 8732
2963 8733
2964 8733
2965 8734
2966 8734
2967 8735
2968 8735
2969 8735
2970 8735
2971 8736
2972 8736
2973 8736
2974 8736
2975 8736
2976 8736
2977 8736
2978 8736
2979 8736
2980 8736
2981 8737
2982 8737
2983 8738
2984 8738
2985 8739
2986 8739
2987 8740
2988 8740
2989 8740
2990 8740
2991 8740
2992 8740
2993 8740
2994 8740
2995 8740
2996 8740
2997 8740
2998 8740
2999 8741
3000 8741
3001 8742
3002 8743
3003 8743
3004 8744
3004 8745
3005 8745
3006 8746
3007 8747
3008 8748
3009 8749
3010 8749
3011 8749
3012 8749
3013 8750
3014 8750
3015 8750
3016 8750
3017 8750
3018 8750
3019 8751
3020 8751
3021 8751
3022 8752
3023 8753
3024 8753
3025 8753
3026 8753
3027 8754
3028 8754
3029 8755
3030 8755
3031 8755
3032 8756
3033 8757
3034 8757
3035 8758
3036 8758
3037 8759
3038 8759
3039 8760
3040 8760
3041 8761
3042 8761
3043 8761
3044 8761
3045 8762
3046 8762
3047 8763
3048 8763
3049 8763
3050 8764
3051 8765
3052 8765
3053 8765
3054 8765
3055 8766
3056 8766
3057 8766
3058 8766
3059 8767
3060 8767
3061 8767
3062 8767
3063 8768
3064 8768
3065 8769
3066 8769
3067 8770
3068 8770
3069 8771
3070 8771
3071 8772
3072 8772
3073 8772
3074 8772
3075 8772
3076 8772
3077 8773
3078 8773
3079 8773
3080 8774
3081 8775
3082 8775
3083 8775
3084 8776
3085 8777
3086 8777
3087 8777
3088 8777
3089 8778
3090 8778
3091 8779
3092 8779
3093 8780
3094 8781
3095 8781
3096 8782
3096 8783
3097 8783
3098 8784
3098 8785
3099 8785
3100 8786
3101 8787
3102 8787
3103 8788
3104 8788
3105 8788
3106 8788
3107 8788
3108 8788
3109 8788
3110 8788
3111 8788
3112 8788
3113 8788
3114 8788
3115 8789
3116 8789
3117 8790
3118 8790
3119 8791
3120 8792
3121 8793
3122 8793
3123 8794
3124 8794
3125 8795
3126 8796
3127 8797
3128 8797
3129 8797
3130 8798
3131 8799
3132 8799
3133 8799
3134 8800
3135 8801
3136 8801
3137 8801
3138 8801
3139 8802
3140 8802
3141 8803
3142 8803
3143 8803
3144 8803
3145 8804
3146 8804
3147 8804
3148 8804
3149 8804
3150 8804
3151 8804
3152 8804
3153 8804
3154 8804
3155 8804
3156 8804
3157 8804
3158 8804
3159 8804
3160 8804
3161 8805
3162 8805
3163 8805
3164 8805
3165 8806
3166 8806
3167 8806
3168 8806
3169 8806
3170 8806
3171 8806
3172 8806
3173 8806
3174 8806
3175 8807
3176 8807
3177 8807
3178 8807
3179 8808
3180 8808
3181 8808
3182 8808
3183 8809
3184 8809
3185 8809
3186 8810
3187 8811
3188 8811
3189 8812
3190 8813
3191 8813
3192 8814
3193 8815
3194 8815
3195 8816
3196 8816
3197 8816
3198 8816
3199 8816
3200 8816
3201 8816
3202 8816
3203 8816
3204 8816
3205 8817
3206 8817
3207 8818
3208 8818
3209 8819
3210 8820
3211 8821
3212 8821
3213 8821
3214 8822
3215 8823
3216 8823
3217 8824
3218 8825
3219 8825
3220 8826
3221 8827
3222 8828
3223 8829
3224 8829
3225 8830
3226 8830
3227 8831
3228 8831
3229 8832
3230 8832
3231 8833
3232 8833
3233 8833
3234 8834
3235 8835
3236 8835
3237 8835
3238 8836
3239 8837
3240 8837
3241 8837
3242 8838
3243 8839
3244 8839
3245 8840
3246 8841
3247 8842
3248 8843
3249 8844
3250 8844
3251 8844
3252 8844
3253 8844
3254 8844
3255 8845
3256 8845
3257 8845
3258 8845
3259 8846
3260 8846
3261 8846
3262 8846
3263 8845
3264 8845
3265 8845
3266 8845
3267 8844
3268 8844
3269 8844
3270 8844
3271 8844
3272 8844
3273 8844
3274 8844
3275 8844
3276 8844
3277 8844
3278 8844
3279 8844
3280 8844
3281 8844
3282 8844
3283 8845
3284 8845
3285 8845
3286 8845
3287 8846
3288 8846
3289 8846
3290 8846
3291 8846
3292 8846
3293 8847
3294 8847
3295 8847
3296 8848
3297 8849
3298 8849
3299 8850
3300 8851
3301 8851
3302 8852
3302 8853
3303 8853
3304 8854
3305 8855
3306 8856
3307 8857
3308 8857
3309 8858
3310 8859
3311 8859
3312 8860
3312 8861
3313 8861
3314 8862
3314 8863
3315 8863
3316 8864
3317 8865
3318 8865
3319 8866
3320 8866
3321 8867
3322 8867
3323 8867
3324 8868
3325 8869
3326 8869
3327 8869
3328 8870
3329 8871
3330 8871
3331 8871
3332 8871
3333 8872
3334 8872
3335 8873
3336 8873
3337 8874
3338 8874
3339 8875
3340 8875
3341 8876
3342 8876
3343 8877
3344 8877
3345 8877
3346 8878
3347 8879
3348 8879
3349 8879
3350 8880
3351 8881
3352 8881
3353 8881
3354 8882
3355 8883
3356 8883
3357 8883
3358 8884
3359 8885
3360 8885
3361 8885
3362 8886
3363 8887
3364 8887
3365 8888
3366 8888
3367 8889
3368 8889
3369 8890
3370 8890
3371 8890
3372 8890
3373 8890
3374 8890
3375 8890
3376 8890
3377 8891
3378 8891
3379 8891
3380 8891
3381 8892
3382 8892
3383 8892
3384 8892
3385 8892
3386 8892
3387 8892
3388 8892
3389 8893
3390 8893
3391 8893
3392 8894
3393 8895
3394 8895
3395 8896
3396 8897
3397 8897
3398 8898
3398 8899
3399 8899
3400 8900
3401 8901
3402 8902
3403 8903
3404 8903
3405 8903
3406 8903
3407 8904
3408 8904
3409 8904
3410 8904
3411 8905
3412 8905
3413 8905
3414 8906
3415 8907
3416 8907
3417 8908
3418 8908
3419 8909
3420 8909
3421 8910
3422 8910
3423 8911
3424 8911
3425 8912
3426 8913
3427 8913
3428 8914
3428 8915
3429 8915
3430 8916
3431 8917
3432 8917
3433 8918
3434 8918
3435 8919
3436 8919
3437 8919
3438 8920
3439 8921
3440 8921
3441 8921
3442 8921
3443 8922
3444 8922
3445 8923
3446 8923
3447 8923
3448 8923
3449 8924
3450 8924
3451 8925
3452 8925
3453 8925
3454 8925
3455 8926
3456 8926
3457 8926
3458 8926
3459 8926
3460 8926
3461 8927
3462 8927
3463 8927
3464 8927
3465 8928
3466 8928
3467 8929
3468 8929
3469 8929
3470 8929
3471 8930
3472 8930
3473 8930
3474 8930
3475 8930
3476 8930
3477 8931
3478 8931
3479 8931
3480 8932
3481 8933
3482 8933
3483 8933
3484 8934
3485 8935
3486 8935
3487 8935
3488 8935
3489 8936
3490 8936
3491 8937
3492 8937
3493 8937
3494 8938
3495 8939
3496 8939
3497 8939
3498 8940
3499 8941
3500 8941
3501 8941
3502 8941
3503 8942
3504 8942
3505 8941
3506 8941
3507 8941
3508 8941
3509 8940
3510 8940
3511 8940
3512 8940
3513 8940
3514 8940
3515 8940
3516 8940
3517 8941
3518 8941
3519 8941
3520 8942
3521 8943
3522 8943
3523 8943
3524 8943
3525 8944
3526 8944
3527 8944
3528 8944
3529 8944
3530 8944
3531 8944
3532 8944
3533 8945
3534 8945
3535 8945
3536 8945
3537 8946
3538 8946
3539 8947
3540 8947
3541 8947
3542 8947
3543 8948
3544 8948
3545 8949
3546 8949
3547 8949
3548 8949
3549 8950
3550 8950
3551 8950
3552 8950
3553 8951
3554 8951
3555 8952
3556 8953
3557 8953
3558 8954
3559 8955
3560 8956
3561 8957
3562 8957
3563 8957
3564 8957
3565 8958
3566 8958
3567 8959
3568 8959
3569 8959
3570 8959
3571 8960
3572 8960
3573 8960
3574 8960
3575 8961
3576 8961
3577 8961
3578 8962
3579 8963
3580 8963
3581 8963
3582 8963
3583 8964
3584 8964
3585 8965
3586 8965
3587 8965
3588 8965
3589 8966
3590 8966
3591 8966
3592 8966
3593 8966
3594 8966
3595 8966
3596 8966
3597 8967
3598 8967
3599 8967
3600 8967
3601 8968
3602 8968
3603 8968
3604 8968
3605 8968
3606 8968
3607 8968
3608 8968
3609 8968
3610 8968
3611 8968
3612 8968
3613 8968
3614 8968
3615 8968
3616 8968
3617 8968
3618 8968
3619 8968
3620 8968
3621 8968
3622 8968
3623 8968
3624 8968
3625 8968
3626 8968
3627 8969
3628 8969
3629 8968
3630 8968
3631 8969
3632 8969
3633 8968
3634 8968
3635 8968
3636 8968
3637 8968
3638 8968
3639 8968
3640 8968
3641 8968
3642 8968
3643 8967
3644 8967
3645 8967
3646 8967
3647 8966
3648 8966
3649 8966
3650 8966
3651 8965
3652 8965
3653 8965
3654 8965
3655 8964
3656 8964
3657 8964
3658 8964
3659 8963
3660 8963
3661 8963
3662 8963
3663 8963
3664 8963
3665 8963
3666 8963
3667 8964
3668 8964
3669 8963
3670 8963
3671 8962
3672 8962
3673 8961
3674 8961
3675 8960
3676 8960
3677 8960
3678 8960
3679 8960
3680 8960
3681 8960
3682 8960
3683 8960
3684 8960
3685 8960
3686 8960
3687 8960
3688 8960
3689 8960
3690 8960
3691 8960
3692 8960
3693 8960
3694 8960
3695 8960
3696 8960
3697 8960
3698 8960
3699 8960
3700 8960
3701 8960
3702 8960
3703 8960
3704 8960
3705 8960
3706 8960
3707 8961
3708 8961
3709 8961
3710 8961
3711 8962
3712 8962
3713 8963
3714 8963
3715 8963
3716 8964
3717 8965
3718 8965
3719 8965
3720 8965
3721 8966
3722 8966
3723 8966
3724 8966
3725 8965
3726 8965
3727 8964
3728 8964
3729 8963
3730 8963
3731 8962
3732 8962
3733 8961
3734 8961
3735 8961
3736 8961
3737 8960
3738 8960
3739 8960
3740 8960
3741 8960
3742 8960
3743 8960
3744 8960
3745 8959
3746 8959
3747 8959
3748 8959
3749 8959
3750 8959
3751 8959
3752 8960
3753 8961
3754 8961
3755 8961
3756 8961
3757 8962
3758 8962
3759 8962
3760 8962
3761 8962
3762 8962
3763 8962
3764 8962
3765 8963
3766 8963
3767 8963
3768 8963
3769 8964
3770 8964
3771 8964
3772 8964
3773 8964
3774 8964
3775 8964
3776 8964
3777 8964
3778 8964
3779 8965
3780 8965
3781 8965
3782 8965
3783 8966
3784 8966
3785 8967
3786 8967
3787 8967
3788 8967
3789 8968
3790 8968
3791 8968
3792 8968
3793 8969
3794 8969
3795 8969
3796 8969
3797 8970
3798 8970
3799 8971
3800 8971
3801 8972
3802 8972
3803 8973
3804 8973
3805 8973
3806 8973
3807 8974
3808 8974
3809 8973
3810 8973
3811 8974
3812 8974
3813 8974
3814 8974
3815 8974
3816 8974
3817 8975
3818 8975
3819 8975
3820 8975
3821 8976
3822 8976
3823 8976
3824 8976
3825 8977
3826 8977
3827 8978
3828 8978
3829 8979
3830 8980
3831 8981
3832 8981
3833 8982
3834 8983
3835 8983
3836 8984
3836 8985
3837 8985
3838 8986
3839 8987
3840 8988
3841 8989
3842 8989
3843 8989
3844 8989
3845 8990
3846 8990
3847 8991
3848 8991
3849 8992
3850 8992
3851 8993
3852 8994
3853 8995
3854 8995
3855 8996
3856 8996
3857 8997
3858 8997
3859 8998
3860 8998
3861 8998
3862 8998
3863 8999
3864 8999
3865 8999
3866 8999
3867 9000
3868 9000
3869 9000
3870 9000
3871 9001
3872 9001
3873 9001
3874 9001
3875 9002
3876 9002
3877 9002
3878 9002
3879 9003
3880 9003
3881 9003
3882 9003
3883 9004
3884 9004
3885 9004
3886 9004
3887 9004
3888 9004
3889 9004
3890 9004
3891 9004
3892 9004
3893 9004
3894 9004
3895 9004
3896 9004
3897 9004
3898 9004
3899 9004
3900 9004
3901 9005
3902 9005
3903 9005
3904 9005
3905 9006
3906 9006
3907 9006
3908 9006
3909 9006
3910 9006
3911 9006
3912 9006
3913 9006
3914 9006
3915 9006
3916 9006
3917 9006
3918 9006
3919 9006
3920 9006
3921 9006
3922 9006
3923 9006
3924 9006
3925 9006
3926 9006
3927 9007
3928 9007
3929 9007
3930 9007
3931 9008
3932 9008
3933 9008
3934 9008
3935 9008
3936 9008
3937 9009
3938 9009
3939 9009
3940 9009
3941 9010
3942 9010
3943 9010
3944 9010
3945 9010
3946 9010
3947 9010
3948 9010
3949 9011
3950 9011
3951 9011
3952 9011
3953 9012
3954 9012
3955 9012
3956 9012
3957 9012
3958 9012
3959 9012
3960 9012
3961 9012
3962 9012
3963 9012
3964 9012
3965 9013
3966 9013
3967 9013
3968 9013
3969 9014
3970 9014
3971 9014
3972 9014
3973 9014
3974 9014
3975 9014
3976 9014
3977 9014
3978 9014
3979 9014
3980 9014
3981 9014
3982 9014
3983 9013
3984 9013
3985 9013
3986 9013
3987 9012
3988 9012
3989 9012
3990 9012
3991 9012
3992 9012
3993 9012
3994 9012
3995 9012
3996 9012
3997 9012
3998 9012
3999 9012
4000 9012
4001 9012
4002 9012
4003 9012
4004 9012
4005 9012
4006 9012
4007 9012
4008 9012
4009 9013
4010 9013
4011 9012
4012 9012
4013 9013
4014 9013
4015 9012
4016 9012
4017 9012
4018 9012
4019 9012
4020 9012
4021 9012
4022 9012
4023 9011
4024 9011
4025 9011
4026 9011
4027 9010
4028 9010
4029 9010
4030 9010
4031 9010
4032 9010
4033 9010
4034 9010
4035 9010
4036 9010
4037 9010
4038 9010
4039 9010
4040 9010
4041 9010
4042 9010
4043 9010
4044 9010
4045 9010
4046 9010
4047 9011
4048 9011
4049 9011
4050 9011
4051 9012
4052 9012
4053 9012
4054 9012
4055 9012
4056 9012
4057 9012
4058 9012
4059 9012
4060 9012
4061 9012
4062 9012
4063 9012
4064 9012
4065 9012
4066 9012
4067 9012
4068 9012
4069 9013
4070 9013
4071 9013
4072 9013
4073 9014
4074 9014
4075 9014
4076 9014
4077 9014
4078 9014
4079 9015
4080 9015
4081 9015
4082 9015
4083 9016
4084 9016
4085 9016
4086 9016
4087 9017
4088 9017
4089 9017
4090 9017
4091 9018
4092 9018
4093 9018
4094 9018
4095 9019
4096 9019
4097 9019
4098 9019
4099 9020
4100 9020
4101 9020
4102 9020
4103 9020
4104 9020
4105 9020
4106 9020
4107 9020
4108 9020
4109 9020
4110 9020
4111 9021
4112 9021
4113 9021
4114 9021
4115 9022
4116 9022
4117 9021
4118 9021
4119 9021
4120 9021
4121 9020
4122 9020
4123 9020
4124 9020
4125 9020
4126 9020
4127 9020
4128 9020
4129 9020
4130 9020
4131 9019
4132 9019
4133 9018
4134 9017
4135 9017
4136 9016
4137 9015
4138 9015
4139 9014
4140 9014
4141 9014
4142 9014
4143 9014
4144 9014
4145 9014
4146 9014
4147 9014
4148 9014
4149 9014
4150 9014
4151 9014
4152 9014
4153 9014
4154 9014
4155 9014
4156 9014
4157 9014
4158 9014
4159 9014
4160 9014
4161 9014
4162 9014
4163 9014
4164 9014
4165 9014
4166 9014
4167 9015
4168 9015
4169 9016
4170 9016
4171 9017
4172 9017
4173 9018
4174 9018
4175 9019
4176 9019
4177 9019
4178 9019
4179 9020
4180 9020
4181 9020
4182 9020
4183 9020
4184 9020
4185 9020
4186 9020
4187 9020
4188 9020
4189 9020
4190 9020
4191 9020
4192 9020
4193 9020
4194 9020
4195 9020
4196 9020
4197 9020
4198 9020
4199 9020
4200 9020
4201 9020
4202 9020
4203 9020
4204 9020
4205 9021
4206 9021
4207 9021
4208 9021
4209 9022
4210 9022
4211 9022
4212 9022
4213 9022
4214 9022
4215 9022
4216 9022
4217 9022
4218 9022
4219 9022
4220 9022
4221 9021
4222 9021
4223 9021
4224 9021
4225 9020
4226 9020
4227 9020
4228 9020
4229 9020
4230 9020
4231 9020
4232 9020
4233 9020
4234 9020
4235 9020
4236 9020
4237 9020
4238 9020
4239 9020
4240 9020
4241 9020
4242 9020
4243 9020
4244 9020
4245 9020
4246 9020
4247 9020
4248 9020
4249 9020
4250 9020
4251 9020
4252 9020
4253 9020
4254 9020
4255 9020
4256 9020
4257 9020
4258 9020
4259 9020
4260 9020
4261 9020
4262 9020
4263 9020
4264 9020
4265 9020
4266 9020
4267 9020
4268 9020
4269 9020
4270 9020
4271 9020
4272 9020
4273 9020
4274 9020
4275 9020
4276 9020
4277 9021
4278 9021
4279 9021
4280 9021
4281 9022
4282 9022
4283 9022
4284 9022
4285 9022
4286 9022
4287 9022
4288 9022
4289 9023
4290 9023
4291 9023
4292 9023
4293 9023
4294 9023
4295 9023
4296 9023
4297 9022
4298 9022
4299 9022
4300 9022
4301 9022
4302 9022
4303 9022
4304 9022
4305 9022
4306 9022
4307 9022
4308 9022
4309 9022
4310 9022
4311 9023
4312 9023
4313 9023
4314 9023
4315 9024
4316 9024
4317 9024
4318 9024
4319 9024
4320 9024
4321 9024
4322 9024
4323 9024
4324 9024
4325 9024
4326 9024
4327 9024
4328 9024
4329 9024
4330 9024
4331 9024
4332 9024
4333 9023
4334 9023
4335 9023
4336 9023
4337 9022
4338 9022
4339 9022
4340 9022
4341 9022
4342 9022
4343 9021
4344 9021
4345 9021
4346 9021
4347 9020
4348 9019
4349 9019
4350 9019
4351 9018
4352 9018
4353 9018
4354 9018
4355 9017
4356 9017
4357 9017
4358 9017
4359 9016
4360 9016
4361 9017
4362 9017
4363 9017
4364 9017
4365 9018
4366 9018
4367 9018
4368 9018
4369 9019
4370 9019
4371 9019
4372 9020
4373 9021
4374 9021
4375 9021
4376 9021
4377 9022
4378 9022
4379 9022
4380 9022
4381 9022
4382 9022
4383 9022
4384 9022
4385 9022
4386 9022
4387 9022
4388 9022
4389 9022
4390 9022
4391 9022
4392 9022
4393 9022
4394 9022
4395 9022
4396 9022
4397 9022
4398 9022
4399 9022
4400 9022
4401 9022
4402 9022
4403 9022
4404 9022
4405 9022
4406 9022
4407 9022
4408 9022
4409 9022
4410 9022
4411 9022
4412 9022
4413 9023
4414 9023
4415 9023
4416 9023
4417 9024
4418 9024
4419 9024
4420 9024
4421 9023
4422 9023
4423 9023
4424 9023
4425 9022
4426 9022
4427 9022
4428 9022
4429 9022
4430 9022
4431 9022
4432 9022
4433 9022
4434 9022
4435 9022
4436 9022
4437 9022
4438 9022
4439 9021
4440 9021
4441 9021
4442 9021
4443 9020
4444 9020
4445 9019
4446 9019
4447 9019
4448 9019
4449 9018
4450 9018
4451 9018
4452 9018
4453 9017
4454 9017
4455 9017
4456 9017
4457 9016
4458 9016
4459 9016
4460 9016
4461 9016
4462 9016
4463 9016
4464 9016
4465 9016
4466 9016
4467 9016
4468 9016
4469 9015
4470 9015
4471 9015
4472 9015
4473 9014
4474 9014
4475 9014
4476 9014
4477 9014
4478 9014
4479 9014
4480 9014
4481 9014
4482 9014
4483 9014
4484 9014
4485 9014
4486 9014
4487 9013
4488 9013
4489 9013
4490 9013
4491 9012
4492 9012
4493 9012
4494 9012
4495 9011
4496 9011
4497 9011
4498 9011
4499 9010
4500 9010
4501 9009
4502 9009
4503 9008
4504 9008
4505 9007
4506 9007
4507 9006
4508 9006
4509 9005
4510 9005
4511 9005
4512 9005
4513 9004
4514 9004
4515 9003
4516 9003
4517 9002
4518 9002
4519 9001
4520 9001
4521 9000
4522 9000
4523 9000
4524 9000
4525 9000
4526 9000
4527 8999
4528 8999
4529 8999
4530 8999
4531 8998
4532 8997
4533 8997
4534 8997
4535 8996
4536 8995
4537 8995
4538 8995
4539 8994
4540 8994
4541 8994
4542 8994
4543 8995
4544 8995
4545 8995
4546 8995
4547 8996
4548 8996
4549 8996
4550 8996
4551 8997
4552 8997
4553 8997
4554 8998
4555 8999
4556 8999
4557 8999
4558 9000
4559 9001
4560 9001
4561 9001
4562 9002
4563 9003
4564 9003
4565 9003
4566 9004
4567 9005
4568 9005
4569 9006
4570 9006
4571 9007
4572 9008
4573 9009
4574 9009
4575 9009
4576 9010
4577 9011
4578 9011
4579 9012
4580 9012
4581 9013
4582 9013
4583 9014
4584 9014
4585 9014
4586 9014
4587 9014
4588 9014
4589 9014
4590 9014
4591 9014
4592 9014
4593 9014
4594 9014
4595 9014
4596 9014
4597 9013
4598 9013
4599 9013
4600 9013
4601 9012
4602 9011
4603 9011
4604 9011
4605 9010
4606 9010
4607 9010
4608 9010
4609 9010
4610 9010
4611 9009
4612 9009
4613 9009
4614 9009
4615 9008
4616 9007
4617 9007
4618 9007
4619 9006
4620 9005
4621 9004
4622 9003
4623 9003
4624 9002
4625 9001
4626 9001
4627 9000
4628 8999
4629 8999
4630 8999
4631 8998
4632 8997
4633 8997
4634 8997
4635 8996
4636 8995
4637 8994
4638 8994
4639 8993
4640 8993
4641 8992
4642 8992
4643 8991
4644 8991
4645 8991
4646 8991
4647 8990
4648 8989
4649 8988
4650 8988
4651 8987
4652 8987
4653 8986
4654 8986
4655 8986
4656 8986
4657 8986
4658 8986
4659 8986
4660 8986
4661 8986
4662 8986
4663 8986
4664 8986
4665 8986
4666 8986
4667 8986
4668 8986
4669 8986
4670 8986
4671 8986
4672 8986
4673 8986
4674 8986
4675 8986
4676 8986
4677 8986
4678 8986
4679 8986
4680 8986
4681 8986
4682 8986
4683 8985
4684 8985
4685 8985
4686 8985
4687 8984
4688 8984
4689 8984
4690 8984
4691 8984
4692 8984
4693 8984
4694 8984
4695 8984
4696 8984
4697 8984
4698 8984
4699 8984
4700 8984
4701 8984
4702 8984
4703 8984
4704 8984
4705 8984
4706 8984
4707 8984
4708 8984
4709 8984
4710 8984
4711 8984
4712 8984
4713 8984
4714 8984
4715 8984
4716 8984
4717 8983
4718 8983
4719 8983
4720 8983
4721 8982
4722 8982
4723 8982
4724 8982
4725 8982
4726 8982
4727 8982
4728 8982
4729 8982
4730 8982
4731 8981
4732 8981
4733 8981
4734 8981
4735 8980
4736 8980
4737 8979
4738 8979
4739 8979
4740 8979
4741 8978
4742 8978
4743 8978
4744 8978
4745 8978
4746 8978
4747 8977
4748 8977
4749 8977
4750 8977
4751 8976
4752 8975
4753 8974
4754 8974
4755 8973
4756 8973
4757 8972
4758 8972
4759 8971
4760 8971
4761 8971
4762 8971
4763 8970
4764 8969
4765 8968
4766 8968
4767 8967
4768 8967
4769 8966
4770 8965
4771 8965
4772 8965
4773 8964
4774 8964
4775 8963
4776 8963
4777 8963
4778 8963
4779 8962
4780 8962
4781 8962
4782 8962
4783 8962
4784 8962
4785 8962
4786 8962
4787 8962
4788 8962
4789 8962
4790 8962
4791 8962
4792 8962
4793 8961
4794 8961
4795 8961
4796 8961
4797 8960
4798 8960
4799 8960
4800 8960
4801 8960
4802 8960
4803 8959
4804 8959
4805 8958
4806 8957
4807 8957
4808 8956
4809 8955
4810 8955
4811 8954
4812 8953
4813 8953
4814 8953
4815 8952
4816 8951
4817 8951
4818 8951
4819 8950
4820 8950
4821 8949
4822 8949
4823 8949
4824 8949
4825 8948
4826 8947
4827 8947
4828 8947
4829 8946
4830 8946
4831 8946
4832 8946
4833 8946
4834 8946
4835 8945
4836 8945
4837 8945
4838 8945
4839 8944
4840 8944
4841 8944
4842 8944
4843 8944
4844 8944
4845 8944
4846 8944
4847 8944
4848 8944
4849 8944
4850 8944
4851 8944
4852 8944
4853 8944
4854 8944
4855 8944
4856 8944
4857 8944
4858 8944
4859 8944
4860 8944
4861 8944
4862 8944
4863 8943
4864 8943
4865 8943
4866 8943
4867 8942
4868 8941
4869 8941
4870 8941
4871 8940
4872 8939
4873 8939
4874 8939
4875 8938
4876 8938
4877 8938
4878 8938
4879 8938
4880 8938
4881 8938
4882 8938
4883 8938
4884 8938
4885 8937
4886 8937
4887 8937
4888 8937
4889 8936
4890 8936
4891 8936
4892 8936
4893 8936
4894 8936
4895 8936
4896 8936
4897 8935
4898 8935
4899 8935
4900 8935
4901 8934
4902 8933
4903 8933
4904 8933
4905 8932
4906 8931
4907 8931
4908 8931
4909 8930
4910 8929
4911 8928
4912 8927
4913 8926
4913 8925
4913 8924
4914 8923
4915 8922
4915 8921
4916 8920
4917 8919
4917 8918
4918 8917
4919 8917
4919 8916
4920 8915
4921 8915
4922 8914
4923 8913
4924 8913
4925 8912
4926 8911
4927 8911
4928 8911
4929 8910
4930 8909
4931 8909
4932 8909
4933 8908
4934 8908
4935 8908
4936 8908
4937 8907
4938 8907
4939 8907
4940 8907
4941 8906
4942 8905
4943 8904
4944 8904
4945 8903
4946 8903
4947 8902
4948 8902
4949 8902
4950 8902
4951 8902
4952 8902
4953 8901
4954 8901
4955 8901
4956 8901
4957 8900
4958 8900
4959 8900
4960 8900
4961 8900
4962 8900
4963 8899
4964 8899
4965 8899
4966 8899
4967 8898
4968 8897
4969 8897
4970 8897
4971 8896
4972 8896
4973 8896
4974 8896
4975 8896
4976 8896
4977 8895
4978 8895
4979 8894
4980 8893
4981 8893
4981 8892
4982 8891
4983 8891
4983 8890
4984 8889
4985 8889
4985 8888
4986 8887
4987 8887
4988 8886
4989 8885
4990 8885
4991 8884
4992 8883
4993 8883
4994 8883
4995 8882
4996 8881
4997 8880
4998 8879
4999 8879
4999 8878
5000 8877
5001 8876
5002 8875
5003 8874
5003 8873
5004 8872
5005 8871
5005 8870
5006 8869
5007 8869
5007 8868
5008 8867
5009 8867
5009 8866
5010 8865
5011 8865
5011 8864
5012 8863
5013 8863
5014 8862
5015 8861
5016 8861
5017 8860
5018 8859
5019 8858
5020 8858
5021 8857
5022 8857
5023 8856
5024 8856
5025 8855
5026 8855
5027 8854
5028 8854
5029 8853
5030 8853
5031 8852
5032 8851
5033 8851
5034 8851
5035 8850
5036 8849
5037 8848
5038 8847
5039 8847
5040 8846
5041 8845
5042 8845
5043 8844
5044 8843
5045 8843
5046 8843
5047 8842
5048 8841
5049 8841
5050 8841
5051 8840
5052 8839
5053 8839
5054 8839
5055 8838
5056 8837
5057 8837
5058 8837
5059 8836
5060 8836
5061 8835
5062 8835
5063 8834
5064 8833
5065 8833
5066 8832
5067 8831
5068 8831
5069 8830
5070 8830
5071 8830
5072 8830
5073 8829
5074 8829
5075 8829
5076 8829
5077 8828
5078 8828
5079 8827
5080 8827
5081 8827
5082 8827
5083 8826
5084 8826
5085 8825
5086 8825
5087 8825
5088 8825
5089 8824
5090 8824
5091 8823
5092 8823
5093 8823
5094 8823
5095 8822
5096 8821
5097 8821
5098 8821
5099 8820
5100 8820
5101 8820
5102 8820
5103 8820
5104 8820
5105 8819
5106 8819
5107 8819
5108 8819
5109 8818
5110 8818
5111 8817
5112 8817
5113 8817
5114 8817
5115 8816
5116 8815
5117 8815
5118 8815
5119 8814
5120 8814
5121 8813
5122 8813
5123 8813
5124 8813
5125 8812
5126 8812
5127 8811
5128 8811
5129 8811
5130 8811
5131 8810
5132 8810
5133 8809
5134 8809
5135 8809
5136 8809
5137 8808
5138 8807
5139 8807
5140 8807
5141 8806
5142 8805
5143 8805
5144 8805
5145 8804
5146 8803
5147 8802
5148 8802
5149 8801
5150 8801
5151 8800
5152 8799
5153 8799
5154 8799
5155 8798
5156 8798
5157 8797
5158 8797
5159 8797
5160 8797
5161 8796
5162 8795
5163 8795
5164 8795
5165 8794
5166 8793
5167 8793
5168 8793
5169 8792
5170 8792
5171 8791
5172 8791
5173 8791
5174 8791
5175 8790
5176 8790
5177 8789
5178 8789
5179 8788
5180 8788
5181 8787
5182 8787
5183 8786
5184 8786
5185 8785
5186 8785
5187 8785
5188 8785
5189 8784
5190 8783
5191 8782
5192 8781
5193 8781
5193 8780
5194 8779
5195 8779
5195 8778
5196 8777
5197 8777
5197 8776
5198 8775
5199 8774
5200 8773
5201 8772
5201 8771
5201 8770
5202 8769
5203 8768
5203 8767
5203 8766
5204 8765
5205 8764
5205 8763
5205 8762
5205 8761
5206 8760
5206 8759
5207 8758
5207 8757
5207 8756
5207 8755
5208 8754
5208 8753
5208 8752
5208 8751
5208 8750
5208 8749
5209 8748
5209 8747
5209 8746
5209 8745
5210 8744
5210 8743
5210 8742
5210 8741
5210 8740
5210 8739
5210 8738
5210 8737
5210 8736
5210 8735
5210 8734
5210 8733
5210 8732
5210 8731
5210 8730
5210 8729
5210 8728
5210 8727
5210 8726
5210 8725
5209 8724
5209 8723
5209 8722
5209 8721
5208 8720
5208 8719
5208 8718
5208 8717
5208 8716
5208 8715
5207 8714
5207 8713
5207 8712
5207 8711
5206 8710
5206 8709
5206 8708
5206 8707
5206 8706
5206 8705
5206 8704
5206 8703
5206 8702
5206 8701
5206 8700
5206 8699
5206 8698
5206 8697
5206 8696
5206 8695
5206 8694
5206 8693
5206 8692
5206 8691
5206 8690
5206 8689
5206 8688
5206 8687
5207 8686
5207 8685
5207 8684
5207 8683
5208 8682
5208 8681
5209 8680
5209 8679
5209 8678
5209 8677
5210 8676
5210 8675
5210 8674
5210 8673
5211 8672
5211 8671
5211 8670
5211 8669
5212 8668
5212 8667
5212 8666
5212 8665
5212 8664
5212 8663
5212 8662
5212 8661
5212 8660
5212 8659
5212 8658
5212 8657
5212 8656
5212 8655
5212 8654
5212 8653
5212 8652
5212 8651
5212 8650
5212 8649
5212 8648
5212 8647
5212 8646
5212 8645
5212 8644
5212 8643
5212 8642
5212 8641
5211 8640
5211 8639
5211 8638
5211 8637
5210 8636
5210 8635
5210 8634
5210 8633
5210 8632
5210 8631
5210 8630
5210 8629
5210 8628
5210 8627
5210 8626
5210 8625
5210 8624
5210 8623
5210 8622
5210 8621
5210 8620
5210 8619
5210 8618
5210 8617
5210 8616
5210 8615
5210 8614
5210 8613
5210 8612
5210 8611
5210 8610
5210 8609
5210 8608
5210 8607
5210 8606
5210 8605
5210 8604
5210 8603
5210 8602
5210 8601
5210 8600
5210 8599
5211 8598
5211 8597
5211 8596
5211 8595
5212 8594
5212 8593
5212 8592
5212 8591
5212 8590
5212 8589
5212 8588
5212 8587
5212 8586
5212 8585
5212 8584
5212 8583
5212 8582
5212 8581
5212 8580
5212 8579
5212 8578
5212 8577
5212 8576
5212 8575
5212 8574
5212 8573
5212 8572
5212 8571
5212 8570
5212 8569
5211 8568
5211 8567
5211 8566
5211 8565
5210 8564
5210 8563
5209 8562
5209 8561
5209 8560
5209 8559
5208 8558
5208 8557
5208 8556
5208 8555
5208 8554
5208 8553
5208 8552
5208 8551
5208 8550
5208 8549
5208 8548
5208 8547
5208 8546
5208 8545
5208 8544
5208 8543
5208 8542
5208 8541
5208 8540
5208 8539
5208 8538
5208 8537
5207 8536
5207 8535
5207 8534
5207 8533
5206 8532
5206 8531
5206 8530
5206 8529
5206 8528
5206 8527
5206 8526
5206 8525
5205 8524
5205 8523
5205 8522
5205 8521
5204 8520
5204 8519
5204 8518
5204 8517
5204 8516
5204 8515
5204 8514
5204 8513
5204 8512
5204 8511
5204 8510
5204 8509
5204 8508
5204 8507
5204 8506
5204 8505
5204 8504
5204 8503
5204 8502
5204 8501
5204 8500
5204 8499
5204 8498
5204 8497
5203 8496
5203 8495
5203 8494
5203 8493
5202 8492
5202 8491
5202 8490
5202 8489
5202 8488
5202 8487
5201 8486
5201 8485
5201 8484
5201 8483
5200 8482
5199 8481
5199 8480
5199 8479
5198 8478
5198 8477
5197 8476
5197 8475
5197 8474
5197 8473
5196 8472
5196 8471
5195 8470
5195 8469
5195 8468
5195 8467
5194 8466
5193 8465
5193 8464
5193 8463
5192 8462
5192 8461
5192 8460
5192 8459
5191 8458
5191 8457
5191 8456
5191 8455
5190 8454
5190 8453
5190 8452
5190 8451
5190 8450
5190 8449
5190 8448
5190 8447
5189 8446
5189 8445
5189 8444
5189 8443
5188 8442
5188 8441
5188 8440
5188 8439
5187 8438
5187 8437
5187 8436
5187 8435
5186 8434
5186 8433
5186 8432
5186 8431
5185 8430
5185 8429
5185 8428
5185 8427
5184 8426
5184 8425
5183 8424
5183 8423
5183 8422
5183 8421
5182 8420
5182 8419
5182 8418
5182 8417
5182 8416
5182 8415
5182 8414
5182 8413
5182 8412
5182 8411
5182 8410
5182 8409
5182 8408
5182 8407
5182 8406
5182 8405
5182 8404
5182 8403
5182 8402
5182 8401
5182 8400
5182 8399
5182 8398
5182 8397
5182 8396
5182 8395
5182 8394
5182 8393
5182 8392
5182 8391
5182 8390
5182 8389
5182 8388
5182 8387
5182 8386
5182 8385
5181 8384
5181 8383
5181 8382
5181 8381
5180 8380
5180 8379
5180 8378
5180 8377
5180 8376
5180 8375
5180 8374
5180 8373
5180 8372
5180 8371
5180 8370
5180 8369
5180 8368
5180 8367
5180 8366
5180 8365
5180 8364
5180 8363
5180 8362
5180 8361
5180 8360
5180 8359
5180 8358
5180 8357
5180 8356
5180 8355
5180 8354
5180 8353
5181 8352
5181 8351
5181 8350
5181 8349
5182 8348
5182 8347
5182 8346
5182 8345
5183 8344
5183 8343
5183 8342
5183 8341
5184 8340
5184 8339
5184 8338
5184 8337
5184 8336
5184 8335
5184 8334
5184 8333
5184 8332
5184 8331
5184 8330
5184 8329
5184 8328
5184 8327
5184 8326
5184 8325
5184 8324
5184 8323
5184 8322
5184 8321
5184 8320
5184 8319
5184 8318
5184 8317
5184 8316
5184 8315
5184 8314
5184 8313
5184 8312
5184 8311
5184 8310
5184 8309
5184 8308
5184 8307
5183 8306
5183 8305
5183 8304
5183 8303
5182 8302
5182 8301
5181 8300
5181 8299
5181 8298
5181 8297
5180 8296
5180 8295
5180 8294
5180 8293
5180 8292
5180 8291
5180 8290
5180 8289
5180 8288
5180 8287
5179 8286
5179 8285
5179 8284
5179 8283
5178 8282
5178 8281
5177 8280
5177 8279
5177 8278
5177 8277
5176 8276
5176 8275
5176 8274
5176 8273
5176 8272
5176 8271
5176 8270
5176 8269
5176 8268
5176 8267
5175 8266
5175 8265
5174 8264
5174 8263
5173 8262
5173 8261
5172 8260
5171 8259
5171 8258
5171 8257
5170 8256
5169 8255
5168 8254
5167 8253
5167 8252
5166 8252
5165 8251
5165 8250
5164 8250
5163 8249
5163 8248
5162 8248
5161 8247
5161 8246
5160 8246
5159 8245
5158 8244
5157 8243
5156 8242
5155 8242
5154 8242
5153 8241
5152 8240
5151 8240
5150 8240
5149 8240
5148 8239
5147 8239
5146 8238
5145 8238
5144 8237
5143 8237
5142 8236
5141 8235
5140 8234
5139 8234
5138 8234
5137 8234
5136 8233
5135 8233
5134 8233
5133 8233
5132 8233
5131 8233
5130 8232
5129 8232
5128 8232
5127 8232
5126 8231
5125 8231
5124 8231
5123 8231
5122 8230
5121 8230
5120 8229
5119 8229
5118 8228
5117 8227
5116 8226
5115 8226
5114 8225
5113 8225
5112 8224
5111 8224
5110 8223
5109 8223
5108 8223
5107 8223
5106 8222
5105 8222
5104 8222
5103 8221
5102 8220
5101 8219
5100 8218
5100 8217
5099 8216
5099 8215
5098 8214
5097 8213
5096 8212
5095 8212
5094 8212
5093 8211
5092 8210
5091 8210
5090 8209
5089 8208
5088 8208
5087 8207
5087 8206
5086 8205
5085 8204
5085 8203
5084 8202
5084 8201
5084 8200
5084 8199
5083 8198
5083 8197
5083 8196
5083 8195
5082 8194
5082 8193
5082 8192
5082 8191
5082 8190
5082 8189
5082 8188
5082 8187
5082 8186
5082 8185
5082 8184
5082 8183
5082 8182
5082 8181
5082 8180
5082 8179
5081 8178
5081 8177
5081 8176
5081 8175
5080 8174
5080 8173
5079 8172
5079 8171
5078 8170
5078 8169
5077 8168
5077 8167
5076 8166
5075 8165
5074 8164
5074 8163
5073 8162
5073 8161
5072 8160
5071 8159
5070 8158
5070 8157
5069 8156
5069 8155
5068 8154
5067 8153
5066 8152
5065 8151
5065 8150
5064 8150
5063 8149
5063 8148
5062 8148
5061 8147
5061 8146
5060 8146
5059 8145
5059 8144
5058 8144
5057 8143
5056 8142
5055 8141
5054 8140
5053 8140
5052 8140
5051 8139
5050 8138
5049 8138
5048 8137
5047 8137
5046 8136
5045 8135
5044 8134
5043 8134
5042 8133
5041 8133
5040 8132
5039 8132
5038 8131
5037 8131
5036 8130
5035 8130
5034 8130
5033 8130
5032 8129
5031 8129
5030 8129
5029 8129
5028 8128
5027 8128
5026 8128
5025 8127
5024 8126
5023 8126
5022 8125
5021 8125
5020 8124
5019 8123
5018 8122
5017 8122
5016 8121
5015 8121
5014 8120
5013 8120
5012 8119
5011 8119
5010 8119
5009 8119
5008 8119
5007 8119
5006 8119
5005 8119
5004 8118
5003 8118
5002 8118
5001 8117
5000 8116
4999 8116
4998 8116
4997 8116
4996 8115
4995 8115
4994 8115
4993 8115
4992 8115
4991 8115
4990 8114
4989 8114
4988 8114
4987 8114
4986 8113
4985 8113
4984 8113
4983 8113
4982 8113
4981 8113
4980 8112
4979 8112
4978 8112
4977 8111
4976 8110
4975 8110
4974 8110
4973 8109
4972 8108
4971 8108
4970 8107
4969 8106
4968 8106
4967 8105
4967 8104
4966 8104
4965 8103
4965 8102
4964 8102
4963 8101
4963 8100
4962 8100
4961 8099
4960 8098
4959 8098
4958 8097
4957 8097
4956 8097
4955 8097
4954 8097
4953 8097
4952 8097
4951 8097
4950 8098
4949 8098
4948 8098
4947 8098
4946 8099
4945 8099
4944 8099
4943 8099
4942 8100
4941 8100
4940 8100
4939 8100
4938 8101
4937 8101
4936 8101
4935 8101
4934 8100
4933 8100
4932 8099
4931 8099
4930 8098
4929 8098
4928 8097
4927 8097
4926 8098
4925 8098
4924 8098
4923 8098
4922 8099
4921 8100
4920 8100
4919 8100
4918 8101
4917 8101
4916 8101
4915 8101
4914 8101
4913 8101
4912 8101
4911 8101
4910 8101
4909 8101
4908 8101
4907 8101
4906 8102
4905 8102
4904 8103
4903 8103
4902 8104
4901 8104
4900 8105
4899 8105
4898 8105
4897 8105
4896 8105
4895 8105
4894 8105
4893 8105
4892 8105
4891 8105
4890 8105
4889 8105
4888 8105
4887 8105
4886 8105
4885 8105
4884 8105
4883 8105
4882 8105
4881 8105
4880 8106
4879 8106
4878 8107
4877 8107
4876 8108
4875 8108
4874 8108
4873 8108
4872 8108
4871 8108
4870 8107
4869 8107
4868 8107
4867 8107
4866 8107
4865 8107
4864 8107
4863 8107
4862 8108
4861 8108
4860 8108
4859 8108
4858 8109
4857 8109
4856 8109
4855 8109
4854 8109
4853 8109
4852 8109
4851 8109
4850 8109
4849 8109
4848 8108
4847 8108
4846 8108
4845 8108
4844 8107
4843 8107
4842 8107
4841 8107
4840 8107
4839 8107
4838 8107
4837 8107
4836 8107
4835 8107
4834 8106
4833 8106
4832 8106
4831 8106
4830 8105
4829 8105
4828 8104
4827 8104
4826 8103
4825 8103
4824 8102
4823 8101
4822 8100
4821 8100
4820 8099
4819 8099
4818 8098
4817 8098
4816 8097
4815 8097
4814 8097
4813 8097
4812 8096
4811 8096
4810 8096
4809 8096
4808 8095
4807 8095
4806 8095
4805 8095
4804 8094
4803 8094
4802 8094
4801 8094
4800 8093
4799 8093
4798 8093
4797 8093
4796 8093
4795 8093
4794 8093
4793 8093
4792 8093
4791 8093
4790 8093
4789 8093
4788 8093
4787 8093
4786 8093
4785 8093
4784 8092
4783 8092
4782 8092
4781 8092
4780 8091
4779 8091
4778 8090
4777 8090
4776 8090
4775 8089
4774 8088
4773 8088
4772 8087
4771 8087
4770 8086
4769 8086
4768 8085
4767 8085
4766 8086
4765 8086
4764 8086
4763 8086
4762 8087
4761 8087
4760 8087
4759 8087
4758 8087
4757 8087
4756 8087
4755 8087
4754 8087
4753 8087
4752 8087
4751 8087
4750 8087
4749 8087
4748 8087
4747 8087
4746 8087
4745 8087
4744 8087
4743 8087
4742 8087
4741 8087
4740 8087
4739 8087
4738 8087
4737 8087
4736 8087
4735 8087
4734 8087
4733 8087
4732 8086
4731 8086
4730 8086
4729 8085
4728 8084
4727 8084
4726 8083
4725 8082
4724 8082
4723 8081
4723 8080
4722 8080
4721 8079
4721 8078
4720 8078
4719 8077
4719 8076
4718 8076
4717 8075
4717 8074
4716 8074
4715 8073
4715 8072
4714 8072
4713 8071
4713 8070
4712 8070
4711 8069
4710 8068
4709 8067
4708 8066
4707 8066
4706 8065
4705 8065
4704 8064
4703 8064
4702 8063
4701 8063
4700 8063
4699 8063
4698 8062
4697 8062
4696 8062
4695 8062
4694 8061
4693 8061
4692 8061
4691 8061
4690 8060
4689 8060
4688 8060
4687 8059
4686 8058
4685 8058
4684 8058
4683 8058
4682 8057
4681 8057
4680 8057
4679 8057
4678 8056
4677 8056
4676 8056
4675 8056
4674 8055
4673 8055
4672 8056
4671 8056
4670 8056
4669 8056
4668 8057
4667 8058
4666 8058
4665 8058
4664 8059
4663 8059
4662 8059
4661 8059
4660 8058
4659 8058
4658 8058
4657 8058
4656 8057
4655 8057
4654 8057
4653 8057
4652 8057
4651 8057
4650 8057
4649 8057
4648 8057
4647 8057
4646 8057
4645 8057
4644 8057
4643 8057
4642 8057
4641 8057
4640 8057
4639 8057
4638 8057
4637 8057
4636 8057
4635 8057
4634 8056
4633 8056
4632 8056
4631 8055
4630 8054
4629 8054
4628 8054
4627 8054
4626 8053
4625 8053
4624 8053
4623 8053
4622 8053
4621 8053
4620 8053
4619 8053
4618 8053
4617 8053
4616 8053
4615 8053
4614 8054
4613 8054
4612 8054
4611 8054
4610 8055
4609 8055
4608 8055
4607 8055
4606 8055
4605 8055
4604 8055
4603 8055
4602 8055
4601 8055
4600 8055
4599 8055
4598 8055
4597 8055
4596 8055
4595 8055
4594 8055
4593 8055
4592 8055
4591 8055
4590 8055
4589 8055
4588 8055
4587 8055
4586 8055
4585 8055
4584 8054
4583 8054
4582 8054
4581 8054
4580 8053
4579 8053
4578 8053
4577 8053
4576 8053
4575 8053
4574 8052
4573 8052
4572 8052
4571 8052
4570 8051
4569 8051
4568 8051
4567 8051
4566 8050
4565 8050
4564 8050
4563 8049
4562 8048
4561 8048
4560 8048
4559 8048
4558 8047
4557 8047
4556 8046
4555 8046
4554 8046
4553 8046
4552 8045
4551 8045
4550 8045
4549 8045
4548 8044
4547 8044
4546 8044
4545 8043
4544 8042
4543 8041
4542 8040
4541 8039
4540 8038
4539 8038
4538 8037
4537 8037
4536 8037
4535 8037
4534 8037
4533 8037
4532 8037
4531 8037
4530 8037
4529 8037
4528 8037
4527 8037
4526 8037
4525 8037
4524 8037
4523 8037
4522 8037
4521 8037
4520 8037
4519 8037
4518 8037
4517 8037
4516 8036
4515 8036
4514 8036
4513 8036
4512 8035
4511 8035
4510 8035
4509 8035
4508 8035
4507 8035
4506 8035
4505 8035
4504 8035
4503 8035
4502 8035
4501 8035
4500 8035
4499 8035
4498 8035
4497 8035
4496 8035
4495 8035
4494 8034
4493 8034
4492 8034
4491 8033
4490 8032
4489 8032
4488 8031
4487 8031
4486 8030
4485 8030
4484 8029
4483 8029
4482 8029
4481 8029
4480 8029
4479 8029
4478 8029
4477 8029
4476 8029
4475 8029
4474 8029
4473 8029
4472 8029
4471 8029
4470 8029
4469 8029
4468 8028
4467 8028
4466 8028
4465 8027
4464 8026
4463 8026
4462 8026
4461 8025
4460 8024
4459 8024
4458 8024
4457 8024
4456 8023
4455 8023
4454 8022
4453 8022
4452 8022
4451 8021
4450 8020
4449 8020
4448 8020
4447 8020
4446 8019
4445 8019
4444 8019
4443 8019
4442 8018
4441 8018
4440 8018
4439 8018
4438 8017
4437 8017
4436 8017
4435 8017
4434 8017
4433 8017
4432 8017
4431 8017
4430 8017
4429 8017
4428 8016
4427 8016
4426 8016
4425 8015
4424 8014
4423 8014
4422 8014
4421 8014
4420 8013
4419 8013
4418 8013
4417 8013
4416 8013
4415 8013
4414 8012
4413 8012
4412 8012
4411 8012
4410 8011
4409 8011
4408 8010
4407 8010
4406 8010
4405 8010
4404 8009
4403 8009
4402 8009
4401 8009
4400 8009
4399 8009
4398 8009
4397 8009
4396 8009
4395 8009
4394 8008
4393 8008
4392 8008
4391 8008
4390 8008
4389 8008
4388 8008
4387 8008
4386 8009
4385 8009
4384 8009
4383 8009
4382 8008
4381 8008
4380 8008
4379 8007
4378 8006
4377 8006
4376 8006
4375 8005
4374 8004
4373 8004
4372 8003
4371 8003
4370 8002
4369 8002
4368 8001
4367 8001
4366 8001
4365 8001
4364 8000
4363 8000
4362 7999
4361 7998
4360 7998
4359 7997
4358 7996
4357 7996
4356 7995
4355 7995
4354 7994
4353 7994
4352 7994
4351 7993
4350 7992
4349 7992
4348 7991
4347 7991
4346 7990
4345 7990
4344 7989
4343 7989
4342 7989
4341 7989
4340 7989
4339 7989
4338 7989
4337 7989
4336 7989
4335 7989
4334 7989
4333 7989
4332 7988
4331 7988
4330 7987
4329 7987
4328 7986
4327 7985
4326 7984
4325 7984
4324 7984
4323 7984
4322 7983
4321 7983
4320 7983
4319 7983
4318 7982
4317 7982
4316 7981
4315 7981
4314 7980
4313 7980
4312 7979
4311 7979
4310 7978
4309 7978
4308 7978
4307 7978
4306 7977
4305 7977
4304 7976
4303 7976
4302 7976
4301 7975
4300 7974
4299 7974
4298 7974
4297 7974
4296 7973
4295 7973
4294 7973
4293 7973
4292 7973
4291 7973
4290 7973
4289 7973
4288 7973
4287 7973
4286 7972
4285 7972
4284 7971
4283 7970
4282 7970
4281 7969
4281 7968
4280 7968
4279 7967
4278 7966
4277 7966
4276 7965
4275 7965
4274 7964
4273 7964
4272 7964
4271 7964
4270 7963
4269 7963
4268 7962
4267 7962
4266 7962
4265 7962
4264 7961
4263 7961
4262 7961
4261 7961
4260 7961
4259 7961
4258 7961
4257 7961
4256 7960
4255 7960
4254 7960
4253 7960
4252 7959
4251 7959
4250 7959
4249 7959
4248 7959
4247 7959
4246 7959
4245 7959
4244 7959
4243 7959
4242 7959
4241 7959
4240 7959
4239 7959
4238 7959
4237 7959
4236 7958
4235 7958
4234 7957
4233 7957
4232 7956
4231 7955
4230 7954
4229 7954
4228 7954
4227 7954
4226 7953
4225 7953
4224 7953
4223 7953
4222 7952
4221 7952
4220 7952
4219 7952
4218 7951
4217 7951
4216 7951
4215 7951
4214 7951
4213 7951
4212 7951
4211 7951
4210 7951
4209 7951
4208 7951
4207 7951
4206 7951
4205 7951
4204 7951
4203 7951
4202 7951
4201 7951
4200 7950
4199 7950
4198 7950
4197 7950
4196 7949
4195 7949
4194 7949
4193 7949
4192 7949
4191 7949
4190 7949
4189 7949
4188 7948
4187 7948
4186 7948
4185 7947
4184 7946
4183 7946
4182 7946
4181 7946
4180 7945
4179 7945
4178 7945
4177 7945
4176 7945
4175 7945
4174 7945
4173 7945
4172 7945
4171 7945
4170 7945
4169 7945
