163 1386
162 1387
161 1388
161 1389
160 1390
160 1391
159 1392
159 1393
158 1394
158 1395
158 1396
158 1397
158 1398
158 1399
157 1400
157 1401
156 1402
156 1403
155 1404
155 1405
155 1406
154 1407
154 1408
154 1409
154 1410
154 1411
154 1412
154 1413
154 1414
154 1415
154 1416
153 1417
154 1418
154 1419
155 1420
156 1420
157 1421
157 1422
157 1423
158 1424
157 1425
157 1426
157 1427
157 1428
158 1429
159 1430
160 1431
161 1432
161 1433
161 1434
162 1435
162 1436
162 1437
162 1438
162 1439
161 1440
160 1441
160 1442
160 1443
160 1444
160 1445
160 1446
161 1447
162 1448
163 1449
164 1450
165 1451
165 1452
166 1453
166 1454
166 1455
166 1456
167 1457
167 1458
168 1459
168 1460
168 1461
168 1462
168 1463
168 1464
168 1465
168 1466
168 1467
168 1468
168 1469
168 1470
168 1471
168 1472
167 1473
167 1474
166 1475
166 1476
166 1477
166 1478
166 1479
167 1480
167 1481
168 1482
168 1483
169 1484
169 1485
169 1486
170 1487
170 1488
170 1489
170 1490
170 1491
170 1492
170 1493
170 1494
170 1495
170 1496
170 1497
170 1498
170 1499
170 1500
170 1501
170 1502
170 1503
170 1504
170 1505
170 1506
170 1507
170 1508
170 1509
170 1510
171 1511
171 1512
171 1513
171 1514
172 1515
173 1516
173 1517
173 1518
173 1519
173 1520
174 1521
174 1522
174 1523
175 1524
176 1525
177 1526
178 1527
179 1528
180 1528
181 1528
182 1529
183 1529
184 1529
185 1529
186 1529
187 1530
188 1530
189 1530
190 1531
191 1531
192 1532
193 1532
194 1532
195 1533
196 1533
197 1534
198 1534
199 1534
200 1534
201 1535
202 1535
203 1536
204 1536
205 1536
206 1537
207 1537
208 1537
209 1538
210 1538
211 1539
212 1539
213 1540
214 1540
215 1540
216 1540
217 1540
218 1539
219 1539
220 1538
221 1538
222 1538
223 1537
224 1537
225 1537
226 1537
227 1536
228 1536
229 1536
230 1535
231 1534
232 1533
233 1533
234 1533
235 1533
236 1532
237 1532
238 1532
239 1532
240 1531
241 1531
242 1531
243 1530
244 1530
245 1529
246 1529
247 1529
248 1528
249 1528
250 1527
251 1527
252 1527
253 1527
254 1527
255 1527
256 1527
257 1527
258 1527
259 1527
260 1527
261 1527
262 1527
263 1527
264 1528
265 1528
266 1528
267 1529
268 1529
269 1529
270 1529
271 1528
272 1528
273 1528
274 1527
275 1526
276 1525
277 1524
277 1523
278 1522
279 1521
280 1520
281 1519
282 1519
283 1519
284 1518
285 1517
286 1517
287 1517
288 1517
289 1516
290 1516
291 1515
292 1514
293 1514
294 1514
294 1513
294 1512
294 1511
294 1510
294 1509
293 1508
293 1507
293 1506
293 1505
293 1504
294 1503
295 1502
295 1501
296 1500
297 1500
298 1500
299 1500
300 1501
301 1501
302 1501
303 1500
304 1500
305 1500
306 1499
307 1499
308 1498
309 1498
310 1497
311 1496
312 1496
313 1495
314 1494
315 1493
316 1492
317 1491
318 1490
318 1489
319 1488
319 1487
320 1486
320 1485
320 1484
321 1483
321 1482
322 1481
322 1480
322 1479
322 1478
322 1477
322 1476
322 1475
322 1474
322 1473
321 1472
321 1471
320 1470
320 1469
320 1468
320 1467
320 1466
320 1465
319 1464
318 1463
318 1462
318 1461
317 1460
317 1459
317 1458
317 1457
317 1456
317 1455
318 1454
317 1453
316 1454
315 1454
314 1454
313 1454
312 1453
311 1452
311 1451
311 1450
310 1449
309 1448
308 1447
307 1447
306 1447
305 1447
304 1447
303 1447
302 1446
301 1446
300 1445
299 1444
298 1443
297 1443
296 1442
295 1441
295 1440
294 1439
293 1438
292 1437
291 1436
290 1436
289 1436
288 1436
287 1436
286 1436
285 1436
284 1435
283 1435
282 1435
281 1435
280 1435
279 1435
278 1435
277 1435
276 1436
275 1436
274 1436
273 1436
272 1436
271 1435
270 1434
269 1434
268 1434
267 1434
266 1434
265 1434
264 1433
263 1432
262 1431
261 1430
260 1430
259 1430
258 1430
257 1430
256 1429
255 1429
254 1428
253 1428
252 1427
251 1427
250 1427
249 1426
248 1426
247 1426
246 1426
245 1426
244 1426
243 1426
242 1426
241 1426
240 1426
239 1426
238 1426
237 1426
236 1426
235 1426
234 1426
233 1425
232 1425
231 1425
230 1425
229 1425
228 1425
227 1425
226 1425
225 1425
224 1425
223 1425
222 1425
221 1425
220 1425
219 1425
218 1425
217 1425
216 1424
215 1424
214 1424
213 1423
212 1422
211 1421
210 1420
209 1420
208 1420
207 1419
206 1419
205 1418
204 1417
203 1416
202 1416
201 1415
200 1415
199 1414
199 1413
198 1413
197 1412
196 1412
195 1411
194 1410
193 1409
193 1408
192 1407
191 1406
190 1405
189 1404
188 1403
187 1403
186 1402
185 1402
184 1401
183 1400
182 1400
181 1399
180 1398
179 1397
178 1396
177 1395
176 1394
175 1393
174 1392
173 1392
172 1391
172 1390
171 1389
170 1388
169 1388
168 1387
167 1387
166 1387
165 1386
164 1386
163 1386
