1327 227
1326 228
1325 228
1324 228
1323 229
1322 230
1321 230
1320 230
1319 230
1318 231
1317 231
1316 231
1315 232
1314 232
1313 232
1312 232
1311 232
1310 232
1309 232
1308 232
1307 233
1306 234
1305 235
1304 236
1303 236
1302 237
1301 238
1300 238
1299 239
1298 240
1297 241
1296 241
1295 242
1294 242
1293 243
1292 244
1291 245
1291 246
1290 247
1291 248
1291 249
1291 250
1292 251
1292 252
1292 253
1293 254
1294 254
1295 254
1296 254
1297 255
1298 255
1299 256
1300 256
1301 256
1302 257
1303 257
1304 257
1305 258
1306 258
1307 258
1308 258
1309 258
1310 259
1311 259
1312 259
1313 259
1314 259
1315 259
1316 260
1317 260
1318 260
1319 261
1320 261
1321 261
1322 262
1323 262
1324 262
1325 262
1326 262
1327 262
1328 262
1329 263
1330 263
1331 263
1332 263
1333 264
1334 265
1335 265
1336 265
1337 265
1338 265
1339 265
1340 264
1341 263
1342 262
1343 261
1344 260
1345 259
1345 258
1346 257
1347 256
1348 255
1349 254
1350 253
1351 252
1351 251
1352 250
1352 249
1352 248
1352 247
1352 246
1352 245
1352 244
1352 243
1352 242
1351 241
1351 240
1351 239
1350 238
1349 237
1348 236
1347 235
1346 235
1345 234
1344 234
1343 233
1342 233
1341 233
1340 232
1339 232
1338 232
1337 231
1336 231
1335 230
1334 229
1333 228
1332 228
1331 228
1330 227
1329 227
1328 227
1327 227
