1237 229
1236 230
1235 231
1234 232
1234 233
1234 234
1234 235
1234 236
1234 237
1234 238
1234 239
1233 240
1233 241
1233 242
1232 243
1232 244
1232 245
1232 246
1232 247
1232 248
1232 249
1231 250
1231 251
1231 252
1231 253
1231 254
1231 255
1230 256
1230 257
1230 258
1230 259
1230 260
1231 261
1232 262
1233 263
1234 264
1234 265
1235 265
1236 266
1236 267
1237 268
1238 269
1238 270
1239 271
1240 272
1240 273
1241 274
1242 275
1242 276
1243 277
1244 278
1245 279
1246 280
1247 281
1248 282
1249 282
1250 282
1251 283
1252 283
1253 284
1254 284
1255 285
1256 285
1257 286
1258 286
1259 287
1260 287
1261 287
1262 288
1263 288
1264 289
1265 289
1266 290
1267 290
1268 291
1269 291
1270 291
1271 291
1272 292
1273 292
1274 292
1275 293
1276 293
1277 293
1278 293
1279 294
1280 294
1281 294
1282 295
1283 295
1284 295
1285 295
1286 294
1287 294
1288 294
1289 294
1290 295
1291 295
1292 295
1293 295
1294 295
1295 296
1296 296
1297 296
1298 296
1299 296
1300 297
1301 297
1302 297
1303 298
1304 298
1305 298
1306 298
1307 298
1308 297
1309 296
1310 296
1311 296
1312 296
1313 296
1314 296
1315 296
1316 297
1317 297
1318 297
1319 298
1320 298
1321 298
1322 298
1323 298
1324 298
1325 298
1326 298
1327 298
1328 298
1329 298
1330 298
1331 298
1332 298
1333 298
1334 298
1335 298
1336 298
1337 298
1338 298
1339 298
1340 298
1341 299
1342 299
1343 299
1344 299
1345 299
1346 299
1347 299
1348 299
1349 300
1350 300
1351 300
1352 300
1353 299
1354 299
1355 299
1356 299
1357 299
1358 299
1359 298
1360 298
1361 297
1362 296
1363 296
1364 296
1365 295
1366 294
1367 293
1368 292
1369 291
1370 290
1371 289
1372 288
1372 287
1373 286
1373 285
1374 284
1375 283
1376 282
1377 281
1378 280
1379 279
1380 278
1381 277
1382 276
1382 275
1383 274
1383 273
1383 272
1383 271
1383 270
1383 269
1383 268
1383 267
1383 266
1383 265
1383 264
1383 263
1383 262
1383 261
1382 260
1382 259
1381 258
1381 257
1381 256
1381 255
1380 254
1380 253
1379 252
1379 251
1379 250
1379 249
1378 248
1378 247
1377 247
1376 246
1376 245
1375 244
1374 243
1373 243
1372 242
1371 242
1370 241
1369 241
1368 240
1367 240
1366 239
1365 238
1364 237
1363 236
1362 235
1361 234
1360 234
1359 234
1358 233
1357 232
1356 232
1355 232
1354 232
1353 232
1352 232
1351 232
1350 232
1349 232
1348 232
1347 232
1346 232
1345 232
1344 232
1343 232
1342 232
1341 233
1340 234
1339 234
1338 235
1337 235
1336 236
1335 236
1334 236
1333 237
1332 237
1331 237
1330 237
1329 237
1328 237
1327 237
1326 237
1325 237
1324 237
1323 237
1322 238
1321 238
1320 238
1319 239
1318 239
1317 240
1316 240
1315 240
1314 241
1313 241
1312 241
1311 242
1310 242
1309 242
1308 242
1307 242
1306 242
1305 242
1304 242
1303 242
1302 242
1301 242
1300 242
1299 242
1298 241
1297 241
1296 241
1295 241
1294 240
1293 240
1292 239
1291 239
1290 238
1289 238
1288 238
1287 239
1286 239
1285 239
1284 239
1283 239
1282 239
1281 239
1280 239
1279 239
1278 239
1277 239
1276 239
1275 238
1274 238
1273 237
1272 237
1271 236
1270 236
1269 236
1268 235
1267 235
1266 235
1265 235
1264 235
1263 235
1262 235
1261 235
1260 235
1259 235
1258 235
1257 235
1256 234
1255 234
1254 234
1253 233
1252 233
1251 233
1250 232
1249 232
1248 232
1247 231
1246 231
1245 230
1244 230
1243 230
1242 230
1241 230
1240 230
1239 229
1238 229
1237 229
