517 250
516 251
515 251
514 251
513 252
512 252
511 253
510 253
509 253
508 253
507 254
506 255
505 255
504 255
503 255
502 256
501 256
500 257
499 258
498 259
497 260
496 261
495 262
494 263
493 264
492 265
491 266
490 267
489 268
489 269
488 270
488 271
488 272
488 273
488 274
488 275
489 276
489 277
489 278
490 279
491 280
492 281
493 282
494 283
495 283
496 284
497 285
498 285
499 286
500 287
501 287
502 288
503 288
504 288
505 288
506 288
507 289
508 289
509 290
510 290
511 291
512 291
513 292
514 293
515 293
516 293
517 293
518 293
519 293
520 293
521 293
522 294
523 294
524 294
525 294
526 294
527 294
528 294
529 294
530 293
531 293
532 292
533 292
534 292
535 291
536 291
537 290
538 289
538 288
538 287
539 286
539 285
540 284
540 283
541 282
542 281
543 280
544 279
544 278
544 277
544 276
544 275
544 274
544 273
544 272
544 271
544 270
544 269
543 268
543 267
543 266
542 265
542 264
541 263
541 262
541 261
541 260
540 259
540 258
539 257
539 256
538 255
537 254
536 253
535 253
534 253
533 253
532 252
531 252
530 251
529 251
528 251
527 250
526 250
525 250
524 250
523 250
522 250
521 250
520 250
519 250
518 250
517 250
