252 1410
251 1411
250 1411
249 1411
248 1411
247 1411
246 1411
245 1411
244 1411
243 1411
242 1411
241 1411
240 1411
239 1411
238 1411
237 1412
236 1413
235 1413
234 1413
233 1413
232 1413
231 1414
230 1414
229 1414
228 1415
227 1415
226 1415
225 1416
224 1416
223 1417
222 1418
221 1418
220 1418
219 1418
218 1419
217 1420
216 1420
215 1421
214 1421
213 1422
212 1423
211 1423
210 1423
209 1423
208 1423
207 1424
206 1424
205 1424
204 1425
203 1425
202 1426
201 1426
200 1427
199 1428
198 1428
197 1429
196 1429
195 1430
194 1430
193 1431
192 1431
191 1432
190 1432
189 1432
188 1432
187 1432
186 1432
185 1433
184 1433
183 1433
182 1434
181 1434
180 1435
179 1436
178 1436
177 1436
176 1436
175 1436
174 1436
173 1436
172 1436
171 1437
170 1438
169 1438
168 1438
167 1439
166 1439
165 1440
164 1440
163 1441
162 1442
161 1443
160 1443
159 1444
158 1444
157 1445
156 1446
155 1447
154 1447
153 1448
152 1449
151 1449
150 1450
149 1451
148 1451
147 1452
146 1453
145 1454
144 1454
143 1455
142 1455
141 1455
140 1456
139 1456
138 1457
137 1458
136 1458
135 1459
134 1460
133 1460
132 1461
131 1461
130 1461
129 1462
128 1463
127 1464
126 1465
125 1466
124 1467
123 1467
122 1468
121 1469
120 1469
119 1470
118 1471
117 1471
116 1472
115 1473
114 1474
113 1474
112 1474
111 1474
110 1475
109 1475
108 1475
107 1476
106 1476
105 1476
104 1477
103 1477
102 1478
101 1478
100 1479
99 1480
98 1480
97 1481
97 1482
96 1483
96 1484
95 1485
95 1486
96 1487
97 1488
98 1489
99 1489
100 1489
101 1489
102 1489
103 1489
104 1490
105 1490
106 1491
107 1491
108 1491
109 1492
110 1492
111 1492
112 1493
113 1493
114 1493
115 1493
116 1494
117 1494
118 1494
119 1494
120 1494
121 1495
122 1495
123 1495
124 1495
125 1495
126 1496
127 1496
128 1496
129 1497
130 1497
131 1497
132 1497
133 1497
134 1497
135 1497
136 1497
137 1498
138 1498
139 1499
140 1499
141 1499
142 1499
143 1499
144 1500
145 1500
146 1500
147 1500
148 1500
149 1500
150 1501
151 1501
152 1501
153 1502
154 1502
155 1502
156 1502
157 1502
158 1502
159 1502
160 1502
161 1502
162 1502
163 1502
164 1502
165 1502
166 1502
167 1502
168 1502
169 1502
170 1502
171 1502
172 1502
173 1502
174 1502
175 1502
176 1502
177 1502
178 1502
179 1502
180 1502
181 1502
182 1502
183 1502
184 1502
185 1502
186 1502
187 1502
188 1502
189 1502
190 1502
191 1502
192 1503
193 1503
194 1503
195 1502
196 1502
197 1502
198 1502
199 1502
200 1502
201 1502
202 1503
203 1503
204 1502
205 1502
206 1502
207 1502
208 1502
209 1503
210 1503
211 1503
212 1503
213 1502
214 1502
215 1502
216 1502
217 1502
218 1502
219 1502
220 1502
221 1502
222 1502
223 1502
224 1502
225 1503
226 1503
227 1503
228 1503
229 1503
230 1504
231 1504
232 1505
233 1505
234 1506
235 1506
236 1506
237 1507
238 1507
239 1507
240 1507
241 1507
242 1507
243 1507
244 1507
245 1507
246 1507
247 1507
248 1507
249 1507
250 1508
251 1508
252 1508
253 1508
254 1509
255 1509
256 1509
257 1509
258 1509
259 1509
260 1509
261 1509
262 1509
263 1509
264 1509
265 1509
266 1510
267 1510
268 1510
269 1510
270 1510
271 1510
272 1510
273 1510
274 1510
275 1510
276 1510
277 1510
278 1510
279 1511
280 1511
281 1511
282 1512
283 1512
284 1512
285 1512
286 1512
287 1512
288 1512
289 1512
290 1512
291 1512
292 1512
293 1512
294 1512
295 1512
296 1512
297 1512
298 1512
299 1512
300 1513
301 1513
302 1513
303 1513
304 1513
305 1513
306 1513
307 1513
308 1513
309 1513
310 1513
311 1513
312 1513
313 1513
314 1513
315 1513
316 1513
317 1513
318 1513
319 1513
320 1513
321 1513
322 1514
323 1514
324 1514
325 1514
326 1514
327 1514
328 1514
329 1514
330 1514
331 1514
332 1514
333 1514
334 1514
335 1515
336 1515
337 1515
338 1516
339 1516
340 1516
341 1517
342 1517
343 1517
344 1517
345 1517
346 1516
347 1516
348 1516
349 1515
350 1514
351 1513
352 1512
353 1512
354 1511
355 1511
356 1511
357 1510
358 1509
359 1508
360 1507
361 1506
362 1505
363 1504
363 1503
364 1502
364 1501
365 1500
366 1499
367 1498
368 1498
369 1497
370 1496
371 1495
372 1494
373 1493
374 1492
374 1491
375 1490
375 1489
376 1488
376 1487
376 1486
376 1485
376 1484
376 1483
375 1482
375 1481
374 1480
373 1479
372 1478
371 1477
370 1477
369 1477
368 1476
367 1475
366 1474
365 1473
364 1472
363 1471
362 1471
361 1470
360 1469
359 1469
358 1468
357 1467
356 1466
355 1465
354 1464
353 1463
352 1463
351 1462
350 1461
349 1461
348 1460
348 1459
347 1458
346 1457
345 1456
344 1455
343 1454
342 1453
341 1452
340 1451
339 1450
338 1450
337 1449
336 1449
335 1448
334 1448
333 1447
332 1446
331 1445
331 1444
330 1443
329 1442
328 1441
327 1440
326 1439
325 1438
324 1437
323 1436
322 1436
321 1436
320 1435
319 1435
318 1434
317 1434
316 1433
315 1432
314 1431
313 1431
312 1431
311 1430
310 1430
309 1429
308 1429
307 1428
306 1428
305 1428
304 1427
303 1426
302 1426
301 1426
300 1425
299 1425
298 1425
297 1424
296 1424
295 1424
294 1423
293 1423
292 1422
291 1421
290 1421
289 1421
288 1420
287 1420
286 1419
285 1419
284 1418
283 1418
282 1417
281 1417
280 1416
279 1416
278 1416
277 1416
276 1416
275 1416
274 1416
273 1416
272 1416
271 1416
270 1416
269 1416
268 1416
267 1415
266 1415
265 1415
264 1415
263 1415
262 1415
261 1415
260 1414
259 1414
258 1413
257 1413
256 1412
256 1411
255 1410
254 1410
253 1410
252 1410
