1437 1069
1436 1070
1435 1071
1434 1072
1433 1073
1433 1074
1433 1075
1433 1076
1433 1077
1433 1078
1432 1079
1432 1080
1432 1081
1432 1082
1432 1083
1432 1084
1431 1085
1431 1086
1430 1087
1430 1088
1430 1089
1429 1090
1429 1091
1429 1092
1429 1093
1429 1094
1429 1095
1429 1096
1429 1097
1430 1098
1430 1099
1431 1100
1432 1101
1433 1102
1434 1103
1435 1104
1436 1105
1436 1106
1437 1107
1437 1108
1437 1109
1438 1110
1438 1111
1439 1112
1440 1113
1440 1114
1440 1115
1441 1116
1441 1117
1441 1118
1441 1119
1441 1120
1441 1121
1442 1122
1442 1123
1443 1124
1444 1125
1444 1126
1445 1127
1445 1128
1445 1129
1446 1130
1446 1131
1446 1132
1446 1133
1446 1134
1446 1135
1446 1136
1446 1137
1446 1138
1446 1139
1446 1140
1446 1141
1446 1142
1446 1143
1445 1144
1445 1145
1445 1146
1444 1147
1444 1148
1444 1149
1444 1150
1444 1151
1444 1152
1444 1153
1445 1154
1445 1155
1446 1156
1447 1157
1448 1158
1449 1159
1450 1160
1451 1160
1452 1161
1453 1162
1454 1163
1455 1164
1456 1165
1457 1166
1458 1167
1459 1168
1460 1169
1461 1170
1461 1171
1461 1172
1462 1173
1462 1174
1462 1175
1462 1176
1462 1177
1462 1178
1461 1179
1461 1180
1460 1181
1459 1182
1458 1183
1457 1184
1456 1185
1455 1186
1454 1187
1453 1188
1452 1189
1451 1190
1450 1191
1450 1192
1449 1193
1449 1194
1449 1195
1449 1196
1449 1197
1449 1198
1449 1199
1448 1200
1448 1201
1448 1202
1448 1203
1448 1204
1448 1205
1448 1206
1449 1207
1449 1208
1450 1209
1450 1210
1450 1211
1451 1212
1451 1213
1452 1214
1453 1215
1454 1216
1455 1216
1456 1216
1457 1216
1458 1216
1459 1216
1460 1216
1461 1216
1462 1216
1463 1216
1464 1216
1465 1216
1466 1216
1467 1216
1468 1216
1469 1215
1470 1215
1471 1215
1472 1214
1473 1213
1474 1213
1475 1212
1476 1212
1477 1211
1478 1211
1479 1211
1480 1211
1481 1211
1482 1211
1483 1211
1484 1211
1485 1211
1486 1211
1487 1211
1488 1211
1489 1211
1490 1211
1491 1211
1492 1211
1493 1211
1494 1211
1495 1211
1496 1211
1497 1211
1498 1211
1499 1211
1500 1211
1501 1211
1502 1211
1503 1211
1504 1210
1505 1210
1506 1210
1507 1210
1508 1210
1509 1210
1510 1210
1511 1210
1512 1210
1513 1210
1514 1210
1515 1210
1516 1210
1517 1209
1518 1209
1519 1209
1520 1209
1521 1209
1522 1209
1523 1209
1524 1209
1525 1209
1526 1209
1527 1209
1528 1209
1529 1209
1530 1209
1531 1209
1532 1209
1533 1209
1534 1209
1535 1209
1536 1209
1537 1208
1538 1208
1539 1208
1540 1208
1541 1208
1542 1208
1543 1208
1544 1208
1545 1208
1546 1208
1547 1208
1548 1208
1549 1208
1550 1208
1551 1207
1552 1207
1553 1207
1554 1207
1555 1207
1556 1207
1557 1207
1558 1207
1559 1207
1560 1207
1561 1207
1562 1207
1563 1207
1564 1207
1565 1207
1566 1207
1567 1207
1568 1207
1569 1207
1570 1207
1571 1207
1572 1207
1573 1206
1574 1206
1575 1206
1576 1205
1577 1205
1578 1204
1579 1203
1580 1202
1581 1201
1582 1201
1583 1200
1584 1200
1585 1200
1586 1200
1587 1200
1588 1200
1589 1199
1590 1199
1591 1199
1592 1199
1593 1199
1594 1199
1595 1199
1596 1199
1597 1199
1598 1199
1599 1199
1600 1199
1601 1199
1602 1199
1603 1199
1604 1198
1605 1198
1606 1197
1607 1197
1608 1197
1609 1197
1610 1197
1611 1197
1612 1198
1613 1198
1614 1198
1615 1198
1616 1198
1617 1198
1618 1198
1619 1198
1620 1198
1621 1198
1622 1197
1623 1197
1624 1197
1625 1197
1626 1197
1627 1197
1628 1197
1629 1197
1630 1197
1631 1197
1632 1197
1633 1197
1634 1197
1635 1197
1636 1197
1637 1197
1638 1197
1639 1197
1640 1196
1641 1196
1642 1196
1643 1195
1644 1195
1645 1195
1646 1195
1647 1195
1648 1195
1649 1194
1650 1194
1651 1194
1652 1194
1653 1194
1654 1194
1655 1193
1656 1193
1657 1193
1658 1193
1659 1193
1660 1192
1661 1192
1662 1192
1663 1191
1664 1191
1665 1190
1666 1189
1667 1189
1668 1188
1669 1188
1670 1187
1671 1187
1672 1187
1673 1186
1674 1185
1675 1184
1676 1184
1677 1183
1678 1183
1679 1183
1680 1183
1681 1183
1682 1183
1683 1183
1684 1182
1685 1182
1686 1182
1687 1181
1688 1181
1689 1180
1690 1180
1691 1179
1692 1178
1693 1177
1694 1176
1694 1175
1695 1174
1695 1173
1696 1172
1696 1171
1696 1170
1696 1169
1696 1168
1696 1167
1696 1166
1696 1165
1695 1164
1695 1163
1694 1162
1693 1161
1693 1160
1693 1159
1693 1158
1693 1157
1693 1156
1692 1155
1692 1154
1692 1153
1691 1152
1691 1151
1690 1150
1690 1149
1690 1148
1689 1147
1688 1146
1687 1146
1686 1145
1685 1145
1684 1144
1683 1144
1682 1143
1681 1143
1680 1142
1679 1142
1678 1142
1677 1141
1676 1141
1675 1140
1674 1139
1673 1139
1672 1138
1671 1138
1670 1138
1669 1138
1668 1138
1667 1138
1666 1137
1665 1137
1664 1137
1663 1137
1662 1137
1661 1137
1660 1136
1659 1136
1658 1136
1657 1136
1656 1136
1655 1136
1654 1136
1653 1136
1652 1135
1651 1135
1650 1135
1649 1134
1648 1134
1647 1133
1646 1133
1645 1133
1644 1133
1643 1132
1642 1132
1641 1132
1640 1132
1639 1132
1638 1132
1637 1132
1636 1132
1635 1132
1634 1132
1633 1132
1632 1132
1631 1132
1630 1132
1629 1132
1628 1132
1627 1132
1626 1132
1625 1132
1624 1132
1623 1132
1622 1131
1621 1131
1620 1131
1619 1130
1618 1130
1617 1129
1616 1128
1615 1128
1614 1127
1613 1126
1612 1126
1611 1125
1610 1125
1609 1124
1608 1124
1607 1123
1606 1123
1605 1123
1604 1123
1603 1122
1602 1122
1601 1122
1600 1122
1599 1122
1598 1121
1597 1121
1596 1121
1595 1120
1594 1120
1593 1119
1592 1119
1591 1118
1590 1118
1589 1118
1588 1118
1587 1117
1586 1117
1585 1117
1584 1117
1583 1117
1582 1117
1581 1117
1580 1116
1579 1116
1578 1116
1577 1115
1576 1115
1575 1114
1574 1114
1573 1114
1572 1113
1571 1113
1570 1113
1569 1112
1568 1112
1567 1111
1566 1111
1565 1110
1564 1110
1563 1110
1562 1110
1561 1110
1560 1109
1559 1109
1558 1109
1557 1108
1556 1108
1555 1108
1554 1108
1553 1108
1552 1107
1551 1106
1550 1106
1549 1105
1548 1105
1547 1104
1546 1104
1545 1104
1544 1103
1543 1103
1542 1103
1541 1103
1540 1102
1539 1102
1538 1101
1537 1101
1536 1101
1535 1101
1534 1100
1533 1100
1532 1100
1531 1099
1530 1098
1529 1097
1528 1097
1527 1096
1526 1096
1525 1096
1524 1096
1523 1096
1522 1096
1521 1096
1520 1096
1519 1096
1518 1096
1517 1095
1516 1095
1515 1095
1514 1094
1513 1094
1512 1093
1511 1092
1510 1091
1509 1090
1508 1089
1507 1089
1506 1088
1505 1088
1504 1088
1503 1087
1502 1087
1501 1087
1500 1087
1499 1087
1498 1087
1497 1087
1496 1086
1495 1086
1494 1085
1493 1085
1492 1084
1491 1084
1490 1083
1489 1082
1488 1082
1487 1081
1486 1081
1485 1080
1484 1080
1483 1080
1482 1080
1481 1080
1480 1079
1479 1079
1478 1079
1477 1078
1476 1078
1475 1078
1474 1077
1473 1077
1472 1077
1471 1076
1470 1076
1469 1075
1469 1074
1468 1074
1467 1073
1466 1072
1465 1072
1464 1072
1463 1072
1462 1071
1461 1071
1460 1071
1459 1071
1458 1071
1457 1071
1456 1071
1455 1070
1454 1070
1453 1070
1452 1070
1451 1070
1450 1070
1449 1070
1448 1070
1447 1070
1446 1069
1445 1069
1444 1069
1443 1069
1442 1069
1441 1069
1440 1069
1439 1069
1438 1069
1437 1069
