1349 103
1348 104
1347 104
1346 104
1345 104
1344 104
1343 104
1342 104
1341 104
1340 104
1339 104
1338 104
1337 104
1336 104
1335 104
1334 104
1333 104
1332 104
1331 104
1330 104
1329 104
1328 104
1327 104
1326 104
1325 104
1324 104
1323 104
1322 104
1321 104
1320 104
1319 104
1318 104
1317 104
1316 105
1315 105
1314 105
1313 105
1312 105
1311 105
1310 105
1309 105
1308 105
1307 105
1306 106
1305 106
1304 106
1303 106
1302 106
1301 106
1300 107
1299 107
1298 107
1297 108
1296 108
1295 108
1294 109
1293 109
1292 109
1291 109
1290 109
1289 109
1288 109
1287 109
1286 109
1285 109
1284 109
1283 109
1282 109
1281 109
1280 110
1279 110
1278 110
1277 110
1276 110
1275 110
1274 110
1273 111
1272 111
1271 111
1270 111
1269 111
1268 111
1267 112
1266 112
1265 112
1264 113
1263 113
1262 113
1261 113
1260 113
1259 114
1258 114
1257 115
1256 115
1255 115
1254 115
1253 116
1252 116
1251 116
1250 117
1249 117
1248 117
1247 118
1246 118
1245 119
1244 119
1243 120
1243 121
1243 122
1243 123
1242 124
1242 125
1242 126
1242 127
1243 128
1244 129
1245 130
1246 131
1247 132
1248 133
1249 134
1250 135
1251 136
1252 137
1253 138
1254 139
1255 140
1256 141
1257 142
1258 143
1259 144
1260 145
1261 146
1262 146
1263 147
1264 148
1265 148
1266 149
1267 149
1268 149
1269 150
1270 150
1271 151
1272 151
1273 151
1274 151
1275 151
1276 152
1277 152
1278 152
1279 153
1280 153
1281 153
1282 153
1283 153
1284 153
1285 153
1286 153
1287 154
1288 154
1289 154
1290 154
1291 154
1292 154
1293 154
1294 154
1295 154
1296 154
1297 154
1298 154
1299 153
1300 153
1301 153
1302 153
1303 153
1304 153
1305 153
1306 153
1307 153
1308 153
1309 153
1310 153
1311 153
1312 153
1313 153
1314 153
1315 153
1316 153
1317 153
1318 153
1319 153
1320 153
1321 153
1322 152
1323 152
1324 151
1325 151
1326 151
1327 151
1328 151
1329 151
1330 151
1331 151
1332 151
1333 151
1334 151
1335 152
1336 152
1337 153
1338 153
1339 153
1340 153
1341 153
1342 153
1343 153
1344 153
1345 153
1346 153
1347 153
1348 152
1349 152
1350 152
1351 151
1352 151
1353 151
1354 151
1355 151
1356 150
1357 150
1358 149
1359 149
1360 149
1361 149
1362 149
1363 148
1364 147
1365 147
1366 146
1367 147
1368 147
1369 147
1370 148
1371 147
1372 147
1373 147
1374 146
1375 146
1376 146
1377 146
1378 145
1379 145
1380 145
1381 145
1382 145
1383 144
1384 144
1385 143
1385 142
1386 141
1386 140
1387 139
1387 138
1388 137
1389 136
1390 135
1391 134
1392 133
1393 132
1393 131
1394 130
1394 129
1394 128
1394 127
1393 126
1392 125
1391 124
1390 123
1390 122
1390 121
1390 120
1390 119
1390 118
1390 117
1390 116
1389 115
1389 114
1388 114
1387 113
1386 113
1385 113
1384 112
1383 111
1382 111
1381 111
1380 110
1379 110
1378 110
1377 110
1376 110
1375 110
1374 110
1373 110
1372 109
1371 109
1370 109
1369 108
1368 108
1367 108
1366 108
1365 108
1364 107
1363 107
1362 106
1361 106
1360 106
1359 105
1358 105
1357 105
1356 104
1355 104
1354 103
1353 103
1352 103
1351 103
1350 103
1349 103
