1485 147
1484 148
1483 148
1482 148
1481 149
1480 149
1479 149
1478 149
1477 149
1476 149
1475 149
1474 149
1473 149
1472 149
1471 149
1470 149
1469 149
1468 149
1467 149
1466 149
1465 149
1464 149
1463 150
1462 150
1461 150
1460 150
1459 150
1458 151
1457 151
1456 152
1455 152
1454 152
1453 152
1452 152
1451 152
1450 152
1449 152
1448 152
1447 152
1446 153
1445 153
1444 154
1443 154
1442 155
1441 155
1440 155
1439 155
1438 156
1437 157
1436 158
1435 159
1434 159
1433 159
1432 160
1431 160
1430 159
1429 159
1428 159
1427 158
1426 158
1425 158
1424 158
1423 158
1422 158
1421 158
1420 158
1419 158
1418 158
1417 158
1416 158
1415 158
1414 158
1413 158
1412 158
1411 158
1410 158
1409 158
1408 158
1407 158
1406 158
1405 158
1404 158
1403 158
1402 158
1401 158
1400 158
1399 158
1398 158
1397 159
1396 159
1395 159
1394 160
1393 160
1392 160
1391 160
1390 160
1389 160
1388 160
1387 160
1386 160
1385 160
1384 160
1383 160
1382 160
1381 160
1380 160
1379 160
1378 161
1377 161
1376 162
1375 162
1374 163
1373 164
1372 165
1371 165
1370 166
1369 166
1368 167
1367 168
1366 169
1365 170
1364 171
1364 172
1364 173
1364 174
1364 175
1364 176
1365 177
1366 178
1367 179
1368 180
1368 181
1369 182
1369 183
1369 184
1369 185
1370 186
1371 187
1371 188
1372 189
1373 190
1373 191
1374 192
1375 193
1376 194
1377 195
1378 196
1379 197
1379 198
1380 199
1380 200
1380 201
1380 202
1381 203
1381 204
1381 205
1381 206
1381 207
1382 208
1382 209
1382 210
1382 211
1382 212
1382 213
1382 214
1382 215
1382 216
1383 217
1383 218
1383 219
1384 220
1384 221
1384 222
1384 223
1384 224
1384 225
1384 226
1384 227
1384 228
1384 229
1385 230
1385 231
1386 232
1387 233
1387 234
1387 235
1387 236
1387 237
1387 238
1388 239
1388 240
1388 241
1389 242
1389 243
1390 244
1391 245
1392 246
1393 247
1394 248
1395 249
1395 250
1396 251
1397 252
1397 253
1398 254
1399 255
1400 256
1401 257
1402 258
1403 259
1404 260
1405 261
1406 262
1407 263
1408 264
1409 265
1410 266
1411 267
1412 268
1413 269
1414 270
1415 271
1416 271
1417 271
1418 272
1419 272
1420 272
1421 272
1422 272
1423 273
1424 273
1425 274
1426 275
1427 275
1428 276
1429 276
1430 276
1431 277
1432 277
1433 278
1434 279
1435 279
1436 280
1437 281
1438 281
1439 281
1440 282
1441 281
1442 282
1443 282
1444 282
1445 283
1446 283
1447 283
1448 284
1449 285
1450 286
1451 287
1452 288
1453 288
1454 289
1455 290
1456 290
1457 291
1458 291
1459 291
1460 292
1461 292
1462 292
1463 293
1464 293
1465 293
1466 293
1467 293
1468 293
1469 293
1470 293
1471 293
1472 293
1473 293
1474 293
1475 292
1476 292
1477 292
1478 291
1479 291
1480 291
1481 291
1482 291
1483 290
1484 290
1485 290
1486 289
1487 288
1488 288
1489 287
1490 287
1491 286
1492 285
1493 284
1494 283
1495 283
1496 283
1497 282
1498 282
1499 281
1500 281
1501 280
1502 280
1503 280
1504 280
1505 279
1506 279
1507 278
1508 278
1509 277
1510 276
1511 276
1512 275
1513 274
1514 273
1515 272
1516 271
1517 270
1518 269
1519 268
1520 267
1521 266
1522 265
1523 264
1524 263
1525 262
1526 262
1527 262
1528 262
1529 262
1530 262
1531 263
1532 263
1533 264
1534 265
1535 265
1536 266
1537 267
1538 268
1539 269
1540 269
1541 270
1542 271
1543 272
1544 273
1545 274
1546 275
1547 276
1547 277
1547 278
1548 279
1548 280
1549 281
1550 281
1551 281
1552 282
1553 281
1554 282
1555 281
1556 281
1557 281
1558 280
1559 280
1560 280
1561 280
1562 280
1563 280
1564 280
1565 280
1566 280
1567 280
1568 281
1569 281
1570 281
1571 281
1572 281
1573 282
1574 282
1575 283
1576 284
1577 285
1578 286
1579 287
1580 288
1581 289
1582 290
1583 291
1584 292
1585 292
1586 293
1587 293
1588 293
1589 293
1590 293
1591 293
1592 293
1593 293
1594 293
1595 293
1596 293
1597 293
1598 293
1599 293
1600 293
1601 293
1602 292
1603 292
1604 292
1605 291
1606 291
1607 291
1608 291
1609 291
1610 291
1611 291
1612 291
1613 291
1614 291
1615 291
1616 290
1617 290
1618 289
1619 289
1620 289
1621 289
1622 289
1623 289
1624 289
1625 289
1626 289
1627 289
1628 289
1629 289
1630 289
1631 289
1632 289
1633 289
1634 289
1635 289
1636 289
1637 289
1638 289
1639 289
1640 289
1641 289
1642 289
1643 288
1644 288
1645 287
1646 286
1647 286
1648 285
1649 285
1650 284
1651 283
1652 282
1653 281
1654 280
1655 280
1656 279
1657 279
1658 279
1659 278
1660 278
1661 277
1662 276
1663 276
1664 275
1665 275
1666 274
1667 273
1668 272
1669 271
1670 271
1671 270
1672 269
1673 268
1674 268
1675 267
1676 267
1677 267
1678 266
1679 266
1680 265
1680 264
1681 263
1681 262
1682 261
1683 260
1683 259
1684 258
1685 257
1685 256
1686 255
1686 254
1687 253
1687 252
1687 251
1688 250
1688 249
1688 248
1689 247
1689 246
1690 245
1690 244
1691 243
1691 242
1691 241
1692 240
1692 239
1693 238
1693 237
1693 236
1693 235
1693 234
1693 233
1693 232
1694 231
1694 230
1695 229
1696 228
1696 227
1696 226
1696 225
1696 224
1696 223
1696 222
1696 221
1696 220
1695 219
1695 218
1695 217
1695 216
1695 215
1695 214
1695 213
1695 212
1695 211
1695 210
1695 209
1695 208
1695 207
1695 206
1695 205
1695 204
1695 203
1695 202
1695 201
1695 200
1695 199
1695 198
1695 197
1695 196
1695 195
1695 194
1694 193
1694 192
1693 191
1692 190
1692 189
1691 188
1691 187
1691 186
1691 185
1691 184
1691 183
1690 182
1689 181
1688 180
1687 179
1687 178
1686 177
1686 176
1685 175
1684 174
1683 174
1682 173
1681 173
1680 172
1679 172
1678 171
1677 171
1676 170
1675 170
1674 169
1673 169
1672 168
1671 168
1670 168
1669 167
1668 167
1667 167
1666 166
1665 165
1664 165
1663 164
1662 164
1661 163
1660 163
1659 163
1658 163
1657 164
1656 164
1655 164
1654 165
1653 165
1652 165
1651 165
1650 165
1649 165
1648 165
1647 164
1646 164
1645 164
1644 163
1643 163
1642 163
1641 163
1640 163
1639 163
1638 162
1637 162
1636 161
1635 161
1634 161
1633 161
1632 161
1631 160
1630 160
1629 160
1628 160
1627 160
1626 160
1625 160
1624 160
1623 160
1622 159
1621 159
1620 159
1619 158
1618 158
1617 157
1616 157
1615 156
1614 156
1613 156
1612 156
1611 156
1610 156
1609 155
1608 155
1607 154
1606 154
1605 153
1604 153
1603 153
1602 152
1601 152
1600 151
1599 151
1598 151
1597 151
1596 151
1595 151
1594 151
1593 151
1592 151
1591 151
1590 151
1589 151
1588 151
1587 150
1586 150
1585 150
1584 150
1583 149
1582 149
1581 149
1580 148
1579 148
1578 148
1577 147
1576 147
1575 147
1574 147
1573 147
1572 147
1571 147
1570 147
1569 147
1568 147
1567 147
1566 147
1565 148
1564 148
1563 148
1562 149
1561 149
1560 150
1559 150
1558 150
1557 151
1556 151
1555 151
1554 151
1553 151
1552 151
1551 151
1550 151
1549 151
1548 152
1547 152
1546 153
1545 153
1544 153
1543 154
1542 154
1541 154
1540 154
1539 154
1538 154
1537 154
1536 154
1535 154
1534 154
1533 154
1532 154
1531 154
1530 154
1529 154
1528 154
1527 154
1526 154
1525 153
1524 153
1523 153
1522 153
1521 152
1520 152
1519 152
1518 151
1517 151
1516 151
1515 151
1514 151
1513 151
1512 151
1511 150
1510 150
1509 150
1508 149
1507 149
1506 149
1505 148
1504 148
1503 148
1502 147
1501 147
1500 147
1499 147
1498 147
1497 147
1496 147
1495 147
1494 147
1493 147
1492 147
1491 147
1490 147
1489 147
1488 147
1487 147
1486 147
1485 147
