129 7851
128 7852
127 7852
126 7853
125 7853
124 7854
123 7854
122 7855
121 7855
120 7855
119 7855
118 7855
117 7855
116 7855
115 7855
114 7855
113 7855
112 7855
111 7855
110 7855
109 7855
108 7855
107 7855
106 7855
105 7855
104 7855
103 7855
102 7855
101 7855
100 7855
99 7855
98 7855
97 7855
96 7855
95 7855
94 7855
93 7855
92 7855
91 7855
90 7855
89 7855
88 7855
87 7855
86 7855
85 7855
84 7855
83 7855
82 7855
81 7855
80 7856
79 7856
78 7856
77 7856
76 7857
75 7858
74 7859
73 7860
72 7860
72 7861
71 7862
70 7862
70 7863
69 7864
68 7864
68 7865
67 7866
66 7867
66 7868
65 7869
65 7870
64 7871
64 7872
64 7873
63 7874
62 7875
62 7876
62 7877
62 7878
61 7879
61 7880
61 7881
61 7882
61 7883
61 7884
61 7885
61 7886
61 7887
61 7888
61 7889
61 7890
61 7891
61 7892
60 7893
60 7894
60 7895
60 7896
59 7897
59 7898
59 7899
59 7900
59 7901
59 7902
59 7903
59 7904
59 7905
59 7906
59 7907
59 7908
59 7909
59 7910
59 7911
59 7912
58 7913
58 7914
58 7915
58 7916
57 7917
57 7918
57 7919
57 7920
57 7921
57 7922
57 7923
57 7924
57 7925
57 7926
57 7927
57 7928
57 7929
57 7930
57 7931
57 7932
58 7933
58 7934
58 7935
58 7936
59 7937
60 7938
60 7939
60 7940
61 7941
61 7942
62 7943
62 7944
62 7945
62 7946
63 7947
63 7948
64 7949
64 7950
64 7951
64 7952
65 7953
65 7954
65 7955
65 7956
65 7957
65 7958
66 7959
66 7960
66 7961
66 7962
67 7963
67 7964
67 7965
67 7966
67 7967
67 7968
67 7969
67 7970
67 7971
67 7972
68 7973
68 7974
68 7975
68 7976
69 7977
69 7978
69 7979
69 7980
70 7981
70 7982
70 7983
70 7984
71 7985
71 7986
71 7987
71 7988
71 7989
71 7990
71 7991
71 7992
71 7993
71 7994
71 7995
71 7996
71 7997
71 7998
70 7999
70 8000
70 8001
69 8002
68 8003
68 8004
68 8005
68 8006
67 8007
67 8008
67 8009
67 8010
67 8011
67 8012
67 8013
67 8014
67 8015
67 8016
67 8017
67 8018
67 8019
67 8020
67 8021
67 8022
67 8023
67 8024
67 8025
67 8026
67 8027
67 8028
67 8029
67 8030
67 8031
67 8032
67 8033
67 8034
67 8035
67 8036
68 8037
68 8038
68 8039
68 8040
69 8041
69 8042
69 8043
69 8044
70 8045
70 8046
70 8047
70 8048
71 8049
71 8050
71 8051
71 8052
71 8053
71 8054
71 8055
71 8056
71 8057
71 8058
71 8059
71 8060
71 8061
71 8062
72 8063
72 8064
72 8065
72 8066
73 8067
74 8068
74 8069
74 8070
75 8071
75 8072
76 8073
76 8074
76 8075
76 8076
77 8077
77 8078
77 8079
77 8080
78 8081
78 8082
78 8083
78 8084
79 8085
79 8086
80 8087
80 8088
80 8089
80 8090
81 8091
82 8092
82 8093
82 8094
83 8095
84 8096
84 8097
84 8098
85 8099
86 8100
86 8101
86 8102
87 8103
88 8104
88 8105
88 8106
89 8107
90 8108
90 8109
90 8110
91 8111
91 8112
91 8113
91 8114
91 8115
91 8116
91 8117
91 8118
92 8119
92 8120
92 8121
92 8122
93 8123
93 8124
94 8125
94 8126
94 8127
94 8128
95 8129
96 8130
96 8131
96 8132
97 8133
97 8134
97 8135
97 8136
97 8137
97 8138
98 8139
98 8140
98 8141
98 8142
99 8143
100 8144
100 8145
100 8146
101 8147
102 8148
102 8149
102 8150
103 8151
104 8152
104 8153
104 8154
105 8155
106 8156
107 8157
107 8158
108 8159
108 8160
109 8161
110 8162
111 8163
112 8164
112 8165
113 8165
114 8166
114 8167
115 8167
116 8168
116 8169
117 8169
118 8170
118 8171
119 8171
120 8172
120 8173
121 8173
122 8174
122 8175
123 8175
124 8176
124 8177
125 8177
126 8178
126 8179
127 8180
128 8181
128 8182
129 8183
130 8184
130 8185
130 8186
131 8187
132 8188
132 8189
132 8190
133 8191
133 8192
133 8193
133 8194
132 8195
132 8196
132 8197
132 8198
131 8199
131 8200
131 8201
131 8202
131 8203
131 8204
131 8205
131 8206
131 8207
131 8208
131 8209
131 8210
131 8211
131 8212
132 8213
132 8214
133 8215
134 8216
134 8217
135 8217
136 8218
136 8219
137 8219
138 8220
139 8221
140 8222
141 8223
142 8223
143 8224
144 8225
145 8225
146 8226
146 8227
147 8227
148 8228
148 8229
149 8229
150 8230
150 8231
151 8231
152 8232
152 8233
153 8233
154 8234
154 8235
155 8235
156 8236
156 8237
157 8237
158 8238
158 8239
159 8239
160 8240
160 8241
161 8241
162 8242
162 8243
163 8243
164 8244
164 8245
165 8245
166 8246
166 8247
167 8247
168 8248
169 8249
170 8250
171 8251
172 8251
173 8252
174 8252
175 8253
176 8254
177 8255
178 8255
179 8255
180 8256
181 8257
182 8257
183 8257
184 8258
185 8259
186 8259
187 8259
188 8260
189 8261
190 8261
191 8262
192 8263
193 8263
194 8264
194 8265
195 8265
196 8266
196 8267
197 8267
198 8268
198 8269
199 8270
200 8271
200 8272
201 8273
202 8274
203 8275
204 8276
204 8277
205 8277
206 8278
206 8279
207 8279
208 8280
208 8281
209 8281
210 8282
210 8283
211 8283
212 8284
212 8285
213 8285
214 8286
214 8287
215 8287
216 8288
216 8289
217 8289
218 8290
218 8291
219 8291
220 8292
220 8293
221 8293
222 8294
222 8295
223 8295
224 8296
225 8297
226 8298
227 8299
228 8299
229 8300
230 8301
231 8301
232 8302
232 8303
233 8303
234 8304
235 8305
236 8306
237 8307
238 8307
239 8307
240 8308
241 8309
242 8309
243 8310
244 8310
245 8311
246 8312
247 8313
248 8313
249 8313
250 8314
251 8315
252 8315
253 8315
254 8316
255 8317
256 8317
257 8317
258 8318
259 8319
260 8319
261 8320
262 8320
263 8321
264 8322
265 8323
266 8323
267 8323
268 8324
269 8325
270 8325
271 8325
272 8325
273 8326
274 8326
275 8326
276 8326
277 8327
278 8327
279 8327
280 8327
281 8328
282 8328
283 8328
284 8328
285 8328
286 8328
287 8328
288 8328
289 8328
290 8328
291 8328
292 8328
293 8328
294 8328
295 8328
296 8328
297 8328
298 8328
299 8329
300 8329
301 8329
302 8329
303 8330
304 8330
305 8331
306 8331
307 8331
308 8331
309 8332
310 8332
311 8332
312 8332
313 8332
314 8332
315 8333
316 8333
317 8333
318 8333
319 8334
320 8334
321 8335
322 8335
323 8335
324 8336
325 8337
326 8337
327 8337
328 8338
329 8339
330 8339
331 8339
332 8339
333 8340
334 8340
335 8341
336 8341
337 8342
338 8342
339 8343
340 8343
341 8344
342 8344
343 8344
344 8344
345 8344
346 8344
347 8344
348 8344
349 8345
350 8345
351 8345
352 8346
353 8347
354 8347
355 8347
356 8348
357 8349
358 8349
359 8349
360 8349
361 8350
362 8350
363 8351
364 8351
365 8351
366 8352
367 8353
368 8353
369 8353
370 8354
371 8355
372 8355
373 8355
374 8356
375 8357
376 8357
377 8357
378 8357
379 8358
380 8358
381 8359
382 8359
383 8360
384 8360
385 8361
386 8361
387 8362
388 8362
389 8363
390 8363
391 8363
392 8363
393 8364
394 8364
395 8365
396 8365
397 8365
398 8366
399 8367
400 8367
401 8367
402 8367
403 8368
404 8368
405 8369
406 8369
407 8369
408 8369
409 8370
410 8370
411 8371
412 8371
413 8371
414 8371
415 8372
416 8372
417 8373
418 8373
419 8373
420 8373
421 8374
422 8374
423 8374
424 8374
425 8374
426 8374
427 8374
428 8374
429 8374
430 8374
431 8374
432 8374
433 8374
434 8374
435 8374
436 8374
437 8374
438 8374
439 8373
440 8373
441 8373
442 8373
443 8372
444 8372
445 8372
446 8372
447 8372
448 8372
449 8371
450 8371
451 8371
452 8371
453 8370
454 8370
455 8369
456 8369
457 8369
458 8369
459 8368
460 8368
461 8368
462 8368
463 8367
464 8367
465 8367
466 8367
467 8366
468 8366
469 8366
470 8366
471 8366
472 8366
473 8366
474 8366
475 8366
476 8366
477 8366
478 8366
479 8366
480 8366
481 8366
482 8366
483 8365
484 8365
485 8365
486 8365
487 8364
488 8364
489 8363
490 8363
491 8363
492 8363
493 8362
494 8362
495 8363
496 8363
497 8363
498 8363
499 8364
500 8364
501 8364
502 8364
503 8364
504 8364
505 8364
506 8364
507 8364
508 8364
509 8364
510 8364
511 8364
512 8364
513 8364
514 8364
515 8365
516 8365
517 8365
518 8365
519 8366
520 8366
521 8366
522 8366
523 8366
524 8366
525 8366
526 8366
527 8366
528 8366
529 8366
530 8366
531 8366
532 8366
533 8366
534 8366
535 8366
536 8366
537 8366
538 8366
539 8366
540 8366
541 8367
542 8367
543 8367
544 8367
545 8368
546 8368
547 8369
548 8369
549 8369
550 8370
551 8371
552 8371
553 8371
554 8371
555 8372
556 8372
557 8373
558 8373
559 8373
560 8374
561 8375
562 8375
563 8375
564 8375
565 8376
566 8376
567 8376
568 8376
569 8376
570 8376
571 8376
572 8376
573 8376
574 8376
575 8376
576 8376
577 8376
578 8376
579 8375
580 8375
581 8375
582 8375
583 8374
584 8374
585 8373
586 8373
587 8373
588 8373
589 8372
590 8371
591 8371
592 8371
593 8370
594 8369
595 8369
596 8369
597 8368
598 8368
599 8367
600 8367
601 8367
602 8367
603 8366
604 8366
605 8365
606 8365
607 8365
608 8365
609 8364
610 8363
611 8363
612 8363
613 8362
614 8362
615 8362
616 8362
617 8362
618 8362
619 8362
620 8362
621 8362
622 8362
623 8362
624 8362
625 8362
626 8362
627 8362
628 8362
629 8362
630 8362
631 8362
632 8362
633 8362
634 8362
635 8362
636 8362
637 8362
638 8362
639 8362
640 8362
641 8362
642 8362
643 8362
644 8362
645 8362
646 8362
647 8362
648 8362
649 8362
650 8362
651 8362
652 8362
653 8362
654 8362
655 8362
656 8362
657 8362
658 8362
659 8362
660 8362
661 8362
662 8362
663 8362
664 8362
665 8362
666 8362
667 8363
668 8363
669 8363
670 8364
671 8365
672 8365
673 8366
674 8366
675 8367
676 8368
677 8369
678 8369
679 8369
680 8370
681 8371
682 8371
683 8371
684 8372
685 8373
686 8373
687 8373
688 8374
689 8375
690 8375
691 8375
692 8376
693 8377
694 8377
695 8378
696 8378
697 8379
698 8379
699 8380
700 8380
701 8381
702 8381
703 8381
704 8382
705 8383
706 8383
707 8384
708 8384
709 8385
710 8386
711 8387
712 8387
713 8387
714 8388
715 8389
716 8389
717 8390
718 8390
719 8391
720 8392
721 8393
722 8393
723 8393
724 8394
725 8395
726 8395
727 8395
728 8395
729 8396
730 8396
731 8396
732 8396
733 8397
734 8397
735 8397
736 8397
737 8398
738 8398
739 8398
740 8398
741 8398
742 8398
743 8398
744 8398
745 8398
746 8398
747 8399
748 8399
749 8399
750 8400
751 8401
752 8401
753 8402
754 8402
755 8403
756 8404
757 8405
758 8405
759 8405
760 8406
761 8407
762 8407
763 8408
764 8408
765 8409
766 8410
767 8411
768 8411
769 8412
770 8412
771 8413
772 8413
773 8414
774 8414
775 8414
776 8414
777 8414
778 8414
779 8415
780 8415
781 8415
782 8415
783 8416
784 8416
785 8416
786 8416
787 8416
788 8416
789 8416
790 8416
791 8416
792 8416
793 8416
794 8416
795 8417
796 8417
797 8417
798 8417
799 8418
800 8418
801 8419
802 8419
803 8419
804 8420
805 8421
806 8421
807 8421
808 8422
809 8423
810 8423
811 8423
812 8424
813 8425
814 8425
815 8426
816 8426
817 8427
818 8427
819 8428
820 8428
821 8428
822 8428
823 8429
824 8429
825 8429
826 8429
827 8430
828 8430
829 8430
830 8430
831 8430
832 8430
833 8430
834 8430
835 8430
836 8430
837 8430
838 8430
839 8430
840 8430
841 8430
842 8430
843 8430
844 8430
845 8430
846 8430
847 8430
848 8430
849 8431
850 8431
851 8431
852 8431
853 8432
854 8432
855 8432
856 8432
857 8432
858 8432
859 8432
860 8432
861 8432
862 8432
863 8432
864 8432
865 8432
866 8432
867 8432
868 8432
869 8431
870 8431
871 8431
872 8431
873 8430
874 8430
875 8430
876 8430
877 8430
878 8430
879 8429
880 8429
881 8429
882 8429
883 8428
884 8428
885 8428
886 8428
887 8428
888 8428
889 8427
890 8427
891 8427
892 8427
893 8426
894 8426
895 8426
896 8426
897 8426
898 8426
899 8426
900 8426
901 8426
902 8426
903 8426
904 8426
905 8426
906 8426
907 8425
908 8425
909 8425
910 8425
911 8424
912 8424
913 8424
914 8424
915 8424
916 8424
917 8424
918 8424
919 8423
920 8423
921 8423
922 8423
923 8422
924 8422
925 8422
926 8422
927 8421
928 8421
929 8421
930 8421
931 8420
932 8420
933 8420
934 8420
935 8420
936 8420
937 8420
938 8420
939 8419
940 8419
941 8419
942 8419
943 8418
944 8418
945 8417
946 8417
947 8417
948 8417
949 8416
950 8416
951 8416
952 8416
953 8416
954 8416
955 8416
956 8416
957 8416
958 8416
959 8416
960 8416
961 8416
962 8416
963 8416
964 8416
965 8416
966 8416
967 8416
968 8416
969 8416
970 8416
971 8416
972 8416
973 8416
974 8416
975 8416
976 8416
977 8416
978 8416
979 8416
980 8416
981 8416
982 8416
983 8416
984 8416
985 8416
986 8416
987 8416
988 8416
989 8416
990 8416
991 8416
992 8416
993 8415
994 8415
995 8415
996 8415
997 8414
998 8414
999 8414
1000 8414
1001 8414
1002 8414
1003 8414
1004 8414
1005 8414
1006 8414
1007 8414
1008 8414
1009 8414
1010 8414
1011 8414
1012 8414
1013 8414
1014 8414
1015 8413
1016 8413
1017 8413
1018 8413
1019 8412
1020 8412
1021 8411
1022 8411
1023 8411
1024 8411
1025 8410
1026 8410
1027 8410
1028 8410
1029 8410
1030 8410
1031 8410
1032 8410
1033 8410
1034 8410
1035 8410
1036 8410
1037 8410
1038 8410
1039 8410
1040 8410
1041 8410
1042 8410
1043 8410
1044 8410
1045 8410
1046 8410
1047 8410
1048 8410
1049 8410
1050 8410
1051 8410
1052 8410
1053 8410
1054 8410
1055 8410
1056 8410
1057 8410
1058 8410
1059 8410
1060 8410
1061 8410
1062 8410
1063 8411
1064 8411
1065 8411
1066 8411
1067 8412
1068 8412
1069 8412
1070 8412
1071 8413
1072 8413
1073 8413
1074 8414
1075 8415
1076 8415
1077 8415
1078 8415
1079 8416
1080 8416
1081 8416
1082 8416
1083 8417
1084 8417
1085 8417
1086 8417
1087 8418
1088 8418
1089 8418
1090 8418
1091 8418
1092 8418
1093 8418
1094 8418
1095 8418
1096 8418
1097 8418
1098 8418
1099 8418
1100 8418
1101 8418
1102 8418
1103 8418
1104 8418
1105 8418
1106 8418
1107 8419
1108 8419
1109 8419
1110 8419
1111 8420
1112 8420
1113 8420
1114 8420
1115 8421
1116 8421
1117 8421
1118 8422
1119 8423
1120 8423
1121 8423
1122 8423
1123 8424
1124 8424
1125 8424
1126 8424
1127 8424
1128 8424
1129 8424
1130 8424
1131 8425
1132 8425
1133 8425
1134 8425
1135 8426
1136 8426
1137 8426
1138 8426
1139 8426
1140 8426
1141 8426
1142 8426
1143 8426
1144 8426
1145 8426
1146 8426
1147 8426
1148 8426
1149 8426
1150 8426
1151 8426
1152 8426
1153 8426
1154 8426
1155 8427
1156 8427
1157 8427
1158 8428
1159 8429
1160 8429
1161 8429
1162 8430
1163 8431
1164 8431
1165 8431
1166 8432
1167 8433
1168 8433
1169 8433
1170 8433
1171 8434
1172 8434
1173 8434
1174 8434
1175 8434
1176 8434
1177 8434
1178 8434
1179 8433
1180 8433
1181 8433
1182 8433
1183 8432
1184 8432
1185 8432
1186 8432
1187 8432
1188 8432
1189 8432
1190 8432
1191 8431
1192 8431
1193 8431
1194 8431
1195 8430
1196 8430
1197 8430
1198 8430
1199 8429
1200 8429
1201 8429
1202 8429
1203 8428
1204 8428
1205 8428
1206 8428
1207 8428
1208 8428
1209 8428
1210 8428
1211 8428
1212 8428
1213 8428
1214 8428
1215 8428
1216 8428
1217 8428
1218 8428
1219 8428
1220 8428
1221 8428
1222 8428
1223 8428
1224 8428
1225 8428
1226 8428
1227 8428
1228 8428
1229 8428
1230 8428
1231 8428
1232 8428
1233 8428
1234 8428
1235 8428
1236 8428
1237 8428
1238 8428
1239 8428
1240 8428
1241 8428
1242 8428
1243 8428
1244 8428
1245 8429
1246 8429
1247 8429
1248 8429
1249 8430
1250 8430
1251 8430
1252 8430
1253 8430
1254 8430
1255 8430
1256 8430
1257 8430
1258 8430
1259 8430
1260 8430
1261 8430
1262 8430
1263 8430
1264 8430
1265 8430
1266 8430
1267 8430
1268 8430
1269 8430
1270 8430
1271 8430
1272 8430
1273 8429
1274 8429
1275 8429
1276 8429
1277 8428
1278 8428
1279 8428
1280 8428
1281 8428
1282 8428
1283 8428
1284 8428
1285 8428
1286 8428
1287 8428
1288 8428
1289 8428
1290 8428
1291 8428
1292 8428
1293 8428
1294 8428
1295 8428
1296 8428
1297 8427
1298 8427
1299 8427
1300 8427
1301 8426
1302 8426
1303 8426
1304 8426
1305 8426
1306 8426
1307 8426
1308 8426
1309 8426
1310 8426
1311 8426
1312 8426
1313 8426
1314 8426
1315 8426
1316 8426
1317 8426
1318 8426
1319 8426
1320 8426
1321 8425
1322 8425
1323 8425
1324 8425
1325 8424
1326 8424
1327 8424
1328 8424
1329 8424
1330 8424
1331 8423
1332 8423
1333 8423
1334 8423
1335 8422
1336 8422
1337 8421
1338 8421
1339 8421
1340 8421
1341 8420
1342 8420
1343 8420
1344 8420
1345 8419
1346 8419
1347 8419
1348 8419
1349 8418
1350 8418
1351 8418
1352 8418
1353 8418
1354 8418
1355 8418
1356 8418
1357 8417
1358 8417
1359 8417
1360 8417
1361 8416
1362 8416
1363 8416
1364 8416
1365 8416
1366 8416
1367 8416
1368 8416
1369 8416
1370 8416
1371 8416
1372 8416
1373 8416
1374 8416
1375 8416
1376 8416
1377 8416
1378 8416
1379 8416
1380 8416
1381 8416
1382 8416
1383 8416
1384 8416
1385 8416
1386 8416
1387 8416
1388 8416
1389 8416
1390 8416
1391 8415
1392 8415
1393 8415
1394 8415
1395 8414
1396 8414
1397 8414
1398 8414
1399 8414
1400 8414
1401 8414
1402 8414
1403 8414
1404 8414
1405 8414
1406 8414
1407 8414
1408 8414
1409 8414
1410 8414
1411 8414
1412 8414
1413 8414
1414 8414
1415 8414
1416 8414
1417 8414
1418 8414
1419 8413
1420 8413
1421 8413
1422 8413
1423 8412
1424 8412
1425 8412
1426 8412
1427 8412
1428 8412
1429 8412
1430 8412
1431 8412
1432 8412
1433 8412
1434 8412
1435 8412
1436 8412
1437 8412
1438 8412
1439 8412
1440 8412
1441 8412
1442 8412
1443 8412
1444 8412
1445 8411
1446 8411
1447 8411
1448 8411
1449 8410
1450 8410
1451 8410
1452 8410
1453 8409
1454 8409
1455 8409
1456 8409
1457 8408
1458 8408
1459 8407
1460 8407
1461 8407
1462 8407
1463 8406
1464 8405
1465 8404
1466 8404
1467 8403
1468 8403
1469 8402
1470 8402
1471 8401
1472 8401
1473 8401
1474 8401
1475 8400
1476 8400
1477 8399
1478 8399
1479 8399
1480 8399
1481 8398
1482 8398
1483 8397
1484 8397
1485 8397
1486 8397
1487 8396
1488 8396
1489 8396
1490 8396
1491 8396
1492 8396
1493 8396
1494 8396
1495 8396
1496 8396
1497 8396
1498 8396
1499 8396
1500 8396
1501 8396
1502 8396
1503 8395
1504 8395
1505 8395
1506 8395
1507 8394
1508 8394
1509 8394
1510 8394
1511 8394
1512 8394
1513 8393
1514 8393
1515 8393
1516 8393
1517 8392
1518 8391
1519 8391
1520 8391
1521 8390
1522 8390
1523 8390
1524 8390
1525 8390
1526 8390
1527 8390
1528 8390
1529 8389
1530 8389
1531 8389
1532 8389
1533 8388
1534 8388
1535 8388
1536 8388
1537 8388
1538 8388
1539 8388
1540 8388
1541 8388
1542 8388
1543 8388
1544 8388
1545 8388
1546 8388
1547 8388
1548 8388
1549 8388
1550 8388
1551 8388
1552 8388
1553 8388
1554 8388
1555 8387
1556 8387
1557 8387
1558 8387
1559 8386
1560 8386
1561 8386
1562 8386
1563 8385
1564 8385
1565 8385
1566 8385
1567 8384
1568 8383
1569 8383
1570 8383
1571 8382
1572 8382
1573 8381
1574 8381
1575 8381
1576 8381
1577 8380
1578 8380
1579 8379
1580 8379
1581 8379
1582 8379
1583 8378
1584 8378
1585 8377
1586 8377
1587 8377
1588 8377
1589 8376
1590 8375
1591 8375
1592 8375
1593 8374
1594 8373
1595 8373
1596 8373
1597 8372
1598 8372
1599 8372
1600 8372
1601 8371
1602 8371
1603 8371
1604 8371
1605 8370
1606 8370
1607 8370
1608 8370
1609 8369
1610 8369
1611 8369
1612 8369
1613 8368
1614 8368
1615 8368
1616 8368
1617 8368
1618 8368
1619 8368
1620 8368
1621 8368
1622 8368
1623 8368
1624 8368
1625 8368
1626 8368
1627 8368
1628 8368
1629 8368
1630 8368
1631 8368
1632 8368
1633 8367
1634 8367
1635 8367
1636 8367
1637 8366
1638 8366
1639 8366
1640 8366
1641 8366
1642 8366
1643 8365
1644 8365
1645 8365
1646 8365
1647 8364
1648 8364
1649 8364
1650 8364
1651 8364
1652 8364
1653 8364
1654 8364
1655 8364
1656 8364
1657 8363
1658 8363
1659 8363
1660 8363
1661 8362
1662 8362
1663 8361
1664 8361
1665 8361
1666 8361
1667 8360
1668 8360
1669 8359
1670 8359
1671 8359
1672 8359
1673 8358
1674 8357
1675 8357
1676 8357
1677 8356
1678 8356
1679 8355
1680 8355
1681 8355
1682 8355
1683 8354
1684 8354
1685 8354
1686 8354
1687 8353
1688 8353
1689 8353
1690 8353
1691 8352
1692 8352
1693 8352
1694 8352
1695 8351
1696 8351
1697 8351
1698 8351
1699 8350
1700 8350
1701 8350
1702 8350
1703 8350
1704 8350
1705 8350
1706 8350
1707 8350
1708 8350
1709 8350
1710 8350
1711 8350
1712 8350
1713 8350
1714 8350
1715 8350
1716 8350
1717 8350
1718 8350
1719 8349
1720 8349
1721 8349
1722 8349
1723 8348
1724 8347
1725 8347
1726 8347
1727 8346
1728 8346
1729 8346
1730 8346
1731 8345
1732 8345
1733 8345
1734 8345
1735 8344
1736 8344
1737 8344
1738 8344
1739 8343
1740 8343
1741 8343
1742 8343
1743 8342
1744 8342
1745 8341
1746 8341
1747 8341
1748 8341
1749 8340
1750 8340
1751 8340
1752 8340
1753 8339
1754 8339
1755 8339
1756 8339
1757 8338
1758 8338
1759 8338
1760 8338
1761 8338
1762 8338
1763 8337
1764 8337
1765 8337
1766 8337
1767 8336
1768 8336
1769 8336
1770 8336
1771 8336
1772 8336
1773 8336
1774 8336
1775 8335
1776 8335
1777 8335
1778 8335
1779 8334
1780 8334
1781 8334
1782 8334
1783 8334
1784 8334
1785 8334
1786 8334
1787 8333
1788 8333
1789 8333
1790 8333
1791 8332
1792 8332
1793 8331
1794 8331
1795 8331
1796 8331
1797 8330
1798 8330
1799 8330
1800 8330
1801 8330
1802 8330
1803 8330
1804 8330
1805 8330
1806 8330
1807 8330
1808 8330
1809 8330
1810 8330
1811 8329
1812 8329
1813 8329
1814 8329
1815 8328
1816 8328
1817 8328
1818 8328
1819 8328
1820 8328
1821 8328
1822 8328
1823 8328
1824 8328
1825 8327
1826 8327
1827 8327
1828 8327
1829 8326
1830 8326
1831 8325
1832 8325
1833 8325
1834 8325
1835 8324
1836 8324
1837 8324
1838 8324
1839 8324
1840 8324
1841 8324
1842 8324
1843 8323
1844 8323
1845 8323
1846 8323
1847 8322
1848 8322
1849 8321
1850 8321
1851 8321
1852 8321
1853 8320
1854 8320
1855 8319
1856 8319
1857 8319
1858 8319
1859 8318
1860 8317
1861 8317
1862 8317
1863 8316
1864 8316
1865 8316
1866 8316
1867 8316
1868 8316
1869 8316
1870 8316
1871 8315
1872 8315
1873 8315
1874 8315
1875 8314
1876 8314
1877 8314
1878 8314
1879 8314
1880 8314
1881 8314
1882 8314
1883 8313
1884 8313
1885 8313
1886 8313
1887 8312
1888 8312
1889 8312
1890 8312
1891 8311
1892 8311
1893 8311
1894 8311
1895 8310
1896 8309
1897 8309
1898 8309
1899 8308
1900 8307
1901 8307
1902 8307
1903 8306
1904 8306
1905 8305
1906 8305
1907 8304
1908 8304
1909 8303
1910 8303
1911 8302
1912 8302
1913 8301
1914 8301
1915 8301
1916 8301
1917 8300
1918 8299
1919 8299
1920 8299
1921 8298
1922 8298
1923 8298
1924 8298
1925 8297
1926 8297
1927 8297
1928 8297
1929 8296
1930 8296
1931 8295
1932 8295
1933 8295
1934 8295
1935 8294
1936 8294
1937 8294
1938 8294
1939 8293
1940 8293
1941 8293
1942 8293
1943 8292
1944 8292
1945 8292
1946 8292
1947 8291
1948 8291
1949 8291
1950 8291
1951 8290
1952 8290
1953 8290
1954 8290
1955 8290
1956 8290
1957 8289
1958 8289
1959 8289
1960 8289
1961 8288
1962 8288
1963 8287
1964 8287
1965 8287
1966 8287
1967 8286
1968 8286
1969 8286
1970 8286
1971 8285
1972 8285
1973 8285
1974 8285
1975 8284
1976 8284
1977 8284
1978 8284
1979 8283
1980 8283
1981 8283
1982 8283
1983 8282
1984 8282
1985 8281
1986 8281
1987 8281
1988 8281
1989 8280
1990 8279
1991 8279
1992 8279
1993 8278
1994 8278
1995 8278
1996 8278
1997 8277
1998 8277
1999 8277
2000 8277
2001 8276
2002 8276
2003 8275
2004 8275
2005 8275
2006 8275
2007 8274
2008 8274
2009 8273
2010 8273
2011 8273
2012 8273
2013 8272
2014 8272
2015 8271
2016 8271
2017 8271
2018 8271
2019 8270
2020 8270
2021 8270
2022 8270
2023 8270
2024 8270
2025 8269
2026 8269
2027 8269
2028 8269
2029 8268
2030 8268
2031 8267
2032 8267
2033 8267
2034 8267
2035 8266
2036 8266
2037 8266
2038 8266
2039 8266
2040 8266
2041 8265
2042 8265
2043 8265
2044 8265
2045 8264
2046 8264
2047 8263
2048 8263
2049 8263
2050 8263
2051 8262
2052 8262
2053 8262
2054 8262
2055 8262
2056 8262
2057 8261
2058 8261
2059 8261
2060 8261
2061 8260
2062 8260
2063 8260
2064 8260
2065 8260
2066 8260
2067 8259
2068 8259
2069 8259
2070 8259
2071 8258
2072 8258
2073 8258
2074 8258
2075 8258
2076 8258
2077 8258
2078 8258
2079 8257
2080 8257
2081 8257
2082 8257
2083 8256
2084 8256
2085 8256
2086 8256
2087 8255
2088 8255
2089 8255
2090 8255
2091 8254
2092 8254
2093 8253
2094 8253
2095 8253
2096 8253
2097 8252
2098 8252
2099 8252
2100 8252
2101 8251
2102 8251
2103 8251
2104 8251
2105 8250
2106 8250
2107 8250
2108 8250
2109 8249
2110 8249
2111 8249
2112 8249
2113 8248
2114 8248
2115 8247
2116 8247
2117 8247
2118 8247
2119 8246
2120 8245
2121 8245
2122 8245
2123 8244
2124 8244
2125 8243
2126 8243
2127 8243
2128 8243
2129 8242
2130 8242
2131 8241
2132 8241
2133 8241
2134 8241
2135 8240
2136 8240
2137 8239
2138 8239
2139 8239
2140 8239
2141 8238
2142 8238
2143 8237
2144 8237
2145 8237
2146 8237
2147 8236
2148 8236
2149 8236
2150 8236
2151 8236
2152 8236
2153 8235
2154 8235
2155 8235
2156 8235
2157 8234
2158 8234
2159 8234
2160 8234
2161 8234
2162 8234
2163 8234
2164 8234
2165 8234
2166 8234
2167 8234
2168 8234
2169 8234
2170 8234
2171 8234
2172 8234
2173 8233
2174 8233
2175 8233
2176 8233
2177 8232
2178 8232
2179 8231
2180 8231
2181 8231
2182 8231
2183 8230
2184 8230
2185 8230
2186 8230
2187 8230
2188 8230
2189 8229
2190 8229
2191 8229
2192 8229
2193 8228
2194 8228
2195 8228
2196 8228
2197 8228
2198 8228
2199 8227
2200 8227
2201 8227
2202 8227
2203 8226
2204 8226
2205 8226
2206 8226
2207 8226
2208 8226
2209 8225
2210 8225
2211 8225
2212 8225
2213 8224
2214 8224
2215 8223
2216 8223
2217 8223
2218 8223
2219 8222
2220 8222
2221 8221
2222 8221
2223 8221
2224 8221
2225 8220
2226 8219
2227 8219
2228 8219
2229 8218
2230 8217
2231 8217
2232 8217
2233 8216
2234 8215
2235 8215
2236 8215
2237 8214
2238 8214
2239 8213
2240 8213
2241 8213
2242 8213
2243 8212
2244 8212
2245 8212
2246 8212
2247 8212
2248 8212
2249 8211
2250 8211
2251 8211
2252 8211
2253 8210
2254 8210
2255 8209
2256 8209
2257 8209
2258 8209
2259 8208
2260 8208
2261 8208
2262 8208
2263 8207
2264 8207
2265 8207
2266 8207
2267 8206
2268 8205
2269 8205
2270 8205
2271 8204
2272 8204
2273 8204
2274 8204
2275 8203
2276 8203
2277 8203
2278 8203
2279 8202
2280 8202
2281 8202
2282 8202
2283 8202
2284 8202
2285 8201
2286 8201
2287 8201
2288 8201
2289 8200
2290 8200
2291 8200
2292 8200
2293 8200
2294 8200
2295 8199
2296 8199
2297 8199
2298 8199
2299 8198
2300 8198
2301 8198
2302 8198
2303 8197
2304 8197
2305 8197
2306 8197
2307 8196
2308 8196
2309 8196
2310 8196
2311 8196
2312 8196
2313 8195
2314 8195
2315 8195
2316 8195
2317 8194
2318 8194
2319 8193
2320 8193
2321 8193
2322 8193
2323 8192
2324 8192
2325 8191
2326 8191
2327 8191
2328 8191
2329 8190
2330 8189
2331 8189
2332 8189
2333 8188
2334 8187
2335 8187
2336 8187
2337 8186
2338 8186
2339 8185
2340 8185
2341 8185
2342 8185
2343 8184
2344 8183
2345 8182
2346 8182
2347 8181
2348 8181
2349 8180
2350 8179
2351 8179
2352 8179
2353 8178
2354 8177
2355 8177
2356 8177
2357 8176
2358 8176
2359 8175
2360 8175
2361 8175
2362 8175
2363 8174
2364 8173
2365 8173
2366 8173
2367 8172
2368 8171
2369 8171
2370 8171
2371 8170
2372 8169
2373 8169
2374 8169
2375 8168
2376 8168
2377 8168
2378 8168
2379 8168
2380 8168
2381 8167
2382 8167
2383 8167
2384 8167
2385 8166
2386 8166
2387 8165
2388 8165
2389 8165
2390 8165
2391 8164
2392 8164
2393 8163
2394 8163
2395 8163
2396 8163
2397 8162
2398 8162
2399 8161
2400 8161
2401 8160
2402 8160
2403 8159
2404 8159
2405 8158
2406 8157
2407 8156
2408 8156
2409 8155
2410 8155
2411 8154
2412 8153
2413 8153
2414 8153
2415 8152
2416 8151
2417 8151
2418 8151
2419 8150
2420 8149
2421 8148
2422 8147
2423 8147
2424 8146
2425 8145
2426 8145
2427 8144
2428 8143
2429 8143
2430 8143
2431 8142
2432 8141
2433 8141
2434 8141
2435 8140
2436 8139
2437 8139
2438 8139
2439 8138
2440 8138
2441 8137
2442 8137
2443 8136
2444 8136
2445 8135
2446 8135
2447 8134
2448 8133
2449 8132
2450 8132
2451 8131
2452 8131
2453 8130
2454 8129
2455 8128
2456 8127
2457 8126
2458 8125
2459 8124
2459 8123
2460 8122
2461 8121
2461 8120
2462 8119
2463 8119
2463 8118
2464 8117
2465 8117
2465 8116
2466 8115
2467 8114
2468 8113
2469 8112
2469 8111
2469 8110
2470 8109
2471 8108
2471 8107
2471 8106
2472 8105
2473 8104
2473 8103
2473 8102
2474 8101
2475 8100
2475 8099
2475 8098
2475 8097
2476 8096
2476 8095
2477 8094
2477 8093
2477 8092
2477 8091
2478 8090
2478 8089
2479 8088
2479 8087
2479 8086
2480 8085
2481 8084
2481 8083
2481 8082
2481 8081
2482 8080
2482 8079
2482 8078
2482 8077
2482 8076
2482 8075
2482 8074
2482 8073
2483 8072
2483 8071
2483 8070
2483 8069
2484 8068
2484 8067
2485 8066
2485 8065
2485 8064
2485 8063
2486 8062
2486 8061
2486 8060
2486 8059
2486 8058
2486 8057
2486 8056
2486 8055
2486 8054
2486 8053
2486 8052
2486 8051
2486 8050
2486 8049
2486 8048
2486 8047
2485 8046
2485 8045
2485 8044
2485 8043
2484 8042
2483 8041
2482 8040
2481 8039
2481 8038
2480 8038
2479 8037
2479 8036
2478 8036
2477 8035
2477 8034
2476 8034
2475 8033
2475 8032
2474 8032
2473 8031
2473 8030
2472 8030
2471 8029
2471 8028
2470 8028
2469 8027
2469 8026
2468 8026
2467 8025
2467 8024
2466 8024
2465 8023
2465 8022
2464 8021
2463 8020
2463 8019
2462 8018
2461 8017
2460 8016
2460 8015
2459 8014
2459 8013
2458 8012
2457 8011
2456 8010
2455 8009
2455 8008
2454 8008
2453 8007
2453 8006
2452 8006
2451 8005
2450 8004
2449 8003
2448 8002
2447 8002
2446 8002
2445 8001
2444 8000
2443 8000
2442 8000
2441 7999
2440 7998
2439 7998
2438 7997
2437 7996
2436 7996
2435 7995
2435 7994
2434 7994
2433 7993
2433 7992
2432 7992
2431 7991
2431 7990
2430 7990
2429 7989
2429 7988
2428 7988
2427 7987
2427 7986
2426 7986
2425 7985
2425 7984
2424 7984
2423 7983
2423 7982
2422 7982
2421 7981
2420 7980
2419 7979
2418 7978
2417 7978
2416 7978
2415 7978
2414 7977
2413 7977
2412 7976
2411 7976
2410 7976
2409 7976
2408 7975
2407 7975
2406 7975
2405 7975
2404 7975
2403 7975
2402 7975
2401 7975
2400 7975
2399 7975
2398 7975
2397 7975
2396 7975
2395 7975
2394 7975
2393 7975
2392 7975
2391 7975
2390 7975
2389 7975
2388 7975
2387 7975
2386 7975
2385 7975
2384 7975
2383 7975
2382 7975
2381 7975
2380 7975
2379 7975
2378 7975
2377 7975
2376 7975
2375 7975
2374 7975
2373 7975
2372 7975
2371 7975
2370 7975
2369 7975
2368 7975
2367 7975
2366 7975
2365 7975
2364 7974
2363 7974
2362 7974
2361 7974
2360 7973
2359 7973
2358 7973
2357 7973
2356 7972
2355 7972
2354 7972
2353 7971
2352 7970
2351 7970
2350 7970
2349 7969
2348 7968
2347 7968
2346 7968
2345 7967
2344 7966
2343 7966
2342 7966
2341 7966
2340 7965
2339 7965
2338 7965
2337 7965
2336 7964
2335 7964
2334 7963
2333 7963
2332 7962
2331 7961
2330 7960
2329 7960
2328 7960
2327 7960
2326 7959
2325 7959
2324 7958
2323 7958
2322 7958
2321 7958
2320 7957
2319 7957
2318 7957
2317 7957
2316 7957
2315 7957
2314 7956
2313 7956
2312 7956
2311 7955
2310 7954
2309 7954
2308 7954
2307 7953
2306 7952
2305 7952
2304 7952
2303 7951
2302 7950
2301 7950
2300 7950
2299 7950
2298 7949
2297 7949
2296 7949
2295 7949
2294 7949
2293 7949
2292 7949
2291 7949
2290 7949
2289 7949
2288 7948
2287 7948
2286 7948
2285 7948
2284 7947
2283 7947
2282 7947
2281 7947
2280 7947
2279 7947
2278 7946
2277 7946
2276 7946
2275 7946
2274 7945
2273 7945
2272 7944
2271 7944
2270 7944
2269 7944
2268 7943
2267 7943
2266 7943
2265 7943
2264 7943
2263 7943
2262 7943
2261 7943
2260 7942
2259 7942
2258 7942
2257 7942
2256 7941
2255 7941
2254 7941
2253 7941
2252 7941
2251 7941
2250 7941
2249 7941
2248 7941
2247 7941
2246 7940
2245 7940
2244 7939
2243 7939
2242 7938
2241 7938
2240 7937
2239 7937
2238 7937
2237 7937
2236 7937
2235 7937
2234 7937
2233 7937
2232 7937
2231 7937
2230 7937
2229 7937
2228 7937
2227 7937
2226 7937
2225 7937
2224 7937
2223 7937
2222 7937
2221 7937
2220 7936
2219 7936
2218 7936
2217 7936
2216 7935
2215 7935
2214 7935
2213 7935
2212 7935
2211 7935
2210 7935
2209 7935
2208 7934
2207 7934
2206 7934
2205 7934
2204 7933
2203 7933
2202 7933
2201 7933
2200 7933
2199 7933
2198 7932
2197 7932
2196 7932
2195 7931
2194 7930
2193 7930
2192 7930
2191 7930
2190 7929
2189 7929
2188 7929
2187 7929
2186 7929
2185 7929
2184 7929
2183 7929
2182 7929
2181 7929
2180 7929
2179 7929
2178 7929
2177 7929
2176 7929
2175 7929
2174 7929
2173 7929
2172 7929
2171 7929
2170 7929
2169 7929
2168 7929
2167 7929
2166 7929
2165 7929
2164 7929
2163 7929
2162 7929
2161 7929
2160 7929
2159 7929
2158 7929
2157 7929
2156 7929
2155 7929
2154 7929
2153 7929
2152 7929
2151 7929
2150 7929
2149 7929
2148 7929
2147 7929
2146 7929
2145 7929
2144 7929
2143 7929
2142 7929
2141 7929
2140 7929
2139 7929
2138 7929
2137 7929
2136 7928
2135 7928
2134 7928
2133 7928
2132 7927
2131 7927
2130 7927
2129 7927
2128 7927
2127 7927
2126 7927
2125 7927
2124 7926
2123 7926
2122 7926
2121 7926
2120 7925
2119 7925
2118 7925
2117 7925
2116 7925
2115 7925
2114 7924
2113 7924
2112 7924
2111 7924
2110 7923
2109 7923
2108 7923
2107 7923
2106 7923
2105 7923
2104 7923
2103 7923
2102 7923
2101 7923
2100 7923
2099 7923
2098 7923
2097 7923
2096 7923
2095 7923
2094 7923
2093 7923
2092 7923
2091 7923
2090 7923
2089 7923
2088 7923
2087 7923
2086 7923
2085 7923
2084 7923
2083 7923
2082 7923
2081 7923
2080 7923
2079 7923
2078 7923
2077 7923
2076 7923
2075 7923
2074 7923
2073 7923
2072 7923
2071 7923
2070 7923
2069 7923
2068 7923
2067 7923
2066 7923
2065 7923
2064 7923
2063 7923
2062 7923
2061 7923
2060 7923
2059 7923
2058 7923
2057 7923
2056 7923
2055 7923
2054 7923
2053 7923
2052 7922
2051 7922
2050 7922
2049 7922
2048 7921
2047 7921
2046 7921
2045 7921
2044 7921
2043 7921
2042 7921
2041 7921
2040 7921
2039 7921
2038 7921
2037 7921
2036 7921
2035 7921
2034 7921
2033 7921
2032 7921
2031 7921
2030 7921
2029 7921
2028 7921
2027 7921
2026 7921
2025 7921
2024 7921
2023 7921
2022 7921
2021 7921
2020 7921
2019 7921
2018 7921
2017 7921
2016 7921
2015 7921
2014 7921
2013 7921
2012 7921
2011 7921
2010 7921
2009 7921
2008 7920
2007 7920
2006 7920
2005 7920
2004 7919
2003 7919
2002 7919
2001 7919
2000 7919
1999 7919
1998 7919
1997 7919
1996 7919
1995 7919
1994 7919
1993 7919
1992 7919
1991 7919
1990 7919
1989 7919
1988 7919
1987 7919
1986 7919
1985 7919
1984 7919
1983 7919
1982 7919
1981 7919
1980 7919
1979 7919
1978 7919
1977 7919
1976 7919
1975 7919
1974 7919
1973 7919
1972 7919
1971 7919
1970 7919
1969 7919
1968 7919
1967 7919
1966 7919
1965 7919
1964 7919
1963 7919
1962 7919
1961 7919
1960 7919
1959 7919
1958 7919
1957 7919
1956 7919
1955 7919
1954 7919
1953 7919
1952 7919
1951 7919
1950 7919
1949 7919
1948 7919
1947 7919
1946 7919
1945 7919
1944 7919
1943 7919
1942 7919
1941 7919
1940 7919
1939 7919
1938 7919
1937 7919
1936 7919
1935 7919
1934 7919
1933 7919
1932 7919
1931 7919
1930 7919
1929 7919
1928 7919
1927 7919
1926 7919
1925 7919
1924 7919
1923 7919
1922 7919
1921 7919
1920 7919
1919 7919
1918 7919
1917 7919
1916 7919
1915 7919
1914 7919
1913 7919
1912 7919
1911 7919
1910 7919
1909 7919
1908 7919
1907 7919
1906 7919
1905 7919
1904 7919
1903 7919
1902 7919
1901 7919
1900 7919
1899 7919
1898 7919
1897 7919
1896 7918
1895 7918
1894 7918
1893 7918
1892 7917
1891 7917
1890 7917
1889 7917
1888 7917
1887 7917
1886 7917
1885 7917
1884 7917
1883 7917
1882 7917
1881 7917
1880 7917
1879 7917
1878 7917
1877 7917
1876 7917
1875 7917
1874 7917
1873 7917
1872 7917
1871 7917
1870 7917
1869 7917
1868 7917
1867 7917
1866 7917
1865 7917
1864 7917
1863 7917
1862 7917
1861 7917
1860 7917
1859 7917
1858 7917
1857 7917
1856 7917
1855 7917
1854 7917
1853 7917
1852 7917
1851 7917
1850 7917
1849 7917
1848 7917
1847 7917
1846 7917
1845 7917
1844 7917
1843 7917
1842 7917
1841 7917
1840 7917
1839 7917
1838 7917
1837 7917
1836 7917
1835 7917
1834 7917
1833 7917
1832 7917
1831 7917
1830 7917
1829 7917
1828 7917
1827 7917
1826 7917
1825 7917
1824 7916
1823 7916
1822 7916
1821 7916
1820 7915
1819 7915
1818 7915
1817 7915
1816 7915
1815 7915
1814 7915
1813 7915
1812 7915
1811 7915
1810 7915
1809 7915
1808 7915
1807 7915
1806 7915
1805 7915
1804 7915
1803 7915
1802 7915
1801 7915
1800 7915
1799 7915
1798 7915
1797 7915
1796 7915
1795 7915
1794 7915
1793 7915
1792 7915
1791 7915
1790 7915
1789 7915
1788 7915
1787 7915
1786 7914
1785 7914
1784 7914
1783 7914
1782 7913
1781 7913
1780 7913
1779 7913
1778 7913
1777 7913
1776 7913
1775 7913
1774 7913
1773 7913
1772 7913
1771 7913
1770 7913
1769 7913
1768 7913
1767 7913
1766 7913
1765 7913
1764 7913
1763 7913
1762 7913
1761 7913
1760 7913
1759 7913
1758 7913
1757 7913
1756 7913
1755 7913
1754 7913
1753 7913
1752 7912
1751 7912
1750 7912
1749 7912
1748 7911
1747 7911
1746 7911
1745 7911
1744 7911
1743 7911
1742 7911
1741 7911
1740 7911
1739 7911
1738 7911
1737 7911
1736 7911
1735 7911
1734 7911
1733 7911
1732 7911
1731 7911
1730 7911
1729 7911
1728 7911
1727 7911
1726 7911
1725 7911
1724 7911
1723 7911
1722 7911
1721 7911
1720 7911
1719 7911
1718 7911
1717 7911
1716 7911
1715 7911
1714 7911
1713 7911
1712 7911
1711 7911
1710 7911
1709 7911
1708 7911
1707 7911
1706 7911
1705 7911
1704 7911
1703 7911
1702 7911
1701 7911
1700 7911
1699 7911
1698 7911
1697 7911
1696 7911
1695 7911
1694 7911
1693 7911
1692 7911
1691 7911
1690 7911
1689 7911
1688 7911
1687 7911
1686 7911
1685 7911
1684 7911
1683 7911
1682 7910
1681 7910
1680 7910
1679 7910
1678 7909
1677 7909
1676 7909
1675 7909
1674 7909
1673 7909
1672 7909
1671 7909
1670 7909
1669 7909
1668 7909
1667 7909
1666 7909
1665 7909
1664 7909
1663 7909
1662 7909
1661 7909
1660 7909
1659 7909
1658 7909
1657 7909
1656 7909
1655 7909
1654 7908
1653 7908
1652 7908
1651 7908
1650 7907
1649 7907
1648 7907
1647 7907
1646 7907
1645 7907
1644 7907
1643 7907
1642 7907
1641 7907
1640 7907
1639 7907
1638 7907
1637 7907
1636 7907
1635 7907
1634 7907
1633 7907
1632 7907
1631 7907
1630 7907
1629 7907
1628 7907
1627 7907
1626 7907
1625 7907
1624 7907
1623 7907
1622 7907
1621 7907
1620 7907
1619 7907
1618 7906
1617 7906
1616 7906
1615 7906
1614 7905
1613 7905
1612 7905
1611 7905
1610 7905
1609 7905
1608 7905
1607 7905
1606 7905
1605 7905
1604 7905
1603 7905
1602 7905
1601 7905
1600 7905
1599 7905
1598 7904
1597 7904
1596 7904
1595 7904
1594 7903
1593 7903
1592 7903
1591 7903
1590 7903
1589 7903
1588 7903
1587 7903
1586 7903
1585 7903
1584 7903
1583 7903
1582 7903
1581 7903
1580 7903
1579 7903
1578 7903
1577 7903
1576 7903
1575 7903
1574 7903
1573 7903
1572 7903
1571 7903
1570 7903
1569 7903
1568 7903
1567 7903
1566 7903
1565 7903
1564 7903
1563 7903
1562 7903
1561 7903
1560 7903
1559 7903
1558 7903
1557 7903
1556 7903
1555 7903
1554 7903
1553 7903
1552 7903
1551 7903
1550 7903
1549 7903
1548 7903
1547 7903
1546 7903
1545 7903
1544 7903
1543 7903
1542 7903
1541 7903
1540 7903
1539 7903
1538 7903
1537 7903
1536 7903
1535 7903
1534 7903
1533 7903
1532 7903
1531 7903
1530 7903
1529 7903
1528 7903
1527 7903
1526 7903
1525 7903
1524 7903
1523 7903
1522 7903
1521 7903
1520 7903
1519 7903
1518 7903
1517 7903
1516 7903
1515 7903
1514 7903
1513 7903
1512 7903
1511 7903
1510 7903
1509 7903
1508 7903
1507 7903
1506 7903
1505 7903
1504 7903
1503 7903
1502 7903
1501 7903
1500 7903
1499 7903
1498 7903
1497 7903
1496 7903
1495 7903
1494 7903
1493 7903
1492 7903
1491 7903
1490 7903
1489 7903
1488 7903
1487 7903
1486 7902
1485 7902
1484 7902
1483 7902
1482 7901
1481 7901
1480 7901
1479 7901
1478 7901
1477 7901
1476 7901
1475 7901
1474 7901
1473 7901
1472 7901
1471 7901
1470 7901
1469 7901
1468 7901
1467 7901
1466 7901
1465 7901
1464 7901
1463 7901
1462 7901
1461 7901
1460 7901
1459 7901
1458 7901
1457 7901
1456 7901
1455 7901
1454 7901
1453 7901
1452 7901
1451 7901
1450 7901
1449 7901
1448 7901
1447 7901
1446 7901
1445 7901
1444 7901
1443 7901
1442 7901
1441 7901
1440 7900
1439 7900
1438 7900
1437 7900
1436 7899
1435 7899
1434 7899
1433 7899
1432 7899
1431 7899
1430 7899
1429 7899
1428 7899
1427 7899
1426 7899
1425 7899
1424 7899
1423 7899
1422 7899
1421 7899
1420 7899
1419 7899
1418 7899
1417 7899
1416 7899
1415 7899
1414 7899
1413 7899
1412 7899
1411 7899
1410 7899
1409 7899
1408 7899
1407 7899
1406 7899
1405 7899
1404 7898
1403 7898
1402 7898
1401 7898
1400 7897
1399 7897
1398 7897
1397 7897
1396 7897
1395 7897
1394 7897
1393 7897
1392 7897
1391 7897
1390 7897
1389 7897
1388 7897
1387 7897
1386 7897
1385 7897
1384 7897
1383 7897
1382 7897
1381 7897
1380 7897
1379 7897
1378 7897
1377 7897
1376 7897
1375 7897
1374 7897
1373 7897
1372 7897
1371 7897
1370 7897
1369 7897
1368 7897
1367 7897
1366 7896
1365 7896
1364 7896
1363 7896
1362 7895
1361 7895
1360 7895
1359 7895
1358 7895
1357 7895
1356 7895
1355 7895
1354 7895
1353 7895
1352 7895
1351 7895
1350 7895
1349 7895
1348 7895
1347 7895
1346 7895
1345 7895
1344 7894
1343 7894
1342 7894
1341 7894
1340 7893
1339 7893
1338 7893
1337 7893
1336 7893
1335 7893
1334 7893
1333 7893
1332 7893
1331 7893
1330 7893
1329 7893
1328 7893
1327 7893
1326 7893
1325 7893
1324 7893
1323 7893
1322 7892
1321 7892
1320 7892
1319 7892
1318 7891
1317 7891
1316 7891
1315 7891
1314 7891
1313 7891
1312 7891
1311 7891
1310 7891
1309 7891
1308 7891
1307 7891
1306 7891
1305 7891
1304 7891
1303 7891
1302 7891
1301 7891
1300 7891
1299 7891
1298 7891
1297 7891
1296 7891
1295 7891
1294 7891
1293 7891
1292 7891
1291 7891
1290 7891
1289 7891
1288 7891
1287 7891
1286 7891
1285 7891
1284 7891
1283 7891
1282 7891
1281 7891
1280 7891
1279 7891
1278 7891
1277 7891
1276 7891
1275 7891
1274 7891
1273 7891
1272 7891
1271 7891
1270 7891
1269 7891
1268 7891
1267 7891
1266 7891
1265 7891
1264 7890
1263 7890
1262 7890
1261 7890
1260 7889
1259 7889
1258 7889
1257 7889
1256 7889
1255 7889
1254 7889
1253 7889
1252 7889
1251 7889
1250 7889
1249 7889
1248 7889
1247 7889
1246 7889
1245 7889
1244 7889
1243 7889
1242 7888
1241 7888
1240 7888
1239 7888
1238 7887
1237 7887
1236 7887
1235 7887
1234 7887
1233 7887
1232 7887
1231 7887
1230 7887
1229 7887
1228 7887
1227 7887
1226 7887
1225 7887
1224 7887
1223 7887
1222 7887
1221 7887
1220 7887
1219 7887
1218 7886
1217 7886
1216 7886
1215 7886
1214 7885
1213 7885
1212 7885
1211 7885
1210 7885
1209 7885
1208 7885
1207 7885
1206 7885
1205 7885
1204 7885
1203 7885
1202 7885
1201 7885
1200 7885
1199 7885
1198 7884
1197 7884
1196 7884
1195 7884
1194 7883
1193 7883
1192 7883
1191 7883
1190 7883
1189 7883
1188 7883
1187 7883
1186 7883
1185 7883
1184 7883
1183 7883
1182 7883
1181 7883
1180 7883
1179 7883
1178 7883
1177 7883
1176 7883
1175 7883
1174 7883
1173 7883
1172 7883
1171 7883
1170 7883
1169 7883
1168 7883
1167 7883
1166 7883
1165 7883
1164 7883
1163 7883
1162 7883
1161 7883
1160 7883
1159 7883
1158 7883
1157 7883
1156 7883
1155 7883
1154 7882
1153 7882
1152 7882
1151 7882
1150 7881
1149 7881
1148 7881
1147 7881
1146 7881
1145 7881
1144 7881
1143 7881
1142 7881
1141 7881
1140 7881
1139 7881
1138 7881
1137 7881
1136 7881
1135 7881
1134 7881
1133 7881
1132 7881
1131 7881
1130 7881
1129 7881
1128 7881
1127 7881
1126 7881
1125 7881
1124 7881
1123 7881
1122 7881
1121 7881
1120 7881
1119 7881
1118 7881
1117 7881
1116 7881
1115 7881
1114 7881
1113 7881
1112 7881
1111 7881
1110 7880
1109 7880
1108 7880
1107 7880
1106 7879
1105 7879
1104 7879
1103 7879
1102 7879
1101 7879
1100 7879
1099 7879
1098 7879
1097 7879
1096 7879
1095 7879
1094 7879
1093 7879
1092 7879
1091 7879
1090 7879
1089 7879
1088 7879
1087 7879
1086 7878
1085 7878
1084 7878
1083 7878
1082 7877
1081 7877
1080 7877
1079 7877
1078 7877
1077 7877
1076 7877
1075 7877
1074 7877
1073 7877
1072 7877
1071 7877
1070 7877
1069 7877
1068 7877
1067 7877
1066 7877
1065 7877
1064 7877
1063 7877
1062 7877
1061 7877
1060 7877
1059 7877
1058 7877
1057 7877
1056 7877
1055 7877
1054 7877
1053 7877
1052 7877
1051 7877
1050 7877
1049 7877
1048 7877
1047 7877
1046 7877
1045 7877
1044 7877
1043 7877
1042 7877
1041 7877
1040 7876
1039 7876
1038 7876
1037 7876
1036 7875
1035 7875
1034 7875
1033 7875
1032 7875
1031 7875
1030 7875
1029 7875
1028 7875
1027 7875
1026 7875
1025 7875
1024 7875
1023 7875
1022 7875
1021 7875
1020 7875
1019 7875
1018 7874
1017 7874
1016 7874
1015 7874
1014 7873
1013 7873
1012 7873
1011 7873
1010 7873
1009 7873
1008 7873
1007 7873
1006 7873
1005 7873
1004 7872
1003 7872
1002 7872
1001 7872
1000 7871
999 7871
998 7871
997 7871
996 7871
995 7871
994 7871
993 7871
992 7871
991 7871
990 7871
989 7871
988 7871
987 7871
986 7871
985 7871
984 7871
983 7871
982 7871
981 7871
980 7870
979 7870
978 7870
977 7870
976 7869
975 7869
974 7869
973 7869
972 7869
971 7869
970 7869
969 7869
968 7869
967 7869
966 7869
965 7869
964 7869
963 7869
962 7869
961 7869
960 7869
959 7869
958 7869
957 7869
956 7869
955 7869
954 7869
953 7869
952 7869
951 7869
950 7869
949 7869
948 7869
947 7869
946 7869
945 7869
944 7869
943 7869
942 7869
941 7869
940 7869
939 7869
938 7868
937 7868
936 7868
935 7868
934 7867
933 7867
932 7867
931 7867
930 7867
929 7867
928 7867
927 7867
926 7867
925 7867
924 7867
923 7867
922 7867
921 7867
920 7867
919 7867
918 7867
917 7867
916 7867
915 7867
914 7867
913 7867
912 7867
911 7867
910 7867
909 7867
908 7867
907 7867
906 7867
905 7867
904 7867
903 7867
902 7867
901 7867
900 7867
899 7867
898 7867
897 7867
896 7867
895 7867
894 7867
893 7867
892 7867
891 7867
890 7867
889 7867
888 7867
887 7867
886 7867
885 7867
884 7867
883 7867
882 7867
881 7867
880 7867
879 7867
878 7867
877 7867
876 7867
875 7867
874 7867
873 7867
872 7866
871 7866
870 7866
869 7866
868 7865
867 7865
866 7865
865 7865
864 7865
863 7865
862 7865
861 7865
860 7865
859 7865
858 7865
857 7865
856 7865
855 7865
854 7865
853 7865
852 7865
851 7865
850 7865
849 7865
848 7865
847 7865
846 7865
845 7865
844 7865
843 7865
842 7865
841 7865
840 7865
839 7865
838 7865
837 7865
836 7865
835 7865
834 7865
833 7865
832 7865
831 7865
830 7865
829 7865
828 7865
827 7865
826 7865
825 7865
824 7865
823 7865
822 7865
821 7865
820 7865
819 7865
818 7865
817 7865
816 7865
815 7865
814 7865
813 7865
812 7865
811 7865
810 7865
809 7865
808 7865
807 7865
806 7865
805 7865
804 7865
803 7865
802 7865
801 7865
800 7865
799 7865
798 7865
797 7865
796 7865
795 7865
794 7865
793 7865
792 7865
791 7865
790 7865
789 7865
788 7865
787 7865
786 7865
785 7865
784 7865
783 7865
782 7865
781 7865
780 7865
779 7865
778 7865
777 7865
776 7865
775 7865
774 7865
773 7865
772 7865
771 7865
770 7865
769 7865
768 7865
767 7865
766 7865
765 7865
764 7865
763 7865
762 7865
761 7865
760 7865
759 7865
758 7865
757 7865
756 7866
755 7866
754 7866
753 7866
752 7867
751 7867
750 7867
749 7867
748 7867
747 7867
746 7867
745 7867
744 7867
743 7867
742 7867
741 7867
740 7867
739 7867
738 7867
737 7867
736 7867
735 7867
734 7867
733 7867
732 7867
731 7867
730 7867
729 7867
728 7867
727 7867
726 7867
725 7867
724 7867
723 7867
722 7867
721 7867
720 7867
719 7867
718 7867
717 7867
716 7867
715 7867
714 7867
713 7867
712 7867
711 7867
710 7867
709 7867
708 7867
707 7867
706 7868
705 7868
704 7868
703 7868
702 7869
701 7869
700 7869
699 7869
698 7870
697 7870
696 7870
695 7870
694 7871
693 7871
692 7871
691 7871
690 7871
689 7871
688 7871
687 7871
686 7872
685 7872
684 7872
683 7872
682 7873
681 7873
680 7873
679 7873
678 7874
677 7874
676 7874
675 7874
674 7875
673 7875
672 7875
671 7875
670 7875
669 7875
668 7875
667 7875
666 7875
665 7875
664 7875
663 7875
662 7875
661 7875
660 7875
659 7875
658 7875
657 7875
656 7875
655 7875
654 7875
653 7875
652 7875
651 7875
650 7875
649 7875
648 7875
647 7875
646 7875
645 7875
644 7875
643 7875
642 7875
641 7875
640 7875
639 7875
638 7875
637 7875
636 7875
635 7875
634 7875
633 7875
632 7875
631 7875
630 7875
629 7875
628 7875
627 7875
626 7875
625 7875
624 7875
623 7875
622 7875
621 7875
620 7875
619 7875
618 7875
617 7875
616 7875
615 7875
614 7875
613 7875
612 7875
611 7875
610 7875
609 7875
608 7875
607 7875
606 7875
605 7875
604 7875
603 7875
602 7874
601 7874
600 7874
599 7874
598 7873
597 7873
596 7873
595 7873
594 7873
593 7873
592 7873
591 7873
590 7873
589 7873
588 7873
587 7873
586 7873
585 7873
584 7873
583 7873
582 7873
581 7873
580 7873
579 7873
578 7873
577 7873
576 7873
575 7873
574 7873
573 7873
572 7873
571 7873
570 7873
569 7873
568 7873
567 7873
566 7873
565 7873
564 7874
563 7874
562 7874
561 7874
560 7875
559 7875
558 7875
557 7875
556 7876
555 7876
554 7876
553 7876
552 7877
551 7878
550 7878
549 7878
548 7879
547 7879
546 7879
545 7879
544 7879
543 7879
542 7879
541 7879
540 7879
539 7879
538 7879
537 7879
536 7879
535 7879
534 7879
533 7879
532 7879
531 7879
530 7878
529 7878
528 7878
527 7878
526 7877
525 7877
524 7877
523 7877
522 7877
521 7877
520 7877
519 7877
518 7877
517 7877
516 7877
515 7877
514 7877
513 7877
512 7877
511 7877
510 7877
509 7877
508 7877
507 7877
506 7877
505 7877
504 7877
503 7877
502 7877
501 7877
500 7876
499 7876
498 7876
497 7876
496 7875
495 7875
494 7875
493 7875
492 7875
491 7875
490 7875
489 7875
488 7875
487 7875
486 7875
485 7875
484 7875
483 7875
482 7875
481 7875
480 7875
479 7875
478 7875
477 7875
476 7875
475 7875
474 7875
473 7875
472 7875
471 7875
470 7875
469 7875
468 7875
467 7875
466 7875
465 7875
464 7874
463 7874
462 7874
461 7874
460 7873
459 7873
458 7873
457 7873
456 7873
455 7873
454 7873
453 7873
452 7873
451 7873
450 7873
449 7873
448 7873
447 7873
446 7874
445 7874
444 7874
443 7874
442 7875
441 7875
440 7875
439 7875
438 7875
437 7875
436 7875
435 7875
434 7875
433 7875
432 7875
431 7875
430 7875
429 7875
428 7875
427 7875
426 7875
425 7875
424 7874
423 7874
422 7874
421 7874
420 7873
419 7873
418 7873
417 7873
416 7873
415 7873
414 7873
413 7873
412 7873
411 7873
410 7873
409 7873
408 7873
407 7873
406 7873
405 7873
404 7873
403 7873
402 7872
401 7872
400 7872
399 7872
398 7871
397 7871
396 7871
395 7871
394 7871
393 7871
392 7871
391 7871
390 7871
389 7871
388 7871
387 7871
386 7871
385 7871
384 7871
383 7871
382 7871
381 7871
380 7871
379 7871
378 7871
377 7871
376 7871
375 7871
374 7871
373 7871
372 7871
371 7871
370 7871
369 7871
368 7871
367 7871
366 7870
365 7870
364 7870
363 7870
362 7869
361 7869
360 7869
359 7869
358 7869
357 7869
356 7869
355 7869
354 7868
353 7868
352 7868
351 7868
350 7867
349 7867
348 7867
347 7867
346 7867
345 7867
344 7867
343 7867
342 7867
341 7867
340 7867
339 7867
338 7867
337 7867
336 7867
335 7867
334 7867
333 7867
332 7867
331 7867
330 7867
329 7867
328 7867
327 7867
326 7867
325 7867
324 7867
323 7867
322 7866
321 7866
320 7866
319 7866
318 7865
317 7865
316 7865
315 7865
314 7865
313 7865
312 7864
311 7864
310 7864
309 7864
308 7863
307 7863
306 7863
305 7863
304 7862
303 7862
302 7862
301 7862
300 7861
299 7861
298 7861
297 7861
296 7861
295 7861
294 7861
293 7861
292 7861
291 7861
290 7861
289 7861
288 7861
287 7861
286 7861
285 7861
284 7861
283 7861
282 7861
281 7861
280 7861
279 7861
278 7861
277 7861
276 7861
275 7861
274 7861
273 7861
272 7861
271 7861
270 7861
269 7861
268 7861
267 7861
266 7861
265 7861
264 7861
263 7861
262 7861
261 7861
260 7861
259 7861
258 7861
257 7861
256 7861
255 7861
254 7861
253 7861
252 7861
251 7861
250 7861
249 7861
248 7860
247 7860
246 7860
245 7860
244 7859
243 7859
242 7858
241 7858
240 7858
239 7858
238 7857
237 7857
236 7856
235 7856
234 7856
233 7856
232 7855
231 7855
230 7855
229 7855
228 7855
227 7855
226 7854
225 7854
224 7854
223 7854
222 7853
221 7853
220 7853
219 7853
218 7853
217 7853
216 7853
215 7853
214 7853
213 7853
212 7853
211 7853
210 7853
209 7853
208 7853
207 7853
206 7853
205 7853
204 7853
203 7853
202 7853
201 7853
200 7853
199 7853
198 7853
197 7853
196 7853
195 7853
194 7853
193 7853
192 7853
191 7853
190 7853
189 7853
188 7853
187 7853
186 7853
185 7853
184 7853
183 7853
182 7853
181 7853
180 7853
179 7853
178 7853
177 7853
176 7853
175 7853
174 7853
173 7853
172 7853
171 7853
170 7853
169 7853
168 7853
167 7853
166 7853
165 7853
164 7853
163 7853
162 7853
161 7853
160 7853
159 7853
158 7853
157 7853
156 7853
155 7853
154 7852
153 7852
152 7852
151 7852
150 7851
149 7851
148 7851
147 7851
146 7851
145 7851
144 7851
143 7851
142 7851
141 7851
140 7851
139 7851
138 7851
137 7851
136 7851
135 7851
134 7851
133 7851
132 7851
131 7851
130 7851
129 7851
