1454 2068
1453 2069
1452 2069
1451 2069
1450 2070
1449 2070
1448 2070
1447 2071
1446 2071
1445 2071
1444 2071
1443 2071
1442 2071
1441 2071
1440 2071
1439 2072
1438 2072
1437 2072
1436 2072
1435 2072
1434 2072
1433 2072
1432 2073
1431 2073
1430 2073
1429 2074
1428 2074
1427 2074
1426 2075
1425 2075
1424 2075
1423 2076
1422 2076
1421 2076
1420 2077
1419 2077
1418 2078
1417 2078
1416 2078
1415 2078
1414 2079
1413 2079
1412 2079
1411 2080
1410 2080
1409 2080
1408 2080
1407 2080
1406 2081
1405 2081
1404 2081
1403 2081
1402 2082
1401 2082
1400 2082
1399 2082
1398 2082
1397 2083
1396 2083
1395 2083
1394 2083
1393 2083
1392 2083
1391 2083
1390 2083
1389 2083
1388 2083
1387 2083
1386 2083
1385 2083
1384 2083
1383 2083
1382 2083
1381 2083
1380 2083
1379 2083
1378 2083
1377 2083
1376 2083
1375 2083
1374 2083
1373 2083
1372 2084
1371 2084
1370 2085
1369 2086
1368 2086
1367 2086
1366 2087
1365 2087
1364 2087
1363 2087
1362 2087
1361 2087
1361 2088
1360 2089
1360 2090
1360 2091
1360 2092
1360 2093
1360 2094
1360 2095
1360 2096
1360 2097
1360 2098
1360 2099
1360 2100
1360 2101
1359 2102
1359 2103
1359 2104
1359 2105
1359 2106
1359 2107
1359 2108
1359 2109
1359 2110
1359 2111
1359 2112
1359 2113
1360 2114
1361 2115
1362 2115
1363 2116
1364 2116
1365 2116
1366 2117
1367 2117
1368 2117
1369 2117
1370 2117
1371 2118
1372 2119
1373 2119
1374 2120
1375 2120
1376 2120
1377 2120
1378 2121
1379 2121
1380 2122
1381 2122
1382 2123
1383 2123
1384 2123
1385 2123
1386 2123
1387 2124
1388 2124
1389 2124
1390 2125
1391 2125
1392 2125
1393 2125
1394 2125
1395 2125
1396 2125
1397 2125
1398 2125
1399 2125
1400 2125
1401 2124
1402 2124
1403 2124
1404 2125
1405 2126
1406 2126
1407 2127
1408 2127
1409 2127
1410 2127
1411 2127
1412 2128
1413 2128
1414 2128
1415 2128
1416 2128
1417 2128
1418 2128
1419 2129
1420 2129
1421 2129
1422 2129
1423 2129
1424 2129
1425 2129
1426 2129
1427 2129
1428 2129
1429 2129
1430 2129
1431 2129
1432 2129
1433 2129
1434 2128
1435 2128
1436 2128
1437 2128
1438 2128
1439 2128
1440 2127
1441 2127
1442 2127
1443 2127
1444 2127
1445 2127
1446 2127
1447 2126
1448 2126
1449 2125
1450 2125
1451 2125
1452 2125
1453 2125
1454 2125
1455 2125
1456 2125
1457 2125
1458 2125
1459 2125
1460 2125
1461 2125
1462 2126
1463 2126
1464 2127
1465 2127
1466 2127
1467 2127
1468 2127
1469 2127
1470 2127
1471 2127
1472 2127
1473 2126
1474 2126
1475 2125
1476 2124
1477 2124
1478 2124
1479 2123
1480 2123
1481 2123
1482 2122
1483 2122
1484 2122
1485 2122
1486 2122
1487 2122
1488 2122
1489 2122
1490 2121
1491 2121
1492 2121
1493 2120
1494 2120
1495 2119
1496 2118
1497 2117
1497 2116
1497 2115
1497 2114
1497 2113
1497 2112
1497 2111
1497 2110
1497 2109
1497 2108
1497 2107
1497 2106
1497 2105
1497 2104
1497 2103
1498 2102
1498 2101
1499 2100
1499 2099
1498 2098
1497 2097
1497 2096
1496 2095
1496 2094
1495 2093
1495 2092
1495 2091
1495 2090
1495 2089
1495 2088
1494 2087
1493 2086
1493 2085
1492 2084
1492 2083
1491 2082
1491 2081
1491 2080
1490 2079
1490 2078
1490 2077
1490 2076
1489 2075
1489 2074
1489 2073
1488 2072
1487 2071
1486 2071
1485 2071
1484 2071
1483 2071
1482 2071
1481 2071
1480 2071
1479 2070
1478 2070
1477 2070
1476 2069
1475 2069
1474 2069
1473 2068
1472 2068
1471 2068
1470 2068
1469 2068
1468 2068
1467 2068
1466 2068
1465 2068
1464 2068
1463 2068
1462 2068
1461 2068
1460 2068
1459 2068
1458 2068
1457 2068
1456 2068
1455 2068
1454 2068
