246 1832
245 1833
244 1833
243 1833
242 1834
241 1834
240 1835
239 1836
238 1836
237 1837
236 1837
235 1838
234 1839
233 1840
232 1841
232 1842
231 1843
230 1844
229 1845
229 1846
228 1847
227 1848
227 1849
226 1850
226 1851
225 1852
225 1853
224 1854
223 1855
222 1856
221 1857
220 1858
220 1859
220 1860
219 1861
219 1862
218 1863
217 1864
217 1865
216 1866
215 1867
214 1868
213 1869
212 1870
212 1871
212 1872
212 1873
212 1874
212 1875
211 1876
211 1877
211 1878
210 1879
210 1880
210 1881
209 1882
209 1883
209 1884
209 1885
209 1886
208 1887
208 1888
208 1889
208 1890
208 1891
208 1892
208 1893
209 1894
209 1895
210 1896
211 1897
212 1897
213 1897
214 1897
215 1896
216 1896
216 1895
217 1894
218 1893
219 1893
220 1893
221 1893
222 1893
223 1893
224 1893
225 1892
226 1892
227 1892
228 1893
229 1893
230 1894
231 1895
232 1896
233 1897
234 1897
235 1897
236 1897
237 1897
238 1896
239 1896
240 1895
241 1894
242 1894
243 1893
244 1893
245 1892
246 1892
247 1892
248 1892
249 1892
250 1892
251 1892
252 1892
253 1892
254 1892
255 1892
256 1892
257 1891
258 1890
259 1890
260 1890
261 1890
262 1890
263 1890
264 1890
265 1890
266 1891
267 1891
268 1891
269 1891
270 1891
271 1891
272 1891
273 1891
274 1891
275 1891
276 1891
277 1891
278 1891
279 1891
280 1891
281 1891
282 1891
283 1891
284 1891
285 1891
286 1891
287 1891
288 1891
289 1891
290 1892
291 1892
292 1893
293 1893
294 1893
295 1894
296 1894
297 1894
298 1894
299 1895
300 1895
301 1895
302 1895
303 1895
304 1895
305 1895
306 1895
307 1895
308 1895
309 1895
310 1895
311 1895
312 1895
313 1895
314 1895
315 1895
316 1895
317 1895
318 1894
319 1894
320 1894
321 1894
322 1893
323 1893
324 1894
325 1893
326 1893
327 1893
328 1892
329 1892
330 1892
331 1892
332 1892
333 1892
334 1892
335 1892
336 1892
337 1892
338 1892
339 1892
340 1891
341 1891
342 1891
343 1891
344 1891
345 1891
346 1891
347 1891
348 1890
349 1890
350 1890
351 1890
352 1890
353 1890
354 1890
355 1890
356 1890
357 1890
358 1890
359 1890
360 1890
361 1889
362 1889
363 1889
364 1889
365 1889
366 1889
367 1888
368 1888
369 1888
370 1888
371 1887
372 1887
373 1887
374 1886
375 1885
376 1885
377 1884
378 1884
379 1883
380 1882
381 1881
382 1880
383 1879
384 1878
385 1877
385 1876
386 1875
386 1874
387 1873
387 1872
387 1871
387 1870
387 1869
387 1868
387 1867
387 1866
387 1865
387 1864
386 1863
386 1862
386 1861
385 1860
385 1859
384 1858
383 1857
383 1856
382 1855
381 1854
380 1853
379 1852
378 1851
377 1850
376 1849
375 1849
374 1848
373 1848
372 1847
371 1847
370 1846
369 1846
368 1845
367 1845
366 1844
365 1844
364 1844
363 1844
362 1844
361 1843
360 1843
359 1843
358 1842
357 1842
356 1842
355 1842
354 1842
353 1842
352 1842
351 1842
350 1842
349 1842
348 1842
347 1842
346 1842
345 1842
344 1842
343 1842
342 1842
341 1842
340 1842
339 1842
338 1842
337 1842
336 1842
335 1842
334 1842
333 1842
332 1842
331 1842
330 1842
329 1842
328 1842
327 1842
326 1841
325 1840
324 1839
323 1839
322 1839
321 1839
320 1838
319 1838
318 1837
317 1837
316 1836
315 1836
314 1836
313 1836
312 1836
311 1836
310 1836
309 1836
308 1836
307 1836
306 1836
305 1836
304 1836
303 1836
302 1836
301 1835
300 1835
299 1835
298 1835
297 1835
296 1835
295 1835
294 1835
293 1835
292 1835
291 1835
290 1835
289 1835
288 1835
287 1835
286 1835
285 1835
284 1835
283 1835
282 1835
281 1835
280 1835
279 1835
278 1835
277 1835
276 1835
275 1835
274 1835
273 1835
272 1835
271 1835
270 1835
269 1835
268 1835
267 1835
266 1835
265 1835
264 1835
263 1835
262 1835
261 1835
260 1835
259 1835
258 1835
257 1835
256 1835
255 1834
254 1834
253 1834
252 1833
251 1833
250 1833
249 1832
248 1832
247 1832
246 1832
