723 484
722 485
721 485
720 486
719 487
718 487
717 488
716 488
715 488
714 488
713 488
712 487
711 487
710 488
709 488
708 489
707 489
706 490
705 491
704 492
703 492
702 493
701 493
700 493
699 493
698 494
697 494
696 494
695 494
694 494
693 494
692 494
691 494
690 495
689 495
688 496
687 496
686 497
685 497
684 497
683 498
682 498
681 498
680 499
679 499
678 499
677 499
676 500
675 500
674 501
673 501
672 502
671 502
670 502
669 502
668 502
667 502
666 503
665 503
664 503
663 503
662 503
661 504
660 504
659 504
658 505
657 505
656 505
655 506
654 506
653 507
652 507
651 507
650 508
649 509
648 509
647 510
646 510
645 510
644 510
643 510
642 510
641 510
640 510
639 510
638 510
637 510
636 510
635 510
634 510
633 511
633 512
632 513
632 514
632 515
632 516
632 517
632 518
632 519
632 520
632 521
632 522
632 523
632 524
632 525
632 526
632 527
632 528
632 529
632 530
632 531
632 532
632 533
632 534
632 535
632 536
632 537
632 538
632 539
632 540
633 541
633 542
633 543
634 544
634 545
634 546
634 547
634 548
634 549
634 550
634 551
635 552
636 553
636 554
637 555
638 556
639 557
639 558
640 559
640 560
641 561
641 562
641 563
641 564
641 565
641 566
641 567
641 568
642 569
643 570
643 571
643 572
644 573
644 574
645 575
646 576
647 577
648 577
649 577
650 577
651 577
652 577
653 577
654 577
655 577
656 577
657 577
658 576
659 576
660 576
661 576
662 576
663 576
664 576
665 576
666 575
667 575
668 575
669 575
670 575
671 575
672 574
673 574
674 574
675 573
676 573
677 573
678 573
679 573
680 573
681 573
682 573
683 573
684 573
685 573
686 573
687 573
688 573
689 573
690 573
691 573
692 573
693 573
694 573
695 574
696 574
697 574
698 575
699 575
700 575
701 576
702 577
703 577
704 577
705 577
706 577
707 577
708 577
709 577
710 577
711 577
712 577
713 578
714 578
715 578
716 579
717 579
718 579
719 579
720 580
721 580
722 580
723 580
724 580
725 580
726 580
727 580
728 580
729 580
730 580
731 580
732 580
733 579
734 578
735 578
736 578
737 577
738 577
739 577
740 577
741 577
742 577
743 577
744 577
745 577
746 577
747 577
748 577
749 577
750 577
751 577
752 577
753 576
754 576
755 576
756 576
757 576
758 576
759 576
760 576
761 575
762 575
763 575
764 575
765 575
766 575
767 575
768 575
769 575
770 575
771 575
772 575
773 575
774 575
775 575
776 575
777 575
778 575
779 575
780 575
781 575
782 575
783 575
784 575
785 575
786 575
787 575
788 575
789 575
790 575
791 575
792 575
793 575
794 575
795 575
796 575
797 575
798 575
799 575
800 575
801 575
802 575
803 575
804 575
805 575
806 576
807 576
808 576
809 576
810 576
811 576
812 576
813 576
814 576
815 576
816 576
817 576
818 576
819 576
820 576
821 576
822 577
823 577
824 577
825 577
826 577
827 577
828 577
829 577
830 577
831 577
832 577
833 576
834 575
835 574
836 574
837 573
838 573
839 572
840 572
841 571
842 570
843 569
844 569
845 569
846 568
847 568
848 567
849 567
850 566
851 566
852 565
853 564
854 564
855 563
856 563
857 562
858 562
859 561
860 560
861 559
862 558
863 557
864 556
865 555
866 555
867 554
868 553
868 552
869 551
869 550
869 549
869 548
869 547
868 546
868 545
867 544
867 543
866 542
865 541
864 540
863 539
862 538
861 537
860 536
859 535
858 534
857 533
856 532
855 531
854 530
853 530
852 530
851 529
850 528
849 527
848 526
847 525
846 525
845 524
844 523
843 523
842 522
841 522
840 521
839 520
838 520
837 519
836 519
835 519
834 519
833 518
832 518
831 518
830 517
829 517
828 517
827 516
826 516
825 515
824 515
823 515
822 515
821 515
820 514
819 513
818 513
817 512
816 512
815 512
814 511
813 511
812 510
811 509
810 509
809 508
808 508
807 507
806 506
805 506
804 505
803 505
802 504
801 503
800 502
799 501
798 501
797 500
796 499
795 498
794 497
793 497
792 496
791 496
790 495
789 494
788 494
787 493
786 493
785 493
784 492
783 492
782 492
781 492
780 492
779 491
778 491
777 490
776 490
775 489
774 489
773 489
772 489
771 489
770 489
769 488
768 488
767 488
766 488
765 488
764 488
763 488
762 488
761 488
760 488
759 488
758 488
757 488
756 488
755 487
754 487
753 487
752 487
751 487
750 487
749 487
748 487
747 486
746 486
745 486
744 485
743 485
742 485
741 485
740 485
739 485
738 484
737 484
736 484
735 484
734 484
733 484
732 484
731 484
730 484
729 484
728 484
727 484
726 484
725 484
724 484
723 484
