1093 1734
1092 1735
1091 1736
1090 1737
1089 1738
1088 1738
1087 1738
1086 1739
1085 1739
1084 1740
1083 1741
1082 1742
1082 1743
1081 1744
1080 1745
1080 1746
1079 1747
1078 1747
1077 1748
1076 1749
1075 1749
1074 1750
1073 1751
1072 1751
1071 1752
1070 1753
1069 1753
1068 1753
1067 1754
1066 1754
1065 1754
1064 1754
1063 1754
1062 1754
1061 1754
1060 1755
1059 1755
1058 1755
1057 1756
1056 1756
1055 1756
1054 1756
1053 1756
1052 1756
1051 1756
1050 1756
1049 1756
1048 1756
1047 1757
1046 1758
1045 1759
1045 1760
1045 1761
1045 1762
1045 1763
1045 1764
1045 1765
1045 1766
1046 1767
1046 1768
1047 1769
1048 1770
1048 1771
1048 1772
1049 1773
1049 1774
1049 1775
1050 1776
1050 1777
1051 1778
1052 1779
1053 1780
1054 1781
1055 1782
1056 1783
1057 1784
1057 1785
1058 1786
1059 1787
1059 1788
1060 1789
1060 1790
1061 1791
1062 1792
1063 1793
1063 1794
1064 1795
1065 1795
1066 1796
1067 1797
1068 1798
1068 1799
1069 1800
1070 1800
1071 1801
1072 1802
1073 1803
1073 1804
1074 1805
1075 1805
1076 1806
1077 1807
1078 1808
1079 1809
1080 1809
1081 1810
1082 1811
1083 1812
1084 1813
1085 1814
1086 1815
1087 1816
1088 1817
1089 1818
1090 1819
1091 1820
1092 1821
1093 1822
1094 1823
1095 1824
1096 1825
1097 1826
1098 1827
1099 1828
1100 1829
1101 1830
1102 1831
1103 1832
1104 1832
1105 1832
1106 1833
1107 1833
1108 1833
1109 1833
1110 1833
1111 1833
1112 1833
1113 1833
1114 1833
1115 1833
1116 1833
1117 1832
1118 1832
1119 1832
1120 1831
1121 1831
1122 1831
1123 1831
1124 1831
1125 1831
1126 1831
1127 1831
1128 1831
1129 1831
1130 1830
1131 1830
1132 1830
1133 1829
1134 1829
1135 1829
1136 1828
1137 1828
1138 1828
1139 1828
1140 1828
1141 1827
1142 1827
1143 1827
1144 1827
1145 1826
1146 1826
1147 1825
1148 1824
1149 1823
1150 1822
1151 1822
1152 1822
1153 1822
1154 1822
1155 1821
1156 1821
1157 1821
1158 1820
1159 1820
1160 1820
1161 1820
1162 1820
1163 1820
1164 1819
1165 1819
1166 1819
1167 1819
1168 1819
1169 1819
1170 1819
1171 1819
1172 1819
1173 1819
1174 1819
1175 1819
1176 1819
1177 1819
1178 1819
1179 1819
1180 1819
1181 1819
1182 1819
1183 1819
1184 1819
1185 1819
1186 1819
1187 1819
1188 1819
1189 1819
1190 1819
1191 1819
1192 1819
1193 1819
1194 1819
1195 1819
1196 1819
1197 1820
1198 1820
1199 1820
1200 1820
1201 1820
1202 1820
1203 1820
1204 1821
1205 1821
1206 1821
1207 1822
1208 1822
1209 1822
1210 1822
1211 1822
1212 1823
1213 1823
1214 1823
1215 1823
1216 1823
1217 1823
1218 1823
1219 1823
1220 1823
1221 1824
1222 1825
1223 1825
1224 1825
1225 1825
1226 1825
1227 1825
1228 1825
1229 1825
1230 1825
1231 1825
1232 1825
1233 1825
1234 1826
1235 1826
1236 1826
1237 1827
1238 1827
1239 1828
1240 1828
1241 1829
1242 1830
1243 1831
1244 1832
1245 1833
1246 1833
1247 1834
1248 1834
1249 1834
1250 1834
1251 1834
1252 1834
1253 1834
1254 1834
1255 1834
1256 1833
1257 1833
1258 1833
1259 1833
1260 1832
1261 1832
1262 1831
1263 1831
1264 1830
1264 1829
1265 1828
1266 1827
1266 1826
1267 1825
1268 1825
1269 1824
1270 1823
1271 1823
1272 1822
1273 1821
1274 1820
1275 1819
1276 1818
1277 1817
1278 1816
1279 1815
1280 1814
1281 1813
1282 1812
1283 1811
1284 1810
1285 1809
1286 1808
1287 1808
1288 1807
1289 1807
1290 1807
1291 1807
1292 1806
1293 1806
1294 1805
1295 1804
1296 1804
1297 1804
1298 1803
1299 1802
1300 1801
1301 1800
1302 1799
1303 1799
1304 1798
1305 1797
1306 1797
1307 1796
1308 1796
1309 1795
1310 1795
1311 1795
1312 1794
1313 1794
1314 1794
1315 1794
1316 1794
1317 1793
1318 1792
1319 1791
1320 1790
1321 1789
1322 1789
1323 1789
1324 1788
1325 1788
1326 1789
1327 1789
1328 1789
1329 1789
1330 1788
1331 1787
1332 1787
1333 1786
1334 1785
1335 1785
1336 1784
1337 1783
1337 1782
1338 1781
1339 1780
1339 1779
1340 1778
1340 1777
1340 1776
1340 1775
1340 1774
1340 1773
1340 1772
1340 1771
1340 1770
1339 1769
1339 1768
1338 1767
1337 1767
1336 1766
1335 1766
1334 1766
1333 1766
1332 1766
1331 1765
1330 1765
1329 1764
1328 1764
1327 1763
1326 1763
1325 1763
1324 1762
1323 1762
1322 1761
1321 1761
1320 1760
1319 1760
1318 1759
1317 1759
1316 1759
1315 1759
1314 1759
1313 1759
1312 1759
1311 1759
1310 1759
1309 1758
1308 1757
1307 1757
1306 1757
1305 1758
1304 1758
1303 1758
1302 1758
1301 1758
1300 1758
1299 1758
1298 1758
1297 1758
1296 1758
1295 1758
1294 1757
1293 1757
1292 1757
1291 1757
1290 1757
1289 1757
1288 1757
1287 1757
1286 1757
1285 1757
1284 1757
1283 1757
1282 1757
1281 1757
1280 1757
1279 1757
1278 1757
1277 1757
1276 1756
1275 1756
1274 1756
1273 1756
1272 1756
1271 1756
1270 1755
1269 1755
1268 1755
1267 1754
1266 1754
1265 1754
1264 1754
1263 1754
1262 1754
1261 1754
1260 1754
1259 1754
1258 1754
1257 1754
1256 1754
1255 1754
1254 1754
1253 1754
1252 1754
1251 1753
1250 1753
1249 1753
1248 1753
1247 1753
1246 1753
1245 1753
1244 1753
1243 1752
1242 1752
1241 1751
1240 1750
1239 1750
1238 1749
1237 1749
1236 1749
1235 1749
1234 1749
1233 1748
1232 1748
1231 1747
1230 1747
1229 1746
1228 1746
1227 1746
1226 1746
1225 1746
1224 1745
1223 1745
1222 1745
1221 1744
1220 1744
1219 1744
1218 1744
1217 1743
1216 1743
1215 1742
1214 1742
1213 1742
1212 1742
1211 1743
1210 1743
1209 1744
1208 1744
1207 1745
1206 1745
1205 1745
1204 1746
1203 1746
1202 1747
1201 1747
1200 1748
1199 1748
1198 1748
1197 1748
1196 1748
1195 1748
1194 1748
1193 1748
1192 1748
1191 1747
1190 1746
1189 1745
1188 1745
1187 1745
1186 1745
1185 1745
1184 1746
1183 1746
1182 1747
1181 1747
1180 1748
1179 1748
1178 1748
1177 1748
1176 1748
1175 1748
1174 1748
1173 1748
1172 1749
1171 1749
1170 1749
1169 1750
1168 1751
1167 1752
1166 1752
1165 1753
1164 1754
1163 1754
1162 1755
1161 1756
1160 1757
1159 1758
1158 1758
1157 1758
1156 1758
1155 1759
1154 1759
1153 1759
1152 1760
1151 1760
1150 1761
1149 1761
1148 1762
1147 1762
1146 1762
1145 1762
1144 1762
1143 1761
1142 1761
1141 1761
1140 1761
1139 1760
1138 1760
1137 1760
1136 1759
1135 1759
1134 1759
1133 1759
1132 1758
1131 1758
1130 1757
1129 1756
1128 1756
1127 1756
1126 1755
1125 1755
1124 1754
1123 1754
1122 1754
1121 1753
1120 1752
1119 1752
1118 1751
1117 1751
1116 1750
1115 1750
1114 1749
1113 1748
1112 1747
1111 1746
1110 1745
1109 1745
1108 1744
1107 1743
1106 1742
1105 1741
1104 1740
1103 1740
1102 1739
1101 1738
1100 1737
1099 1736
1098 1735
1097 1735
1096 1734
1095 1734
1094 1734
1093 1734
