1093 1096
1092 1097
1091 1097
1090 1098
1089 1098
1088 1098
1087 1098
1086 1098
1085 1098
1084 1098
1083 1098
1082 1098
1081 1098
1080 1098
1079 1097
1078 1097
1077 1097
1076 1097
1075 1097
1074 1097
1073 1097
1072 1097
1071 1097
1070 1097
1069 1097
1068 1097
1067 1097
1066 1097
1065 1097
1064 1098
1063 1098
1062 1098
1061 1099
1060 1099
1059 1099
1058 1100
1057 1101
1056 1101
1055 1102
1054 1102
1053 1103
1052 1103
1051 1103
1050 1104
1049 1105
1048 1105
1047 1106
1046 1107
1045 1107
1044 1108
1043 1109
1042 1110
1041 1111
1040 1112
1039 1112
1038 1112
1037 1112
1036 1112
1035 1113
1034 1113
1033 1113
1032 1114
1031 1114
1030 1114
1029 1114
1028 1115
1027 1115
1026 1115
1025 1115
1024 1116
1023 1117
1022 1118
1021 1118
1020 1119
1019 1120
1018 1121
1017 1122
1016 1123
1015 1124
1014 1125
1013 1126
1013 1127
1012 1128
1011 1129
1010 1130
1009 1131
1008 1132
1007 1133
1007 1134
1006 1135
1005 1136
1004 1137
1004 1138
1003 1139
1002 1140
1001 1141
1001 1142
1000 1143
1000 1144
999 1145
998 1146
998 1147
997 1148
996 1149
996 1150
995 1151
996 1152
996 1153
996 1154
997 1155
998 1155
999 1156
1000 1156
1001 1156
1002 1156
1003 1156
1004 1156
1005 1156
1006 1156
1007 1156
1008 1156
1009 1157
1010 1157
1011 1157
1012 1157
1013 1157
1014 1158
1015 1158
1016 1158
1017 1159
1018 1159
1019 1159
1020 1160
1021 1160
1022 1160
1023 1161
1024 1161
1025 1161
1026 1162
1027 1162
1028 1163
1029 1164
1030 1164
1031 1164
1032 1165
1033 1165
1034 1166
1035 1166
1036 1167
1037 1167
1038 1168
1039 1168
1040 1169
1041 1169
1042 1169
1043 1170
1044 1170
1045 1170
1046 1171
1047 1171
1048 1171
1049 1171
1050 1172
1051 1172
1052 1172
1053 1172
1054 1172
1055 1173
1056 1174
1057 1175
1058 1176
1059 1176
1060 1177
1061 1177
1062 1177
1063 1178
1064 1178
1065 1179
1066 1179
1067 1180
1068 1180
1069 1180
1070 1181
1071 1181
1072 1181
1073 1182
1074 1182
1075 1182
1076 1183
1077 1183
1078 1184
1079 1184
1080 1185
1081 1185
1082 1185
1083 1185
1084 1185
1085 1185
1086 1185
1087 1185
1088 1185
1089 1185
1090 1185
1091 1185
1092 1184
1093 1184
1094 1184
1095 1184
1096 1184
1097 1184
1098 1184
1099 1183
1100 1183
1101 1183
1102 1183
1103 1182
1104 1182
1105 1182
1106 1181
1107 1181
1108 1181
1109 1180
1110 1180
1111 1180
1112 1180
1113 1179
1114 1179
1115 1179
1116 1179
1117 1179
1118 1179
1119 1178
1120 1178
1121 1178
1122 1178
1123 1177
1124 1177
1125 1176
1126 1175
1127 1175
1128 1174
1129 1174
1130 1173
1131 1172
1132 1172
1133 1171
1134 1170
1135 1169
1136 1168
1137 1167
1138 1166
1139 1165
1139 1164
1140 1163
1140 1162
1140 1161
1140 1160
1141 1159
1141 1158
1141 1157
1142 1156
1142 1155
1142 1154
1142 1153
1142 1152
1142 1151
1142 1150
1142 1149
1142 1148
1143 1147
1143 1146
1143 1145
1143 1144
1143 1143
1143 1142
1143 1141
1143 1140
1143 1139
1143 1138
1143 1137
1143 1136
1142 1135
1142 1134
1142 1133
1142 1132
1142 1131
1142 1130
1142 1129
1142 1128
1142 1127
1142 1126
1142 1125
1141 1124
1140 1123
1139 1122
1139 1121
1138 1120
1137 1119
1136 1118
1135 1117
1135 1116
1134 1115
1133 1114
1132 1114
1131 1113
1130 1112
1129 1111
1128 1110
1127 1110
1126 1109
1125 1108
1124 1108
1123 1108
1122 1108
1121 1107
1120 1106
1119 1105
1118 1104
1117 1103
1116 1103
1115 1102
1114 1102
1113 1102
1112 1102
1111 1102
1110 1101
1109 1101
1108 1100
1107 1099
1106 1099
1105 1098
1104 1098
1103 1098
1102 1097
1101 1096
1100 1096
1099 1096
1098 1096
1097 1096
1096 1096
1095 1096
1094 1096
1093 1096
