899 1095
898 1096
897 1096
896 1096
895 1097
894 1097
893 1098
892 1098
891 1098
890 1098
889 1098
888 1098
887 1098
886 1098
885 1098
884 1099
883 1099
882 1100
881 1100
880 1100
879 1100
878 1100
877 1101
876 1101
875 1101
874 1101
873 1101
872 1101
871 1101
870 1102
869 1102
868 1102
867 1103
866 1103
865 1103
864 1103
863 1103
862 1104
861 1104
860 1104
859 1105
858 1105
857 1106
856 1106
855 1107
854 1107
853 1108
852 1108
851 1109
850 1109
849 1109
848 1110
847 1110
846 1111
845 1112
844 1113
844 1114
845 1115
846 1116
847 1117
847 1118
848 1119
848 1120
849 1121
849 1122
850 1123
850 1124
851 1125
851 1126
852 1127
852 1128
853 1129
854 1130
855 1131
856 1131
857 1131
858 1132
859 1132
860 1133
861 1133
862 1134
863 1134
864 1135
865 1136
866 1136
867 1137
868 1138
869 1138
870 1139
871 1139
872 1139
873 1140
874 1140
875 1141
876 1141
877 1142
878 1143
879 1143
880 1143
881 1144
882 1144
883 1145
884 1145
885 1146
886 1146
887 1147
888 1147
889 1148
890 1148
891 1148
892 1149
893 1149
894 1150
895 1150
896 1151
897 1151
898 1151
899 1151
900 1152
901 1152
902 1152
903 1152
904 1152
905 1152
906 1152
907 1153
908 1153
909 1153
910 1153
911 1153
912 1153
913 1153
914 1153
915 1153
916 1153
917 1153
918 1153
919 1152
920 1152
921 1152
922 1151
923 1151
924 1151
925 1150
926 1150
927 1150
928 1149
929 1149
930 1148
931 1148
932 1147
933 1147
934 1146
935 1146
936 1145
937 1144
938 1143
939 1143
940 1143
941 1142
942 1141
943 1141
944 1141
945 1140
946 1140
947 1139
947 1138
947 1137
947 1136
947 1135
947 1134
946 1133
946 1132
945 1131
945 1130
945 1129
945 1128
945 1127
945 1126
945 1125
945 1124
946 1123
946 1122
946 1121
946 1120
946 1119
946 1118
946 1117
946 1116
945 1115
944 1114
944 1113
944 1112
944 1111
943 1110
943 1109
942 1109
941 1108
940 1108
939 1107
938 1106
937 1106
936 1105
935 1105
934 1104
933 1104
932 1104
931 1103
930 1103
929 1102
928 1102
927 1101
926 1101
925 1100
924 1099
923 1099
922 1098
921 1097
920 1096
919 1096
918 1096
917 1096
916 1096
915 1096
914 1095
913 1095
912 1095
911 1095
910 1095
909 1095
908 1095
907 1095
906 1095
905 1095
904 1095
903 1095
902 1095
901 1095
900 1095
899 1095
