838 617
837 618
836 618
836 619
835 620
835 621
834 622
834 623
834 624
834 625
833 626
833 627
832 628
831 629
831 630
831 631
831 632
831 633
831 634
831 635
831 636
831 637
831 638
830 639
830 640
830 641
829 642
829 643
829 644
829 645
829 646
828 647
827 648
826 649
826 650
826 651
826 652
826 653
825 654
825 655
825 656
824 657
824 658
824 659
824 660
824 661
824 662
824 663
824 664
823 665
823 666
823 667
823 668
823 669
824 670
824 671
824 672
824 673
824 674
824 675
824 676
824 677
824 678
824 679
824 680
824 681
824 682
824 683
823 684
823 685
823 686
823 687
823 688
823 689
823 690
823 691
823 692
823 693
822 694
822 695
822 696
822 697
821 698
821 699
821 700
821 701
821 702
820 703
820 704
820 705
819 706
819 707
819 708
819 709
819 710
819 711
819 712
818 713
818 714
818 715
817 716
817 717
817 718
816 719
816 720
815 721
815 722
814 723
814 724
813 725
813 726
813 727
812 728
812 729
812 730
812 731
812 732
812 733
812 734
812 735
812 736
812 737
812 738
812 739
812 740
812 741
812 742
812 743
813 744
813 745
814 745
815 745
816 746
817 746
818 747
819 748
820 748
821 748
822 748
823 748
824 747
825 747
826 747
827 747
828 746
829 746
830 746
831 746
832 745
833 745
834 745
835 744
836 743
837 743
838 743
839 742
840 742
841 742
842 741
843 741
844 740
845 740
846 740
847 740
848 739
849 739
850 739
851 738
852 738
853 738
854 737
855 737
856 737
857 737
858 737
859 737
860 737
861 737
862 737
863 737
864 736
865 736
866 736
867 735
868 735
869 735
870 735
871 735
872 735
873 735
874 735
875 735
876 735
877 735
878 735
879 735
880 735
881 735
882 735
883 735
884 735
885 735
886 735
887 735
888 735
889 734
890 734
891 734
892 734
893 734
894 734
895 734
896 734
897 734
898 734
899 734
900 733
901 733
902 733
903 733
904 733
905 733
906 733
907 733
908 733
909 733
910 733
911 733
912 733
913 733
914 733
915 733
916 733
917 733
918 733
919 733
920 733
921 733
922 733
923 733
924 733
925 733
926 733
927 732
928 732
929 732
930 732
931 732
932 732
933 732
934 732
935 732
936 732
937 732
938 732
939 732
940 732
941 732
942 732
943 732
944 732
945 732
946 732
947 732
948 732
949 732
950 732
951 731
952 731
953 731
954 730
955 730
956 730
957 730
958 729
959 729
960 729
961 729
962 729
963 729
964 729
965 729
966 728
967 728
968 728
969 728
970 728
971 728
972 728
973 728
974 728
975 728
976 728
977 728
978 728
979 728
980 728
981 727
982 727
983 727
984 727
985 727
986 727
987 727
988 726
989 726
990 726
991 725
992 725
993 725
994 725
995 725
996 725
997 725
998 724
999 723
1000 722
1001 722
1002 721
1003 721
1004 721
1005 720
1006 720
1007 720
1008 719
1009 719
1010 718
1011 717
1012 717
1013 716
1014 716
1015 715
1016 714
1017 714
1018 713
1019 713
1020 712
1021 712
1022 712
1023 712
1024 712
1025 712
1026 712
1027 712
1028 713
1029 714
1030 714
1031 714
1032 714
1033 714
1034 714
1035 714
1036 714
1037 714
1038 714
1039 714
1040 713
1041 712
1041 711
1042 710
1042 709
1042 708
1042 707
1041 706
1041 705
1041 704
1040 703
1040 702
1040 701
1040 700
1040 699
1040 698
1040 697
1040 696
1040 695
1040 694
1040 693
1040 692
1040 691
1040 690
1040 689
1040 688
1040 687
1040 686
1040 685
1040 684
1040 683
1039 682
1038 681
1037 680
1036 679
1035 679
1034 679
1033 678
1032 678
1031 677
1030 677
1029 676
1028 676
1027 676
1026 675
1025 675
1024 675
1023 674
1022 674
1021 674
1020 674
1019 674
1018 674
1017 674
1016 673
1015 672
1014 672
1013 672
1012 671
1011 671
1010 670
1009 670
1008 669
1007 669
1006 669
1005 669
1004 668
1003 668
1002 667
1001 667
1000 666
999 666
998 666
997 665
996 665
995 664
994 664
993 664
992 663
991 663
990 663
989 663
988 663
987 663
986 663
985 663
984 662
983 662
982 662
981 662
980 662
979 662
978 662
977 662
976 662
975 662
974 661
973 661
972 661
971 661
970 661
969 661
968 661
967 660
966 660
965 660
964 659
963 659
962 659
961 659
960 658
959 658
958 658
957 658
956 658
955 658
954 658
953 657
952 657
951 657
950 657
949 656
948 656
947 656
946 656
945 655
944 655
943 655
942 654
941 654
940 654
939 654
938 654
937 654
936 653
935 653
934 653
933 653
932 653
931 653
930 653
929 653
928 653
927 653
926 653
925 653
924 653
923 653
922 653
921 653
920 653
919 653
918 653
917 653
916 653
915 653
914 653
913 653
912 653
911 653
910 653
909 653
908 653
907 653
906 653
905 653
904 653
903 652
902 652
901 652
900 652
899 652
898 652
897 652
896 652
895 652
894 651
893 651
892 651
891 651
890 651
889 650
888 650
887 649
886 649
885 648
884 648
883 647
882 646
881 645
880 644
879 643
878 642
877 642
876 641
875 641
874 640
873 640
872 640
871 639
870 639
869 639
868 638
867 638
866 638
865 638
864 638
863 638
862 637
861 637
860 637
859 636
858 635
857 635
856 635
855 634
854 633
854 632
853 631
853 630
852 629
851 628
850 627
849 626
848 625
848 624
847 623
846 622
846 621
845 620
845 619
844 619
843 618
842 618
841 618
840 618
839 617
838 617
