647 2088
646 2089
645 2089
644 2089
643 2089
642 2089
641 2089
640 2089
639 2089
638 2089
637 2089
636 2089
635 2089
634 2089
633 2089
632 2089
631 2089
630 2089
629 2089
628 2089
627 2089
626 2089
625 2089
624 2089
623 2089
622 2089
621 2089
620 2089
619 2089
618 2089
617 2089
616 2089
615 2089
614 2089
613 2089
612 2089
611 2089
610 2089
609 2089
608 2089
607 2089
606 2089
605 2089
604 2089
603 2089
602 2089
601 2089
600 2089
599 2089
598 2089
597 2089
596 2089
595 2089
594 2089
593 2089
592 2090
591 2090
590 2090
589 2091
588 2091
587 2091
586 2091
585 2091
584 2091
583 2092
582 2092
581 2093
580 2093
579 2094
578 2094
577 2095
576 2096
575 2096
574 2097
573 2098
572 2099
571 2100
570 2101
569 2102
568 2102
567 2103
566 2104
565 2105
564 2106
563 2107
562 2108
561 2109
560 2110
559 2111
559 2112
558 2113
558 2114
558 2115
558 2116
559 2117
559 2118
560 2119
561 2120
562 2121
563 2121
564 2122
565 2123
566 2123
567 2124
568 2124
569 2124
570 2124
571 2124
572 2124
573 2124
574 2124
575 2124
576 2124
577 2124
578 2124
579 2125
580 2125
581 2126
582 2127
583 2128
584 2128
585 2128
586 2129
587 2130
588 2131
589 2132
590 2133
591 2134
592 2135
593 2135
594 2136
595 2137
596 2137
597 2138
598 2139
598 2140
599 2141
600 2141
601 2142
602 2143
603 2144
604 2144
605 2144
606 2144
607 2144
608 2144
609 2144
610 2144
611 2144
612 2144
613 2144
614 2144
615 2144
616 2144
617 2144
618 2144
619 2143
620 2143
621 2143
622 2143
623 2143
624 2143
625 2143
626 2143
627 2143
628 2143
629 2143
630 2143
631 2143
632 2143
633 2143
634 2143
635 2143
636 2143
637 2143
638 2143
639 2143
640 2143
641 2143
642 2143
643 2144
644 2144
645 2144
646 2144
647 2144
648 2144
649 2144
650 2144
651 2144
652 2144
653 2144
654 2144
655 2144
656 2144
657 2144
658 2144
659 2144
660 2144
661 2144
662 2144
663 2144
664 2144
665 2144
666 2144
667 2144
668 2144
669 2144
670 2144
671 2143
672 2143
673 2142
674 2142
675 2141
676 2140
677 2139
678 2138
679 2137
680 2137
681 2136
682 2135
683 2135
683 2134
684 2133
685 2132
686 2131
686 2130
686 2129
686 2128
686 2127
686 2126
686 2125
686 2124
686 2123
686 2122
686 2121
685 2120
685 2119
685 2118
684 2117
684 2116
683 2115
682 2114
681 2113
681 2112
681 2111
681 2110
681 2109
681 2108
681 2107
681 2106
681 2105
680 2104
680 2103
680 2102
680 2101
680 2100
680 2099
680 2098
680 2097
680 2096
679 2095
679 2094
678 2093
677 2093
676 2093
675 2093
674 2093
673 2092
672 2092
671 2092
670 2092
669 2092
668 2092
667 2091
666 2091
665 2090
664 2090
663 2089
662 2089
661 2088
660 2088
659 2088
658 2088
657 2088
656 2088
655 2088
654 2088
653 2088
652 2088
651 2088
650 2088
649 2088
648 2088
647 2088
