1619 883
1618 884
1617 885
1616 886
1615 886
1614 886
1613 886
1612 886
1611 886
1610 886
1609 886
1608 886
1607 886
1606 886
1605 886
1604 886
1603 886
1602 886
1601 886
1600 887
1599 887
1598 887
1597 888
1596 888
1595 888
1594 888
1593 888
1592 888
1591 888
1590 888
1589 889
1588 889
1587 889
1586 889
1585 889
1584 889
1583 889
1582 889
1581 889
1580 889
1579 889
1578 889
1577 889
1576 889
1575 889
1574 889
1573 889
1572 889
1571 889
1570 889
1569 889
1568 889
1567 889
1566 889
1565 889
1564 889
1563 889
1562 889
1561 889
1560 889
1559 889
1558 889
1557 889
1556 889
1555 889
1554 889
1553 889
1552 889
1551 890
1550 890
1549 890
1548 890
1547 891
1546 891
1545 891
1544 891
1543 891
1542 891
1541 892
1540 892
1539 893
1538 893
1537 893
1536 894
1535 894
1534 894
1533 894
1532 894
1531 894
1530 894
1529 894
1528 894
1527 894
1526 894
1525 894
1524 894
1523 894
1522 895
1522 896
1522 897
1522 898
1522 899
1522 900
1522 901
1522 902
1522 903
1522 904
1522 905
1522 906
1522 907
1522 908
1522 909
1522 910
1522 911
1522 912
1522 913
1522 914
1522 915
1522 916
1522 917
1522 918
1522 919
1522 920
1522 921
1522 922
1522 923
1522 924
1522 925
1522 926
1522 927
1522 928
1522 929
1522 930
1522 931
1522 932
1522 933
1522 934
1522 935
1522 936
1522 937
1522 938
1522 939
1522 940
1521 941
1521 942
1521 943
1521 944
1521 945
1521 946
1521 947
1521 948
1521 949
1521 950
1521 951
1521 952
1521 953
1521 954
1521 955
1521 956
1521 957
1521 958
1521 959
1521 960
1521 961
1521 962
1521 963
1521 964
1521 965
1521 966
1521 967
1521 968
1521 969
1521 970
1521 971
1522 972
1522 973
1523 973
1524 973
1525 973
1526 973
1527 973
1528 973
1529 973
1530 973
1531 973
1532 973
1533 973
1534 973
1535 973
1536 973
1537 973
1538 972
1539 972
1540 972
1541 972
1542 972
1543 971
1544 971
1545 971
1546 971
1547 971
1548 971
1549 971
1550 971
1551 970
1552 970
1553 970
1554 970
1555 970
1556 970
1557 969
1558 969
1559 969
1560 968
1561 968
1562 968
1563 967
1564 967
1565 967
1566 967
1567 967
1568 966
1569 965
1570 965
1571 965
1572 965
1573 965
1574 965
1575 965
1576 965
1577 965
1578 965
1579 965
1580 965
1581 964
1582 964
1583 964
1584 963
1585 963
1586 963
1587 963
1588 963
1589 963
1590 963
1591 964
1592 964
1593 964
1594 965
1595 965
1596 965
1597 965
1598 965
1599 965
1600 965
1601 966
1602 966
1603 966
1604 967
1605 968
1606 969
1607 969
1608 969
1609 969
1610 968
1611 967
1612 966
1613 966
1614 966
1615 966
1616 967
1617 967
1618 968
1619 969
1620 970
1621 971
1621 972
1622 973
1622 974
1622 975
1622 976
1622 977
1623 978
1624 979
1625 980
1626 980
1627 980
1628 981
1629 981
1630 982
1631 982
1632 982
1633 983
1634 983
1635 983
1636 983
1637 983
1638 983
1639 983
1640 983
1641 983
1642 983
1643 984
1644 984
1645 984
1646 985
1647 985
1648 985
1649 985
1650 985
1651 985
1652 985
1653 985
1654 985
1655 985
1656 985
1657 985
1658 985
1659 985
1660 985
1661 985
1662 985
1663 985
1664 985
1665 984
1666 984
1667 983
1668 983
1669 983
1670 982
1671 982
1672 981
1673 981
1674 981
1675 981
1676 981
1677 981
1678 981
1679 981
1680 981
1681 980
1682 980
1683 980
1684 979
1685 979
1686 978
1687 978
1688 978
1689 978
1690 977
1691 977
1692 976
1693 975
1694 975
1695 974
1696 974
1697 974
1698 973
1699 973
1700 973
1701 972
1702 972
1703 971
1704 971
1705 970
1706 970
1707 969
1708 969
1709 969
1710 968
1711 968
1712 967
1713 967
1714 967
1715 967
1716 966
1716 965
1717 964
1717 963
1718 962
1719 961
1719 960
1720 959
1720 958
1720 957
1720 956
1721 955
1722 954
1722 953
1722 952
1723 951
1723 950
1723 949
1724 948
1724 947
1725 946
1726 945
1727 944
1727 943
1728 942
1729 941
1730 940
1730 939
1730 938
1730 937
1730 936
1729 935
1728 934
1728 933
1728 932
1727 931
1726 930
1726 929
1725 928
1724 927
1723 926
1722 926
1721 925
1720 925
1719 925
1718 925
1717 925
1716 924
1715 924
1714 923
1713 923
1712 922
1711 922
1710 921
1709 920
1708 920
1707 919
1706 919
1705 919
1704 919
1703 919
1702 918
1701 918
1700 917
1699 916
1698 915
1697 914
1696 913
1695 912
1694 911
1694 910
1693 909
1692 909
1691 908
1690 908
1689 907
1688 907
1687 906
1686 905
1685 904
1684 903
1683 903
1682 902
1681 902
1680 901
1679 901
1678 900
1677 900
1676 900
1675 900
1674 900
1673 900
1672 900
1671 900
1670 900
1669 899
1668 899
1667 899
1666 899
1665 898
1664 898
1663 897
1662 896
1661 896
1660 896
1659 896
1658 895
1657 895
1656 894
1655 894
1654 894
1653 893
1652 893
1651 892
1650 892
1649 891
1648 891
1647 890
1646 890
1645 889
1644 889
1643 888
1642 888
1641 888
1640 887
1639 887
1638 886
1637 886
1636 885
1635 884
1634 884
1633 883
1632 883
1631 883
1630 883
1629 883
1628 883
1627 883
1626 883
1625 883
1624 883
1623 883
1622 883
1621 883
1620 883
1619 883
