575 503
574 504
573 504
572 505
571 506
570 506
569 506
568 507
567 508
566 509
565 509
564 510
563 510
562 511
561 511
560 512
559 513
558 514
557 514
556 514
555 515
554 516
553 516
552 517
551 517
550 518
549 519
548 519
547 520
546 520
545 520
544 521
543 521
542 522
541 522
540 523
539 523
538 524
537 524
536 524
535 525
534 525
533 526
532 526
531 527
530 527
529 528
528 529
527 529
526 529
525 530
524 530
523 531
522 531
521 532
520 532
519 533
518 534
517 534
516 535
515 535
514 535
513 536
512 537
511 537
510 538
509 538
508 539
507 539
506 540
505 541
504 541
503 542
502 542
501 543
500 544
499 545
498 546
497 547
496 547
495 548
494 549
493 549
492 550
491 551
490 552
489 553
488 553
487 554
486 555
485 555
484 556
483 557
482 558
481 559
480 560
479 561
478 562
477 563
476 564
475 565
474 566
473 566
472 567
471 567
470 568
469 568
468 569
467 570
466 570
465 571
464 572
463 573
462 573
461 574
460 575
459 576
458 576
457 577
456 578
455 579
454 580
453 581
452 582
451 582
451 583
451 584
452 585
452 586
452 587
453 588
453 589
454 590
455 590
456 590
457 590
458 590
459 590
460 590
461 590
462 590
463 590
464 590
465 590
466 590
467 590
468 590
469 590
470 590
471 590
472 590
473 590
474 589
475 589
476 589
477 589
478 589
479 588
480 588
481 588
482 587
483 587
484 587
485 587
486 587
487 587
488 587
489 587
490 587
491 586
492 586
493 586
494 586
495 585
496 585
497 585
498 585
499 584
500 584
501 584
502 584
503 583
504 583
505 583
506 583
507 583
508 583
509 583
510 583
511 583
512 583
513 583
514 582
515 582
516 582
517 582
518 582
519 582
520 582
521 582
522 582
523 582
524 582
525 582
526 582
527 582
528 582
529 582
530 582
531 582
532 582
533 582
534 582
535 582
536 582
537 582
538 582
539 582
540 582
541 582
542 582
543 582
544 582
545 582
546 582
547 582
548 582
549 582
550 582
551 582
552 582
553 582
554 582
555 582
556 582
557 582
558 582
559 582
560 583
561 583
562 583
563 583
564 583
565 583
566 583
567 584
568 584
569 584
570 584
571 584
572 584
573 584
574 584
575 584
576 584
577 585
578 585
579 585
580 585
581 585
582 585
583 586
584 586
585 586
586 587
587 587
588 588
589 589
590 590
591 590
592 591
593 591
594 591
595 592
596 592
597 593
598 593
599 593
600 593
601 594
602 594
603 595
604 595
605 595
606 595
607 596
608 596
609 596
610 597
611 597
612 598
613 598
614 598
615 598
616 598
617 598
618 599
619 599
620 599
621 599
622 600
623 600
624 600
625 600
626 601
627 601
628 601
629 601
630 601
631 602
632 602
633 602
634 603
635 603
636 603
637 604
638 604
639 605
640 605
641 605
642 605
643 605
644 606
645 606
646 606
647 606
648 606
649 606
650 606
651 606
652 605
653 605
654 605
655 605
656 605
657 605
658 605
659 605
660 605
661 604
662 604
663 604
664 604
665 604
666 603
667 603
668 602
669 602
670 601
671 601
672 600
673 600
674 599
675 599
676 598
677 598
677 597
678 596
679 595
679 594
680 593
681 592
681 591
682 590
682 589
683 588
683 587
684 586
684 585
684 584
685 583
685 582
686 581
687 580
687 579
687 578
687 577
687 576
687 575
687 574
687 573
687 572
687 571
687 570
686 569
686 568
685 567
685 566
684 565
684 564
684 563
684 562
684 561
684 560
684 559
684 558
684 557
684 556
685 555
684 554
684 553
684 552
683 551
683 550
682 549
682 548
682 547
682 546
681 545
680 544
679 544
678 544
677 543
676 543
675 543
674 543
673 543
672 543
671 542
670 542
669 542
668 542
667 542
666 542
665 542
664 542
663 542
662 541
661 541
660 540
659 539
658 539
657 538
656 537
655 537
654 537
653 537
652 536
651 536
650 535
649 534
648 533
647 532
646 531
645 530
644 529
643 528
642 527
641 527
640 526
639 526
638 525
637 525
636 524
635 524
634 524
633 524
632 523
631 522
630 521
629 521
628 521
627 521
626 520
625 520
624 520
623 520
622 519
621 519
620 519
619 518
618 518
617 518
616 517
615 517
614 517
613 517
612 517
611 517
610 517
609 516
608 516
607 516
606 516
605 515
604 515
603 515
602 514
601 514
600 514
599 514
598 514
597 514
596 513
595 512
594 512
593 511
592 511
591 510
590 509
589 508
588 507
587 506
586 506
585 506
584 506
583 505
582 505
581 504
580 504
579 503
578 503
577 503
576 503
575 503
