275 662
274 663
273 663
272 664
271 664
270 665
269 665
268 666
267 666
266 666
265 666
264 666
263 666
262 666
261 666
260 666
259 667
258 667
257 667
256 667
255 668
254 668
253 669
252 669
251 669
250 669
249 669
248 670
247 670
246 670
245 671
244 671
243 671
242 671
241 672
240 672
239 672
238 673
237 673
236 673
235 674
234 674
233 674
232 674
231 674
230 674
229 674
228 674
227 674
226 674
225 674
224 674
223 674
222 675
221 675
220 675
219 676
218 676
217 677
216 678
215 679
214 680
213 681
213 682
213 683
213 684
213 685
213 686
214 687
214 688
214 689
214 690
214 691
214 692
215 693
215 694
216 695
216 696
217 697
218 698
219 699
220 700
221 701
222 702
223 703
224 703
225 704
226 705
227 706
228 707
229 708
230 709
231 710
232 711
233 712
234 712
235 713
236 714
237 714
238 714
239 715
240 715
241 715
242 716
243 716
244 717
245 717
246 718
247 719
248 719
249 719
250 719
251 719
252 719
253 719
254 719
255 719
256 719
257 719
258 719
259 719
260 719
261 719
262 719
263 719
264 719
265 719
266 719
267 719
268 719
269 719
270 719
271 719
272 719
273 719
274 718
275 718
276 717
277 716
278 716
279 715
280 715
281 715
282 714
283 713
284 713
285 713
286 713
287 713
288 712
289 712
290 712
291 711
292 711
293 710
294 709
295 708
296 707
297 707
298 707
299 707
300 706
301 706
301 705
302 704
302 703
302 702
303 701
303 700
303 699
303 698
303 697
304 696
304 695
304 694
304 693
304 692
304 691
304 690
304 689
303 688
303 687
302 686
301 685
300 685
299 684
298 683
297 682
296 681
295 680
295 679
294 678
293 677
292 676
291 676
290 675
289 674
288 674
287 673
287 672
286 671
285 670
284 670
283 669
282 668
282 667
281 666
280 665
279 665
278 664
277 663
276 663
275 662
