300 1575
299 1576
298 1576
298 1577
297 1578
296 1579
295 1580
294 1580
293 1581
292 1582
291 1582
290 1582
289 1582
288 1582
287 1582
286 1582
285 1582
284 1582
283 1583
282 1583
281 1584
280 1584
279 1585
278 1585
277 1586
276 1586
275 1587
274 1588
273 1589
272 1590
271 1591
270 1592
269 1592
268 1593
267 1593
266 1594
265 1594
264 1595
263 1595
262 1596
261 1597
260 1598
260 1599
259 1600
259 1601
259 1602
259 1603
259 1604
259 1605
259 1606
259 1607
259 1608
259 1609
259 1610
259 1611
259 1612
260 1613
260 1614
261 1615
261 1616
262 1617
263 1618
264 1619
265 1620
266 1621
267 1621
268 1622
269 1622
270 1623
271 1624
272 1625
273 1626
274 1626
275 1627
276 1627
277 1628
278 1628
279 1628
280 1628
281 1628
282 1628
283 1628
284 1628
285 1628
286 1628
287 1628
288 1629
289 1629
290 1629
291 1629
292 1629
293 1629
294 1629
295 1629
296 1629
297 1629
298 1629
299 1629
300 1629
301 1629
302 1629
303 1630
304 1630
305 1630
306 1631
307 1631
308 1631
309 1632
310 1633
311 1633
312 1633
313 1633
314 1633
315 1634
316 1634
317 1634
318 1634
319 1634
320 1634
321 1635
322 1635
323 1635
324 1636
325 1636
326 1636
327 1636
328 1636
329 1636
330 1636
331 1636
332 1636
333 1636
334 1636
335 1636
336 1636
337 1636
338 1637
339 1637
340 1638
341 1638
342 1638
343 1638
344 1638
345 1638
346 1638
347 1638
348 1638
349 1638
350 1638
351 1638
352 1638
353 1638
354 1638
355 1638
356 1638
357 1638
358 1638
359 1638
360 1638
361 1638
362 1638
363 1638
364 1638
365 1637
366 1637
367 1637
368 1637
369 1637
370 1637
371 1637
372 1637
373 1637
374 1636
375 1636
376 1636
377 1636
378 1636
379 1636
380 1636
381 1635
382 1635
383 1634
384 1634
385 1633
386 1633
387 1633
388 1633
389 1633
390 1632
391 1632
392 1631
393 1631
394 1630
395 1630
396 1629
397 1628
398 1627
399 1626
400 1625
401 1624
402 1623
402 1622
403 1621
404 1620
404 1619
405 1618
405 1617
406 1616
405 1615
405 1614
405 1613
405 1612
405 1611
405 1610
405 1609
405 1608
405 1607
405 1606
405 1605
405 1604
405 1603
405 1602
405 1601
405 1600
405 1599
404 1598
404 1597
404 1596
404 1595
404 1594
404 1593
404 1592
403 1591
402 1590
401 1589
400 1588
399 1587
398 1586
397 1585
396 1585
395 1584
394 1584
393 1584
392 1584
391 1584
390 1584
389 1584
388 1584
387 1584
386 1583
385 1583
384 1583
383 1583
382 1583
381 1583
380 1583
379 1583
378 1582
377 1582
376 1582
375 1582
374 1582
373 1581
372 1581
371 1581
370 1581
369 1581
368 1580
367 1580
366 1580
365 1579
364 1580
363 1579
362 1579
361 1579
360 1578
359 1578
358 1578
357 1578
356 1577
355 1577
354 1577
353 1577
352 1576
351 1576
350 1576
349 1576
348 1576
347 1576
346 1576
345 1576
344 1576
343 1576
342 1576
341 1575
340 1575
339 1575
338 1575
337 1575
336 1575
335 1575
334 1575
333 1575
332 1575
331 1575
330 1575
329 1575
328 1575
327 1575
326 1575
325 1575
324 1575
323 1575
322 1575
321 1576
320 1576
319 1576
318 1576
317 1576
316 1576
315 1576
314 1576
313 1576
312 1576
311 1576
310 1576
309 1575
308 1575
307 1575
306 1575
305 1575
304 1575
303 1575
302 1575
301 1575
300 1575
