1254 1939
1253 1940
1252 1940
1251 1940
1250 1941
1249 1941
1248 1941
1247 1942
1246 1942
1245 1942
1244 1942
1243 1942
1242 1942
1241 1942
1240 1942
1239 1942
1238 1942
1237 1942
1236 1942
1235 1942
1234 1942
1233 1942
1232 1942
1231 1942
1230 1942
1229 1942
1228 1942
1227 1942
1226 1942
1225 1942
1224 1942
1223 1943
1222 1943
1221 1943
1220 1944
1219 1944
1218 1944
1217 1944
1216 1944
1215 1944
1214 1944
1213 1944
1212 1944
1211 1944
1210 1945
1209 1945
1208 1945
1207 1945
1206 1945
1205 1945
1204 1945
1203 1945
1202 1945
1201 1945
1200 1945
1199 1945
1198 1946
1197 1946
1196 1946
1195 1947
1194 1947
1193 1947
1192 1947
1191 1947
1190 1947
1189 1947
1188 1947
1187 1947
1186 1947
1185 1947
1184 1947
1183 1947
1182 1947
1181 1948
1180 1948
1179 1948
1178 1948
1177 1949
1176 1949
1175 1950
1174 1950
1173 1950
1172 1950
1171 1950
1170 1950
1169 1950
1168 1951
1167 1951
1166 1951
1165 1952
1164 1952
1163 1952
1162 1953
1161 1953
1160 1953
1159 1953
1158 1953
1157 1954
1156 1954
1155 1955
1154 1955
1153 1955
1152 1955
1151 1956
1150 1956
1149 1956
1148 1956
1147 1956
1146 1956
1145 1957
1144 1957
1143 1957
1142 1958
1141 1958
1140 1959
1139 1959
1138 1959
1137 1959
1136 1960
1135 1960
1134 1960
1133 1960
1132 1960
1131 1961
1130 1961
1129 1961
1128 1962
1127 1962
1126 1963
1126 1964
1126 1965
1126 1966
1126 1967
1126 1968
1127 1969
1127 1970
1127 1971
1128 1972
1129 1973
1130 1973
1131 1973
1132 1973
1133 1973
1134 1974
1135 1974
1136 1974
1137 1975
1138 1975
1139 1976
1140 1977
1141 1977
1142 1977
1143 1978
1144 1978
1145 1979
1146 1980
1147 1980
1148 1981
1149 1981
1150 1982
1151 1983
1152 1983
1153 1983
1154 1984
1155 1985
1156 1986
1157 1986
1158 1987
1159 1988
1160 1988
1161 1989
1162 1989
1163 1990
1164 1990
1165 1991
1166 1992
1167 1992
1168 1993
1169 1993
1170 1994
1171 1994
1172 1995
1173 1995
1174 1996
1175 1996
1176 1996
1177 1996
1178 1995
1179 1995
1180 1995
1181 1995
1182 1994
1183 1994
1184 1994
1185 1994
1186 1994
1187 1994
1188 1994
1189 1994
1190 1994
1191 1993
1192 1993
1193 1993
1194 1992
1195 1992
1196 1991
1197 1991
1198 1991
1199 1990
1200 1990
1201 1990
1202 1990
1203 1990
1204 1990
1205 1991
1206 1991
1207 1991
1208 1992
1209 1992
1210 1992
1211 1993
1212 1993
1213 1993
1214 1993
1215 1993
1216 1993
1217 1993
1218 1993
1219 1993
1220 1992
1221 1991
1222 1990
1223 1989
1224 1988
1225 1988
1226 1988
1227 1988
1228 1988
1229 1988
1230 1988
1231 1988
1232 1988
1233 1988
1234 1988
1235 1988
1236 1988
1237 1988
1238 1988
1239 1988
1240 1988
1241 1988
1242 1988
1243 1989
1244 1989
1245 1990
1246 1990
1247 1990
1248 1990
1249 1990
1250 1990
1251 1991
1252 1991
1253 1991
1254 1991
1255 1991
1256 1991
1257 1991
1258 1991
1259 1991
1260 1990
1261 1989
1262 1989
1263 1988
1264 1987
1265 1986
1266 1986
1267 1985
1267 1984
1267 1983
1268 1982
1268 1981
1269 1980
1269 1979
1270 1978
1270 1977
1270 1976
1271 1975
1272 1974
1272 1973
1272 1972
1272 1971
1272 1970
1272 1969
1272 1968
1272 1967
1271 1966
1271 1965
1272 1964
1272 1963
1273 1962
1274 1961
1274 1960
1275 1959
1275 1958
1275 1957
1276 1956
1276 1955
1276 1954
1276 1953
1276 1952
1276 1951
1275 1950
1275 1949
1275 1948
1275 1947
1275 1946
1275 1945
1274 1944
1274 1943
1273 1943
1272 1942
1271 1942
1270 1942
1269 1942
1268 1941
1267 1941
1266 1941
1265 1940
1264 1940
1263 1940
1262 1940
1261 1939
1260 1939
1259 1939
1258 1939
1257 1939
1256 1939
1255 1939
1254 1939
