455 713
454 714
453 714
452 714
451 714
450 714
449 714
448 714
447 714
446 714
445 714
444 714
443 714
442 714
441 714
440 714
439 714
438 714
437 714
436 714
435 714
434 714
433 714
432 714
431 714
430 714
429 714
428 715
427 715
426 715
425 715
424 715
423 715
422 715
421 715
420 715
419 715
418 715
417 715
416 715
415 715
414 715
413 714
412 714
411 714
410 714
409 714
408 714
407 714
406 714
405 714
404 715
404 716
404 717
404 718
404 719
403 720
403 721
403 722
404 723
404 724
404 725
403 726
404 727
405 727
406 728
407 729
408 729
409 729
410 729
411 729
412 729
413 729
414 729
415 729
416 729
417 729
418 729
419 729
420 730
421 731
422 732
423 732
424 732
425 731
426 731
427 731
428 731
429 731
430 731
431 731
432 730
433 730
434 730
435 729
436 729
437 729
438 729
439 729
440 729
441 729
442 729
443 728
444 728
445 728
446 727
447 727
448 726
449 726
450 726
451 725
452 725
453 724
454 724
455 724
456 723
457 723
458 723
459 722
460 722
460 721
460 720
460 719
459 718
459 717
458 716
458 715
457 714
456 714
455 713
