1184 292
1183 293
1182 293
1181 293
1180 294
1179 294
1178 294
1177 294
1176 294
1175 294
1174 294
1173 295
1172 295
1171 295
1170 296
1169 296
1168 297
1167 298
1166 299
1166 300
1165 301
1165 302
1165 303
1165 304
1165 305
1165 306
1165 307
1165 308
1165 309
1165 310
1165 311
1164 312
1164 313
1164 314
1165 315
1165 316
1166 317
1166 318
1167 319
1168 320
1169 321
1170 322
1171 323
1172 324
1173 324
1174 325
1174 326
1175 327
1175 328
1175 329
1176 330
1177 331
1178 332
1179 332
1180 333
1181 333
1182 333
1183 334
1184 335
1185 336
1186 337
1187 337
1188 337
1189 337
1190 336
1191 336
1192 336
1193 337
1194 337
1195 338
1196 338
1197 339
1198 339
1199 339
1200 340
1201 340
1202 340
1203 340
1204 340
1205 340
1206 340
1207 340
1208 340
1209 341
1210 341
1211 341
1212 341
1213 341
1214 341
1215 341
1216 341
1217 341
1218 341
1219 340
1220 340
1221 340
1222 340
1223 341
1224 341
1225 342
1226 342
1227 342
1228 342
1229 342
1230 342
1231 342
1232 342
1233 342
1234 342
1235 342
1236 342
1237 342
1238 342
1239 342
1240 342
1241 342
1242 342
1243 342
1244 342
1245 342
1246 342
1247 342
1248 342
1249 342
1250 342
1251 342
1252 342
1253 341
1254 341
1254 340
1255 339
1256 339
1257 338
1258 337
1259 336
1260 335
1261 335
1262 334
1263 333
1264 333
1265 332
1266 331
1267 330
1268 329
1268 328
1269 327
1269 326
1269 325
1269 324
1269 323
1269 322
1269 321
1269 320
1269 319
1269 318
1269 317
1269 316
1269 315
1269 314
1269 313
1269 312
1269 311
1269 310
1269 309
1269 308
1269 307
1268 306
1268 305
1268 304
1267 303
1266 302
1265 301
1264 301
1263 300
1262 300
1261 299
1260 299
1259 298
1258 298
1257 297
1256 297
1255 296
1254 296
1253 296
1252 296
1251 296
1250 295
1249 295
1248 295
1247 295
1246 295
1245 295
1244 295
1243 295
1242 295
1241 295
1240 295
1239 295
1238 295
1237 295
1236 295
1235 295
1234 294
1233 294
1232 294
1231 294
1230 294
1229 294
1228 294
1227 294
1226 294
1225 294
1224 294
1223 294
1222 294
1221 294
1220 294
1219 294
1218 294
1217 294
1216 294
1215 294
1214 294
1213 294
1212 294
1211 294
1210 294
1209 294
1208 294
1207 294
1206 294
1205 294
1204 294
1203 294
1202 294
1201 294
1200 293
1199 293
1198 292
1197 292
1196 292
1195 292
1194 292
1193 292
1192 292
1191 292
1190 292
1189 292
1188 292
1187 292
1186 292
1185 292
1184 292
