911 1628
910 1629
909 1629
908 1630
907 1630
906 1630
905 1631
904 1632
903 1632
902 1633
901 1634
900 1634
899 1635
898 1635
897 1636
896 1636
895 1637
894 1637
893 1638
892 1638
891 1639
890 1640
889 1640
888 1640
887 1641
886 1641
885 1641
884 1642
883 1642
882 1643
881 1643
880 1644
879 1644
878 1644
877 1645
876 1645
875 1646
874 1646
873 1647
872 1647
871 1648
870 1649
869 1650
869 1651
868 1652
868 1653
867 1654
867 1655
866 1656
865 1657
865 1658
864 1659
864 1660
864 1661
865 1662
866 1663
866 1664
867 1665
867 1666
867 1667
867 1668
868 1669
869 1670
870 1671
871 1672
872 1672
873 1673
874 1674
875 1675
876 1675
877 1675
878 1676
879 1676
880 1677
881 1678
882 1679
883 1680
884 1680
885 1680
886 1680
887 1681
888 1682
889 1682
890 1683
891 1683
892 1683
893 1683
894 1683
895 1684
896 1684
897 1684
898 1684
899 1684
900 1684
901 1684
902 1684
903 1684
904 1684
905 1683
906 1683
907 1683
908 1683
909 1683
910 1683
911 1684
912 1685
913 1685
914 1685
915 1685
916 1685
917 1685
918 1685
919 1686
920 1686
921 1686
922 1686
923 1686
924 1686
925 1686
926 1686
927 1686
928 1686
929 1686
930 1686
931 1686
932 1686
933 1686
934 1686
935 1686
936 1686
937 1685
938 1685
939 1684
940 1684
941 1684
942 1684
943 1683
944 1683
945 1683
946 1682
947 1682
948 1681
949 1680
950 1679
951 1678
952 1677
953 1676
954 1675
955 1674
956 1673
957 1672
957 1671
957 1670
957 1669
957 1668
958 1667
958 1666
958 1665
959 1664
959 1663
959 1662
959 1661
959 1660
959 1659
959 1658
959 1657
959 1656
959 1655
959 1654
959 1653
958 1652
958 1651
957 1650
956 1649
955 1648
954 1647
953 1646
952 1645
951 1644
950 1643
949 1642
948 1642
947 1641
946 1640
945 1639
944 1638
943 1638
942 1637
941 1636
940 1635
939 1634
938 1633
937 1633
936 1632
935 1632
934 1632
933 1632
932 1632
931 1632
930 1631
929 1631
928 1630
927 1629
926 1629
925 1629
924 1628
923 1628
922 1628
921 1628
920 1628
919 1628
918 1628
917 1628
916 1628
915 1628
914 1628
913 1628
912 1628
911 1628
