753 1059
752 1060
751 1060
750 1061
749 1061
748 1061
747 1061
746 1061
745 1061
744 1061
743 1061
742 1061
741 1061
740 1061
739 1061
738 1061
737 1061
736 1061
735 1061
734 1060
733 1060
732 1060
731 1060
730 1060
729 1060
728 1060
727 1060
726 1060
725 1061
724 1061
723 1062
722 1062
721 1063
720 1063
719 1064
718 1064
717 1064
716 1065
715 1066
714 1067
713 1068
712 1069
711 1070
711 1071
710 1072
710 1073
710 1074
711 1075
711 1076
711 1077
712 1078
712 1079
711 1080
711 1081
710 1082
709 1083
708 1084
707 1085
707 1086
706 1087
706 1088
706 1089
705 1090
705 1091
705 1092
705 1093
705 1094
705 1095
704 1096
704 1097
704 1098
704 1099
704 1100
704 1101
704 1102
704 1103
704 1104
704 1105
704 1106
704 1107
704 1108
704 1109
704 1110
704 1111
705 1112
705 1113
706 1114
707 1115
708 1116
709 1117
710 1118
711 1118
712 1119
713 1119
714 1120
715 1120
716 1120
717 1120
718 1120
719 1120
720 1120
721 1121
722 1121
723 1122
724 1122
725 1123
726 1123
727 1123
728 1124
729 1124
730 1125
731 1125
732 1125
733 1125
734 1125
735 1125
736 1126
737 1126
738 1126
739 1127
740 1127
741 1127
742 1127
743 1127
744 1127
745 1127
746 1127
747 1127
748 1127
749 1127
750 1127
751 1127
752 1126
753 1125
754 1125
755 1124
756 1123
757 1123
758 1122
759 1122
760 1122
761 1122
762 1121
763 1120
764 1120
765 1119
766 1119
767 1118
768 1118
769 1118
770 1117
771 1117
772 1116
773 1116
774 1116
775 1116
776 1116
777 1115
778 1114
779 1114
780 1114
781 1114
782 1114
783 1114
784 1114
785 1114
786 1114
787 1113
788 1113
789 1113
790 1112
791 1112
792 1112
793 1112
794 1112
795 1112
796 1112
797 1112
798 1112
799 1112
800 1112
801 1112
802 1112
803 1112
804 1112
805 1112
806 1112
807 1111
808 1111
809 1111
810 1111
811 1110
812 1110
813 1110
814 1109
815 1108
816 1107
817 1106
817 1105
818 1104
818 1103
818 1102
819 1101
819 1100
819 1099
819 1098
819 1097
819 1096
819 1095
819 1094
819 1093
819 1092
820 1091
820 1090
820 1089
820 1088
820 1087
820 1086
820 1085
820 1084
820 1083
820 1082
820 1081
820 1080
819 1079
819 1078
818 1077
817 1076
816 1075
815 1074
814 1073
813 1072
812 1071
811 1071
810 1070
809 1069
808 1068
807 1067
806 1067
805 1066
804 1066
803 1065
802 1065
801 1065
800 1065
799 1064
798 1064
797 1063
796 1063
795 1062
794 1062
793 1062
792 1061
791 1061
790 1061
789 1061
788 1061
787 1061
786 1061
785 1061
784 1061
783 1061
782 1061
781 1061
780 1060
779 1060
778 1059
777 1059
776 1059
775 1059
774 1059
773 1059
772 1059
771 1059
770 1059
769 1059
768 1059
767 1059
766 1059
765 1059
764 1059
763 1059
762 1059
761 1059
760 1059
759 1059
758 1059
757 1059
756 1059
755 1059
754 1059
753 1059
