308 276
307 277
306 277
305 278
304 277
303 277
302 277
301 277
300 277
299 277
298 277
297 278
296 278
295 278
294 278
293 278
292 278
291 278
290 278
289 278
288 279
287 279
286 280
285 280
284 281
283 281
282 281
281 282
280 282
279 282
278 282
277 282
276 283
275 283
274 283
273 283
272 283
271 283
270 283
269 283
268 283
267 283
266 284
265 284
264 284
263 284
262 284
261 284
260 284
259 284
258 285
257 286
256 287
255 287
254 288
253 288
252 289
251 289
250 290
249 290
248 291
247 292
247 293
247 294
247 295
247 296
248 297
249 298
250 299
251 300
252 300
253 301
254 301
255 301
256 301
257 301
258 300
259 300
260 300
261 300
262 300
263 300
264 300
265 300
266 300
267 300
268 300
269 300
270 300
271 300
272 300
273 299
274 299
275 299
276 299
277 298
278 298
279 298
280 298
281 297
282 297
283 297
284 297
285 297
286 297
287 297
288 297
289 297
290 297
291 297
292 297
293 297
294 297
295 297
296 297
297 297
298 297
299 297
300 298
301 298
302 298
303 298
304 298
305 298
306 298
307 298
308 297
309 297
310 298
311 298
312 298
313 298
314 299
315 299
316 299
317 299
318 299
319 299
320 298
321 299
322 299
323 299
324 299
325 300
326 300
327 300
328 300
329 300
330 300
331 300
332 300
333 301
334 301
335 301
336 301
337 301
338 301
339 301
340 301
341 301
342 301
343 301
344 301
345 301
346 300
347 300
348 300
349 299
350 299
351 298
352 297
353 297
354 296
355 295
355 294
355 293
356 292
356 291
356 290
357 289
356 288
356 287
355 286
354 285
354 284
353 283
352 282
351 282
350 281
349 280
348 280
347 279
346 279
345 279
344 278
343 278
342 278
341 278
340 277
339 277
338 277
337 277
336 277
335 277
334 276
333 276
332 276
331 276
330 276
329 276
328 276
327 276
326 276
325 276
324 276
323 276
322 276
321 276
320 276
319 276
318 276
317 276
316 276
315 276
314 276
313 276
312 276
311 276
310 276
309 276
308 276
