1649 633
1648 634
1647 634
1646 634
1645 635
1644 635
1643 635
1642 635
1641 635
1640 635
1639 636
1638 636
1637 637
1636 637
1635 638
1634 638
1633 638
1632 638
1631 639
1630 639
1629 639
1628 640
1627 640
1626 640
1625 640
1624 640
1623 640
1622 640
1621 640
1620 641
1619 641
1618 641
1617 641
1616 641
1615 641
1614 641
1613 642
1612 642
1611 642
1610 641
1609 641
1608 641
1607 641
1606 641
1605 641
1604 641
1603 640
1602 640
1601 640
1600 640
1599 640
1598 640
1597 640
1596 640
1595 640
1594 641
1593 641
1592 641
1591 641
1590 641
1589 642
1588 642
1587 643
1586 643
1585 643
1584 643
1583 643
1582 643
1581 643
1580 643
1579 644
1578 644
1577 644
1576 645
1575 645
1574 645
1573 644
1572 644
1571 644
1570 643
1569 643
1568 643
1567 643
1566 643
1565 644
1564 644
1563 644
1562 645
1561 645
1560 645
1559 645
1558 645
1557 645
1556 645
1555 645
1554 645
1553 644
1552 644
1551 644
1550 643
1549 643
1548 644
1547 644
1546 644
1545 644
1544 644
1543 644
1542 644
1541 644
1540 645
1539 645
1538 645
1537 645
1536 645
1535 646
1534 646
1533 646
1532 646
1531 646
1530 647
1529 647
1528 647
1527 647
1526 648
1525 648
1524 648
1523 649
1522 649
1521 649
1520 650
1519 650
1518 651
1517 651
1516 652
1515 653
1514 653
1513 653
1512 654
1511 654
1510 654
1509 655
1508 655
1507 656
1506 657
1505 657
1504 657
1503 657
1502 658
1501 658
1500 659
1499 659
1498 659
1497 659
1496 659
1495 660
1494 660
1493 660
1492 661
1491 661
1490 661
1489 661
1488 661
1487 661
1486 662
1485 662
1484 662
1483 662
1482 663
1481 663
1480 664
1479 664
1478 664
1477 664
1476 665
1475 665
1474 665
1473 666
1472 666
1471 667
1470 667
1469 667
1468 668
1467 669
1466 670
1465 671
1464 672
1463 673
1462 674
1461 675
1460 675
1459 676
1458 677
1457 678
1456 679
1455 680
1454 681
1453 682
1452 683
1452 684
1451 685
1450 686
1450 687
1449 688
1448 689
1448 690
1447 691
1447 692
1447 693
1448 694
1448 695
1448 696
1449 696
1450 696
1451 696
1452 696
1453 696
1454 695
1455 695
1456 695
1457 694
1458 694
1459 694
1460 694
1461 693
1462 693
1463 692
1464 692
1465 691
1466 691
1467 690
1468 690
1469 689
1470 689
1471 688
1472 688
1473 688
1474 687
1475 687
1476 686
1477 686
1478 685
1479 685
1480 685
1481 684
1482 684
1483 684
1484 684
1485 684
1486 683
1487 683
1488 683
1489 683
1490 683
1491 683
1492 683
1493 683
1494 683
1495 682
1496 682
1497 681
1498 681
1499 681
1500 681
1501 681
1502 681
1503 681
1504 681
1505 681
1506 681
1507 681
1508 681
1509 681
1510 681
1511 681
1512 682
1513 683
1514 683
1515 684
1516 684
1517 684
1518 684
1519 684
1520 684
1521 684
1522 684
1523 684
1524 684
1525 684
1526 684
1527 684
1528 684
1529 683
1530 683
1531 683
1532 683
1533 683
1534 683
1535 683
1536 683
1537 682
1538 682
1539 682
1540 682
1541 682
1542 681
1543 681
1544 681
1545 681
1546 681
1547 681
1548 681
1549 681
1550 680
1551 680
1552 680
1553 680
1554 680
1555 680
1556 680
1557 680
1558 679
1559 679
1560 679
1561 678
1562 678
1563 678
1564 678
1565 678
1566 678
1567 678
1568 678
1569 678
1570 678
1571 678
1572 678
1573 678
1574 678
1575 678
1576 678
1577 678
1578 678
1579 679
1580 679
1581 679
1582 679
1583 680
1584 680
1585 680
1586 680
1587 680
1588 680
1589 680
1590 680
1591 680
1592 680
1593 680
1594 680
1595 680
1596 681
1597 681
1598 681
1599 681
1600 681
1601 681
1602 681
1603 681
1604 681
1605 681
1606 682
1607 682
1608 682
1609 682
1610 682
1611 682
1612 682
1613 682
1614 682
1615 682
1616 682
1617 682
1618 682
1619 682
1620 682
1621 682
1622 683
1623 683
1624 683
1625 683
1626 683
1627 683
1628 683
1629 683
1630 683
1631 683
1632 683
1633 683
1634 683
1635 684
1636 684
1637 684
1638 684
1639 684
1640 684
1641 684
1642 684
1643 684
1644 684
1645 685
1646 685
1647 685
1648 686
1649 686
1650 686
1651 686
1652 686
1653 686
1654 686
1655 686
1656 686
1657 686
1658 686
1659 686
1660 686
1661 686
1662 686
1663 686
1664 686
1665 686
1666 686
1667 686
1668 686
1669 686
1670 686
1671 686
1672 686
1673 686
1674 686
1675 686
1676 686
1677 686
1678 686
1679 686
1680 686
1681 686
1682 686
1683 686
1684 686
1685 686
1686 686
1687 686
1688 686
1689 686
1690 686
1691 685
1692 685
1693 685
1694 684
1695 684
1696 684
1697 685
1698 684
1699 684
1700 684
1701 683
1702 683
1703 683
1704 683
1705 683
1706 683
1707 683
1708 683
1709 682
1710 682
1711 682
1712 681
1713 681
1714 680
1715 680
1716 680
1717 680
1718 679
1719 679
1720 679
1721 678
1722 678
1723 678
1724 678
1725 677
1726 677
1727 676
1728 676
1729 675
1730 675
1731 675
1732 674
1733 674
1734 674
1735 674
1736 674
1737 675
1738 675
1739 675
1740 674
1741 674
1742 674
1743 673
1744 673
1745 673
1746 673
1747 672
1748 672
1749 672
1750 672
1751 672
1752 672
1753 672
1754 671
1755 671
1756 670
1757 670
1758 669
1759 668
1759 667
1759 666
1760 665
1759 664
1758 664
1757 664
1756 664
1755 663
1755 662
1756 661
1757 660
1758 659
1758 658
1758 657
1758 656
1757 656
1756 655
1755 654
1754 653
1753 653
1752 653
1751 652
1750 652
1749 651
1748 651
1747 650
1746 650
1745 650
1744 649
1743 649
1742 649
1741 648
1740 648
1739 648
1738 648
1737 648
1736 648
1735 648
1734 647
1733 647
1732 647
1731 647
1730 647
1729 646
1728 646
1727 645
1726 645
1725 644
1724 643
1723 643
1722 643
1721 643
1720 643
1719 643
1718 643
1717 643
1716 643
1715 643
1714 642
1713 642
1712 641
1711 641
1710 640
1709 640
1708 640
1707 640
1706 640
1705 640
1704 640
1703 639
1702 639
1701 639
1700 638
1699 638
1698 638
1697 637
1696 637
1695 637
1694 637
1693 637
1692 637
1691 637
1690 636
1689 636
1688 636
1687 636
1686 636
1685 636
1684 635
1683 635
1682 635
1681 635
1680 635
1679 635
1678 635
1677 635
1676 635
1675 635
1674 635
1673 635
1672 635
1671 635
1670 635
1669 635
1668 635
1667 635
1666 635
1665 635
1664 635
1663 635
1662 635
1661 635
1660 635
1659 634
1658 634
1657 634
1656 633
1655 633
1654 633
1653 633
1652 633
1651 633
1650 633
1649 633
