612 208
611 209
610 209
609 209
608 209
607 210
606 210
605 211
605 212
604 213
604 214
604 215
603 216
603 217
602 218
601 219
601 220
600 221
600 222
600 223
599 224
599 225
599 226
599 227
598 228
598 229
597 230
597 231
596 232
596 233
595 234
594 235
594 236
594 237
594 238
594 239
594 240
594 241
593 242
593 243
593 244
592 245
592 246
592 247
591 248
591 249
591 250
591 251
591 252
590 253
590 254
589 255
589 256
589 257
589 258
588 259
588 260
588 261
588 262
588 263
588 264
588 265
588 266
588 267
588 268
588 269
588 270
588 271
588 272
588 273
588 274
588 275
588 276
588 277
588 278
588 279
588 280
588 281
588 282
588 283
588 284
588 285
588 286
589 287
590 288
590 289
591 289
592 289
593 289
594 288
595 288
596 288
597 289
598 288
599 288
600 288
601 287
602 287
603 287
604 287
605 286
606 285
607 284
608 284
609 283
610 284
611 284
612 283
613 283
614 283
615 283
616 282
617 282
618 282
619 282
620 281
621 280
622 279
623 278
624 278
625 278
626 277
627 277
628 277
629 277
630 277
631 277
632 277
633 276
634 276
635 276
636 275
637 275
638 275
639 274
640 274
641 274
642 273
643 273
644 273
645 273
646 272
647 272
648 272
649 272
650 272
651 272
652 272
653 271
654 270
655 269
656 269
657 268
658 268
659 268
660 268
661 268
662 268
663 268
664 268
665 268
666 267
667 267
668 267
669 267
670 267
671 267
672 267
673 266
674 265
675 264
676 263
676 262
677 261
677 260
677 259
677 258
677 257
677 256
678 255
678 254
678 253
678 252
678 251
678 250
678 249
678 248
679 247
679 246
680 245
680 244
681 243
681 242
681 241
681 240
681 239
680 238
680 237
679 236
678 235
678 234
678 233
677 232
676 231
675 230
674 229
673 229
672 228
671 227
670 226
669 226
668 225
667 224
666 224
665 223
664 222
663 222
662 221
661 221
660 221
659 221
658 221
657 221
656 220
655 220
654 219
653 218
652 217
651 217
650 217
649 217
648 216
647 216
646 216
645 216
644 215
643 215
642 214
641 214
640 213
639 213
638 213
637 213
636 213
635 213
634 213
633 213
632 213
631 213
630 213
629 212
628 212
627 212
626 211
625 211
624 210
623 209
622 209
621 209
620 208
619 208
618 208
617 208
616 208
615 208
614 208
613 208
612 208
