576 691
575 692
574 692
573 692
572 693
571 694
570 694
569 694
568 694
567 694
566 694
565 694
564 694
563 694
562 694
561 694
560 695
559 695
558 695
557 695
556 696
555 696
554 697
553 698
552 698
551 699
550 699
549 699
548 699
547 699
546 699
545 699
544 699
543 700
542 700
541 701
540 702
539 703
538 704
537 705
537 706
536 707
535 708
535 709
534 710
534 711
534 712
534 713
534 714
533 715
532 716
532 717
531 718
531 719
530 720
530 721
530 722
529 723
529 724
529 725
528 726
527 727
527 728
527 729
527 730
526 731
526 732
526 733
526 734
526 735
525 736
525 737
525 738
524 739
524 740
524 741
524 742
524 743
524 744
524 745
524 746
524 747
524 748
524 749
524 750
524 751
524 752
524 753
525 754
526 755
527 755
528 755
529 755
530 755
531 755
532 755
533 754
534 754
535 754
536 754
537 754
538 753
539 753
540 753
541 753
542 753
543 753
544 753
545 753
546 753
547 753
548 752
549 752
550 752
551 751
552 751
553 751
554 751
555 751
556 752
557 752
558 752
559 753
560 753
561 753
562 753
563 753
564 753
565 753
566 753
567 753
568 753
569 753
570 753
571 753
572 753
573 753
574 753
575 753
576 753
577 753
578 753
579 753
580 752
581 752
582 751
583 751
584 750
585 750
586 750
587 749
588 749
589 749
590 749
591 749
592 749
593 749
594 748
595 748
596 747
597 747
598 746
599 746
600 745
601 745
602 745
603 745
604 744
605 743
606 743
607 742
608 742
609 742
610 742
611 741
612 741
613 740
613 739
614 738
615 737
615 736
616 735
616 734
617 733
617 732
617 731
618 730
618 729
618 728
618 727
618 726
618 725
618 724
618 723
618 722
618 721
618 720
618 719
618 718
618 717
618 716
618 715
618 714
618 713
618 712
617 711
617 710
616 709
615 709
614 708
613 707
613 706
612 705
611 704
610 703
609 702
608 701
607 701
606 700
605 700
604 700
603 699
602 699
601 698
600 698
599 697
598 696
597 695
596 695
595 695
594 694
593 694
592 694
591 693
590 693
589 693
588 693
587 692
586 692
585 692
584 692
583 692
582 692
581 692
580 691
579 691
578 691
577 691
576 691
