615 74
614 75
613 75
612 76
612 77
611 78
611 79
610 80
610 81
609 82
609 83
609 84
608 85
608 86
608 87
607 88
606 89
606 90
605 91
605 92
604 93
604 94
603 95
603 96
603 97
602 98
602 99
602 100
602 101
601 102
601 103
601 104
601 105
601 106
601 107
601 108
601 109
601 110
601 111
601 112
601 113
601 114
601 115
600 116
600 117
600 118
600 119
600 120
600 121
600 122
601 123
601 124
601 125
601 126
601 127
601 128
601 129
601 130
601 131
601 132
601 133
601 134
601 135
601 136
601 137
601 138
601 139
601 140
601 141
600 142
600 143
600 144
600 145
600 146
600 147
600 148
600 149
600 150
600 151
600 152
600 153
601 154
601 155
602 156
603 157
604 158
605 159
606 160
607 161
608 162
609 162
610 163
611 163
612 164
613 164
614 164
615 164
616 164
617 164
618 164
619 164
620 164
621 164
622 165
623 165
624 165
625 165
626 165
627 165
628 165
629 165
630 165
631 165
632 165
633 165
634 165
635 165
636 165
637 165
638 165
639 165
640 165
641 165
642 165
643 165
644 165
645 165
646 165
647 165
648 165
649 165
650 164
651 164
652 164
653 164
654 164
655 163
656 163
657 163
658 163
659 163
660 163
661 163
662 163
663 162
664 162
665 162
666 161
667 161
668 161
669 161
670 161
671 161
672 161
673 161
674 161
675 161
676 160
677 159
678 158
679 157
679 156
680 155
681 154
682 153
683 152
683 151
683 150
683 149
683 148
683 147
683 146
683 145
683 144
683 143
683 142
683 141
683 140
683 139
683 138
683 137
683 136
683 135
682 134
682 133
682 132
681 131
681 130
681 129
681 128
681 127
680 126
680 125
679 124
679 123
678 122
677 121
677 120
677 119
677 118
677 117
676 116
676 115
675 114
675 113
675 112
674 111
674 110
674 109
673 108
673 107
673 106
673 105
673 104
673 103
672 102
672 101
671 101
670 100
669 99
668 98
668 97
667 96
666 96
665 95
664 94
663 93
663 92
662 91
661 91
660 90
659 89
658 88
657 87
656 86
655 86
654 86
653 85
652 85
651 85
650 84
649 84
648 84
647 84
646 84
645 84
644 84
643 83
642 83
641 83
640 83
639 83
638 82
637 81
636 80
635 79
634 79
633 78
632 77
631 77
630 77
629 76
628 76
627 76
626 76
625 76
624 76
623 76
622 76
621 76
620 76
619 76
618 75
617 75
616 75
615 74
