719 2331
718 2332
717 2332
716 2333
715 2333
714 2333
713 2333
712 2333
711 2333
710 2333
709 2333
708 2333
707 2333
706 2334
705 2334
704 2334
703 2335
702 2335
701 2335
700 2336
699 2336
698 2337
697 2337
696 2338
695 2338
694 2339
693 2339
692 2340
691 2340
690 2340
689 2340
688 2341
687 2342
686 2343
685 2344
684 2344
683 2345
682 2345
681 2346
680 2347
679 2348
678 2349
677 2350
676 2351
676 2352
675 2353
675 2354
675 2355
675 2356
675 2357
675 2358
675 2359
675 2360
675 2361
676 2362
677 2362
678 2362
679 2362
680 2363
681 2363
682 2363
683 2363
684 2364
685 2364
686 2364
687 2365
688 2365
689 2366
690 2367
691 2367
692 2367
693 2367
694 2367
695 2367
696 2367
697 2368
698 2368
699 2368
700 2369
701 2369
702 2369
703 2370
704 2370
705 2370
706 2370
707 2370
708 2371
709 2371
710 2371
711 2371
712 2372
713 2372
714 2372
715 2372
716 2372
717 2373
718 2373
719 2374
720 2374
721 2374
722 2375
723 2375
724 2375
725 2375
726 2375
727 2375
728 2375
729 2375
730 2376
731 2376
732 2376
733 2376
734 2377
735 2377
736 2377
737 2377
738 2377
739 2377
740 2377
741 2377
742 2377
743 2378
744 2378
745 2378
746 2378
747 2378
748 2378
749 2378
750 2378
751 2378
752 2377
753 2377
754 2376
755 2376
756 2376
757 2375
758 2374
759 2373
760 2373
761 2372
762 2372
763 2372
764 2372
765 2371
765 2370
766 2369
766 2368
767 2367
767 2366
767 2365
767 2364
767 2363
767 2362
766 2361
766 2360
766 2359
765 2358
765 2357
765 2356
764 2355
763 2354
763 2353
762 2352
762 2351
761 2350
760 2349
759 2348
758 2347
757 2347
756 2346
755 2345
754 2345
753 2344
752 2343
751 2343
750 2342
749 2341
748 2340
747 2340
746 2339
745 2339
744 2339
743 2338
742 2338
741 2338
740 2338
739 2338
738 2337
737 2337
736 2336
735 2336
734 2335
733 2335
732 2335
731 2334
730 2334
729 2333
728 2332
727 2331
726 2331
725 2331
724 2331
723 2331
722 2331
721 2331
720 2331
719 2331
