933 404
932 405
931 405
930 406
929 406
928 406
927 406
926 407
925 407
924 407
923 408
922 408
921 408
920 408
919 408
918 409
917 410
916 410
915 410
914 410
913 410
912 410
911 411
910 411
909 411
908 411
907 411
906 411
905 411
904 411
903 411
902 411
901 411
900 411
899 411
898 411
897 412
896 412
895 413
894 414
893 415
893 416
893 417
892 418
891 419
891 420
890 421
889 422
889 423
889 424
889 425
888 426
888 427
888 428
888 429
888 430
888 431
888 432
889 433
890 434
891 435
892 436
893 437
894 437
895 438
896 438
897 438
898 437
899 437
900 437
901 436
902 436
903 436
904 436
905 436
906 436
907 436
908 437
909 437
910 437
911 437
912 437
913 438
914 438
915 438
916 438
917 438
918 438
919 439
920 439
921 440
922 440
923 440
924 440
925 440
926 440
927 440
928 439
929 439
930 438
931 438
932 438
933 438
934 438
935 439
936 440
937 440
938 440
939 440
940 441
941 441
942 441
943 440
944 440
945 439
946 438
947 438
948 438
949 437
950 436
951 435
952 434
953 433
954 433
955 433
956 433
957 434
958 434
959 434
960 434
961 434
962 434
963 434
964 433
965 433
966 433
967 432
968 432
969 432
970 431
971 431
972 430
973 429
974 428
974 427
974 426
975 425
975 424
976 423
976 422
976 421
976 420
977 419
977 418
977 417
977 416
977 415
977 414
976 413
975 412
974 412
973 411
972 411
971 410
970 409
969 408
968 407
968 406
967 406
966 405
965 405
964 405
963 405
962 405
961 405
960 405
959 405
958 405
957 405
956 405
955 405
954 405
953 404
952 404
951 404
950 404
949 404
948 404
947 404
946 404
945 404
944 404
943 404
942 404
941 404
940 404
939 404
938 404
937 404
936 404
935 404
934 404
933 404
