509 1320
508 1321
507 1321
506 1321
505 1322
504 1322
503 1323
502 1323
501 1323
500 1323
499 1323
498 1323
497 1323
496 1323
495 1323
494 1323
493 1323
492 1324
491 1324
490 1325
489 1325
488 1325
487 1325
486 1325
485 1326
484 1326
483 1327
482 1327
481 1327
480 1328
479 1328
478 1328
477 1328
476 1329
475 1330
474 1330
473 1330
472 1331
471 1331
470 1332
469 1332
468 1332
467 1333
466 1333
465 1334
464 1334
463 1334
462 1334
461 1334
460 1335
459 1335
458 1335
457 1335
456 1335
455 1335
454 1335
453 1335
452 1335
451 1335
450 1335
449 1335
448 1336
447 1336
446 1336
445 1337
444 1338
443 1338
442 1339
441 1340
440 1341
439 1342
438 1342
437 1343
437 1344
436 1345
435 1345
434 1346
433 1347
432 1347
431 1348
430 1349
430 1350
429 1351
429 1352
429 1353
429 1354
429 1355
430 1356
430 1357
430 1358
431 1359
431 1360
432 1361
433 1362
434 1363
435 1364
436 1365
437 1366
438 1366
439 1366
440 1367
441 1367
442 1367
443 1368
444 1368
445 1368
446 1369
447 1369
448 1369
449 1370
450 1370
451 1370
452 1370
453 1371
454 1371
455 1371
456 1371
457 1371
458 1372
459 1372
460 1372
461 1373
462 1373
463 1373
464 1373
465 1374
466 1374
467 1375
468 1375
469 1375
470 1376
471 1376
472 1376
473 1376
474 1376
475 1376
476 1377
477 1377
478 1377
479 1378
480 1378
481 1378
482 1378
483 1378
484 1378
485 1378
486 1378
487 1378
488 1378
489 1378
490 1378
491 1378
492 1378
493 1378
494 1378
495 1378
496 1378
497 1379
498 1379
499 1379
500 1380
501 1380
502 1381
503 1381
504 1381
505 1381
506 1381
507 1382
508 1382
509 1382
510 1383
511 1383
512 1383
513 1383
514 1383
515 1383
516 1383
517 1383
518 1383
519 1383
520 1383
521 1383
522 1383
523 1383
524 1383
525 1383
526 1383
527 1383
528 1383
529 1383
530 1383
531 1383
532 1383
533 1383
534 1383
535 1382
536 1382
537 1382
538 1381
539 1381
540 1380
541 1380
542 1379
543 1379
544 1378
545 1378
546 1377
547 1376
548 1375
549 1374
549 1373
550 1372
550 1371
550 1370
550 1369
550 1368
550 1367
551 1366
551 1365
552 1364
553 1363
554 1362
555 1361
555 1360
556 1359
556 1358
557 1357
557 1356
557 1355
557 1354
557 1353
558 1352
558 1351
558 1350
558 1349
558 1348
558 1347
558 1346
558 1345
558 1344
558 1343
558 1342
558 1341
558 1340
558 1339
558 1338
557 1337
557 1336
557 1335
556 1334
556 1333
556 1332
555 1331
555 1330
554 1329
554 1328
554 1327
553 1326
552 1325
551 1325
550 1324
549 1324
548 1323
547 1323
546 1323
545 1323
544 1323
543 1323
542 1323
541 1323
540 1323
539 1323
538 1322
537 1322
536 1322
535 1322
534 1321
533 1321
532 1321
531 1320
530 1320
529 1320
528 1320
527 1320
526 1320
525 1320
524 1320
523 1320
522 1320
521 1320
520 1320
519 1320
518 1320
517 1320
516 1320
515 1320
514 1320
513 1320
512 1320
511 1320
510 1320
509 1320
