410 843
409 844
408 844
407 844
406 844
405 844
404 844
403 844
402 844
401 845
400 845
400 846
399 847
399 848
399 849
398 850
397 851
397 852
396 853
395 854
394 855
393 856
393 857
393 858
392 859
392 860
392 861
392 862
392 863
392 864
392 865
392 866
392 867
392 868
392 869
392 870
392 871
392 872
392 873
392 874
392 875
392 876
392 877
393 878
394 879
394 880
394 881
394 882
394 883
394 884
395 885
395 886
395 887
396 888
396 889
397 890
397 891
398 892
398 893
399 894
399 895
400 896
400 897
400 898
401 899
401 900
401 901
402 902
402 903
403 904
404 905
405 906
405 907
406 908
406 909
406 910
407 911
408 911
409 912
410 912
411 912
412 913
413 913
414 913
415 913
416 913
417 913
418 913
419 914
420 914
421 914
422 914
423 914
424 914
425 914
426 914
427 915
428 915
429 915
430 915
431 915
432 915
433 915
434 916
435 916
436 916
437 916
438 916
439 916
440 916
441 917
442 917
443 917
444 918
445 918
446 918
447 918
448 918
449 919
450 919
451 919
452 919
453 919
454 920
455 920
456 920
457 920
458 921
459 921
460 921
461 921
462 921
463 921
464 921
465 921
466 922
467 922
468 922
469 923
470 923
471 923
472 923
473 923
474 923
475 923
476 924
477 924
478 924
479 924
480 925
481 925
482 925
483 925
484 925
485 925
486 925
487 926
488 926
489 926
490 926
491 926
492 927
493 927
494 927
495 928
496 928
497 928
498 928
499 928
500 928
501 928
502 928
503 928
504 928
505 929
506 929
507 929
508 929
509 929
510 929
511 929
512 929
513 929
514 929
515 930
516 930
517 930
518 930
519 930
520 930
521 931
522 931
523 931
524 931
525 931
526 931
527 931
528 931
529 931
530 931
531 931
532 932
533 932
534 932
535 933
536 932
537 933
538 933
539 933
540 933
541 934
542 934
543 934
544 934
545 934
546 934
547 934
548 934
549 934
550 934
551 934
552 934
553 933
554 933
555 932
556 931
556 930
557 929
557 928
557 927
558 926
558 925
559 924
559 923
560 922
561 921
561 920
562 919
563 918
563 917
564 916
564 915
565 914
565 913
566 912
567 911
567 910
567 909
568 908
569 907
569 906
570 905
570 904
571 903
571 902
572 901
573 900
573 899
573 898
573 897
573 896
573 895
573 894
573 893
573 892
573 891
574 890
574 889
575 888
575 887
575 886
576 885
576 884
576 883
576 882
576 881
576 880
576 879
576 878
576 877
577 876
577 875
577 874
578 873
578 872
578 871
578 870
578 869
578 868
578 867
578 866
577 865
577 864
576 863
576 862
576 861
576 860
576 859
576 858
575 857
575 856
574 855
574 854
573 854
572 853
572 852
571 852
570 851
570 850
569 849
569 848
568 847
567 847
566 847
565 847
564 847
563 847
562 847
561 847
560 846
559 846
558 846
557 845
556 845
555 845
554 845
553 845
552 845
551 845
550 845
549 845
548 845
547 845
546 845
545 845
544 845
543 845
542 844
541 845
540 845
539 845
538 845
537 845
536 845
535 845
534 844
533 844
532 844
531 844
530 844
529 844
528 844
527 844
526 844
525 844
524 844
523 844
522 844
521 844
520 844
519 844
518 844
517 844
516 844
515 844
514 844
513 844
512 844
511 845
510 845
509 845
508 845
507 845
506 845
505 845
504 846
503 846
502 846
501 847
500 847
499 847
498 847
497 847
496 847
495 847
494 847
493 848
492 848
491 848
490 849
489 849
488 849
487 849
486 849
485 849
484 849
483 849
482 849
481 849
480 849
479 849
478 849
477 849
476 849
475 849
474 850
473 850
472 850
471 850
470 850
469 850
468 849
467 849
466 849
465 849
464 849
463 849
462 849
461 849
460 849
459 849
458 849
457 849
456 849
455 849
454 849
453 849
452 849
451 848
450 848
449 848
448 848
447 848
446 848
445 848
444 848
443 848
442 848
441 848
440 848
439 848
438 848
437 848
436 848
435 848
434 847
433 847
432 847
431 847
430 847
429 847
428 847
427 846
426 846
425 846
424 845
423 845
422 845
421 845
420 844
419 844
418 843
417 843
416 843
415 843
414 843
413 843
412 843
411 843
410 843
