586 1837
585 1838
584 1838
583 1838
582 1839
581 1839
580 1839
579 1840
578 1840
577 1840
576 1840
575 1840
574 1840
573 1840
572 1840
571 1840
570 1840
569 1840
568 1840
567 1841
566 1841
565 1841
564 1841
563 1841
562 1841
561 1841
560 1841
559 1842
558 1842
557 1842
556 1843
555 1843
554 1843
553 1844
552 1844
551 1844
550 1844
549 1844
548 1845
547 1846
546 1846
545 1847
544 1847
543 1847
542 1848
541 1848
540 1848
539 1849
538 1849
537 1850
536 1850
535 1850
534 1851
533 1851
532 1852
531 1852
530 1852
529 1853
528 1854
527 1855
527 1856
526 1857
526 1858
526 1859
526 1860
527 1861
528 1861
529 1862
530 1862
531 1862
532 1863
533 1863
534 1863
535 1864
536 1864
537 1864
538 1864
539 1865
540 1865
541 1865
542 1866
543 1866
544 1866
545 1866
546 1866
547 1866
548 1867
549 1867
550 1868
551 1868
552 1868
553 1869
554 1869
555 1869
556 1869
557 1870
558 1870
559 1870
560 1871
561 1872
562 1872
563 1872
564 1872
565 1872
566 1872
567 1872
568 1872
569 1873
570 1873
571 1873
572 1874
573 1874
574 1874
575 1874
576 1874
577 1874
578 1874
579 1874
580 1874
581 1874
582 1874
583 1874
584 1874
585 1874
586 1874
587 1873
588 1873
589 1873
590 1872
591 1872
592 1872
593 1872
594 1872
595 1872
596 1871
597 1871
598 1871
599 1870
600 1869
601 1869
602 1868
603 1867
604 1866
604 1865
605 1864
605 1863
605 1862
605 1861
605 1860
605 1859
605 1858
605 1857
605 1856
605 1855
605 1854
605 1853
605 1852
605 1851
605 1850
605 1849
604 1848
603 1847
602 1846
601 1845
600 1844
599 1844
598 1843
597 1843
596 1842
595 1841
594 1840
593 1839
592 1838
591 1838
590 1837
589 1837
588 1837
587 1837
586 1837
