1343 1088
1342 1089
1341 1089
1340 1089
1339 1090
1338 1090
1337 1090
1336 1090
1335 1090
1334 1090
1333 1090
1332 1091
1331 1091
1330 1092
1329 1092
1328 1092
1327 1092
1326 1092
1325 1092
1324 1092
1323 1092
1322 1092
1321 1092
1320 1092
1319 1092
1318 1092
1317 1092
1316 1092
1315 1092
1314 1092
1313 1092
1312 1092
1311 1092
1310 1093
1309 1094
1308 1094
1307 1095
1306 1095
1305 1095
1304 1095
1303 1095
1302 1095
1301 1095
1300 1095
1299 1095
1298 1095
1297 1095
1296 1095
1295 1095
1294 1095
1293 1095
1292 1095
1291 1095
1290 1095
1289 1095
1288 1095
1287 1095
1286 1095
1285 1095
1284 1095
1283 1095
1282 1095
1281 1095
1280 1095
1279 1095
1278 1095
1277 1095
1276 1094
1275 1094
1274 1094
1273 1093
1272 1093
1271 1093
1270 1093
1269 1093
1268 1093
1267 1093
1266 1093
1265 1094
1264 1094
1263 1094
1262 1095
1261 1095
1260 1095
1259 1095
1258 1095
1257 1095
1256 1095
1255 1095
1254 1096
1253 1096
1252 1096
1251 1096
1250 1096
1249 1096
1248 1096
1247 1096
1246 1096
1245 1096
1244 1096
1243 1096
1242 1096
1241 1096
1240 1096
1239 1096
1238 1096
1237 1097
1236 1097
1235 1098
1234 1099
1233 1100
1232 1101
1231 1102
1230 1102
1229 1103
1228 1104
1228 1105
1227 1106
1227 1107
1227 1108
1228 1109
1228 1110
1229 1110
1230 1111
1231 1112
1232 1113
1233 1114
1234 1115
1234 1116
1235 1117
1235 1118
1235 1119
1235 1120
1235 1121
1236 1122
1237 1123
1238 1123
1239 1124
1240 1124
1241 1125
1242 1125
1243 1126
1244 1126
1245 1127
1246 1127
1247 1127
1248 1128
1249 1128
1250 1128
1251 1128
1252 1128
1253 1128
1254 1129
1255 1129
1256 1129
1257 1130
1258 1130
1259 1130
1260 1130
1261 1130
1262 1130
1263 1130
1264 1130
1265 1130
1266 1130
1267 1130
1268 1130
1269 1130
1270 1130
1271 1130
1272 1130
1273 1130
1274 1130
1275 1130
1276 1129
1277 1129
1278 1129
1279 1128
1280 1128
1281 1128
1282 1128
1283 1128
1284 1128
1285 1128
1286 1128
1287 1128
1288 1129
1289 1129
1290 1129
1291 1130
1292 1130
1293 1130
1294 1130
1295 1130
1296 1130
1297 1130
1298 1130
1299 1130
1300 1130
1301 1130
1302 1130
1303 1130
1304 1130
1305 1130
1306 1131
1307 1131
1308 1131
1309 1131
1310 1131
1311 1131
1312 1131
1313 1132
1314 1132
1315 1132
1316 1132
1317 1132
1318 1133
1319 1133
1320 1133
1321 1133
1322 1133
1323 1133
1324 1134
1325 1134
1326 1134
1327 1135
1328 1135
1329 1135
1330 1135
1331 1135
1332 1135
1333 1135
1334 1135
1335 1136
1336 1136
1337 1136
1338 1136
1339 1136
1340 1136
1341 1136
1342 1136
1343 1136
1344 1136
1345 1135
1346 1135
1347 1135
1348 1135
1349 1134
1350 1134
1351 1133
1352 1133
1353 1133
1354 1132
1355 1132
1356 1131
1357 1130
1358 1129
1358 1128
1359 1127
1360 1126
1360 1125
1360 1124
1360 1123
1361 1122
1361 1121
1362 1120
1363 1119
1363 1118
1364 1117
1364 1116
1365 1115
1365 1114
1365 1113
1365 1112
1365 1111
1365 1110
1365 1109
1364 1108
1364 1107
1363 1106
1363 1105
1363 1104
1363 1103
1363 1102
1363 1101
1362 1100
1362 1099
1362 1098
1361 1097
1360 1096
1359 1095
1358 1094
1357 1094
1356 1093
1355 1093
1354 1092
1353 1092
1352 1091
1351 1090
1350 1090
1349 1089
1348 1089
1347 1088
1346 1088
1345 1088
1344 1088
1343 1088
