574 1994
573 1995
572 1995
571 1995
570 1995
569 1995
568 1996
567 1996
566 1996
565 1996
564 1996
563 1996
562 1996
561 1996
560 1997
559 1997
558 1998
557 1998
556 1998
555 1999
554 1999
553 1999
552 1999
551 2000
550 2000
549 2001
548 2001
547 2002
546 2003
545 2004
544 2004
543 2005
542 2005
541 2006
540 2007
539 2007
538 2007
537 2007
536 2008
535 2008
534 2009
533 2010
533 2011
533 2012
533 2013
534 2014
534 2015
535 2016
536 2017
537 2017
538 2017
539 2018
540 2018
541 2018
542 2019
543 2019
544 2019
545 2020
546 2021
547 2021
548 2021
549 2022
550 2022
551 2022
552 2023
553 2023
554 2024
555 2024
556 2024
557 2024
558 2024
559 2024
560 2025
561 2025
562 2025
563 2025
564 2026
565 2026
566 2027
567 2028
568 2028
569 2028
570 2029
571 2029
572 2029
573 2028
574 2028
575 2027
576 2027
577 2026
578 2026
579 2026
580 2026
581 2026
582 2026
583 2026
584 2026
585 2027
586 2027
587 2027
588 2027
589 2027
590 2027
591 2027
592 2027
593 2027
594 2027
595 2027
596 2027
597 2027
598 2027
599 2027
600 2027
601 2027
602 2027
603 2027
604 2027
605 2026
606 2026
607 2026
608 2025
609 2025
609 2024
610 2023
611 2022
611 2021
611 2020
611 2019
611 2018
611 2017
611 2016
611 2015
612 2014
612 2013
612 2012
613 2011
613 2010
613 2009
613 2008
613 2007
612 2006
612 2005
612 2004
611 2003
610 2002
609 2001
608 2000
607 1999
606 1998
606 1997
605 1996
604 1996
603 1995
602 1995
601 1995
600 1995
599 1995
598 1995
597 1994
596 1994
595 1994
594 1994
593 1994
592 1994
591 1994
590 1994
589 1994
588 1994
587 1994
586 1994
585 1994
584 1994
583 1994
582 1994
581 1994
580 1994
579 1994
578 1994
577 1994
576 1994
575 1994
574 1994
