465 245
464 246
463 246
462 246
461 247
460 247
459 247
458 247
457 247
456 248
455 248
454 248
453 248
452 248
451 248
450 248
449 248
448 248
447 248
446 248
445 248
444 248
443 248
442 248
441 249
440 249
439 250
438 250
437 250
436 250
435 250
434 250
433 250
432 250
431 250
430 250
429 250
428 250
427 250
426 250
425 250
424 250
423 250
422 250
421 250
420 250
419 250
418 251
417 251
416 252
415 252
414 252
413 253
412 253
411 254
410 254
409 255
408 255
407 255
406 255
405 255
404 255
403 255
402 256
401 256
400 257
399 258
398 259
397 260
396 261
395 262
394 262
393 263
392 264
391 265
390 266
389 266
388 267
387 267
386 268
385 269
384 269
383 270
382 271
381 272
380 272
379 273
378 273
377 274
376 275
375 276
374 276
373 277
372 278
371 279
370 280
369 281
368 282
367 283
366 284
365 285
364 286
363 287
362 288
361 289
360 290
359 291
359 292
359 293
358 294
357 295
356 296
355 297
354 298
353 299
352 300
351 301
350 302
349 303
348 304
347 304
346 305
345 306
344 307
343 308
342 309
341 310
340 311
340 312
339 313
338 314
338 315
337 316
337 317
337 318
336 319
336 320
335 321
335 322
335 323
334 324
334 325
333 326
333 327
332 328
332 329
331 330
330 331
330 332
329 333
328 334
328 335
327 336
326 337
325 338
324 339
324 340
324 341
323 342
323 343
324 344
324 345
325 346
326 347
327 347
328 347
329 348
330 348
331 348
332 348
333 348
334 348
335 348
336 347
337 347
338 346
339 346
340 346
341 345
342 346
343 345
344 344
345 344
346 344
347 344
348 344
349 344
350 344
351 343
352 343
353 343
354 343
355 343
356 342
357 342
358 342
359 341
360 340
361 340
362 339
363 339
364 339
365 339
366 339
367 338
368 338
369 338
370 338
371 338
372 338
373 337
374 338
375 337
376 337
377 337
378 337
379 336
380 336
381 336
382 336
383 336
384 335
385 335
386 335
387 335
388 335
389 335
390 335
391 335
392 335
393 335
394 335
395 335
396 335
397 335
398 335
399 336
400 336
401 336
402 336
403 336
404 336
405 336
406 337
407 337
408 337
409 337
410 338
411 338
412 338
413 338
414 339
415 339
416 339
417 339
418 339
419 340
420 340
421 340
422 341
423 341
424 341
425 341
426 341
427 342
428 342
429 342
430 343
431 343
432 343
433 343
434 344
435 344
436 344
437 344
438 344
439 345
440 345
441 346
442 345
443 346
444 347
445 347
446 347
447 348
448 349
449 349
450 349
451 349
452 349
453 350
454 350
455 350
456 351
457 350
458 351
459 351
460 351
461 352
462 352
463 352
464 352
465 352
466 353
467 353
468 353
469 353
470 353
471 353
472 353
473 353
474 353
475 353
476 353
477 352
478 352
479 352
480 351
481 351
482 350
483 350
484 350
485 349
486 349
487 349
488 349
489 349
490 349
491 349
492 349
493 349
494 349
495 349
496 349
497 349
498 349
499 348
500 348
501 348
502 347
503 347
504 347
505 347
506 347
507 347
508 346
509 345
509 344
510 343
511 342
512 341
513 340
514 339
515 338
516 337
517 336
517 335
517 334
517 333
517 332
517 331
517 330
517 329
517 328
517 327
517 326
517 325
517 324
517 323
517 322
517 321
517 320
517 319
517 318
516 317
516 316
516 315
516 314
515 313
515 312
515 311
515 310
515 309
515 308
515 307
515 306
515 305
515 304
515 303
515 302
515 301
515 300
515 299
515 298
515 297
515 296
515 295
515 294
515 293
515 292
515 291
515 290
515 289
515 288
515 287
515 286
515 285
515 284
515 283
515 282
515 281
515 280
515 279
515 278
515 277
515 276
514 275
514 274
513 273
513 272
512 271
511 270
510 269
509 268
509 267
509 266
508 265
507 264
506 263
505 262
504 261
503 261
502 260
501 260
500 259
499 258
498 258
497 257
496 257
495 256
494 256
493 255
492 255
491 255
490 254
489 254
488 253
487 253
486 253
485 252
484 252
483 252
482 252
481 251
480 250
479 250
478 249
477 248
476 248
475 247
474 246
473 246
472 245
471 245
470 245
469 245
468 245
467 245
466 245
465 245
