118 1948
117 1949
116 1950
116 1951
116 1952
115 1953
115 1954
114 1955
113 1956
113 1957
112 1958
112 1959
111 1960
111 1961
111 1962
110 1963
110 1964
110 1965
110 1966
111 1967
111 1968
111 1969
112 1970
112 1971
112 1972
112 1973
112 1974
113 1975
113 1976
113 1977
114 1978
115 1979
116 1980
117 1981
118 1981
119 1982
120 1982
121 1983
122 1983
123 1983
124 1983
125 1983
126 1984
127 1984
128 1984
129 1984
130 1984
131 1984
132 1984
133 1984
134 1984
135 1984
136 1984
137 1984
138 1984
139 1984
140 1984
141 1984
142 1984
143 1984
144 1984
145 1984
146 1984
147 1984
148 1984
149 1984
150 1984
151 1984
152 1984
153 1984
154 1983
155 1983
156 1983
157 1983
158 1983
159 1983
160 1983
161 1982
162 1982
163 1982
164 1982
165 1982
166 1982
167 1981
168 1981
169 1981
170 1980
171 1980
172 1979
173 1978
174 1978
175 1977
176 1977
177 1977
178 1976
179 1976
180 1976
181 1975
182 1975
183 1975
184 1974
184 1973
185 1972
186 1971
186 1970
186 1969
186 1968
186 1967
186 1966
186 1965
186 1964
185 1963
184 1962
183 1961
182 1960
182 1959
181 1958
180 1957
179 1956
178 1956
177 1955
176 1954
175 1954
174 1954
173 1954
172 1954
171 1954
170 1954
169 1954
168 1954
167 1954
166 1954
165 1954
164 1954
163 1954
162 1954
161 1953
160 1953
159 1952
158 1952
157 1952
156 1952
155 1951
154 1951
153 1951
152 1950
151 1950
150 1950
149 1950
148 1950
147 1950
146 1949
145 1949
144 1949
143 1949
142 1949
141 1949
140 1949
139 1949
138 1949
137 1949
136 1949
135 1949
134 1949
133 1949
132 1949
131 1949
130 1949
129 1949
128 1949
127 1949
126 1949
125 1949
124 1948
123 1948
122 1948
121 1948
120 1948
119 1948
118 1948
