556 399
555 400
554 400
553 400
552 400
551 400
550 401
549 401
548 401
547 401
546 401
545 401
544 401
543 402
542 403
541 404
540 405
540 406
539 407
539 408
538 409
537 410
536 411
535 412
534 413
533 414
532 414
531 415
530 416
529 416
528 416
527 417
526 418
526 419
525 420
524 421
523 421
522 422
522 423
522 424
521 425
521 426
522 427
523 428
524 429
525 429
526 429
527 430
528 430
529 430
530 431
531 431
532 431
533 431
534 431
535 431
536 431
537 431
538 431
539 431
540 431
541 431
542 431
543 431
544 430
545 430
546 430
547 430
548 430
549 430
550 431
551 431
552 431
553 431
554 432
555 432
556 432
557 432
558 433
559 433
560 433
561 434
562 434
563 434
564 434
565 434
566 434
567 434
568 434
569 434
570 435
571 435
572 435
573 435
574 435
575 435
576 435
577 435
578 435
579 435
580 435
581 435
582 435
583 435
584 435
585 435
586 435
587 435
588 435
589 435
590 435
591 435
592 435
593 435
594 435
595 435
596 435
597 435
598 435
599 435
600 435
601 434
602 434
603 434
604 434
605 434
606 434
607 434
608 434
609 434
610 434
611 434
612 434
613 434
614 434
615 434
616 434
617 433
618 433
619 433
620 433
621 433
622 433
623 433
624 433
625 433
626 433
627 433
628 433
629 433
630 433
631 433
632 433
633 432
634 432
635 431
636 431
637 431
638 431
639 431
640 431
641 431
642 430
643 430
644 429
645 429
646 429
647 428
648 427
649 427
650 426
651 425
652 424
652 423
653 422
654 421
654 420
654 419
653 418
653 417
652 417
651 416
650 415
649 414
648 413
647 412
646 412
645 411
644 411
643 410
642 410
641 409
640 408
639 407
639 406
638 405
637 405
636 405
635 404
634 404
633 404
632 404
631 404
630 404
629 404
628 404
627 404
626 404
625 404
624 403
623 403
622 403
621 403
620 403
619 403
618 403
617 403
616 403
615 402
614 402
613 402
612 402
611 402
610 402
609 402
608 402
607 402
606 402
605 402
604 402
603 403
602 403
601 403
600 402
599 402
598 402
597 402
596 402
595 402
594 402
593 402
592 402
591 402
590 402
589 402
588 402
587 402
586 402
585 402
584 402
583 402
582 402
581 402
580 402
579 402
578 402
577 402
576 401
575 401
574 402
573 401
572 401
571 401
570 401
569 401
568 401
567 401
566 401
565 401
564 400
563 400
562 399
561 399
560 399
559 399
558 399
557 399
556 399
