543 1897
542 1898
541 1898
540 1899
539 1900
538 1900
537 1901
536 1901
535 1901
534 1902
533 1903
532 1904
531 1904
530 1904
529 1905
528 1905
527 1906
526 1907
525 1907
524 1908
523 1908
522 1909
521 1909
520 1910
519 1911
518 1912
517 1912
516 1913
515 1913
514 1913
513 1913
512 1913
511 1914
510 1914
509 1915
508 1916
507 1917
506 1917
505 1918
504 1918
503 1918
502 1919
501 1919
500 1919
499 1920
499 1921
498 1922
498 1923
498 1924
497 1925
496 1926
496 1927
496 1928
496 1929
496 1930
496 1931
496 1932
496 1933
496 1934
497 1935
498 1936
499 1937
500 1938
501 1938
502 1939
503 1939
504 1939
505 1940
506 1940
507 1940
508 1941
509 1941
510 1941
511 1941
512 1941
513 1941
514 1942
515 1942
516 1942
517 1943
518 1943
519 1944
520 1944
521 1944
522 1944
523 1945
524 1945
525 1945
526 1946
527 1946
528 1946
529 1947
530 1947
531 1947
532 1947
533 1947
534 1947
535 1947
536 1947
537 1948
538 1948
539 1948
540 1948
541 1949
542 1949
543 1949
544 1949
545 1949
546 1949
547 1949
548 1949
549 1949
550 1950
551 1950
552 1950
553 1951
554 1951
555 1952
556 1952
557 1952
558 1952
559 1952
560 1952
561 1952
562 1952
563 1953
564 1953
565 1953
566 1953
567 1953
568 1953
569 1953
570 1953
571 1953
572 1953
573 1953
574 1953
575 1953
576 1953
577 1953
578 1953
579 1953
580 1953
581 1953
582 1953
583 1953
584 1953
585 1953
586 1952
587 1952
588 1952
589 1952
590 1951
591 1951
592 1951
593 1950
594 1950
595 1950
596 1949
597 1949
598 1949
599 1949
600 1949
601 1948
602 1947
603 1946
604 1946
605 1945
606 1945
607 1944
608 1944
609 1944
610 1944
611 1943
612 1942
613 1942
614 1941
615 1941
616 1941
617 1941
618 1941
619 1941
620 1941
621 1940
622 1939
622 1938
623 1937
622 1936
623 1935
622 1934
622 1933
622 1932
621 1931
620 1930
620 1929
619 1928
618 1927
617 1926
616 1925
616 1924
615 1923
614 1922
614 1921
613 1920
612 1919
611 1918
610 1917
609 1916
608 1916
607 1915
606 1914
605 1913
604 1912
603 1911
602 1910
601 1910
600 1909
599 1908
598 1907
597 1906
596 1905
595 1904
594 1904
593 1903
592 1902
591 1902
590 1901
589 1900
588 1900
587 1900
586 1899
585 1899
584 1899
583 1899
582 1898
581 1898
580 1898
579 1898
578 1898
577 1898
576 1898
575 1898
574 1898
573 1899
572 1899
571 1899
570 1899
569 1899
568 1899
567 1899
566 1899
565 1899
564 1899
563 1899
562 1899
561 1899
560 1899
559 1899
558 1899
557 1899
556 1898
555 1898
554 1898
553 1898
552 1898
551 1898
550 1898
549 1898
548 1898
547 1898
546 1897
545 1897
544 1897
543 1897
