107 792
106 793
105 793
104 793
103 794
102 795
101 796
100 796
99 796
98 796
97 796
96 796
95 796
94 796
93 796
92 796
91 796
90 796
89 796
88 796
87 796
86 796
85 797
84 797
83 798
82 799
81 799
80 799
79 800
78 800
77 801
76 801
75 801
74 801
73 801
72 801
71 801
70 801
69 801
68 802
67 802
66 803
65 802
64 803
63 803
62 803
61 804
60 804
59 804
58 804
57 804
56 804
55 805
54 805
53 805
52 806
51 806
50 806
49 806
48 806
47 806
47 807
46 808
46 809
45 810
45 811
45 812
44 813
44 814
44 815
43 816
43 817
43 818
42 819
42 820
42 821
43 822
43 823
44 824
45 824
46 825
47 826
48 827
49 827
50 828
51 828
52 829
53 829
54 829
55 830
56 830
57 830
58 831
59 831
60 831
61 832
62 832
63 832
64 833
65 833
66 834
67 834
68 834
69 834
70 834
71 834
72 834
73 834
74 834
75 833
76 833
77 833
78 833
79 833
80 832
81 832
82 832
83 832
84 832
85 833
86 833
87 832
88 832
89 832
90 832
91 832
92 832
93 832
94 832
95 832
96 833
97 833
98 833
99 833
100 833
101 833
102 833
103 832
104 832
105 832
106 832
107 832
108 832
109 832
110 832
111 832
112 832
113 832
114 832
115 832
116 832
117 832
118 832
119 832
120 832
121 832
122 832
123 832
124 832
125 832
126 832
127 832
128 831
129 831
130 831
131 831
132 831
133 831
134 830
135 830
136 830
137 829
138 829
139 829
140 829
141 828
142 828
143 828
144 828
145 828
146 827
147 827
148 827
149 827
150 827
151 827
152 826
153 826
154 825
155 825
156 824
156 823
157 822
157 821
157 820
157 819
157 818
157 817
157 816
157 815
157 814
157 813
157 812
156 811
155 810
154 809
153 809
152 809
151 809
150 809
149 808
148 808
147 808
146 807
145 807
144 806
143 806
142 805
141 805
140 805
139 804
138 804
137 805
136 804
135 804
134 804
133 803
132 802
131 801
130 801
129 801
128 801
127 801
126 800
125 799
124 798
123 797
122 797
121 797
120 796
119 796
118 796
117 796
116 796
115 795
114 795
113 795
112 795
111 794
110 793
109 793
108 793
107 792
