349 1736
348 1737
347 1737
346 1737
345 1737
344 1737
343 1737
342 1737
341 1737
340 1737
339 1737
338 1737
337 1737
336 1737
335 1738
334 1738
333 1738
332 1738
331 1738
330 1738
329 1739
328 1739
327 1740
326 1740
325 1741
324 1741
323 1742
322 1743
321 1744
320 1745
319 1746
318 1747
318 1748
317 1749
316 1750
315 1751
314 1752
313 1753
312 1754
311 1754
310 1754
309 1754
308 1754
307 1754
306 1754
306 1755
305 1756
305 1757
304 1758
304 1759
304 1760
305 1761
306 1761
307 1762
307 1763
308 1764
309 1765
310 1766
311 1766
312 1767
313 1767
314 1768
315 1768
316 1769
317 1769
318 1770
319 1770
320 1770
321 1771
322 1771
323 1771
324 1771
325 1771
326 1771
327 1771
328 1771
329 1771
330 1771
331 1771
332 1771
333 1772
334 1772
335 1773
336 1773
337 1774
338 1774
339 1775
340 1776
341 1776
342 1777
343 1777
344 1777
345 1777
346 1777
347 1777
348 1777
349 1778
350 1778
351 1778
352 1779
353 1779
354 1779
355 1779
356 1779
357 1780
358 1780
359 1780
360 1781
361 1780
362 1780
363 1781
364 1781
365 1781
366 1781
367 1781
368 1781
369 1781
370 1780
371 1780
372 1779
373 1778
374 1777
375 1776
376 1776
377 1776
378 1776
379 1776
380 1776
381 1776
382 1776
383 1776
384 1776
385 1776
386 1776
387 1776
388 1776
389 1776
390 1776
391 1775
392 1775
393 1775
394 1774
395 1773
396 1772
397 1771
397 1770
397 1769
398 1768
398 1767
398 1766
398 1765
397 1764
397 1763
396 1762
395 1761
395 1760
394 1759
393 1758
392 1757
392 1756
392 1755
391 1754
391 1753
390 1752
389 1751
389 1750
388 1749
388 1748
388 1747
388 1746
387 1745
387 1744
386 1743
386 1742
385 1741
384 1741
383 1740
382 1740
381 1740
380 1739
379 1739
378 1739
377 1738
376 1738
375 1738
374 1737
373 1737
372 1737
371 1737
370 1737
369 1737
368 1737
367 1737
366 1737
365 1737
364 1737
363 1737
362 1737
361 1737
360 1737
359 1737
358 1737
357 1737
356 1737
355 1736
354 1736
353 1736
352 1736
351 1736
350 1736
349 1736
