1080 1030
1079 1031
1078 1031
1077 1031
1076 1031
1075 1031
1074 1031
1073 1032
1072 1032
1071 1032
1070 1033
1069 1033
1068 1033
1067 1034
1066 1035
1065 1035
1064 1036
1063 1036
1062 1036
1061 1037
1060 1037
1059 1037
1058 1038
1057 1039
1056 1039
1055 1039
1054 1040
1053 1041
1052 1041
1052 1042
1051 1043
1051 1044
1051 1045
1050 1046
1050 1047
1049 1048
1049 1049
1048 1050
1048 1051
1048 1052
1048 1053
1048 1054
1048 1055
1048 1056
1048 1057
1048 1058
1049 1059
1050 1060
1051 1061
1052 1062
1053 1062
1054 1063
1055 1063
1056 1063
1057 1064
1058 1064
1059 1065
1060 1065
1061 1065
1062 1065
1063 1065
1064 1065
1065 1066
1066 1066
1067 1066
1068 1066
1069 1066
1070 1066
1071 1066
1072 1066
1073 1066
1074 1066
1075 1066
1076 1066
1077 1066
1078 1066
1079 1066
1080 1066
1081 1066
1082 1066
1083 1066
1084 1066
1085 1065
1086 1065
1087 1065
1088 1065
1089 1064
1090 1064
1091 1064
1092 1064
1093 1064
1094 1064
1095 1063
1096 1063
1097 1063
1098 1062
1099 1062
1100 1062
1101 1061
1102 1060
1103 1059
1103 1058
1104 1057
1104 1056
1104 1055
1105 1054
1105 1053
1105 1052
1105 1051
1105 1050
1105 1049
1105 1048
1105 1047
1104 1046
1103 1045
1103 1044
1102 1043
1102 1042
1101 1041
1101 1040
1100 1039
1099 1038
1098 1037
1097 1037
1096 1037
1095 1036
1094 1036
1093 1035
1092 1035
1091 1035
1090 1035
1089 1034
1088 1033
1087 1032
1086 1031
1085 1031
1084 1030
1083 1030
1082 1030
1081 1030
1080 1030
