199 1755
198 1756
197 1756
196 1757
195 1758
194 1759
193 1760
192 1761
192 1762
192 1763
191 1764
191 1765
190 1766
190 1767
190 1768
189 1769
188 1770
188 1771
187 1772
187 1773
187 1774
186 1775
186 1776
186 1777
185 1778
184 1779
184 1780
184 1781
183 1782
183 1783
182 1784
182 1785
182 1786
182 1787
182 1788
181 1789
181 1790
180 1791
180 1792
180 1793
179 1794
179 1795
178 1796
177 1797
177 1798
177 1799
177 1800
176 1801
176 1802
175 1803
175 1804
175 1805
174 1806
174 1807
173 1808
173 1809
173 1810
172 1811
172 1812
172 1813
171 1814
171 1815
171 1816
171 1817
170 1818
169 1819
169 1820
169 1821
168 1822
168 1823
168 1824
168 1825
168 1826
168 1827
168 1828
168 1829
168 1830
168 1831
168 1832
169 1833
169 1834
170 1835
171 1836
171 1837
171 1838
171 1839
171 1840
172 1841
173 1842
174 1843
175 1844
176 1844
177 1845
177 1846
178 1847
178 1848
178 1849
179 1850
179 1851
180 1852
180 1853
181 1854
181 1855
181 1856
181 1857
181 1858
181 1859
181 1860
181 1861
181 1862
181 1863
181 1864
181 1865
181 1866
181 1867
181 1868
181 1869
182 1870
182 1871
182 1872
183 1873
183 1874
184 1875
184 1876
185 1877
186 1878
186 1879
187 1880
187 1881
187 1882
188 1883
188 1884
189 1885
189 1886
190 1887
191 1887
192 1887
193 1887
194 1887
195 1887
196 1887
197 1887
198 1886
199 1886
200 1886
201 1886
202 1886
203 1886
204 1886
205 1886
206 1886
207 1886
208 1886
209 1886
210 1886
211 1886
212 1886
213 1885
214 1885
215 1885
216 1885
217 1885
218 1884
219 1884
220 1883
221 1882
222 1882
223 1882
224 1882
225 1881
226 1881
227 1881
228 1881
229 1881
230 1881
231 1880
232 1880
233 1880
234 1879
235 1879
236 1879
237 1879
238 1879
239 1878
240 1878
241 1878
242 1878
243 1878
244 1878
245 1878
246 1878
247 1878
248 1878
249 1878
250 1878
251 1878
252 1877
253 1877
254 1877
255 1876
256 1876
257 1876
258 1876
259 1876
260 1876
261 1876
262 1876
263 1876
264 1876
265 1876
266 1876
267 1876
268 1876
269 1876
270 1876
271 1876
272 1876
273 1876
274 1875
275 1875
276 1875
277 1875
278 1875
279 1875
280 1875
281 1875
282 1874
283 1874
284 1874
285 1874
286 1874
287 1874
288 1873
289 1873
290 1873
291 1872
292 1872
293 1872
294 1872
295 1872
296 1872
297 1872
298 1872
299 1872
300 1872
301 1872
302 1872
303 1872
304 1873
305 1873
306 1873
307 1874
308 1874
309 1874
310 1874
311 1875
312 1875
313 1875
314 1875
315 1875
316 1875
317 1876
318 1876
319 1876
320 1876
321 1876
322 1876
323 1876
324 1876
325 1876
326 1876
327 1876
328 1876
329 1876
330 1876
331 1876
332 1876
333 1875
334 1874
335 1874
336 1874
337 1874
338 1874
339 1874
340 1873
341 1873
342 1873
343 1872
344 1872
345 1872
346 1871
347 1871
348 1871
349 1871
350 1871
351 1871
352 1871
353 1870
354 1870
355 1869
356 1869
357 1868
358 1868
359 1867
360 1867
361 1867
362 1867
363 1867
364 1867
365 1867
366 1867
367 1867
368 1867
369 1866
370 1866
371 1866
372 1865
373 1865
374 1865
375 1865
376 1865
377 1865
378 1865
379 1865
380 1864
381 1864
382 1864
383 1863
384 1863
385 1862
386 1861
387 1861
388 1860
389 1859
390 1859
391 1858
392 1857
393 1856
394 1855
395 1854
396 1854
396 1853
397 1852
398 1851
399 1850
400 1849
400 1848
400 1847
401 1846
401 1845
401 1844
401 1843
400 1842
400 1841
400 1840
399 1839
399 1838
399 1837
399 1836
399 1835
399 1834
399 1833
399 1832
399 1831
399 1830
399 1829
399 1828
399 1827
399 1826
399 1825
399 1824
399 1823
398 1822
398 1821
397 1820
397 1819
397 1818
397 1817
397 1816
396 1815
396 1814
396 1813
395 1812
395 1811
395 1810
395 1809
395 1808
395 1807
394 1806
394 1805
394 1804
394 1803
394 1802
394 1801
394 1800
393 1799
392 1798
391 1797
390 1796
389 1795
388 1794
387 1794
386 1793
386 1792
385 1791
384 1790
383 1789
382 1788
381 1787
380 1786
379 1785
378 1785
377 1784
376 1784
375 1784
374 1783
373 1782
372 1782
371 1782
370 1781
369 1781
368 1781
367 1781
366 1781
365 1781
364 1780
363 1780
362 1779
361 1779
360 1779
359 1779
358 1778
357 1778
356 1778
355 1777
354 1777
353 1777
352 1776
351 1776
350 1776
349 1776
348 1776
347 1776
346 1776
345 1776
344 1775
343 1775
342 1775
341 1775
340 1775
339 1775
338 1775
337 1774
336 1774
335 1774
334 1773
333 1773
332 1772
331 1771
330 1771
329 1771
328 1771
327 1771
326 1771
325 1771
324 1771
323 1770
322 1770
321 1770
320 1769
319 1769
318 1768
317 1767
316 1767
315 1766
314 1765
313 1765
312 1765
311 1765
310 1765
309 1765
308 1764
307 1764
306 1764
305 1764
304 1765
303 1765
302 1765
301 1764
300 1764
299 1764
298 1764
297 1764
296 1764
295 1764
294 1764
293 1764
292 1764
291 1764
290 1764
289 1764
288 1764
287 1764
286 1764
285 1764
284 1764
283 1764
282 1765
281 1765
280 1765
279 1765
278 1765
277 1765
276 1765
275 1765
274 1765
273 1765
272 1765
271 1766
270 1766
269 1766
268 1766
267 1766
266 1766
265 1766
264 1766
263 1766
262 1766
261 1766
260 1766
259 1766
258 1766
257 1766
256 1766
255 1766
254 1766
253 1766
252 1767
251 1767
250 1767
249 1767
248 1768
247 1768
246 1768
245 1768
244 1768
243 1768
242 1768
241 1768
240 1768
239 1768
238 1768
237 1768
236 1768
235 1768
234 1768
233 1768
232 1767
231 1767
230 1766
229 1765
228 1764
227 1764
226 1764
225 1764
224 1764
223 1764
222 1764
221 1764
220 1764
219 1764
218 1763
217 1763
216 1762
215 1761
214 1761
213 1761
212 1761
211 1761
210 1761
209 1761
208 1760
207 1759
206 1759
205 1758
204 1757
203 1757
202 1756
201 1756
200 1755
199 1755
