374 1526
373 1527
372 1527
371 1528
370 1528
369 1529
368 1529
367 1530
366 1530
365 1530
364 1531
363 1531
362 1531
361 1532
360 1532
359 1533
358 1533
357 1533
356 1534
355 1534
354 1534
353 1535
352 1535
351 1535
350 1535
349 1535
348 1535
347 1536
347 1537
346 1538
346 1539
346 1540
346 1541
345 1542
345 1543
345 1544
346 1545
346 1546
346 1547
347 1548
347 1549
347 1550
347 1551
348 1552
349 1553
350 1554
351 1555
352 1556
353 1557
354 1558
355 1559
356 1560
357 1560
358 1560
359 1561
360 1562
361 1562
362 1562
363 1563
364 1563
365 1563
366 1564
367 1564
368 1564
369 1565
370 1565
371 1566
372 1566
373 1567
374 1567
375 1567
376 1568
377 1568
378 1568
379 1568
380 1568
381 1568
382 1568
383 1569
384 1569
385 1569
386 1570
387 1570
388 1570
389 1570
390 1570
391 1571
392 1571
393 1571
394 1571
395 1571
396 1571
397 1571
398 1571
399 1571
400 1570
401 1570
402 1570
403 1569
404 1568
405 1567
406 1566
407 1565
408 1564
409 1564
410 1563
411 1563
412 1562
413 1562
414 1561
415 1560
416 1559
416 1558
416 1557
417 1556
417 1555
417 1554
418 1553
418 1552
419 1551
419 1550
420 1549
420 1548
420 1547
420 1546
420 1545
420 1544
420 1543
420 1542
420 1541
420 1540
420 1539
419 1538
419 1537
418 1536
417 1535
416 1534
415 1533
414 1532
413 1531
412 1531
411 1530
410 1529
409 1529
408 1528
407 1527
406 1527
405 1527
404 1526
403 1526
402 1526
401 1526
400 1526
399 1526
398 1526
397 1526
396 1526
395 1526
394 1526
393 1526
392 1526
391 1526
390 1526
389 1526
388 1526
387 1526
386 1526
385 1526
384 1526
383 1526
382 1526
381 1526
380 1526
379 1526
378 1526
377 1526
376 1526
375 1526
374 1526
