99 1207
98 1208
97 1209
96 1209
95 1209
94 1209
93 1210
92 1210
91 1211
90 1212
89 1212
88 1213
87 1214
86 1214
85 1215
84 1215
83 1215
82 1215
81 1215
80 1215
79 1216
78 1216
77 1217
76 1217
75 1217
74 1217
73 1217
72 1217
71 1218
70 1218
69 1218
68 1219
67 1219
66 1219
65 1220
64 1220
63 1221
62 1221
61 1221
60 1222
59 1223
58 1223
58 1224
57 1225
57 1226
57 1227
57 1228
58 1229
58 1230
58 1231
58 1232
59 1232
60 1233
61 1234
62 1234
63 1234
64 1235
65 1235
66 1235
67 1235
68 1236
69 1236
70 1236
71 1236
72 1236
73 1236
74 1236
75 1237
76 1237
77 1237
78 1238
79 1238
80 1239
81 1239
82 1239
83 1239
84 1239
85 1239
86 1239
87 1239
88 1239
89 1240
90 1240
91 1241
92 1241
93 1241
94 1241
95 1241
96 1241
97 1241
98 1241
99 1241
100 1241
101 1241
102 1241
103 1241
104 1241
105 1240
106 1240
107 1240
108 1240
109 1239
110 1239
111 1239
112 1239
113 1239
114 1239
115 1239
116 1239
117 1238
118 1238
119 1238
120 1237
121 1237
122 1237
123 1237
124 1237
125 1237
126 1237
127 1237
128 1236
129 1236
130 1236
131 1236
132 1236
133 1236
134 1236
135 1236
136 1236
137 1236
138 1236
139 1236
140 1236
141 1236
142 1236
143 1236
144 1236
145 1236
146 1236
147 1236
148 1236
149 1236
150 1236
151 1236
152 1235
152 1234
153 1233
153 1232
153 1231
153 1230
153 1229
153 1228
153 1227
153 1226
153 1225
153 1224
152 1223
152 1222
151 1222
150 1221
149 1221
148 1220
147 1219
146 1219
145 1219
144 1218
143 1218
142 1218
141 1217
140 1217
139 1217
138 1217
137 1216
136 1216
135 1216
134 1215
133 1215
132 1215
131 1215
130 1215
129 1214
128 1214
127 1214
126 1213
125 1213
124 1213
123 1213
122 1213
121 1213
120 1212
119 1212
118 1212
117 1211
116 1211
115 1211
114 1211
113 1210
112 1210
111 1209
110 1209
109 1208
108 1207
107 1207
106 1207
105 1207
104 1207
103 1207
102 1207
101 1207
100 1207
99 1207
