905 2000
904 2001
903 2001
902 2001
901 2001
900 2001
899 2001
898 2001
897 2001
896 2001
895 2002
894 2003
894 2004
894 2005
894 2006
894 2007
894 2008
893 2009
893 2010
893 2011
893 2012
893 2013
893 2014
894 2015
894 2016
894 2017
894 2018
894 2019
894 2020
894 2021
895 2022
895 2023
896 2024
897 2025
897 2026
898 2027
898 2028
899 2029
899 2030
899 2031
900 2032
900 2033
900 2034
900 2035
901 2036
901 2037
901 2038
902 2039
902 2040
903 2041
903 2042
903 2043
903 2044
904 2045
904 2046
904 2047
904 2048
905 2049
905 2050
906 2051
906 2052
906 2053
907 2054
908 2055
909 2056
910 2057
911 2058
912 2059
912 2060
913 2061
913 2062
914 2063
914 2064
915 2065
916 2066
916 2067
917 2068
918 2069
919 2070
919 2071
919 2072
920 2073
920 2074
921 2075
921 2076
922 2076
923 2077
924 2077
925 2077
926 2077
927 2077
928 2077
929 2077
930 2077
931 2077
932 2077
933 2078
934 2078
935 2078
936 2078
937 2078
938 2078
939 2078
940 2078
941 2079
942 2079
943 2079
944 2080
945 2079
946 2079
947 2079
948 2079
949 2079
950 2079
951 2079
952 2079
953 2079
954 2079
955 2079
956 2079
957 2079
958 2079
959 2079
960 2079
961 2079
962 2079
963 2079
964 2080
965 2079
966 2079
967 2079
968 2078
969 2078
970 2078
971 2078
972 2077
973 2076
974 2076
975 2075
976 2074
976 2073
977 2072
977 2071
977 2070
978 2069
979 2068
980 2067
980 2066
981 2065
982 2064
983 2063
984 2062
985 2061
986 2061
987 2060
988 2059
989 2058
990 2057
991 2057
992 2056
993 2055
994 2055
995 2054
996 2054
997 2053
998 2053
999 2053
1000 2053
1001 2052
1002 2052
1003 2051
1004 2050
1004 2049
1005 2048
1005 2047
1006 2046
1006 2045
1006 2044
1006 2043
1006 2042
1006 2041
1006 2040
1007 2039
1007 2038
1007 2037
1007 2036
1007 2035
1007 2034
1007 2033
1006 2032
1006 2031
1005 2030
1004 2029
1003 2028
1002 2027
1001 2027
1000 2026
999 2026
998 2025
997 2025
996 2024
995 2023
995 2022
994 2021
994 2020
994 2019
993 2018
993 2017
992 2016
991 2015
990 2014
989 2013
988 2012
987 2012
986 2011
985 2011
984 2010
983 2010
982 2009
981 2009
980 2009
979 2009
978 2009
977 2009
976 2008
975 2008
974 2008
973 2007
972 2007
971 2007
970 2007
969 2006
968 2006
967 2006
966 2006
965 2006
964 2006
963 2006
962 2006
961 2006
960 2006
959 2006
958 2006
957 2006
956 2006
955 2006
954 2006
953 2006
952 2006
951 2006
950 2006
949 2006
948 2006
947 2006
946 2006
945 2006
944 2006
943 2006
942 2006
941 2006
940 2006
939 2006
938 2006
937 2006
936 2006
935 2006
934 2005
933 2005
932 2005
931 2005
930 2005
929 2005
928 2005
927 2004
926 2004
925 2004
924 2004
923 2003
922 2003
921 2003
920 2002
919 2001
918 2001
917 2000
916 2000
915 2000
914 2000
913 2000
912 2000
911 2000
910 2000
909 2000
908 2000
907 2000
906 2000
905 2000
