601 361
600 362
599 362
598 362
597 362
596 362
595 362
594 362
593 362
592 362
591 363
590 363
589 363
588 363
587 363
586 363
585 364
584 364
583 364
582 364
581 364
580 364
579 365
578 365
577 365
576 366
575 366
574 366
573 366
572 366
571 366
570 366
569 366
568 367
567 367
566 367
565 367
564 367
563 367
562 368
561 368
560 368
559 368
558 369
557 369
556 369
555 369
554 369
553 369
552 369
551 369
550 369
549 370
548 370
547 370
546 371
545 371
544 371
543 372
542 372
541 372
540 372
539 372
538 372
537 373
536 373
535 373
534 373
533 373
532 373
531 373
530 373
529 373
528 374
527 374
526 374
525 374
524 374
523 374
522 374
521 374
520 374
519 374
518 374
517 374
516 374
515 375
514 375
513 375
512 375
511 375
510 375
509 376
508 376
507 376
506 377
505 377
504 377
503 377
502 377
501 378
500 378
499 379
498 379
497 379
496 379
495 379
494 379
493 380
492 381
491 381
490 382
489 383
488 383
487 384
486 384
485 384
484 384
483 385
482 385
481 386
480 386
479 387
478 387
477 388
476 389
475 389
474 389
473 390
472 391
471 391
470 392
469 392
468 393
467 394
466 394
465 395
464 396
463 397
462 397
461 398
460 399
459 400
458 400
457 400
456 401
455 401
455 402
454 403
453 404
453 405
453 406
452 407
452 408
453 409
453 410
453 411
454 412
454 413
455 414
455 415
456 416
457 417
458 418
458 419
459 420
460 421
461 422
462 422
463 422
464 422
465 422
466 423
467 423
468 423
469 424
470 424
471 424
472 424
473 424
474 424
475 425
476 425
477 425
478 426
479 426
480 426
481 427
482 427
483 427
484 427
485 427
486 428
487 428
488 428
489 429
490 429
491 429
492 430
493 430
494 430
495 430
496 430
497 430
498 430
499 431
500 431
501 432
502 432
503 433
504 433
505 433
506 433
507 433
508 434
509 434
510 435
511 435
512 436
513 436
514 436
515 437
516 437
517 437
518 438
519 438
520 438
521 439
522 439
523 439
524 440
525 440
526 440
527 441
528 441
529 442
530 442
531 442
532 443
533 443
534 444
535 444
536 445
537 445
538 446
539 447
540 447
541 447
542 448
543 448
544 449
545 449
546 450
547 450
548 451
549 451
550 452
551 453
552 453
553 453
554 454
555 454
556 455
557 456
558 456
559 456
560 456
561 456
562 456
563 456
564 456
565 456
566 456
567 456
568 456
569 456
570 456
571 456
572 456
573 456
574 456
575 456
576 456
577 456
578 456
579 456
580 455
581 455
582 455
583 456
584 456
585 457
586 457
587 458
588 458
589 458
590 459
591 459
592 459
593 460
594 460
595 461
596 461
597 461
598 462
599 462
600 462
601 463
602 463
603 463
604 463
605 464
606 464
607 464
608 464
609 464
610 464
611 464
612 464
613 465
614 465
615 466
616 466
617 466
618 467
619 467
620 468
621 468
622 469
623 469
624 470
625 470
626 470
627 471
628 471
629 471
630 471
631 471
632 472
633 472
634 472
635 472
636 472
637 473
638 473
639 473
640 474
641 474
642 474
643 474
644 474
645 474
646 474
647 474
648 474
649 474
650 474
651 474
652 474
653 474
654 473
655 473
656 473
657 472
658 472
659 472
660 471
661 470
662 469
663 468
663 467
663 466
664 465
664 464
665 463
665 462
666 461
667 460
667 459
668 458
668 457
669 456
670 455
671 454
672 453
673 452
674 451
674 450
675 449
675 448
676 447
676 446
677 445
678 444
678 443
679 442
680 441
680 440
681 439
682 438
683 437
684 436
684 435
685 434
685 433
686 432
686 431
687 430
688 429
689 428
689 427
690 426
691 425
692 424
693 423
694 422
695 421
695 420
696 419
696 418
696 417
697 416
698 415
698 414
698 413
698 412
698 411
698 410
698 409
697 408
696 407
695 406
694 405
693 404
692 403
691 402
690 401
689 400
688 399
687 398
686 397
685 396
684 395
683 395
682 394
681 393
680 392
679 391
678 391
677 390
676 389
675 388
674 388
673 387
672 386
671 386
670 385
669 384
668 383
667 382
666 382
665 382
664 381
663 381
662 380
661 379
660 379
659 378
658 377
657 377
656 376
655 376
654 375
653 375
652 375
651 374
650 373
649 373
648 372
647 372
646 371
645 371
644 370
643 369
642 369
641 368
640 367
639 367
638 366
637 366
636 365
635 365
634 364
633 364
632 364
631 363
630 363
629 362
628 362
627 362
626 362
625 362
624 362
623 362
622 361
621 361
620 361
619 361
618 361
617 361
616 361
615 361
614 361
613 361
612 361
611 361
610 361
609 361
608 361
607 361
606 361
605 361
604 361
603 361
602 361
601 361
