949 496
948 497
947 497
946 497
945 497
944 497
943 497
942 497
941 497
940 497
939 497
938 497
937 497
936 497
935 497
934 497
933 497
932 498
931 499
930 500
929 501
928 502
928 503
927 504
926 505
925 506
924 507
923 508
922 509
921 510
920 511
920 512
920 513
920 514
920 515
920 516
920 517
920 518
920 519
920 520
920 521
920 522
920 523
920 524
920 525
921 526
921 527
921 528
921 529
921 530
921 531
921 532
921 533
921 534
922 535
923 536
924 536
925 536
926 536
927 537
928 537
929 538
930 538
931 538
932 539
933 540
934 540
935 541
936 541
937 542
938 542
939 543
940 543
941 544
942 544
943 545
944 546
945 546
946 547
947 547
948 548
949 549
950 549
951 549
952 550
953 550
954 550
955 550
956 550
957 550
958 549
959 550
960 549
961 549
962 548
963 548
964 547
965 547
966 546
967 546
968 546
969 545
970 545
971 545
972 545
973 545
974 545
975 545
976 544
977 544
978 544
979 543
980 543
981 542
982 542
983 541
984 540
985 539
986 538
987 537
988 536
989 536
990 535
991 535
992 534
993 534
994 534
995 534
996 534
996 533
997 532
997 531
997 530
997 529
997 528
997 527
997 526
997 525
997 524
997 523
997 522
997 521
997 520
997 519
997 518
997 517
997 516
997 515
997 514
997 513
997 512
997 511
997 510
997 509
997 508
997 507
997 506
997 505
996 504
995 504
994 504
993 504
992 504
991 503
990 503
989 503
988 502
987 502
986 502
985 501
984 501
983 500
982 500
981 499
980 499
979 498
978 498
977 498
976 498
975 498
974 498
973 498
972 498
971 498
970 497
969 497
968 497
967 497
966 497
965 497
964 497
963 497
962 497
961 497
960 497
959 496
958 496
957 496
956 496
955 496
954 496
953 496
952 496
951 496
950 496
949 496
