168 2101
167 2102
166 2102
165 2102
164 2102
163 2102
162 2102
161 2102
160 2102
159 2102
158 2102
157 2102
156 2102
155 2102
154 2102
153 2102
152 2102
151 2102
150 2102
149 2102
148 2102
147 2102
146 2102
145 2102
144 2103
143 2103
142 2104
141 2104
140 2105
139 2105
138 2106
137 2106
136 2106
135 2105
134 2105
133 2105
132 2105
131 2105
130 2105
129 2105
128 2105
127 2105
126 2105
125 2105
124 2105
123 2105
122 2105
121 2105
120 2106
119 2106
118 2107
117 2107
116 2107
115 2107
114 2107
113 2107
112 2107
111 2107
110 2107
109 2107
108 2107
107 2107
106 2107
105 2107
104 2107
103 2107
102 2107
101 2107
100 2107
99 2108
98 2108
97 2108
96 2109
95 2109
94 2109
93 2109
92 2109
91 2109
90 2110
89 2110
88 2111
87 2112
86 2113
86 2114
85 2115
84 2116
84 2117
83 2118
83 2119
82 2120
82 2121
82 2122
81 2123
80 2124
79 2125
79 2126
78 2127
78 2128
78 2129
78 2130
78 2131
79 2132
80 2133
81 2134
82 2135
83 2136
84 2136
85 2137
86 2137
87 2137
88 2138
89 2139
90 2140
91 2141
92 2142
93 2143
94 2144
95 2144
96 2145
97 2145
98 2146
99 2146
100 2146
101 2146
102 2146
103 2146
104 2146
105 2146
106 2146
107 2146
108 2146
109 2146
110 2146
111 2147
112 2147
113 2148
114 2148
115 2149
116 2149
117 2149
118 2150
119 2150
120 2150
121 2151
122 2151
123 2151
124 2151
125 2151
126 2151
127 2151
128 2151
129 2151
130 2151
131 2150
132 2150
133 2150
134 2150
135 2150
136 2150
137 2150
138 2150
139 2150
140 2150
141 2150
142 2150
143 2150
144 2150
145 2150
146 2150
147 2151
148 2152
149 2152
150 2152
151 2152
152 2152
153 2152
154 2152
155 2152
156 2152
157 2152
158 2152
159 2152
160 2151
161 2151
162 2151
163 2152
164 2152
165 2153
166 2153
167 2154
168 2154
169 2154
170 2154
171 2154
172 2154
173 2154
174 2154
175 2154
176 2154
177 2154
178 2154
179 2154
180 2154
181 2154
182 2154
183 2154
184 2154
185 2154
186 2154
187 2153
188 2153
189 2153
190 2152
191 2152
192 2151
193 2151
194 2151
195 2151
196 2151
197 2150
198 2150
199 2149
200 2149
201 2148
202 2148
203 2148
204 2148
205 2148
206 2148
207 2148
208 2148
209 2148
210 2148
210 2147
210 2146
210 2145
210 2144
210 2143
210 2142
210 2141
210 2140
210 2139
210 2138
210 2137
210 2136
210 2135
211 2134
211 2133
211 2132
211 2131
211 2130
211 2129
211 2128
212 2127
212 2126
213 2125
214 2124
214 2123
213 2122
213 2121
212 2120
211 2119
211 2118
210 2117
209 2116
208 2115
207 2114
206 2113
205 2113
204 2112
203 2111
202 2110
201 2109
200 2108
199 2107
198 2106
197 2106
196 2105
195 2105
194 2104
193 2104
192 2104
191 2103
190 2103
189 2103
188 2102
187 2102
186 2102
185 2102
184 2102
183 2102
182 2101
181 2101
180 2101
179 2101
178 2101
177 2101
176 2101
175 2101
174 2101
173 2101
172 2101
171 2101
170 2101
169 2101
168 2101
