424 1398
423 1399
422 1399
421 1399
420 1399
419 1399
418 1399
417 1399
416 1399
415 1399
414 1400
413 1400
412 1401
412 1402
412 1403
412 1404
412 1405
412 1406
412 1407
412 1408
412 1409
412 1410
412 1411
412 1412
412 1413
412 1414
412 1415
412 1416
412 1417
413 1418
413 1419
413 1420
414 1421
414 1422
414 1423
415 1424
415 1425
416 1426
417 1427
418 1428
419 1429
420 1430
421 1431
422 1432
423 1433
424 1433
425 1434
426 1434
427 1435
428 1435
429 1436
430 1436
431 1436
432 1436
433 1436
434 1436
435 1436
436 1437
437 1437
438 1437
439 1437
440 1437
441 1437
442 1437
443 1437
444 1437
445 1437
446 1437
447 1437
448 1437
449 1437
450 1438
451 1438
452 1438
453 1438
454 1438
455 1438
456 1438
457 1438
458 1438
459 1438
460 1438
461 1438
462 1438
463 1438
464 1438
465 1438
466 1438
467 1438
468 1438
469 1438
470 1438
471 1438
472 1437
473 1436
474 1436
475 1436
476 1436
477 1436
478 1435
479 1435
480 1434
481 1434
482 1433
483 1433
484 1432
485 1431
485 1430
485 1429
485 1428
485 1427
485 1426
485 1425
485 1424
485 1423
485 1422
484 1421
484 1420
484 1419
484 1418
484 1417
484 1416
484 1415
483 1414
483 1413
483 1412
482 1411
482 1410
481 1409
481 1408
480 1407
480 1406
479 1405
478 1405
477 1405
476 1405
475 1405
474 1405
473 1405
472 1405
471 1405
470 1404
469 1404
468 1404
467 1403
466 1403
465 1402
464 1401
463 1401
462 1401
461 1400
460 1400
459 1400
458 1400
457 1400
456 1400
455 1400
454 1400
453 1400
452 1400
451 1399
450 1399
449 1399
448 1399
447 1398
446 1398
445 1398
444 1398
443 1398
442 1398
441 1398
440 1398
439 1398
438 1398
437 1398
436 1398
435 1398
434 1398
433 1398
432 1398
431 1398
430 1398
429 1398
428 1398
427 1398
426 1398
425 1398
424 1398
