568 1884
567 1885
566 1886
565 1887
564 1887
563 1887
562 1887
561 1887
560 1886
559 1886
558 1886
557 1886
556 1886
555 1886
554 1886
553 1887
553 1888
553 1889
553 1890
553 1891
553 1892
553 1893
553 1894
553 1895
552 1896
552 1897
551 1898
550 1899
549 1900
548 1901
547 1902
547 1903
546 1904
546 1905
545 1906
544 1907
543 1908
542 1909
541 1910
540 1911
539 1911
538 1912
537 1912
536 1912
535 1913
534 1913
533 1913
532 1913
531 1913
530 1913
529 1913
528 1912
527 1912
526 1912
525 1912
524 1911
523 1910
522 1910
521 1909
520 1908
519 1907
519 1906
518 1906
517 1905
516 1905
515 1905
514 1904
513 1904
512 1903
511 1902
510 1901
509 1900
508 1899
507 1899
506 1900
505 1900
504 1901
503 1902
502 1903
501 1904
500 1904
500 1905
499 1906
499 1907
498 1908
498 1909
497 1910
496 1911
496 1912
496 1913
496 1914
496 1915
495 1916
495 1917
494 1918
494 1919
494 1920
493 1921
493 1922
493 1923
492 1924
492 1925
492 1926
491 1927
491 1928
490 1929
490 1930
490 1931
489 1932
489 1933
488 1934
488 1935
488 1936
488 1937
489 1938
489 1939
490 1940
490 1941
490 1942
491 1943
491 1944
490 1945
490 1946
490 1947
490 1948
490 1949
490 1950
490 1951
490 1952
491 1953
491 1954
491 1955
491 1956
491 1957
491 1958
491 1959
492 1960
493 1961
493 1962
493 1963
494 1964
494 1965
494 1966
495 1967
495 1968
495 1969
495 1970
495 1971
495 1972
495 1973
496 1974
496 1975
496 1976
497 1977
497 1978
498 1979
499 1980
500 1981
501 1982
502 1983
503 1984
504 1985
505 1986
506 1987
507 1988
508 1989
509 1990
510 1991
511 1992
512 1992
513 1993
514 1993
515 1993
516 1993
517 1993
518 1992
519 1992
520 1991
521 1991
522 1990
523 1990
524 1990
525 1990
526 1990
527 1990
528 1991
529 1991
530 1991
531 1992
532 1992
533 1993
534 1993
535 1994
536 1994
537 1994
538 1994
539 1994
540 1994
541 1994
542 1994
543 1994
544 1995
545 1995
546 1995
547 1995
548 1995
549 1996
550 1996
551 1996
552 1996
553 1996
554 1997
555 1997
556 1997
557 1998
558 1998
559 1998
560 1998
561 1999
562 1999
563 1999
564 2000
565 2000
566 2001
567 2001
568 2001
569 2001
570 2002
571 2002
572 2003
573 2003
574 2004
575 2004
576 2004
577 2005
578 2006
579 2006
580 2006
581 2006
582 2007
583 2007
584 2007
585 2008
586 2008
587 2009
588 2009
589 2010
590 2010
591 2010
592 2010
593 2011
594 2011
595 2011
596 2012
597 2012
598 2012
599 2013
600 2013
601 2013
602 2013
603 2013
604 2013
605 2014
606 2014
607 2015
608 2015
609 2015
610 2016
611 2016
612 2017
613 2017
614 2018
615 2018
616 2018
617 2019
618 2019
619 2019
620 2019
621 2020
622 2020
623 2021
624 2021
625 2022
626 2022
627 2022
628 2023
629 2023
630 2023
631 2024
632 2024
633 2025
634 2025
635 2026
636 2026
637 2026
638 2027
639 2027
640 2027
641 2027
642 2027
643 2027
644 2027
645 2027
646 2027
647 2027
648 2027
649 2027
650 2027
651 2027
652 2027
653 2027
654 2027
655 2027
656 2027
657 2027
658 2027
659 2027
660 2027
661 2027
662 2027
663 2027
664 2027
665 2028
666 2028
667 2028
668 2029
669 2029
670 2029
671 2029
672 2030
673 2030
674 2030
675 2030
676 2030
677 2030
678 2030
679 2030
680 2030
681 2030
682 2029
683 2029
684 2029
685 2029
686 2029
687 2029
688 2029
689 2029
690 2029
691 2029
692 2029
693 2029
694 2028
695 2028
696 2028
697 2027
698 2027
699 2027
700 2027
701 2027
702 2027
703 2026
704 2026
705 2026
706 2026
707 2025
708 2024
709 2024
710 2024
711 2024
712 2024
713 2024
714 2024
715 2024
716 2024
717 2024
718 2023
719 2023
720 2022
721 2022
722 2022
723 2021
724 2021
725 2021
726 2021
727 2021
728 2021
729 2021
730 2020
731 2020
732 2020
733 2020
734 2020
735 2020
736 2020
737 2020
738 2020
739 2020
740 2020
741 2020
742 2020
743 2020
744 2019
745 2019
746 2019
747 2019
748 2019
749 2019
750 2018
751 2018
752 2017
753 2017
754 2017
755 2016
756 2016
757 2016
758 2016
759 2016
760 2016
761 2015
762 2014
763 2013
764 2013
765 2013
766 2013
767 2012
768 2012
769 2012
770 2011
771 2011
772 2010
773 2010
774 2010
775 2010
776 2010
777 2010
778 2010
779 2010
780 2009
781 2009
782 2009
783 2009
784 2008
785 2008
786 2007
787 2007
788 2006
789 2005
790 2005
791 2005
792 2005
793 2005
794 2005
795 2004
796 2004
797 2003
798 2003
799 2003
800 2003
801 2003
802 2003
803 2002
804 2002
805 2001
806 2001
807 2000
808 2000
809 2000
810 1999
811 1998
812 1998
813 1997
814 1997
815 1996
816 1996
817 1995
818 1994
819 1993
819 1992
820 1991
821 1991
822 1990
823 1990
824 1989
825 1989
826 1988
827 1988
828 1988
829 1988
830 1988
831 1988
832 1987
833 1987
834 1986
835 1986
836 1985
837 1984
838 1984
839 1983
840 1983
841 1982
842 1982
843 1981
844 1981
845 1980
846 1980
847 1979
848 1979
849 1978
850 1978
851 1977
852 1977
853 1977
854 1977
855 1977
856 1977
857 1977
858 1977
859 1977
860 1976
861 1976
862 1975
863 1974
864 1973
865 1972
866 1972
867 1971
868 1970
869 1969
869 1968
869 1967
869 1966
870 1965
870 1964
870 1963
871 1962
870 1961
871 1960
870 1959
870 1958
870 1957
869 1956
869 1955
869 1954
869 1953
869 1952
869 1951
869 1950
869 1949
869 1948
869 1947
869 1946
869 1945
869 1944
869 1943
869 1942
869 1941
869 1940
868 1939
867 1938
866 1937
866 1936
865 1935
864 1934
864 1933
863 1932
862 1931
862 1930
861 1929
860 1928
860 1927
859 1926
858 1925
857 1924
857 1923
856 1922
856 1921
856 1920
855 1919
855 1918
854 1917
853 1916
852 1915
851 1914
850 1914
849 1914
848 1913
847 1912
846 1911
845 1911
844 1910
843 1909
842 1909
841 1908
840 1908
839 1908
838 1907
837 1907
836 1907
835 1907
834 1907
833 1907
832 1907
831 1907
830 1907
829 1906
828 1906
827 1905
826 1905
825 1904
824 1904
823 1904
822 1903
821 1903
820 1903
819 1902
818 1902
817 1901
816 1901
815 1900
814 1900
813 1900
812 1899
811 1899
810 1899
809 1899
808 1899
807 1899
806 1899
805 1899
804 1899
803 1899
802 1899
801 1899
800 1899
799 1899
798 1899
797 1899
796 1900
795 1900
794 1901
793 1902
792 1902
791 1903
790 1902
789 1903
788 1903
787 1903
786 1903
785 1903
784 1904
783 1904
782 1904
781 1904
780 1904
779 1904
778 1904
777 1904
776 1904
775 1904
774 1905
773 1905
772 1905
771 1905
770 1905
769 1905
768 1905
767 1905
766 1906
765 1906
764 1906
763 1906
762 1906
761 1906
760 1906
759 1907
758 1907
757 1907
756 1907
755 1907
754 1907
753 1906
752 1906
751 1907
750 1907
749 1907
748 1907
747 1907
746 1907
745 1906
744 1907
743 1907
742 1907
741 1907
740 1907
739 1907
738 1906
737 1906
736 1907
735 1907
734 1908
733 1908
732 1908
731 1908
730 1908
729 1908
728 1908
727 1908
726 1908
725 1908
724 1908
723 1908
722 1908
721 1908
720 1908
719 1907
718 1907
717 1907
716 1907
715 1908
714 1907
713 1907
712 1907
711 1907
710 1907
709 1907
708 1908
707 1907
706 1907
705 1907
704 1908
703 1907
702 1907
701 1908
700 1907
699 1907
698 1907
697 1908
696 1907
695 1907
694 1907
693 1908
692 1907
691 1907
690 1907
689 1908
688 1907
687 1907
686 1907
685 1906
684 1907
683 1908
682 1909
681 1909
680 1910
679 1910
678 1911
677 1911
676 1911
675 1912
674 1912
673 1912
672 1912
671 1912
670 1912
669 1911
668 1912
667 1912
666 1912
665 1912
664 1912
663 1912
662 1911
661 1911
660 1912
659 1912
658 1912
657 1912
656 1912
655 1912
654 1911
653 1911
652 1911
651 1911
650 1911
649 1911
648 1911
647 1911
646 1911
645 1910
644 1910
643 1910
642 1910
641 1910
640 1910
639 1909
638 1909
637 1909
636 1908
635 1908
634 1908
633 1908
632 1908
631 1908
630 1907
629 1907
628 1906
627 1906
626 1906
625 1906
624 1906
623 1906
622 1905
621 1905
620 1905
619 1905
618 1905
617 1904
616 1904
615 1904
614 1904
613 1903
612 1903
611 1903
610 1903
609 1902
608 1902
607 1901
606 1901
605 1900
604 1899
603 1898
602 1898
601 1898
600 1898
599 1898
598 1898
597 1897
596 1897
595 1897
594 1896
593 1896
592 1895
591 1895
590 1894
589 1894
588 1893
587 1892
586 1892
585 1892
584 1891
583 1891
582 1891
581 1891
580 1890
579 1890
578 1890
577 1889
576 1889
575 1889
574 1888
573 1888
572 1887
571 1886
570 1886
569 1885
568 1884
