1515 509
1514 510
1513 510
1512 510
1511 511
1510 511
1509 511
1508 512
1507 513
1506 513
1505 513
1504 513
1503 514
1502 514
1501 514
1500 515
1499 515
1498 516
1497 516
1496 517
1495 518
1494 518
1493 519
1492 520
1491 521
1490 522
1489 523
1488 524
1488 525
1487 526
1486 527
1486 528
1486 529
1486 530
1487 530
1488 531
1489 531
1490 531
1491 531
1492 531
1493 531
1494 531
1495 531
1496 531
1497 531
1498 531
1499 531
1500 532
1501 532
1502 532
1503 532
1504 532
1505 532
1506 532
1507 532
1508 532
1509 532
1510 532
1511 532
1512 532
1513 532
1514 532
1515 532
1516 532
1517 533
1518 533
1519 533
1520 533
1521 533
1522 533
1523 534
1524 534
1525 534
1526 534
1527 534
1528 534
1529 534
1530 534
1531 534
1532 534
1533 534
1534 534
1535 534
1536 533
1537 533
1538 533
1539 533
1540 533
1541 532
1541 531
1541 530
1541 529
1541 528
1541 527
1542 526
1542 525
1542 524
1543 523
1543 522
1543 521
1542 520
1542 519
1541 518
1540 517
1539 516
1538 515
1537 514
1536 514
1535 514
1534 513
1533 512
1532 512
1531 512
1530 511
1529 511
1528 511
1527 511
1526 511
1525 511
1524 511
1523 510
1522 510
1521 510
1520 509
1519 509
1518 509
1517 509
1516 509
1515 509
