332 1520
331 1521
330 1521
329 1521
328 1522
327 1522
326 1522
325 1523
324 1523
323 1523
322 1523
321 1523
320 1523
319 1524
318 1525
317 1525
316 1525
315 1526
314 1526
313 1526
312 1527
311 1527
310 1527
309 1528
308 1528
307 1528
306 1528
305 1529
304 1529
303 1529
302 1529
301 1529
300 1529
299 1529
298 1530
297 1530
296 1530
295 1531
294 1531
293 1531
292 1531
291 1531
290 1531
289 1532
288 1532
287 1532
286 1532
285 1533
284 1533
283 1534
282 1534
281 1535
281 1536
280 1537
280 1538
281 1539
282 1540
283 1540
284 1541
285 1541
286 1541
287 1542
288 1542
289 1543
290 1543
291 1544
292 1544
293 1545
294 1545
295 1545
296 1546
297 1546
298 1547
299 1547
300 1547
301 1547
302 1548
303 1548
304 1548
305 1548
306 1548
307 1548
308 1548
309 1548
310 1548
311 1548
312 1549
313 1549
314 1549
315 1549
316 1549
317 1549
318 1549
319 1549
320 1549
321 1549
322 1550
323 1550
324 1550
325 1551
326 1551
327 1551
328 1551
329 1551
330 1551
331 1551
332 1552
333 1552
334 1552
335 1552
336 1553
337 1553
338 1553
339 1553
340 1553
341 1553
342 1553
343 1553
344 1553
345 1553
346 1553
347 1553
348 1553
349 1553
350 1553
351 1553
352 1553
353 1553
354 1553
355 1553
356 1552
357 1551
358 1550
359 1550
360 1549
361 1549
362 1548
363 1547
364 1546
365 1546
366 1545
367 1545
368 1544
368 1543
369 1542
370 1542
371 1541
372 1540
372 1539
373 1538
374 1537
374 1536
373 1535
373 1534
372 1533
371 1532
370 1531
369 1530
368 1529
367 1528
366 1527
365 1527
364 1527
363 1526
362 1526
361 1526
360 1526
359 1525
358 1525
357 1525
356 1524
355 1524
354 1524
353 1524
352 1524
351 1524
350 1524
349 1524
348 1523
347 1522
346 1521
345 1521
344 1520
343 1520
342 1520
341 1520
340 1520
339 1520
338 1520
337 1520
336 1520
335 1520
334 1520
333 1520
332 1520
