116 1988
115 1989
114 1989
113 1989
112 1989
111 1989
110 1989
109 1989
108 1989
107 1989
106 1990
105 1990
104 1991
103 1991
102 1991
101 1992
100 1992
99 1992
98 1992
97 1992
96 1992
95 1992
94 1993
93 1994
92 1994
91 1994
90 1994
89 1995
88 1995
87 1995
86 1996
85 1996
84 1997
83 1998
83 1999
82 2000
81 2001
81 2002
80 2003
79 2004
79 2005
78 2006
77 2007
77 2008
76 2009
75 2010
74 2011
74 2012
73 2013
73 2014
72 2015
71 2016
71 2017
70 2018
70 2019
69 2020
69 2021
68 2022
68 2023
68 2024
68 2025
68 2026
69 2027
69 2028
70 2028
71 2029
72 2029
73 2029
74 2029
75 2029
76 2029
77 2029
78 2029
79 2029
80 2029
81 2029
82 2029
83 2029
84 2029
85 2029
86 2029
87 2029
88 2028
89 2028
90 2028
91 2028
92 2027
93 2027
94 2027
95 2027
96 2026
97 2026
98 2027
99 2027
100 2027
101 2027
102 2028
103 2028
104 2028
105 2028
106 2028
107 2028
108 2028
109 2028
110 2028
111 2028
112 2028
113 2028
114 2028
115 2028
116 2028
117 2028
118 2028
119 2029
120 2029
121 2029
122 2029
123 2029
124 2029
125 2029
126 2029
127 2029
128 2029
129 2029
130 2029
131 2029
132 2029
133 2029
134 2029
135 2029
136 2030
137 2030
138 2030
139 2030
140 2029
141 2029
142 2028
143 2027
144 2026
145 2025
146 2024
147 2023
148 2022
148 2021
149 2020
149 2019
149 2018
149 2017
149 2016
149 2015
149 2014
149 2013
149 2012
149 2011
149 2010
148 2009
148 2008
147 2007
146 2006
145 2005
144 2004
143 2003
143 2002
142 2001
141 2000
140 1999
139 1998
138 1997
137 1996
136 1995
135 1994
134 1993
133 1992
132 1992
131 1991
130 1991
129 1990
128 1990
127 1990
126 1990
125 1990
124 1989
123 1989
122 1988
121 1988
120 1988
119 1988
118 1988
117 1988
116 1988
