1143 1196
1142 1197
1141 1197
1140 1197
1139 1198
1138 1198
1137 1199
1136 1199
1135 1199
1134 1199
1133 1199
1132 1199
1131 1200
1130 1200
1129 1200
1128 1200
1127 1200
1126 1200
1125 1200
1124 1200
1123 1200
1122 1200
1121 1200
1120 1200
1119 1201
1118 1201
1117 1201
1116 1201
1115 1201
1114 1201
1113 1201
1112 1202
1111 1202
1110 1202
1109 1202
1108 1202
1107 1202
1106 1202
1105 1202
1104 1202
1103 1202
1102 1202
1101 1202
1100 1202
1099 1202
1098 1202
1097 1202
1096 1203
1095 1203
1094 1203
1093 1204
1092 1204
1091 1204
1090 1204
1089 1204
1088 1204
1087 1204
1086 1204
1085 1204
1084 1204
1083 1204
1082 1204
1081 1204
1080 1204
1079 1205
1078 1205
1077 1205
1076 1205
1075 1206
1074 1206
1073 1206
1072 1206
1071 1207
1070 1207
1069 1207
1068 1208
1067 1208
1066 1208
1065 1209
1064 1209
1063 1209
1062 1209
1061 1209
1060 1209
1059 1210
1058 1210
1057 1211
1056 1212
1055 1212
1054 1212
1053 1213
1052 1213
1051 1214
1050 1214
1049 1215
1048 1215
1047 1215
1046 1216
1045 1216
1044 1216
1043 1217
1042 1217
1041 1218
1040 1218
1040 1219
1039 1220
1039 1221
1039 1222
1039 1223
1040 1224
1041 1224
1042 1225
1043 1226
1044 1226
1045 1226
1046 1227
1047 1227
1048 1228
1049 1229
1050 1230
1051 1230
1052 1231
1053 1231
1054 1231
1055 1231
1056 1232
1057 1232
1058 1232
1059 1233
1060 1233
1061 1234
1062 1234
1063 1235
1064 1236
1065 1236
1066 1237
1067 1237
1068 1238
1069 1238
1070 1239
1071 1239
1072 1240
1073 1240
1074 1241
1075 1241
1076 1242
1077 1242
1078 1243
1079 1243
1080 1243
1081 1244
1082 1245
1083 1245
1084 1246
1085 1246
1086 1246
1087 1246
1088 1246
1089 1246
1090 1246
1091 1246
1092 1246
1093 1247
1094 1247
1095 1247
1096 1247
1097 1247
1098 1248
1099 1248
1100 1248
1101 1249
1102 1249
1103 1250
1104 1250
1105 1251
1106 1251
1107 1252
1108 1252
1109 1252
1110 1252
1111 1252
1112 1253
1113 1253
1114 1254
1115 1255
1116 1255
1117 1255
1118 1255
1119 1255
1120 1255
1121 1255
1122 1256
1123 1256
1124 1256
1125 1256
1126 1256
1127 1256
1128 1257
1129 1257
1130 1257
1131 1258
1132 1258
1133 1258
1134 1258
1135 1258
1136 1258
1137 1258
1138 1258
1139 1258
1140 1258
1141 1258
1142 1259
1143 1259
1144 1259
1145 1260
1146 1260
1147 1260
1148 1260
1149 1259
1150 1259
1151 1259
1152 1258
1153 1258
1154 1258
1155 1258
1156 1258
1157 1258
1158 1258
1159 1258
1160 1258
1161 1258
1162 1258
1163 1258
1164 1258
1165 1257
1166 1257
1167 1257
1168 1257
1169 1257
1170 1258
1171 1258
1172 1258
1173 1259
1174 1259
1175 1259
1176 1259
1177 1259
1178 1258
1179 1257
1180 1257
1181 1256
1182 1256
1183 1256
1184 1256
1185 1255
1186 1255
1187 1254
1188 1254
1189 1254
1190 1253
1191 1253
1192 1253
1193 1253
1194 1252
1195 1252
1196 1252
1197 1252
1198 1251
1199 1251
1200 1251
1201 1251
1202 1251
1203 1251
1204 1251
1205 1251
1206 1251
1207 1250
1208 1250
1209 1250
1210 1250
1211 1250
1212 1249
1213 1249
1214 1249
1215 1248
1216 1248
1217 1247
1218 1247
1219 1247
1220 1246
1221 1245
1222 1244
1223 1243
1224 1242
1225 1241
1226 1240
1227 1239
1228 1238
1229 1237
1230 1236
1231 1235
1231 1234
1232 1233
1232 1232
1232 1231
1232 1230
1232 1229
1232 1228
1232 1227
1232 1226
1232 1225
1232 1224
1232 1223
1232 1222
1231 1221
1230 1220
1229 1219
1228 1219
1227 1219
1226 1218
1225 1218
1224 1217
1223 1216
1222 1215
1221 1215
1220 1215
1219 1214
1218 1213
1217 1212
1216 1212
1215 1211
1214 1210
1213 1210
1212 1209
1211 1208
1210 1208
1209 1207
1208 1206
1207 1206
1206 1205
1205 1205
1204 1204
1203 1204
1202 1204
1201 1204
1200 1204
1199 1203
1198 1203
1197 1203
1196 1202
1195 1202
1194 1202
1193 1202
1192 1202
1191 1202
1190 1202
1189 1201
1188 1201
1187 1200
1186 1200
1185 1199
1184 1199
1183 1199
1182 1199
1181 1199
1180 1199
1179 1199
1178 1199
1177 1199
1176 1199
1175 1198
1174 1198
1173 1198
1172 1197
1171 1197
1170 1197
1169 1196
1168 1196
1167 1196
1166 1196
1165 1196
1164 1196
1163 1196
1162 1196
1161 1196
1160 1196
1159 1196
1158 1196
1157 1196
1156 1196
1155 1196
1154 1196
1153 1196
1152 1196
1151 1196
1150 1196
1149 1196
1148 1196
1147 1196
1146 1196
1145 1196
1144 1196
1143 1196
