1505 829
1504 830
1503 830
1502 830
1501 831
1500 831
1499 832
1498 832
1497 833
1496 833
1495 834
1494 834
1493 834
1492 834
1491 834
1490 834
1489 834
1488 834
1487 834
1486 834
1485 834
1484 834
1483 834
1482 834
1481 834
1480 834
1479 834
1478 833
1477 833
1476 832
1475 832
1474 831
1473 831
1472 831
1471 831
1470 831
1469 832
1468 832
1467 832
1466 833
1465 833
1464 833
1463 834
1462 834
1461 834
1460 834
1459 834
1458 834
1457 834
1456 834
1455 834
1454 834
1453 834
1452 833
1451 833
1450 832
1449 832
1448 831
1447 831
1446 831
1445 831
1444 831
1443 831
1442 831
1441 832
1440 832
1439 832
1438 832
1437 832
1436 832
1435 832
1434 832
1433 832
1432 832
1431 832
1430 832
1429 832
1428 832
1427 832
1426 832
1425 832
1424 832
1423 832
1422 832
1421 832
1420 832
1419 832
1418 833
1417 833
1416 833
1415 833
1414 834
1413 834
1412 834
1411 834
1410 834
1409 834
1408 834
1407 834
1406 834
1405 834
1404 834
1403 834
1402 834
1401 834
1400 834
1399 834
1398 834
1397 834
1396 834
1395 834
1394 834
1393 834
1392 834
1391 834
1390 834
1389 834
1388 834
1387 834
1386 834
1385 834
1384 834
1383 834
1382 834
1381 834
1380 834
1379 834
1378 834
1377 834
1376 833
1375 833
1374 833
1373 832
1372 832
1371 832
1370 832
1369 832
1368 832
1367 832
1366 832
1365 832
1364 832
1363 832
1362 832
1361 832
1360 831
1359 831
1358 831
1357 831
1356 831
1355 831
1354 831
1353 831
1352 831
1351 831
1350 831
1349 831
1348 831
1347 831
1346 831
1345 831
1344 831
1343 831
1342 831
1341 831
1340 831
1339 831
1338 831
1337 831
1336 831
1335 831
1334 831
1333 831
1332 832
1331 832
1330 832
1329 832
1328 832
1327 832
1326 832
1325 832
1324 832
1323 832
1322 832
1321 832
1320 832
1319 832
1318 833
1317 833
1316 833
1315 833
1314 834
1313 834
1312 834
1311 834
1310 834
1309 834
1308 834
1307 834
1306 834
1305 834
1304 834
1303 834
1302 834
1301 834
1300 834
1299 834
1298 834
1297 834
1296 834
1295 834
1294 834
1293 834
1292 834
1291 834
1290 834
1289 834
1288 834
1287 833
1286 833
1285 833
1284 833
1283 832
1282 832
1281 832
1280 832
1279 832
1278 832
1277 832
1276 832
1275 832
1274 832
1273 832
1272 832
1271 832
1270 832
1269 832
1268 832
1267 832
1266 832
1265 832
1264 832
1263 832
1262 832
1261 832
1260 832
1259 832
1258 832
1257 832
1256 832
1255 832
1254 832
1253 832
1252 832
1251 832
1250 832
1249 832
1248 832
1247 832
1246 832
1245 832
1244 832
1243 832
1242 832
1241 832
1240 832
1239 832
1238 832
1237 832
1236 832
1235 832
1234 832
1233 832
1232 832
1231 832
1230 832
1229 832
1228 832
1227 832
1226 832
1225 832
1224 832
1223 833
1222 833
1221 833
1220 834
1219 834
1218 834
1217 835
1216 835
1215 835
1214 836
1213 836
1212 836
1211 836
1210 836
1209 836
1208 836
1207 836
1206 836
1205 836
1204 836
1203 836
1202 836
1201 836
1200 836
1199 836
1198 836
1197 836
1196 836
1195 836
1194 835
1193 835
1192 835
1191 834
1190 834
1189 834
1188 834
1187 834
1186 834
1185 834
1184 834
1183 834
1182 834
1181 834
1180 834
1179 835
1178 835
1177 835
1176 835
1175 836
1174 836
1173 836
1172 836
1171 837
1170 837
1169 837
1168 838
1167 838
1166 838
1165 838
1164 838
1163 838
1162 838
1161 838
1160 838
1159 838
1158 838
1157 838
1156 838
1155 838
1154 838
1153 838
1152 838
1151 838
1150 838
1149 838
1148 838
1147 838
1146 838
1145 838
1144 838
1143 839
1142 839
1141 839
1140 839
1139 839
1138 839
1137 840
1136 840
1135 840
1134 841
1133 841
1132 841
1131 841
1130 841
1129 841
1128 841
1127 841
1126 841
1125 841
1124 841
1123 841
1122 841
1121 842
1120 842
1119 842
1118 842
1117 843
1116 843
1115 843
1114 843
1113 843
1112 844
1111 844
1110 844
1109 844
1108 845
1107 845
1106 846
1105 846
1104 847
1103 847
1102 848
1101 849
1100 850
1099 850
1098 851
1097 851
1096 852
1095 852
1094 853
1093 853
1092 853
1091 854
1090 854
1089 854
1088 855
1087 856
1086 856
1085 856
1084 857
1083 857
1082 857
1081 857
1080 858
1079 858
1078 858
1077 859
1076 859
1075 859
1074 859
1073 859
1072 859
1071 859
1070 859
1069 859
1068 859
1067 860
1066 860
1065 860
1064 860
1063 860
1062 860
1061 860
1060 860
1059 860
1058 860
1057 860
1056 860
1055 860
1054 860
1053 860
1052 859
1051 859
1050 859
1049 859
1048 859
1047 859
1046 859
1045 859
1044 859
1043 859
1042 859
1041 859
1040 859
1039 859
1038 860
1037 860
1036 860
1035 860
1034 860
1033 860
1032 860
1031 860
1030 860
1029 860
1028 860
1027 860
1026 860
1025 860
1024 860
1023 860
1022 861
1021 861
1020 861
1019 861
1018 862
1017 862
1016 862
1015 862
1014 862
1013 862
1012 863
1011 863
1010 863
1009 864
1008 864
1007 864
1006 864
1005 865
1004 865
1003 866
1002 867
1001 868
1000 869
999 870
998 870
997 871
996 872
995 872
994 872
993 873
992 873
991 873
990 873
989 873
988 874
987 874
986 875
985 875
984 875
983 876
982 876
981 876
980 876
979 876
978 876
977 877
976 877
975 877
974 878
973 878
972 878
971 879
970 879
969 880
968 881
967 881
966 882
965 882
964 882
963 883
962 884
961 885
960 886
959 887
958 887
957 888
956 888
955 889
954 889
953 889
952 889
951 889
950 889
949 889
948 890
947 891
946 891
945 891
944 892
943 892
942 892
941 892
940 892
939 892
938 893
937 893
936 893
935 894
934 895
933 895
932 896
931 896
930 897
929 898
928 898
927 899
926 900
925 900
924 900
923 901
922 902
921 902
920 903
919 903
918 904
917 905
916 905
915 906
914 907
913 907
912 908
911 909
910 910
909 911
908 912
907 912
906 913
905 914
904 914
903 915
902 916
902 917
901 918
900 919
900 920
900 921
899 922
899 923
899 924
899 925
899 926
899 927
899 928
899 929
899 930
899 931
899 932
899 933
899 934
899 935
900 936
900 937
900 938
901 939
902 940
902 941
902 942
902 943
903 944
903 945
903 946
903 947
903 948
903 949
903 950
903 951
903 952
903 953
904 954
905 955
905 956
905 957
906 958
906 959
906 960
906 961
906 962
906 963
906 964
906 965
907 966
907 967
907 968
908 969
908 970
908 971
908 972
908 973
908 974
909 975
909 976
910 977
910 978
911 979
912 980
912 981
912 982
913 983
913 984
914 985
914 986
915 987
915 988
916 989
917 990
918 991
918 992
919 993
920 994
921 995
921 996
922 997
922 998
922 999
922 1000
922 1001
922 1002
921 1003
921 1004
921 1005
920 1006
920 1007
921 1008
921 1009
922 1010
923 1011
923 1012
924 1013
924 1014
924 1015
925 1016
925 1017
925 1018
925 1019
926 1020
926 1021
926 1022
927 1023
927 1024
927 1025
927 1026
927 1027
927 1028
927 1029
927 1030
927 1031
927 1032
927 1033
927 1034
927 1035
927 1036
927 1037
927 1038
927 1039
928 1040
928 1041
928 1042
929 1043
929 1044
930 1045
930 1046
931 1046
932 1047
933 1047
934 1047
935 1047
936 1047
937 1047
938 1047
939 1047
940 1047
941 1047
942 1047
943 1047
944 1047
945 1047
946 1047
947 1047
948 1047
949 1047
950 1048
951 1048
952 1048
953 1049
954 1049
955 1049
956 1049
957 1049
958 1049
959 1049
960 1049
961 1049
962 1049
963 1050
964 1050
965 1050
966 1051
967 1051
968 1051
969 1051
970 1051
971 1051
972 1051
973 1051
974 1051
975 1051
976 1051
977 1051
978 1051
979 1051
980 1051
981 1051
982 1052
983 1052
984 1052
985 1053
986 1053
987 1053
988 1054
989 1054
990 1054
991 1054
992 1054
993 1054
994 1054
995 1054
996 1054
997 1054
998 1054
999 1054
1000 1054
1001 1055
1002 1055
1003 1055
1004 1056
1005 1056
1006 1056
1007 1056
1008 1056
1009 1056
1010 1056
1011 1056
1012 1057
1013 1057
1014 1057
1015 1058
1016 1058
1017 1058
1018 1058
1019 1058
1020 1058
1021 1058
1022 1058
1023 1058
1024 1058
1025 1058
1026 1058
1027 1058
1028 1058
1029 1058
1030 1058
1031 1058
1032 1059
1033 1059
1034 1059
1035 1059
1036 1059
1037 1059
1038 1059
1039 1059
1040 1059
1041 1059
1042 1059
1043 1059
1044 1059
1045 1059
1046 1060
1047 1060
1048 1060
1049 1061
1050 1061
1051 1061
1052 1061
1053 1061
1054 1061
1055 1061
1056 1061
1057 1061
1058 1061
1059 1061
1060 1061
1061 1061
1062 1061
1063 1061
1064 1061
1065 1061
1066 1061
1067 1061
1068 1061
1069 1061
1070 1061
1071 1061
1072 1061
1073 1061
1074 1061
1075 1061
1076 1061
1077 1061
1078 1061
1079 1061
1080 1061
1081 1061
1082 1061
1083 1061
1084 1061
1085 1061
1086 1061
1087 1061
1088 1061
1089 1061
1090 1061
1091 1061
1092 1061
1093 1061
1094 1061
1095 1061
1096 1061
1097 1061
1098 1061
1099 1061
1100 1061
1101 1061
1102 1061
1103 1061
1104 1061
1105 1061
1106 1061
1107 1060
1108 1060
1109 1060
1110 1059
1111 1059
1112 1059
1113 1059
1114 1059
1115 1059
1116 1059
1117 1059
1118 1059
1119 1059
1120 1059
1121 1059
1122 1059
1123 1059
1124 1059
1125 1059
1126 1059
1127 1059
1128 1058
1129 1058
1130 1058
1131 1058
1132 1058
1133 1058
1134 1058
1135 1058
1136 1058
1137 1058
1138 1058
1139 1057
1140 1057
1141 1056
1142 1056
1143 1055
1144 1055
1145 1054
1146 1054
1147 1053
1148 1053
1149 1053
1150 1052
1151 1052
1152 1052
1153 1052
1154 1052
1155 1052
1156 1052
1157 1052
1158 1052
1159 1052
1160 1052
1161 1052
1162 1052
1163 1052
1164 1052
1165 1052
1166 1052
1167 1052
1168 1051
1169 1051
1170 1051
1171 1051
1172 1051
1173 1051
1174 1051
1175 1051
1176 1051
1177 1051
1178 1051
1179 1052
1180 1052
1181 1053
1182 1054
1182 1055
1183 1056
1184 1057
1184 1058
1185 1059
1186 1060
1186 1061
1187 1062
1188 1063
1189 1064
1190 1064
1191 1064
1192 1065
1193 1065
1194 1065
1195 1065
1196 1065
1197 1065
1198 1065
1199 1065
1200 1066
1201 1066
1202 1066
1203 1067
1204 1068
1205 1068
1206 1069
1207 1069
1208 1070
1209 1070
1210 1071
1211 1071
1212 1071
1213 1072
1214 1072
1215 1072
1216 1072
1217 1072
1218 1072
1219 1072
1220 1072
1221 1072
1222 1072
1223 1072
1224 1073
1225 1073
1226 1074
1227 1074
1228 1075
1229 1076
1230 1076
1231 1076
1232 1077
1233 1077
1234 1078
1235 1078
1236 1079
1237 1079
1238 1080
1239 1080
1240 1081
1241 1081
1242 1081
1243 1082
1244 1083
1245 1083
1246 1084
1247 1084
1248 1085
1249 1085
1250 1085
1251 1085
1252 1086
1253 1086
1254 1086
1255 1086
1256 1087
1257 1087
1258 1088
1259 1088
1260 1089
1261 1089
1262 1090
1263 1090
1264 1090
1265 1091
1266 1091
1267 1091
1268 1091
1269 1091
1270 1092
1271 1092
1272 1093
1273 1094
1274 1094
1275 1094
1276 1095
1277 1094
1278 1094
1279 1095
1280 1095
1281 1095
1282 1096
1283 1097
1284 1097
1285 1097
1286 1098
1287 1098
1288 1098
1289 1098
1290 1098
1291 1098
1292 1098
1293 1098
1294 1098
1295 1098
1296 1098
1297 1098
1298 1099
1299 1099
1300 1100
1301 1101
1302 1102
1303 1103
1304 1103
1305 1103
1306 1103
1307 1103
1308 1104
1309 1104
1310 1104
1311 1105
1312 1105
1313 1105
1314 1105
1315 1105
1316 1105
1317 1106
1318 1106
1319 1107
1320 1108
1321 1108
1322 1108
1323 1109
1324 1109
1325 1109
1326 1109
1327 1109
1328 1109
1329 1109
1330 1109
1331 1110
1332 1110
1333 1110
1334 1110
1335 1110
1336 1110
1337 1110
1338 1110
1339 1110
1340 1110
1341 1110
1342 1110
1343 1110
1344 1110
1345 1110
1346 1110
1347 1110
1348 1110
1349 1110
1350 1111
1351 1111
1352 1111
1353 1112
1354 1112
1355 1112
1356 1112
1357 1112
1358 1112
1359 1113
1360 1113
1361 1113
1362 1114
1363 1114
1364 1114
1365 1114
1366 1114
1367 1114
1368 1114
1369 1114
1370 1114
1371 1114
1372 1115
1373 1115
1374 1115
1375 1116
1376 1116
1377 1116
1378 1116
1379 1116
1380 1116
1381 1116
1382 1116
1383 1116
1384 1116
1385 1116
1386 1116
1387 1116
1388 1116
1389 1116
1390 1116
1391 1116
1392 1116
1393 1116
1394 1116
1395 1116
1396 1116
1397 1116
1398 1116
1399 1116
1400 1116
1401 1116
1402 1117
1403 1117
1404 1117
1405 1117
1406 1117
1407 1117
1408 1117
1409 1117
1410 1117
1411 1117
1412 1117
1413 1117
1414 1117
1415 1118
1416 1118
1417 1118
1418 1118
1419 1118
1420 1118
1421 1118
1422 1117
1423 1116
1424 1116
1425 1116
1426 1116
1427 1116
1428 1116
1429 1116
1430 1116
1431 1116
1432 1116
1433 1116
1434 1116
1435 1116
1436 1116
1437 1116
1438 1116
1439 1116
1440 1117
1441 1117
1442 1117
1443 1117
1444 1117
1445 1117
1446 1117
1447 1117
1448 1117
1449 1117
1450 1118
1451 1118
1452 1118
1453 1118
1454 1118
1455 1118
1456 1118
1457 1117
1458 1117
1459 1117
1460 1117
1461 1117
1462 1117
1463 1117
1464 1117
1465 1116
1466 1116
1467 1115
1468 1114
1469 1113
1470 1113
1471 1113
1472 1112
1473 1112
1474 1112
1475 1111
1476 1111
1477 1111
1478 1110
1479 1109
1480 1109
1481 1108
1481 1107
1482 1106
1483 1106
1483 1105
1484 1104
1485 1104
1486 1103
1487 1102
1488 1101
1489 1100
1490 1099
1491 1099
1492 1099
1493 1098
1494 1098
1495 1098
1496 1097
1497 1097
1498 1096
1499 1095
1500 1095
1501 1094
1502 1093
1503 1093
1504 1092
1505 1091
1506 1090
1507 1090
1508 1089
1509 1089
1510 1088
1511 1087
1512 1087
1513 1087
1514 1086
1515 1086
1516 1086
1517 1086
1518 1086
1519 1086
1520 1085
1521 1085
1522 1085
1523 1084
1524 1084
1525 1084
1526 1083
1527 1083
1528 1082
1529 1081
1530 1081
1531 1080
1532 1080
1533 1080
1534 1080
1535 1080
1536 1080
1537 1079
1538 1078
1539 1077
1540 1077
1541 1076
1542 1075
1543 1074
1544 1073
1545 1073
1546 1073
1547 1072
1548 1071
1549 1071
1550 1071
1551 1070
1552 1069
1553 1069
1554 1069
1555 1068
1556 1068
1557 1068
1558 1068
1559 1068
1560 1068
1561 1068
1562 1068
1563 1068
1564 1068
1565 1068
1566 1067
1567 1067
1568 1067
1569 1067
1570 1066
1571 1066
1572 1066
1573 1066
1574 1066
1575 1065
1576 1064
1577 1064
1578 1064
1579 1063
1580 1063
1581 1063
1582 1063
1583 1063
1584 1063
1585 1062
1586 1062
1587 1062
1588 1061
1589 1061
1590 1061
1591 1060
1592 1060
1593 1060
1594 1059
1595 1059
1596 1059
1597 1059
1598 1059
1599 1059
1600 1059
1601 1059
1602 1058
1603 1057
1604 1057
1605 1056
1606 1056
1607 1056
1608 1056
1609 1056
1610 1056
1611 1055
1612 1055
1613 1055
1614 1055
1615 1054
1616 1054
1617 1053
1618 1053
1619 1053
1620 1052
1621 1052
1622 1052
1623 1052
1624 1052
1625 1052
1626 1052
1627 1052
1628 1052
1629 1052
1630 1052
1631 1052
1632 1052
1633 1052
1634 1052
1635 1052
1636 1052
1637 1052
1638 1052
1639 1052
1640 1052
1641 1052
1642 1052
1643 1052
1644 1052
1645 1052
1646 1052
1647 1052
1648 1052
1649 1052
1650 1052
1651 1052
1652 1052
1653 1052
1654 1052
1655 1052
1656 1052
1657 1052
1658 1052
1659 1052
1660 1052
1661 1052
1662 1052
1663 1052
1664 1052
1665 1052
1666 1051
1667 1051
1668 1051
1669 1051
1670 1051
1671 1051
1672 1051
1673 1051
1674 1051
1675 1051
1676 1051
1677 1051
1678 1051
1679 1051
1680 1051
1681 1051
1682 1051
1683 1051
1684 1051
1685 1051
1686 1051
1687 1051
1688 1051
1689 1051
1690 1051
1691 1051
1692 1051
1693 1051
1694 1051
1695 1051
1696 1051
1697 1051
1698 1051
1699 1051
1700 1051
1701 1051
1702 1051
1703 1051
1704 1051
1705 1051
1706 1050
1707 1050
1708 1049
1709 1048
1710 1047
1711 1046
1712 1045
1713 1044
1714 1043
1715 1043
1716 1042
1717 1042
1718 1042
1719 1042
1720 1042
1721 1042
1722 1041
1723 1041
1724 1041
1725 1040
1726 1040
1727 1040
1728 1040
1729 1040
1730 1040
1731 1039
1732 1039
1733 1039
1734 1038
1735 1038
1736 1038
1737 1038
1738 1037
1739 1037
1740 1037
1741 1037
1742 1037
1743 1037
1744 1037
1745 1037
1746 1037
1747 1037
1748 1037
1749 1037
1750 1037
1751 1036
1752 1036
1753 1036
1754 1035
1755 1035
1756 1035
1757 1034
1758 1034
1759 1034
1760 1033
1761 1032
1762 1032
1763 1031
1764 1030
1765 1029
1766 1028
1767 1027
1768 1027
1769 1026
1770 1026
1771 1026
1772 1026
1773 1026
1774 1026
1775 1026
1776 1026
1777 1026
1778 1027
1779 1027
1780 1027
1781 1028
1782 1028
1783 1028
1784 1028
1785 1028
1786 1028
1787 1028
1788 1027
1789 1027
1790 1027
1791 1027
1792 1026
1793 1026
1794 1026
1795 1026
1796 1026
1797 1026
1798 1026
1799 1026
1800 1026
1801 1026
1802 1026
1803 1026
1804 1026
1805 1026
1806 1026
1807 1026
1808 1027
1809 1027
1810 1027
1811 1028
1812 1028
1813 1029
1814 1029
1815 1029
1816 1030
1817 1030
1818 1030
1819 1031
1820 1032
1821 1032
1822 1032
1823 1033
1824 1034
1825 1034
1826 1034
1827 1035
1828 1035
1829 1035
1830 1035
1831 1035
1832 1035
1833 1036
1834 1036
1835 1037
1836 1038
1837 1038
1838 1038
1839 1038
1840 1038
1841 1038
1842 1038
1843 1038
1844 1038
1845 1038
1846 1038
1847 1038
1848 1038
1849 1038
1850 1038
1851 1038
1852 1038
1853 1037
1854 1037
1855 1037
1856 1037
1857 1037
1858 1036
1859 1036
1860 1036
1861 1035
1862 1035
1863 1035
1864 1034
1865 1034
1866 1034
1867 1033
1868 1032
1869 1032
1870 1031
1871 1031
1872 1030
1873 1030
1874 1030
1875 1030
1876 1030
1877 1029
1878 1029
1879 1028
1880 1028
1881 1027
1882 1026
1883 1025
1884 1024
1885 1023
1886 1022
1887 1021
1888 1020
1889 1020
1890 1019
1891 1019
1892 1018
1893 1018
1894 1017
1895 1016
1895 1015
1896 1014
1897 1013
1898 1012
1899 1011
1899 1010
1900 1009
1901 1008
1902 1008
1902 1007
1903 1006
1904 1006
1904 1005
1905 1004
1906 1004
1907 1003
1908 1002
1909 1001
1910 1001
1911 1000
1912 999
1913 998
1914 997
1915 997
1916 996
1917 995
1918 995
1919 995
1920 994
1921 993
1922 993
1923 992
1924 991
1925 990
1926 989
1927 988
1928 987
1928 986
1929 985
1929 984
1929 983
1929 982
1930 981
1930 980
1930 979
1931 978
1931 977
1931 976
1932 975
1932 974
1932 973
1933 972
1933 971
1933 970
1933 969
1933 968
1933 967
1933 966
1933 965
1933 964
1933 963
1933 962
1933 961
1933 960
1932 959
1932 958
1932 957
1931 956
1930 955
1930 954
1930 953
1929 952
1929 951
1929 950
1929 949
1929 948
1929 947
1929 946
1929 945
1929 944
1929 943
1929 942
1929 941
1929 940
1928 939
1928 938
1927 937
1927 936
1926 935
1925 934
1924 933
1923 932
1922 931
1922 930
1921 929
1920 928
1920 927
1919 926
1918 925
1918 924
1917 923
1917 922
1917 921
1917 920
1917 919
1917 918
1917 917
1917 916
1917 915
1917 914
1916 913
1916 912
1916 911
1915 910
1914 909
1913 908
1912 907
1911 906
1910 905
1909 904
1908 903
1907 903
1906 902
1905 902
1904 901
1903 900
1902 900
1901 900
1900 899
1899 898
1898 898
1897 898
1896 897
1895 896
1894 896
1893 895
1892 895
1891 895
1890 894
1889 894
1888 894
1887 893
1886 893
1885 893
1884 892
1883 892
1882 891
1881 891
1880 890
1879 890
1878 889
1877 889
1876 889
1875 889
1874 889
1873 889
1872 889
1871 889
1870 889
1869 889
1868 889
1867 889
1866 889
1865 888
1864 888
1863 888
1862 887
1861 886
1860 886
1859 886
1858 885
1857 885
1856 885
1855 885
1854 885
1853 885
1852 885
1851 885
1850 884
1849 884
1848 884
1847 883
1846 882
1845 881
1844 880
1843 879
1843 878
1843 877
1842 876
1841 875
1841 874
1840 873
1839 872
1838 872
1837 871
1836 870
1835 870
1834 870
1833 869
1832 869
1831 869
1830 868
1829 868
1828 868
1827 867
1826 867
1825 867
1824 867
1823 867
1822 867
1821 866
1820 866
1819 866
1818 866
1817 866
1816 866
1815 866
1814 866
1813 866
1812 866
1811 866
1810 866
1809 867
1808 867
1807 868
1806 869
1805 870
1804 870
1803 870
1802 871
1801 872
1800 872
1799 872
1798 873
1797 874
1796 874
1795 875
1794 875
1793 876
1792 876
1791 876
1790 876
1789 876
1788 876
1787 876
1786 876
1785 875
1784 875
1783 875
1782 875
1781 874
1780 874
1779 874
1778 873
1777 873
1776 873
1775 872
1774 872
1773 872
1772 871
1771 870
1770 870
1769 870
1768 869
1767 869
1766 868
1765 868
1764 867
1763 867
1762 866
1761 866
1760 866
1759 866
1758 865
1757 865
1756 864
1755 864
1754 863
1753 862
1752 861
1751 860
1750 859
1749 858
1748 858
1747 857
1746 857
1745 856
1744 855
1743 855
1742 855
1741 855
1740 855
1739 855
1738 855
1737 855
1736 855
1735 855
1734 855
1733 855
1732 855
1731 855
1730 855
1729 854
1728 854
1727 854
1726 853
1725 853
1724 853
1723 852
1722 852
1721 852
1720 852
1719 852
1718 852
1717 852
1716 852
1715 852
1714 852
1713 852
1712 852
1711 852
1710 852
1709 852
1708 852
1707 851
1706 851
1705 851
1704 850
1703 850
1702 850
1701 850
1700 850
1699 850
1698 850
1697 850
1696 850
1695 850
1694 850
1693 850
1692 850
1691 850
1690 850
1689 849
1688 849
1687 849
1686 848
1685 848
1684 848
1683 848
1682 848
1681 848
1680 848
1679 848
1678 848
1677 848
1676 848
1675 848
1674 848
1673 848
1672 848
1671 848
1670 848
1669 848
1668 848
1667 848
1666 848
1665 848
1664 848
1663 848
1662 848
1661 848
1660 848
1659 848
1658 848
1657 848
1656 848
1655 848
1654 848
1653 848
1652 848
1651 848
1650 848
1649 848
1648 848
1647 848
1646 848
1645 848
1644 848
1643 848
1642 849
1641 849
1640 849
1639 849
1638 850
1637 850
1636 850
1635 850
1634 850
1633 850
1632 850
1631 850
1630 850
1629 850
1628 850
1627 850
1626 850
1625 850
1624 850
1623 850
1622 850
1621 850
1620 849
1619 849
1618 848
1617 847
1616 846
1615 845
1614 844
1613 843
1612 842
1611 842
1610 842
1609 842
1608 841
1607 841
1606 841
1605 841
1604 841
1603 841
1602 841
1601 841
1600 841
1599 841
1598 841
1597 841
1596 841
1595 841
1594 841
1593 841
1592 841
1591 841
1590 841
1589 841
1588 841
1587 841
1586 841
1585 840
1584 840
1583 840
1582 839
1581 839
1580 839
1579 839
1578 839
1577 839
1576 839
1575 839
1574 839
1573 839
1572 839
1571 839
1570 839
1569 839
1568 839
1567 839
1566 839
1565 839
1564 839
1563 839
1562 839
1561 839
1560 838
1559 838
1558 838
1557 838
1556 838
1555 838
1554 838
1553 838
1552 838
1551 837
1550 837
1549 836
1548 835
1547 835
1546 834
1545 833
1544 833
1543 832
1542 832
1541 832
1540 832
1539 832
1538 832
1537 832
1536 832
1535 832
1534 832
1533 832
1532 831
1531 830
1530 830
1529 830
1528 829
1527 829
1526 829
1525 829
1524 829
1523 829
1522 829
1521 829
1520 829
1519 829
1518 829
1517 829
1516 829
1515 829
1514 829
1513 829
1512 829
1511 829
1510 829
1509 829
1508 829
1507 829
1506 829
1505 829
