992 94
991 95
990 95
989 95
988 96
987 96
986 96
985 97
984 97
983 97
982 98
981 98
980 98
979 99
978 99
977 99
976 99
975 99
974 99
973 99
972 99
971 100
970 100
969 100
968 100
967 101
966 101
965 101
964 102
963 102
962 102
961 103
960 103
959 103
958 103
957 103
956 104
955 105
954 105
953 105
952 105
951 105
950 106
949 106
948 106
947 106
946 106
945 106
944 106
943 107
942 107
941 107
940 108
939 108
938 108
937 108
936 108
935 108
934 109
933 109
932 109
931 110
930 110
929 110
928 110
927 110
926 110
925 110
924 110
923 110
922 110
921 110
920 110
919 110
918 110
917 111
916 111
915 111
914 111
913 111
912 111
911 111
910 110
909 110
908 110
907 110
906 110
905 110
904 110
903 110
902 110
901 110
900 110
899 110
898 110
897 110
896 110
895 110
894 110
893 110
892 110
891 110
890 110
889 110
888 110
887 110
886 110
885 110
884 110
883 110
882 110
881 111
880 111
879 111
878 111
877 112
876 112
875 112
874 113
873 113
872 113
871 114
870 114
869 115
868 115
867 115
866 116
865 116
864 117
863 117
862 117
861 118
860 118
859 118
858 118
857 119
856 120
855 121
855 122
854 123
853 124
852 125
851 126
851 127
850 128
850 129
850 130
850 131
851 132
851 133
851 134
852 135
852 136
852 137
853 138
853 139
853 140
853 141
854 142
854 143
854 144
854 145
854 146
854 147
854 148
854 149
854 150
855 151
855 152
856 153
857 153
858 154
859 154
860 154
861 154
862 154
863 153
864 153
865 152
866 152
867 151
868 151
869 151
870 151
871 151
872 151
873 151
874 152
875 152
876 153
877 153
878 154
879 154
880 154
881 154
882 155
883 155
884 156
884 157
885 158
886 159
887 160
887 161
888 162
889 163
889 164
889 165
890 166
890 167
890 168
891 169
891 170
891 171
892 172
892 173
892 174
893 175
893 176
894 177
894 178
895 179
896 180
896 181
897 182
898 183
899 184
900 185
901 186
902 187
903 188
904 189
905 190
906 190
907 191
908 192
909 192
910 192
911 193
912 193
913 193
914 194
915 194
916 194
917 195
918 195
919 195
920 195
921 195
922 195
923 195
924 195
925 195
926 195
927 196
928 196
929 196
930 196
931 196
932 196
933 196
934 195
935 195
936 195
937 195
938 194
939 194
940 193
941 193
942 192
943 192
944 192
945 192
946 192
947 192
948 191
949 191
950 190
951 190
952 190
953 190
954 190
955 190
956 190
957 190
958 189
959 189
960 189
961 188
962 188
963 188
964 188
965 188
966 188
967 188
968 188
969 188
970 188
971 188
972 188
973 188
974 189
975 188
976 188
977 188
978 187
979 187
980 187
981 187
982 187
983 187
984 187
985 187
986 187
987 187
988 187
989 187
990 187
991 187
992 187
993 187
994 186
995 185
996 184
997 183
998 183
999 182
1000 182
1001 182
1002 182
1003 183
1004 183
1005 183
1006 184
1007 184
1008 184
1009 184
1010 184
1011 185
1012 185
1013 185
1014 186
1015 186
1016 187
1017 187
1018 187
1019 187
1020 187
1021 187
1022 187
1023 187
1024 187
1025 187
1026 187
1027 187
1028 187
1029 187
1030 186
1031 185
1032 184
1033 184
1034 184
1035 184
1036 184
1037 184
1038 184
1039 184
1040 184
1041 184
1042 184
1043 183
1044 183
1045 183
1046 182
1047 182
1048 182
1049 182
1050 182
1051 182
1052 182
1053 182
1054 182
1055 182
1056 181
1057 181
1058 181
1059 181
1060 181
1061 181
1062 181
1063 181
1064 181
1065 181
1066 181
1067 181
1068 180
1069 180
1070 180
1071 180
1072 179
1073 179
1074 179
1075 179
1076 179
1077 179
1078 179
1079 179
1080 179
1081 179
1082 179
1083 179
1084 178
1085 178
1086 177
1087 176
1087 175
1088 174
1088 173
1089 172
1090 171
1091 170
1092 169
1093 169
1094 169
1095 169
1096 168
1097 167
1097 166
1097 165
1097 164
1097 163
1097 162
1097 161
1097 160
1097 159
1097 158
1097 157
1097 156
1097 155
1097 154
1098 153
1098 152
1098 151
1099 150
1099 149
1098 148
1098 147
1097 146
1097 145
1096 144
1096 143
1096 142
1096 141
1096 140
1095 139
1094 138
1093 138
1092 137
1091 137
1090 137
1089 137
1088 137
1087 137
1086 136
1085 136
1084 135
1083 134
1082 134
1081 134
1080 133
1079 133
1078 132
1078 131
1078 130
1078 129
1077 128
1077 127
1077 126
1076 125
1075 124
1074 123
1073 122
1072 121
1072 120
1071 119
1070 118
1069 117
1069 116
1068 115
1068 114
1067 113
1067 112
1066 111
1065 110
1064 110
1063 109
1062 108
1061 108
1060 108
1059 107
1058 107
1057 106
1056 106
1055 106
1054 105
1053 105
1052 105
1051 105
1050 105
1049 105
1048 105
1047 105
1046 105
1045 105
1044 105
1043 104
1042 103
1041 103
1040 102
1039 102
1038 102
1037 101
1036 101
1035 101
1034 101
1033 100
1032 100
1031 99
1030 99
1029 98
1028 98
1027 98
1026 98
1025 98
1024 98
1023 98
1022 98
1021 98
1020 98
1019 98
1018 98
1017 97
1016 97
1015 97
1014 96
1013 96
1012 96
1011 96
1010 95
1009 95
1008 95
1007 94
1006 94
1005 94
1004 94
1003 94
1002 94
1001 94
1000 94
999 94
998 94
997 94
996 94
995 94
994 94
993 94
992 94
