537 585
536 586
535 586
534 587
533 587
532 587
531 588
530 588
529 588
528 588
527 588
526 588
525 587
524 588
523 588
522 588
521 589
520 589
519 589
518 589
517 589
516 589
515 590
514 590
513 591
512 591
511 592
510 592
509 592
508 592
507 593
506 593
505 593
504 594
504 595
503 596
503 597
503 598
503 599
503 600
504 601
504 602
505 603
505 604
505 605
506 606
506 607
507 608
508 609
508 610
509 611
510 612
510 613
511 614
512 615
513 616
514 617
515 618
516 619
517 620
518 621
519 622
520 622
521 623
522 623
523 624
524 624
525 625
526 626
527 626
528 627
529 627
530 628
531 629
532 630
533 631
534 631
535 632
536 633
537 634
538 635
539 636
540 637
541 638
542 639
543 640
544 641
545 642
546 642
547 643
548 644
549 645
550 646
551 647
552 648
553 649
554 649
555 650
556 651
557 651
558 652
559 653
560 654
561 654
562 654
563 655
564 655
565 655
566 655
567 655
568 655
569 655
570 654
571 654
572 654
573 653
574 653
575 653
576 653
577 653
578 653
579 653
580 653
581 653
582 653
583 653
584 653
585 653
586 653
587 653
588 653
589 653
590 653
591 653
592 654
593 653
594 653
595 653
596 652
597 652
598 652
599 652
600 652
601 652
602 652
603 652
604 652
605 652
606 652
607 652
608 652
609 652
610 652
611 652
612 652
613 651
614 651
615 651
616 651
617 651
618 650
619 650
620 650
621 650
622 650
623 650
624 649
625 649
626 648
627 648
628 647
629 647
630 647
631 646
632 646
633 645
634 644
635 643
635 642
636 641
636 640
636 639
636 638
636 637
636 636
636 635
636 634
637 633
637 632
637 631
637 630
638 629
638 628
638 627
639 626
639 625
640 624
640 623
640 622
640 621
640 620
640 619
640 618
640 617
640 616
640 615
639 614
639 613
639 612
638 611
638 610
637 609
637 608
637 607
637 606
637 605
636 604
635 603
634 602
633 601
632 601
631 601
630 601
629 601
628 600
627 600
626 599
625 599
624 598
623 598
622 598
621 597
620 597
619 597
618 596
617 596
616 595
615 594
614 594
613 594
612 593
611 593
610 592
609 592
608 592
607 591
606 591
605 591
604 590
603 590
602 590
601 589
600 589
599 589
598 588
597 588
596 588
595 588
594 588
593 588
592 588
591 588
590 588
589 588
588 588
587 587
586 588
585 588
584 588
583 589
582 589
581 589
580 589
579 589
578 589
577 588
576 588
575 588
574 588
573 588
572 588
571 588
570 588
569 587
568 587
567 587
566 587
565 586
564 586
563 586
562 586
561 586
560 585
559 585
558 585
557 585
556 585
555 585
554 585
553 585
552 585
551 585
550 585
549 585
548 585
547 585
546 585
545 585
544 585
543 585
542 585
541 585
540 585
539 585
538 585
537 585
