1015 793
1014 794
1013 794
1012 794
1011 794
1010 794
1009 794
1008 795
1007 795
1006 795
1005 796
1004 796
1003 796
1002 796
1001 796
1000 796
999 797
998 798
997 799
996 799
995 800
994 800
993 801
992 801
991 801
990 801
989 800
988 799
987 799
986 798
985 798
984 798
983 797
982 797
981 797
980 797
979 797
978 797
977 796
976 796
975 796
974 796
973 796
972 796
971 797
971 798
970 799
970 800
970 801
970 802
969 803
969 804
968 805
968 806
968 807
968 808
968 809
968 810
968 811
968 812
968 813
968 814
968 815
968 816
968 817
968 818
968 819
969 820
970 821
971 822
972 823
973 824
974 825
975 825
976 826
977 827
978 828
979 829
980 829
981 830
982 831
983 832
984 833
985 834
986 834
987 835
988 836
989 836
990 837
991 838
992 838
993 839
994 840
995 841
996 842
997 843
998 843
999 844
1000 845
1001 845
1002 845
1003 845
1004 844
1005 844
1006 843
1007 842
1008 842
1009 841
1010 841
1011 840
1012 840
1013 840
1014 839
1015 839
1016 839
1017 839
1018 838
1019 838
1020 838
1021 838
1022 838
1023 838
1024 838
1025 838
1026 838
1027 838
1028 837
1029 837
1030 836
1031 836
1032 836
1033 835
1034 835
1035 834
1036 834
1037 833
1038 833
1039 832
1040 832
1041 832
1042 832
1043 832
1044 832
1045 832
1046 832
1047 832
1048 832
1049 832
1050 831
1051 831
1052 830
1053 829
1054 828
1054 827
1055 826
1055 825
1055 824
1055 823
1055 822
1055 821
1056 820
1056 819
1056 818
1056 817
1056 816
1056 815
1056 814
1056 813
1056 812
1055 811
1054 810
1053 809
1052 808
1051 807
1050 807
1049 806
1048 806
1047 805
1046 805
1045 805
1044 804
1043 804
1042 804
1041 804
1040 804
1039 803
1038 803
1037 803
1036 802
1035 801
1034 801
1033 801
1032 800
1031 800
1030 800
1029 799
1028 799
1027 799
1026 798
1025 797
1024 796
1023 796
1022 795
1021 794
1020 794
1019 793
1018 793
1017 793
1016 793
1015 793
