265 1293
264 1294
263 1295
262 1296
261 1297
260 1297
259 1298
258 1298
257 1298
256 1298
255 1298
254 1298
253 1298
252 1298
251 1298
250 1298
249 1298
248 1298
247 1298
246 1298
245 1298
244 1299
243 1299
242 1299
241 1299
240 1299
239 1299
238 1299
237 1299
236 1299
235 1299
234 1299
233 1299
232 1299
231 1299
230 1299
229 1299
228 1299
227 1299
226 1300
225 1300
224 1300
223 1301
222 1302
222 1303
222 1304
222 1305
223 1306
224 1307
224 1308
224 1309
225 1310
226 1311
227 1312
227 1313
228 1314
229 1315
229 1316
230 1317
230 1318
231 1319
232 1320
232 1321
233 1322
233 1323
234 1324
235 1325
235 1326
236 1327
236 1328
237 1329
238 1330
238 1331
239 1332
240 1333
241 1334
241 1335
242 1336
242 1337
243 1338
243 1339
244 1340
245 1341
246 1342
247 1343
248 1344
249 1345
250 1346
251 1347
252 1348
253 1349
254 1349
255 1348
256 1347
257 1346
258 1345
259 1344
260 1344
261 1343
262 1342
263 1342
264 1342
265 1341
266 1341
267 1341
268 1340
269 1340
270 1340
271 1340
272 1340
273 1340
274 1340
275 1339
276 1339
277 1339
278 1339
279 1339
280 1340
281 1340
282 1340
283 1340
284 1340
285 1340
286 1340
287 1340
288 1340
289 1340
290 1340
291 1340
292 1340
293 1339
294 1338
295 1338
296 1338
297 1338
298 1338
299 1338
300 1338
301 1338
302 1338
303 1338
304 1337
305 1337
306 1336
307 1336
308 1335
309 1335
310 1335
311 1335
312 1335
313 1335
314 1334
315 1333
316 1332
317 1331
318 1330
319 1329
320 1328
321 1327
322 1326
323 1325
324 1324
324 1323
325 1322
325 1321
325 1320
325 1319
325 1318
325 1317
325 1316
325 1315
325 1314
325 1313
325 1312
325 1311
324 1310
323 1309
322 1308
321 1307
320 1307
319 1307
318 1307
317 1307
316 1306
315 1306
314 1305
313 1304
312 1303
311 1302
310 1301
309 1300
308 1299
307 1299
306 1299
305 1299
304 1299
303 1299
302 1299
301 1299
300 1299
299 1299
298 1299
297 1299
296 1299
295 1299
294 1299
293 1298
292 1298
291 1297
290 1297
289 1297
288 1296
287 1296
286 1296
285 1296
284 1296
283 1296
282 1296
281 1296
280 1296
279 1296
278 1296
277 1296
276 1295
275 1295
274 1294
273 1293
272 1293
271 1293
270 1293
269 1293
268 1293
267 1293
266 1293
265 1293
