1112 216
1111 217
1110 217
1109 217
1108 218
1107 219
1106 219
1105 219
1104 220
1103 220
1102 220
1101 220
1100 221
1099 221
1098 222
1097 222
1096 223
1095 223
1094 223
1093 224
1092 224
1091 224
1090 224
1089 225
1088 226
1087 226
1086 227
1085 227
1084 227
1083 227
1082 227
1081 227
1080 227
1079 227
1078 227
1077 228
1076 228
1075 229
1074 229
1073 230
1072 230
1071 231
1070 231
1069 232
1068 232
1067 233
1066 233
1065 234
1064 234
1063 234
1062 235
1061 235
1060 236
1059 236
1058 237
1057 237
1056 238
1055 239
1054 240
1054 241
1054 242
1054 243
1054 244
1055 245
1056 245
1057 246
1058 246
1059 246
1060 246
1061 246
1062 246
1063 247
1064 248
1065 248
1066 248
1067 249
1068 249
1069 249
1070 249
1071 250
1072 250
1073 250
1074 250
1075 251
1076 251
1077 251
1078 251
1079 252
1080 252
1081 252
1082 252
1083 252
1084 252
1085 252
1086 253
1087 253
1088 253
1089 253
1090 253
1091 253
1092 253
1093 253
1094 253
1095 254
1096 254
1097 254
1098 254
1099 254
1100 254
1101 255
1102 255
1103 256
1104 257
1105 257
1106 258
1107 259
1108 259
1109 260
1110 260
1111 261
1112 261
1113 262
1114 262
1115 262
1116 262
1117 262
1118 262
1119 262
1120 262
1121 262
1122 262
1123 262
1124 262
1125 262
1126 262
1127 262
1128 263
1129 263
1130 263
1131 263
1132 263
1133 263
1134 263
1135 263
1136 263
1137 263
1138 263
1139 263
1140 263
1141 263
1142 263
1143 263
1144 263
1145 264
1146 264
1147 264
1148 264
1149 263
1150 262
1150 261
1151 260
1151 259
1151 258
1151 257
1151 256
1151 255
1151 254
1151 253
1151 252
1151 251
1151 250
1151 249
1152 248
1152 247
1152 246
1152 245
1152 244
1152 243
1152 242
1152 241
1151 240
1151 239
1150 238
1150 237
1149 236
1148 236
1147 235
1146 234
1145 233
1144 232
1143 231
1142 230
1141 230
1140 229
1140 228
1139 227
1138 227
1137 226
1136 225
1135 225
1134 224
1133 223
1132 222
1131 222
1130 221
1129 220
1128 219
1127 218
1126 217
1125 216
1124 216
1123 216
1122 216
1121 216
1120 216
1119 216
1118 216
1117 216
1116 216
1115 216
1114 216
1113 216
1112 216
