454 598
453 599
452 599
451 600
450 601
449 601
448 602
447 602
446 603
445 603
444 604
443 604
442 605
441 606
440 606
439 607
438 608
437 609
436 610
436 611
435 612
435 613
434 614
434 615
433 616
433 617
433 618
432 619
432 620
432 621
431 622
431 623
431 624
431 625
431 626
430 627
430 628
429 629
429 630
429 631
429 632
429 633
429 634
428 635
428 636
428 637
427 638
427 639
427 640
426 641
426 642
427 643
427 644
428 645
429 646
430 646
431 646
432 646
433 646
434 646
435 646
436 646
437 646
438 646
439 646
440 646
441 646
442 646
443 646
444 646
445 646
446 646
447 646
448 646
449 646
450 646
451 646
452 646
453 646
454 646
455 646
456 646
457 646
458 646
459 646
460 646
461 645
462 645
463 645
464 644
465 644
466 644
467 644
468 644
469 644
470 644
471 644
472 644
473 644
474 643
475 643
476 642
477 642
478 641
479 641
480 641
481 641
482 640
483 639
484 638
485 637
485 636
486 635
486 634
486 633
486 632
486 631
486 630
486 629
486 628
486 627
485 626
485 625
484 624
484 623
484 622
484 621
484 620
484 619
484 618
484 617
484 616
484 615
485 614
485 613
486 612
486 611
485 610
485 609
484 609
483 609
482 608
481 607
480 606
479 605
478 604
477 604
476 604
475 604
474 604
473 604
472 603
471 603
470 602
469 601
468 601
467 601
466 601
465 600
464 599
463 598
462 598
461 598
460 598
459 598
458 598
457 598
456 598
455 598
454 598
