186 1977
185 1978
184 1978
183 1978
182 1979
181 1979
180 1979
179 1979
178 1979
177 1979
176 1979
175 1979
174 1979
173 1979
172 1980
171 1980
170 1980
169 1980
168 1980
167 1981
166 1982
165 1982
164 1983
163 1983
162 1984
161 1985
160 1985
159 1986
158 1987
157 1987
156 1988
155 1989
154 1990
153 1990
152 1991
151 1992
150 1992
149 1992
148 1993
147 1993
146 1993
145 1994
144 1994
143 1994
142 1995
141 1995
140 1995
139 1996
138 1996
137 1996
136 1996
135 1996
134 1996
133 1996
132 1995
131 1995
130 1994
129 1994
128 1993
127 1993
126 1994
125 1994
124 1994
123 1995
122 1995
121 1996
120 1996
119 1997
118 1998
117 1999
116 2000
115 2001
114 2002
113 2003
112 2004
112 2005
111 2006
111 2007
112 2008
112 2009
113 2010
114 2011
114 2012
115 2013
115 2014
115 2015
115 2016
116 2017
117 2017
118 2018
119 2018
120 2018
121 2019
122 2019
123 2020
124 2020
125 2021
126 2021
127 2021
128 2021
129 2021
130 2021
131 2022
132 2022
133 2022
134 2022
135 2023
136 2023
137 2024
138 2024
139 2024
140 2025
141 2025
142 2025
143 2026
144 2026
145 2026
146 2026
147 2026
148 2026
149 2026
150 2026
151 2026
152 2026
153 2027
154 2027
155 2027
156 2027
157 2028
158 2028
159 2028
160 2028
161 2028
162 2028
163 2028
164 2028
165 2028
166 2028
167 2028
168 2028
169 2028
170 2028
171 2029
172 2029
173 2029
174 2030
175 2030
176 2030
177 2030
178 2030
179 2030
180 2030
181 2031
182 2031
183 2031
184 2031
185 2031
186 2031
187 2031
188 2030
189 2030
190 2030
191 2030
192 2030
193 2030
194 2030
195 2029
196 2029
197 2029
198 2028
199 2027
200 2027
201 2026
201 2025
202 2024
203 2024
204 2023
205 2022
206 2021
207 2020
208 2019
209 2019
209 2018
209 2017
209 2016
210 2015
210 2014
210 2013
211 2012
211 2011
211 2010
211 2009
211 2008
211 2007
211 2006
211 2005
211 2004
211 2003
211 2002
211 2001
211 2000
212 1999
212 1998
212 1997
212 1996
212 1995
212 1994
212 1993
211 1992
211 1991
211 1990
211 1989
211 1988
211 1987
210 1986
210 1985
209 1984
208 1983
207 1983
206 1982
205 1982
204 1981
203 1980
202 1979
201 1979
200 1979
199 1979
198 1979
197 1979
196 1978
195 1978
194 1978
193 1977
192 1977
191 1977
190 1977
189 1977
188 1977
187 1977
186 1977
