565 123
564 124
563 125
563 126
563 127
562 128
561 128
560 128
559 128
558 129
558 130
557 131
556 132
555 133
554 133
553 134
552 134
551 135
550 135
549 136
548 136
547 137
546 137
545 137
544 138
543 138
542 139
541 139
540 140
539 140
538 141
537 141
536 141
535 142
534 142
533 142
532 143
531 143
530 144
529 145
528 146
527 147
526 148
525 148
525 149
524 150
524 151
524 152
525 153
525 154
525 155
525 156
525 157
525 158
525 159
526 160
527 161
528 162
528 163
529 164
530 165
530 166
530 167
530 168
530 169
530 170
530 171
530 172
530 173
531 174
531 175
531 176
531 177
532 177
533 177
534 178
535 178
536 178
537 178
538 178
539 178
540 178
541 178
542 179
543 180
544 180
545 180
546 181
546 182
547 183
548 183
549 183
550 183
551 183
552 182
553 182
554 182
555 181
556 181
557 181
558 181
559 181
560 181
561 181
562 181
563 181
564 181
565 181
566 181
567 181
568 181
569 181
570 181
571 181
572 181
573 181
574 181
575 181
576 182
577 182
578 182
579 182
580 182
581 182
582 182
583 182
584 182
585 182
586 182
587 182
588 182
589 182
590 182
591 182
592 182
593 182
594 181
595 181
596 181
597 181
598 181
599 182
600 182
601 182
602 181
603 181
604 180
605 180
606 180
607 179
608 180
609 180
610 180
611 180
612 180
613 180
614 180
615 180
616 180
617 180
618 181
619 181
620 181
621 181
622 181
623 182
624 182
625 182
626 182
627 182
628 183
629 183
630 182
631 182
632 182
633 182
634 182
635 182
636 182
637 182
638 182
639 182
640 182
641 182
642 182
643 182
644 182
645 182
646 182
647 182
648 183
649 182
650 182
651 182
652 182
653 182
654 181
655 181
656 181
657 180
658 180
659 180
660 179
661 178
662 177
662 176
663 175
663 174
664 173
664 172
664 171
664 170
664 169
665 168
665 167
665 166
665 165
665 164
666 163
666 162
666 161
666 160
665 159
665 158
665 157
664 156
664 155
664 154
664 153
663 152
663 151
663 150
662 149
662 148
662 147
662 146
662 145
661 144
660 143
659 142
658 141
657 140
656 139
655 138
654 137
653 136
652 136
651 135
650 134
649 133
648 132
647 132
646 131
645 130
644 130
643 129
642 129
641 129
640 128
639 128
638 127
637 127
636 127
635 127
634 127
633 127
632 127
631 127
630 127
629 126
628 126
627 126
626 126
625 126
624 125
623 125
622 125
621 125
620 125
619 125
618 125
617 125
616 125
615 125
614 125
613 126
612 125
611 125
610 125
609 125
608 125
607 125
606 124
605 124
604 125
603 125
602 125
601 125
600 125
599 125
598 125
597 125
596 125
595 125
594 125
593 126
592 126
591 126
590 126
589 126
588 126
587 125
586 125
585 125
584 124
583 124
582 124
581 124
580 124
579 124
578 123
577 123
576 123
575 123
574 123
573 123
572 123
571 123
570 123
569 123
568 123
567 123
566 123
565 123
