258 1150
257 1151
256 1151
255 1151
254 1152
253 1152
252 1152
251 1152
250 1152
249 1152
248 1152
247 1152
246 1152
245 1152
244 1152
243 1152
242 1152
241 1152
240 1152
239 1151
238 1152
237 1151
236 1152
235 1152
234 1152
233 1152
232 1152
231 1152
230 1152
229 1152
228 1152
227 1152
226 1152
225 1152
224 1152
223 1152
222 1153
221 1153
220 1153
219 1154
218 1154
217 1154
216 1154
215 1154
214 1154
213 1154
212 1154
211 1155
210 1155
209 1155
208 1156
207 1156
206 1157
205 1157
204 1158
203 1159
202 1160
202 1161
202 1162
202 1163
202 1164
202 1165
202 1166
202 1167
201 1168
201 1169
201 1170
201 1171
201 1172
202 1173
203 1174
204 1175
205 1176
205 1177
206 1178
206 1179
207 1180
208 1181
208 1182
209 1183
210 1184
211 1184
212 1185
213 1186
214 1186
215 1186
216 1187
217 1187
218 1187
219 1187
220 1188
221 1189
222 1189
223 1189
224 1190
225 1190
226 1190
227 1190
228 1190
229 1190
230 1190
231 1191
232 1191
233 1191
234 1192
235 1192
236 1192
237 1192
238 1192
239 1192
240 1192
241 1192
242 1192
243 1192
244 1192
245 1193
246 1193
247 1193
248 1193
249 1193
250 1193
251 1193
252 1193
253 1193
254 1193
255 1193
256 1193
257 1193
258 1193
259 1193
260 1193
261 1193
262 1193
263 1193
264 1193
265 1193
266 1193
267 1193
268 1193
269 1193
270 1193
271 1193
272 1192
273 1192
274 1192
275 1191
276 1191
277 1191
278 1190
279 1190
280 1190
281 1190
282 1190
283 1189
284 1188
285 1188
286 1188
287 1187
288 1186
289 1185
290 1184
291 1183
292 1182
293 1182
294 1181
295 1180
296 1179
297 1178
297 1177
298 1176
299 1175
300 1174
301 1173
301 1172
301 1171
301 1170
301 1169
300 1168
300 1167
299 1166
299 1165
299 1164
300 1163
300 1162
300 1161
300 1160
300 1159
300 1158
300 1157
299 1156
298 1155
297 1154
296 1154
295 1154
294 1154
293 1154
292 1154
291 1154
290 1154
289 1154
288 1154
287 1154
286 1153
285 1153
284 1153
283 1153
282 1153
281 1153
280 1153
279 1153
278 1153
277 1153
276 1153
275 1153
274 1152
273 1152
272 1152
271 1152
270 1152
269 1152
268 1152
267 1152
266 1152
265 1152
264 1152
263 1151
262 1151
261 1151
260 1150
259 1150
258 1150
