275 1830
274 1831
273 1831
272 1831
271 1831
270 1831
269 1831
268 1831
267 1831
266 1831
265 1831
264 1831
263 1832
262 1832
261 1833
260 1833
259 1833
258 1834
257 1834
256 1834
255 1835
254 1835
253 1836
252 1837
251 1838
250 1839
249 1839
248 1840
247 1841
246 1842
245 1842
244 1842
243 1842
242 1842
241 1843
240 1843
239 1844
238 1844
237 1845
236 1846
235 1847
234 1848
233 1848
232 1849
231 1849
230 1850
229 1850
228 1850
227 1851
226 1852
225 1852
224 1852
223 1853
222 1853
221 1854
220 1855
219 1856
218 1857
218 1858
217 1859
216 1860
216 1861
215 1862
215 1863
215 1864
214 1865
214 1866
214 1867
214 1868
214 1869
214 1870
214 1871
214 1872
215 1873
216 1874
217 1875
218 1876
219 1877
220 1877
221 1877
222 1878
223 1879
224 1879
225 1880
226 1880
227 1881
228 1881
229 1882
230 1883
231 1884
232 1885
233 1886
234 1887
234 1888
235 1889
236 1890
237 1891
237 1892
238 1893
239 1894
239 1895
239 1896
240 1897
241 1898
242 1899
242 1900
243 1901
244 1902
244 1903
245 1904
246 1905
246 1906
247 1907
247 1908
248 1909
249 1909
250 1909
251 1909
252 1909
253 1909
254 1909
255 1909
256 1909
257 1909
258 1909
259 1909
260 1910
261 1910
262 1910
263 1910
264 1911
265 1911
266 1911
267 1911
268 1911
269 1911
270 1911
271 1911
272 1912
273 1912
274 1912
275 1913
276 1913
277 1914
278 1915
279 1915
280 1916
281 1917
282 1916
283 1915
284 1915
285 1915
286 1915
287 1916
288 1916
289 1916
290 1916
291 1916
292 1916
293 1916
294 1916
295 1917
296 1917
297 1917
298 1918
299 1919
300 1920
301 1920
302 1921
303 1921
304 1921
305 1921
306 1921
307 1920
308 1920
309 1920
310 1919
311 1919
312 1919
313 1919
314 1919
315 1919
316 1918
317 1917
318 1917
319 1917
320 1916
321 1916
322 1916
323 1916
324 1916
325 1916
326 1916
327 1916
328 1916
329 1916
330 1916
331 1916
332 1916
333 1916
334 1916
335 1916
336 1916
337 1916
338 1916
339 1916
340 1917
341 1917
342 1917
343 1917
344 1917
345 1917
346 1917
347 1917
348 1917
349 1917
350 1917
351 1917
352 1917
353 1917
354 1917
355 1917
356 1917
357 1917
358 1917
359 1917
360 1917
361 1917
362 1917
363 1917
364 1916
365 1916
366 1915
367 1914
368 1914
369 1913
370 1912
371 1911
372 1910
373 1909
374 1909
375 1908
376 1908
377 1908
378 1908
379 1908
380 1908
381 1908
382 1908
383 1907
384 1907
385 1907
386 1907
387 1907
388 1906
389 1906
390 1905
391 1904
392 1903
393 1902
394 1901
395 1900
396 1899
397 1898
398 1897
399 1896
399 1895
400 1894
400 1893
400 1892
400 1891
400 1890
400 1889
400 1888
400 1887
400 1886
400 1885
400 1884
400 1883
400 1882
400 1881
400 1880
400 1879
400 1878
400 1877
400 1876
399 1875
399 1874
399 1873
399 1872
398 1871
398 1870
398 1869
398 1868
398 1867
397 1866
397 1865
396 1864
395 1863
395 1862
394 1861
393 1860
392 1859
391 1858
390 1858
389 1857
388 1856
387 1855
386 1854
385 1853
384 1852
383 1851
382 1850
381 1850
380 1849
379 1849
378 1848
377 1848
376 1847
375 1846
374 1845
373 1845
372 1845
371 1845
370 1844
369 1843
368 1843
367 1842
366 1842
365 1841
364 1841
363 1841
362 1840
361 1840
360 1839
359 1838
358 1838
357 1837
356 1837
355 1837
354 1837
353 1837
352 1837
351 1836
350 1836
349 1836
348 1836
347 1835
346 1835
345 1834
344 1834
343 1834
342 1834
341 1834
340 1834
339 1834
338 1833
337 1833
336 1832
335 1831
334 1831
333 1831
332 1831
331 1831
330 1831
329 1831
328 1831
327 1831
326 1831
325 1831
324 1831
323 1831
322 1831
321 1831
320 1831
319 1831
318 1831
317 1831
316 1831
315 1831
314 1831
313 1831
312 1831
311 1831
310 1831
309 1831
308 1831
307 1831
306 1831
305 1831
304 1831
303 1831
302 1831
301 1831
300 1831
299 1830
298 1830
297 1830
296 1830
295 1830
294 1830
293 1830
292 1830
291 1830
290 1830
289 1830
288 1830
287 1830
286 1830
285 1830
284 1830
283 1830
282 1830
281 1830
280 1830
279 1830
278 1830
277 1830
276 1830
275 1830
