965 394
964 395
963 395
962 395
961 395
960 395
959 395
958 395
957 395
956 395
955 395
954 395
953 395
952 395
951 395
950 396
949 396
948 396
947 397
946 397
945 397
944 397
943 397
942 397
941 397
940 397
939 397
938 398
937 398
936 398
935 398
934 398
933 398
932 399
931 399
930 399
929 399
928 399
927 399
926 400
925 400
924 400
923 400
922 400
921 400
920 400
919 401
918 401
917 401
916 402
915 402
914 402
913 403
912 403
911 403
910 403
909 403
908 404
907 405
906 405
905 405
904 405
903 406
902 406
901 406
900 407
899 407
898 408
897 408
896 408
895 409
894 410
893 410
892 411
891 411
890 412
889 412
888 413
887 414
886 414
885 415
884 416
883 416
882 417
881 418
880 419
879 420
878 420
877 420
876 420
875 421
874 421
873 421
872 422
871 422
870 423
869 423
868 424
867 425
866 426
865 427
864 428
863 429
863 430
863 431
863 432
863 433
863 434
863 435
863 436
864 437
864 438
865 439
865 440
865 441
865 442
865 443
866 444
866 445
867 446
867 447
868 447
869 448
870 448
871 449
872 449
873 450
874 451
875 451
876 451
877 452
878 452
879 452
880 453
881 453
882 453
883 453
884 453
885 453
886 453
887 453
888 453
889 453
890 453
891 453
892 453
893 453
894 453
895 453
896 453
897 453
898 453
899 453
900 453
901 453
902 453
903 453
904 453
905 453
906 453
907 453
908 453
909 453
910 453
911 454
912 454
913 455
914 455
915 455
916 455
917 455
918 455
919 455
920 456
921 456
922 456
923 456
924 456
925 456
926 456
927 456
928 457
929 457
930 457
931 458
932 458
933 458
934 458
935 458
936 458
937 458
938 458
939 458
940 458
941 458
942 458
943 458
944 459
945 459
946 459
947 459
948 459
949 459
950 459
951 459
952 459
953 459
954 459
955 459
956 460
957 460
958 460
959 460
960 460
961 460
962 460
963 460
964 460
965 460
966 460
967 460
968 460
969 460
970 460
971 461
972 461
973 462
974 462
975 463
976 463
977 463
978 463
979 463
980 463
981 463
982 463
983 463
984 464
985 464
986 464
987 465
988 465
989 465
990 465
991 465
992 465
993 465
994 465
995 465
996 465
997 466
998 466
999 466
1000 466
1001 466
1002 466
1003 466
1004 466
1005 466
1006 466
1007 467
1008 467
1009 467
1010 468
1011 468
1012 468
1013 469
1014 469
1015 469
1016 469
1017 470
1018 470
1019 470
1020 470
1021 470
1022 470
1023 470
1024 470
1025 470
1026 470
1027 471
1028 471
1029 471
1030 471
1031 471
1032 471
1033 471
1034 471
1035 471
1036 471
1037 471
1038 472
1039 472
1040 472
1041 472
1042 472
1043 472
1044 472
1045 472
1046 472
1047 472
1048 472
1049 472
1050 472
1051 472
1052 472
1053 472
1054 472
1055 472
1056 472
1057 472
1058 472
1059 472
1060 472
1061 472
1062 472
1063 472
1064 472
1065 472
1066 472
1067 472
1068 472
1069 472
1070 472
1071 471
1072 470
1073 469
1074 468
1075 467
1076 466
1077 465
1078 464
1079 463
1080 462
1081 461
1082 460
1083 459
1084 458
1085 457
1086 456
1086 455
1086 454
1086 453
1086 452
1086 451
1086 450
1086 449
1086 448
1086 447
1085 446
1084 445
1084 444
1084 443
1084 442
1084 441
1084 440
1083 439
1083 438
1083 437
1083 436
1082 435
1082 434
1082 433
1081 432
1081 431
1081 430
1081 429
1081 428
1081 427
1081 426
1080 425
1080 424
1079 423
1078 422
1077 421
1076 420
1075 419
1074 418
1073 417
1072 417
1071 416
1070 415
1069 414
1068 413
1067 412
1067 411
1066 410
1066 409
1066 408
1065 407
1064 406
1063 406
1062 405
1061 404
1060 404
1059 404
1058 404
1057 404
1056 403
1055 403
1054 403
1053 403
1052 403
1051 404
1050 404
1049 404
1048 404
1047 404
1046 404
1045 404
1044 404
1043 404
1042 404
1041 404
1040 404
1039 404
1038 404
1037 404
1036 403
1035 403
1034 403
1033 403
1032 402
1031 402
1030 402
1029 401
1028 401
1027 401
1026 401
1025 400
1024 400
1023 400
1022 400
1021 400
1020 400
1019 400
1018 400
1017 399
1016 399
1015 398
1014 397
1013 397
1012 397
1011 397
1010 396
1009 396
1008 396
1007 395
1006 395
1005 395
1004 395
1003 395
1002 395
1001 395
1000 395
999 395
998 395
997 395
996 395
995 394
994 394
993 394
992 394
991 394
990 394
989 394
988 394
987 394
986 394
985 394
984 394
983 394
982 394
981 394
980 394
979 394
978 394
977 394
976 394
975 394
974 394
973 394
972 394
971 394
970 394
969 394
968 394
967 394
966 394
965 394
