930 1250
929 1251
928 1251
927 1252
926 1252
925 1252
924 1252
923 1252
922 1253
921 1253
920 1253
919 1253
918 1253
917 1253
916 1253
915 1253
914 1254
913 1254
912 1254
911 1254
910 1255
909 1256
908 1256
907 1256
906 1257
905 1257
904 1258
903 1258
902 1258
901 1259
900 1259
899 1260
898 1260
897 1261
896 1262
895 1263
894 1264
893 1264
892 1265
892 1266
891 1267
890 1268
889 1269
889 1270
889 1271
889 1272
889 1273
889 1274
889 1275
889 1276
889 1277
890 1278
890 1279
891 1280
891 1281
892 1282
893 1283
894 1284
895 1284
896 1285
896 1286
897 1287
898 1287
899 1288
900 1289
901 1289
902 1289
903 1290
904 1290
905 1290
906 1290
907 1290
908 1290
909 1290
910 1291
911 1292
912 1292
913 1292
914 1292
915 1292
916 1292
917 1292
918 1292
919 1292
920 1292
921 1292
922 1293
923 1293
924 1293
925 1293
926 1294
927 1293
928 1294
929 1293
930 1293
931 1293
932 1292
933 1292
934 1292
935 1292
936 1292
937 1292
938 1292
939 1292
940 1292
941 1291
942 1290
943 1289
944 1288
945 1287
946 1286
947 1285
948 1284
949 1283
950 1282
950 1281
951 1280
951 1279
951 1278
951 1277
951 1276
951 1275
951 1274
951 1273
951 1272
951 1271
951 1270
951 1269
951 1268
951 1267
951 1266
951 1265
951 1264
951 1263
951 1262
950 1261
949 1260
949 1259
949 1258
949 1257
948 1256
948 1255
947 1254
946 1253
945 1252
944 1252
943 1251
942 1251
941 1251
940 1251
939 1250
938 1250
937 1250
936 1250
935 1250
934 1250
933 1250
932 1250
931 1250
930 1250
