1629 925
1628 926
1627 926
1626 927
1625 927
1624 927
1623 927
1622 927
1621 927
1620 927
1619 927
1618 927
1617 927
1616 927
1615 927
1614 927
1613 927
1612 927
1611 927
1610 927
1609 927
1608 927
1607 927
1606 927
1605 927
1604 927
1603 927
1602 927
1601 927
1600 927
1599 927
1598 927
1597 927
1596 927
1595 927
1594 927
1593 927
1592 927
1591 927
1590 927
1589 927
1588 927
1587 927
1586 928
1585 928
1584 928
1583 928
1582 929
1581 930
1580 931
1579 932
1578 932
1578 933
1577 934
1576 934
1575 935
1574 936
1573 936
1572 937
1571 938
1570 938
1569 938
1568 939
1567 940
1566 940
1565 940
1564 941
1563 942
1562 942
1561 942
1560 943
1559 944
1558 944
1557 944
1556 945
1555 945
1554 946
1553 946
1552 946
1551 946
1550 947
1549 947
1548 947
1547 947
1546 947
1545 947
1544 948
1543 948
1542 948
1541 948
1540 949
1539 950
1538 950
1537 950
1536 951
1535 951
1534 951
1533 951
1532 951
1531 951
1530 951
1529 951
1528 951
1527 951
1526 950
1525 950
1524 950
1523 950
1522 949
1521 949
1520 949
1519 949
1518 948
1517 948
1516 948
1515 947
1514 946
1513 946
1512 945
1511 945
1510 944
1509 944
1508 943
1507 943
1506 943
1505 943
1504 943
1503 943
1502 943
1501 943
1500 943
1499 943
1498 943
1497 943
1496 943
1495 943
1494 943
1493 943
1492 943
1491 943
1490 943
1489 943
1488 943
1487 943
1486 943
1485 943
1484 942
1483 942
1482 942
1481 942
1480 941
1479 941
1478 941
1477 941
1476 941
1475 941
1474 941
1473 941
1472 941
1471 941
1470 940
1469 940
1468 940
1467 940
1466 939
1465 939
1464 939
1463 939
1462 939
1461 939
1460 939
1459 939
1458 939
1457 939
1456 939
1455 939
1454 939
1453 939
1452 939
1451 939
1450 939
1449 939
1448 939
1447 939
1446 939
1445 939
1444 939
1443 939
1442 939
1441 939
1440 939
1439 939
1438 939
1437 939
1436 939
1435 939
1434 939
1433 939
1432 939
1431 939
1430 939
1429 939
1428 939
1427 939
1426 939
1425 939
1424 939
1423 939
1422 939
1421 939
1420 939
1419 939
1418 939
1417 939
1416 939
1415 939
1414 939
1413 939
1412 939
1411 939
1410 939
1409 939
1408 938
1407 938
1406 937
1405 937
1404 936
1403 936
1402 935
1401 935
1400 935
1399 935
1398 935
1397 935
1396 935
1395 935
1394 935
1393 935
1392 935
1391 935
1390 935
1389 935
1388 935
1387 935
1386 935
1385 935
1384 935
1383 935
1382 935
1381 935
1380 935
1379 935
1378 935
1377 935
1376 935
1375 935
1374 935
1373 935
1372 935
1371 935
1370 935
1369 935
1368 935
1367 935
1366 935
1365 935
1364 935
1363 935
1362 935
1361 935
1360 935
1359 935
1358 935
1357 935
1356 935
1355 935
1354 935
1353 935
1352 935
1351 935
1350 935
1349 935
1348 935
1347 935
1346 936
1345 936
1344 937
1343 937
1342 938
1341 938
1340 939
1339 939
1338 939
1337 939
1336 939
1335 939
1334 940
1333 940
1332 940
1331 940
1330 941
1329 941
1328 941
1327 941
1326 941
1325 941
1324 942
1323 942
1322 942
1321 942
1320 943
1319 944
1318 944
1317 944
1316 945
1315 945
1314 946
1313 946
1312 946
1311 946
1310 947
1309 947
1308 948
1307 948
1306 948
1305 948
1304 949
1303 949
1302 949
1301 949
1300 949
1299 949
1298 950
1297 950
1296 950
1295 950
1294 951
1293 951
1292 952
1291 952
1290 952
1289 952
1288 953
1287 953
1286 954
1285 954
1284 954
1283 954
1282 955
1281 955
1280 955
1279 955
1278 956
1277 956
1276 956
1275 956
1274 957
1273 957
1272 958
1271 958
1270 958
1269 958
1268 959
1267 959
1266 959
1265 959
1264 960
1263 960
1262 960
1261 960
1260 961
1259 961
1258 961
1257 961
1256 962
1255 962
1254 962
1253 962
1252 963
1251 963
1250 964
1249 964
1248 964
1247 964
1246 965
1245 965
1244 965
1243 965
1242 966
1241 966
1240 966
1239 966
1238 967
1237 967
1236 968
1235 968
1234 968
1233 968
1232 969
1231 969
1230 969
1229 969
1228 969
1227 969
1226 970
1225 970
1224 970
1223 970
1222 971
1221 972
1220 972
1219 972
1218 973
1217 973
1216 973
1215 973
1214 973
1213 973
1212 974
1211 974
1210 974
1209 974
1208 975
1207 975
1206 976
1205 976
1204 976
1203 976
1202 977
1201 977
1200 978
1199 978
1198 978
1197 978
1196 979
1195 979
1194 979
1193 979
1192 979
1191 979
1190 979
1189 979
1188 980
1187 980
1186 980
1185 980
1184 981
1183 982
1182 982
1181 982
1180 983
1179 983
1178 983
1177 983
1176 984
1175 984
1174 984
1173 984
1172 985
1171 985
1170 986
1169 986
1168 987
1167 988
1166 989
1166 990
1166 991
1166 992
1165 993
1165 994
1165 995
1165 996
1164 997
1164 998
1164 999
1163 1000
1162 1001
1162 1002
1162 1003
1161 1004
1160 1005
1160 1006
1159 1007
1159 1008
1158 1009
1157 1010
1156 1011
1156 1012
1155 1013
1154 1014
1154 1015
1153 1016
1152 1016
1152 1017
1151 1018
1150 1018
1150 1019
1149 1020
1148 1020
1147 1021
1146 1022
1145 1022
1144 1023
1143 1024
1142 1025
1141 1026
1140 1026
1139 1027
1138 1028
1137 1028
1136 1029
1135 1030
1134 1031
1133 1032
1132 1032
1131 1033
1130 1034
1129 1034
1128 1035
1127 1036
1126 1037
1125 1038
1124 1038
1124 1039
1123 1040
1122 1040
1121 1041
1120 1042
1119 1042
1118 1043
1117 1043
1116 1044
1115 1044
1114 1045
1113 1045
1112 1046
1111 1046
1110 1047
1109 1048
1108 1048
1107 1048
1106 1049
1105 1050
1104 1050
1103 1050
1102 1051
1101 1052
1100 1052
1099 1052
1098 1053
1097 1054
1096 1055
1095 1055
1094 1056
1093 1056
1092 1057
1091 1058
1090 1058
1089 1058
1088 1059
1087 1060
1086 1060
1085 1060
1084 1061
1083 1061
1082 1061
1081 1061
1080 1062
1079 1062
1078 1062
1077 1062
1076 1063
1075 1063
1074 1063
1073 1063
1072 1063
1071 1063
1070 1063
1069 1063
1068 1063
1067 1063
1066 1063
1065 1063
1064 1064
1063 1064
1062 1064
1061 1064
1060 1065
1059 1066
1058 1066
1057 1066
1056 1067
1055 1068
1054 1068
1053 1068
1052 1069
1051 1069
1050 1069
1049 1069
1048 1070
1047 1070
1046 1071
1045 1072
1044 1072
1044 1073
1043 1074
1042 1074
1042 1075
1041 1076
1040 1076
1040 1077
1039 1078
1038 1078
1037 1079
1036 1080
1035 1080
1034 1081
1033 1082
1032 1082
1031 1082
1030 1083
1029 1083
1028 1083
1027 1083
1026 1083
1025 1083
1024 1083
1023 1083
1022 1083
1021 1083
1020 1084
1019 1084
1018 1084
1017 1084
1016 1085
1015 1085
1014 1085
1013 1085
1012 1085
1011 1085
1010 1086
1009 1086
1008 1087
1007 1087
1006 1088
1005 1088
1004 1089
1003 1090
1002 1091
1001 1092
1000 1093
999 1094
998 1095
998 1096
998 1097
998 1098
997 1099
997 1100
996 1101
996 1102
996 1103
995 1104
994 1105
994 1106
993 1107
992 1108
992 1109
991 1110
990 1110
990 1111
989 1112
988 1112
988 1113
987 1114
986 1114
986 1115
985 1116
984 1116
983 1117
982 1118
981 1118
980 1119
979 1119
978 1119
977 1119
976 1119
975 1119
974 1120
973 1120
972 1120
971 1120
970 1121
969 1121
968 1122
967 1122
966 1122
965 1122
964 1123
963 1123
962 1124
961 1124
960 1125
959 1125
958 1126
957 1126
956 1127
955 1127
954 1128
953 1128
952 1128
951 1128
950 1129
949 1130
948 1130
947 1130
946 1131
945 1132
944 1133
943 1134
942 1134
941 1135
940 1136
939 1136
938 1137
937 1138
936 1139
935 1140
934 1140
934 1141
933 1142
932 1142
932 1143
931 1144
930 1144
930 1145
929 1146
928 1146
927 1147
926 1148
925 1148
924 1149
923 1150
922 1150
921 1150
920 1151
919 1152
918 1153
917 1154
916 1154
916 1155
915 1156
914 1156
914 1157
913 1158
912 1158
911 1159
910 1160
909 1160
908 1161
907 1162
906 1162
905 1162
904 1163
903 1164
902 1165
901 1166
900 1166
900 1167
899 1168
898 1168
898 1169
897 1170
896 1170
896 1171
895 1172
894 1172
894 1173
893 1174
892 1174
891 1175
890 1176
889 1176
888 1177
887 1178
886 1179
885 1180
884 1180
884 1181
883 1182
882 1182
882 1183
881 1184
880 1184
880 1185
879 1186
878 1186
877 1187
876 1188
875 1188
874 1189
873 1189
872 1190
871 1190
870 1191
869 1191
868 1192
867 1192
866 1193
865 1194
864 1194
863 1194
862 1195
861 1196
860 1197
859 1198
858 1198
858 1199
857 1200
856 1200
856 1201
855 1202
854 1202
854 1203
853 1204
852 1204
851 1205
850 1206
849 1206
848 1207
847 1208
846 1208
845 1208
844 1209
843 1210
842 1211
841 1212
840 1212
840 1213
839 1214
838 1214
838 1215
837 1216
836 1216
836 1217
835 1218
834 1218
834 1219
833 1220
832 1220
832 1221
831 1222
830 1222
830 1223
829 1224
828 1224
828 1225
827 1226
826 1226
826 1227
825 1228
824 1228
824 1229
823 1230
822 1230
821 1231
820 1232
819 1232
818 1233
817 1234
816 1235
815 1236
814 1236
814 1237
813 1238
812 1238
811 1239
810 1240
809 1240
808 1241
807 1242
806 1242
805 1242
804 1243
803 1244
802 1245
801 1245
800 1246
799 1246
798 1247
797 1248
796 1248
795 1248
794 1249
793 1250
792 1251
791 1252
790 1253
790 1254
790 1255
789 1256
788 1257
788 1258
788 1259
787 1260
786 1261
786 1262
786 1263
785 1264
784 1265
784 1266
783 1267
782 1268
782 1269
781 1270
780 1270
780 1271
779 1272
778 1272
778 1273
777 1274
776 1274
776 1275
775 1276
774 1276
774 1277
773 1278
772 1279
771 1280
770 1281
770 1282
769 1283
769 1284
768 1285
768 1286
767 1287
767 1288
766 1289
766 1290
766 1291
765 1292
764 1293
764 1294
763 1295
762 1296
762 1297
761 1298
760 1298
759 1299
758 1300
757 1300
756 1301
755 1302
754 1303
753 1304
752 1304
752 1305
751 1306
750 1306
750 1307
749 1308
748 1309
747 1310
746 1311
746 1312
745 1313
744 1314
744 1315
743 1316
742 1316
742 1317
741 1318
740 1319
740 1320
739 1321
739 1322
738 1323
738 1324
738 1325
738 1326
737 1327
737 1328
736 1329
736 1330
735 1331
735 1332
734 1333
733 1334
732 1335
732 1336
731 1337
731 1338
730 1339
729 1340
728 1341
728 1342
727 1343
726 1344
726 1345
725 1346
724 1346
724 1347
723 1348
722 1348
722 1349
721 1350
720 1350
720 1351
719 1352
718 1353
717 1354
716 1355
716 1356
715 1357
715 1358
714 1359
714 1360
713 1361
713 1362
712 1363
712 1364
712 1365
712 1366
711 1367
711 1368
710 1369
710 1370
710 1371
710 1372
709 1373
709 1374
709 1375
709 1376
709 1377
709 1378
708 1379
708 1380
708 1381
708 1382
707 1383
707 1384
707 1385
707 1386
707 1387
707 1388
707 1389
707 1390
707 1391
707 1392
706 1393
706 1394
706 1395
705 1396
704 1397
704 1398
704 1399
704 1400
703 1401
703 1402
703 1403
703 1404
704 1405
704 1406
704 1407
704 1408
705 1409
705 1410
705 1411
705 1412
705 1413
705 1414
705 1415
705 1416
706 1417
706 1418
706 1419
706 1420
707 1421
707 1422
707 1423
707 1424
707 1425
707 1426
707 1427
707 1428
707 1429
707 1430
707 1431
707 1432
707 1433
707 1434
708 1435
708 1436
708 1437
708 1438
709 1439
709 1440
710 1441
710 1442
710 1443
710 1444
711 1445
711 1446
712 1447
712 1448
712 1449
712 1450
713 1451
713 1452
714 1453
714 1454
714 1455
714 1456
715 1457
715 1458
715 1459
715 1460
715 1461
715 1462
716 1463
716 1464
716 1465
716 1466
717 1467
717 1468
718 1469
718 1470
719 1471
720 1472
721 1473
722 1473
723 1474
724 1474
725 1475
726 1475
727 1476
728 1476
729 1477
730 1477
731 1478
732 1478
733 1478
734 1478
735 1478
736 1478
737 1478
738 1478
739 1479
740 1479
741 1479
742 1480
743 1481
744 1481
745 1481
746 1482
747 1483
748 1483
749 1483
750 1483
751 1484
752 1484
753 1485
754 1485
755 1485
756 1486
757 1487
758 1487
759 1488
760 1489
761 1489
762 1490
762 1491
763 1491
764 1492
764 1493
765 1493
766 1494
766 1495
767 1496
768 1497
768 1498
769 1499
769 1500
769 1501
769 1502
769 1503
769 1504
768 1505
768 1506
768 1507
768 1508
767 1509
767 1510
767 1511
767 1512
768 1513
768 1514
769 1515
770 1516
770 1517
771 1518
772 1519
772 1520
773 1521
774 1522
775 1523
776 1523
777 1524
778 1524
779 1525
780 1525
781 1526
782 1526
783 1527
784 1527
785 1528
786 1528
787 1529
788 1529
789 1529
790 1530
791 1531
792 1531
793 1531
794 1531
795 1532
796 1532
797 1533
798 1533
799 1533
800 1533
801 1534
802 1534
803 1535
804 1535
805 1536
806 1537
807 1537
808 1538
809 1539
810 1540
811 1541
812 1541
813 1541
814 1541
815 1542
816 1542
817 1543
818 1543
819 1544
820 1545
821 1545
822 1546
822 1547
823 1547
824 1548
825 1549
826 1550
827 1551
828 1551
829 1551
830 1551
831 1552
832 1552
833 1553
834 1553
835 1554
836 1555
837 1555
838 1556
838 1557
839 1557
840 1558
841 1559
842 1560
843 1561
844 1561
845 1562
846 1562
847 1563
848 1563
849 1564
850 1564
851 1565
852 1565
853 1565
854 1565
855 1566
856 1566
857 1567
858 1567
859 1568
860 1568
861 1569
862 1569
863 1570
864 1570
865 1569
866 1569
867 1569
868 1569
869 1568
870 1568
871 1568
872 1568
873 1568
874 1568
875 1568
876 1568
877 1568
878 1568
879 1568
880 1568
881 1568
882 1568
883 1568
884 1568
885 1568
886 1568
887 1567
888 1567
889 1567
890 1567
891 1566
892 1566
893 1566
894 1566
895 1566
896 1566
897 1566
898 1566
899 1565
900 1565
901 1565
902 1565
903 1564
904 1564
905 1564
906 1564
907 1564
908 1564
909 1564
910 1564
911 1564
912 1564
913 1564
914 1564
915 1563
916 1563
917 1563
918 1563
919 1562
920 1562
921 1562
922 1562
923 1562
924 1562
925 1562
926 1562
927 1562
928 1562
929 1562
930 1562
931 1562
932 1562
933 1562
934 1562
935 1562
936 1562
937 1562
938 1562
939 1562
940 1562
941 1562
942 1562
943 1562
944 1562
945 1562
946 1562
947 1562
948 1562
949 1562
950 1562
951 1562
952 1562
953 1562
954 1562
955 1562
956 1562
957 1562
958 1562
959 1562
960 1562
961 1562
962 1562
963 1562
964 1562
965 1562
966 1562
967 1562
968 1562
969 1562
970 1562
971 1562
972 1562
973 1562
974 1562
975 1562
976 1562
977 1562
978 1562
979 1562
980 1562
981 1562
982 1562
983 1562
984 1562
985 1562
986 1562
987 1562
988 1562
989 1562
990 1562
991 1562
992 1562
993 1563
994 1563
995 1563
996 1563
997 1564
998 1564
999 1565
1000 1565
1001 1565
1002 1565
1003 1566
1004 1566
1005 1566
1006 1566
1007 1566
1008 1566
1009 1566
1010 1566
1011 1566
1012 1566
1013 1565
1014 1565
1015 1564
1016 1564
1017 1563
1018 1563
1019 1562
1020 1562
1021 1563
1022 1563
1023 1564
1024 1564
1025 1565
1026 1565
1027 1566
1028 1566
1029 1566
1030 1566
1031 1566
1032 1566
1033 1566
1034 1566
1035 1566
1036 1566
1037 1566
1038 1566
1039 1567
1040 1567
1041 1567
1042 1568
1043 1569
1044 1569
1045 1570
1046 1570
1047 1571
1048 1571
1049 1572
1050 1572
1051 1571
1052 1571
1053 1571
1054 1571
1055 1570
1056 1570
1057 1569
1058 1569
1059 1569
1060 1569
1061 1568
1062 1568
1063 1568
1064 1568
1065 1568
1066 1568
1067 1569
1068 1569
1069 1569
1070 1569
1071 1570
1072 1570
1073 1570
1074 1570
1075 1571
1076 1571
1077 1571
1078 1572
1079 1573
1080 1573
1081 1574
1082 1575
1083 1575
1084 1576
1084 1577
1085 1577
1086 1578
1086 1579
1087 1579
1088 1580
1089 1581
1090 1581
1091 1582
1092 1582
1093 1582
1094 1582
1095 1582
1096 1582
1097 1583
1098 1583
1099 1583
1100 1583
1101 1584
1102 1584
1103 1584
1104 1584
1105 1584
1106 1584
1107 1584
1108 1584
1109 1584
1110 1584
1111 1584
1112 1584
1113 1584
1114 1584
1115 1583
1116 1583
1117 1583
1118 1583
1119 1582
1120 1582
1121 1583
1122 1583
1123 1583
1124 1583
1125 1584
1126 1584
1127 1585
1128 1585
1129 1585
1130 1585
1131 1586
1132 1586
1133 1586
1134 1586
1135 1587
1136 1587
1137 1587
1138 1587
1139 1588
1140 1588
1141 1588
1142 1588
1143 1588
1144 1588
1145 1588
1146 1588
1147 1588
1148 1588
1149 1588
1150 1588
1151 1588
1152 1588
1153 1588
1154 1588
1155 1589
1156 1589
1157 1589
1158 1589
1159 1590
1160 1590
1161 1590
1162 1590
1163 1590
1164 1590
1165 1590
1166 1590
1167 1590
1168 1590
1169 1590
1170 1590
1171 1590
1172 1590
1173 1590
1174 1590
1175 1590
1176 1590
1177 1590
1178 1590
1179 1591
1180 1591
1181 1592
1182 1593
1183 1593
1184 1594
1184 1595
1185 1595
1186 1596
1187 1597
1188 1598
1189 1599
1190 1599
1191 1599
1192 1599
1193 1600
1194 1600
1195 1600
1196 1600
1197 1601
1198 1601
1199 1601
1200 1601
1201 1602
1202 1602
1203 1602
1204 1602
1205 1602
1206 1602
1207 1602
1208 1602
1209 1602
1210 1602
1211 1601
1212 1601
1213 1601
1214 1601
1215 1600
1216 1599
1217 1599
1218 1599
1219 1598
1220 1598
1221 1599
1222 1599
1223 1600
1224 1601
1225 1602
1226 1603
1227 1604
1228 1605
1229 1606
1230 1606
1231 1606
1232 1606
1233 1606
1234 1606
1235 1607
1236 1607
1237 1607
1238 1607
1239 1608
1240 1608
1241 1608
1242 1608
1243 1608
1244 1608
1245 1608
1246 1608
1247 1608
1248 1608
1249 1608
1250 1608
1251 1608
1252 1608
1253 1608
1254 1608
1255 1608
1256 1608
1257 1608
1258 1608
1259 1608
1260 1608
1261 1608
1262 1608
1263 1608
1264 1608
1265 1608
1266 1608
1267 1609
1268 1609
1269 1609
1270 1609
1271 1610
1272 1610
1273 1610
1274 1610
1275 1610
1276 1610
1277 1610
1278 1610
1279 1610
1280 1610
1281 1611
1282 1611
1283 1611
1284 1611
1285 1612
1286 1612
1287 1612
1288 1612
1289 1612
1290 1612
1291 1612
1292 1612
1293 1613
1294 1613
1295 1613
1296 1613
1297 1614
1298 1614
1299 1614
1300 1614
1301 1613
1302 1613
1303 1613
1304 1613
1305 1613
1306 1613
1307 1613
1308 1613
1309 1614
1310 1614
1311 1614
1312 1614
1313 1614
1314 1614
1315 1614
1316 1614
1317 1614
1318 1614
1319 1613
1320 1613
1321 1613
1322 1613
1323 1612
1324 1612
1325 1612
1326 1612
1327 1612
1328 1612
1329 1613
1330 1613
1331 1613
1332 1613
1333 1614
1334 1614
1335 1614
1336 1614
1337 1614
1338 1614
1339 1614
1340 1614
1341 1614
1342 1614
1343 1614
1344 1614
1345 1614
1346 1614
1347 1614
1348 1614
1349 1614
1350 1614
1351 1614
1352 1614
1353 1614
1354 1614
1355 1614
1356 1614
1357 1614
1358 1614
1359 1614
1360 1614
1361 1614
1362 1614
1363 1614
1364 1614
1365 1614
1366 1614
1367 1614
1368 1614
1369 1615
1370 1615
1371 1615
1372 1615
1373 1616
1374 1616
1375 1616
1376 1616
1377 1616
1378 1616
1379 1616
1380 1616
1381 1616
1382 1616
1383 1616
1384 1616
1385 1615
1386 1615
1387 1615
1388 1615
1389 1614
1390 1614
1391 1614
1392 1614
1393 1615
1394 1615
1395 1615
1396 1615
1397 1616
1398 1616
1399 1616
1400 1616
1401 1617
1402 1617
1403 1617
1404 1617
1405 1618
1406 1618
1407 1618
1408 1618
1409 1618
1410 1618
1411 1618
1412 1618
1413 1618
1414 1618
1415 1618
1416 1618
1417 1618
1418 1618
1419 1618
1420 1618
1421 1618
1422 1618
1423 1618
1424 1618
1425 1618
1426 1618
1427 1618
1428 1618
1429 1619
1430 1619
1431 1619
1432 1619
1433 1620
1434 1620
1435 1620
1436 1620
1437 1620
1438 1620
1439 1620
1440 1620
1441 1620
1442 1620
1443 1620
1444 1620
1445 1620
1446 1620
1447 1620
1448 1620
1449 1620
1450 1620
1451 1620
1452 1620
1453 1620
1454 1620
1455 1620
1456 1620
1457 1621
1458 1621
1459 1621
1460 1621
1461 1622
1462 1622
1463 1622
1464 1622
1465 1622
1466 1622
1467 1622
1468 1622
1469 1622
1470 1622
1471 1622
1472 1622
1473 1622
1474 1622
1475 1622
1476 1622
1477 1622
1478 1622
1479 1621
1480 1621
1481 1620
1482 1620
1483 1619
1484 1619
1485 1618
1486 1618
1487 1618
1488 1618
1489 1618
1490 1618
1491 1618
1492 1618
1493 1619
1494 1619
1495 1619
1496 1620
1497 1621
1498 1621
1499 1621
1500 1621
1501 1622
1502 1622
1503 1622
1504 1622
1505 1622
1506 1622
1507 1622
1508 1622
1509 1622
1510 1622
1511 1622
1512 1622
1513 1622
1514 1622
1515 1623
1516 1623
1517 1623
1518 1623
1519 1624
1520 1624
1521 1624
1522 1624
1523 1624
1524 1624
1525 1624
1526 1624
1527 1624
1528 1624
1529 1624
1530 1624
1531 1624
1532 1624
1533 1624
1534 1624
1535 1624
1536 1624
1537 1624
1538 1624
1539 1625
1540 1625
1541 1625
1542 1625
1543 1626
1544 1626
1545 1626
1546 1626
1547 1627
1548 1627
1549 1627
1550 1627
1551 1628
1552 1628
1553 1628
1554 1628
1555 1628
1556 1628
1557 1628
1558 1628
1559 1628
1560 1628
1561 1628
1562 1628
1563 1629
1564 1629
1565 1630
1566 1631
1567 1631
1568 1632
1568 1633
1569 1633
1570 1634
1571 1635
1572 1635
1573 1636
1574 1636
1575 1635
1576 1635
1577 1635
1578 1635
1579 1634
1580 1634
1581 1634
1582 1634
1583 1634
1584 1634
1585 1634
1586 1634
1587 1634
1588 1634
1589 1634
1590 1634
1591 1634
1592 1634
1593 1634
1594 1634
1595 1634
1596 1634
1597 1635
1598 1635
1599 1635
1600 1636
1601 1637
1602 1637
1603 1637
1604 1637
1605 1638
1606 1638
1607 1638
1608 1638
1609 1638
1610 1638
1611 1638
1612 1638
1613 1638
1614 1638
1615 1638
1616 1638
1617 1638
1618 1638
1619 1638
1620 1638
1621 1638
1622 1638
1623 1638
1624 1638
1625 1639
1626 1639
1627 1639
1628 1639
1629 1640
1630 1640
1631 1640
1632 1640
1633 1640
1634 1640
1635 1640
1636 1640
1637 1640
1638 1640
1639 1640
1640 1640
1641 1640
1642 1640
1643 1640
1644 1640
1645 1640
1646 1640
1647 1640
1648 1640
1649 1641
1650 1641
1651 1641
1652 1642
1653 1643
1654 1643
1655 1644
1656 1644
1657 1645
1658 1645
1659 1646
1660 1646
1661 1646
1662 1646
1663 1646
1664 1646
1665 1646
1666 1646
1667 1647
1668 1647
1669 1647
1670 1647
1671 1648
1672 1648
1673 1648
1674 1648
1675 1648
1676 1648
1677 1648
1678 1648
1679 1648
1680 1648
1681 1648
1682 1648
1683 1648
1684 1648
1685 1648
1686 1648
1687 1648
1688 1648
1689 1648
1690 1648
1691 1648
1692 1648
1693 1649
1694 1649
1695 1649
1696 1649
1697 1650
1698 1650
1699 1650
1700 1650
1701 1650
1702 1650
1703 1651
1704 1651
1705 1651
1706 1651
1707 1652
1708 1652
1709 1653
1710 1653
1711 1653
1712 1653
1713 1654
1714 1654
1715 1654
1716 1654
1717 1655
1718 1655
1719 1655
1720 1655
1721 1656
1722 1656
1723 1656
1724 1656
1725 1657
1726 1657
1727 1657
1728 1657
1729 1658
1730 1658
1731 1658
1732 1658
1733 1658
1734 1658
1735 1658
1736 1658
1737 1658
1738 1658
1739 1658
1740 1658
1741 1659
1742 1659
1743 1659
1744 1659
1745 1660
1746 1660
1747 1660
1748 1660
1749 1660
1750 1660
1751 1660
1752 1660
1753 1660
1754 1660
1755 1660
1756 1660
1757 1661
1758 1661
1759 1661
1760 1661
1761 1662
1762 1662
1763 1662
1764 1662
1765 1662
1766 1662
1767 1663
1768 1663
1769 1663
1770 1663
1771 1664
1772 1664
1773 1665
1774 1665
1775 1665
1776 1665
1777 1666
1778 1666
1779 1666
1780 1666
1781 1666
1782 1666
1783 1666
1784 1666
1785 1666
1786 1666
1787 1666
1788 1666
1789 1666
1790 1666
1791 1666
1792 1666
1793 1666
1794 1666
1795 1666
1796 1666
1797 1666
1798 1666
1799 1666
1800 1666
1801 1666
1802 1666
1803 1666
1804 1666
1805 1666
1806 1666
1807 1666
1808 1666
1809 1666
1810 1666
1811 1666
1812 1666
1813 1666
1814 1666
1815 1666
1816 1666
1817 1666
1818 1666
1819 1666
1820 1666
1821 1666
1822 1666
1823 1665
1824 1665
1825 1665
1826 1665
1827 1664
1828 1664
1829 1664
1830 1664
1831 1664
1832 1664
1833 1663
1834 1663
1835 1663
1836 1663
1837 1662
1838 1662
1839 1662
1840 1662
1841 1662
1842 1662
1843 1662
1844 1662
1845 1662
1846 1662
1847 1662
1848 1662
1849 1662
1850 1662
1851 1662
1852 1662
1853 1662
1854 1662
1855 1662
1856 1662
1857 1663
1858 1663
1859 1663
1860 1663
1861 1664
1862 1664
1863 1664
1864 1664
1865 1664
1866 1664
1867 1664
1868 1664
1869 1664
1870 1664
1871 1664
1872 1664
1873 1664
1874 1664
1875 1664
1876 1664
1877 1663
1878 1663
1879 1663
1880 1663
1881 1662
1882 1662
1883 1662
1884 1662
1885 1662
1886 1662
1887 1662
1888 1662
1889 1662
1890 1662
1891 1662
1892 1662
1893 1662
1894 1662
1895 1661
1896 1661
1897 1661
1898 1661
1899 1660
1900 1660
1901 1660
1902 1660
1903 1659
1904 1659
1905 1659
1906 1659
1907 1658
1908 1658
1909 1657
1910 1657
1911 1657
1912 1657
1913 1656
1914 1656
1915 1656
1916 1656
1917 1655
1918 1655
1919 1655
1920 1655
1921 1654
1922 1654
1923 1654
1924 1654
1925 1654
1926 1654
1927 1654
1928 1654
1929 1654
1930 1654
1931 1654
1932 1654
1933 1653
1934 1653
1935 1653
1936 1653
1937 1652
1938 1652
1939 1652
1940 1652
1941 1652
1942 1652
1943 1652
1944 1652
1945 1651
1946 1651
1947 1651
1948 1651
1949 1650
1950 1650
1951 1650
1952 1650
1953 1650
1954 1650
1955 1650
1956 1650
1957 1649
1958 1649
1959 1649
1960 1649
1961 1648
1962 1648
1963 1648
1964 1648
1965 1647
1966 1647
1967 1647
1968 1647
1969 1646
1970 1646
1971 1646
1972 1646
1973 1646
1974 1646
1975 1646
1976 1646
1977 1646
1978 1646
1979 1645
1980 1645
1981 1645
1982 1645
1983 1644
1984 1644
1985 1644
1986 1644
1987 1644
1988 1644
1989 1643
1990 1643
1991 1643
1992 1643
1993 1642
1994 1642
1995 1642
1996 1642
1997 1641
1998 1641
1999 1641
2000 1641
2001 1640
2002 1639
2003 1639
2004 1639
2005 1638
2006 1638
2007 1638
2008 1638
2009 1638
2010 1638
2011 1638
2012 1638
2013 1638
2014 1638
2015 1638
2016 1638
2017 1638
2018 1638
2019 1638
2020 1638
2021 1637
2022 1637
2023 1637
2024 1637
2025 1636
2026 1635
2027 1635
2028 1635
2029 1634
2030 1634
2031 1634
2032 1634
2033 1633
2034 1633
2035 1633
2036 1633
2037 1632
2038 1632
2039 1632
2040 1632
2041 1632
2042 1632
2043 1632
2044 1632
2045 1632
2046 1632
2047 1632
2048 1632
2049 1632
2050 1632
2051 1632
2052 1632
2053 1632
2054 1632
2055 1632
2056 1632
2057 1632
2058 1632
2059 1632
2060 1632
2061 1632
2062 1632
2063 1632
2064 1632
2065 1632
2066 1632
2067 1632
2068 1632
2069 1632
2070 1632
2071 1632
2072 1632
2073 1632
2074 1632
2075 1632
2076 1632
2077 1632
2078 1632
2079 1632
2080 1632
2081 1632
2082 1632
2083 1632
2084 1632
2085 1632
2086 1632
2087 1632
2088 1632
2089 1632
2090 1632
2091 1632
2092 1632
2093 1632
2094 1632
2095 1633
2096 1633
2097 1633
2098 1633
2099 1634
2100 1634
2101 1634
2102 1634
2103 1634
2104 1634
2105 1634
2106 1634
2107 1634
2108 1634
2109 1634
2110 1634
2111 1634
2112 1634
2113 1634
2114 1634
2115 1634
2116 1634
2117 1633
2118 1633
2119 1633
2120 1633
2121 1632
2122 1631
2123 1630
2124 1630
2125 1629
2126 1629
2127 1628
2128 1627
2129 1627
2130 1627
2131 1626
2132 1626
2133 1626
2134 1626
2135 1625
2136 1625
2137 1625
2138 1625
2139 1624
2140 1623
2141 1622
2142 1622
2143 1621
2144 1621
2145 1620
2146 1620
2147 1619
2148 1619
2149 1619
2150 1619
2151 1618
2152 1618
2153 1617
2154 1617
2155 1617
2156 1617
2157 1616
2158 1616
2159 1616
2160 1616
2161 1615
2162 1615
2163 1614
2164 1614
2165 1613
2166 1613
2167 1612
2168 1611
2169 1611
2170 1611
2171 1610
2172 1610
2173 1609
2174 1609
2175 1608
2176 1608
2177 1607
2178 1607
2179 1606
2180 1606
2181 1606
2182 1606
2183 1606
2184 1606
2185 1606
2186 1606
2187 1606
2188 1606
2189 1606
2190 1606
2191 1605
2192 1605
2193 1604
2194 1604
2195 1603
2196 1603
2197 1602
2198 1602
2199 1602
2200 1602
2201 1601
2202 1601
2203 1600
2204 1599
2205 1599
2206 1598
2207 1597
2208 1597
2209 1596
2210 1595
2211 1595
2212 1595
2213 1594
2214 1594
2215 1594
2216 1594
2217 1594
2218 1594
2219 1594
2220 1594
2221 1594
2222 1594
2223 1594
2224 1594
2225 1594
2226 1594
2227 1594
2228 1594
2229 1593
2230 1593
2231 1592
2232 1592
2233 1591
2234 1591
2235 1590
2236 1590
2237 1590
2238 1590
2239 1590
2240 1590
2241 1590
2242 1590
2243 1589
2244 1589
2245 1589
2246 1589
2247 1588
2248 1588
2249 1588
2250 1588
2251 1588
2252 1588
2253 1587
2254 1587
2255 1587
2256 1587
2257 1586
2258 1586
2259 1586
2260 1586
2261 1586
2262 1586
2263 1586
2264 1586
2265 1586
2266 1586
2267 1586
2268 1586
2269 1585
2270 1585
2271 1584
2272 1583
2273 1583
2273 1582
2274 1581
2275 1581
2275 1580
2276 1579
2277 1579
2278 1578
2279 1577
2280 1577
2281 1576
2282 1575
2283 1574
2284 1573
2285 1573
2286 1572
2287 1571
2288 1571
2289 1570
2290 1569
2291 1569
2292 1569
2293 1568
2294 1567
2295 1567
2296 1567
2297 1566
2298 1565
2299 1565
2300 1565
2301 1564
2302 1563
2303 1562
2304 1561
2305 1561
2305 1560
2306 1559
2307 1559
2307 1558
2308 1557
2309 1557
2309 1556
2310 1555
2311 1555
2311 1554
2312 1553
2313 1552
2313 1551
2314 1550
2314 1549
2315 1548
2315 1547
2316 1546
2316 1545
2317 1544
2318 1543
2319 1542
2319 1541
2319 1540
2319 1539
2320 1538
2320 1537
2321 1536
2321 1535
2322 1534
2323 1533
2323 1532
2324 1531
2325 1531
2325 1530
2326 1529
2327 1528
2327 1527
2328 1526
2328 1525
2329 1524
2329 1523
2330 1522
2330 1521
2331 1520
2331 1519
2332 1518
2332 1517
2333 1516
2333 1515
2333 1514
2333 1513
2334 1512
2334 1511
2334 1510
2334 1509
2334 1508
2334 1507
2334 1506
2334 1505
2334 1504
2334 1503
2334 1502
2334 1501
2334 1500
2334 1499
2335 1498
2335 1497
2335 1496
2336 1495
2337 1494
2337 1493
2338 1492
2339 1491
2339 1490
2340 1489
2341 1488
2341 1487
2342 1486
2342 1485
2342 1484
2342 1483
2343 1482
2343 1481
2343 1480
2344 1479
2345 1478
2345 1477
2346 1476
2347 1475
2347 1474
2348 1473
2349 1473
2349 1472
2350 1471
2351 1470
2351 1469
2352 1468
2352 1467
2353 1466
2353 1465
2354 1464
2354 1463
2355 1462
2356 1461
2357 1460
2357 1459
2357 1458
2357 1457
2358 1456
2358 1455
2358 1454
2358 1453
2358 1452
2358 1451
2358 1450
2358 1449
2358 1448
2358 1447
2358 1446
2358 1445
2358 1444
2358 1443
2358 1442
2358 1441
2358 1440
2358 1439
2358 1438
2358 1437
2358 1436
2358 1435
2358 1434
2358 1433
2358 1432
2358 1431
2358 1430
2358 1429
2358 1428
2358 1427
2358 1426
2358 1425
2358 1424
2358 1423
2358 1422
2358 1421
2357 1420
2357 1419
2357 1418
2357 1417
2356 1416
2356 1415
2356 1414
2356 1413
2356 1412
2356 1411
2356 1410
2356 1409
2356 1408
2356 1407
2356 1406
2356 1405
2357 1404
2357 1403
2357 1402
2357 1401
2358 1400
2358 1399
2358 1398
2358 1397
2358 1396
2358 1395
2358 1394
2358 1393
2359 1392
2359 1391
2360 1390
2360 1389
2361 1388
2361 1387
2362 1386
2362 1385
2362 1384
2362 1383
2362 1382
2362 1381
2362 1380
2362 1379
2361 1378
2361 1377
2361 1376
2361 1375
2360 1374
2359 1373
2359 1372
2359 1371
2358 1370
2358 1369
2358 1368
2358 1367
2358 1366
2358 1365
2358 1364
2358 1363
2358 1362
2358 1361
2358 1360
2358 1359
2358 1358
2358 1357
2358 1356
2358 1355
2358 1354
2358 1353
2358 1352
2358 1351
2358 1350
2358 1349
2358 1348
2358 1347
2358 1346
2358 1345
2358 1344
2358 1343
2358 1342
2358 1341
2358 1340
2358 1339
2358 1338
2358 1337
2358 1336
2358 1335
2359 1334
2359 1333
2359 1332
2359 1331
2360 1330
2360 1329
2361 1328
2361 1327
2361 1326
2361 1325
2362 1324
2362 1323
2362 1322
2362 1321
2362 1320
2362 1319
2362 1318
2362 1317
2362 1316
2362 1315
2362 1314
2362 1313
2362 1312
2362 1311
2362 1310
2362 1309
2362 1308
2362 1307
2362 1306
2362 1305
2362 1304
2362 1303
2363 1302
2363 1301
2363 1300
2363 1299
2364 1298
2364 1297
2364 1296
2364 1295
2364 1294
2364 1293
2365 1292
2365 1291
2365 1290
2366 1289
2367 1288
2367 1287
2367 1286
2368 1285
2369 1284
2369 1283
2369 1282
2369 1281
2370 1280
2370 1279
2370 1278
2370 1277
2370 1276
2370 1275
2371 1274
2371 1273
2372 1272
2372 1271
2373 1270
2373 1269
2374 1268
2374 1267
2374 1266
2374 1265
2374 1264
2374 1263
2375 1262
2375 1261
2376 1260
2376 1259
2377 1258
2377 1257
2378 1256
2378 1255
2378 1254
2378 1253
2379 1252
2379 1251
2379 1250
2379 1249
2380 1248
2380 1247
2381 1246
2381 1245
2381 1244
2382 1243
2383 1242
2383 1241
2384 1240
2383 1239
2383 1238
2383 1237
2383 1236
2382 1235
2382 1234
2381 1233
2381 1232
2380 1231
2379 1230
2379 1229
2378 1228
2378 1227
2378 1226
2377 1225
2377 1224
2377 1223
2377 1222
2376 1221
2376 1220
2376 1219
2376 1218
2376 1217
2376 1216
2376 1215
2376 1214
2376 1213
2375 1212
2375 1211
2375 1210
2375 1209
2374 1208
2374 1207
2373 1206
2373 1205
2372 1204
2371 1203
2371 1202
2370 1201
2370 1200
2370 1199
2369 1198
2369 1197
2369 1196
2369 1195
2368 1194
2368 1193
2368 1192
2368 1191
2368 1190
2368 1189
2368 1188
2367 1187
2367 1186
2367 1185
2366 1184
2366 1183
2366 1182
2366 1181
2365 1180
2365 1179
2365 1178
2365 1177
2365 1176
2365 1175
2364 1174
2364 1173
2364 1172
2363 1171
2363 1170
2363 1169
2363 1168
2362 1167
2362 1166
2362 1165
2362 1164
2361 1163
2361 1162
2360 1161
2360 1160
2360 1159
2359 1158
2359 1157
2359 1156
2358 1156
2357 1155
2356 1155
2355 1155
2354 1154
2353 1154
2352 1153
2351 1152
2350 1152
2349 1151
2348 1150
2347 1149
2346 1148
2345 1147
2344 1147
2343 1146
2342 1146
2341 1145
2340 1144
2339 1144
2338 1143
2337 1142
2336 1141
2335 1140
2334 1139
2333 1138
2332 1137
2332 1136
2331 1136
2330 1135
2329 1134
2328 1134
2327 1133
2326 1132
2325 1131
2324 1130
2323 1129
2322 1129
2321 1129
2320 1128
2319 1128
2318 1127
2317 1126
2316 1126
2315 1125
2314 1124
2313 1124
2312 1124
2311 1123
2310 1123
2309 1123
2308 1122
2307 1122
2306 1121
2305 1120
2304 1120
2303 1119
2302 1118
2301 1117
2300 1116
2299 1115
2298 1114
2297 1113
2297 1112
2296 1111
2295 1110
2294 1110
2293 1109
2292 1108
2291 1108
2290 1107
2289 1106
2288 1106
2287 1106
2286 1106
2285 1105
2284 1105
2283 1105
2282 1104
2281 1104
2280 1103
2279 1102
2278 1102
2277 1101
2276 1100
2275 1099
2274 1098
2273 1097
2272 1096
2271 1095
2270 1095
2269 1094
2268 1093
2267 1092
2266 1091
2265 1090
2264 1089
2263 1089
2262 1088
2261 1088
2260 1087
2259 1086
2258 1086
2257 1085
2256 1084
2255 1083
2254 1082
2253 1081
2252 1080
2251 1079
2251 1078
2250 1077
2249 1076
2248 1075
2247 1074
2246 1073
2245 1072
2244 1071
2244 1070
2243 1069
2242 1068
2241 1067
2240 1066
2239 1065
2238 1064
2237 1064
2236 1064
2235 1063
2234 1063
2233 1062
2232 1061
2231 1061
2230 1060
2229 1059
2228 1058
2227 1058
2226 1058
2225 1057
2224 1057
2223 1057
2222 1056
2221 1056
2220 1055
2219 1054
2218 1054
2217 1053
2216 1053
2215 1052
2214 1052
2213 1052
2212 1052
2211 1051
2210 1051
2209 1051
2208 1050
2207 1050
2206 1049
2205 1048
2204 1048
2203 1047
2202 1046
2201 1045
2200 1044
2199 1043
2198 1042
2197 1041
2197 1040
2196 1039
2195 1039
2194 1039
2193 1039
2192 1038
2191 1038
2190 1037
2189 1037
2188 1036
2187 1036
2186 1035
2185 1035
2184 1034
2183 1034
2182 1034
2181 1034
2180 1033
2179 1033
2178 1032
2177 1032
2176 1032
2175 1032
2174 1031
2173 1031
2172 1031
2171 1031
2170 1031
2169 1031
2168 1031
2167 1031
2166 1031
2165 1031
2164 1030
2163 1030
2162 1029
2161 1029
2160 1028
2159 1028
2158 1027
2157 1027
2156 1027
2155 1027
2154 1027
2153 1027
2152 1027
2151 1027
2150 1027
2149 1027
2148 1027
2147 1027
2146 1026
2145 1026
2144 1026
2143 1025
2142 1024
2141 1024
2140 1024
2139 1024
2138 1023
2137 1023
2136 1022
2135 1022
2134 1022
2133 1021
2132 1020
2131 1020
2130 1020
2129 1020
2128 1019
2127 1019
2126 1018
2125 1018
2124 1018
2123 1018
2122 1017
2121 1017
2120 1016
2119 1016
2118 1015
2117 1015
2116 1014
2115 1014
2114 1013
2113 1013
2112 1013
2111 1013
2110 1012
2109 1012
2108 1012
2107 1012
2106 1011
2105 1011
2104 1011
2103 1011
2102 1011
2101 1011
2100 1010
2099 1010
2098 1009
2097 1008
2096 1008
2095 1007
2094 1006
2093 1005
2092 1004
2091 1004
2090 1004
2089 1003
2088 1002
2087 1002
2086 1002
2085 1002
2084 1001
2083 1001
2082 1001
2081 1001
2080 1001
2079 1001
2078 1001
2077 1001
2076 1001
2075 1001
2074 1001
2073 1001
2072 1000
2071 1000
2070 1000
2069 1000
2068 999
2067 999
2066 998
2065 998
2064 998
2063 997
2062 996
2061 996
2060 996
2059 996
2058 995
2057 995
2056 994
2055 994
2054 994
2053 993
2052 992
2051 992
2050 992
2049 992
2048 991
2047 991
2046 991
2045 991
2044 991
2043 991
2042 990
2041 990
2040 989
2039 989
2038 988
2037 988
2036 987
2035 987
2034 987
2033 987
2032 987
2031 987
2030 987
2029 987
2028 986
2027 986
2026 985
2025 985
2024 984
2023 983
2022 982
2021 982
2020 981
2019 981
2018 980
2017 980
2016 979
2015 979
2014 979
2013 979
2012 979
2011 979
2010 979
2009 979
2008 979
2007 979
2006 979
2005 979
2004 978
2003 978
2002 978
2001 977
2000 976
1999 976
1998 976
1997 976
1996 975
1995 975
1994 975
1993 975
1992 975
1991 975
1990 975
1989 975
1988 975
1987 975
1986 974
1985 974
1984 974
1983 974
1982 973
1981 973
1980 973
1979 973
1978 973
1977 973
1976 973
1975 973
1974 973
1973 973
1972 972
1971 972
1970 972
1969 972
1968 971
1967 971
1966 971
1965 971
1964 971
1963 971
1962 971
1961 971
1960 971
1959 971
1958 971
1957 971
1956 971
1955 971
1954 970
1953 970
1952 970
1951 970
1950 969
1949 969
1948 969
1947 969
1946 968
1945 968
1944 967
1943 967
1942 966
1941 966
1940 965
1939 965
1938 965
1937 965
1936 965
1935 965
1934 965
1933 965
1932 965
1931 965
1930 965
1929 965
1928 965
1927 965
1926 965
1925 965
1924 965
1923 965
1922 965
1921 965
1920 965
1919 965
1918 965
1917 965
1916 965
1915 965
1914 965
1913 965
1912 965
1911 965
1910 965
1909 965
1908 965
1907 965
1906 965
1905 965
1904 965
1903 965
1902 965
1901 965
1900 965
1899 965
1898 965
1897 965
1896 964
1895 964
1894 964
1893 964
1892 963
1891 963
1890 963
1889 963
1888 963
1887 963
1886 962
1885 962
1884 962
1883 962
1882 961
1881 961
1880 961
1879 961
1878 961
1877 961
1876 961
1875 961
1874 960
1873 960
1872 960
1871 960
1870 959
1869 959
1868 959
1867 959
1866 959
1865 959
1864 959
1863 959
1862 959
1861 959
1860 959
1859 959
1858 959
1857 959
1856 959
1855 959
1854 960
1853 960
1852 960
1851 960
1850 961
1849 962
1848 962
1847 962
1846 963
1845 963
1844 963
1843 963
1842 963
1841 963
1840 963
1839 963
1838 964
1837 964
1836 964
1835 964
1834 965
1833 966
1832 966
1831 966
1830 967
1829 967
1828 967
1827 967
1826 966
1825 966
1824 966
1823 965
1822 964
1821 964
1820 964
1819 964
1818 963
1817 963
1816 963
1815 963
1814 963
1813 963
1812 963
1811 963
1810 963
1809 963
1808 963
1807 963
1806 963
1805 964
1804 964
1803 965
1802 965
1801 965
1800 966
1799 966
1798 966
1797 966
1796 967
1795 967
1794 967
1793 967
1792 967
1791 967
1790 967
1789 967
1788 967
1787 967
1786 966
1785 966
1784 966
1783 966
1782 965
1781 965
1780 965
1779 964
1778 964
1777 964
1776 963
1775 963
1774 963
1773 963
1772 962
1771 962
1770 962
1769 961
1768 961
1767 961
1766 961
1765 961
1764 961
1763 961
1762 960
1761 960
1760 960
1759 960
1758 959
1757 959
1756 959
1755 959
1754 959
1753 959
1752 959
1751 959
1750 959
1749 959
1748 958
1747 958
1746 958
1745 958
1744 957
1743 957
1742 957
1741 957
1740 957
1739 957
1738 957
1737 957
1736 957
1735 957
1734 956
1733 956
1732 956
1731 956
1730 955
1729 955
1728 955
1727 955
1726 955
1725 955
1724 955
1723 955
1722 955
1721 954
1720 954
1719 954
1718 954
1717 953
1716 953
1715 953
1714 952
1713 952
1712 951
1711 951
1710 951
1709 950
1708 950
1707 950
1706 950
1705 949
1704 949
1703 949
1702 949
1701 949
1700 949
1699 949
1698 949
1697 949
1696 949
1695 948
1694 948
1693 948
1692 948
1691 947
1690 947
1689 947
1688 947
1687 947
1686 947
1685 947
1684 947
1683 947
1682 947
1681 946
1680 946
1679 946
1678 946
1677 945
1676 945
1675 945
1674 945
1673 945
1672 945
1671 944
1670 944
1669 944
1668 944
1667 943
1666 943
1665 943
1664 942
1663 942
1662 941
1661 940
1660 940
1659 940
1658 939
1657 939
1656 939
1655 939
1654 938
1653 938
1652 938
1651 937
1650 937
1649 936
1648 935
1647 935
1646 934
1645 933
1644 933
1643 933
1642 933
1641 932
1640 932
1639 932
1638 931
1637 931
1636 930
1635 929
1634 929
1633 928
1632 927
1631 926
1630 925
1629 925
