1129 122
1128 123
1127 123
1126 123
1125 123
1124 123
1123 123
1122 123
1121 123
1120 123
1119 123
1118 123
1117 123
1116 124
1115 124
1114 124
1113 124
1112 124
1111 124
1110 124
1109 125
1108 125
1107 126
1106 126
1105 126
1104 127
1103 127
1102 127
1101 127
1100 127
1099 128
1098 128
1097 128
1096 129
1095 129
1094 129
1093 130
1092 130
1091 131
1090 131
1089 131
1088 131
1087 131
1086 131
1085 132
1084 132
1083 132
1082 133
1081 133
1080 134
1079 134
1078 135
1077 136
1076 136
1075 136
1074 137
1073 137
1072 138
1071 138
1070 139
1069 139
1068 139
1067 139
1066 140
1065 140
1064 141
1063 142
1062 142
1061 142
1060 142
1059 143
1058 144
1058 145
1057 146
1057 147
1057 148
1056 149
1056 150
1056 151
1055 152
1055 153
1056 154
1056 155
1057 155
1058 156
1059 156
1060 157
1061 157
1062 158
1063 159
1064 160
1065 161
1066 162
1067 163
1068 163
1069 164
1070 164
1071 165
1072 165
1073 166
1074 166
1075 166
1076 166
1077 166
1078 166
1079 166
1080 167
1081 167
1082 167
1083 168
1084 168
1085 168
1086 169
1087 169
1088 169
1089 169
1090 169
1091 169
1092 169
1093 169
1094 169
1095 169
1096 169
1097 169
1098 170
1099 170
1100 170
1101 170
1102 170
1103 170
1104 170
1105 170
1106 170
1107 170
1108 170
1109 170
1110 170
1111 170
1112 171
1113 171
1114 171
1115 171
1116 172
1117 172
1118 172
1119 172
1120 172
1121 172
1122 172
1123 173
1123 174
1123 175
1124 176
1125 177
1126 177
1127 178
1128 178
1129 179
1130 179
1131 179
1132 180
1133 180
1134 180
1135 181
1136 182
1137 182
1138 182
1139 182
1140 182
1141 183
1142 183
1143 184
1144 184
1145 185
1146 185
1147 185
1148 185
1149 185
1150 186
1151 186
1152 186
1153 186
1154 186
1155 185
1155 184
1156 183
1156 182
1156 181
1156 180
1157 179
1158 178
1158 177
1159 176
1159 175
1160 174
1160 173
1160 172
1161 171
1161 170
1161 169
1162 168
1162 167
1162 166
1162 165
1162 164
1162 163
1162 162
1162 161
1162 160
1162 159
1162 158
1162 157
1163 156
1163 155
1163 154
1163 153
1163 152
1163 151
1162 150
1162 149
1162 148
1162 147
1162 146
1162 145
1162 144
1162 143
1161 142
1160 141
1159 140
1159 139
1158 138
1158 137
1157 136
1157 135
1157 134
1157 133
1157 132
1156 131
1156 130
1155 129
1154 128
1153 128
1152 127
1151 127
1150 126
1149 126
1148 126
1147 126
1146 126
1145 126
1144 126
1143 125
1142 125
1141 125
1140 124
1139 124
1138 124
1137 124
1136 124
1135 124
1134 124
1133 124
1132 123
1131 123
1130 123
1129 122
