504 1103
503 1104
502 1104
501 1104
500 1105
499 1105
498 1105
497 1105
496 1105
495 1105
494 1105
493 1106
492 1106
491 1106
490 1106
489 1106
488 1106
487 1105
486 1105
485 1105
484 1105
483 1105
482 1105
481 1105
480 1105
479 1105
478 1105
477 1105
476 1105
475 1105
474 1105
473 1105
472 1105
471 1105
470 1105
469 1105
468 1105
467 1105
466 1105
465 1105
464 1105
463 1105
462 1105
461 1105
460 1105
459 1105
458 1105
457 1105
456 1105
455 1105
454 1105
453 1105
452 1105
451 1105
450 1105
449 1105
448 1106
447 1107
446 1108
445 1109
445 1110
444 1111
443 1112
443 1113
443 1114
442 1115
442 1116
441 1117
441 1118
440 1119
439 1120
439 1121
438 1122
438 1123
437 1124
437 1125
436 1126
436 1127
435 1128
435 1129
435 1130
436 1131
436 1132
436 1133
437 1134
437 1135
438 1136
438 1137
439 1138
440 1139
440 1140
441 1141
441 1142
442 1143
442 1144
443 1144
444 1144
445 1145
446 1145
447 1145
448 1145
449 1145
450 1145
451 1146
452 1146
453 1147
454 1148
455 1148
456 1149
457 1149
458 1150
459 1151
460 1151
461 1152
462 1153
463 1153
464 1154
465 1154
466 1155
467 1156
468 1156
469 1157
470 1158
471 1159
472 1159
473 1160
474 1161
475 1162
476 1162
477 1163
478 1164
479 1164
480 1165
481 1165
482 1166
483 1167
484 1167
485 1167
486 1167
487 1167
488 1167
489 1167
490 1167
491 1166
492 1166
493 1166
494 1166
495 1166
496 1166
497 1166
498 1166
499 1166
500 1166
501 1166
502 1166
503 1167
504 1168
505 1168
506 1169
507 1169
508 1169
509 1169
510 1169
511 1169
512 1169
513 1168
514 1168
515 1167
516 1166
517 1165
518 1164
519 1164
520 1164
521 1164
522 1164
523 1164
524 1164
525 1164
526 1164
527 1165
528 1165
529 1165
530 1166
531 1166
532 1166
533 1166
534 1166
535 1166
536 1166
537 1165
538 1165
539 1165
540 1164
541 1164
542 1164
543 1164
544 1164
545 1164
546 1164
547 1164
548 1163
549 1163
550 1162
551 1161
552 1161
553 1161
554 1160
555 1160
556 1160
557 1159
558 1159
559 1159
560 1159
561 1159
562 1159
563 1158
564 1158
565 1157
566 1157
567 1156
568 1156
569 1155
570 1154
570 1153
571 1152
571 1151
571 1150
571 1149
571 1148
571 1147
571 1146
571 1145
571 1144
571 1143
571 1142
571 1141
571 1140
571 1139
570 1138
570 1137
569 1136
569 1135
569 1134
569 1133
569 1132
569 1131
569 1130
569 1129
569 1128
569 1127
568 1126
568 1125
568 1124
568 1123
568 1122
567 1121
566 1120
565 1120
564 1119
563 1119
562 1118
561 1118
560 1117
559 1117
558 1117
557 1117
556 1117
555 1116
554 1116
553 1116
552 1115
551 1115
550 1114
549 1114
548 1113
547 1113
546 1113
545 1113
544 1112
543 1112
542 1112
541 1112
540 1112
539 1111
538 1111
537 1111
536 1111
535 1111
534 1111
533 1111
532 1111
531 1111
530 1111
529 1111
528 1111
527 1111
526 1111
525 1111
524 1111
523 1110
522 1110
521 1110
520 1110
519 1110
518 1109
517 1109
516 1108
515 1107
514 1106
513 1105
512 1104
511 1104
510 1103
509 1103
508 1103
507 1103
506 1103
505 1103
504 1103
