597 1794
596 1795
595 1795
594 1795
593 1796
592 1796
591 1796
590 1797
589 1797
588 1797
587 1798
586 1799
585 1799
584 1800
583 1800
582 1800
581 1800
580 1800
579 1801
578 1801
577 1802
576 1803
575 1803
574 1803
573 1804
572 1804
571 1804
570 1805
569 1805
568 1805
567 1805
566 1806
565 1806
565 1807
564 1808
564 1809
563 1810
562 1811
561 1812
560 1813
559 1814
558 1815
557 1816
556 1817
555 1818
554 1819
553 1820
552 1821
551 1822
550 1823
549 1824
549 1825
548 1826
548 1827
548 1828
548 1829
548 1830
548 1831
548 1832
548 1833
548 1834
548 1835
548 1836
548 1837
548 1838
548 1839
548 1840
548 1841
548 1842
548 1843
548 1844
548 1845
549 1846
550 1847
551 1848
552 1849
553 1850
554 1851
555 1852
556 1853
557 1854
558 1854
559 1855
560 1855
561 1856
562 1856
563 1856
564 1856
565 1856
566 1856
567 1856
568 1856
569 1856
570 1856
571 1856
572 1856
573 1856
574 1856
575 1856
576 1856
577 1856
578 1856
579 1856
580 1856
581 1856
582 1856
583 1857
584 1857
585 1857
586 1858
587 1859
588 1860
589 1861
590 1862
591 1863
592 1863
593 1863
594 1863
595 1863
596 1864
597 1864
598 1865
598 1866
599 1866
600 1867
601 1868
602 1869
603 1869
604 1869
605 1869
606 1869
607 1869
608 1869
609 1869
610 1869
611 1869
612 1869
613 1869
614 1869
615 1868
616 1868
617 1867
618 1867
619 1866
620 1866
621 1866
622 1866
623 1865
624 1865
625 1865
626 1865
627 1865
628 1865
629 1865
630 1865
631 1864
632 1864
633 1864
634 1864
635 1864
636 1863
637 1863
638 1863
639 1863
640 1863
641 1862
642 1862
643 1861
644 1861
645 1860
646 1860
647 1860
648 1860
649 1860
650 1859
651 1859
652 1859
653 1859
654 1858
655 1858
656 1858
657 1858
658 1858
659 1858
660 1858
661 1858
662 1857
663 1857
664 1857
665 1856
666 1856
667 1856
668 1855
669 1855
670 1855
671 1855
672 1855
673 1855
674 1855
675 1855
676 1855
677 1855
678 1854
679 1853
680 1852
681 1852
682 1851
683 1851
684 1850
685 1850
686 1850
687 1849
688 1848
689 1847
690 1846
691 1845
691 1844
692 1843
692 1842
692 1841
692 1840
692 1839
692 1838
692 1837
692 1836
692 1835
692 1834
692 1833
692 1832
692 1831
691 1830
691 1829
691 1828
691 1827
691 1826
691 1825
690 1824
690 1823
689 1822
688 1821
687 1820
686 1820
685 1819
684 1818
683 1818
682 1817
681 1817
680 1816
679 1816
678 1815
677 1815
676 1814
675 1814
674 1814
673 1814
672 1813
671 1813
670 1812
669 1811
668 1810
667 1809
666 1808
665 1807
664 1807
663 1807
662 1807
661 1806
660 1806
659 1805
658 1804
657 1803
656 1802
655 1802
654 1801
653 1801
652 1801
651 1800
650 1800
649 1800
648 1800
647 1800
646 1800
645 1800
644 1800
643 1799
642 1799
641 1799
640 1799
639 1798
638 1797
637 1797
636 1797
635 1797
634 1797
633 1797
632 1797
631 1797
630 1797
629 1797
628 1797
627 1797
626 1797
625 1797
624 1797
623 1797
622 1797
621 1797
620 1797
619 1796
618 1796
617 1796
616 1795
615 1795
614 1795
613 1794
612 1794
611 1794
610 1794
609 1794
608 1794
607 1794
606 1794
605 1794
604 1794
603 1794
602 1794
601 1794
600 1794
599 1794
598 1794
597 1794
