496 74
495 75
494 75
493 75
492 76
491 76
490 76
489 76
488 76
487 76
486 76
485 76
484 76
483 76
482 76
481 77
480 78
479 78
478 78
477 78
476 78
475 79
474 79
473 79
472 80
471 81
470 81
469 82
468 83
467 83
466 84
465 84
464 84
463 85
462 86
461 86
460 86
459 87
458 87
457 87
456 88
455 88
454 88
453 89
452 89
451 89
450 90
449 91
448 91
447 92
446 93
445 93
444 94
443 95
442 95
441 96
440 96
439 96
438 97
437 97
436 97
435 97
434 97
433 97
432 97
431 98
430 98
429 98
428 99
427 99
426 100
425 100
424 101
423 102
422 103
421 104
420 104
419 105
418 105
417 106
416 107
415 108
414 108
413 108
412 109
411 109
410 110
409 111
408 112
407 113
406 114
405 115
404 116
403 117
403 118
402 119
401 120
400 120
399 120
398 120
397 120
396 121
395 122
395 123
395 124
394 125
394 126
394 127
394 128
394 129
395 130
396 131
397 132
398 132
399 133
400 133
401 134
402 134
403 134
404 134
405 134
406 134
407 135
408 135
409 135
410 135
411 135
412 135
413 135
414 135
415 135
416 134
417 134
418 134
419 134
420 134
421 134
422 133
423 133
424 133
425 132
426 132
427 132
428 132
429 132
430 132
431 132
432 132
433 132
434 132
435 132
436 132
437 132
438 132
439 132
440 131
441 131
442 131
443 131
444 131
445 131
446 131
447 131
448 131
449 131
450 131
451 131
452 131
453 131
454 130
455 130
456 130
457 129
458 129
459 129
460 129
461 128
462 128
463 128
464 128
465 128
466 128
467 128
468 128
469 128
470 128
471 129
472 129
473 129
474 130
475 130
476 129
477 129
478 128
479 128
480 128
481 127
482 127
483 127
484 127
485 127
486 127
487 127
488 127
489 127
490 127
491 127
492 127
493 127
494 126
495 126
496 126
497 126
498 126
499 126
500 126
501 126
502 126
503 126
504 126
505 126
506 126
507 126
508 126
509 127
510 127
511 127
512 127
513 127
514 128
515 128
516 128
517 128
518 128
519 128
520 128
521 129
522 129
523 129
524 130
525 130
526 130
527 130
528 130
529 130
530 130
531 130
532 130
533 130
534 129
535 128
536 128
537 127
538 126
539 126
540 125
541 125
542 124
543 123
544 122
545 121
546 120
547 119
548 118
549 117
550 116
551 115
552 114
552 113
552 112
551 111
550 110
549 110
548 109
547 109
546 108
545 107
544 106
544 105
543 104
543 103
543 102
543 101
543 100
542 99
541 98
540 97
539 97
538 96
537 96
536 96
535 95
534 94
533 94
532 93
531 92
530 92
529 91
528 90
527 89
527 88
526 87
526 86
526 85
526 84
526 83
526 82
525 81
525 80
524 80
523 79
522 79
521 78
520 78
519 77
518 77
517 76
516 76
515 76
514 76
513 75
512 75
511 75
510 74
509 74
508 74
507 74
506 74
505 74
504 74
503 74
502 74
501 74
500 74
499 74
498 74
497 74
496 74
