989 532
988 533
987 533
986 533
985 533
984 533
983 533
982 533
981 533
980 533
979 533
978 533
977 533
976 533
975 533
974 533
973 533
972 533
971 533
970 533
969 533
968 533
967 534
966 535
965 536
965 537
965 538
965 539
964 540
963 541
962 542
961 543
960 544
959 545
958 546
957 547
956 548
955 549
955 550
955 551
954 552
955 553
955 554
955 555
956 554
957 554
958 554
959 554
960 554
961 553
962 553
963 553
964 553
965 553
966 553
967 553
968 553
969 554
970 554
971 554
972 554
973 555
974 555
975 555
976 556
977 556
978 556
979 556
980 557
981 557
982 557
983 557
984 557
985 557
986 557
987 557
988 557
989 557
990 557
991 557
992 557
993 557
994 557
995 557
996 557
997 557
998 557
999 557
1000 557
1001 556
1002 556
1003 556
1004 556
1005 556
1006 556
1007 556
1008 556
1009 556
1010 555
1011 555
1012 554
1013 554
1014 553
1015 553
1016 552
1017 552
1018 551
1019 550
1019 549
1020 548
1020 547
1021 546
1021 545
1021 544
1021 543
1021 542
1021 541
1021 540
1020 539
1020 538
1019 537
1019 536
1018 536
1017 535
1016 535
1015 534
1014 533
1013 533
1012 532
1011 532
1010 532
1009 532
1008 532
1007 532
1006 532
1005 532
1004 532
1003 532
1002 532
1001 532
1000 532
999 532
998 532
997 532
996 532
995 532
994 532
993 532
992 532
991 532
990 532
989 532
