989 140
988 141
987 141
986 142
985 142
984 143
983 143
982 143
981 144
980 144
979 144
978 144
977 144
976 144
975 145
974 145
973 146
972 146
971 147
970 147
969 147
968 147
967 147
966 147
966 148
966 149
965 150
965 151
964 152
963 153
963 154
962 155
961 155
960 156
959 156
958 156
957 156
956 156
955 157
954 157
953 158
952 159
951 160
950 161
949 162
949 163
948 164
948 165
948 166
948 167
948 168
948 169
947 170
947 171
946 172
946 173
946 174
946 175
945 176
945 177
945 178
945 179
945 180
945 181
945 182
945 183
945 184
945 185
945 186
946 187
947 188
948 189
949 190
949 191
950 192
951 193
951 194
952 195
953 196
953 197
953 198
954 199
954 200
955 201
955 202
956 203
956 204
956 205
956 206
956 207
956 208
956 209
957 210
957 211
957 212
957 213
958 214
958 215
958 216
958 217
958 218
958 219
958 220
958 221
958 222
958 223
959 224
959 225
959 226
960 227
960 228
961 229
961 230
961 231
961 232
961 233
961 234
962 235
963 236
964 237
965 238
966 239
967 239
968 240
969 241
970 242
971 243
972 244
973 245
974 246
975 246
976 246
977 247
978 247
979 247
980 248
981 248
982 249
983 250
984 251
985 252
985 253
986 254
986 255
986 256
986 257
987 258
987 259
988 259
989 260
989 261
990 262
991 263
992 264
993 265
994 266
995 267
996 268
997 269
998 270
999 271
1000 272
1001 273
1002 274
1003 275
1004 276
1005 276
1006 277
1007 278
1008 279
1009 280
1010 280
1011 280
1012 280
1013 280
1014 280
1015 279
1016 279
1017 279
1018 279
1019 279
1020 279
1021 279
1022 279
1023 279
1024 279
1025 279
1026 279
1027 278
1028 278
1029 278
1030 278
1031 278
1032 278
1033 278
1034 278
1035 278
1036 278
1037 278
1038 278
1039 278
1040 278
1041 278
1042 278
1043 278
1044 278
1045 278
1046 277
1047 277
1048 277
1049 277
1050 277
1051 276
1052 276
1053 276
1054 275
1055 275
1056 275
1057 275
1058 275
1059 275
1060 275
1061 275
1062 275
1063 275
1064 275
1065 275
1066 275
1067 275
1068 275
1069 275
1070 275
1071 274
1072 274
1073 274
1074 274
1075 274
1076 274
1077 274
1078 274
1079 274
1080 274
1081 274
1082 274
1083 274
1084 273
1085 273
1086 273
1087 273
1088 273
1089 273
1090 273
1091 273
1092 273
1093 273
1094 273
1095 273
1096 273
1097 273
1098 273
1099 273
1100 273
1101 273
1102 273
1103 273
1104 273
1105 273
1106 273
1107 273
1108 273
1109 273
1110 273
1111 273
1112 272
1113 272
1114 272
1115 272
1116 272
1117 272
1118 272
1119 272
1120 272
1121 272
1122 272
1123 272
1124 272
1125 272
1126 272
1127 272
1128 272
1129 272
1130 272
1131 272
1132 272
1133 272
1134 272
1135 272
1136 272
1137 272
1138 272
1139 272
1140 272
1141 272
1142 272
1143 272
1144 271
1145 271
1146 271
1147 270
1148 270
1149 270
1150 270
1151 270
1152 270
1153 270
1154 270
1155 270
1156 270
1157 270
1158 270
1159 270
1160 270
1161 270
1162 270
1163 270
1164 270
1165 270
1166 270
1167 270
1168 270
1169 270
1170 270
1171 270
1172 270
1173 270
1174 271
1175 271
1176 271
1177 272
1178 272
1179 272
1180 272
1181 272
1182 272
1183 272
1184 272
1185 272
1186 272
1187 272
1188 272
1189 272
1190 272
1191 272
1192 272
1193 272
1194 272
1195 272
1196 272
1197 272
1198 272
1199 272
1200 272
1201 272
1202 273
1203 273
1204 273
1205 273
1206 273
1207 273
1208 273
1209 273
1210 273
1211 272
1212 272
1213 272
1214 271
1215 270
1216 270
1217 269
1218 269
1219 269
1220 269
1221 269
1222 269
1223 269
1224 269
1225 269
1226 269
1227 269
1228 268
1229 268
1230 267
1231 267
1232 267
1233 267
1234 268
1235 269
1236 270
1237 270
1238 270
1239 270
1240 270
1241 270
1242 270
1243 270
1244 270
1245 270
1246 270
1247 270
1248 269
1249 269
1250 269
1251 269
1252 269
1253 268
1254 267
1255 266
1256 266
1257 265
1258 265
1259 265
1260 264
1261 263
1262 262
1262 261
1262 260
1263 259
1263 258
1264 257
1264 256
1264 255
1265 254
1265 253
1265 252
1265 251
1265 250
1265 249
1265 248
1265 247
1265 246
1265 245
1264 244
1264 243
1263 242
1262 241
1261 240
1261 239
1261 238
1261 237
1261 236
1260 235
1260 234
1259 233
1259 232
1258 231
1258 230
1257 229
1257 228
1256 227
1255 226
1254 225
1253 224
1252 223
1251 222
1250 222
1249 222
1248 221
1247 221
1246 220
1245 220
1244 219
1243 219
1242 218
1241 217
1240 217
1239 216
1238 216
1237 216
1236 215
1235 215
1234 214
1233 214
1232 213
1231 212
1230 211
1229 211
1228 211
1227 211
1226 210
1225 210
1224 209
1223 209
1222 208
1221 207
1220 206
1219 206
1218 205
1217 205
1216 205
1215 204
1214 204
1213 204
1212 204
1211 204
1210 204
1209 204
1208 204
1207 203
1206 203
1205 202
1204 202
1203 201
1202 201
1201 200
1200 200
1199 200
1198 199
1197 199
1196 199
1195 199
1194 199
1193 198
1192 198
1191 198
1190 198
1189 198
1188 198
1187 198
1186 198
1185 198
1184 198
1183 198
1182 198
1181 198
1180 198
1179 198
1178 197
1177 197
1176 196
1175 195
1174 195
1173 194
1172 194
1171 194
1170 194
1169 194
1168 193
1167 193
1166 193
1165 193
1164 193
1163 193
1162 193
1161 193
1160 193
1159 193
1158 193
1157 193
1156 193
1155 193
1154 193
1153 193
1152 193
1151 193
1150 193
1149 193
1148 193
1147 193
1146 193
1145 192
1144 191
1143 191
1142 190
1141 190
1140 189
1139 189
1138 189
1137 189
1136 189
1135 188
1134 188
1133 188
1132 188
1131 188
1130 188
1129 188
1128 187
1127 187
1126 187
1125 187
1124 187
1123 186
1122 186
1121 186
1120 185
1119 185
1118 185
1117 185
1116 185
1115 185
1114 185
1113 184
1112 184
1111 184
1110 183
1109 183
1108 183
1107 183
1106 183
1105 183
1104 183
1103 182
1102 182
1101 181
1100 181
1099 181
1098 181
1097 181
1096 180
1095 180
1094 179
1093 179
1092 179
1091 178
1090 178
1089 178
1088 178
1087 178
1086 178
1085 178
1084 178
1083 178
1082 178
1081 178
1080 178
1079 178
1078 177
1077 177
1076 176
1075 176
1074 176
1073 176
1072 175
1071 175
1070 175
1069 175
1068 174
1067 174
1066 174
1065 173
1064 172
1063 171
1062 170
1061 170
1060 170
1059 170
1058 169
1057 169
1056 168
1055 167
1054 167
1053 166
1052 166
1051 166
1050 165
1049 165
1048 164
1047 164
1046 163
1045 163
1044 163
1043 163
1042 163
1041 163
1040 162
1039 162
1038 161
1037 160
1036 160
1035 159
1034 158
1033 157
1032 156
1031 156
1030 155
1029 155
1028 155
1027 155
1026 155
1025 155
1024 154
1023 154
1022 153
1021 152
1020 152
1019 151
1018 150
1017 149
1016 148
1015 148
1014 147
1013 146
1012 146
1011 145
1010 145
1009 144
1008 144
1007 143
1006 143
1005 143
1004 142
1003 142
1002 142
1001 141
1000 141
999 141
998 141
997 141
996 141
995 140
994 140
993 140
992 140
991 140
990 140
989 140
