287 49
286 50
285 50
284 50
283 50
282 50
281 50
280 50
279 50
278 50
277 50
276 50
275 50
274 50
273 50
272 50
271 50
270 50
269 50
268 50
267 50
266 50
265 50
264 50
263 50
262 50
261 51
260 51
259 51
258 51
257 51
256 51
255 51
254 51
253 51
252 51
251 51
250 51
249 51
248 51
247 51
246 51
245 51
244 51
243 51
242 51
241 51
240 52
239 52
238 52
237 52
236 52
235 52
234 53
233 53
232 53
231 53
230 53
229 54
228 54
227 54
226 54
225 55
224 55
223 56
222 56
221 57
220 58
219 58
218 59
217 60
216 60
215 61
214 62
213 62
212 63
211 64
210 65
209 65
208 66
207 67
206 68
205 68
204 69
203 70
202 71
201 71
200 72
199 72
198 73
197 74
196 75
195 75
194 76
193 77
192 78
191 79
190 80
189 80
188 81
187 82
186 83
185 84
184 85
183 86
182 87
181 88
180 88
179 89
178 90
177 91
176 92
175 93
174 94
173 95
172 96
171 97
170 98
169 99
168 100
167 101
166 102
165 103
164 104
163 105
162 106
161 107
160 108
159 109
158 110
157 111
156 111
155 112
154 113
153 114
152 115
151 116
150 116
149 115
148 115
147 116
146 116
145 116
144 116
143 117
142 117
141 117
140 117
139 117
138 118
137 118
136 118
135 119
134 119
133 119
132 120
131 120
130 121
129 121
128 122
127 123
126 123
125 124
124 125
123 126
122 127
121 128
120 129
119 130
118 131
117 131
116 131
115 131
114 131
113 131
112 131
111 131
110 131
109 131
108 131
107 131
106 131
105 131
104 131
103 131
102 131
101 131
100 131
99 131
98 131
97 132
96 132
95 132
94 132
93 133
92 133
91 134
90 134
89 135
88 136
87 137
86 137
85 138
84 139
83 140
82 141
81 142
80 143
79 144
78 145
77 146
76 147
75 148
74 149
73 150
72 151
71 152
70 153
69 154
68 155
67 156
66 157
65 158
64 159
63 160
63 161
62 162
61 162
60 162
61 163
62 164
63 165
64 166
65 167
66 168
67 169
68 170
69 171
70 172
71 173
72 174
73 175
74 176
75 177
76 178
77 179
78 180
79 181
80 182
81 183
82 184
83 185
84 186
85 187
86 188
87 189
88 190
89 191
89 192
90 193
91 194
91 195
92 196
93 197
94 198
95 199
96 200
97 201
97 202
98 203
99 204
99 205
100 206
101 207
102 208
103 209
104 210
105 211
106 212
107 213
108 214
109 215
109 216
110 217
111 218
111 219
111 220
112 221
113 222
113 223
113 224
114 225
115 226
115 227
115 228
116 229
117 230
117 231
118 232
119 233
120 234
121 235
121 236
122 237
122 238
122 239
123 240
123 241
124 242
125 243
126 243
127 244
128 245
129 245
130 246
131 247
132 248
133 249
134 250
135 251
136 251
137 252
138 252
139 252
140 253
141 253
142 253
143 254
144 254
145 254
146 254
147 254
148 254
149 254
150 254
151 254
152 254
153 254
154 254
155 254
156 254
157 254
158 254
159 254
160 254
161 254
162 255
163 255
164 255
165 256
166 256
167 256
168 256
169 256
170 256
171 256
172 257
173 257
174 257
175 258
176 258
177 258
178 258
179 258
180 258
181 258
182 258
183 258
184 259
185 259
186 259
187 260
188 260
189 260
190 260
191 260
192 260
193 260
194 261
195 261
196 261
197 262
198 263
199 263
200 263
201 264
202 264
203 264
204 264
205 264
206 264
207 264
208 264
209 264
210 264
211 264
212 264
213 264
214 265
215 265
216 265
217 266
218 266
219 266
220 266
221 266
222 266
223 266
224 266
225 266
226 266
227 266
228 267
229 267
230 267
231 268
232 268
233 268
234 268
235 268
236 268
237 268
238 268
239 268
240 268
241 268
242 269
243 269
244 269
245 270
246 270
247 270
248 270
249 270
250 270
251 270
252 271
253 271
254 271
255 272
256 272
257 272
258 272
259 272
260 272
261 272
262 272
263 272
264 273
265 273
266 273
267 274
268 274
269 274
270 274
271 274
272 275
273 275
274 275
275 276
276 276
277 276
278 277
279 277
280 277
281 278
282 278
283 278
284 278
285 278
286 278
287 278
288 278
289 278
290 278
291 278
292 278
293 278
294 279
295 279
296 279
297 280
298 281
299 281
300 281
301 282
302 282
303 282
304 283
305 283
306 283
307 284
308 284
309 284
310 284
311 284
312 285
313 285
314 285
315 286
316 286
317 286
318 286
319 286
320 286
321 286
322 287
323 287
324 287
325 288
326 288
327 288
328 289
329 289
330 289
331 290
332 290
333 290
334 290
335 290
336 290
337 290
338 290
339 290
340 290
341 290
342 290
343 290
344 290
345 290
346 290
347 290
348 290
349 290
350 290
351 290
352 290
353 290
354 290
355 290
356 290
357 290
358 290
359 290
360 290
361 290
362 290
363 290
364 290
365 290
366 290
367 290
368 290
369 290
370 290
371 290
372 290
373 290
374 290
375 290
376 290
377 290
378 290
379 290
380 289
381 289
382 289
383 288
384 288
385 288
386 288
387 288
388 288
389 288
390 288
391 288
392 288
393 288
394 288
395 288
396 288
397 288
398 288
399 288
400 288
401 288
402 288
403 288
404 288
405 288
406 288
407 288
408 288
409 288
410 288
411 288
412 288
413 288
414 288
415 288
416 288
417 288
418 288
419 288
420 288
421 288
422 288
423 288
424 288
425 288
426 288
427 288
428 288
429 288
430 288
431 288
432 288
433 288
434 288
435 288
436 288
437 288
438 288
439 288
440 288
441 288
442 287
443 287
444 287
445 286
446 286
447 286
448 286
449 286
450 286
451 286
452 286
453 286
454 286
455 286
456 286
457 286
458 286
459 286
460 286
461 286
462 286
463 286
464 286
465 286
466 286
467 286
468 286
469 286
470 286
471 286
472 286
473 286
474 286
475 286
476 286
477 286
478 286
479 286
480 286
481 286
482 286
483 286
484 286
485 286
486 286
487 286
488 286
489 286
490 286
491 286
492 286
493 286
494 286
495 286
496 286
497 286
498 285
499 285
500 285
501 284
502 284
503 284
504 284
505 284
506 284
507 284
508 284
509 284
510 283
511 283
512 283
513 282
514 282
515 282
516 282
517 282
518 281
519 281
520 281
521 280
522 280
523 280
524 280
525 280
526 280
527 280
528 280
529 280
530 279
531 279
532 279
533 278
534 278
535 278
536 278
537 278
538 278
539 278
540 278
541 278
542 277
543 277
544 276
545 275
546 274
547 273
548 273
549 272
550 271
551 271
552 271
553 270
554 270
555 270
556 270
557 270
558 270
559 270
560 270
561 270
562 269
563 269
564 269
565 268
566 267
567 267
568 267
569 266
570 266
571 266
572 266
573 266
574 265
575 265
576 265
577 264
578 264
579 264
580 263
581 263
582 263
583 262
584 262
585 262
586 262
587 262
588 261
589 261
590 261
591 260
592 259
593 259
594 258
595 257
596 257
597 256
598 256
599 256
600 255
601 255
602 255
603 254
604 254
605 254
606 254
607 254
608 254
609 254
610 253
611 253
612 253
613 252
614 252
615 252
616 252
617 252
618 252
619 252
620 251
621 251
622 251
623 250
624 249
625 249
626 249
627 248
628 248
629 248
630 248
631 248
632 248
633 248
634 248
635 248
636 248
637 248
638 249
639 249
640 249
641 250
642 250
643 250
644 250
645 250
646 251
647 251
648 252
649 253
650 253
651 254
652 255
653 255
654 255
655 256
656 257
657 257
658 257
659 258
660 258
661 258
662 258
663 258
664 258
665 258
666 258
667 258
668 258
669 258
670 258
671 258
672 258
673 258
674 258
675 258
676 258
677 258
678 258
679 258
680 258
681 258
682 257
683 257
684 257
685 256
686 256
687 256
688 256
689 256
690 255
691 255
692 255
693 254
694 254
695 254
696 254
697 254
698 253
699 253
700 253
701 252
702 252
703 252
704 252
705 252
706 251
707 251
708 251
709 250
710 249
711 249
712 249
713 248
714 248
715 248
716 247
717 247
718 247
719 246
720 246
721 246
722 246
723 246
724 246
725 246
726 245
727 245
728 245
729 244
730 244
731 244
732 243
733 243
734 243
735 242
736 241
737 241
738 241
739 240
740 240
741 240
742 240
743 240
744 240
745 240
746 240
747 240
748 240
749 240
750 240
751 240
752 240
753 240
754 240
755 240
756 239
757 239
758 239
759 238
760 238
761 237
762 237
763 237
764 237
765 236
766 235
767 235
768 235
769 234
770 233
771 232
772 231
772 230
772 229
773 228
773 227
774 226
775 225
775 224
776 223
777 222
777 221
778 220
779 219
780 218
781 217
782 216
783 215
784 214
785 213
786 212
787 211
787 210
788 209
788 208
788 207
789 206
789 205
789 204
790 203
791 202
791 201
792 200
793 199
794 198
795 197
796 197
797 196
798 195
799 194
800 193
800 192
800 191
800 190
800 189
801 188
801 187
801 186
802 185
802 184
802 183
803 182
803 181
803 180
803 179
804 178
804 177
804 176
804 175
804 174
804 173
805 172
805 171
805 170
805 169
806 168
806 167
807 166
807 165
807 164
807 163
808 162
808 161
808 160
808 159
809 158
809 157
810 156
810 155
810 154
810 153
810 152
810 151
810 150
810 149
810 148
810 147
810 146
809 145
808 144
807 143
806 143
805 142
804 141
803 141
802 140
801 140
800 140
799 139
798 139
797 139
796 138
795 138
794 138
793 138
792 137
791 137
790 137
789 136
788 136
787 136
786 135
785 135
784 135
783 134
782 134
781 133
780 133
779 132
778 132
777 131
776 131
775 130
774 130
773 130
772 129
771 129
770 129
769 128
768 128
767 128
766 128
765 128
764 128
763 128
762 128
761 127
760 127
759 127
758 127
757 127
756 127
755 127
754 127
753 127
752 127
751 127
750 127
749 127
748 127
747 127
746 126
745 126
744 126
743 126
742 126
741 126
740 126
739 126
738 126
737 125
736 125
735 125
734 125
733 125
732 125
731 125
730 124
729 124
728 124
727 124
726 124
725 124
724 124
723 123
722 123
721 123
720 123
719 123
718 122
717 122
716 122
715 122
714 121
713 121
712 121
711 121
710 121
709 121
708 121
707 121
706 121
705 121
704 120
703 120
702 120
701 120
700 120
699 120
698 120
697 120
696 120
695 120
694 119
693 119
692 119
691 119
690 119
689 119
688 119
687 118
686 118
685 118
684 118
683 118
682 118
681 117
680 117
679 117
678 117
677 117
676 117
675 117
674 116
673 116
672 116
671 116
670 116
669 116
668 116
667 115
666 115
665 115
664 115
663 115
662 114
661 114
660 114
659 114
658 114
657 114
656 114
655 114
654 113
653 113
652 113
651 113
650 113
649 113
648 112
647 112
646 112
645 112
644 111
643 111
642 110
641 110
640 110
639 109
638 109
637 108
636 108
635 108
634 108
633 107
632 107
631 107
630 106
629 106
628 106
627 105
626 105
625 105
624 104
623 104
622 103
621 103
620 103
619 102
618 102
617 102
616 101
615 101
614 101
613 101
612 101
611 100
610 100
609 100
608 99
607 99
606 99
605 98
604 98
603 98
602 97
601 97
600 96
599 96
598 96
597 96
596 95
595 95
594 95
593 95
592 95
591 95
590 94
589 94
588 94
587 94
586 93
585 93
584 93
583 92
582 92
581 92
580 92
579 91
578 91
577 91
576 90
575 90
574 90
573 90
572 89
571 89
570 89
569 88
568 88
567 88
566 87
565 86
564 86
563 85
562 85
561 86
560 86
559 85
558 85
557 85
556 84
555 84
554 84
553 83
552 83
551 83
550 82
549 82
548 82
547 82
546 81
545 81
544 81
543 81
542 81
541 80
540 80
539 80
538 79
537 79
536 79
535 78
534 78
533 78
532 77
531 77
530 77
529 76
528 76
527 75
526 75
525 75
524 75
523 74
522 74
521 74
520 74
519 73
518 73
517 73
516 73
515 73
514 73
513 73
512 72
511 72
510 72
509 72
508 71
507 71
506 71
505 71
504 70
503 70
502 70
501 70
500 70
499 70
498 70
497 69
496 69
495 69
494 69
493 69
492 69
491 69
490 69
489 69
488 69
487 69
486 69
485 68
484 68
483 68
482 68
481 68
480 67
479 67
478 67
477 67
476 67
475 66
474 66
473 66
472 65
471 65
470 65
469 65
468 65
467 64
466 64
465 64
464 64
463 63
462 63
461 63
460 62
459 62
458 62
457 62
456 62
455 62
454 61
453 61
452 61
451 61
450 61
449 61
448 61
447 61
446 61
445 61
444 61
443 61
442 61
441 61
440 61
439 61
438 61
437 61
436 61
435 61
434 60
433 60
432 60
431 60
430 60
429 60
428 59
427 59
426 59
425 58
424 58
423 58
422 57
421 57
420 56
419 56
418 55
417 55
416 54
415 54
414 54
413 54
412 54
411 54
410 54
409 54
408 54
407 54
406 53
405 53
404 53
403 53
402 53
401 53
400 53
399 53
398 53
397 53
396 53
395 53
394 53
393 53
392 53
391 53
390 53
389 53
388 53
387 53
386 53
385 53
384 53
383 53
382 53
381 53
380 53
379 53
378 52
377 52
376 52
375 52
374 52
373 52
372 51
371 51
370 51
369 51
368 51
367 51
366 51
365 51
364 51
363 51
362 51
361 51
360 51
359 51
358 51
357 51
356 51
355 51
354 51
353 51
352 51
351 51
350 51
349 51
348 51
347 51
346 51
345 51
344 51
343 51
342 51
341 51
340 51
339 51
338 51
337 51
336 51
335 51
334 51
333 52
332 52
331 52
330 52
329 52
328 52
327 52
326 52
325 53
324 53
323 53
322 53
321 53
320 53
319 53
318 53
317 53
316 53
315 53
314 53
313 53
312 53
311 53
310 53
309 53
308 53
307 53
306 53
305 53
304 53
303 53
302 53
301 53
300 53
299 53
298 52
297 52
296 52
295 52
294 52
293 51
292 51
291 51
290 50
289 50
288 49
287 49
