255 361
254 362
253 363
253 364
252 365
252 366
251 367
251 368
251 369
251 370
251 371
251 372
250 373
250 374
250 375
249 376
248 377
247 378
246 379
245 380
245 381
245 382
245 383
244 384
244 385
244 386
244 387
244 388
243 389
242 389
241 389
240 389
239 389
238 389
237 389
236 389
235 389
234 390
233 390
232 391
231 391
230 392
229 393
228 394
227 395
226 396
226 397
225 398
225 399
225 400
225 401
225 402
225 403
225 404
225 405
225 406
225 407
225 408
225 409
225 410
225 411
224 412
224 413
223 414
223 415
223 416
223 417
223 418
223 419
223 420
224 421
225 422
226 422
227 422
228 423
229 423
230 423
231 423
232 424
233 424
234 425
235 425
236 426
237 427
238 428
238 429
239 430
240 431
241 432
242 432
243 433
244 433
245 433
246 433
247 433
248 433
249 433
250 433
251 433
252 433
253 433
254 433
255 433
256 433
257 433
258 433
259 433
260 433
261 432
262 432
263 432
264 432
265 432
266 432
267 432
268 432
269 432
270 432
271 432
272 432
273 432
274 432
275 432
276 432
277 432
278 432
279 432
280 432
281 432
282 432
283 432
284 432
285 432
286 432
287 432
288 432
289 432
290 432
291 432
292 432
293 432
294 432
295 432
296 432
297 432
298 432
299 432
300 432
301 432
302 432
303 432
304 432
305 432
306 432
307 432
308 432
309 432
310 432
311 432
312 432
313 432
314 432
315 432
316 432
317 432
318 432
319 432
320 432
321 433
322 433
323 433
324 433
325 433
326 433
327 433
328 433
329 433
330 433
331 433
332 433
333 433
334 433
335 433
336 433
337 433
338 433
339 433
340 433
341 433
342 433
343 433
344 433
345 433
346 433
347 433
348 433
349 433
350 433
351 433
352 433
353 433
354 433
355 433
356 433
357 433
358 433
359 433
360 434
361 434
362 434
363 434
364 434
365 434
366 434
367 435
368 435
369 435
370 435
371 435
372 435
373 435
374 435
375 435
376 435
377 435
378 435
379 435
380 435
381 435
382 435
383 435
384 435
385 434
386 433
387 433
388 433
389 432
390 432
391 432
392 431
393 430
394 430
395 429
396 429
397 428
398 428
399 427
400 426
401 426
402 425
403 425
404 425
405 425
406 425
407 425
408 424
409 423
410 422
410 421
410 420
410 419
410 418
410 417
410 416
410 415
410 414
409 413
409 412
408 411
407 410
407 409
407 408
407 407
407 406
407 405
407 404
407 403
406 402
406 401
406 400
405 399
405 398
405 397
406 396
405 395
405 394
405 393
404 392
404 391
404 390
403 389
402 389
401 388
400 388
399 387
398 387
397 387
396 386
395 386
394 386
393 385
392 385
391 385
390 385
389 385
388 384
387 384
386 383
385 382
384 381
383 380
383 379
383 378
382 377
381 377
380 376
379 376
378 376
377 376
376 375
375 375
374 375
373 375
372 375
371 375
370 375
369 375
368 374
367 374
366 373
365 372
364 371
363 370
362 370
361 369
360 369
359 369
358 368
357 368
356 367
355 367
354 367
353 367
352 366
351 366
350 366
349 365
348 365
347 365
346 364
345 364
344 364
343 364
342 364
341 364
340 364
339 364
338 364
337 364
336 364
335 364
334 364
333 364
332 364
331 364
330 364
329 364
328 364
327 364
326 364
325 364
324 364
323 364
322 364
321 364
320 364
319 364
318 365
317 365
316 365
315 365
314 366
313 366
312 366
311 367
310 367
309 367
308 368
307 368
306 368
305 368
304 368
303 369
302 369
301 369
300 369
299 369
298 369
297 369
296 370
295 370
294 370
293 371
292 371
291 371
290 371
289 371
288 371
287 371
286 371
285 371
284 371
283 371
282 371
281 371
280 371
279 371
278 371
277 371
276 371
275 371
274 371
273 371
272 371
271 371
270 370
269 370
268 370
267 369
266 369
265 368
264 367
263 366
262 365
262 364
262 363
261 362
261 361
260 361
259 361
258 361
257 361
256 361
255 361
