782 2233
781 2234
780 2235
779 2236
778 2237
777 2237
776 2238
775 2238
774 2238
773 2238
772 2239
771 2239
770 2240
769 2241
768 2242
767 2242
766 2243
765 2243
764 2244
763 2244
762 2244
761 2245
760 2245
759 2245
758 2245
757 2245
756 2245
755 2245
754 2245
753 2244
752 2244
751 2244
750 2244
749 2245
748 2246
747 2246
746 2246
745 2247
744 2247
743 2248
742 2249
741 2249
740 2249
739 2249
738 2250
737 2250
736 2251
735 2251
734 2251
733 2252
732 2252
731 2252
730 2252
729 2252
728 2253
727 2254
726 2254
725 2255
724 2255
723 2255
722 2255
721 2255
720 2255
719 2256
718 2256
717 2256
716 2256
715 2257
714 2257
713 2257
712 2257
711 2257
710 2257
709 2257
708 2257
707 2257
706 2258
705 2258
704 2258
703 2259
702 2259
701 2259
700 2260
699 2260
698 2260
697 2261
696 2261
695 2261
694 2262
693 2262
692 2263
691 2263
690 2264
689 2265
688 2265
687 2265
686 2266
685 2267
684 2268
683 2269
682 2269
681 2270
680 2270
679 2270
678 2270
677 2270
676 2271
675 2271
674 2271
673 2271
672 2272
671 2272
670 2272
669 2273
668 2273
667 2273
666 2273
665 2273
664 2273
663 2273
662 2273
661 2273
660 2273
659 2273
658 2273
657 2273
656 2273
655 2273
654 2273
653 2273
652 2273
651 2273
650 2273
649 2273
648 2273
647 2273
646 2273
645 2273
644 2273
643 2273
642 2273
641 2273
640 2273
639 2273
638 2272
637 2272
636 2273
635 2273
634 2274
633 2274
632 2275
631 2275
630 2275
629 2276
628 2276
627 2276
626 2277
625 2277
624 2277
623 2277
622 2277
621 2277
620 2277
619 2277
618 2278
617 2278
616 2278
615 2278
614 2278
613 2278
612 2278
611 2278
610 2278
609 2278
608 2278
607 2278
606 2277
605 2277
604 2277
603 2277
602 2278
601 2279
600 2279
599 2279
598 2279
597 2279
596 2280
595 2280
595 2281
594 2282
594 2283
593 2284
593 2285
593 2286
592 2287
592 2288
592 2289
591 2290
591 2291
591 2292
590 2293
590 2294
590 2295
589 2296
589 2297
588 2298
587 2299
586 2300
585 2301
584 2302
583 2303
582 2304
581 2305
581 2306
580 2307
581 2308
581 2309
582 2309
583 2310
584 2311
585 2312
586 2313
587 2313
588 2314
589 2314
590 2314
591 2314
592 2314
593 2315
594 2315
595 2316
596 2317
597 2317
598 2317
599 2318
600 2318
601 2319
602 2319
603 2319
604 2319
605 2320
606 2320
607 2320
608 2321
609 2322
610 2322
611 2322
612 2323
613 2323
614 2323
615 2324
616 2324
617 2324
618 2324
619 2324
620 2325
621 2325
622 2326
623 2326
624 2326
625 2326
626 2326
627 2327
628 2327
629 2327
630 2328
631 2328
632 2328
633 2328
634 2328
635 2328
636 2329
637 2330
638 2330
639 2330
640 2330
641 2331
642 2331
643 2331
644 2332
645 2332
646 2333
647 2333
648 2333
649 2333
650 2334
651 2334
652 2334
653 2335
654 2335
655 2335
656 2335
657 2335
658 2335
659 2335
660 2335
661 2335
662 2335
663 2335
664 2336
665 2336
666 2336
667 2337
668 2337
669 2337
670 2337
671 2337
672 2338
673 2338
674 2338
675 2339
676 2339
677 2339
678 2339
679 2339
680 2339
681 2339
682 2339
683 2339
684 2339
685 2339
686 2339
687 2339
688 2339
689 2340
690 2340
691 2340
692 2340
693 2340
694 2341
695 2341
696 2341
697 2341
698 2342
699 2342
700 2342
701 2343
702 2343
703 2343
704 2343
705 2343
706 2343
707 2343
708 2343
709 2343
710 2344
711 2344
712 2344
713 2344
714 2344
715 2344
716 2344
717 2344
718 2344
719 2344
720 2344
721 2344
722 2345
723 2345
724 2345
725 2346
726 2346
727 2346
728 2346
729 2346
730 2347
731 2347
732 2348
733 2348
734 2348
735 2348
736 2348
737 2349
738 2349
739 2349
740 2350
741 2350
742 2350
743 2351
744 2351
745 2352
746 2352
747 2352
748 2352
749 2352
750 2353
751 2353
752 2354
753 2354
754 2355
755 2355
756 2355
757 2356
758 2356
759 2356
760 2356
761 2357
762 2357
763 2357
764 2358
765 2358
766 2359
767 2359
768 2360
769 2360
770 2361
771 2361
772 2361
773 2361
774 2362
775 2363
776 2363
777 2363
778 2363
779 2364
780 2364
781 2364
782 2365
783 2365
784 2366
785 2366
786 2366
787 2366
788 2365
789 2365
790 2364
791 2363
792 2363
793 2362
794 2361
795 2360
796 2359
797 2358
798 2357
799 2356
800 2355
801 2355
802 2354
803 2353
804 2353
805 2352
806 2351
807 2350
808 2349
809 2349
810 2348
811 2347
812 2346
813 2346
814 2345
815 2345
816 2344
817 2344
818 2344
819 2343
820 2342
821 2341
822 2340
823 2339
824 2338
824 2337
825 2336
826 2335
827 2334
828 2333
829 2332
830 2331
831 2331
832 2330
833 2330
834 2329
835 2328
836 2327
837 2326
838 2325
838 2324
839 2323
839 2322
839 2321
839 2320
839 2319
839 2318
840 2317
840 2316
841 2315
841 2314
841 2313
841 2312
841 2311
841 2310
842 2309
842 2308
842 2307
843 2306
843 2305
843 2304
843 2303
843 2302
843 2301
843 2300
843 2299
843 2298
843 2297
843 2296
844 2295
844 2294
844 2293
844 2292
844 2291
844 2290
843 2289
843 2288
843 2287
843 2286
843 2285
843 2284
843 2283
843 2282
843 2281
843 2280
843 2279
843 2278
843 2277
843 2276
843 2275
843 2274
842 2273
842 2272
842 2271
841 2270
840 2269
839 2268
838 2267
838 2266
837 2265
837 2264
836 2263
835 2262
835 2261
835 2260
835 2259
834 2258
834 2257
834 2256
834 2255
834 2254
834 2253
834 2252
833 2251
833 2250
832 2249
832 2248
831 2247
831 2246
830 2245
829 2244
828 2243
827 2242
826 2242
825 2241
824 2240
823 2239
822 2238
821 2237
820 2236
820 2235
819 2234
818 2233
817 2233
816 2233
815 2233
814 2233
813 2233
812 2233
811 2233
810 2233
809 2233
808 2233
807 2233
806 2233
805 2233
804 2233
803 2233
802 2233
801 2233
800 2233
799 2233
798 2233
797 2233
796 2233
795 2233
794 2233
793 2233
792 2233
791 2233
790 2233
789 2233
788 2233
787 2233
786 2233
785 2233
784 2233
783 2233
782 2233
