1172 1479
1171 1480
1170 1480
1169 1480
1168 1480
1167 1480
1166 1480
1165 1480
1164 1480
1163 1480
1162 1481
1161 1481
1160 1481
1159 1482
1158 1482
1157 1482
1156 1483
1155 1483
1154 1483
1153 1483
1152 1483
1151 1483
1150 1483
1149 1483
1148 1483
1147 1483
1146 1483
1145 1484
1144 1485
1143 1485
1142 1485
1141 1485
1140 1484
1139 1484
1138 1483
1137 1483
1136 1482
1135 1482
1134 1482
1133 1482
1132 1482
1131 1483
1130 1483
1129 1483
1128 1484
1127 1485
1126 1486
1126 1487
1126 1488
1125 1489
1125 1490
1125 1491
1125 1492
1124 1493
1124 1494
1124 1495
1124 1496
1125 1497
1125 1498
1126 1499
1127 1500
1128 1500
1129 1500
1130 1500
1131 1500
1132 1500
1133 1500
1134 1500
1135 1500
1136 1500
1137 1500
1138 1500
1139 1500
1140 1501
1141 1501
1142 1501
1143 1502
1144 1502
1145 1502
1146 1502
1147 1502
1148 1502
1149 1502
1150 1502
1151 1502
1152 1502
1153 1502
1154 1503
1155 1503
1156 1503
1157 1503
1158 1503
1159 1504
1160 1504
1161 1504
1162 1505
1163 1505
1164 1506
1165 1506
1166 1507
1167 1507
1168 1507
1169 1508
1170 1508
1171 1508
1172 1508
1173 1508
1174 1508
1175 1508
1176 1508
1177 1508
1178 1508
1179 1507
1180 1507
1181 1507
1182 1506
1183 1505
1184 1504
1185 1503
1186 1502
1187 1502
1188 1502
1189 1501
1190 1500
1191 1499
1191 1498
1192 1497
1193 1496
1194 1495
1194 1494
1194 1493
1194 1492
1194 1491
1194 1490
1193 1489
1193 1488
1193 1487
1193 1486
1192 1485
1191 1484
1190 1483
1189 1483
1188 1483
1187 1483
1186 1483
1185 1482
1184 1482
1183 1482
1182 1481
1181 1481
1180 1481
1179 1480
1178 1480
1177 1480
1176 1480
1175 1479
1174 1479
1173 1479
1172 1479
