252 424
251 425
250 425
249 425
248 425
247 425
246 425
245 425
244 426
243 426
242 426
241 426
240 426
239 427
238 427
237 428
236 428
235 428
234 429
233 429
232 429
231 430
230 430
229 431
228 431
227 432
226 432
225 432
224 433
223 433
222 434
221 434
220 435
219 436
218 436
217 437
216 437
215 438
214 438
213 439
212 439
211 439
210 440
209 440
208 441
207 441
206 442
205 443
204 443
203 443
202 444
201 445
200 446
200 447
199 448
199 449
199 450
199 451
199 452
199 453
199 454
199 455
200 456
200 457
201 458
202 459
203 460
204 461
205 462
205 463
206 464
207 464
208 465
209 466
210 466
211 467
212 467
213 467
214 468
215 468
216 468
217 469
218 469
219 470
220 470
221 471
222 471
223 472
224 472
225 472
226 472
227 473
228 473
229 473
230 474
231 474
232 475
233 476
234 476
235 477
236 477
237 477
238 478
239 478
240 479
241 479
242 480
243 481
244 482
245 482
246 482
247 483
248 484
249 484
250 485
251 486
252 486
253 487
254 488
255 488
256 489
257 490
258 490
259 491
260 491
261 492
262 493
263 493
264 494
265 494
266 495
267 496
268 496
269 497
270 497
271 498
272 498
273 498
274 499
275 499
276 500
277 500
278 501
279 501
280 501
281 501
282 501
283 501
284 501
285 501
286 501
287 501
288 501
289 501
290 501
291 501
292 501
293 501
294 501
295 501
296 501
297 501
298 500
299 500
300 500
301 500
302 500
303 500
304 499
305 499
306 499
307 498
308 498
309 498
310 497
311 497
312 497
313 497
314 497
315 496
316 496
317 496
318 495
319 495
320 495
321 494
322 494
323 493
324 493
325 493
326 492
327 491
328 491
329 490
330 490
331 489
332 489
333 488
334 488
335 487
336 487
337 487
338 486
339 485
340 485
341 485
342 484
343 484
344 484
345 483
346 483
347 482
348 482
349 482
350 481
351 480
352 480
353 479
354 478
355 478
356 477
357 476
358 476
359 475
360 474
361 473
362 472
362 471
363 470
364 469
365 468
365 467
366 466
366 465
366 464
366 463
366 462
366 461
366 460
366 459
366 458
366 457
366 456
366 455
365 454
365 453
365 452
364 451
364 450
364 449
363 448
362 447
361 446
360 445
359 444
358 443
357 442
356 441
355 440
354 439
353 438
352 438
351 438
350 437
349 437
348 437
347 436
346 436
345 436
344 436
343 436
342 436
341 436
340 436
339 436
338 436
337 435
336 434
335 433
334 433
333 433
332 432
331 431
330 430
329 430
328 429
327 429
326 429
325 429
324 429
323 429
322 428
321 428
320 427
319 427
318 426
317 425
316 425
315 424
314 424
313 424
312 424
311 424
310 424
309 424
308 424
307 424
306 424
305 424
304 425
303 426
302 426
301 426
300 426
299 426
298 425
297 425
296 425
295 425
294 425
293 425
292 425
291 424
290 424
289 424
288 424
287 424
286 424
285 424
284 424
283 424
282 424
281 424
280 424
279 424
278 424
277 424
276 424
275 424
274 424
273 424
272 424
271 424
270 424
269 424
268 424
267 424
266 424
265 424
264 424
263 424
262 424
261 424
260 424
259 424
258 424
257 424
256 424
255 424
254 424
253 424
252 424
