514 223
513 224
512 224
511 224
510 224
509 224
508 224
507 224
506 224
505 224
504 224
503 225
502 225
501 225
500 225
499 226
498 226
497 226
496 227
495 227
494 228
493 228
492 228
491 228
490 229
489 229
488 229
487 230
486 230
485 231
484 232
483 233
482 234
481 235
480 236
479 237
479 238
478 239
478 240
478 241
478 242
478 243
479 244
479 245
479 246
480 247
480 248
480 249
481 250
481 251
482 252
482 253
483 254
484 255
484 256
485 257
485 258
486 259
487 260
488 261
489 262
490 263
490 264
491 265
492 266
493 267
493 268
494 269
495 270
495 271
496 272
496 273
497 274
497 275
498 276
499 277
499 278
500 279
500 280
500 281
501 282
502 283
503 284
504 285
504 286
504 287
505 288
505 289
506 290
507 291
507 292
508 293
509 294
509 295
510 296
511 297
512 298
513 299
513 300
514 301
515 302
515 303
516 304
517 305
518 306
519 307
520 308
520 309
521 310
521 311
522 312
522 313
523 313
524 314
525 314
526 314
527 314
528 315
529 315
530 315
531 315
532 315
533 315
534 315
535 315
536 315
537 315
538 315
539 315
540 315
541 315
542 315
543 315
544 315
545 315
546 315
547 315
548 315
549 315
550 315
551 315
552 315
553 315
554 315
555 315
556 315
557 315
558 316
559 316
560 316
561 316
562 316
563 316
564 316
565 316
566 316
567 316
568 316
569 316
570 316
571 316
572 316
573 316
574 316
575 316
576 316
577 316
578 316
579 316
580 316
581 316
582 316
583 316
584 315
585 315
586 315
587 315
588 314
589 314
590 314
591 313
592 313
593 313
594 312
595 312
596 312
597 311
598 311
599 311
600 311
601 311
602 311
603 311
604 311
605 311
606 310
607 310
608 310
609 310
610 310
611 310
612 309
613 309
614 308
615 307
616 307
617 306
618 306
619 306
620 306
621 306
622 305
623 305
624 304
625 303
626 303
627 302
628 301
629 300
630 299
631 298
632 298
633 297
634 296
635 295
636 294
637 293
638 292
639 291
639 290
640 289
640 288
641 287
640 286
640 285
640 284
640 283
640 282
640 281
640 280
640 279
640 278
640 277
640 276
640 275
640 274
639 273
639 272
639 271
639 270
638 269
638 268
637 267
637 266
636 265
635 264
634 263
634 262
633 261
633 260
632 259
631 258
631 257
630 256
629 255
629 254
628 254
627 253
626 252
625 252
624 251
623 251
622 250
621 250
620 249
619 248
618 248
617 247
616 246
615 245
614 244
613 244
612 243
611 242
610 242
609 241
608 240
607 240
606 240
605 240
604 240
603 239
602 238
601 237
600 237
599 236
598 235
597 235
596 235
595 234
594 234
593 233
592 233
591 232
590 232
589 231
588 231
587 231
586 230
585 230
584 230
583 230
582 230
581 229
580 229
579 229
578 229
577 229
576 229
575 229
574 229
573 229
572 229
571 229
570 229
569 229
568 229
567 229
566 229
565 229
564 229
563 229
562 229
561 229
560 229
559 228
558 228
557 228
556 228
555 228
554 228
553 228
552 228
551 228
550 228
549 228
548 228
547 228
546 228
545 227
544 227
543 227
542 227
541 227
540 227
539 227
538 227
537 227
536 226
535 226
534 226
533 225
532 225
531 225
530 225
529 225
528 224
527 224
526 224
525 224
524 224
523 224
522 224
521 224
520 224
519 223
518 223
517 223
516 223
515 223
514 223
