294 346
293 347
292 347
291 347
290 347
289 347
288 347
287 348
286 348
285 348
284 349
283 349
282 350
281 350
280 350
279 351
278 351
277 352
276 353
275 353
274 354
273 354
272 355
271 355
270 356
269 357
268 357
267 358
266 359
265 360
264 360
263 361
262 362
261 362
260 363
259 363
258 364
257 364
256 364
255 364
254 365
253 365
252 366
251 366
250 367
249 367
248 368
247 369
246 370
245 370
244 371
244 372
244 373
244 374
244 375
244 376
245 377
245 378
246 379
247 379
248 380
249 380
250 380
251 381
252 381
253 382
254 382
255 382
256 382
257 381
258 381
259 381
260 381
261 381
262 381
263 381
264 381
265 381
266 381
267 381
268 381
269 381
270 381
271 381
272 381
273 381
274 381
275 381
276 381
277 380
278 380
279 380
280 380
281 381
282 381
283 381
284 381
285 381
286 381
287 381
288 381
289 381
290 380
291 380
292 380
293 380
294 380
295 380
296 380
297 380
298 380
299 380
300 380
301 380
302 380
303 380
304 380
305 380
306 380
307 380
308 380
309 380
310 379
311 379
312 379
313 379
314 379
315 379
316 379
317 379
318 379
319 379
320 378
321 378
322 378
323 377
324 377
325 376
326 375
327 375
328 375
329 375
330 375
331 375
332 375
333 376
334 376
335 376
336 376
337 376
338 376
339 376
340 375
341 375
342 375
343 376
344 376
345 376
346 376
347 376
348 376
349 376
350 376
351 375
352 375
353 374
354 373
355 373
356 373
357 373
358 374
359 374
360 375
361 375
362 375
363 375
364 374
365 374
366 374
367 373
368 372
369 371
370 370
371 369
371 368
370 367
370 366
369 365
369 364
369 363
368 362
367 362
366 361
365 361
364 360
363 359
362 358
361 358
360 357
359 356
358 356
357 355
356 355
355 355
354 355
353 355
352 355
351 354
350 354
349 354
348 354
347 353
346 353
345 353
344 352
343 352
342 352
341 351
340 351
339 350
338 350
337 350
336 350
335 350
334 350
333 349
332 349
331 349
330 348
329 348
328 348
327 348
326 348
325 347
324 347
323 347
322 347
321 347
320 347
319 347
318 347
317 347
316 347
315 347
314 347
313 347
312 347
311 347
310 346
309 346
308 346
307 346
306 346
305 346
304 346
303 346
302 346
301 346
300 346
299 347
298 347
297 346
296 346
295 346
294 346
