1205 1975
1204 1976
1203 1976
1202 1977
1201 1978
1200 1978
1199 1979
1198 1980
1197 1980
1196 1981
1195 1982
1194 1982
1193 1982
1192 1983
1191 1984
1190 1985
1189 1986
1188 1986
1188 1987
1187 1988
1186 1988
1186 1989
1185 1990
1184 1990
1184 1991
1183 1992
1182 1992
1181 1993
1180 1994
1179 1994
1178 1995
1177 1995
1176 1996
1175 1996
1174 1996
1173 1996
1172 1997
1171 1998
1170 1998
1169 1998
1168 1999
1167 1999
1166 1999
1165 1999
1164 2000
1163 2000
1162 2000
1161 2000
1160 2001
1159 2001
1158 2002
1157 2002
1156 2002
1155 2002
1154 2003
1153 2003
1152 2003
1151 2003
1150 2003
1149 2003
1148 2003
1147 2003
1146 2003
1145 2003
1144 2003
1143 2003
1142 2003
1141 2003
1140 2003
1139 2003
1138 2003
1137 2003
1136 2003
1135 2003
1134 2003
1133 2003
1132 2003
1131 2003
1130 2003
1129 2003
1128 2003
1127 2003
1126 2003
1125 2003
1124 2003
1123 2003
1122 2003
1121 2003
1120 2004
1119 2004
1118 2005
1117 2005
1116 2006
1115 2006
1114 2007
1113 2007
1112 2008
1111 2008
1110 2009
1109 2010
1108 2010
1107 2011
1106 2012
1105 2012
1104 2013
1103 2014
1102 2015
1101 2016
1100 2016
1100 2017
1099 2018
1098 2018
1098 2019
1097 2020
1096 2020
1096 2021
1095 2022
1094 2022
1094 2023
1093 2024
1092 2025
1092 2026
1091 2027
1091 2028
1091 2029
1091 2030
1091 2031
1091 2032
1091 2033
1091 2034
1091 2035
1091 2036
1091 2037
1091 2038
1090 2039
1090 2040
1090 2041
1090 2042
1089 2043
1089 2044
1089 2045
1089 2046
1089 2047
1089 2048
1089 2049
1089 2050
1089 2051
1089 2052
1089 2053
1089 2054
1090 2055
1090 2056
1090 2057
1090 2058
1091 2059
1091 2060
1091 2061
1091 2062
1092 2063
1092 2064
1093 2065
1093 2066
1094 2067
1094 2068
1095 2069
1096 2070
1096 2071
1096 2072
1097 2073
1097 2074
1097 2075
1097 2076
1097 2077
1097 2078
1097 2079
1097 2080
1098 2081
1098 2082
1098 2083
1098 2084
1099 2085
1100 2086
1100 2087
1100 2088
1101 2089
1102 2090
1103 2091
1104 2092
1104 2093
1105 2094
1106 2095
1106 2096
1107 2097
1107 2098
1108 2099
1108 2100
1108 2101
1108 2102
1109 2103
1110 2104
1111 2105
1112 2106
1112 2107
1113 2108
1114 2109
1114 2110
1115 2111
1115 2112
1115 2113
1115 2114
1116 2115
1116 2116
1116 2117
1116 2118
1117 2119
1118 2120
1118 2121
1118 2122
1119 2123
1120 2124
1120 2125
1120 2126
1121 2127
1121 2128
1122 2129
1122 2130
1123 2131
1123 2132
1124 2133
1124 2134
1125 2135
1126 2136
1126 2137
1126 2138
1127 2139
1128 2140
1128 2141
1128 2142
1129 2143
1130 2144
1130 2145
1130 2146
1131 2147
1132 2148
1132 2149
1132 2150
1133 2151
1134 2152
1135 2153
1135 2154
1136 2155
1136 2156
1137 2157
1138 2158
1138 2159
1138 2160
1139 2161
1140 2162
1140 2163
1140 2164
1141 2165
1141 2166
1142 2167
1142 2168
1142 2169
1142 2170
1143 2171
1144 2172
1144 2173
1144 2174
1145 2175
1146 2176
1146 2177
1146 2178
1147 2179
1148 2180
1148 2181
1148 2182
1149 2183
1150 2184
1150 2185
1150 2186
1151 2187
1152 2188
1152 2189
1152 2190
1153 2191
1153 2192
1152 2193
1152 2194
1151 2195
1150 2196
1149 2196
1148 2197
1147 2197
1146 2197
1145 2197
1144 2198
1143 2198
1142 2199
1141 2200
1140 2201
1140 2202
1140 2203
1140 2204
1139 2205
1139 2206
1139 2207
1139 2208
1140 2209
1140 2210
1141 2211
1141 2212
1142 2213
1142 2214
1142 2215
1142 2216
1142 2217
1141 2218
1140 2219
1140 2220
1140 2221
1140 2222
1139 2223
1139 2224
1140 2225
1140 2226
1141 2227
1142 2228
1142 2229
1143 2229
1144 2230
1144 2231
1145 2231
1146 2232
1146 2233
1147 2233
1148 2234
1149 2235
1150 2235
1151 2236
1152 2236
1153 2237
1154 2237
1155 2238
1156 2239
1157 2239
1158 2240
1158 2241
1159 2241
1160 2242
1161 2243
1162 2244
1163 2245
1164 2245
1165 2245
1166 2245
1167 2246
1168 2246
1169 2246
1170 2246
1171 2247
1172 2247
1173 2247
1174 2248
1175 2249
1176 2249
1177 2249
1178 2249
1179 2250
1180 2250
1181 2250
1182 2250
1183 2250
1184 2250
1185 2251
1186 2251
1187 2251
1188 2252
1189 2253
1190 2253
1191 2254
1192 2255
1193 2255
1194 2256
1195 2257
1196 2257
1197 2258
1198 2258
1199 2258
1200 2258
1201 2258
1202 2258
1203 2258
1204 2258
1205 2259
1206 2259
1207 2260
1208 2261
1209 2261
1210 2262
1211 2263
1212 2264
1213 2265
1214 2265
1215 2265
1216 2266
1217 2267
1218 2267
1219 2267
1220 2268
1221 2269
1222 2269
1223 2270
1224 2270
1225 2271
1226 2272
1227 2273
1228 2273
1229 2273
1230 2274
1231 2275
1232 2275
1233 2276
1234 2276
1235 2277
1236 2277
1237 2278
1238 2278
1239 2279
1240 2279
1241 2279
1242 2279
1243 2280
1244 2280
1245 2280
1246 2280
1247 2280
1248 2280
1249 2280
1250 2280
1251 2280
1252 2280
1253 2280
1254 2280
1255 2280
1256 2280
1257 2280
1258 2280
1259 2280
1260 2280
1261 2280
1262 2280
1263 2279
1264 2279
1265 2278
1266 2278
1267 2277
1268 2277
1269 2276
1270 2276
1271 2276
1272 2276
1273 2275
1274 2275
1275 2274
1276 2274
1277 2273
1278 2273
1279 2272
1280 2272
1281 2271
1282 2271
1283 2270
1284 2270
1285 2269
1286 2269
1287 2268
1288 2268
1289 2268
1290 2268
1291 2268
1292 2268
1293 2268
1294 2268
1295 2269
1296 2269
1297 2269
1298 2269
1299 2270
1300 2270
1301 2271
1302 2271
1303 2271
1304 2272
1305 2273
1306 2273
1307 2274
1308 2275
1309 2275
1310 2276
1310 2277
1311 2277
1312 2278
1312 2279
1313 2279
1314 2280
1314 2281
1315 2281
1316 2282
1317 2283
1318 2284
1319 2285
1320 2285
1321 2286
1322 2287
1322 2288
1323 2289
1323 2290
1323 2291
1323 2292
1324 2292
1325 2292
1326 2292
1327 2292
1328 2292
1329 2292
1330 2292
1331 2292
1332 2292
1333 2292
1334 2292
1335 2292
1336 2292
1337 2292
1338 2292
1339 2292
1340 2292
1341 2292
1342 2292
1343 2292
1344 2292
1345 2292
1346 2292
1347 2292
1348 2292
1349 2292
1350 2292
1351 2293
1352 2293
1353 2293
1354 2293
1355 2294
1356 2294
1357 2294
1358 2294
1359 2294
1360 2294
1361 2294
1362 2294
1363 2294
1364 2294
1365 2294
1366 2294
1367 2294
1368 2294
1369 2295
1370 2295
1371 2295
1372 2295
1373 2296
1374 2296
1375 2296
1376 2296
1377 2296
1378 2296
1379 2296
1380 2296
1381 2296
1382 2296
1383 2296
1384 2296
1385 2296
1386 2296
1387 2296
1388 2296
1389 2296
1390 2296
1391 2295
1392 2295
1393 2295
1394 2295
1395 2294
1396 2294
1397 2294
1398 2294
1399 2293
1400 2293
1401 2293
1402 2293
1403 2292
1404 2292
1405 2292
1406 2292
1407 2292
1408 2292
1409 2292
1410 2292
1411 2292
1412 2292
1413 2292
1414 2292
1415 2292
1416 2292
1417 2291
1418 2291
1419 2291
1420 2291
1421 2290
1422 2290
1423 2289
1424 2289
1425 2289
1426 2289
1427 2288
1428 2287
1429 2287
1430 2287
1431 2286
1432 2286
1433 2286
1434 2286
1435 2286
1436 2286
1437 2287
1438 2287
1439 2287
1440 2287
1441 2288
1442 2288
1443 2289
1444 2289
1445 2289
1446 2289
1447 2290
1448 2290
1449 2290
1450 2290
1451 2290
1452 2290
1453 2290
1454 2290
1455 2290
1456 2290
1457 2290
1458 2290
1459 2290
1460 2290
1461 2289
1462 2289
1463 2289
1464 2289
1465 2288
1466 2288
1467 2287
1468 2287
1469 2287
1470 2287
1471 2286
1472 2286
1473 2286
1474 2286
1475 2285
1476 2285
1477 2285
1478 2285
1479 2284
1480 2284
1481 2284
1482 2284
1483 2284
1484 2284
1485 2284
1486 2284
1487 2284
1488 2284
1489 2284
1490 2284
1491 2284
1492 2284
1493 2284
1494 2284
1495 2284
1496 2284
1497 2284
1498 2284
1499 2285
1500 2285
1501 2285
1502 2286
1503 2287
1504 2287
1505 2287
1506 2287
1507 2288
1508 2288
1509 2288
1510 2288
1511 2288
1512 2288
1513 2288
1514 2288
1515 2289
1516 2289
1517 2289
1518 2289
1519 2290
1520 2290
1521 2290
1522 2290
1523 2291
1524 2291
1525 2291
1526 2291
1527 2292
1528 2292
1529 2291
1530 2291
1531 2291
1532 2291
1533 2290
1534 2289
1535 2289
1536 2289
1537 2288
1538 2288
1539 2287
1540 2287
1541 2286
1542 2286
1543 2285
1544 2285
1545 2284
1546 2283
1547 2283
1548 2283
1549 2282
1550 2281
1551 2281
1552 2281
1553 2280
1554 2280
1555 2279
1556 2279
1557 2279
1558 2279
1559 2278
1560 2278
1561 2277
1562 2277
1563 2277
1564 2277
1565 2276
1566 2275
1567 2275
1568 2275
1569 2274
1570 2274
1571 2273
1572 2273
1573 2273
1574 2273
1575 2272
1576 2272
1577 2271
1578 2271
1579 2271
1580 2271
1581 2270
1582 2270
1583 2270
1584 2270
1585 2270
1586 2270
1587 2270
1588 2270
1589 2269
1590 2269
1591 2268
1592 2268
1593 2267
1594 2267
1595 2266
1596 2266
1597 2266
1598 2266
1599 2266
1600 2266
1601 2265
1602 2265
1603 2264
1604 2264
1605 2263
1606 2263
1607 2262
1608 2261
1609 2261
1610 2261
1611 2260
1612 2260
1613 2259
1614 2259
1615 2259
1616 2259
1617 2258
1618 2257
1619 2257
1620 2257
1621 2256
1622 2256
1623 2256
1624 2256
1625 2255
1626 2255
1627 2255
1628 2255
1629 2254
1630 2254
1631 2253
1632 2253
1633 2252
1634 2252
1635 2251
1636 2251
1637 2250
1638 2250
1639 2249
1640 2249
1641 2249
1642 2249
1643 2248
1644 2248
1645 2248
1646 2248
1647 2248
1648 2248
1649 2248
1650 2248
1651 2247
1652 2247
1653 2246
1654 2245
1655 2245
1655 2244
1656 2243
1657 2243
1658 2242
1659 2241
1660 2241
1661 2240
1662 2239
1663 2239
1664 2239
1665 2238
1666 2238
1667 2238
1668 2238
1669 2238
1670 2238
1671 2238
1672 2238
1673 2237
1674 2237
1675 2236
1676 2236
1677 2235
1678 2235
1679 2234
1680 2234
1681 2234
1682 2234
1683 2234
1684 2234
1685 2234
1686 2234
1687 2234
1688 2234
1689 2233
1690 2233
1691 2232
1692 2232
1693 2231
1694 2231
1695 2230
1696 2229
1697 2228
1698 2228
1699 2227
1700 2227
1701 2226
1702 2225
1703 2224
1704 2224
1705 2223
1706 2223
1707 2222
1708 2221
1709 2221
1710 2221
1711 2220
1712 2219
1713 2218
1714 2217
1715 2217
1715 2216
1716 2215
1717 2215
1717 2214
1718 2213
1719 2213
1720 2212
1721 2211
1722 2211
1723 2210
1724 2209
1725 2208
1726 2207
1727 2207
1727 2206
1728 2205
1729 2205
1729 2204
1730 2203
1731 2203
1732 2202
1733 2201
1734 2201
1735 2200
1736 2199
1737 2199
1738 2199
1739 2198
1740 2197
1741 2196
1742 2195
1743 2195
1743 2194
1744 2193
1745 2193
1745 2192
1746 2191
1747 2191
1747 2190
1748 2189
1749 2189
1749 2188
1750 2187
1751 2187
1751 2186
1752 2185
1753 2185
1753 2184
1754 2183
1755 2183
1755 2182
1756 2181
1757 2181
1757 2180
1758 2179
1759 2179
1759 2178
1760 2177
1761 2177
1761 2176
1762 2175
1763 2175
1763 2174
1764 2173
1765 2172
1766 2171
1767 2170
1767 2169
1767 2168
1768 2167
1769 2166
1769 2165
1769 2164
1769 2163
1770 2162
1770 2161
1770 2160
1770 2159
1771 2158
1771 2157
1771 2156
1772 2155
1773 2154
1773 2153
1773 2152
1774 2151
1775 2150
1775 2149
1775 2148
1775 2147
1776 2146
1776 2145
1776 2144
1776 2143
1776 2142
1776 2141
1776 2140
1776 2139
1776 2138
1776 2137
1776 2136
1776 2135
1776 2134
1776 2133
1776 2132
1776 2131
1776 2130
1776 2129
1776 2128
1776 2127
1776 2126
1776 2125
1776 2124
1776 2123
1776 2122
1776 2121
1776 2120
1776 2119
1776 2118
1776 2117
1776 2116
1776 2115
1776 2114
1776 2113
1775 2112
1775 2111
1775 2110
1775 2109
1774 2108
1774 2107
1774 2106
1774 2105
1774 2104
1774 2103
1773 2102
1773 2101
1772 2100
1772 2099
1771 2098
1771 2097
1770 2096
1770 2095
1770 2094
1770 2093
1769 2092
1769 2091
1769 2090
1769 2089
1768 2088
1767 2087
1767 2086
1767 2085
1766 2084
1766 2083
1765 2082
1765 2081
1764 2080
1763 2079
1763 2078
1762 2078
1761 2077
1761 2076
1760 2076
1759 2075
1758 2074
1757 2073
1756 2072
1755 2072
1754 2071
1753 2071
1752 2070
1751 2069
1750 2068
1749 2068
1748 2068
1747 2067
1746 2066
1745 2066
1744 2066
1743 2066
1742 2065
1741 2065
1740 2065
1739 2065
1738 2064
1737 2064
1736 2064
1735 2063
1734 2062
1733 2062
1732 2062
1731 2061
1730 2060
1729 2060
1728 2059
1727 2058
1726 2058
1725 2057
1724 2056
1723 2056
1722 2055
1721 2055
1720 2054
1719 2054
1718 2053
1717 2052
1716 2052
1715 2051
1715 2050
1714 2050
1713 2049
1712 2048
1711 2048
1710 2047
1709 2047
1708 2047
1707 2047
1706 2047
1705 2047
1704 2047
1703 2047
1702 2047
1701 2047
1700 2047
1699 2047
1698 2047
1697 2047
1696 2047
1695 2047
1694 2047
1693 2047
1692 2047
1691 2047
1690 2047
1689 2047
1688 2048
1687 2048
1686 2048
1685 2048
1684 2049
1683 2049
1682 2049
1681 2049
1680 2049
1679 2049
1678 2049
1677 2049
1676 2049
1675 2049
1674 2049
1673 2049
1672 2050
1671 2050
1670 2050
1669 2050
1668 2051
1667 2051
1666 2051
1665 2051
1664 2051
1663 2051
1662 2052
1661 2052
1660 2052
1659 2052
1658 2053
1657 2053
1656 2052
1655 2052
1654 2052
1653 2051
1652 2050
1651 2050
1650 2050
1649 2049
1648 2048
1647 2048
1646 2048
1645 2047
1644 2046
1643 2046
1642 2045
1641 2045
1640 2044
1639 2043
1638 2042
1637 2042
1636 2041
1635 2040
1634 2040
1633 2039
1633 2038
1632 2038
1631 2037
1631 2036
1630 2036
1629 2035
1629 2034
1628 2034
1627 2033
1627 2032
1626 2032
1625 2031
1625 2030
1624 2030
1623 2029
1623 2028
1622 2028
1621 2027
1621 2026
1620 2025
1619 2024
1619 2023
1618 2022
1617 2021
1616 2020
1615 2019
1615 2018
1614 2018
1613 2017
1612 2016
1611 2016
1610 2015
1609 2015
1608 2014
1607 2014
1606 2013
1605 2013
1604 2012
1603 2012
1602 2011
1601 2011
1600 2011
1599 2011
1598 2011
1597 2011
1596 2010
1595 2010
1594 2010
1593 2010
1592 2009
1591 2009
1590 2009
1589 2009
1588 2009
1587 2009
1586 2008
1585 2008
1584 2008
1583 2008
1582 2008
1581 2008
1580 2008
1579 2008
1578 2009
1577 2009
1576 2009
1575 2009
1574 2008
1573 2008
1572 2008
1571 2007
1570 2006
1569 2006
1568 2006
1567 2006
1566 2005
1565 2005
1564 2005
1563 2005
1562 2004
1561 2004
1560 2004
1559 2004
1558 2003
1557 2003
1556 2002
1555 2002
1554 2002
1553 2002
1552 2001
1551 2001
1550 2001
1549 2001
1548 2001
1547 2001
1546 2001
1545 2001
1544 2001
1543 2001
1542 2001
1541 2001
1540 2001
1539 2001
1538 2001
1537 2001
1536 2000
1535 2000
1534 2000
1533 2000
1532 1999
1531 1999
1530 1999
1529 1999
1528 1999
1527 1999
1526 1999
1525 1999
1524 1999
1523 1999
1522 1999
1521 1999
1520 1999
1519 1999
1518 1999
1517 1999
1516 1999
1515 1999
1514 1999
1513 1999
1512 1999
1511 1999
1510 1999
1509 1999
1508 1999
1507 1999
1506 1999
1505 1999
1504 2000
1503 2000
1502 2001
1501 2001
1500 2002
1499 2002
1498 2003
1497 2003
1496 2004
1495 2004
1494 2004
1493 2004
1492 2005
1491 2005
1490 2005
1489 2005
1488 2005
1487 2005
1486 2005
1485 2005
1484 2005
1483 2005
1482 2005
1481 2005
1480 2005
1479 2005
1478 2005
1477 2005
1476 2005
1475 2005
1474 2005
1473 2005
1472 2005
1471 2005
1470 2005
1469 2005
1468 2005
1467 2005
1466 2005
1465 2005
1464 2005
1463 2005
1462 2005
1461 2005
1460 2006
1459 2006
1458 2006
1457 2006
1456 2007
1455 2007
1454 2007
1453 2007
1452 2007
1451 2007
1450 2007
1449 2007
1448 2007
1447 2007
1446 2007
1445 2007
1444 2007
1443 2007
1442 2007
1441 2007
1440 2007
1439 2007
1438 2007
1437 2007
1436 2007
1435 2007
1434 2007
1433 2007
1432 2007
1431 2007
1430 2006
1429 2006
1428 2006
1427 2005
1426 2004
1425 2004
1424 2004
1423 2003
1422 2002
1421 2002
1420 2001
1419 2000
1418 2000
1417 1999
1416 1998
1415 1998
1414 1997
1413 1997
1412 1997
1411 1997
1410 1997
1409 1997
1408 1997
1407 1997
1406 1997
1405 1997
1404 1997
1403 1997
1402 1997
1401 1997
1400 1997
1399 1997
1398 1997
1397 1997
1396 1997
1395 1997
1394 1996
1393 1996
1392 1996
1391 1996
1390 1995
1389 1995
1388 1994
1387 1994
1386 1994
1385 1994
1384 1993
1383 1993
1382 1993
1381 1993
1380 1993
1379 1993
1378 1993
1377 1993
1376 1993
1375 1993
1374 1993
1373 1993
1372 1993
1371 1993
1370 1993
1369 1993
1368 1993
1367 1993
1366 1992
1365 1992
1364 1992
1363 1992
1362 1991
1361 1991
1360 1991
1359 1991
1358 1991
1357 1991
1356 1991
1355 1991
1354 1991
1353 1991
1352 1992
1351 1992
1350 1993
1349 1993
1348 1994
1347 1994
1346 1995
1345 1995
1344 1995
1343 1995
1342 1995
1341 1995
1340 1995
1339 1995
1338 1995
1337 1995
1336 1995
1335 1995
1334 1995
1333 1995
1332 1994
1331 1994
1330 1994
1329 1994
1328 1993
1327 1993
1326 1993
1325 1993
1324 1993
1323 1993
1322 1993
1321 1993
1320 1993
1319 1993
1318 1992
1317 1992
1316 1992
1315 1991
1314 1990
1313 1990
1312 1990
1311 1990
1310 1989
1309 1989
1308 1989
1307 1989
1306 1989
1305 1989
1304 1989
1303 1989
1302 1989
1301 1989
1300 1989
1299 1989
1298 1989
1297 1989
1296 1989
1295 1989
1294 1989
1293 1989
1292 1988
1291 1988
1290 1988
1289 1988
1288 1987
1287 1987
1286 1987
1285 1987
1284 1987
1283 1987
1282 1987
1281 1987
1280 1986
1279 1986
1278 1985
1277 1984
1276 1984
1275 1983
1274 1982
1273 1982
1272 1981
1271 1981
1270 1981
1269 1981
1268 1981
1267 1981
1266 1981
1265 1981
1264 1981
1263 1981
1262 1980
1261 1980
1260 1979
1259 1979
1258 1978
1257 1978
1256 1977
1255 1977
1254 1977
1253 1977
1252 1977
1251 1977
1250 1976
1249 1976
1248 1976
1247 1976
1246 1975
1245 1975
1244 1975
1243 1975
1242 1975
1241 1975
1240 1975
1239 1975
1238 1975
1237 1975
1236 1975
1235 1975
1234 1975
1233 1975
1232 1975
1231 1975
1230 1975
1229 1975
1228 1975
1227 1975
1226 1975
1225 1975
1224 1975
1223 1975
1222 1975
1221 1975
1220 1975
1219 1975
1218 1975
1217 1975
1216 1975
1215 1975
1214 1975
1213 1975
1212 1975
1211 1975
1210 1975
1209 1975
1208 1975
1207 1975
1206 1975
1205 1975
