1642 304
1641 305
1640 305
1639 305
1638 305
1637 305
1636 305
1635 305
1634 305
1633 305
1632 306
1631 306
1630 306
1629 306
1628 306
1627 306
1626 306
1625 306
1624 306
1623 306
1622 306
1621 306
1620 306
1619 306
1618 306
1617 306
1616 306
1615 306
1614 306
1613 307
1612 307
1611 307
1610 308
1609 308
1608 308
1607 308
1606 309
1605 309
1604 309
1603 310
1602 310
1601 310
1600 310
1599 310
1598 310
1597 310
1596 310
1595 310
1594 310
1593 310
1592 310
1591 311
1590 311
1589 311
1588 311
1587 311
1586 311
1585 312
1584 312
1583 313
1582 313
1581 313
1580 313
1579 313
1578 313
1577 313
1576 313
1575 314
1574 314
1573 314
1572 315
1571 315
1570 315
1569 316
1568 316
1567 317
1566 318
1565 318
1564 319
1563 319
1562 320
1561 320
1560 321
1559 322
1558 323
1558 324
1557 325
1556 326
1555 327
1554 328
1553 328
1552 328
1551 329
1550 329
1549 330
1548 331
1547 332
1546 333
1545 333
1544 334
1543 335
1542 335
1541 335
1540 336
1539 337
1538 338
1537 339
1536 340
1535 341
1534 342
1533 343
1533 344
1532 345
1531 345
1530 346
1529 346
1528 347
1527 348
1526 349
1525 350
1524 351
1523 352
1522 353
1521 353
1520 354
1519 355
1518 355
1518 356
1518 357
1517 358
1518 359
1518 360
1519 361
1520 362
1521 363
1521 364
1521 365
1521 366
1521 367
1521 368
1522 369
1522 370
1523 370
1524 371
1525 371
1526 371
1527 372
1528 373
1529 374
1530 374
1531 375
1532 376
1533 376
1534 376
1535 376
1536 377
1537 378
1538 378
1539 379
1540 379
1541 379
1542 380
1543 380
1544 380
1545 381
1546 382
1547 383
1548 384
1549 385
1550 386
1551 386
1552 387
1553 387
1554 387
1555 387
1556 387
1557 387
1558 388
1559 388
1560 388
1561 388
1562 388
1563 388
1564 388
1565 388
1566 388
1567 388
1568 387
1569 387
1570 387
1571 387
1572 387
1573 387
1574 387
1575 387
1576 386
1577 386
1578 386
1579 386
1580 386
1581 386
1582 386
1583 386
1584 386
1585 386
1586 386
1587 386
1588 386
1589 386
1590 386
1591 386
1592 386
1593 386
1594 386
1595 386
1596 386
1597 386
1598 386
1599 386
1600 386
1601 386
1602 386
1603 386
1604 387
1605 387
1606 387
1607 387
1608 387
1609 387
1610 388
1611 388
1612 389
1613 389
1614 390
1615 390
1616 390
1617 391
1618 392
1619 392
1620 393
1621 393
1622 394
1623 394
1624 395
1625 396
1626 396
1627 396
1628 397
1629 397
1630 398
1631 398
1632 399
1633 399
1634 400
1635 400
1636 401
1637 402
1638 403
1639 403
1640 404
1641 404
1642 405
1643 405
1644 405
1645 406
1646 405
1647 405
1648 406
1649 406
1650 406
1651 407
1652 407
1653 408
1654 408
1655 409
1656 409
1657 409
1658 410
1659 410
1660 410
1661 410
1662 410
1663 410
1664 410
1665 410
1666 410
1667 410
1668 410
1669 410
1670 409
1671 409
1672 409
1673 408
1674 407
1675 407
1676 406
1677 406
1678 405
1679 405
1680 405
1681 405
1682 405
1683 405
1684 405
1685 404
1686 404
1687 403
1688 402
1689 402
1690 401
1691 401
1692 401
1693 400
1694 400
1695 400
1696 399
1697 399
1698 398
1699 397
1700 397
1701 396
1702 396
1703 395
1704 395
1705 394
1706 393
1707 393
1708 392
1709 391
1710 391
1711 390
1712 390
1713 389
1714 388
1715 387
1716 386
1717 385
1717 384
1717 383
1717 382
1718 381
1718 380
1719 379
1720 378
1721 377
1722 376
1722 375
1723 374
1723 373
1724 372
1724 371
1724 370
1724 369
1724 368
1725 367
1725 366
1725 365
1725 364
1725 363
1726 362
1726 361
1727 360
1727 359
1727 358
1727 357
1727 356
1727 355
1727 354
1727 353
1727 352
1727 351
1727 350
1727 349
1727 348
1726 347
1725 346
1725 345
1724 344
1724 343
1723 342
1722 341
1722 340
1721 340
1720 339
1719 338
1718 337
1718 336
1717 335
1716 334
1716 333
1715 332
1715 331
1714 330
1714 329
1714 328
1714 327
1714 326
1714 325
1714 324
1714 323
1714 322
1714 321
1714 320
1713 319
1713 318
1712 317
1711 316
1710 315
1709 314
1708 313
1707 312
1706 311
1705 310
1704 309
1704 308
1703 307
1702 306
1701 306
1700 306
1699 306
1698 306
1697 306
1696 306
1695 306
1694 306
1693 306
1692 306
1691 305
1690 305
1689 305
1688 304
1687 304
1686 304
1685 304
1684 304
1683 304
1682 304
1681 304
1680 304
1679 304
1678 304
1677 304
1676 304
1675 304
1674 304
1673 304
1672 304
1671 304
1670 304
1669 304
1668 305
1667 305
1666 305
1665 305
1664 305
1663 305
1662 305
1661 305
1660 305
1659 305
1658 305
1657 305
1656 305
1655 305
1654 305
1653 304
1652 304
1651 304
1650 304
1649 304
1648 304
1647 304
1646 304
1645 304
1644 304
1643 304
1642 304
