965 1292
964 1293
963 1293
962 1293
961 1293
960 1293
959 1294
958 1294
957 1294
956 1294
955 1294
954 1294
953 1294
952 1294
951 1294
950 1295
949 1295
948 1295
947 1296
946 1296
945 1296
944 1296
943 1297
942 1297
941 1297
940 1297
939 1297
938 1297
937 1298
936 1298
935 1298
934 1298
933 1299
932 1299
931 1299
930 1299
929 1300
928 1300
927 1301
926 1301
925 1302
924 1302
923 1302
922 1302
921 1302
920 1302
919 1302
918 1302
917 1302
916 1302
915 1302
914 1302
913 1303
912 1303
911 1303
910 1303
909 1303
908 1303
907 1304
906 1304
905 1304
904 1304
903 1305
902 1305
901 1305
900 1305
899 1305
898 1305
897 1305
896 1305
895 1306
894 1306
893 1306
892 1307
891 1307
890 1307
889 1307
888 1307
887 1307
886 1307
885 1307
884 1307
883 1307
882 1307
881 1307
880 1307
879 1307
878 1307
877 1307
876 1307
875 1306
874 1305
873 1305
872 1304
871 1304
870 1304
869 1303
868 1302
867 1301
866 1300
865 1300
864 1299
863 1299
862 1299
861 1299
860 1299
859 1298
858 1297
857 1297
856 1297
855 1297
854 1297
853 1297
852 1297
851 1298
850 1299
849 1299
848 1299
847 1300
846 1300
845 1300
844 1301
843 1301
842 1302
841 1302
840 1303
839 1303
838 1304
837 1305
836 1305
835 1305
834 1306
833 1307
832 1307
831 1308
830 1308
829 1309
828 1309
827 1310
826 1310
825 1311
824 1312
823 1312
822 1312
821 1313
820 1314
819 1314
818 1315
817 1315
816 1316
815 1316
814 1317
813 1317
812 1318
811 1319
810 1320
809 1321
808 1321
807 1322
806 1323
805 1324
804 1325
803 1326
802 1327
801 1328
800 1329
799 1330
799 1331
798 1332
798 1333
798 1334
797 1335
797 1336
797 1337
798 1338
798 1339
798 1340
798 1341
798 1342
799 1343
800 1344
800 1345
801 1346
802 1347
802 1348
802 1349
802 1350
803 1351
803 1352
803 1353
803 1354
804 1355
804 1356
805 1357
806 1358
807 1359
808 1360
809 1361
810 1362
811 1363
812 1364
813 1365
814 1365
815 1365
816 1365
817 1365
818 1365
819 1366
820 1366
821 1366
822 1366
823 1366
824 1366
825 1366
826 1366
827 1367
828 1367
829 1367
830 1367
831 1368
832 1368
833 1368
834 1368
835 1369
836 1369
837 1369
838 1369
839 1369
840 1369
841 1370
842 1370
843 1370
844 1370
845 1370
846 1370
847 1370
848 1370
849 1370
850 1370
851 1370
852 1370
853 1370
854 1370
855 1370
856 1370
857 1370
858 1370
859 1370
860 1370
861 1370
862 1370
863 1370
864 1371
865 1371
866 1371
867 1371
868 1371
869 1371
870 1371
871 1371
872 1371
873 1371
874 1371
875 1371
876 1371
877 1371
878 1371
879 1371
880 1371
881 1371
882 1371
883 1371
884 1371
885 1371
886 1371
887 1371
888 1371
889 1371
890 1371
891 1371
892 1371
893 1371
894 1371
895 1371
896 1372
897 1372
898 1372
899 1373
900 1373
901 1373
902 1373
903 1373
904 1373
905 1374
906 1374
907 1374
908 1374
909 1374
910 1374
911 1374
912 1375
913 1375
914 1375
915 1375
916 1376
917 1376
918 1376
919 1377
920 1377
921 1377
922 1378
923 1378
924 1378
925 1378
926 1378
927 1378
928 1378
929 1378
930 1378
931 1379
932 1379
933 1379
934 1379
935 1379
936 1379
937 1380
938 1380
939 1380
940 1380
941 1380
942 1380
943 1380
944 1380
945 1380
946 1380
947 1380
948 1380
949 1380
950 1380
951 1380
952 1380
953 1380
954 1380
955 1380
956 1380
957 1380
958 1380
959 1380
960 1379
961 1379
962 1379
963 1379
964 1378
965 1378
966 1377
967 1376
968 1376
969 1375
970 1375
971 1374
972 1373
973 1373
974 1373
975 1372
976 1371
977 1370
978 1369
979 1368
980 1367
981 1366
982 1366
983 1365
984 1364
984 1363
985 1362
985 1361
985 1360
986 1359
986 1358
987 1357
987 1356
988 1355
988 1354
989 1353
989 1352
990 1351
990 1350
989 1349
989 1348
989 1347
988 1346
987 1345
987 1344
987 1343
986 1342
985 1341
984 1340
984 1339
983 1338
983 1337
984 1336
984 1335
985 1334
986 1333
987 1332
988 1331
989 1330
990 1329
991 1328
992 1327
993 1326
994 1325
995 1324
996 1323
997 1322
997 1321
998 1320
998 1319
998 1318
998 1317
998 1316
998 1315
998 1314
998 1313
998 1312
998 1311
998 1310
998 1309
997 1308
997 1307
996 1306
995 1305
994 1304
993 1303
992 1302
991 1301
990 1300
990 1299
989 1298
988 1297
987 1296
986 1295
985 1294
984 1293
983 1292
982 1292
981 1292
980 1292
979 1292
978 1292
977 1292
976 1292
975 1292
974 1292
973 1292
972 1292
971 1292
970 1292
969 1292
968 1292
967 1292
966 1292
965 1292
