374 2233
373 2234
372 2234
371 2234
370 2234
369 2235
368 2235
367 2235
366 2235
365 2236
364 2236
363 2236
362 2237
361 2237
360 2238
359 2238
358 2238
357 2238
356 2238
355 2238
354 2238
353 2238
352 2238
351 2238
350 2238
349 2238
348 2238
347 2237
346 2237
345 2237
344 2237
343 2237
342 2237
341 2237
340 2237
339 2237
338 2237
337 2237
336 2237
335 2237
334 2237
333 2237
332 2237
331 2237
330 2238
329 2238
328 2238
327 2238
326 2238
325 2239
324 2239
323 2239
322 2239
321 2238
320 2238
319 2238
318 2238
317 2239
316 2239
315 2239
314 2239
313 2239
312 2239
311 2239
310 2239
309 2239
308 2239
307 2239
306 2239
305 2239
304 2239
303 2238
302 2238
301 2238
300 2237
299 2237
298 2237
297 2237
296 2237
295 2238
294 2239
293 2240
292 2240
291 2240
290 2240
289 2240
288 2240
287 2241
286 2241
285 2241
284 2242
283 2243
282 2243
281 2244
280 2245
279 2245
278 2246
277 2246
276 2246
275 2247
274 2247
273 2247
272 2248
271 2248
270 2248
269 2249
268 2249
267 2250
266 2251
266 2252
266 2253
265 2254
264 2255
263 2256
262 2257
261 2258
260 2258
260 2259
259 2260
259 2261
259 2262
259 2263
259 2264
259 2265
260 2266
260 2267
260 2268
261 2269
262 2270
263 2270
264 2271
265 2271
266 2272
267 2272
268 2272
269 2272
270 2273
271 2274
272 2274
273 2275
274 2275
275 2275
276 2275
277 2275
278 2276
279 2276
280 2277
281 2277
282 2278
283 2279
284 2279
285 2279
286 2279
287 2279
288 2280
289 2280
290 2280
291 2281
292 2281
293 2281
294 2282
295 2282
296 2282
297 2282
298 2283
299 2283
300 2283
301 2284
302 2284
303 2284
304 2284
305 2285
306 2285
307 2286
308 2286
309 2286
310 2287
311 2287
312 2287
313 2287
314 2287
315 2287
316 2287
317 2287
318 2287
319 2287
320 2287
321 2287
322 2288
323 2288
324 2288
325 2289
326 2289
327 2289
328 2289
329 2289
330 2289
331 2289
332 2289
333 2289
334 2288
335 2288
336 2288
337 2288
338 2288
339 2288
340 2288
341 2288
342 2288
343 2288
344 2288
345 2288
346 2288
347 2288
348 2288
349 2288
350 2288
351 2288
352 2288
353 2288
354 2288
355 2288
356 2288
357 2288
358 2288
359 2288
360 2288
361 2288
362 2288
363 2288
364 2288
365 2288
366 2288
367 2288
368 2288
369 2288
370 2288
371 2288
372 2287
373 2287
374 2286
375 2286
376 2286
377 2285
378 2285
379 2285
380 2284
381 2284
382 2284
383 2283
384 2283
385 2282
386 2282
387 2281
388 2281
389 2280
390 2280
391 2280
392 2279
393 2278
394 2278
395 2278
396 2277
397 2277
398 2276
399 2276
400 2276
401 2275
402 2275
403 2274
404 2273
405 2272
406 2271
406 2270
407 2269
407 2268
407 2267
407 2266
407 2265
407 2264
408 2263
408 2262
409 2261
409 2260
409 2259
409 2258
409 2257
409 2256
409 2255
409 2254
409 2253
409 2252
409 2251
409 2250
408 2249
407 2248
407 2247
406 2246
405 2246
404 2245
403 2245
402 2244
401 2244
400 2243
399 2243
398 2242
397 2242
396 2242
395 2241
394 2240
393 2239
392 2238
391 2237
390 2236
389 2235
388 2235
387 2234
386 2234
385 2233
384 2233
383 2233
382 2233
381 2233
380 2233
379 2233
378 2233
377 2233
376 2233
375 2233
374 2233
