1433 341
1432 342
1431 343
1430 343
1429 344
1428 344
1427 345
1426 346
1425 346
1424 347
1423 348
1422 348
1421 349
1420 350
1419 350
1418 351
1417 352
1416 352
1415 353
1414 353
1413 354
1412 354
1411 355
1410 355
1409 355
1408 356
1407 356
1406 356
1405 357
1404 358
1403 358
1402 358
1401 359
1400 359
1399 359
1398 360
1397 360
1396 360
1395 361
1394 361
1393 361
1392 361
1391 361
1390 361
1389 361
1388 362
1387 362
1386 362
1385 362
1384 362
1383 362
1382 362
1381 362
1380 362
1379 362
1378 362
1377 361
1376 361
1375 361
1374 361
1373 361
1372 361
1371 361
1370 361
1369 361
1368 360
1367 360
1366 360
1365 359
1364 359
1363 359
1362 359
1361 359
1360 359
1359 359
1358 359
1357 359
1356 359
1355 359
1354 358
1353 357
1352 356
1351 356
1350 356
1349 356
1348 355
1347 355
1346 355
1345 354
1344 354
1343 354
1342 354
1341 353
1340 353
1339 353
1338 353
1337 353
1336 353
1335 353
1334 353
1333 352
1332 352
1331 352
1330 352
1329 352
1328 352
1327 352
1326 351
1325 351
1324 351
1323 351
1322 351
1321 351
1320 351
1319 351
1318 351
1317 351
1316 351
1315 351
1314 351
1313 351
1312 351
1311 351
1310 351
1309 351
1308 351
1307 351
1306 351
1305 351
1304 351
1303 351
1302 351
1301 351
1300 351
1299 351
1298 351
1297 351
1296 351
1295 351
1294 351
1293 351
1292 351
1291 351
1290 351
1289 351
1288 351
1287 351
1286 351
1285 351
1284 351
1283 351
1282 351
1281 351
1280 351
1279 351
1278 351
1277 351
1276 352
1275 352
1274 352
1273 352
1272 352
1271 352
1270 352
1269 352
1268 353
1267 353
1266 353
1265 353
1264 353
1263 353
1262 353
1261 353
1260 353
1259 353
1258 353
1257 353
1256 353
1255 353
1254 353
1253 353
1252 353
1251 354
1250 354
1249 354
1248 354
1247 354
1246 354
1245 355
1244 355
1243 356
1242 356
1241 357
1240 357
1239 358
1238 358
1237 359
1236 359
1235 359
1234 359
1233 359
1232 359
1231 359
1230 359
1229 359
1228 359
1227 359
1226 359
1225 359
1224 360
1223 360
1222 360
1221 361
1220 361
1219 362
1218 362
1217 362
1216 363
1215 363
1214 364
1214 365
1214 366
1214 367
1214 368
1214 369
1214 370
1213 371
1213 372
1213 373
1213 374
1213 375
1213 376
1213 377
1213 378
1213 379
1212 380
1212 381
1213 382
1213 383
1213 384
1214 385
1214 386
1215 387
1215 388
1215 389
1215 390
1215 391
1216 392
1216 393
1217 394
1217 395
1217 396
1218 397
1218 398
1219 399
1219 400
1220 401
1221 402
1222 403
1222 404
1223 405
1224 406
1224 407
1225 408
1225 409
1226 410
1227 411
1228 412
1229 413
1230 414
1231 415
1232 416
1233 417
1234 418
1235 419
1236 420
1237 420
1238 420
1239 420
1240 420
1241 421
1242 421
1243 421
1244 422
1245 422
1246 422
1247 422
1248 422
1249 422
1250 423
1251 423
1252 423
1253 424
1254 424
1255 424
1256 424
1257 424
1258 424
1259 424
1260 424
1261 424
1262 424
1263 424
1264 425
1265 425
1266 425
1267 425
1268 425
1269 425
1270 425
1271 425
1272 425
1273 426
1274 426
1275 426
1276 427
1277 427
1278 427
1279 428
1280 428
1281 428
1282 429
1283 429
1284 429
1285 429
1286 430
1287 430
1288 430
1289 430
1290 430
1291 430
1292 430
1293 430
1294 430
1295 430
1296 430
1297 431
1298 431
1299 431
1300 432
1301 432
1302 432
1303 432
1304 432
1305 432
1306 432
1307 432
1308 432
1309 432
1310 432
1311 432
1312 432
1313 432
1314 432
1315 432
1316 432
1317 432
1318 432
1319 433
1320 433
1321 432
1322 432
1323 431
1324 431
1325 430
1326 430
1327 430
1328 430
1329 431
1330 431
1331 431
1332 432
1333 432
1334 432
1335 433
1336 433
1337 433
1338 433
1339 433
1340 433
1341 433
1342 433
1343 433
1344 432
1345 432
1346 431
1347 431
1348 430
1349 430
1350 430
1351 429
1352 429
1353 428
1354 428
1355 428
1356 429
1357 429
1358 429
1359 429
1360 429
1361 429
1362 429
1363 429
1364 429
1365 429
1366 428
1367 428
1368 428
1369 428
1370 427
1371 427
1372 427
1373 427
1374 427
1375 427
1376 427
1377 427
1378 426
1379 426
1380 426
1381 425
1382 425
1383 425
1384 425
1385 425
1386 424
1387 424
1388 424
1389 424
1390 424
1391 424
1392 424
1393 423
1394 423
1395 423
1396 423
1397 423
1398 423
1399 423
1400 423
1401 423
1402 423
1403 423
1404 423
1405 423
1406 423
1407 423
1408 423
1409 423
1410 423
1411 423
1412 423
1413 423
1414 423
1415 423
1416 423
1417 423
1418 423
1419 423
1420 423
1421 423
1422 424
1423 425
1424 425
1425 425
1426 425
1427 425
1428 425
1429 425
1430 424
1431 423
1432 422
1433 422
1434 421
1435 421
1436 420
1437 420
1438 420
1439 420
1440 420
1441 420
1442 420
1443 419
1444 418
1445 418
1446 417
1447 417
1448 416
1449 416
1450 415
1451 414
1452 413
1453 412
1454 411
1455 411
1456 410
1457 410
1458 410
1459 409
1460 408
1461 408
1461 407
1462 406
1462 405
1463 404
1463 403
1464 402
1465 401
1466 401
1467 400
1468 400
1469 400
1470 399
1471 398
1472 397
1473 396
1474 395
1475 394
1476 393
1477 392
1477 391
1478 390
1479 389
1479 388
1480 387
1481 386
1481 385
1481 384
1482 383
1481 382
1481 381
1480 380
1480 379
1479 378
1478 377
1477 377
1476 376
1475 376
1474 376
1473 375
1472 375
1471 375
1470 374
1469 373
1469 372
1468 371
1467 370
1467 369
1466 368
1466 367
1466 366
1466 365
1466 364
1466 363
1466 362
1465 361
1465 360
1465 359
1464 358
1464 357
1464 356
1464 355
1464 354
1464 353
1464 352
1464 351
1464 350
1464 349
1464 348
1464 347
1463 346
1462 345
1461 345
1460 344
1459 344
1458 344
1457 344
1456 344
1455 344
1454 343
1453 342
1452 342
1451 342
1450 342
1449 342
1448 342
1447 342
1446 342
1445 342
1444 342
1443 342
1442 342
1441 342
1440 341
1439 341
1438 341
1437 341
1436 341
1435 341
1434 341
1433 341
