234 2124
233 2125
232 2125
231 2125
230 2125
229 2125
228 2125
227 2125
226 2125
225 2125
224 2125
223 2125
222 2126
221 2126
220 2126
219 2126
218 2126
217 2126
216 2126
215 2126
214 2126
213 2126
212 2126
211 2126
210 2126
209 2126
208 2126
207 2126
206 2126
205 2126
204 2126
203 2126
202 2126
201 2126
200 2126
199 2126
198 2126
197 2126
196 2126
195 2126
194 2126
193 2126
192 2126
191 2126
190 2125
189 2125
188 2125
187 2125
186 2125
185 2125
184 2125
183 2126
183 2127
182 2128
181 2129
181 2130
181 2131
180 2132
180 2133
179 2134
179 2135
178 2136
178 2137
178 2138
178 2139
179 2140
179 2141
180 2142
180 2143
181 2144
181 2145
182 2146
182 2147
183 2148
183 2149
184 2150
185 2151
186 2152
187 2153
188 2154
189 2155
190 2156
191 2157
192 2158
193 2159
194 2160
195 2161
196 2162
197 2163
198 2164
198 2165
199 2166
199 2167
200 2168
201 2169
202 2170
203 2171
204 2172
204 2173
205 2174
206 2175
207 2176
208 2176
209 2176
210 2176
211 2176
212 2176
213 2177
214 2177
215 2177
216 2177
217 2177
218 2177
219 2178
220 2178
221 2178
222 2179
223 2179
224 2179
225 2179
226 2179
227 2179
228 2180
229 2180
230 2181
231 2181
232 2181
233 2181
234 2181
235 2181
236 2182
237 2182
238 2183
239 2183
240 2184
241 2184
242 2184
243 2184
244 2184
245 2184
246 2184
247 2184
248 2184
249 2184
250 2184
251 2184
252 2184
253 2184
254 2184
255 2184
256 2184
257 2184
258 2184
259 2184
260 2184
261 2184
262 2184
263 2184
264 2183
265 2183
266 2182
267 2181
268 2181
269 2181
270 2180
271 2179
272 2178
273 2177
274 2176
275 2175
276 2174
277 2173
278 2172
279 2171
279 2170
279 2169
280 2168
280 2167
280 2166
280 2165
281 2164
281 2163
281 2162
282 2161
282 2160
283 2159
283 2158
283 2157
283 2156
283 2155
282 2154
282 2153
282 2152
281 2151
281 2150
281 2149
280 2148
280 2147
279 2146
278 2145
278 2144
278 2143
277 2142
277 2141
277 2140
277 2139
276 2138
276 2137
276 2136
275 2135
274 2134
273 2133
272 2132
272 2131
271 2130
270 2130
269 2131
268 2131
267 2131
266 2131
265 2132
264 2132
263 2133
262 2133
261 2133
260 2134
259 2134
258 2134
257 2133
256 2133
255 2132
254 2131
254 2130
253 2129
252 2128
252 2127
251 2127
250 2126
249 2126
248 2126
247 2125
246 2125
245 2125
244 2125
243 2125
242 2125
241 2124
240 2124
239 2124
238 2124
237 2124
236 2124
235 2124
234 2124
