207 1302
206 1303
205 1303
204 1303
203 1304
202 1304
201 1304
200 1304
199 1304
198 1305
197 1305
196 1305
195 1305
194 1306
193 1306
192 1306
191 1307
190 1307
189 1307
188 1308
187 1309
186 1309
185 1309
184 1309
183 1309
182 1309
181 1309
180 1309
179 1309
178 1309
177 1309
176 1310
175 1310
174 1310
173 1310
172 1310
171 1311
170 1311
169 1311
168 1312
167 1312
166 1312
165 1312
164 1313
163 1314
162 1314
161 1314
160 1315
159 1315
158 1316
157 1316
156 1316
155 1317
154 1317
153 1317
152 1317
151 1318
150 1318
149 1319
148 1319
147 1320
146 1320
145 1321
144 1322
143 1322
142 1323
141 1323
140 1324
139 1325
138 1325
137 1326
137 1327
136 1328
136 1329
135 1330
134 1331
134 1332
133 1333
132 1334
131 1335
131 1336
130 1337
129 1337
128 1338
127 1339
126 1339
125 1340
124 1340
123 1341
122 1341
121 1341
120 1342
119 1343
118 1344
118 1345
118 1346
119 1347
120 1348
120 1349
121 1350
122 1351
122 1352
123 1353
123 1354
123 1355
123 1356
124 1357
124 1358
125 1359
126 1360
127 1361
128 1361
129 1362
130 1363
131 1364
131 1365
132 1366
132 1367
132 1368
133 1368
134 1369
135 1369
136 1369
137 1368
138 1368
139 1368
140 1368
141 1368
142 1368
143 1368
144 1368
145 1368
146 1367
147 1367
148 1366
148 1365
148 1364
149 1363
150 1362
150 1361
150 1360
151 1359
151 1358
151 1357
152 1356
152 1355
152 1354
152 1353
152 1352
153 1351
154 1350
155 1349
156 1349
157 1348
158 1347
159 1347
160 1346
161 1346
162 1346
163 1345
164 1345
165 1344
166 1344
167 1343
168 1343
169 1343
170 1343
171 1342
172 1342
173 1342
174 1342
175 1342
176 1342
177 1342
178 1342
179 1342
180 1342
181 1342
182 1341
183 1341
184 1341
185 1340
186 1340
187 1341
188 1341
189 1341
190 1342
191 1342
192 1342
193 1342
194 1342
195 1342
196 1343
197 1343
198 1343
199 1343
200 1343
201 1344
202 1344
203 1345
204 1345
205 1345
206 1346
207 1346
208 1347
209 1347
210 1347
211 1347
212 1347
213 1347
214 1348
215 1348
216 1348
217 1348
218 1348
219 1348
220 1348
221 1348
222 1349
223 1349
224 1350
225 1351
226 1351
227 1351
228 1352
229 1352
230 1352
231 1352
232 1352
233 1352
234 1353
235 1353
236 1353
237 1353
238 1353
239 1353
240 1353
241 1353
242 1353
243 1353
244 1353
245 1353
246 1353
247 1354
248 1354
249 1354
250 1354
251 1354
252 1354
253 1354
254 1354
255 1354
256 1354
257 1354
258 1354
259 1354
260 1354
261 1354
262 1354
263 1354
264 1354
265 1354
266 1354
267 1354
268 1354
269 1354
270 1354
271 1354
272 1354
273 1355
274 1355
275 1355
276 1355
277 1355
278 1356
279 1356
280 1356
281 1356
282 1356
283 1355
284 1355
285 1354
285 1353
286 1352
286 1351
287 1350
287 1349
288 1348
288 1347
288 1346
288 1345
288 1344
288 1343
288 1342
288 1341
288 1340
287 1339
287 1338
287 1337
287 1336
287 1335
286 1334
286 1333
285 1332
285 1331
284 1330
283 1329
283 1328
283 1327
282 1326
281 1325
281 1324
280 1323
280 1322
279 1321
279 1320
278 1319
277 1318
276 1317
275 1316
274 1315
273 1314
272 1314
271 1313
270 1313
269 1312
268 1312
267 1311
266 1311
265 1310
264 1309
263 1309
262 1308
261 1308
260 1307
259 1307
258 1306
257 1306
256 1306
255 1305
254 1305
253 1305
252 1305
251 1304
250 1304
249 1304
248 1304
247 1304
246 1304
245 1304
244 1304
243 1304
242 1304
241 1304
240 1303
239 1303
238 1303
237 1303
236 1303
235 1303
234 1303
233 1303
232 1303
231 1303
230 1303
229 1303
228 1303
227 1303
226 1303
225 1303
224 1303
223 1303
222 1303
221 1303
220 1303
219 1303
218 1303
217 1303
216 1303
215 1303
214 1303
213 1303
212 1302
211 1302
210 1302
209 1302
208 1302
207 1302
