106 210
105 211
104 211
103 211
102 211
101 211
100 211
99 212
98 212
97 213
96 213
95 212
94 212
93 212
92 213
91 213
90 213
89 213
88 214
87 214
86 214
85 214
84 214
83 214
82 214
81 214
80 215
79 215
78 216
77 216
76 217
75 217
74 218
73 218
72 219
71 220
70 220
69 220
68 221
67 221
66 222
65 223
64 223
63 224
62 225
61 226
60 227
59 228
59 229
58 230
57 231
56 232
55 233
54 234
53 235
52 236
51 237
50 238
49 239
48 240
47 240
46 241
45 242
44 243
43 243
42 244
41 245
40 246
39 247
39 248
39 249
39 250
38 251
38 252
37 253
36 254
35 255
35 256
35 257
35 258
35 259
36 260
37 260
38 260
39 260
40 260
41 260
42 260
43 260
44 260
45 259
46 259
47 258
48 258
49 258
50 258
51 258
52 257
53 257
54 257
55 257
56 256
57 256
58 256
59 256
60 255
61 255
62 255
63 255
64 255
65 255
66 255
67 255
68 255
69 254
70 254
71 254
72 254
73 254
74 254
75 253
76 253
77 253
78 252
79 252
80 251
81 251
82 251
83 250
84 250
85 250
86 250
87 250
88 250
89 249
90 249
91 248
92 248
93 248
94 247
95 247
96 247
97 247
98 247
99 247
100 247
101 247
102 248
103 248
104 248
105 248
106 248
107 248
108 248
109 248
110 248
111 248
112 248
113 249
114 249
115 249
116 249
117 249
118 249
119 249
120 249
121 249
122 250
123 250
124 250
125 251
126 251
127 251
128 251
129 251
130 251
131 251
132 251
133 251
134 251
135 251
136 252
137 252
138 252
139 253
140 253
141 254
142 254
143 254
144 254
145 255
146 255
147 255
148 255
149 255
150 255
151 255
152 255
153 255
154 255
155 255
156 254
157 254
158 254
159 254
160 253
161 254
162 253
163 253
164 253
165 253
166 253
167 253
168 253
169 253
170 253
171 253
172 252
173 252
174 251
175 251
176 251
177 251
178 250
179 250
180 249
180 248
180 247
180 246
180 245
180 244
180 243
180 242
179 241
179 240
179 239
179 238
178 237
178 236
177 235
177 234
176 233
175 232
174 231
173 230
172 229
171 228
170 228
169 227
168 227
167 226
166 226
165 226
164 226
163 225
162 225
161 225
160 224
159 224
158 224
157 224
156 223
155 223
154 223
153 222
152 222
151 222
150 222
149 222
148 222
147 222
146 221
145 221
144 221
143 221
142 220
141 220
140 219
139 219
138 219
137 218
136 218
135 218
134 217
133 217
132 217
131 217
130 216
129 216
128 216
127 216
126 216
125 216
124 215
123 215
122 215
121 215
120 214
119 214
118 214
117 213
116 213
115 212
114 212
113 211
112 211
111 211
110 211
109 210
108 211
107 211
106 210
