260 1024
259 1025
258 1025
257 1025
256 1025
255 1025
254 1026
253 1026
252 1026
251 1026
250 1027
249 1027
248 1027
247 1028
246 1028
245 1028
244 1029
243 1029
242 1030
241 1030
240 1030
239 1031
238 1031
237 1032
236 1033
235 1034
234 1035
233 1035
232 1036
231 1036
230 1037
229 1037
228 1038
227 1038
226 1039
225 1039
224 1039
223 1039
222 1039
221 1039
220 1039
219 1040
218 1040
217 1041
216 1042
215 1042
214 1043
213 1044
212 1045
211 1046
211 1047
210 1048
209 1049
209 1050
208 1051
208 1052
208 1053
208 1054
208 1055
208 1056
208 1057
209 1058
209 1059
210 1060
211 1061
212 1062
213 1063
214 1064
215 1065
216 1066
217 1067
217 1068
218 1069
219 1070
220 1071
220 1072
221 1073
222 1074
222 1075
223 1076
224 1077
224 1078
224 1079
224 1080
224 1081
224 1082
224 1083
225 1084
226 1085
227 1086
228 1087
229 1087
230 1088
231 1088
232 1089
233 1090
234 1091
235 1092
235 1093
236 1094
236 1095
237 1096
238 1097
239 1097
240 1098
241 1099
242 1100
243 1101
244 1102
245 1102
246 1102
247 1102
248 1102
249 1102
250 1102
251 1102
252 1102
253 1102
254 1102
255 1102
256 1102
257 1102
258 1102
259 1102
260 1102
261 1102
262 1102
263 1102
264 1101
265 1101
266 1101
267 1101
268 1101
269 1101
270 1101
271 1101
272 1101
273 1102
274 1102
275 1102
276 1102
277 1102
278 1102
279 1102
280 1102
281 1101
282 1101
283 1100
284 1100
285 1100
286 1100
287 1100
288 1100
289 1100
290 1099
291 1099
292 1099
293 1098
294 1098
295 1097
296 1097
297 1097
298 1097
299 1097
300 1097
301 1096
302 1096
303 1095
304 1095
305 1094
306 1094
307 1093
308 1092
309 1092
310 1091
311 1090
312 1089
313 1088
314 1088
315 1087
316 1086
317 1085
318 1084
319 1083
319 1082
319 1081
320 1080
320 1079
321 1078
321 1077
321 1076
321 1075
321 1074
321 1073
321 1072
321 1071
321 1070
321 1069
321 1068
321 1067
321 1066
320 1065
320 1064
320 1063
320 1062
319 1061
319 1060
319 1059
319 1058
318 1057
318 1056
317 1055
316 1054
315 1053
314 1052
313 1051
312 1050
311 1049
310 1048
309 1047
308 1046
307 1045
306 1044
305 1043
304 1042
303 1041
302 1040
301 1039
300 1039
299 1038
298 1037
297 1036
296 1035
295 1034
294 1033
293 1033
292 1033
291 1033
290 1032
289 1032
288 1032
287 1031
286 1031
285 1031
284 1030
283 1030
282 1029
281 1029
280 1028
279 1028
278 1027
277 1027
276 1026
275 1026
274 1026
273 1026
272 1025
271 1025
270 1025
269 1025
268 1024
267 1024
266 1024
265 1024
264 1024
263 1024
262 1024
261 1024
260 1024
