1172 2281
1171 2282
1170 2282
1169 2282
1168 2283
1167 2283
1166 2283
1165 2284
1164 2284
1163 2285
1162 2285
1161 2285
1160 2285
1159 2285
1158 2286
1157 2286
1156 2286
1155 2286
1154 2286
1153 2286
1152 2286
1151 2286
1150 2286
1149 2286
1148 2286
1147 2286
1146 2286
1145 2286
1144 2286
1143 2287
1142 2287
1141 2287
1140 2288
1139 2288
1138 2288
1137 2288
1136 2288
1135 2289
1134 2289
1133 2290
1132 2291
1131 2291
1130 2291
1129 2291
1128 2291
1127 2291
1126 2291
1125 2291
1124 2291
1123 2291
1122 2291
1121 2291
1120 2291
1119 2291
1118 2291
1117 2291
1116 2291
1115 2291
1114 2291
1113 2291
1112 2292
1111 2292
1110 2292
1109 2293
1108 2293
1107 2293
1106 2293
1105 2293
1104 2293
1103 2293
1102 2293
1101 2293
1100 2293
1099 2293
1098 2292
1097 2292
1096 2292
1095 2291
1094 2291
1093 2291
1092 2291
1091 2291
1090 2291
1089 2291
1088 2291
1087 2291
1086 2291
1085 2291
1084 2291
1083 2291
1082 2291
1081 2291
1080 2291
1079 2291
1078 2291
1077 2291
1076 2291
1075 2291
1074 2291
1073 2291
1072 2291
1071 2291
1070 2291
1069 2291
1068 2291
1067 2291
1066 2291
1065 2291
1064 2291
1063 2291
1062 2291
1061 2291
1060 2291
1059 2291
1058 2291
1057 2291
1056 2291
1055 2291
1054 2291
1053 2292
1052 2292
1051 2292
1050 2293
1049 2293
1048 2293
1047 2293
1046 2293
1045 2293
1044 2293
1043 2293
1042 2293
1041 2292
1040 2293
1039 2293
1038 2293
1037 2294
1036 2294
1035 2294
1034 2295
1033 2296
1032 2296
1031 2296
1030 2297
1029 2297
1028 2297
1027 2298
1026 2298
1025 2298
1024 2299
1023 2300
1022 2300
1021 2301
1020 2301
1019 2301
1018 2302
1017 2302
1016 2302
1015 2302
1014 2302
1013 2302
1012 2302
1011 2302
1010 2303
1009 2303
1008 2303
1007 2304
1006 2304
1005 2304
1004 2304
1003 2305
1002 2306
1001 2307
1000 2307
999 2308
998 2308
997 2309
996 2309
995 2309
994 2309
993 2309
992 2309
991 2310
990 2310
989 2310
988 2310
987 2311
986 2311
985 2311
984 2312
983 2313
982 2314
981 2314
981 2315
980 2316
979 2317
979 2318
978 2319
977 2320
976 2321
975 2322
975 2323
974 2324
974 2325
973 2326
972 2327
971 2328
971 2329
970 2330
970 2331
969 2332
969 2333
969 2334
968 2335
968 2336
968 2337
967 2338
967 2339
967 2340
968 2341
968 2342
969 2342
970 2343
971 2343
972 2344
973 2344
974 2345
975 2346
976 2347
976 2348
976 2349
977 2350
978 2351
979 2352
980 2352
981 2353
982 2353
983 2353
984 2354
985 2354
986 2355
987 2356
988 2356
989 2357
990 2358
991 2359
992 2359
993 2360
994 2360
995 2360
996 2360
997 2360
998 2360
999 2360
1000 2360
1001 2360
1002 2361
1003 2361
1004 2361
1005 2361
1006 2361
1007 2361
1008 2361
1009 2361
1010 2362
1011 2362
1012 2362
1013 2362
1014 2362
1015 2362
1016 2361
1017 2361
1018 2361
1019 2361
1020 2361
1021 2361
1022 2362
1023 2362
1024 2363
1025 2364
1026 2365
1027 2366
1028 2367
1029 2368
1030 2369
1031 2369
1032 2369
1033 2370
1034 2370
1035 2371
1036 2372
1037 2372
1038 2373
1039 2373
1040 2374
1041 2374
1042 2375
1043 2376
1044 2376
1045 2377
1046 2377
1047 2377
1048 2377
1049 2378
1050 2378
1051 2378
1052 2379
1053 2379
1054 2379
1055 2380
1056 2380
1057 2380
1058 2380
1059 2380
1060 2380
1061 2380
1062 2380
1063 2379
1064 2379
1065 2379
1066 2378
1067 2378
1068 2377
1069 2377
1070 2377
1071 2377
1072 2376
1073 2376
1074 2376
1075 2375
1076 2375
1077 2374
1078 2374
1079 2374
1080 2373
1081 2373
1082 2372
1083 2372
1084 2371
1085 2371
1086 2370
1087 2370
1088 2370
1089 2369
1090 2369
1091 2368
1092 2367
1093 2367
1094 2366
1095 2365
1096 2365
1097 2365
1098 2365
1099 2365
1100 2365
1101 2365
1102 2365
1103 2365
1104 2365
1105 2365
1106 2365
1107 2365
1108 2365
1109 2365
1110 2365
1111 2365
1112 2365
1113 2365
1114 2365
1115 2365
1116 2365
1117 2365
1118 2365
1119 2365
1120 2365
1121 2365
1122 2365
1123 2365
1124 2365
1125 2365
1126 2365
1127 2365
1128 2364
1129 2364
1130 2364
1131 2363
1132 2363
1133 2363
1134 2363
1135 2363
1136 2363
1137 2363
1138 2363
1139 2362
1140 2362
1141 2362
1142 2362
1143 2363
1144 2363
1145 2364
1146 2364
1147 2365
1148 2365
1149 2366
1150 2367
1151 2367
1152 2368
1153 2368
1154 2369
1155 2369
1156 2369
1157 2370
1158 2370
1159 2371
1160 2371
1161 2371
1162 2372
1163 2372
1164 2373
1165 2374
1166 2374
1167 2374
1168 2375
1169 2376
1170 2377
1171 2377
1172 2378
1173 2379
1174 2379
1175 2379
1176 2380
1177 2380
1178 2381
1179 2381
1180 2382
1181 2382
1182 2382
1183 2382
1184 2383
1185 2383
1186 2383
1187 2383
1188 2383
1189 2384
1190 2384
1191 2384
1192 2385
1193 2385
1194 2385
1195 2385
1196 2385
1197 2385
1198 2385
1199 2386
1200 2386
1201 2386
1202 2386
1203 2386
1204 2386
1205 2386
1206 2386
1207 2386
1208 2386
1209 2387
1210 2387
1211 2387
1212 2387
1213 2387
1214 2387
1215 2387
1216 2386
1217 2386
1218 2386
1219 2386
1220 2385
1221 2385
1222 2385
1223 2384
1224 2384
1225 2384
1226 2383
1227 2383
1228 2383
1229 2382
1230 2382
1231 2382
1232 2381
1233 2381
1234 2380
1235 2380
1236 2379
1237 2379
1238 2378
1239 2377
1240 2377
1241 2376
1242 2376
1243 2375
1244 2375
1245 2375
1246 2374
1247 2374
1248 2373
1249 2372
1250 2371
1250 2370
1251 2369
1252 2368
1252 2367
1253 2366
1254 2365
1255 2364
1256 2363
1257 2362
1258 2361
1258 2360
1259 2359
1260 2358
1261 2357
1262 2356
1263 2355
1264 2354
1265 2353
1266 2352
1267 2351
1268 2350
1269 2349
1270 2349
1271 2349
1272 2349
1273 2349
1274 2349
1275 2349
1276 2349
1277 2349
1278 2349
1279 2349
1280 2349
1281 2349
1282 2349
1283 2349
1284 2348
1285 2348
1286 2348
1287 2347
1288 2347
1289 2347
1290 2347
1291 2347
1292 2347
1293 2347
1294 2346
1295 2346
1295 2345
1296 2344
1297 2343
1297 2342
1297 2341
1297 2340
1297 2339
1297 2338
1297 2337
1298 2336
1298 2335
1298 2334
1298 2333
1298 2332
1298 2331
1298 2330
1298 2329
1297 2328
1297 2327
1296 2326
1296 2325
1296 2324
1296 2323
1295 2322
1295 2321
1295 2320
1294 2319
1294 2318
1294 2317
1293 2316
1292 2315
1291 2314
1290 2313
1289 2312
1288 2311
1287 2310
1286 2309
1285 2308
1285 2307
1284 2306
1284 2305
1283 2304
1283 2303
1283 2302
1282 2301
1282 2300
1282 2299
1281 2298
1280 2297
1279 2296
1278 2295
1277 2294
1276 2293
1276 2292
1275 2291
1274 2290
1273 2289
1272 2288
1271 2288
1270 2287
1269 2286
1268 2285
1267 2285
1266 2285
1265 2285
1264 2285
1263 2285
1262 2285
1261 2285
1260 2285
1259 2285
1258 2285
1257 2284
1256 2284
1255 2284
1254 2284
1253 2284
1252 2284
1251 2284
1250 2284
1249 2283
1248 2283
1247 2283
1246 2283
1245 2283
1244 2283
1243 2283
1242 2283
1241 2283
1240 2283
1239 2283
1238 2283
1237 2283
1236 2283
1235 2283
1234 2283
1233 2283
1232 2283
1231 2283
1230 2283
1229 2283
1228 2283
1227 2284
1226 2284
1225 2284
1224 2284
1223 2284
1222 2284
1221 2284
1220 2284
1219 2284
1218 2284
1217 2284
1216 2284
1215 2284
1214 2284
1213 2284
1212 2284
1211 2284
1210 2284
1209 2284
1208 2284
1207 2284
1206 2284
1205 2284
1204 2284
1203 2284
1202 2284
1201 2284
1200 2284
1199 2284
1198 2283
1197 2283
1196 2282
1195 2282
1194 2281
1193 2281
1192 2281
1191 2281
1190 2281
1189 2281
1188 2281
1187 2281
1186 2281
1185 2281
1184 2281
1183 2281
1182 2281
1181 2281
1180 2281
1179 2281
1178 2281
1177 2281
1176 2281
1175 2281
1174 2281
1173 2281
1172 2281
