275 670
274 671
273 671
272 671
271 671
270 672
270 673
269 674
269 675
268 676
267 677
267 678
266 679
266 680
265 681
265 682
264 683
264 684
263 685
262 686
262 687
261 688
261 689
260 690
260 691
260 692
259 693
259 694
258 695
258 696
258 697
258 698
258 699
258 700
259 700
260 699
261 699
262 698
263 698
264 697
265 697
266 696
267 696
268 696
269 695
270 695
271 695
272 695
273 695
274 694
275 694
276 694
277 694
278 694
279 694
280 694
281 694
282 694
283 694
284 695
285 695
286 695
287 696
288 696
289 696
290 696
291 697
292 697
293 697
294 698
295 698
296 699
297 699
298 699
299 698
300 698
301 698
302 698
303 698
304 699
305 699
306 699
307 699
308 698
309 698
310 698
311 697
312 696
313 695
313 694
314 693
315 692
316 692
317 691
318 691
319 690
320 690
321 689
321 688
321 687
322 686
322 685
322 684
322 683
322 682
322 681
321 680
321 679
321 678
321 677
320 676
319 676
318 675
317 675
316 675
315 675
314 674
313 674
312 674
311 673
310 673
309 672
308 672
307 672
306 672
305 672
304 672
303 671
302 671
301 671
300 671
299 671
298 671
297 671
296 671
295 671
294 671
293 670
292 670
291 670
290 670
289 670
288 670
287 670
286 670
285 670
284 670
283 670
282 670
281 670
280 670
279 670
278 670
277 670
276 670
275 670
