1315 1956
1314 1957
1313 1957
1312 1957
1311 1958
1310 1958
1309 1958
1308 1958
1307 1958
1306 1959
1305 1959
1304 1960
1303 1960
1302 1960
1301 1960
1300 1960
1299 1960
1298 1960
1297 1961
1296 1961
1295 1961
1294 1962
1293 1962
1292 1962
1291 1963
1290 1963
1289 1963
1288 1963
1287 1963
1286 1963
1285 1964
1284 1964
1283 1965
1282 1965
1281 1965
1280 1966
1279 1966
1278 1966
1277 1967
1276 1967
1275 1968
1274 1968
1273 1968
1272 1969
1271 1969
1270 1969
1269 1970
1268 1970
1267 1971
1266 1971
1265 1972
1264 1972
1263 1972
1262 1973
1261 1973
1260 1974
1259 1975
1258 1975
1257 1976
1256 1976
1255 1977
1254 1977
1253 1977
1252 1978
1251 1979
1250 1979
1249 1980
1248 1981
1247 1982
1247 1983
1247 1984
1247 1985
1247 1986
1246 1987
1246 1988
1246 1989
1246 1990
1246 1991
1246 1992
1247 1993
1247 1994
1248 1995
1249 1995
1250 1996
1251 1997
1252 1997
1253 1998
1254 1999
1255 2000
1256 2001
1257 2002
1258 2003
1259 2004
1260 2005
1261 2006
1262 2007
1263 2008
1264 2008
1265 2009
1266 2010
1267 2010
1268 2010
1269 2011
1270 2011
1271 2012
1272 2012
1273 2013
1274 2014
1275 2014
1276 2014
1277 2014
1278 2014
1279 2014
1280 2015
1281 2015
1282 2016
1283 2016
1284 2016
1285 2016
1286 2016
1287 2016
1288 2016
1289 2016
1290 2016
1291 2017
1292 2017
1293 2017
1294 2018
1295 2017
1296 2017
1297 2018
1298 2018
1299 2018
1300 2018
1301 2019
1302 2019
1303 2018
1304 2018
1305 2018
1306 2017
1307 2017
1308 2017
1309 2016
1310 2016
1311 2015
1312 2015
1313 2015
1314 2015
1315 2015
1316 2015
1317 2015
1318 2015
1319 2015
1320 2015
1321 2015
1322 2014
1323 2014
1324 2013
1325 2013
1326 2012
1327 2011
1328 2010
1329 2009
1330 2008
1331 2008
1332 2007
1333 2006
1334 2005
1335 2005
1336 2004
1337 2004
1338 2004
1339 2004
1340 2004
1341 2004
1342 2004
1343 2003
1344 2003
1345 2002
1346 2002
1347 2002
1348 2001
1349 2001
1350 2001
1351 2001
1352 2000
1353 1999
1354 1999
1355 1998
1356 1997
1356 1996
1357 1995
1358 1994
1359 1993
1359 1992
1360 1991
1360 1990
1361 1989
1361 1988
1361 1987
1362 1986
1362 1985
1362 1984
1361 1983
1361 1982
1361 1981
1360 1980
1359 1979
1358 1978
1357 1977
1356 1976
1355 1975
1354 1974
1353 1974
1352 1974
1351 1974
1350 1973
1349 1973
1348 1973
1347 1972
1346 1972
1345 1972
1344 1971
1343 1971
1342 1971
1341 1971
1340 1970
1339 1969
1338 1968
1337 1968
1336 1967
1335 1966
1334 1965
1333 1964
1332 1963
1331 1962
1330 1961
1329 1960
1328 1960
1327 1959
1326 1958
1325 1957
1324 1957
1323 1957
1322 1956
1321 1956
1320 1956
1319 1956
1318 1956
1317 1956
1316 1956
1315 1956
