271 1835
270 1836
269 1836
268 1837
267 1837
266 1838
265 1838
264 1838
263 1839
262 1840
261 1840
260 1840
259 1841
258 1841
257 1841
256 1841
255 1841
254 1841
253 1841
252 1841
251 1841
250 1841
249 1841
248 1841
247 1842
246 1842
245 1843
244 1844
243 1845
242 1846
241 1847
240 1848
239 1849
238 1850
237 1851
236 1851
235 1852
234 1852
233 1853
232 1854
231 1854
231 1855
230 1856
229 1857
228 1858
227 1858
226 1859
226 1860
225 1861
224 1862
223 1863
222 1863
222 1864
221 1865
221 1866
220 1867
220 1868
220 1869
220 1870
220 1871
220 1872
220 1873
221 1874
221 1875
221 1876
222 1877
222 1878
223 1879
224 1880
225 1881
225 1882
225 1883
225 1884
225 1885
226 1886
226 1887
227 1888
228 1889
229 1890
230 1891
231 1892
232 1893
233 1893
234 1894
235 1895
236 1895
237 1896
238 1896
239 1897
240 1897
241 1897
242 1897
243 1897
244 1897
245 1898
246 1898
247 1898
248 1899
249 1900
250 1901
251 1902
252 1903
253 1903
254 1904
255 1905
256 1906
257 1907
258 1908
259 1909
260 1909
261 1910
262 1911
263 1911
264 1912
265 1912
266 1913
267 1913
268 1914
269 1914
270 1914
271 1915
272 1915
273 1915
274 1915
275 1915
276 1915
277 1915
278 1915
279 1915
280 1915
281 1916
282 1916
283 1916
284 1916
285 1916
286 1916
287 1916
288 1916
289 1916
290 1916
291 1916
292 1916
293 1915
294 1914
295 1914
296 1913
297 1912
298 1912
299 1912
300 1912
301 1912
302 1912
303 1912
304 1912
305 1912
306 1912
307 1912
308 1912
309 1911
310 1911
311 1911
312 1910
313 1909
314 1908
315 1907
316 1906
317 1906
318 1905
319 1904
320 1904
321 1904
322 1904
323 1903
324 1903
325 1903
326 1902
327 1902
328 1902
329 1901
330 1901
331 1901
332 1901
333 1901
334 1901
335 1900
336 1900
337 1900
338 1900
339 1899
340 1898
341 1897
342 1896
342 1895
342 1894
342 1893
342 1892
343 1891
343 1890
343 1889
343 1888
344 1887
344 1886
344 1885
345 1884
345 1883
345 1882
345 1881
345 1880
345 1879
345 1878
345 1877
345 1876
345 1875
345 1874
345 1873
346 1872
346 1871
346 1870
346 1869
346 1868
346 1867
346 1866
346 1865
346 1864
346 1863
345 1862
345 1861
344 1860
344 1859
343 1858
342 1858
341 1857
340 1856
339 1855
339 1854
338 1853
338 1852
337 1851
336 1850
335 1849
334 1849
333 1848
332 1847
331 1846
330 1846
329 1845
328 1844
327 1844
326 1844
325 1844
324 1844
323 1844
322 1844
321 1844
320 1843
319 1843
318 1843
317 1842
316 1841
315 1841
314 1840
313 1840
312 1840
311 1840
310 1840
309 1840
308 1840
307 1840
306 1840
305 1840
304 1839
303 1838
302 1837
301 1837
300 1836
299 1836
298 1837
297 1837
296 1837
295 1838
294 1838
293 1838
292 1838
291 1838
290 1838
289 1838
288 1838
287 1838
286 1838
285 1838
284 1837
283 1837
282 1837
281 1836
280 1836
279 1836
278 1836
277 1835
276 1835
275 1835
274 1835
273 1835
272 1835
271 1835
