1037 2305
1036 2306
1035 2306
1034 2307
1033 2308
1032 2308
1031 2309
1030 2309
1029 2309
1028 2309
1027 2309
1026 2310
1025 2310
1024 2310
1023 2310
1022 2310
1021 2310
1020 2310
1019 2310
1018 2310
1017 2311
1016 2311
1015 2312
1014 2312
1013 2312
1012 2313
1011 2313
1010 2313
1009 2314
1008 2314
1007 2315
1006 2315
1005 2316
1005 2317
1004 2318
1004 2319
1003 2320
1003 2321
1003 2322
1003 2323
1003 2324
1003 2325
1004 2326
1004 2327
1004 2328
1005 2329
1005 2330
1006 2331
1006 2332
1007 2333
1008 2334
1009 2335
1009 2336
1010 2337
1011 2337
1012 2338
1013 2339
1013 2340
1014 2341
1015 2341
1016 2342
1017 2342
1018 2343
1019 2343
1020 2344
1021 2344
1022 2345
1023 2346
1024 2347
1024 2348
1025 2349
1026 2349
1027 2350
1028 2350
1029 2350
1030 2350
1031 2351
1032 2351
1033 2351
1034 2351
1035 2352
1036 2352
1037 2353
1038 2353
1039 2353
1040 2353
1041 2354
1042 2354
1043 2354
1044 2354
1045 2354
1046 2354
1047 2355
1048 2355
1049 2355
1050 2355
1051 2356
1052 2356
1053 2357
1054 2357
1055 2357
1056 2357
1057 2358
1058 2358
1059 2358
1060 2358
1061 2359
1062 2359
1063 2359
1064 2359
1065 2360
1066 2360
1067 2361
1068 2361
1069 2361
1070 2361
1071 2362
1072 2362
1073 2362
1074 2362
1075 2362
1076 2362
1077 2362
1078 2362
1079 2363
1080 2363
1081 2363
1082 2363
1083 2364
1084 2364
1085 2364
1086 2364
1087 2365
1088 2365
1089 2365
1090 2365
1091 2366
1092 2366
1093 2366
1094 2366
1095 2367
1096 2367
1097 2367
1098 2367
1099 2368
1100 2368
1101 2369
1102 2369
1103 2369
1104 2369
1105 2370
1106 2370
1107 2370
1108 2370
1109 2371
1110 2371
1111 2371
1112 2371
1113 2372
1114 2372
1115 2372
1116 2372
1117 2373
1118 2373
1119 2373
1120 2373
1121 2374
1122 2374
1123 2374
1124 2374
1125 2375
1126 2375
1127 2375
1128 2375
1129 2376
1130 2376
1131 2376
1132 2376
1133 2376
1134 2376
1135 2377
1136 2377
1137 2377
1138 2377
1139 2378
1140 2378
1141 2378
1142 2378
1143 2379
1144 2379
1145 2379
1146 2379
1147 2380
1148 2380
1149 2380
1150 2380
1151 2380
1152 2380
1153 2381
1154 2381
1155 2381
1156 2381
1157 2382
1158 2382
1159 2382
1160 2382
1161 2383
1162 2383
1163 2383
1164 2383
1165 2384
1166 2384
1167 2384
1168 2384
1169 2384
1170 2384
1171 2384
1172 2384
1173 2384
1174 2384
1175 2384
1176 2384
1177 2385
1178 2385
1179 2385
1180 2385
1181 2386
1182 2386
1183 2386
1184 2386
1185 2386
1186 2386
1187 2386
1188 2386
1189 2386
1190 2386
1191 2387
1192 2387
1193 2387
1194 2387
1195 2388
1196 2388
1197 2388
1198 2388
1199 2388
1200 2388
1201 2388
1202 2388
1203 2389
1204 2389
1205 2389
1206 2389
1207 2390
1208 2390
1209 2390
1210 2390
1211 2390
1212 2390
1213 2390
1214 2390
1215 2390
1216 2390
1217 2390
1218 2390
1219 2390
1220 2390
1221 2390
1222 2390
1223 2390
1224 2390
1225 2390
1226 2390
1227 2390
1228 2390
1229 2390
1230 2390
1231 2390
1232 2390
1233 2390
1234 2390
1235 2390
1236 2390
1237 2390
1238 2390
1239 2390
1240 2390
1241 2390
1242 2390
1243 2390
1244 2390
1245 2390
1246 2390
1247 2390
1248 2390
1249 2390
1250 2390
1251 2390
1252 2390
1253 2390
1254 2390
1255 2391
1256 2391
1257 2390
1258 2390
1259 2391
1260 2391
1261 2390
1262 2390
1263 2390
1264 2390
1265 2390
1266 2390
1267 2390
1268 2390
1269 2390
1270 2390
1271 2390
1272 2390
1273 2390
1274 2390
1275 2390
1276 2390
1277 2390
1278 2390
1279 2390
1280 2390
1281 2390
1282 2390
1283 2390
1284 2390
1285 2390
1286 2390
1287 2390
1288 2390
1289 2390
1290 2390
1291 2390
1292 2390
1293 2390
1294 2390
1295 2390
1296 2390
1297 2390
1298 2390
1299 2390
1300 2390
1301 2390
1302 2390
1303 2390
1304 2390
1305 2389
1306 2389
1307 2389
1308 2389
1309 2388
1310 2388
1311 2387
1312 2387
1313 2387
1314 2387
1315 2386
1316 2385
1317 2384
1318 2383
1319 2383
1319 2382
1320 2381
1321 2381
1321 2380
1322 2379
1323 2379
1323 2378
1324 2377
1325 2376
1325 2375
1326 2374
1326 2373
1326 2372
1326 2371
1326 2370
1326 2369
1326 2368
1326 2367
1326 2366
1326 2365
1325 2364
1325 2363
1324 2362
1324 2361
1323 2360
1323 2359
1322 2358
1321 2357
1320 2356
1319 2355
1318 2354
1317 2354
1316 2354
1315 2353
1314 2352
1313 2352
1312 2352
1311 2351
1310 2350
1309 2350
1308 2349
1307 2348
1306 2348
1305 2347
1305 2346
1304 2346
1303 2345
1303 2344
1302 2344
1301 2343
1300 2342
1299 2342
1298 2341
1297 2341
1296 2341
1295 2341
1294 2340
1293 2340
1292 2340
1291 2339
1290 2338
1289 2338
1288 2338
1287 2337
1286 2336
1285 2336
1284 2336
1283 2335
1282 2334
1281 2334
1280 2334
1279 2333
1278 2332
1277 2332
1276 2332
1275 2332
1274 2331
1273 2331
1272 2330
1271 2330
1270 2330
1269 2329
1268 2328
1267 2328
1266 2328
1265 2328
1264 2327
1263 2327
1262 2327
1261 2327
1260 2326
1259 2326
1258 2326
1257 2326
1256 2325
1255 2325
1254 2324
1253 2324
1252 2324
1251 2324
1250 2323
1249 2323
1248 2323
1247 2323
1246 2322
1245 2322
1244 2322
1243 2321
1242 2320
1241 2320
1240 2320
1239 2320
1238 2319
1237 2319
1236 2319
1235 2319
1234 2319
1233 2319
1232 2318
1231 2318
1230 2318
1229 2318
1228 2317
1227 2317
1226 2317
1225 2317
1224 2317
1223 2317
1222 2316
1221 2316
1220 2316
1219 2316
1218 2315
1217 2315
1216 2315
1215 2315
1214 2314
1213 2314
1212 2314
1211 2314
1210 2313
1209 2313
1208 2313
1207 2313
1206 2313
1205 2313
1204 2312
1203 2312
1202 2312
1201 2312
1200 2311
1199 2311
1198 2311
1197 2311
1196 2311
1195 2311
1194 2311
1193 2311
1192 2311
1191 2311
1190 2311
1189 2311
1188 2311
1187 2311
1186 2311
1185 2311
1184 2311
1183 2311
1182 2311
1181 2311
1180 2311
1179 2311
1178 2311
1177 2311
1176 2311
1175 2311
1174 2311
1173 2311
1172 2311
1171 2311
1170 2310
1169 2310
1168 2310
1167 2310
1166 2309
1165 2309
1164 2309
1163 2309
1162 2309
1161 2309
1160 2309
1159 2309
1158 2309
1157 2309
1156 2309
1155 2309
1154 2309
1153 2309
1152 2309
1151 2309
1150 2309
1149 2309
1148 2309
1147 2309
1146 2309
1145 2309
1144 2309
1143 2309
1142 2309
1141 2309
1140 2309
1139 2309
1138 2309
1137 2309
1136 2309
1135 2309
1134 2309
1133 2309
1132 2309
1131 2309
1130 2309
1129 2309
1128 2309
1127 2309
1126 2309
1125 2309
1124 2309
1123 2309
1122 2309
1121 2309
1120 2309
1119 2309
1118 2309
1117 2309
1116 2309
1115 2309
1114 2309
1113 2309
1112 2309
1111 2309
1110 2308
1109 2308
1108 2308
1107 2308
1106 2307
1105 2307
1104 2307
1103 2307
1102 2307
1101 2307
1100 2307
1099 2307
1098 2307
1097 2307
1096 2307
1095 2307
1094 2307
1093 2307
1092 2307
1091 2307
1090 2307
1089 2307
1088 2307
1087 2307
1086 2307
1085 2307
1084 2307
1083 2307
1082 2307
1081 2307
1080 2307
1079 2307
1078 2307
1077 2307
1076 2307
1075 2307
1074 2307
1073 2307
1072 2307
1071 2307
1070 2307
1069 2307
1068 2307
1067 2307
1066 2307
1065 2307
1064 2307
1063 2307
1062 2306
1061 2306
1060 2306
1059 2306
1058 2305
1057 2305
1056 2305
1055 2305
1054 2305
1053 2305
1052 2305
1051 2305
1050 2305
1049 2305
1048 2305
1047 2305
1046 2305
1045 2305
1044 2305
1043 2305
1042 2305
1041 2305
1040 2305
1039 2305
1038 2305
1037 2305
