394 230
393 231
392 232
392 233
392 234
392 235
392 236
393 237
394 238
394 239
395 240
395 241
396 242
396 243
396 244
397 245
397 246
398 247
398 248
398 249
398 250
399 251
399 252
400 253
400 254
401 255
401 256
402 257
402 258
402 259
403 260
404 261
404 262
404 263
405 264
405 265
405 266
406 267
406 268
406 269
407 270
408 271
408 272
409 273
410 274
410 275
411 276
412 277
413 278
414 279
414 280
415 281
416 282
417 283
418 284
419 285
420 285
421 286
422 287
423 288
423 289
424 290
424 291
424 292
424 293
425 294
425 295
426 296
426 297
426 298
427 299
428 300
429 301
430 302
431 302
432 303
433 304
434 305
435 306
436 307
437 308
438 308
439 309
440 309
441 309
442 309
443 309
444 309
445 310
446 311
446 312
447 312
448 312
449 312
450 311
451 311
452 311
453 311
454 311
455 310
456 309
457 308
458 308
459 308
460 308
461 307
462 307
463 306
464 305
465 304
466 304
467 304
468 304
469 304
470 304
471 304
472 304
473 303
474 302
474 301
475 300
475 299
475 298
475 297
474 296
474 295
474 294
475 293
475 292
475 291
475 290
475 289
475 288
475 287
475 286
475 285
475 284
475 283
475 282
475 281
475 280
475 279
475 278
474 277
474 276
474 275
474 274
474 273
474 272
474 271
474 270
473 269
473 268
473 267
473 266
473 265
472 264
472 263
471 262
470 261
470 260
469 259
468 258
468 257
467 256
467 255
466 254
465 253
465 252
464 251
463 250
463 249
462 248
461 247
461 246
461 245
460 244
459 243
458 243
457 243
456 243
455 243
454 243
453 243
452 243
451 243
450 243
449 243
448 243
447 243
446 243
445 242
444 242
443 242
442 241
441 241
440 241
439 240
438 240
437 240
436 240
435 240
434 240
433 240
432 239
431 239
430 239
429 239
428 239
427 239
426 239
425 239
424 238
423 238
422 238
421 238
420 238
419 237
418 237
417 237
416 237
415 237
414 237
413 237
412 237
411 237
410 237
409 236
408 236
407 236
406 235
405 235
404 235
403 234
402 233
401 232
400 232
399 231
398 231
397 230
396 230
395 230
394 230
