1176 1597
1175 1598
1174 1599
1173 1599
1172 1600
1171 1600
1170 1601
1169 1601
1168 1601
1167 1601
1166 1601
1165 1601
1164 1601
1163 1601
1162 1601
1161 1601
1160 1601
1159 1601
1158 1601
1157 1601
1156 1601
1155 1600
1154 1600
1153 1600
1152 1599
1151 1599
1150 1599
1149 1599
1148 1599
1147 1599
1146 1598
1145 1598
1144 1598
1143 1598
1142 1598
1141 1598
1140 1598
1139 1598
1138 1598
1137 1598
1136 1598
1135 1598
1134 1598
1133 1598
1132 1598
1131 1598
1130 1598
1129 1598
1128 1598
1127 1598
1126 1598
1125 1598
1124 1599
1123 1599
1122 1599
1121 1600
1120 1600
1119 1601
1118 1601
1117 1601
1116 1602
1115 1603
1114 1603
1113 1603
1112 1603
1111 1604
1110 1604
1109 1605
1108 1605
1107 1606
1106 1607
1105 1608
1105 1609
1104 1610
1104 1611
1105 1612
1106 1613
1107 1613
1108 1613
1109 1613
1110 1614
1111 1614
1112 1615
1113 1615
1114 1616
1115 1616
1116 1616
1117 1617
1118 1618
1119 1619
1120 1620
1121 1621
1122 1621
1123 1621
1124 1622
1125 1622
1126 1623
1127 1624
1128 1625
1129 1626
1130 1627
1131 1627
1132 1628
1133 1629
1134 1629
1135 1630
1136 1630
1137 1631
1138 1631
1139 1632
1140 1632
1141 1633
1142 1633
1143 1634
1144 1634
1145 1634
1146 1634
1147 1635
1148 1635
1149 1635
1150 1636
1151 1636
1152 1637
1153 1637
1154 1638
1155 1638
1156 1638
1157 1639
1158 1639
1159 1640
1160 1640
1161 1641
1162 1641
1163 1641
1164 1641
1165 1642
1166 1642
1167 1642
1168 1642
1169 1643
1170 1644
1171 1644
1172 1644
1173 1644
1174 1645
1175 1645
1176 1645
1177 1646
1178 1646
1179 1646
1180 1647
1181 1647
1182 1647
1183 1648
1184 1648
1185 1648
1186 1648
1187 1648
1188 1648
1189 1648
1190 1648
1191 1648
1192 1648
1193 1648
1194 1648
1195 1648
1196 1648
1197 1648
1198 1648
1199 1648
1200 1648
1201 1648
1202 1648
1203 1648
1204 1648
1205 1648
1206 1648
1207 1648
1208 1647
1209 1647
1210 1647
1211 1647
1212 1647
1213 1647
1214 1647
1215 1647
1216 1647
1217 1647
1218 1647
1219 1647
1220 1647
1221 1647
1222 1647
1223 1647
1224 1647
1225 1647
1226 1647
1227 1648
1228 1648
1229 1648
1230 1648
1231 1648
1232 1648
1233 1649
1234 1649
1235 1650
1236 1650
1237 1650
1238 1650
1239 1650
1240 1651
1241 1651
1242 1651
1243 1651
1244 1652
1245 1652
1246 1652
1247 1652
1248 1652
1249 1652
1250 1652
1251 1652
1252 1652
1253 1652
1254 1653
1255 1653
1256 1653
1257 1653
1258 1653
1259 1653
1260 1653
1261 1653
1262 1653
1263 1653
1264 1654
1265 1654
1266 1654
1267 1654
1268 1654
1269 1654
1270 1654
1271 1654
1272 1654
1273 1654
1274 1654
1275 1654
1276 1654
1277 1654
1278 1654
1279 1654
1280 1654
1281 1654
1282 1654
1283 1654
1284 1654
1285 1654
1286 1654
1287 1654
1288 1654
1289 1654
1290 1654
1291 1654
1292 1654
1293 1654
1294 1654
1295 1654
1296 1654
1297 1654
1298 1654
1299 1654
1300 1654
1301 1654
1302 1654
1303 1654
1304 1654
1305 1654
1306 1654
1307 1654
1308 1653
1309 1652
1310 1651
1311 1650
1312 1649
1313 1649
1314 1648
1315 1648
1316 1648
1317 1648
1318 1647
1319 1647
1320 1646
1320 1645
1321 1644
1321 1643
1322 1642
1322 1641
1323 1640
1323 1639
1324 1638
1325 1637
1325 1636
1325 1635
1326 1634
1326 1633
1327 1632
1327 1631
1328 1630
1328 1629
1329 1628
1330 1627
1330 1626
1330 1625
1331 1624
1331 1623
1331 1622
1330 1621
1330 1620
1330 1619
1329 1618
1328 1617
1327 1616
1326 1615
1325 1614
1324 1614
1323 1614
1322 1613
1321 1612
1320 1611
1319 1610
1318 1609
1317 1608
1316 1607
1315 1606
1315 1605
1315 1604
1314 1603
1313 1602
1312 1602
1311 1601
1310 1601
1309 1601
1308 1600
1307 1600
1306 1599
1305 1599
1304 1599
1303 1599
1302 1598
1301 1598
1300 1597
1299 1597
1298 1597
1297 1598
1296 1598
1295 1598
1294 1598
1293 1598
1292 1598
1291 1599
1290 1599
1289 1600
1288 1600
1287 1601
1286 1601
1285 1601
1284 1601
1283 1601
1282 1601
1281 1601
1280 1601
1279 1602
1278 1602
1277 1602
1276 1602
1275 1602
1274 1602
1273 1602
1272 1602
1271 1602
1270 1602
1269 1602
1268 1602
1267 1602
1266 1602
1265 1602
1264 1602
1263 1602
1262 1602
1261 1602
1260 1602
1259 1602
1258 1602
1257 1602
1256 1602
1255 1602
1254 1603
1253 1603
1252 1603
1251 1603
1250 1603
1249 1603
1248 1603
1247 1603
1246 1603
1245 1603
1244 1603
1243 1603
1242 1603
1241 1603
1240 1603
1239 1603
1238 1603
1237 1603
1236 1602
1235 1602
1234 1602
1233 1602
1232 1602
1231 1602
1230 1602
1229 1602
1228 1602
1227 1602
1226 1602
1225 1602
1224 1602
1223 1602
1222 1602
1221 1602
1220 1602
1219 1602
1218 1602
1217 1602
1216 1602
1215 1602
1214 1602
1213 1602
1212 1602
1211 1602
1210 1601
1209 1601
1208 1601
1207 1601
1206 1601
1205 1601
1204 1600
1203 1600
1202 1600
1201 1599
1200 1599
1199 1599
1198 1598
1197 1598
1196 1598
1195 1598
1194 1598
1193 1598
1192 1597
1191 1597
1190 1597
1189 1597
1188 1597
1187 1597
1186 1597
1185 1597
1184 1597
1183 1597
1182 1597
1181 1597
1180 1597
1179 1597
1178 1597
1177 1597
1176 1597
