1338 1475
1337 1476
1336 1476
1335 1476
1334 1477
1333 1477
1332 1477
1331 1477
1330 1477
1329 1477
1328 1477
1327 1477
1326 1478
1325 1478
1324 1478
1323 1478
1322 1478
1321 1478
1320 1478
1319 1478
1318 1478
1317 1478
1316 1479
1315 1479
1314 1479
1313 1479
1312 1480
1311 1480
1310 1480
1309 1481
1308 1482
1307 1483
1306 1483
1305 1484
1304 1484
1303 1484
1302 1484
1301 1484
1300 1484
1299 1484
1298 1484
1297 1484
1296 1484
1295 1484
1294 1484
1293 1484
1292 1484
1291 1484
1290 1485
1289 1486
1288 1487
1287 1487
1286 1488
1285 1488
1284 1488
1283 1488
1282 1488
1281 1488
1280 1489
1279 1489
1278 1489
1277 1489
1276 1489
1275 1490
1274 1490
1273 1490
1272 1490
1271 1490
1270 1490
1269 1490
1268 1490
1267 1490
1266 1490
1265 1490
1264 1490
1263 1490
1262 1490
1261 1491
1260 1491
1259 1491
1258 1491
1257 1491
1256 1491
1255 1491
1254 1491
1253 1491
1252 1491
1251 1491
1250 1491
1249 1492
1248 1492
1247 1492
1246 1493
1245 1493
1244 1493
1243 1493
1242 1493
1241 1493
1240 1493
1239 1493
1238 1493
1237 1493
1236 1493
1235 1493
1234 1493
1233 1493
1232 1493
1231 1493
1230 1493
1229 1493
1228 1494
1227 1494
1226 1494
1225 1494
1224 1494
1223 1494
1222 1494
1221 1494
1220 1494
1219 1494
1218 1494
1217 1494
1216 1494
1215 1494
1214 1494
1213 1494
1212 1495
1211 1495
1210 1495
1209 1495
1208 1495
1207 1495
1206 1496
1205 1496
1204 1497
1203 1497
1202 1498
1202 1499
1201 1500
1201 1501
1200 1502
1200 1503
1200 1504
1200 1505
1200 1506
1200 1507
1200 1508
1200 1509
1200 1510
1200 1511
1200 1512
1200 1513
1200 1514
1200 1515
1200 1516
1201 1517
1201 1518
1201 1519
1202 1520
1202 1521
1202 1522
1203 1523
1203 1524
1204 1525
1204 1526
1205 1527
1205 1528
1205 1529
1205 1530
1205 1531
1205 1532
1205 1533
1206 1534
1206 1535
1206 1536
1206 1537
1206 1538
1206 1539
1206 1540
1207 1541
1207 1542
1207 1543
1208 1544
1208 1545
1208 1546
1209 1547
1209 1548
1209 1549
1209 1550
1209 1551
1209 1552
1210 1553
1211 1554
1211 1555
1211 1556
1211 1557
1211 1558
1211 1559
1211 1560
1212 1561
1212 1562
1213 1563
1213 1564
1213 1565
1214 1566
1215 1567
1216 1568
1217 1569
1218 1570
1219 1571
1220 1572
1221 1572
1222 1572
1223 1572
1224 1573
1225 1573
1226 1573
1227 1574
1228 1574
1229 1574
1230 1575
1231 1575
1232 1576
1233 1577
1234 1577
1235 1578
1236 1578
1237 1579
1238 1580
1239 1581
1240 1582
1241 1582
1242 1583
1243 1583
1244 1584
1245 1585
1246 1585
1247 1586
1248 1587
1249 1588
1250 1589
1251 1589
1252 1590
1253 1591
1254 1591
1255 1592
1256 1593
1257 1594
1258 1594
1259 1595
1260 1595
1261 1596
1262 1596
1263 1597
1264 1597
1265 1597
1266 1598
1267 1599
1268 1600
1269 1601
1270 1602
1271 1603
1272 1603
1273 1604
1274 1604
1275 1605
1276 1605
1277 1605
1278 1605
1279 1605
1280 1605
1281 1605
1282 1605
1283 1606
1284 1606
1285 1606
1286 1606
1287 1607
1288 1607
1289 1607
1290 1607
1291 1607
1292 1607
1293 1607
1294 1607
1295 1607
1296 1608
1297 1608
1298 1608
1299 1608
1300 1609
1301 1609
1302 1609
1303 1609
1304 1610
1305 1610
1306 1610
1307 1609
1308 1609
1309 1609
1310 1608
1311 1608
1312 1608
1313 1608
1314 1608
1315 1608
1316 1608
1317 1608
1318 1608
1319 1608
1320 1609
1321 1609
1322 1610
1323 1611
1324 1611
1325 1612
1326 1612
1327 1612
1328 1612
1329 1612
1330 1612
1331 1612
1332 1612
1333 1612
1334 1612
1335 1612
1336 1612
1337 1612
1338 1612
1339 1612
1340 1612
1341 1612
1342 1613
1343 1613
1344 1613
1345 1614
1346 1614
1347 1615
1348 1616
1349 1616
1350 1617
1351 1617
1352 1617
1353 1617
1354 1617
1355 1617
1356 1617
1357 1617
1358 1617
1359 1618
1360 1618
1361 1619
1362 1619
1363 1619
1364 1619
1365 1618
1366 1618
1367 1618
1368 1618
1369 1619
1370 1619
1371 1619
1372 1619
1373 1619
1374 1619
1375 1619
1376 1619
1377 1620
1378 1620
1379 1620
1380 1621
1381 1621
1382 1621
1383 1621
1384 1621
1385 1621
1386 1621
1387 1621
1388 1621
1389 1622
1390 1622
1391 1622
1392 1622
1393 1622
1394 1622
1395 1622
1396 1621
1397 1621
1398 1621
1399 1621
1400 1621
1401 1621
1402 1621
1403 1621
1404 1621
1405 1621
1406 1621
1407 1622
1408 1622
1409 1622
1410 1622
1411 1622
1412 1622
1413 1622
1414 1622
1415 1622
1416 1622
1417 1622
1418 1622
1419 1622
1420 1622
1421 1622
1422 1622
1423 1622
1424 1622
1425 1622
1426 1622
1427 1622
1428 1622
1429 1622
1430 1622
1431 1622
1432 1622
1433 1622
1434 1622
1435 1622
1436 1623
1437 1623
1438 1623
1439 1623
1440 1623
1441 1623
1442 1623
1443 1623
1444 1623
1445 1623
1446 1623
1447 1623
1448 1623
1449 1623
1450 1623
1451 1623
1452 1623
1453 1623
1454 1623
1455 1623
1456 1623
1457 1623
1458 1623
1459 1623
1460 1623
1461 1623
1462 1623
1463 1623
1464 1623
1465 1623
1466 1624
1467 1624
1468 1624
1469 1624
1470 1624
1471 1624
1472 1624
1473 1624
1474 1624
1475 1624
1476 1624
1477 1624
1478 1625
1479 1625
1480 1626
1481 1626
1482 1626
1483 1626
1484 1626
1485 1626
1486 1626
1487 1626
1488 1626
1489 1626
1490 1626
1491 1626
1492 1626
1493 1626
1494 1626
1495 1626
1496 1627
1497 1627
1498 1627
1499 1627
1500 1627
1501 1627
1502 1627
1503 1627
1504 1627
1505 1627
1506 1627
1507 1627
1508 1627
1509 1627
1510 1627
1511 1627
1512 1627
1513 1627
1514 1627
1515 1627
1516 1627
1517 1627
1518 1627
1519 1627
1520 1627
1521 1627
1522 1627
1523 1627
1524 1627
1525 1627
1526 1627
1527 1627
1528 1627
1529 1626
1530 1626
1531 1626
1532 1626
1533 1625
1534 1625
1535 1625
1536 1624
1537 1624
1538 1624
1539 1624
1540 1624
1541 1624
1542 1624
1543 1624
1544 1623
1545 1622
1546 1622
1547 1621
1548 1621
1549 1620
1550 1619
1551 1619
1552 1618
1553 1618
1554 1618
1555 1618
1556 1618
1557 1618
1558 1618
1559 1617
1560 1616
1561 1616
1562 1615
1562 1614
1563 1613
1564 1612
1565 1611
1566 1610
1567 1609
1568 1609
1569 1608
1570 1607
1571 1607
1572 1606
1573 1606
1574 1605
1575 1605
1576 1605
1577 1604
1578 1604
1579 1603
1580 1602
1581 1601
1582 1601
1583 1600
1584 1600
1585 1599
1586 1598
1587 1597
1588 1596
1589 1595
1590 1595
1591 1594
1592 1594
1593 1593
1594 1593
1595 1592
1596 1591
1597 1591
1598 1590
1598 1589
1599 1588
1600 1587
1600 1586
1601 1585
1601 1584
1601 1583
1601 1582
1601 1581
1601 1580
1601 1579
1601 1578
1601 1577
1601 1576
1601 1575
1601 1574
1601 1573
1601 1572
1601 1571
1601 1570
1602 1569
1602 1568
1602 1567
1602 1566
1603 1565
1603 1564
1603 1563
1603 1562
1603 1561
1603 1560
1604 1559
1604 1558
1604 1557
1605 1556
1605 1555
1605 1554
1605 1553
1606 1552
1606 1551
1607 1550
1608 1549
1608 1548
1608 1547
1608 1546
1608 1545
1608 1544
1608 1543
1608 1542
1608 1541
1608 1540
1608 1539
1608 1538
1608 1537
1608 1536
1608 1535
1607 1534
1607 1533
1607 1532
1607 1531
1607 1530
1606 1529
1606 1528
1605 1527
1605 1526
1605 1525
1604 1524
1604 1523
1604 1522
1603 1521
1603 1520
1603 1519
1603 1518
1602 1517
1601 1516
1601 1515
1601 1514
1600 1513
1600 1512
1600 1511
1599 1510
1599 1509
1598 1508
1598 1507
1598 1506
1598 1505
1597 1504
1597 1503
1596 1502
1596 1501
1596 1500
1596 1499
1595 1498
1595 1497
1594 1496
1594 1495
1593 1494
1592 1493
1591 1492
1590 1491
1589 1491
1588 1491
1587 1490
1586 1490
1585 1490
1584 1490
1583 1490
1582 1490
1581 1490
1580 1489
1579 1489
1578 1489
1577 1489
1576 1489
1575 1489
1574 1488
1573 1488
1572 1488
1571 1488
1570 1488
1569 1488
1568 1488
1567 1487
1566 1487
1565 1486
1564 1486
1563 1485
1562 1484
1561 1484
1560 1484
1559 1484
1558 1485
1557 1485
1556 1486
1555 1487
1554 1488
1553 1489
1552 1490
1551 1491
1550 1491
1549 1492
1548 1492
1547 1492
1546 1493
1545 1494
1544 1495
1543 1496
1542 1496
1541 1496
1540 1496
1539 1496
1538 1496
1537 1496
1536 1496
1535 1496
1534 1496
1533 1496
1532 1496
1531 1496
1530 1496
1529 1495
1528 1495
1527 1495
1526 1495
1525 1495
1524 1496
1523 1496
1522 1496
1521 1496
1520 1496
1519 1496
1518 1496
1517 1496
1516 1496
1515 1496
1514 1496
1513 1496
1512 1496
1511 1496
1510 1497
1509 1497
1508 1497
1507 1498
1506 1498
1505 1498
1504 1498
1503 1498
1502 1498
1501 1498
1500 1498
1499 1498
1498 1497
1497 1497
1496 1496
1495 1496
1494 1495
1493 1495
1492 1495
1491 1495
1490 1495
1489 1495
1488 1495
1487 1495
1486 1495
1485 1495
1484 1495
1483 1495
1482 1494
1481 1494
1480 1493
1479 1493
1478 1493
1477 1493
1476 1493
1475 1493
1474 1493
1473 1493
1472 1493
1471 1493
1470 1493
1469 1493
1468 1492
1467 1492
1466 1491
1465 1490
1464 1490
1463 1490
1462 1490
1461 1490
1460 1490
1459 1491
1458 1491
1457 1491
1456 1491
1455 1491
1454 1491
1453 1491
1452 1491
1451 1491
1450 1491
1449 1491
1448 1491
1447 1491
1446 1491
1445 1491
1444 1491
1443 1491
1442 1491
1441 1491
1440 1491
1439 1491
1438 1491
1437 1491
1436 1491
1435 1491
1434 1490
1433 1490
1432 1490
1431 1490
1430 1490
1429 1490
1428 1490
1427 1490
1426 1490
1425 1490
1424 1490
1423 1490
1422 1490
1421 1490
1420 1490
1419 1490
1418 1490
1417 1490
1416 1490
1415 1490
1414 1490
1413 1490
1412 1490
1411 1490
1410 1490
1409 1490
1408 1490
1407 1490
1406 1490
1405 1490
1404 1490
1403 1490
1402 1490
1401 1489
1400 1488
1399 1487
1398 1487
1397 1487
1396 1487
1395 1487
1394 1487
1393 1487
1392 1486
1391 1486
1390 1486
1389 1485
1388 1485
1387 1485
1386 1485
1385 1485
1384 1484
1383 1484
1382 1483
1381 1483
1380 1483
1379 1483
1378 1483
1377 1483
1376 1483
1375 1483
1374 1483
1373 1483
1372 1483
1371 1483
1370 1482
1369 1482
1368 1481
1367 1481
1366 1481
1365 1480
1364 1480
1363 1480
1362 1480
1361 1480
1360 1480
1359 1480
1358 1480
1357 1480
1356 1480
1355 1480
1354 1479
1353 1479
1352 1478
1351 1478
1350 1478
1349 1478
1348 1478
1347 1478
1346 1478
1345 1478
1344 1477
1343 1477
1342 1476
1341 1476
1340 1475
1339 1475
1338 1475
