157 1659
156 1660
155 1660
154 1660
153 1660
152 1660
151 1660
150 1661
149 1661
148 1661
147 1661
146 1661
145 1661
144 1661
143 1661
142 1662
141 1662
140 1662
139 1663
138 1663
137 1663
136 1663
135 1663
134 1663
133 1663
132 1664
131 1665
130 1666
130 1667
129 1668
128 1669
128 1670
127 1671
127 1672
126 1673
126 1674
125 1675
126 1676
126 1677
127 1678
128 1678
129 1679
130 1679
131 1680
132 1680
133 1680
134 1680
135 1680
136 1680
137 1681
138 1681
139 1681
140 1682
141 1682
142 1682
143 1683
144 1683
145 1683
146 1684
147 1684
148 1684
149 1684
150 1684
151 1684
152 1685
153 1685
154 1685
155 1686
156 1686
157 1686
158 1686
159 1686
160 1686
161 1686
162 1686
163 1686
164 1686
165 1686
166 1686
167 1686
168 1686
169 1686
170 1686
171 1685
172 1685
173 1685
174 1685
175 1685
176 1685
177 1684
178 1684
179 1683
180 1682
181 1682
182 1681
182 1680
183 1679
183 1678
183 1677
183 1676
183 1675
183 1674
183 1673
184 1672
184 1671
183 1670
183 1669
183 1668
183 1667
182 1666
182 1665
182 1664
181 1663
180 1662
180 1661
179 1661
178 1660
177 1660
176 1659
175 1659
174 1659
173 1659
172 1659
171 1659
170 1659
169 1659
168 1659
167 1659
166 1659
165 1659
164 1659
163 1659
162 1659
161 1659
160 1659
159 1659
158 1659
157 1659
