1239 1458
1238 1459
1237 1459
1236 1460
1235 1460
1234 1460
1233 1461
1232 1461
1231 1461
1230 1462
1229 1462
1228 1462
1227 1463
1226 1464
1225 1464
1224 1465
1223 1465
1222 1465
1221 1465
1220 1465
1219 1465
1218 1466
1217 1466
1216 1466
1215 1467
1214 1467
1213 1467
1212 1467
1211 1467
1210 1467
1209 1467
1208 1467
1207 1467
1206 1467
1205 1467
1204 1467
1203 1468
1202 1468
1201 1468
1200 1468
1199 1468
1198 1468
1197 1468
1196 1468
1195 1468
1194 1468
1193 1469
1192 1469
1191 1469
1190 1469
1189 1469
1188 1469
1187 1469
1186 1470
1185 1470
1184 1470
1183 1470
1182 1470
1181 1470
1180 1470
1179 1470
1178 1470
1177 1470
1176 1470
1175 1470
1174 1470
1173 1470
1172 1470
1171 1470
1170 1470
1169 1470
1168 1470
1167 1470
1166 1469
1165 1469
1164 1469
1163 1469
1162 1469
1161 1469
1160 1469
1159 1469
1158 1469
1157 1470
1156 1470
1155 1471
1154 1472
1153 1473
1152 1474
1152 1475
1151 1476
1150 1477
1149 1478
1148 1479
1147 1480
1147 1481
1147 1482
1146 1483
1146 1484
1145 1485
1144 1486
1143 1487
1142 1487
1141 1488
1140 1488
1139 1488
1138 1488
1137 1488
1136 1489
1135 1490
1134 1490
1133 1491
1132 1491
1131 1492
1130 1493
1129 1494
1129 1495
1128 1496
1127 1496
1126 1497
1125 1498
1124 1498
1123 1499
1122 1500
1121 1501
1120 1501
1119 1502
1118 1503
1117 1504
1116 1505
1115 1506
1114 1507
1113 1508
1112 1509
1111 1510
1111 1511
1111 1512
1111 1513
1111 1514
1112 1515
1112 1516
1112 1517
1112 1518
1112 1519
1112 1520
1112 1521
1112 1522
1112 1523
1112 1524
1112 1525
1112 1526
1112 1527
1112 1528
1112 1529
1112 1530
1112 1531
1113 1531
1114 1531
1115 1531
1116 1531
1117 1531
1118 1531
1119 1530
1120 1530
1121 1529
1122 1528
1123 1528
1124 1528
1125 1527
1126 1527
1127 1526
1128 1526
1129 1526
1130 1525
1131 1524
1132 1523
1133 1523
1134 1522
1135 1522
1136 1521
1137 1521
1138 1520
1139 1520
1140 1519
1141 1518
1142 1518
1143 1517
1144 1517
1145 1517
1146 1516
1147 1516
1148 1515
1149 1515
1150 1515
1151 1515
1152 1515
1153 1515
1154 1515
1155 1515
1156 1515
1157 1515
1158 1514
1159 1514
1160 1514
1161 1514
1162 1514
1163 1514
1164 1514
1165 1514
1166 1514
1167 1514
1168 1514
1169 1514
1170 1514
1171 1514
1172 1513
1173 1513
1174 1513
1175 1513
1176 1513
1177 1513
1178 1513
1179 1513
1180 1514
1181 1514
1182 1514
1183 1514
1184 1514
1185 1514
1186 1514
1187 1514
1188 1514
1189 1514
1190 1514
1191 1514
1192 1514
1193 1514
1194 1514
1195 1514
1196 1514
1197 1514
1198 1514
1199 1514
1200 1514
1201 1514
1202 1514
1203 1514
1204 1514
1205 1514
1206 1514
1207 1514
1208 1515
1209 1515
1210 1516
1211 1517
1212 1517
1213 1518
1214 1519
1215 1520
1216 1520
1217 1521
1218 1522
1219 1523
1220 1524
1221 1525
1222 1525
1223 1526
1224 1527
1225 1528
1226 1529
1227 1530
1228 1531
1229 1532
1230 1533
1231 1533
1232 1534
1233 1535
1234 1535
1235 1536
1236 1537
1237 1538
1238 1539
1239 1540
1240 1541
1241 1541
1242 1541
1243 1541
1244 1541
1245 1542
1246 1542
1247 1542
1248 1543
1249 1543
1250 1543
1251 1543
1252 1544
1253 1544
1254 1544
1255 1545
1256 1545
1257 1545
1258 1545
1259 1545
1260 1545
1261 1545
1262 1545
1263 1544
1264 1544
1265 1544
1266 1543
1267 1543
1268 1542
1269 1542
1270 1542
1271 1541
1272 1541
1273 1541
1274 1540
1275 1539
1276 1539
1277 1539
1278 1539
1279 1539
1280 1538
1281 1538
1282 1538
1283 1537
1284 1537
1285 1537
1286 1536
1287 1536
1288 1536
1289 1536
1290 1535
1291 1535
1292 1535
1293 1535
1294 1534
1295 1534
1296 1534
1297 1534
1298 1534
1299 1534
1300 1533
1301 1533
1302 1532
1303 1532
1304 1532
1305 1531
1306 1531
1307 1531
1308 1531
1309 1531
1310 1531
1311 1531
1312 1531
1313 1531
1314 1531
1315 1531
1316 1530
1317 1530
1318 1530
1319 1530
1320 1530
1321 1529
1322 1529
1323 1529
1324 1529
1325 1529
1326 1529
1327 1528
1328 1528
1329 1528
1330 1528
1331 1528
1332 1528
1333 1527
1334 1527
1335 1526
1336 1526
1337 1525
1338 1524
1339 1524
1340 1524
1341 1524
1342 1523
1343 1522
1344 1521
1344 1520
1344 1519
1344 1518
1344 1517
1344 1516
1344 1515
1344 1514
1344 1513
1344 1512
1343 1511
1343 1510
1342 1509
1342 1508
1341 1507
1341 1506
1340 1505
1340 1504
1339 1503
1339 1502
1338 1501
1338 1500
1337 1500
1336 1499
1335 1498
1334 1498
1333 1497
1332 1497
1331 1496
1330 1496
1329 1496
1328 1495
1327 1495
1326 1494
1325 1494
1324 1493
1323 1493
1322 1492
1321 1492
1320 1492
1319 1491
1318 1491
1317 1490
1316 1490
1315 1490
1314 1489
1313 1489
1312 1489
1311 1489
1310 1488
1309 1488
1308 1488
1307 1487
1306 1487
1305 1487
1304 1486
1303 1485
1302 1485
1301 1484
1300 1483
1299 1482
1298 1482
1297 1481
1296 1481
1295 1480
1294 1479
1293 1478
1292 1478
1291 1477
1290 1477
1289 1476
1288 1476
1287 1475
1286 1475
1285 1474
1284 1474
1283 1473
1282 1473
1281 1473
1280 1474
1279 1474
1278 1474
1277 1474
1276 1474
1275 1473
1274 1472
1273 1471
1272 1470
1272 1469
1271 1469
1270 1468
1269 1468
1268 1467
1267 1467
1266 1466
1265 1466
1264 1466
1263 1465
1262 1465
1261 1464
1260 1464
1259 1463
1258 1463
1257 1462
1256 1462
1255 1461
1254 1461
1253 1460
1252 1459
1251 1459
1250 1458
1249 1458
1248 1458
1247 1458
1246 1458
1245 1458
1244 1458
1243 1458
1242 1458
1241 1458
1240 1458
1239 1458
