272 1827
271 1828
270 1828
269 1828
268 1829
267 1829
266 1830
265 1830
264 1830
263 1830
262 1830
261 1831
260 1831
259 1831
258 1831
257 1831
256 1831
255 1831
254 1832
253 1832
252 1832
251 1832
250 1832
249 1832
248 1832
247 1832
246 1833
245 1833
244 1833
243 1834
242 1834
241 1834
240 1834
239 1834
238 1834
237 1834
236 1835
235 1835
234 1835
233 1835
232 1835
231 1836
230 1836
229 1836
228 1836
227 1837
226 1837
225 1837
224 1837
223 1838
222 1838
221 1838
220 1838
219 1839
218 1839
217 1839
216 1839
215 1839
214 1839
213 1839
212 1839
211 1839
210 1839
209 1839
208 1839
207 1839
206 1839
205 1839
204 1839
203 1839
202 1839
201 1839
200 1840
199 1840
198 1841
197 1841
196 1842
195 1842
194 1842
193 1842
192 1842
191 1842
190 1842
189 1842
188 1842
187 1842
186 1842
185 1842
184 1842
183 1842
182 1842
181 1842
180 1842
179 1841
178 1841
177 1840
176 1839
175 1839
174 1838
173 1838
172 1837
171 1837
170 1837
169 1837
168 1837
167 1837
166 1837
165 1837
164 1837
163 1838
162 1838
161 1838
160 1839
159 1839
158 1840
157 1840
156 1841
155 1842
154 1842
153 1843
152 1844
151 1845
151 1846
151 1847
152 1848
152 1849
152 1850
152 1851
153 1852
153 1853
153 1854
154 1855
154 1856
155 1857
155 1858
155 1859
155 1860
155 1861
155 1862
155 1863
155 1864
155 1865
156 1866
156 1867
156 1868
156 1869
156 1870
157 1871
157 1872
157 1873
157 1874
157 1875
158 1876
158 1877
159 1878
160 1879
160 1880
161 1880
162 1881
163 1882
164 1883
165 1884
166 1884
167 1885
168 1885
169 1886
170 1887
171 1887
172 1887
173 1887
174 1887
175 1888
176 1888
177 1888
178 1889
179 1889
180 1889
181 1889
182 1889
183 1889
184 1889
185 1889
186 1890
187 1890
188 1890
189 1891
190 1891
191 1892
192 1892
193 1892
194 1892
195 1892
196 1893
197 1893
198 1894
199 1895
200 1895
201 1895
202 1895
203 1895
204 1895
205 1895
206 1896
207 1896
208 1896
209 1896
210 1896
211 1897
212 1897
213 1897
214 1897
215 1897
216 1897
217 1898
218 1898
219 1898
220 1899
221 1899
222 1899
223 1900
224 1900
225 1900
226 1900
227 1900
228 1901
229 1901
230 1901
231 1901
232 1901
233 1901
234 1902
235 1902
236 1903
237 1903
238 1903
239 1903
240 1904
241 1904
242 1904
243 1905
244 1905
245 1905
246 1905
247 1905
248 1905
249 1905
250 1905
251 1904
252 1904
253 1904
254 1903
255 1903
256 1903
257 1902
258 1902
259 1902
260 1901
261 1901
262 1900
263 1900
263 1899
264 1898
264 1897
265 1896
265 1895
266 1894
267 1894
268 1893
269 1893
270 1893
271 1894
272 1893
273 1893
274 1893
275 1892
276 1892
277 1891
278 1891
279 1890
280 1890
281 1890
282 1889
283 1889
284 1888
285 1887
286 1887
287 1886
288 1885
289 1885
290 1884
291 1883
292 1882
293 1881
294 1880
295 1879
296 1878
296 1877
296 1876
296 1875
296 1874
296 1873
296 1872
296 1871
296 1870
296 1869
296 1868
296 1867
296 1866
296 1865
296 1864
296 1863
296 1862
296 1861
295 1860
295 1859
294 1858
294 1857
293 1856
293 1855
292 1854
291 1853
290 1852
289 1851
288 1850
288 1849
288 1848
288 1847
288 1846
287 1845
287 1844
286 1843
286 1842
286 1841
285 1840
285 1839
284 1838
284 1837
284 1836
283 1835
283 1834
282 1833
282 1832
281 1831
280 1830
279 1829
278 1828
277 1828
276 1827
275 1828
274 1828
273 1828
272 1827
