448 660
447 661
446 661
445 662
444 662
443 662
442 662
441 662
440 663
439 663
438 663
437 663
436 663
435 663
434 663
433 663
432 663
431 664
430 664
429 664
428 664
427 664
426 665
425 665
424 664
423 665
422 665
421 665
420 665
419 665
418 665
417 665
416 665
415 665
414 665
413 666
412 666
411 667
410 667
409 668
408 669
407 669
406 670
405 670
404 670
404 671
404 672
404 673
405 674
406 674
407 675
408 676
409 676
410 677
411 677
412 677
413 677
414 677
415 678
416 678
417 678
418 678
419 678
420 679
421 679
422 679
423 679
424 679
425 679
426 679
427 679
428 679
429 679
430 679
431 679
432 680
433 681
434 681
435 681
436 681
437 681
438 681
439 681
440 681
441 681
442 681
443 681
444 681
445 680
446 680
447 680
448 680
449 679
450 679
451 679
452 679
453 679
454 679
455 678
456 678
457 678
458 678
459 678
460 677
461 677
462 677
463 676
464 676
465 677
466 676
467 675
468 674
468 673
468 672
468 671
468 670
467 669
467 668
466 667
466 666
465 665
465 664
464 663
463 662
462 661
461 661
460 661
459 661
458 661
457 661
456 661
455 661
454 661
453 661
452 661
451 661
450 661
449 660
448 660
