715 1592
714 1593
713 1593
712 1593
711 1593
710 1594
709 1594
708 1594
707 1594
706 1594
705 1594
704 1594
703 1594
702 1594
701 1594
700 1594
699 1594
698 1594
697 1594
696 1594
695 1594
694 1594
693 1594
692 1594
691 1594
690 1594
689 1594
688 1594
687 1595
686 1596
685 1596
684 1596
683 1597
682 1597
681 1598
680 1598
679 1598
678 1598
677 1598
676 1599
675 1599
674 1600
673 1600
672 1600
671 1601
670 1601
669 1601
668 1602
667 1602
666 1602
665 1603
664 1603
663 1604
662 1604
661 1604
660 1604
659 1605
658 1605
657 1605
656 1606
655 1606
654 1607
653 1607
652 1608
651 1608
650 1608
649 1609
648 1609
647 1610
646 1611
645 1611
644 1612
643 1612
642 1612
641 1613
640 1613
639 1614
638 1614
637 1615
636 1615
635 1616
634 1616
633 1617
632 1618
631 1618
630 1619
629 1619
628 1620
627 1620
626 1621
625 1622
624 1622
623 1623
622 1623
621 1624
620 1624
619 1624
618 1625
617 1626
616 1627
615 1627
614 1628
613 1629
612 1629
611 1630
610 1630
610 1631
610 1632
611 1633
612 1634
613 1634
614 1635
615 1636
616 1636
617 1637
618 1638
619 1638
620 1639
621 1640
622 1641
623 1642
624 1643
625 1644
626 1645
627 1645
628 1646
629 1646
630 1646
631 1646
632 1646
633 1646
634 1646
635 1646
636 1646
637 1646
638 1646
639 1646
640 1646
641 1645
642 1645
643 1645
644 1645
645 1645
646 1645
647 1645
648 1645
649 1645
650 1645
651 1645
652 1645
653 1645
654 1644
655 1644
656 1644
657 1643
658 1643
659 1643
660 1643
661 1643
662 1643
663 1643
664 1643
665 1643
666 1643
667 1643
668 1643
669 1643
670 1643
671 1643
672 1643
673 1643
674 1643
675 1643
676 1642
677 1642
678 1642
679 1642
680 1642
681 1641
682 1641
683 1641
684 1641
685 1641
686 1641
687 1641
688 1641
689 1641
690 1641
691 1641
692 1641
693 1641
694 1642
695 1643
696 1643
697 1644
698 1644
699 1645
700 1645
701 1645
702 1645
703 1644
704 1644
705 1644
706 1643
707 1643
708 1643
709 1644
710 1644
711 1644
712 1645
713 1645
714 1644
715 1644
716 1644
717 1643
718 1643
719 1644
720 1644
721 1645
722 1645
723 1646
724 1646
725 1647
726 1647
727 1647
728 1648
729 1648
730 1648
731 1649
732 1649
733 1649
734 1649
735 1649
736 1649
737 1649
738 1649
739 1649
740 1650
741 1650
742 1650
743 1650
744 1650
745 1650
746 1650
747 1650
748 1650
749 1650
750 1650
751 1650
752 1650
753 1650
754 1650
755 1650
756 1650
757 1650
758 1650
759 1650
760 1650
761 1650
762 1650
763 1650
764 1650
765 1650
766 1650
767 1650
768 1650
769 1651
770 1651
771 1651
772 1651
773 1651
774 1651
775 1651
776 1651
777 1651
778 1650
779 1650
780 1649
781 1649
782 1649
783 1649
784 1649
785 1649
786 1648
787 1648
788 1648
789 1647
790 1647
791 1647
792 1647
793 1647
794 1647
795 1646
796 1646
797 1646
798 1646
799 1647
800 1647
801 1647
802 1647
803 1647
804 1647
805 1647
806 1646
807 1646
808 1646
809 1646
810 1646
811 1646
812 1646
813 1646
814 1646
815 1646
816 1646
817 1646
818 1645
819 1645
820 1645
821 1644
822 1644
823 1643
824 1642
825 1641
826 1641
827 1640
827 1639
828 1638
829 1637
830 1637
830 1636
831 1635
832 1634
832 1633
832 1632
832 1631
832 1630
832 1629
832 1628
833 1627
833 1626
834 1625
834 1624
834 1623
834 1622
834 1621
834 1620
834 1619
834 1618
834 1617
834 1616
834 1615
834 1614
834 1613
834 1612
834 1611
834 1610
834 1609
833 1608
833 1607
833 1606
833 1605
833 1604
832 1603
831 1602
830 1602
829 1601
828 1601
827 1600
826 1599
825 1598
824 1597
823 1597
822 1596
821 1596
820 1596
819 1595
818 1595
817 1595
816 1595
815 1595
814 1595
813 1595
812 1595
811 1595
810 1595
809 1595
808 1594
807 1594
806 1594
805 1594
804 1594
803 1594
802 1594
801 1594
800 1594
799 1594
798 1594
797 1594
796 1594
795 1594
794 1594
793 1594
792 1594
791 1594
790 1594
789 1594
788 1594
787 1594
786 1594
785 1594
784 1594
783 1594
782 1594
781 1594
780 1594
779 1593
778 1593
777 1593
776 1592
775 1592
774 1592
773 1592
772 1592
771 1592
770 1592
769 1592
768 1592
767 1592
766 1592
765 1592
764 1592
763 1592
762 1592
761 1592
760 1592
759 1592
758 1592
757 1592
756 1592
755 1592
754 1592
753 1592
752 1592
751 1592
750 1592
749 1592
748 1592
747 1592
746 1592
745 1592
744 1592
743 1592
742 1592
741 1592
740 1592
739 1592
738 1592
737 1592
736 1592
735 1592
734 1592
733 1592
732 1592
731 1592
730 1592
729 1592
728 1592
727 1592
726 1592
725 1592
724 1592
723 1592
722 1592
721 1592
720 1592
719 1592
718 1592
717 1592
716 1592
715 1592
