274 653
273 654
272 654
271 654
270 654
269 654
268 655
267 655
266 655
265 655
264 656
263 656
262 656
261 656
260 657
259 658
258 658
257 659
256 659
255 659
254 660
253 660
252 660
251 661
250 661
249 662
248 662
247 662
246 662
245 663
244 663
243 664
242 664
241 664
240 664
239 664
238 664
237 664
236 664
235 664
234 664
233 664
232 664
231 664
230 664
229 664
228 664
227 664
226 664
225 664
224 664
223 664
222 664
221 664
220 664
219 664
218 664
217 664
216 664
215 664
214 664
213 663
212 663
211 663
210 663
209 663
208 663
207 663
206 662
205 662
204 662
203 662
202 661
201 661
200 661
199 661
198 661
197 661
196 661
195 661
194 661
193 662
192 663
191 663
190 664
189 664
188 664
187 665
186 665
185 665
184 666
183 666
182 667
181 667
180 668
179 668
178 668
177 668
176 668
175 668
174 669
173 669
172 669
171 670
170 670
169 671
168 672
167 672
167 673
166 674
166 675
165 676
165 677
165 678
165 679
165 680
166 681
166 682
166 683
167 684
167 685
167 686
168 687
169 688
170 689
171 690
172 691
173 692
174 693
175 694
176 694
177 695
178 695
179 695
180 696
181 696
182 696
183 696
184 696
185 697
186 697
187 698
188 698
189 699
190 699
191 700
192 701
193 701
194 702
195 702
196 703
197 704
198 704
199 705
200 705
201 706
202 706
203 707
204 708
205 708
206 709
207 710
208 710
209 711
210 712
211 713
212 714
213 714
214 714
215 715
216 716
217 716
218 717
219 718
220 718
221 718
222 718
223 719
224 719
225 720
226 720
227 720
228 720
229 720
230 721
231 721
232 721
233 722
234 722
235 722
236 722
237 723
238 723
239 723
240 724
241 724
242 724
243 724
244 724
245 724
246 724
247 724
248 724
249 724
250 724
251 724
252 724
253 724
254 724
255 724
256 724
257 724
258 724
259 724
260 724
261 724
262 724
263 725
264 725
265 725
266 725
267 725
268 725
269 725
270 725
271 724
272 723
273 723
274 723
275 723
276 723
277 723
278 723
279 722
280 722
281 722
282 722
283 722
284 722
285 721
286 721
287 721
288 720
289 720
290 719
291 719
292 719
293 719
294 719
295 719
296 718
297 718
298 718
299 717
300 717
301 717
302 717
303 717
304 716
305 716
306 716
307 715
308 715
309 715
310 714
311 714
312 713
313 713
314 712
315 712
316 711
317 710
317 709
318 708
318 707
319 706
319 705
320 704
321 703
321 702
321 701
320 700
319 699
319 698
319 697
318 696
318 695
317 694
317 693
316 692
316 691
316 690
315 689
315 688
314 687
314 686
313 685
313 684
312 683
312 682
311 681
311 680
310 679
310 678
309 677
308 676
308 675
308 674
308 673
308 672
307 671
307 670
306 669
305 668
305 667
304 666
303 665
303 664
303 663
303 662
302 661
302 660
302 659
301 658
300 657
299 656
298 655
297 655
296 655
295 654
294 654
293 654
292 653
291 653
290 653
289 653
288 653
287 653
286 653
285 653
284 653
283 653
282 653
281 653
280 653
279 653
278 653
277 653
276 653
275 653
274 653
