688 607
687 608
686 608
685 608
684 609
683 609
682 609
681 609
680 609
679 609
678 609
677 609
676 610
675 610
674 610
673 610
672 610
671 610
670 611
669 611
668 611
667 611
666 612
665 612
664 612
663 612
662 612
661 612
660 612
659 613
658 613
657 613
656 613
655 614
654 614
653 614
652 614
651 614
650 614
649 614
648 614
647 614
646 614
645 615
644 615
643 615
642 615
641 615
640 615
639 615
638 616
637 616
636 616
635 616
634 616
633 616
632 616
631 616
630 616
629 616
628 617
627 617
626 617
625 617
624 617
623 617
622 617
621 617
620 617
619 617
618 617
617 617
616 617
615 617
614 617
613 616
612 615
611 615
610 615
609 615
608 615
607 615
606 615
605 615
604 615
603 615
602 615
601 615
600 615
599 615
598 616
597 616
596 616
595 616
594 616
593 616
592 616
591 616
590 616
589 616
588 616
587 616
586 616
585 616
584 616
583 616
582 616
581 616
580 616
579 616
578 616
577 616
576 616
575 616
574 616
573 616
572 617
571 617
570 617
569 617
568 617
567 617
566 617
565 618
564 618
563 618
562 619
561 619
560 619
559 619
558 619
557 619
556 619
555 619
554 620
553 620
552 620
551 620
550 620
549 620
548 620
547 620
546 620
545 620
544 620
543 620
542 620
541 620
540 620
539 620
539 621
539 622
538 623
539 624
539 625
539 626
540 627
540 628
541 628
542 629
543 629
544 629
545 629
546 630
547 630
548 630
549 630
550 631
551 631
552 632
553 632
554 633
555 634
556 634
557 634
558 634
559 634
560 634
561 634
562 634
563 634
564 635
565 635
566 635
567 635
568 636
569 637
570 637
571 637
572 637
573 637
574 637
575 638
576 638
577 639
578 639
579 639
580 640
581 640
582 640
583 640
584 641
585 641
586 641
587 641
588 641
589 641
590 641
591 641
592 641
593 641
594 641
595 641
596 641
597 641
598 641
599 641
600 642
601 642
602 643
603 643
604 644
605 644
606 644
607 644
608 644
609 644
610 644
611 644
612 644
613 644
614 644
615 644
616 644
617 644
618 644
619 644
620 644
621 644
622 644
623 644
624 644
625 644
626 644
627 644
628 644
629 644
630 644
631 644
632 645
633 645
634 645
635 645
636 645
637 645
638 645
639 645
640 645
641 645
642 645
643 645
644 645
645 645
646 646
647 646
648 646
649 646
650 646
651 645
652 645
653 645
654 645
655 644
656 644
657 644
658 644
659 644
660 644
661 643
662 643
663 643
664 642
665 642
666 642
667 642
668 642
669 642
670 642
671 642
672 642
673 642
674 642
675 642
676 642
677 642
678 642
679 642
680 642
681 642
682 642
683 642
684 642
685 642
686 642
687 642
688 642
689 643
690 643
691 643
692 644
693 644
694 643
695 643
696 642
697 642
698 642
699 641
700 641
701 640
702 640
703 640
704 640
705 640
706 640
707 639
708 639
709 639
710 639
711 639
712 639
713 639
714 638
715 638
716 637
717 636
718 635
719 634
720 633
721 632
722 631
723 630
724 629
725 628
726 627
727 626
728 626
729 625
730 624
731 623
732 623
733 622
734 621
735 620
735 619
735 618
735 617
735 616
735 615
735 614
734 613
734 612
733 612
732 611
731 611
730 611
729 611
728 610
727 610
726 610
725 610
724 610
723 610
722 609
721 609
720 609
719 609
718 609
717 609
716 609
715 609
714 609
713 609
712 609
711 608
710 608
709 608
708 607
707 607
706 607
705 607
704 607
703 607
702 607
701 607
700 607
699 607
698 607
697 607
696 607
695 607
694 607
693 607
692 607
691 607
690 607
689 607
688 607
