1206 2109
1205 2110
1204 2110
1203 2110
1202 2110
1201 2110
1200 2110
1199 2110
1198 2110
1197 2110
1196 2110
1195 2110
1194 2110
1193 2110
1192 2110
1191 2110
1190 2110
1189 2110
1188 2110
1187 2110
1186 2110
1185 2110
1184 2110
1183 2110
1182 2110
1181 2110
1180 2110
1179 2110
1178 2111
1177 2111
1176 2111
1175 2112
1174 2112
1173 2113
1172 2113
1171 2114
1170 2114
1169 2115
1168 2115
1167 2115
1166 2115
1165 2116
1164 2116
1163 2116
1162 2117
1161 2117
1160 2118
1159 2118
1158 2119
1157 2119
1156 2120
1155 2121
1154 2122
1154 2123
1153 2124
1153 2125
1153 2126
1152 2127
1152 2128
1152 2129
1151 2130
1151 2131
1150 2132
1150 2133
1149 2134
1149 2135
1148 2136
1148 2137
1148 2138
1148 2139
1148 2140
1148 2141
1149 2142
1150 2143
1151 2144
1152 2145
1153 2146
1154 2147
1155 2148
1156 2149
1157 2149
1158 2149
1159 2149
1160 2150
1161 2150
1162 2150
1163 2150
1164 2151
1165 2151
1166 2151
1167 2152
1168 2153
1169 2154
1170 2154
1171 2155
1172 2155
1173 2155
1174 2155
1175 2155
1176 2156
1177 2156
1178 2157
1179 2157
1180 2158
1181 2158
1182 2158
1183 2159
1184 2159
1185 2159
1186 2159
1187 2159
1188 2159
1189 2159
1190 2159
1191 2159
1192 2159
1193 2159
1194 2159
1195 2159
1196 2159
1197 2159
1198 2158
1199 2158
1200 2158
1201 2158
1202 2158
1203 2158
1204 2157
1205 2157
1206 2157
1207 2156
1208 2156
1209 2155
1210 2155
1211 2154
1212 2154
1213 2153
1214 2153
1215 2152
1216 2152
1217 2151
1218 2151
1219 2150
1220 2150
1221 2150
1222 2150
1223 2150
1224 2150
1225 2150
1226 2150
1227 2150
1228 2150
1229 2149
1230 2149
1231 2148
1232 2148
1233 2148
1234 2148
1235 2148
1236 2147
1237 2147
1238 2146
1239 2146
1240 2146
1241 2145
1242 2145
1243 2145
1244 2145
1245 2145
1246 2145
1247 2145
1248 2145
1249 2145
1250 2145
1251 2145
1252 2144
1253 2143
1253 2142
1254 2141
1255 2140
1256 2139
1256 2138
1257 2137
1257 2136
1258 2135
1259 2134
1259 2133
1260 2132
1260 2131
1260 2130
1260 2129
1260 2128
1260 2127
1260 2126
1260 2125
1260 2124
1259 2123
1259 2122
1258 2121
1257 2121
1256 2120
1255 2120
1254 2120
1253 2121
1252 2121
1251 2121
1250 2121
1249 2120
1248 2120
1247 2119
1246 2119
1245 2118
1244 2118
1243 2117
1242 2117
1241 2116
1240 2116
1239 2116
1238 2116
1237 2116
1236 2115
1235 2115
1234 2115
1233 2114
1232 2113
1231 2113
1230 2112
1229 2112
1228 2111
1227 2111
1226 2111
1225 2110
1224 2110
1223 2109
1222 2109
1221 2109
1220 2109
1219 2109
1218 2109
1217 2109
1216 2109
1215 2109
1214 2109
1213 2109
1212 2109
1211 2109
1210 2109
1209 2109
1208 2109
1207 2109
1206 2109
