1308 2005
1307 2006
1306 2006
1305 2006
1304 2006
1303 2007
1302 2007
1301 2007
1300 2007
1299 2007
1298 2007
1297 2007
1296 2007
1295 2007
1294 2007
1293 2007
1292 2007
1291 2007
1290 2007
1289 2007
1288 2007
1287 2007
1286 2007
1285 2007
1284 2007
1283 2007
1282 2007
1281 2008
1280 2008
1279 2008
1278 2008
1277 2009
1276 2009
1275 2009
1274 2009
1273 2009
1272 2009
1271 2009
1270 2009
1269 2009
1268 2009
1267 2009
1266 2009
1265 2009
1264 2009
1263 2010
1262 2010
1261 2010
1260 2010
1259 2011
1258 2011
1257 2012
1256 2012
1255 2012
1254 2012
1253 2013
1252 2014
1251 2014
1250 2014
1249 2015
1248 2016
1247 2016
1246 2016
1245 2017
1244 2017
1243 2018
1242 2018
1241 2018
1240 2018
1239 2019
1238 2019
1237 2019
1236 2019
1235 2019
1234 2019
1233 2019
1232 2019
1231 2019
1230 2019
1229 2019
1228 2019
1227 2019
1226 2019
1225 2019
1224 2019
1223 2018
1222 2018
1221 2018
1220 2017
1219 2016
1218 2016
1217 2016
1216 2016
1215 2015
1214 2015
1213 2014
1212 2014
1211 2014
1210 2013
1209 2012
1208 2012
1207 2012
1206 2012
1205 2011
1204 2011
1203 2011
1202 2011
1201 2011
1200 2011
1199 2011
1198 2011
1197 2011
1196 2011
1195 2011
1194 2011
1193 2011
1192 2011
1191 2011
1190 2011
1189 2011
1188 2011
1187 2011
1186 2011
1185 2011
1184 2011
1183 2011
1182 2011
1181 2011
1180 2011
1179 2011
1178 2011
1177 2011
1176 2011
1175 2011
1174 2011
1173 2010
1172 2010
1171 2010
1170 2010
1169 2009
1168 2009
1167 2009
1166 2009
1165 2009
1164 2009
1163 2009
1162 2009
1161 2009
1160 2009
1159 2009
1158 2009
1157 2009
1156 2009
1155 2009
1154 2009
1153 2009
1152 2009
1151 2010
1150 2010
1149 2010
1148 2010
1147 2011
1146 2012
1145 2012
1144 2012
1143 2013
1142 2013
1141 2013
1140 2013
1139 2013
1138 2013
1137 2013
1136 2013
1135 2014
1134 2014
1133 2014
1132 2014
1131 2015
1130 2015
1129 2016
1128 2016
1127 2016
1126 2016
1125 2017
1124 2017
1123 2017
1122 2017
1121 2017
1120 2017
1119 2017
1118 2017
1117 2017
1116 2017
1115 2017
1114 2017
1113 2017
1112 2017
1111 2017
1110 2017
1109 2017
1108 2017
1107 2017
1106 2017
1105 2017
1104 2017
1103 2016
1102 2016
1101 2016
1100 2016
1099 2015
1098 2015
1097 2015
1096 2015
1095 2014
1094 2014
1093 2014
1092 2014
1091 2013
1090 2013
1089 2013
1088 2013
1087 2013
1086 2013
1085 2013
1084 2013
1083 2013
1082 2013
1081 2013
1080 2013
1079 2013
1078 2013
1077 2013
1076 2013
1075 2013
1074 2013
1073 2013
1072 2013
1071 2014
1070 2014
1069 2014
1068 2014
1067 2015
1066 2015
1065 2015
1064 2015
1063 2015
1062 2015
1061 2015
1060 2015
1059 2015
1058 2015
1057 2015
1056 2015
1055 2015
1054 2015
1053 2015
1052 2015
1051 2015
1050 2015
1049 2014
1048 2014
1047 2014
1046 2014
1045 2013
1044 2013
1043 2013
1042 2013
1041 2013
1040 2013
1039 2013
1038 2013
1037 2013
1036 2013
1035 2013
1034 2013
1033 2013
1032 2013
1031 2013
1030 2013
1029 2013
1028 2013
1027 2013
1026 2013
1025 2012
1024 2012
1023 2012
1022 2012
1021 2011
1020 2011
1019 2011
1018 2011
1017 2011
1016 2011
1015 2011
1014 2011
1013 2011
1012 2011
1011 2011
1010 2011
1009 2011
1008 2011
1007 2011
1006 2011
1005 2011
1004 2011
1003 2011
1002 2011
1001 2012
1000 2012
999 2012
998 2012
997 2013
996 2014
995 2014
994 2014
993 2015
992 2015
991 2015
990 2015
989 2015
988 2015
987 2015
986 2015
985 2015
984 2015
983 2015
982 2015
981 2015
980 2015
979 2015
978 2015
977 2015
976 2015
975 2015
974 2015
973 2015
972 2015
971 2015
970 2015
969 2015
968 2015
967 2015
966 2015
965 2015
964 2015
963 2016
962 2016
961 2016
960 2016
959 2017
958 2017
957 2017
956 2017
955 2017
954 2017
953 2017
952 2017
951 2018
950 2018
949 2018
948 2018
947 2019
946 2019
945 2019
944 2019
943 2019
942 2019
941 2019
940 2019
939 2019
938 2019
937 2020
936 2020
935 2020
934 2020
933 2021
932 2021
931 2021
930 2021
929 2021
928 2021
927 2021
926 2021
925 2021
924 2021
923 2021
922 2021
921 2021
920 2021
919 2021
918 2021
917 2021
916 2021
915 2021
914 2021
913 2021
912 2021
911 2021
910 2021
909 2021
908 2021
907 2021
906 2021
905 2021
904 2021
903 2020
902 2020
901 2020
900 2020
899 2019
898 2019
897 2018
896 2018
895 2018
894 2018
893 2017
892 2017
891 2016
890 2016
889 2016
888 2016
887 2015
886 2015
885 2015
884 2015
883 2015
882 2015
881 2015
880 2015
879 2015
878 2015
877 2015
876 2015
875 2015
874 2015
873 2015
872 2015
871 2015
870 2015
869 2015
868 2015
867 2015
866 2015
865 2015
864 2015
863 2016
862 2016
861 2016
860 2016
859 2017
858 2017
857 2017
856 2017
855 2017
854 2017
853 2018
852 2018
851 2018
850 2018
849 2019
848 2019
847 2020
846 2020
845 2020
844 2020
843 2021
842 2021
841 2021
840 2021
839 2021
838 2021
837 2022
836 2022
835 2022
834 2022
833 2023
832 2023
831 2023
830 2023
829 2024
828 2024
827 2024
826 2024
825 2025
824 2025
823 2025
822 2025
821 2025
820 2025
819 2025
818 2025
817 2025
816 2025
815 2025
814 2025
813 2025
812 2025
811 2025
810 2025
809 2025
808 2025
807 2024
806 2024
805 2024
804 2024
803 2023
802 2023
801 2023
800 2023
799 2023
798 2023
797 2023
796 2023
795 2023
794 2023
793 2023
792 2023
791 2024
790 2024
789 2025
788 2025
787 2026
786 2026
785 2027
784 2028
783 2028
782 2028
781 2029
780 2030
779 2030
778 2030
777 2031
776 2032
775 2033
774 2034
773 2034
773 2035
772 2036
771 2036
771 2037
770 2038
769 2038
769 2039
768 2040
767 2040
766 2041
765 2042
764 2042
763 2043
762 2043
761 2044
760 2044
759 2044
758 2044
757 2045
756 2046
755 2047
754 2047
753 2048
752 2048
751 2049
750 2049
749 2050
748 2050
747 2051
746 2052
745 2052
744 2053
743 2054
742 2054
741 2055
740 2056
739 2056
738 2056
737 2057
736 2058
735 2058
734 2058
733 2059
732 2059
731 2060
730 2060
729 2060
728 2060
727 2061
726 2062
725 2062
724 2062
723 2063
722 2064
721 2065
720 2065
719 2066
718 2066
717 2067
716 2067
715 2067
714 2067
713 2068
712 2068
711 2068
710 2068
709 2069
708 2069
707 2070
706 2070
705 2070
704 2070
703 2071
702 2072
701 2072
700 2072
699 2073
698 2073
697 2074
696 2074
695 2074
694 2074
693 2075
692 2076
691 2076
690 2076
689 2077
688 2078
687 2078
686 2078
685 2079
684 2079
683 2080
682 2080
681 2080
680 2080
679 2081
678 2082
677 2082
676 2082
675 2083
674 2083
673 2083
672 2083
671 2084
670 2084
669 2084
668 2084
667 2085
666 2085
665 2086
664 2086
663 2086
662 2086
661 2087
660 2088
659 2088
658 2088
657 2089
656 2089
655 2089
654 2089
653 2090
652 2090
651 2091
650 2092
649 2092
649 2093
648 2094
647 2094
647 2095
646 2096
645 2096
645 2097
644 2098
643 2098
643 2099
642 2100
641 2100
641 2101
640 2102
639 2102
639 2103
638 2104
637 2104
636 2105
635 2106
634 2106
633 2107
632 2108
631 2108
630 2108
629 2109
628 2110
627 2111
626 2111
625 2112
624 2112
623 2113
622 2114
621 2114
620 2114
619 2115
618 2116
617 2116
616 2116
615 2117
614 2117
613 2118
612 2118
611 2118
610 2118
609 2119
608 2119
607 2119
606 2119
605 2120
604 2120
603 2120
602 2120
601 2121
600 2122
599 2122
598 2122
597 2123
596 2124
595 2125
594 2125
593 2126
592 2126
591 2127
590 2128
589 2129
588 2130
587 2131
587 2132
586 2133
585 2134
584 2135
583 2136
582 2136
581 2137
580 2138
579 2138
578 2138
577 2139
576 2140
575 2140
574 2140
573 2141
572 2142
571 2142
570 2142
569 2143
568 2144
567 2145
566 2145
565 2146
564 2146
563 2147
562 2148
561 2149
560 2149
559 2150
558 2150
557 2151
556 2151
555 2152
554 2152
553 2152
552 2152
551 2153
550 2154
549 2155
548 2155
547 2156
546 2156
545 2157
544 2158
543 2159
542 2160
541 2160
541 2161
540 2162
539 2162
539 2163
538 2164
537 2164
537 2165
536 2166
535 2167
535 2168
534 2169
534 2170
533 2171
533 2172
532 2173
531 2174
530 2175
529 2176
528 2176
527 2177
526 2177
525 2178
524 2178
523 2178
522 2178
521 2179
520 2179
519 2180
518 2180
517 2181
516 2181
515 2182
514 2182
513 2183
512 2184
511 2184
510 2184
509 2185
508 2186
507 2187
506 2188
505 2188
505 2189
504 2190
503 2190
503 2191
502 2192
501 2192
501 2193
500 2194
499 2194
499 2195
498 2196
497 2196
497 2197
496 2198
495 2198
494 2199
493 2200
492 2200
491 2201
490 2202
489 2203
488 2204
487 2204
487 2205
486 2206
485 2206
485 2207
484 2208
483 2208
483 2209
482 2210
481 2210
481 2211
480 2212
479 2212
479 2213
478 2214
477 2214
477 2215
476 2216
475 2216
475 2217
474 2218
473 2218
473 2219
472 2220
471 2220
470 2221
469 2222
468 2222
467 2223
466 2224
465 2225
464 2226
463 2226
463 2227
462 2228
461 2228
461 2229
460 2230
459 2230
459 2231
458 2232
457 2232
457 2233
456 2234
455 2234
455 2235
454 2236
453 2236
453 2237
452 2238
451 2238
451 2239
450 2240
449 2240
449 2241
448 2242
447 2242
447 2243
446 2244
445 2244
444 2245
443 2246
442 2246
441 2247
440 2248
439 2249
438 2250
437 2250
437 2251
436 2252
435 2252
434 2253
433 2254
432 2254
431 2255
430 2256
429 2256
428 2256
427 2257
426 2258
425 2258
424 2258
423 2259
422 2260
421 2260
420 2260
419 2261
418 2262
417 2262
416 2262
415 2263
414 2263
413 2263
412 2263
411 2264
410 2264
409 2264
408 2264
407 2265
406 2266
405 2266
404 2266
403 2267
402 2268
401 2269
400 2270
399 2270
399 2271
398 2272
397 2272
397 2273
396 2274
395 2274
395 2275
394 2276
393 2276
393 2277
392 2278
391 2279
390 2280
389 2281
389 2282
389 2283
388 2284
387 2285
387 2286
386 2287
385 2288
385 2289
384 2290
383 2290
383 2291
382 2292
381 2293
380 2294
379 2295
379 2296
379 2297
378 2298
377 2299
377 2300
376 2301
375 2302
375 2303
374 2304
373 2304
373 2305
372 2306
371 2306
371 2307
370 2308
369 2308
369 2309
368 2310
367 2310
367 2311
366 2312
365 2312
365 2313
364 2314
363 2314
363 2315
362 2316
361 2316
361 2317
360 2318
359 2319
358 2320
357 2321
357 2322
356 2323
355 2324
355 2325
354 2326
353 2326
353 2327
352 2328
351 2329
350 2330
349 2331
349 2332
348 2333
347 2334
347 2335
346 2336
345 2336
345 2337
344 2338
343 2338
343 2339
342 2340
341 2341
341 2342
340 2343
340 2344
340 2345
340 2346
340 2347
340 2348
340 2349
340 2350
339 2351
339 2352
338 2353
337 2354
337 2355
336 2356
335 2357
335 2358
334 2359
334 2360
333 2361
333 2362
333 2363
333 2364
332 2365
332 2366
332 2367
332 2368
331 2369
331 2370
331 2371
331 2372
330 2373
330 2374
330 2375
330 2376
330 2377
330 2378
329 2379
329 2380
328 2381
327 2382
327 2383
326 2384
325 2385
324 2386
323 2387
323 2388
322 2389
321 2390
321 2391
320 2392
319 2392
319 2393
318 2394
317 2395
316 2396
315 2397
315 2398
314 2399
314 2400
313 2401
312 2402
311 2403
311 2404
310 2405
310 2406
309 2407
308 2408
307 2409
307 2410
307 2411
306 2412
305 2413
305 2414
304 2415
304 2416
303 2417
302 2418
301 2419
301 2420
301 2421
300 2422
299 2423
299 2424
298 2425
297 2426
297 2427
296 2428
295 2428
295 2429
294 2430
293 2430
293 2431
292 2432
291 2433
290 2434
289 2435
289 2436
289 2437
289 2438
288 2439
288 2440
288 2441
288 2442
287 2443
287 2444
287 2445
287 2446
286 2447
286 2448
286 2449
286 2450
285 2451
285 2452
285 2453
285 2454
284 2455
284 2456
283 2457
283 2458
283 2459
283 2460
282 2461
282 2462
282 2463
282 2464
281 2465
281 2466
281 2467
280 2468
279 2469
279 2470
279 2471
279 2472
278 2473
278 2474
277 2475
277 2476
277 2477
277 2478
276 2479
276 2480
276 2481
276 2482
275 2483
275 2484
275 2485
275 2486
274 2487
274 2488
273 2489
273 2490
273 2491
273 2492
272 2493
272 2494
271 2495
271 2496
271 2497
270 2498
269 2499
269 2500
269 2501
268 2502
267 2503
267 2504
267 2505
267 2506
266 2507
266 2508
266 2509
266 2510
265 2511
265 2512
265 2513
264 2514
263 2515
263 2516
263 2517
263 2518
262 2519
262 2520
261 2521
261 2522
261 2523
261 2524
260 2525
260 2526
259 2527
259 2528
259 2529
259 2530
258 2531
258 2532
257 2533
257 2534
257 2535
257 2536
256 2537
256 2538
256 2539
256 2540
256 2541
256 2542
256 2543
256 2544
256 2545
256 2546
256 2547
256 2548
256 2549
256 2550
256 2551
256 2552
256 2553
256 2554
255 2555
255 2556
255 2557
255 2558
254 2559
254 2560
254 2561
254 2562
254 2563
254 2564
254 2565
254 2566
254 2567
254 2568
254 2569
254 2570
254 2571
254 2572
254 2573
254 2574
254 2575
254 2576
254 2577
254 2578
254 2579
254 2580
254 2581
254 2582
254 2583
254 2584
254 2585
254 2586
254 2587
254 2588
254 2589
254 2590
254 2591
254 2592
254 2593
254 2594
254 2595
254 2596
255 2597
255 2598
255 2599
255 2600
256 2601
256 2602
256 2603
256 2604
256 2605
256 2606
256 2607
256 2608
257 2609
257 2610
257 2611
257 2612
258 2613
258 2614
259 2615
259 2616
259 2617
259 2618
260 2619
261 2620
261 2621
261 2622
262 2623
262 2624
263 2625
263 2626
263 2627
263 2628
264 2629
264 2630
264 2631
264 2632
264 2633
264 2634
264 2635
264 2636
265 2637
265 2638
265 2639
265 2640
266 2641
266 2642
266 2643
266 2644
266 2645
266 2646
266 2647
266 2648
267 2649
267 2650
267 2651
267 2652
268 2653
268 2654
268 2655
268 2656
268 2657
268 2658
268 2659
268 2660
268 2661
268 2662
269 2663
269 2664
269 2665
269 2666
270 2667
270 2668
270 2669
270 2670
270 2671
270 2672
270 2673
270 2674
271 2675
271 2676
271 2677
271 2678
272 2679
272 2680
273 2681
273 2682
273 2683
273 2684
274 2685
275 2686
275 2687
275 2688
276 2689
277 2690
278 2691
279 2692
279 2693
280 2694
281 2695
281 2696
282 2697
283 2698
283 2699
283 2700
284 2701
285 2702
286 2703
287 2704
287 2705
288 2705
289 2706
289 2707
290 2707
291 2708
291 2709
292 2710
293 2711
293 2712
294 2713
294 2714
294 2715
294 2716
295 2717
295 2718
295 2719
295 2720
296 2721
296 2722
296 2723
296 2724
296 2725
296 2726
297 2727
297 2728
297 2729
297 2730
298 2731
298 2732
298 2733
298 2734
299 2735
299 2736
299 2737
299 2738
300 2739
300 2740
300 2741
300 2742
300 2743
300 2744
300 2745
300 2746
300 2747
300 2748
301 2749
301 2750
302 2751
302 2752
303 2753
303 2754
304 2755
304 2756
304 2757
304 2758
305 2759
305 2760
306 2761
306 2762
307 2763
307 2764
308 2765
309 2766
309 2767
309 2768
310 2769
311 2770
311 2771
311 2772
312 2773
312 2774
313 2775
313 2776
313 2777
313 2778
314 2779
315 2780
315 2781
315 2782
316 2783
317 2784
318 2785
319 2786
319 2787
320 2787
321 2788
321 2789
322 2789
323 2790
323 2791
324 2791
325 2792
325 2793
326 2794
327 2795
327 2796
328 2797
329 2798
329 2799
329 2800
330 2801
331 2802
331 2803
331 2804
332 2805
332 2806
333 2807
333 2808
334 2809
335 2810
335 2811
336 2812
337 2813
337 2814
338 2815
338 2816
339 2817
339 2818
340 2819
341 2820
342 2821
343 2822
344 2823
345 2823
346 2824
347 2825
348 2826
349 2827
349 2828
350 2829
351 2830
352 2831
353 2832
354 2833
355 2834
356 2835
357 2835
358 2835
359 2836
360 2837
361 2837
362 2838
363 2839
364 2839
365 2840
365 2841
366 2841
367 2842
367 2843
368 2843
369 2844
369 2845
370 2846
371 2847
371 2848
372 2849
373 2850
373 2851
373 2852
374 2853
375 2854
375 2855
375 2856
376 2857
377 2858
377 2859
377 2860
378 2861
379 2862
379 2863
379 2864
380 2865
381 2866
382 2867
383 2868
383 2869
384 2869
385 2870
385 2871
386 2871
387 2872
387 2873
388 2874
389 2875
389 2876
390 2877
391 2878
392 2879
393 2880
393 2881
394 2881
395 2882
395 2883
396 2884
397 2885
397 2886
398 2887
398 2888
398 2889
398 2890
399 2891
399 2892
400 2893
401 2894
402 2895
403 2895
404 2896
405 2896
406 2897
407 2898
408 2899
409 2899
410 2899
411 2900
412 2901
413 2901
414 2902
415 2902
416 2903
417 2904
418 2905
419 2905
420 2906
421 2906
422 2907
423 2908
424 2909
425 2909
426 2910
427 2910
428 2911
429 2912
430 2913
431 2913
432 2914
433 2915
433 2916
434 2917
435 2918
436 2919
437 2920
438 2921
439 2921
440 2922
441 2922
442 2923
443 2923
444 2924
445 2924
446 2925
447 2925
448 2925
449 2926
450 2927
451 2927
452 2928
453 2928
454 2929
455 2930
456 2931
457 2931
458 2932
459 2933
460 2933
461 2934
461 2935
462 2935
463 2936
463 2937
464 2937
465 2938
465 2939
466 2939
467 2940
468 2941
469 2942
470 2943
471 2943
472 2944
473 2944
474 2945
475 2946
476 2947
477 2947
478 2948
479 2948
480 2949
481 2950
482 2951
483 2951
484 2951
485 2952
486 2953
487 2953
488 2953
489 2954
490 2955
491 2955
492 2955
493 2955
494 2956
495 2956
496 2956
497 2956
498 2957
499 2957
500 2957
501 2958
502 2959
503 2959
504 2960
505 2960
506 2961
507 2962
508 2963
509 2963
510 2963
511 2964
512 2965
513 2965
514 2966
515 2967
516 2967
517 2968
518 2969
519 2970
520 2971
521 2971
522 2972
523 2972
524 2973
525 2974
526 2975
527 2975
528 2975
529 2975
530 2976
531 2976
532 2976
533 2976
534 2977
535 2977
536 2977
537 2978
538 2979
539 2979
540 2980
541 2981
542 2982
543 2983
543 2984
544 2985
545 2986
546 2987
547 2988
547 2989
548 2989
549 2990
549 2991
550 2991
551 2992
551 2993
552 2993
553 2994
553 2995
554 2996
555 2997
555 2998
556 2999
556 3000
556 3001
556 3002
557 3002
558 3001
559 3001
560 3002
561 3002
562 3001
563 3002
564 3003
565 3003
566 3003
567 3003
568 3004
569 3004
570 3004
571 3004
572 3005
573 3005
574 3006
575 3007
576 3007
577 3008
578 3009
579 3010
580 3011
581 3011
582 3012
583 3013
583 3014
584 3015
585 3016
585 3017
585 3018
586 3019
587 3020
588 3021
589 3022
589 3023
590 3024
591 3025
591 3026
592 3027
593 3028
594 3029
595 3030
595 3031
596 3032
597 3033
597 3034
598 3035
599 3036
600 3037
601 3038
601 3039
602 3039
603 3040
603 3041
604 3041
605 3042
605 3043
606 3043
607 3044
607 3045
608 3045
609 3046
609 3047
610 3047
611 3048
611 3049
612 3050
613 3051
613 3052
614 3053
614 3054
615 3055
615 3056
615 3057
615 3058
616 3059
616 3060
617 3061
617 3062
618 3063
619 3063
620 3064
621 3064
622 3064
623 3064
624 3065
625 3065
626 3066
627 3066
628 3067
629 3068
630 3069
631 3069
632 3070
633 3071
634 3071
635 3072
635 3073
636 3073
637 3074
637 3075
638 3075
639 3076
640 3077
641 3078
642 3079
643 3079
644 3079
645 3079
646 3080
647 3080
648 3081
649 3081
650 3081
651 3082
652 3083
653 3083
654 3083
655 3083
656 3084
657 3084
658 3084
659 3084
660 3084
661 3084
662 3085
663 3085
664 3085
665 3086
666 3087
667 3087
668 3087
669 3088
670 3089
671 3089
672 3089
673 3089
674 3090
675 3090
676 3090
677 3090
678 3090
679 3090
680 3091
681 3091
682 3092
683 3092
684 3093
685 3094
686 3095
687 3095
688 3095
689 3096
690 3097
691 3097
692 3098
693 3098
694 3099
695 3099
696 3100
697 3100
698 3101
699 3101
700 3101
701 3102
702 3103
703 3103
704 3104
705 3104
706 3105
707 3105
708 3106
709 3106
710 3106
711 3106
712 3106
713 3106
714 3106
715 3106
716 3107
717 3107
718 3108
719 3109
720 3109
721 3110
722 3111
723 3111
724 3112
725 3112
726 3113
727 3113
728 3113
729 3113
730 3114
731 3114
732 3115
733 3115
734 3116
735 3117
736 3117
737 3118
738 3119
739 3119
740 3120
741 3120
742 3120
743 3120
744 3121
745 3121
746 3121
747 3122
748 3123
749 3123
750 3123
751 3123
752 3124
753 3124
754 3124
755 3124
756 3124
757 3124
758 3125
759 3125
760 3125
761 3125
762 3126
763 3126
764 3126
765 3126
766 3127
767 3127
768 3127
769 3127
770 3128
771 3128
772 3128
773 3128
774 3128
775 3128
776 3129
777 3129
778 3129
779 3129
780 3130
781 3130
782 3129
783 3129
784 3129
785 3129
786 3128
787 3127
788 3127
789 3127
790 3126
791 3126
792 3126
793 3126
794 3126
795 3126
796 3125
797 3125
798 3125
799 3125
800 3124
801 3124
802 3124
803 3124
804 3123
805 3123
806 3123
807 3123
808 3122
809 3122
810 3121
811 3121
812 3121
813 3121
814 3120
815 3120
816 3119
817 3119
818 3119
819 3119
820 3118
821 3118
822 3118
823 3118
824 3117
825 3117
826 3116
827 3115
828 3115
829 3114
830 3113
831 3113
832 3112
833 3111
834 3110
835 3109
836 3109
836 3108
837 3107
838 3107
839 3106
840 3105
841 3105
842 3104
843 3103
844 3102
845 3101
846 3101
846 3100
847 3099
848 3099
848 3098
849 3097
850 3097
850 3096
851 3095
852 3095
852 3094
853 3093
854 3093
854 3092
855 3091
856 3090
857 3089
858 3088
858 3087
859 3086
860 3085
861 3084
862 3083
863 3083
864 3082
865 3081
866 3080
867 3080
868 3079
869 3079
870 3078
871 3077
872 3077
873 3077
874 3076
875 3075
876 3075
877 3075
878 3074
879 3074
880 3073
881 3073
882 3073
883 3073
884 3072
885 3072
886 3072
887 3072
888 3072
889 3072
890 3072
891 3072
892 3072
893 3072
894 3072
895 3072
896 3072
897 3072
898 3071
899 3071
900 3071
901 3071
902 3070
903 3070
904 3070
905 3070
906 3070
907 3070
908 3070
909 3070
910 3070
911 3070
912 3070
913 3070
914 3070
915 3070
916 3071
917 3071
918 3071
919 3072
920 3073
921 3073
922 3073
923 3074
924 3075
925 3075
926 3075
927 3075
928 3076
929 3076
930 3076
931 3076
932 3077
933 3077
934 3078
935 3078
936 3079
937 3079
938 3080
939 3080
940 3081
941 3081
942 3081
943 3081
944 3081
945 3081
946 3081
947 3081
948 3080
949 3080
950 3080
951 3080
952 3080
953 3080
954 3080
955 3080
956 3079
957 3079
958 3079
959 3079
960 3078
961 3078
962 3078
963 3078
964 3078
965 3078
966 3078
967 3078
968 3078
969 3078
970 3077
971 3077
972 3077
973 3077
974 3076
975 3076
976 3076
977 3076
978 3076
979 3076
980 3076
981 3076
982 3076
983 3076
984 3076
985 3076
986 3076
987 3076
988 3076
989 3076
990 3076
991 3076
992 3076
993 3076
994 3077
995 3077
996 3077
997 3077
998 3078
999 3078
1000 3078
1001 3078
1002 3078
1003 3078
1004 3078
1005 3078
1006 3079
1007 3079
1008 3080
1009 3080
1010 3081
1011 3082
1012 3083
1013 3083
1014 3084
1015 3085
1016 3085
1017 3086
1018 3087
1019 3088
1020 3089
1021 3089
1022 3089
1023 3089
1024 3090
1025 3090
1026 3090
1027 3090
1028 3090
1029 3090
1030 3090
1031 3090
1032 3090
1033 3090
1034 3090
1035 3090
1036 3090
1037 3090
1038 3090
1039 3090
1040 3089
1041 3089
1042 3089
1043 3089
1044 3088
1045 3088
1046 3088
1047 3088
1048 3088
1049 3088
1050 3088
1051 3088
1052 3088
1053 3088
1054 3088
1055 3088
1056 3088
1057 3088
1058 3088
1059 3088
1060 3088
1061 3088
1062 3088
1063 3088
1064 3088
1065 3088
1066 3088
1067 3088
1068 3088
1069 3088
1070 3088
1071 3088
1072 3088
1073 3088
1074 3088
1075 3088
1076 3087
1077 3087
1078 3087
1079 3087
1080 3086
1081 3086
1082 3086
1083 3086
1084 3086
1085 3086
1086 3086
1087 3086
1088 3086
1089 3086
1090 3086
1091 3086
1092 3086
1093 3086
1094 3086
1095 3086
1096 3085
1097 3085
1098 3085
1099 3085
1100 3084
1101 3084
1102 3083
1103 3083
1104 3083
1105 3083
1106 3082
1107 3082
1108 3083
1109 3083
1110 3083
1111 3083
1112 3084
1113 3084
1114 3084
1115 3084
1116 3085
1117 3085
1118 3085
1119 3085
1120 3086
1121 3086
1122 3086
1123 3086
1124 3086
1125 3086
1126 3086
1127 3086
1128 3086
1129 3086
1130 3086
1131 3086
1132 3085
1133 3085
1134 3085
1135 3085
1136 3084
1137 3084
1138 3084
1139 3084
1140 3084
1141 3084
1142 3084
1143 3084
1144 3084
1145 3084
1146 3084
1147 3084
1148 3084
1149 3084
1150 3084
1151 3084
1152 3084
1153 3084
1154 3084
1155 3084
1156 3084
1157 3084
1158 3085
1159 3085
1160 3085
1161 3086
1162 3087
1163 3087
1164 3087
1165 3088
1166 3089
1167 3089
1168 3089
1169 3089
1170 3090
1171 3090
1172 3090
1173 3090
1174 3090
1175 3090
1176 3090
1177 3090
1178 3089
1179 3089
1180 3089
1181 3089
1182 3088
1183 3087
1184 3087
1185 3087
1186 3086
1187 3086
1188 3086
1189 3086
1190 3086
1191 3086
1192 3086
1193 3086
1194 3086
1195 3086
1196 3086
1197 3086
1198 3086
1199 3086
1200 3085
1201 3085
1202 3085
1203 3085
1204 3084
1205 3084
1206 3084
1207 3084
1208 3084
1209 3084
1210 3084
1211 3084
1212 3084
1213 3084
1214 3084
1215 3084
1216 3084
1217 3084
1218 3084
1219 3084
1220 3084
1221 3084
1222 3084
1223 3084
1224 3084
1225 3084
1226 3084
1227 3084
1228 3083
1229 3083
1230 3083
1231 3083
1232 3082
1233 3082
1234 3082
1235 3082
1236 3082
1237 3082
1238 3081
1239 3081
1240 3081
1241 3081
1242 3080
1243 3080
1244 3080
1245 3080
1246 3080
1247 3080
1248 3080
1249 3080
1250 3080
1251 3080
1252 3080
1253 3080
1254 3080
1255 3080
1256 3080
1257 3080
1258 3080
1259 3080
1260 3081
1261 3081
1262 3081
1263 3081
1264 3082
1265 3082
1266 3082
1267 3082
1268 3082
1269 3082
1270 3082
1271 3082
1272 3083
1273 3083
1274 3083
1275 3083
1276 3084
1277 3084
1278 3084
1279 3084
1280 3084
1281 3084
1282 3084
1283 3084
1284 3084
1285 3084
1286 3084
1287 3084
1288 3084
1289 3084
1290 3084
1291 3084
1292 3083
1293 3083
1294 3082
1295 3082
1296 3081
1297 3081
1298 3080
1299 3079
1300 3079
1301 3079
1302 3078
1303 3078
1304 3077
1305 3077
1306 3076
1307 3076
1308 3075
1309 3075
1310 3074
1311 3073
1312 3072
1313 3071
1314 3071
1314 3070
1315 3069
1316 3068
1317 3067
1318 3066
1318 3065
1319 3064
1320 3063
1320 3062
1321 3061
1322 3061
1322 3060
1323 3059
1324 3059
1325 3058
1326 3057
1327 3057
1328 3056
1329 3055
1330 3054
1331 3054
1332 3053
1333 3053
1334 3052
1335 3052
1336 3051
1337 3051
1338 3051
1339 3051
1340 3050
1341 3049
1342 3049
1343 3049
1344 3048
1345 3047
1346 3047
1347 3047
1348 3046
1349 3045
1350 3045
1351 3045
1352 3044
1353 3044
1354 3044
1355 3044
1356 3043
1357 3043
1358 3043
1359 3043
1360 3042
1361 3042
1362 3042
1363 3042
1364 3042
1365 3042
1366 3042
1367 3042
1368 3041
1369 3041
1370 3040
1371 3040
1372 3039
1373 3039
1374 3038
1375 3038
1376 3038
1377 3038
1378 3038
1379 3038
1380 3038
1381 3038
1382 3038
1383 3038
1384 3039
1385 3039
1386 3039
1387 3039
1388 3040
1389 3040
1390 3040
1391 3040
1392 3040
1393 3040
1394 3041
1395 3041
1396 3041
1397 3041
1398 3042
1399 3042
1400 3042
1401 3042
1402 3042
1403 3042
1404 3042
1405 3042
1406 3042
1407 3042
1408 3042
1409 3042
1410 3042
1411 3042
1412 3042
1413 3042
1414 3042
1415 3042
1416 3042
1417 3042
1418 3042
1419 3042
1420 3042
1421 3042
1422 3041
1423 3041
1424 3041
1425 3041
1426 3040
1427 3040
1428 3039
1429 3039
1430 3039
1431 3039
1432 3038
1433 3038
1434 3037
1435 3037
1436 3037
1437 3037
1438 3036
1439 3036
1440 3036
1441 3036
1442 3036
1443 3036
1444 3036
1445 3036
1446 3035
1447 3035
1448 3035
1449 3035
1450 3034
1451 3034
1452 3033
1453 3033
1454 3033
1455 3033
1456 3032
1457 3032
1458 3032
1459 3032
1460 3032
1461 3032
1462 3031
1463 3031
1464 3031
1465 3031
1466 3030
1467 3030
1468 3030
1469 3030
1470 3030
1471 3030
1472 3030
1473 3030
1474 3029
1475 3029
1476 3028
1477 3028
1478 3027
1479 3027
1480 3026
1481 3025
1482 3025
1483 3025
1484 3024
1485 3024
1486 3025
1487 3025
1488 3025
1489 3025
1490 3026
1491 3026
1492 3026
1493 3026
1494 3026
1495 3026
1496 3026
1497 3026
1498 3026
1499 3026
1500 3026
1501 3026
1502 3026
1503 3026
1504 3025
1505 3025
1506 3025
1507 3025
1508 3024
1509 3024
1510 3023
1511 3023
1512 3023
1513 3023
1514 3022
1515 3022
1516 3022
1517 3022
1518 3021
1519 3021
1520 3021
1521 3021
1522 3020
1523 3020
1524 3019
1525 3019
1526 3019
1527 3019
1528 3018
1529 3018
1530 3018
1531 3018
1532 3018
1533 3018
1534 3018
1535 3018
1536 3018
1537 3018
1538 3018
1539 3018
1540 3018
1541 3018
1542 3017
1543 3017
1544 3017
1545 3017
1546 3016
1547 3015
1548 3014
1549 3014
1550 3013
1551 3013
1552 3012
1553 3012
1554 3012
1555 3012
1556 3011
1557 3011
1558 3011
1559 3011
1560 3010
1561 3010
1562 3010
1563 3010
1564 3010
1565 3010
1566 3010
1567 3010
1568 3010
1569 3010
1570 3010
1571 3010
1572 3009
1573 3009
1574 3009
1575 3009
1576 3008
1577 3008
1578 3009
1579 3009
1580 3010
1581 3010
1582 3011
1583 3011
1584 3011
1585 3011
1586 3010
1587 3010
1588 3009
1589 3009
1590 3008
1591 3007
1592 3006
1593 3006
1594 3005
1595 3005
1596 3004
1597 3003
1598 3003
1599 3003
1600 3002
1601 3002
1602 3001
1603 3001
1604 3000
1605 2999
1606 2999
1607 2998
1608 2997
1609 2997
1610 2996
1611 2996
1612 2996
1613 2996
1614 2996
1615 2996
1616 2995
1617 2995
1618 2995
1619 2995
1620 2994
1621 2994
1622 2994
1623 2994
1624 2994
1625 2994
1626 2994
1627 2994
1628 2994
1629 2994
1630 2994
1631 2994
1632 2994
1633 2994
1634 2995
1635 2995
1636 2995
1637 2995
1638 2996
1639 2996
1640 2996
1641 2996
1642 2996
1643 2996
1644 2996
1645 2996
1646 2996
1647 2996
1648 2996
1649 2996
1650 2997
1651 2997
1652 2997
1653 2998
1654 2999
1655 2999
1656 2999
1657 2999
1658 3000
1659 3000
1660 3000
1661 3000
1662 3000
1663 3000
1664 3000
1665 3000
1666 3000
1667 3000
1668 3000
1669 3000
1670 3000
1671 3000
1672 3000
1673 3000
1674 3000
1675 3000
1676 3000
1677 3000
1678 3000
1679 3000
1680 3000
1681 3000
1682 3000
1683 3000
1684 3000
1685 3000
1686 3001
1687 3001
1688 3001
1689 3001
1690 3002
1691 3002
1692 3001
1693 3001
1694 3001
1695 3001
1696 3000
1697 2999
1698 2999
1699 2999
1700 2998
1701 2998
1702 2998
1703 2998
1704 2997
1705 2997
1706 2997
1707 2997
1708 2996
1709 2996
1710 2996
1711 2996
1712 2996
1713 2996
1714 2995
1715 2995
1716 2994
1717 2994
1718 2993
1719 2993
1720 2992
1721 2991
1722 2991
1723 2991
1724 2990
1725 2989
1726 2989
1727 2989
1728 2988
1729 2987
1730 2987
1731 2987
1732 2986
1733 2985
1734 2985
1735 2985
1736 2984
1737 2983
1738 2982
1739 2981
1740 2981
1741 2980
1742 2979
1743 2979
1744 2978
1745 2978
1746 2977
1747 2977
1748 2976
1749 2975
1750 2975
1751 2974
1752 2973
1753 2973
1754 2972
1755 2971
1756 2971
1757 2971
1758 2970
1759 2969
1760 2969
1761 2969
1762 2968
1763 2968
1764 2968
1765 2968
1766 2968
1767 2968
1768 2967
1769 2967
1770 2967
1771 2967
1772 2966
1773 2966
1774 2966
1775 2966
1776 2965
1777 2965
1778 2965
1779 2965
1780 2964
1781 2964
1782 2964
1783 2964
1784 2964
1785 2964
1786 2964
1787 2964
1788 2964
1789 2964
1790 2964
1791 2964
1792 2963
1793 2963
1794 2963
1795 2963
1796 2962
1797 2962
1798 2962
1799 2962
1800 2962
1801 2962
1802 2962
1803 2962
1804 2962
1805 2962
1806 2962
1807 2962
1808 2962
1809 2962
1810 2962
1811 2962
1812 2962
1813 2962
1814 2962
1815 2962
1816 2962
1817 2962
1818 2962
1819 2962
1820 2962
1821 2962
1822 2962
1823 2962
1824 2963
1825 2963
1826 2963
1827 2963
1828 2964
1829 2964
1830 2964
1831 2964
1832 2964
1833 2964
1834 2964
1835 2964
1836 2964
1837 2964
1838 2964
1839 2964
1840 2964
1841 2964
1842 2964
1843 2964
1844 2964
1845 2964
1846 2964
1847 2964
1848 2964
1849 2964
1850 2963
1851 2963
1852 2963
1853 2963
1854 2962
1855 2962
1856 2962
1857 2962
1858 2962
1859 2962
1860 2962
1861 2962
1862 2962
1863 2962
1864 2962
1865 2962
1866 2961
1867 2961
1868 2961
1869 2961
1870 2960
1871 2960
1872 2960
1873 2960
1874 2960
1875 2960
1876 2960
1877 2960
1878 2960
1879 2960
1880 2960
1881 2960
1882 2960
1883 2960
1884 2961
1885 2961
1886 2961
1887 2961
1888 2962
1889 2962
1890 2962
1891 2962
1892 2962
1893 2962
1894 2962
1895 2962
1896 2962
1897 2962
1898 2961
1899 2961
1900 2961
1901 2961
1902 2960
1903 2960
1904 2960
1905 2960
1906 2960
1907 2960
1908 2959
1909 2959
1910 2959
1911 2959
1912 2958
1913 2958
1914 2958
1915 2958
1916 2958
1917 2958
1918 2958
1919 2958
1920 2957
1921 2957
1922 2957
1923 2957
1924 2956
1925 2955
1926 2955
1927 2955
1928 2954
1929 2954
1930 2954
1931 2954
1932 2954
1933 2954
1934 2953
1935 2953
1936 2952
1937 2952
1938 2951
1939 2951
1940 2950
1941 2950
1942 2950
1943 2950
1944 2950
1945 2950
1946 2950
1947 2950
1948 2950
1949 2950
1950 2950
1951 2950
1952 2950
1953 2950
1954 2950
1955 2950
1956 2950
1957 2950
1958 2950
1959 2950
1960 2950
1961 2950
1962 2950
1963 2950
1964 2949
1965 2949
1966 2949
1967 2949
1968 2948
1969 2947
1970 2947
1971 2947
1972 2946
1973 2946
1974 2945
1975 2945
1976 2945
1977 2945
1978 2944
1979 2943
1980 2943
1981 2943
1982 2942
1983 2942
1984 2942
1985 2942
1986 2941
1987 2941
1988 2940
1989 2939
1990 2938
1990 2937
1991 2936
1992 2935
1992 2934
1993 2933
1994 2933
1994 2932
1995 2931
1996 2931
1997 2930
1998 2929
1999 2929
2000 2928
2001 2927
2002 2927
2003 2927
2004 2926
2005 2925
2006 2925
2007 2925
2008 2924
2009 2924
2010 2923
2011 2923
2012 2923
2013 2923
2014 2922
2015 2922
2016 2922
2017 2922
2018 2922
2019 2922
2020 2922
2021 2922
2022 2921
2023 2921
2024 2920
2025 2920
2026 2919
2027 2919
2028 2918
2029 2917
2030 2917
2031 2917
2032 2916
2033 2915
2034 2915
2035 2915
2036 2914
2037 2913
2038 2913
2039 2913
2040 2912
2041 2911
2042 2911
2043 2911
2044 2910
2045 2909
2046 2909
2047 2909
2048 2908
2049 2908
2050 2908
2051 2908
2052 2908
2053 2908
2054 2908
2055 2908
2056 2908
2057 2908
2058 2907
2059 2907
2060 2907
2061 2907
2062 2906
2063 2905
2064 2905
2065 2905
2066 2904
2067 2904
2068 2904
2069 2904
2070 2904
2071 2904
2072 2903
2073 2903
2074 2903
2075 2903
2076 2902
2077 2901
2078 2901
2079 2901
2080 2900
2081 2900
2082 2899
2083 2899
2084 2899
2085 2899
2086 2898
2087 2897
2088 2896
2089 2896
2090 2895
2091 2895
2092 2894
2093 2894
2094 2894
2095 2894
2096 2894
2097 2894
2098 2893
2099 2893
2100 2893
2101 2893
2102 2892
2103 2892
2104 2891
2105 2891
2106 2890
2107 2890
2108 2889
2109 2889
2110 2888
2111 2888
2112 2887
2113 2887
2114 2887
2115 2887
2116 2886
2117 2886
2118 2885
2119 2885
2120 2885
2121 2885
2122 2884
2123 2883
2124 2883
2125 2883
2126 2882
2127 2882
2128 2882
2129 2882
2130 2881
2131 2881
2132 2881
2133 2881
2134 2880
2135 2879
2136 2879
2137 2879
2138 2878
2139 2877
2140 2876
2141 2875
2142 2875
2142 2874
2143 2873
2144 2873
2145 2872
2146 2871
2147 2871
2148 2870
2149 2870
2150 2869
2151 2869
2152 2869
2153 2869
2154 2868
2155 2868
2156 2867
2157 2867
2158 2866
2159 2865
2160 2865
2160 2864
2161 2863
2162 2863
2162 2862
2163 2861
2164 2861
2165 2860
2166 2859
2167 2859
2168 2858
2169 2857
2170 2856
2171 2856
2172 2855
2173 2855
2174 2854
2175 2854
2176 2854
2177 2854
2178 2853
2179 2853
2180 2853
2181 2853
2182 2852
2183 2851
2184 2850
2185 2849
2186 2849
2187 2848
2188 2847
2189 2847
2190 2846
2191 2846
2192 2846
2193 2846
2193 2845
2193 2844
2193 2843
2193 2842
2193 2841
2193 2840
2193 2839
2193 2838
2193 2837
2193 2836
2193 2835
2193 2834
2193 2833
2194 2832
2194 2831
2195 2830
2196 2829
2196 2828
2197 2827
2198 2827
2199 2826
2200 2825
2201 2825
2202 2824
2203 2823
2204 2822
2205 2821
2206 2820
2206 2819
2206 2818
2206 2817
2207 2816
2207 2815
2207 2814
2207 2813
2208 2812
2208 2811
2209 2810
2210 2809
2210 2808
2211 2807
2212 2807
2212 2806
2213 2805
2214 2805
2215 2804
2216 2803
2217 2802
2218 2801
2219 2800
2220 2799
2221 2798
2222 2797
2222 2796
2223 2795
2224 2795
2224 2794
2225 2793
2226 2792
2227 2791
2228 2790
2228 2789
2228 2788
2229 2787
2230 2786
2230 2785
2230 2784
2231 2783
2232 2782
2232 2781
2233 2780
2234 2779
2234 2778
2235 2777
2236 2777
2236 2776
2237 2775
2238 2775
2238 2774
2239 2773
2240 2772
2240 2771
2241 2770
2241 2769
2241 2768
2241 2767
2241 2766
2241 2765
2241 2764
2241 2763
2242 2762
2242 2761
2243 2760
2244 2759
2245 2758
2246 2757
2247 2756
2248 2755
2249 2754
2249 2753
2249 2752
2249 2751
2250 2750
2250 2749
2250 2748
2251 2747
2252 2746
2252 2745
2253 2744
2253 2743
2254 2742
2255 2741
2256 2740
2256 2739
2257 2738
2257 2737
2258 2736
2259 2735
2260 2734
2260 2733
2260 2732
2261 2731
2262 2730
2262 2729
2262 2728
2262 2727
2263 2726
2263 2725
2263 2724
2263 2723
2264 2722
2264 2721
2264 2720
2265 2719
2266 2718
2266 2717
2267 2716
2268 2715
2268 2714
2269 2713
2270 2713
2270 2712
2271 2711
2272 2711
2272 2710
2273 2709
2274 2709
2274 2708
2275 2707
2276 2707
2276 2706
2277 2705
2278 2704
2278 2703
2279 2702
2279 2701
2279 2700
2279 2699
2280 2698
2280 2697
2280 2696
2280 2695
2281 2694
2281 2693
2282 2692
2282 2691
2282 2690
2283 2689
2284 2688
2284 2687
2285 2686
2285 2685
2286 2684
2287 2683
2288 2682
2288 2681
2288 2680
2289 2679
2290 2678
2290 2677
2290 2676
2291 2675
2292 2674
2292 2673
2292 2672
2293 2671
2294 2670
2294 2669
2295 2668
2296 2667
2296 2666
2297 2665
2298 2664
2299 2663
2300 2662
2300 2661
2300 2660
2300 2659
2301 2658
2301 2657
2302 2656
2302 2655
2302 2654
2302 2653
2303 2652
2303 2651
2304 2650
2304 2649
2304 2648
2304 2647
2305 2646
2305 2645
2306 2644
2306 2643
2306 2642
2306 2641
2307 2640
2307 2639
2307 2638
2307 2637
2308 2636
2308 2635
2308 2634
2308 2633
2309 2632
2309 2631
2310 2630
2310 2629
2310 2628
2311 2627
2312 2626
2312 2625
2312 2624
2313 2623
2314 2622
2314 2621
2314 2620
2315 2619
2316 2618
2316 2617
2317 2616
2317 2615
2318 2614
2318 2613
2319 2612
2319 2611
2319 2610
2319 2609
2319 2608
2319 2607
2319 2606
2319 2605
2319 2604
2319 2603
2319 2602
2319 2601
2319 2600
2319 2599
2319 2598
2319 2597
2319 2596
2319 2595
2319 2594
2319 2593
2319 2592
2319 2591
2318 2590
2318 2589
2318 2588
2318 2587
2317 2586
2317 2585
2317 2584
2317 2583
2317 2582
2317 2581
2317 2580
2317 2579
2317 2578
2317 2577
2317 2576
2317 2575
2317 2574
2317 2573
2317 2572
2317 2571
2316 2570
2316 2569
2316 2568
2316 2567
2315 2566
2315 2565
2315 2564
2315 2563
2315 2562
2315 2561
2315 2560
2315 2559
2315 2558
2315 2557
2315 2556
2315 2555
2315 2554
2315 2553
2315 2552
2315 2551
2315 2550
2315 2549
2315 2548
2315 2547
2315 2546
2315 2545
2315 2544
2315 2543
2315 2542
2315 2541
2315 2540
2315 2539
2314 2538
2314 2537
2313 2536
2313 2535
2312 2534
2312 2533
2311 2532
2311 2531
2311 2530
2311 2529
2311 2528
2311 2527
2311 2526
2311 2525
2311 2524
2311 2523
2311 2522
2311 2521
2311 2520
2311 2519
2311 2518
2311 2517
2311 2516
2311 2515
2311 2514
2311 2513
2311 2512
2311 2511
2311 2510
2311 2509
2311 2508
2311 2507
2311 2506
2311 2505
2311 2504
2311 2503
2311 2502
2311 2501
2311 2500
2311 2499
2311 2498
2311 2497
2311 2496
2311 2495
2311 2494
2311 2493
2311 2492
2311 2491
2311 2490
2311 2489
2311 2488
2311 2487
2311 2486
2311 2485
2311 2484
2311 2483
2311 2482
2311 2481
2311 2480
2311 2479
2310 2478
2310 2477
2310 2476
2310 2475
2309 2474
2309 2473
2309 2472
2309 2471
2309 2470
2309 2469
2309 2468
2309 2467
2309 2466
2309 2465
2309 2464
2309 2463
2309 2462
2309 2461
2309 2460
2309 2459
2309 2458
2309 2457
2309 2456
2309 2455
2309 2454
2309 2453
2309 2452
2309 2451
2309 2450
2309 2449
2309 2448
2309 2447
2309 2446
2309 2445
2309 2444
2309 2443
2309 2442
2309 2441
2310 2440
2310 2439
2310 2438
2310 2437
2311 2436
2311 2435
2311 2434
2311 2433
2311 2432
2311 2431
2311 2430
2311 2429
2311 2428
2311 2427
2311 2426
2311 2425
2311 2424
2311 2423
2311 2422
2311 2421
2311 2420
2311 2419
2311 2418
2311 2417
2311 2416
2311 2415
2310 2414
2310 2413
2310 2412
2310 2411
2309 2410
2309 2409
2309 2408
2309 2407
2308 2406
2308 2405
2308 2404
2308 2403
2307 2402
2307 2401
2307 2400
2307 2399
2307 2398
2307 2397
2307 2396
2307 2395
2306 2394
2306 2393
2306 2392
2306 2391
2305 2390
2304 2389
2304 2388
2304 2387
2303 2386
2302 2385
2301 2384
2300 2383
2300 2382
2299 2382
2298 2381
2298 2380
2297 2379
2296 2378
2296 2377
2295 2376
2294 2375
2294 2374
2294 2373
2293 2372
2293 2371
2292 2370
2292 2369
2292 2368
2292 2367
2291 2366
2290 2365
2290 2364
2290 2363
2289 2362
2289 2361
2288 2360
2288 2359
2288 2358
2288 2357
2287 2356
2287 2355
2287 2354
2287 2353
2286 2352
2286 2351
2286 2350
2286 2349
2285 2348
2285 2347
2285 2346
2285 2345
2285 2344
2285 2343
2285 2342
2285 2341
2285 2340
2285 2339
2285 2338
2285 2337
2285 2336
2285 2335
2285 2334
2285 2333
2285 2332
2285 2331
2285 2330
2285 2329
2285 2328
2285 2327
2285 2326
2285 2325
2284 2324
2284 2323
2284 2322
2284 2321
2283 2320
2283 2319
2282 2318
2282 2317
2281 2316
2281 2315
2280 2314
2280 2313
2279 2312
2279 2311
2279 2310
2279 2309
2278 2308
2278 2307
2277 2306
2276 2305
2276 2304
2275 2304
2274 2303
2274 2302
2273 2301
2272 2300
2272 2299
2271 2298
2270 2297
2270 2296
2270 2295
2269 2294
2269 2293
2269 2292
2269 2291
2268 2290
2268 2289
2268 2288
2268 2287
2267 2286
2266 2285
2266 2284
2266 2283
2265 2282
2264 2281
2263 2280
2262 2279
2262 2278
2261 2278
2260 2277
2260 2276
2259 2275
2258 2274
2258 2273
2257 2272
2256 2271
2256 2270
2256 2269
2255 2268
2254 2267
2253 2266
2252 2265
2252 2264
2251 2264
2250 2263
2250 2262
2249 2261
2248 2260
2248 2259
2247 2258
2247 2257
2247 2256
2247 2255
2247 2254
2247 2253
2247 2252
2247 2251
2247 2250
2247 2249
2247 2248
2247 2247
2247 2246
2247 2245
2247 2244
2247 2243
2246 2242
2246 2241
2246 2240
2246 2239
2245 2238
2244 2237
2243 2236
2243 2235
2242 2234
2242 2233
2241 2232
2240 2231
2240 2230
2240 2229
2239 2228
2238 2227
2238 2226
2238 2225
2237 2224
2236 2223
2236 2222
2236 2221
2235 2220
2235 2219
2235 2218
2235 2217
2235 2216
2235 2215
2234 2214
2234 2213
2234 2212
2234 2211
2233 2210
2233 2209
2232 2208
2232 2207
2231 2206
2230 2205
2230 2204
2229 2204
2228 2203
2228 2202
2227 2202
2226 2201
2225 2200
2224 2199
2223 2198
2222 2198
2221 2197
2220 2196
2219 2195
2218 2194
2218 2193
2217 2192
2217 2191
2216 2190
2216 2189
2215 2188
2214 2187
2214 2186
2213 2186
2212 2185
2212 2184
2211 2184
2210 2183
2210 2182
2209 2182
2208 2181
2208 2180
2207 2180
2206 2179
2206 2178
2205 2178
2204 2177
2203 2176
2202 2176
2201 2175
2200 2175
2199 2175
2198 2175
2197 2175
2196 2175
2195 2174
2194 2174
2193 2174
2192 2173
2191 2172
2190 2172
2189 2172
2188 2172
2187 2171
2186 2171
2185 2171
2184 2171
2183 2171
2182 2171
2181 2171
2180 2171
2179 2171
2178 2171
2177 2171
2176 2171
2175 2171
2174 2171
2173 2171
2172 2171
2171 2171
2170 2171
2169 2171
2168 2171
2167 2170
2166 2170
2165 2170
2164 2170
2163 2169
2162 2169
2161 2169
2160 2169
2159 2169
2158 2169
2157 2169
2156 2169
2155 2169
2154 2169
2153 2169
2152 2169
2151 2169
2150 2169
2149 2169
2148 2169
2147 2169
2146 2169
2145 2168
2144 2168
2143 2167
2142 2167
2141 2166
2140 2166
2139 2165
2138 2165
2137 2165
2136 2165
2135 2165
2134 2165
2133 2166
2132 2166
2131 2165
2130 2165
2129 2166
2128 2166
2127 2165
2126 2165
2125 2165
2124 2165
2123 2164
2122 2164
2121 2164
2120 2164
2119 2163
2118 2163
2117 2163
2116 2163
2115 2163
2114 2163
2113 2163
2112 2163
2111 2163
2110 2163
2109 2163
2108 2163
2107 2163
2106 2163
2105 2163
2104 2163
2103 2163
2102 2163
2101 2163
2100 2163
2099 2163
2098 2163
2097 2162
2096 2162
2095 2162
2094 2162
2093 2161
2092 2161
2091 2161
2090 2161
2089 2161
2088 2161
2087 2160
2086 2160
2085 2160
2084 2160
2083 2159
2082 2159
2081 2159
2080 2159
2079 2159
2078 2159
2077 2159
2076 2159
2075 2159
2074 2159
2073 2159
2072 2159
2071 2159
2070 2159
2069 2159
2068 2159
2067 2159
2066 2159
2065 2159
2064 2159
2063 2159
2062 2159
2061 2158
2060 2158
2059 2157
2058 2157
2057 2156
2056 2156
2055 2155
2054 2155
2053 2155
2052 2155
2051 2155
2050 2155
2049 2154
2048 2154
2047 2153
2046 2153
2045 2152
2044 2152
2043 2151
2042 2151
2041 2151
2040 2151
2039 2151
2038 2151
2037 2151
2036 2151
2035 2151
2034 2151
2033 2150
2032 2150
2031 2150
2030 2150
2029 2149
2028 2149
2027 2149
2026 2149
2025 2149
2024 2149
2023 2149
2022 2149
2021 2149
2020 2149
2019 2149
2018 2149
2017 2148
2016 2148
2015 2148
2014 2147
2013 2146
2012 2146
2011 2145
2010 2145
2009 2144
2008 2144
2007 2143
2006 2143
2005 2143
2004 2143
2003 2142
2002 2142
2001 2142
2000 2142
1999 2141
1998 2141
1997 2141
1996 2141
1995 2141
1994 2141
1993 2141
1992 2141
1991 2141
1990 2141
1989 2141
1988 2141
1987 2141
1986 2141
1985 2141
1984 2141
1983 2141
1982 2141
1981 2141
1980 2141
1979 2141
1978 2141
1977 2141
1976 2141
1975 2141
1974 2141
1973 2140
1972 2140
1971 2140
1970 2140
1969 2139
1968 2139
1967 2139
1966 2139
1965 2139
1964 2139
1963 2139
1962 2139
1961 2138
1960 2138
1959 2138
1958 2138
1957 2137
1956 2137
1955 2137
1954 2137
1953 2137
1952 2137
1951 2137
1950 2137
1949 2137
1948 2137
1947 2137
1946 2137
1945 2137
1944 2137
1943 2137
1942 2137
1941 2136
1940 2136
1939 2136
1938 2136
1937 2135
1936 2135
1935 2135
1934 2135
1933 2135
1932 2135
1931 2135
1930 2135
1929 2134
1928 2134
1927 2134
1926 2133
1925 2132
1924 2132
1923 2131
1922 2131
1921 2130
1920 2130
1919 2129
1918 2129
1917 2129
1916 2129
1915 2129
1914 2129
1913 2129
1912 2129
1911 2129
1910 2129
1909 2129
1908 2129
1907 2129
1906 2129
1905 2129
1904 2129
1903 2129
1902 2129
1901 2130
1900 2130
1899 2130
1898 2130
1897 2131
1896 2131
1895 2132
1894 2132
1893 2132
1892 2132
1891 2133
1890 2133
1889 2133
1888 2133
1887 2132
1886 2132
1885 2132
1884 2132
1883 2131
1882 2131
1881 2131
1880 2131
1879 2131
1878 2131
1877 2131
1876 2131
1875 2131
1874 2131
1873 2131
1872 2131
1871 2131
1870 2131
1869 2131
1868 2131
1867 2131
1866 2131
1865 2131
1864 2131
1863 2130
1862 2130
1861 2129
1860 2128
1860 2127
1859 2126
1859 2125
1859 2124
1859 2123
1858 2122
1857 2121
1856 2120
1855 2119
1854 2119
1853 2118
1852 2118
1851 2117
1850 2117
1849 2117
1848 2117
1847 2117
1846 2117
1845 2117
1844 2117
1843 2117
1842 2117
1841 2116
1840 2116
1839 2115
1838 2114
1837 2114
1836 2113
1835 2112
1834 2111
1833 2110
1832 2110
1831 2109
1830 2108
1829 2108
1828 2107
1827 2106
1826 2106
1825 2105
1824 2105
1823 2105
1822 2105
1821 2104
1820 2104
1819 2104
1818 2103
1817 2102
1816 2102
1815 2101
1814 2100
1813 2100
1812 2099
1812 2098
1811 2098
1810 2097
1809 2096
1808 2095
1807 2094
1806 2094
1805 2094
1804 2094
1803 2093
1802 2093
1801 2093
1800 2093
1799 2093
1798 2093
1797 2092
1796 2092
1795 2092
1794 2092
1793 2091
1792 2091
1791 2091
1790 2091
1789 2091
1788 2091
1787 2090
1786 2090
1785 2090
1784 2090
1783 2089
1782 2089
1781 2089
1780 2089
1779 2088
1778 2088
1777 2088
1776 2088
1775 2087
1774 2087
1773 2087
1772 2087
1771 2087
1770 2087
1769 2086
1768 2086
1767 2085
1766 2085
1765 2084
1764 2084
1763 2083
1762 2083
1761 2084
1760 2084
1759 2084
1758 2084
1757 2085
1756 2085
1755 2085
1754 2085
1753 2085
1752 2085
1751 2085
1750 2085
1749 2086
1748 2086
1747 2086
1746 2086
1745 2087
1744 2088
1743 2089
1742 2089
1741 2090
1740 2090
1739 2091
1738 2092
1737 2093
1736 2093
1735 2094
1734 2094
1733 2095
1732 2096
1731 2096
1730 2096
1729 2097
1728 2097
1727 2097
1726 2097
1725 2097
1724 2097
1723 2097
1722 2097
1721 2097
1720 2097
1719 2097
1718 2097
1717 2097
1716 2097
1715 2097
1714 2097
1713 2097
1712 2097
1711 2097
1710 2097
1709 2097
1708 2097
1707 2097
1706 2097
1705 2097
1704 2097
1703 2097
1702 2097
1701 2097
1700 2097
1699 2097
1698 2097
1697 2097
1696 2097
1695 2097
1694 2097
1693 2096
1692 2096
1691 2096
1690 2096
1689 2095
1688 2095
1687 2094
1686 2094
1685 2094
1684 2094
1683 2093
1682 2093
1681 2093
1680 2093
1679 2092
1678 2092
1677 2092
1676 2092
1675 2091
1674 2091
1673 2091
1672 2091
1671 2090
1670 2090
1669 2090
1668 2090
1667 2089
1666 2089
1665 2088
1664 2088
1663 2088
1662 2088
1661 2087
1660 2087
1659 2086
1658 2086
1657 2085
1656 2084
1655 2084
1654 2083
1654 2082
1653 2082
1652 2081
1652 2080
1651 2079
1650 2078
1650 2077
1649 2076
1649 2075
1649 2074
1649 2073
1648 2072
1648 2071
1648 2070
1647 2069
1646 2068
1645 2067
1644 2067
1643 2067
1642 2067
1641 2067
1640 2067
1639 2067
1638 2067
1637 2066
1636 2066
1635 2065
1634 2065
1633 2064
1632 2063
1631 2062
1630 2062
1629 2062
1628 2061
1627 2060
1626 2060
1625 2060
1624 2060
1623 2059
1622 2059
1621 2059
1620 2059
1619 2059
1618 2059
1617 2059
1616 2059
1615 2059
1614 2059
1613 2059
1612 2059
1611 2058
1610 2058
1609 2058
1608 2057
1607 2056
1606 2056
1605 2056
1604 2056
1603 2055
1602 2055
1601 2055
1600 2055
1599 2054
1598 2054
1597 2054
1596 2053
1595 2052
1594 2052
1593 2052
1592 2051
1591 2050
1590 2050
1589 2050
1588 2050
1587 2049
1586 2049
1585 2048
1584 2048
1583 2048
1582 2047
1581 2046
1580 2046
1579 2046
1578 2046
1577 2045
1576 2045
1575 2045
1574 2045
1573 2045
1572 2045
1571 2045
1570 2045
1569 2045
1568 2045
1567 2045
1566 2045
1565 2045
1564 2045
1563 2045
1562 2045
1561 2045
1560 2045
1559 2044
1558 2044
1557 2044
1556 2043
1555 2042
1554 2042
1553 2041
1552 2041
1551 2040
1550 2040
1549 2039
1548 2039
1547 2039
1546 2039
1545 2039
1544 2039
1543 2039
1542 2039
1541 2038
1540 2038
1539 2038
1538 2037
1537 2036
1536 2036
1535 2036
1534 2035
1533 2034
1532 2034
1531 2034
1530 2034
1529 2033
1528 2033
1527 2033
1526 2033
1525 2033
1524 2033
1523 2032
1522 2032
1521 2032
1520 2032
1519 2031
1518 2031
1517 2031
1516 2031
1515 2031
1514 2031
1513 2031
1512 2031
1511 2031
1510 2031
1509 2031
1508 2031
1507 2031
1506 2031
1505 2031
1504 2031
1503 2031
1502 2031
1501 2031
1500 2031
1499 2032
1498 2032
1497 2032
1496 2032
1495 2033
1494 2033
1493 2033
1492 2033
1491 2033
1490 2033
1489 2033
1488 2033
1487 2033
1486 2033
1485 2034
1484 2034
1483 2034
1482 2034
1481 2035
1480 2035
1479 2035
1478 2035
1477 2035
1476 2035
1475 2035
1474 2035
1473 2035
1472 2035
1471 2034
1470 2034
1469 2034
1468 2034
1467 2033
1466 2033
1465 2033
1464 2033
1463 2033
1462 2033
1461 2033
1460 2033
1459 2033
1458 2033
1457 2033
1456 2033
1455 2033
1454 2033
1453 2033
1452 2033
1451 2033
1450 2033
1449 2033
1448 2033
1447 2033
1446 2033
1445 2033
1444 2033
1443 2032
1442 2032
1441 2031
1440 2031
1439 2030
1438 2029
1437 2028
1436 2028
1435 2028
1434 2028
1433 2027
1432 2027
1431 2027
1430 2027
1429 2026
1428 2026
1427 2026
1426 2026
1425 2026
1424 2026
1423 2026
1422 2026
1421 2026
1420 2026
1419 2025
1418 2025
1417 2024
1416 2024
1415 2023
1414 2023
1413 2023
1412 2023
1411 2022
1410 2022
1409 2021
1408 2020
1407 2019
1406 2018
1406 2017
1405 2016
1404 2015
1403 2014
1402 2014
1401 2013
1400 2013
1399 2013
1398 2013
1397 2013
1396 2013
1395 2013
1394 2013
1393 2012
1392 2012
1391 2012
1390 2012
1389 2011
1388 2011
1387 2010
1386 2010
1385 2010
1384 2010
1383 2009
1382 2009
1381 2009
1380 2009
1379 2009
1378 2009
1377 2009
1376 2009
1375 2009
1374 2009
1373 2009
1372 2009
1371 2009
1370 2009
1369 2008
1368 2008
1367 2008
1366 2008
1365 2007
1364 2007
1363 2007
1362 2007
1361 2007
1360 2007
1359 2006
1358 2006
1357 2006
1356 2006
1355 2005
1354 2005
1353 2005
1352 2005
1351 2005
1350 2005
1349 2005
1348 2005
1347 2005
1346 2005
1345 2005
1344 2005
1343 2005
1342 2005
1341 2005
1340 2005
1339 2005
1338 2005
1337 2005
1336 2005
1335 2005
1334 2005
1333 2005
1332 2005
1331 2005
1330 2005
1329 2005
1328 2005
1327 2005
1326 2005
1325 2005
1324 2005
1323 2005
1322 2005
1321 2005
1320 2005
1319 2005
1318 2005
1317 2005
1316 2005
1315 2005
1314 2005
1313 2005
1312 2005
1311 2005
1310 2005
1309 2005
1308 2005
