1265 2274
1264 2275
1263 2275
1262 2275
1261 2275
1260 2275
1259 2275
1258 2275
1257 2275
1256 2275
1255 2275
1254 2275
1253 2276
1252 2276
1251 2276
1250 2277
1249 2277
1248 2278
1247 2278
1246 2278
1245 2279
1244 2279
1243 2279
1242 2279
1241 2279
1240 2279
1239 2279
1238 2279
1237 2280
1236 2281
1235 2281
1234 2282
1233 2282
1232 2283
1231 2283
1230 2284
1229 2285
1228 2286
1227 2287
1226 2288
1225 2288
1224 2289
1223 2289
1222 2289
1221 2289
1220 2290
1219 2291
1218 2291
1217 2291
1216 2292
1215 2293
1214 2293
1213 2294
1212 2295
1211 2295
1210 2296
1209 2297
1208 2298
1207 2299
1206 2300
1206 2301
1205 2302
1205 2303
1205 2304
1205 2305
1205 2306
1205 2307
1205 2308
1205 2309
1205 2310
1205 2311
1206 2312
1207 2313
1208 2314
1209 2315
1210 2316
1211 2317
1212 2318
1213 2319
1214 2319
1215 2319
1216 2320
1217 2320
1218 2320
1219 2320
1220 2321
1221 2321
1222 2321
1223 2321
1224 2321
1225 2321
1226 2321
1227 2321
1228 2321
1229 2321
1230 2321
1231 2321
1232 2321
1233 2321
1234 2321
1235 2321
1236 2321
1237 2322
1238 2322
1239 2322
1240 2323
1241 2323
1242 2323
1243 2323
1244 2323
1245 2323
1246 2323
1247 2323
1248 2323
1249 2323
1250 2323
1251 2323
1252 2323
1253 2323
1254 2323
1255 2324
1256 2324
1257 2324
1258 2324
1259 2324
1260 2324
1261 2324
1262 2324
1263 2324
1264 2324
1265 2324
1266 2324
1267 2324
1268 2324
1269 2324
1270 2324
1271 2324
1272 2324
1273 2324
1274 2324
1275 2323
1276 2323
1277 2323
1278 2323
1279 2323
1280 2322
1281 2322
1282 2322
1283 2321
1284 2321
1285 2321
1286 2321
1287 2321
1288 2320
1289 2320
1290 2320
1291 2320
1292 2320
1293 2320
1294 2320
1295 2320
1296 2320
1297 2320
1298 2320
1299 2320
1300 2320
1301 2320
1302 2320
1303 2320
1304 2319
1305 2318
1306 2317
1307 2316
1308 2316
1309 2315
1310 2315
1311 2315
1312 2314
1313 2314
1314 2313
1315 2312
1316 2311
1316 2310
1317 2309
1317 2308
1318 2307
1318 2306
1318 2305
1318 2304
1318 2303
1318 2302
1318 2301
1318 2300
1318 2299
1318 2298
1318 2297
1318 2296
1318 2295
1318 2294
1318 2293
1318 2292
1317 2291
1316 2290
1315 2290
1314 2289
1313 2289
1312 2289
1311 2289
1310 2289
1309 2288
1308 2287
1307 2286
1306 2285
1306 2284
1305 2283
1304 2282
1303 2281
1302 2280
1301 2280
1300 2279
1299 2279
1298 2279
1297 2279
1296 2279
1295 2279
1294 2279
1293 2279
1292 2278
1291 2278
1290 2278
1289 2278
1288 2278
1287 2277
1286 2277
1285 2276
1284 2276
1283 2276
1282 2275
1281 2275
1280 2275
1279 2275
1278 2275
1277 2275
1276 2274
1275 2274
1274 2274
1273 2274
1272 2274
1271 2274
1270 2274
1269 2274
1268 2274
1267 2274
1266 2274
1265 2274
