788 1148
787 1149
787 1150
786 1151
786 1152
786 1153
787 1153
788 1154
789 1155
790 1156
791 1156
792 1156
793 1157
794 1157
795 1157
796 1158
797 1158
798 1159
799 1160
800 1160
801 1161
802 1162
803 1163
804 1164
805 1165
806 1165
807 1166
808 1166
809 1166
810 1167
811 1167
812 1168
813 1168
814 1169
815 1169
816 1170
817 1171
818 1171
819 1171
820 1171
821 1172
822 1172
823 1173
824 1173
825 1173
826 1173
827 1174
828 1174
829 1174
830 1174
831 1174
832 1174
833 1175
834 1175
835 1175
836 1175
837 1176
838 1176
839 1177
840 1177
841 1177
842 1178
843 1179
844 1179
845 1179
846 1180
847 1181
848 1181
849 1182
850 1183
851 1183
852 1184
853 1185
854 1186
855 1187
856 1187
857 1188
858 1188
859 1189
860 1189
861 1190
862 1190
863 1190
864 1190
865 1190
866 1190
867 1190
868 1190
869 1190
870 1190
871 1190
872 1190
873 1190
874 1190
875 1191
876 1191
877 1191
878 1191
879 1192
880 1192
881 1192
882 1192
883 1192
884 1192
885 1193
886 1193
887 1193
888 1193
889 1194
890 1194
891 1194
892 1194
893 1194
894 1194
895 1194
896 1194
897 1194
898 1194
899 1194
900 1194
901 1194
902 1194
903 1194
904 1194
905 1194
906 1194
907 1194
908 1194
909 1194
910 1194
911 1194
912 1194
913 1195
914 1195
915 1195
916 1195
917 1196
918 1196
919 1197
920 1197
921 1198
922 1198
923 1199
924 1200
925 1201
926 1201
927 1201
928 1201
929 1202
930 1202
931 1202
932 1202
933 1202
934 1202
935 1202
936 1202
937 1202
938 1202
939 1202
940 1202
941 1202
942 1202
943 1202
944 1202
945 1202
946 1202
947 1202
948 1202
949 1202
950 1202
951 1202
952 1202
953 1202
954 1202
955 1202
956 1202
957 1202
958 1202
959 1202
960 1202
961 1202
962 1202
963 1202
964 1202
965 1202
966 1202
967 1202
968 1202
969 1202
970 1202
971 1202
972 1202
973 1202
974 1202
975 1202
976 1202
977 1201
978 1201
979 1201
980 1201
981 1200
982 1199
983 1198
984 1198
985 1197
986 1197
987 1196
988 1196
989 1196
990 1196
991 1196
992 1196
993 1196
994 1196
995 1196
996 1196
997 1196
998 1196
999 1196
1000 1196
1001 1196
1002 1196
1003 1196
1004 1196
1005 1196
1006 1196
1006 1195
1006 1194
1006 1193
1006 1192
1006 1191
1006 1190
1006 1189
1006 1188
1006 1187
1005 1186
1005 1185
1005 1184
1005 1183
1004 1182
1004 1181
1004 1180
1004 1179
1003 1178
1003 1177
1002 1176
1002 1175
1001 1174
1000 1173
999 1172
998 1171
997 1171
996 1171
995 1171
994 1170
993 1170
992 1170
991 1170
990 1169
989 1169
988 1169
987 1169
986 1168
985 1168
984 1168
983 1167
982 1166
981 1166
980 1166
979 1166
978 1165
977 1165
976 1165
975 1165
974 1165
973 1165
972 1165
971 1165
970 1164
969 1164
968 1163
967 1163
966 1162
965 1162
964 1161
963 1161
962 1161
961 1161
960 1161
959 1161
958 1161
957 1161
956 1161
955 1161
954 1161
953 1161
952 1161
951 1161
950 1161
949 1161
948 1161
947 1161
946 1161
945 1161
944 1161
943 1161
942 1161
941 1161
940 1161
939 1161
938 1161
937 1161
936 1161
935 1161
934 1161
933 1161
932 1161
931 1161
930 1161
929 1161
928 1161
927 1161
926 1160
925 1160
924 1160
923 1160
922 1159
921 1159
920 1158
919 1158
918 1158
917 1158
916 1157
915 1157
914 1157
913 1157
912 1158
911 1158
910 1158
909 1158
908 1159
907 1159
906 1159
905 1159
904 1159
903 1159
902 1159
901 1159
900 1158
899 1158
898 1158
897 1158
896 1157
895 1157
894 1157
893 1157
892 1157
891 1157
890 1157
889 1157
888 1157
887 1157
886 1157
885 1157
884 1156
883 1156
882 1156
881 1156
880 1155
879 1155
878 1155
877 1155
876 1155
875 1155
874 1155
873 1155
872 1155
871 1155
870 1155
869 1155
868 1155
867 1155
866 1155
865 1155
864 1155
863 1155
862 1155
861 1155
860 1155
859 1155
858 1154
857 1154
856 1154
855 1154
854 1153
853 1153
852 1153
851 1153
850 1153
849 1153
848 1153
847 1153
846 1153
845 1153
844 1153
843 1153
842 1153
841 1153
840 1153
839 1153
838 1153
837 1153
836 1153
835 1153
834 1153
833 1153
832 1153
831 1153
830 1153
829 1153
828 1153
827 1153
826 1153
825 1153
824 1153
823 1153
822 1153
821 1153
820 1152
819 1152
818 1152
817 1151
816 1152
815 1152
814 1152
813 1152
812 1152
811 1152
810 1152
809 1152
808 1152
807 1152
806 1151
805 1151
804 1151
803 1151
802 1150
801 1150
800 1150
799 1149
798 1149
797 1149
796 1149
795 1149
794 1149
793 1149
792 1148
791 1148
790 1148
789 1148
788 1148
