992 274
991 275
990 276
989 277
988 277
987 278
986 278
985 278
984 278
983 277
982 278
981 278
980 279
979 279
978 280
977 280
976 280
975 280
974 280
973 280
972 280
971 280
970 280
969 281
968 281
967 281
966 281
965 281
964 281
963 281
962 281
961 280
960 280
959 280
958 280
957 280
956 280
955 279
954 279
953 279
952 279
951 279
950 279
949 279
948 279
947 279
946 279
945 279
944 280
943 280
942 280
941 281
940 281
939 281
938 282
937 282
936 282
935 282
934 282
933 282
932 283
931 283
930 283
929 284
928 284
927 285
926 285
925 285
924 285
923 286
922 286
921 286
920 287
919 287
918 288
917 288
916 288
915 289
914 289
913 290
912 290
911 291
910 292
909 292
908 293
907 293
906 294
905 294
904 295
904 296
903 297
902 298
902 299
902 300
902 301
902 302
903 303
904 304
905 305
906 306
907 307
908 307
909 308
910 308
911 309
912 309
913 309
914 309
915 310
916 311
917 311
918 311
919 311
920 311
921 311
922 311
923 311
924 312
925 312
926 313
927 313
928 313
929 314
930 314
931 314
932 314
933 314
934 314
935 314
936 315
937 316
938 316
939 316
940 317
941 317
942 317
943 318
944 318
945 319
946 320
947 320
948 321
949 321
950 321
951 320
952 321
953 321
954 321
955 321
956 322
957 323
958 323
959 322
960 322
961 322
962 323
963 323
964 323
965 324
966 324
967 324
968 324
969 325
970 325
971 325
972 326
973 326
974 326
975 326
976 326
977 326
978 326
979 326
980 326
981 326
982 326
983 326
984 326
985 326
986 326
987 326
988 326
989 326
990 326
991 326
992 326
993 326
994 326
995 326
996 326
997 325
998 325
999 325
1000 325
1001 325
1002 325
1003 325
1004 325
1005 325
1006 324
1007 324
1008 324
1009 324
1010 324
1011 324
1012 323
1013 323
1014 322
1014 321
1014 320
1015 319
1015 318
1016 317
1017 317
1018 316
1019 316
1020 315
1021 314
1021 313
1021 312
1021 311
1022 310
1023 310
1024 310
1025 310
1026 310
1027 310
1028 309
1029 309
1030 308
1031 308
1032 307
1033 307
1034 306
1035 305
1036 305
1036 304
1037 303
1037 302
1037 301
1037 300
1038 299
1038 298
1039 297
1039 296
1039 295
1039 294
1039 293
1039 292
1039 291
1039 290
1039 289
1039 288
1038 287
1037 286
1037 285
1036 284
1035 283
1034 282
1033 282
1032 281
1031 281
1030 281
1029 281
1028 281
1027 281
1026 281
1025 280
1024 280
1023 279
1022 278
1021 277
1020 276
1019 275
1018 274
1017 274
1016 274
1015 274
1014 274
1013 275
1012 275
1011 275
1010 275
1009 275
1008 275
1007 275
1006 275
1005 274
1004 274
1003 274
1002 274
1001 274
1000 274
999 274
998 274
997 274
996 274
995 274
994 274
993 274
992 274
