535 1267
534 1268
533 1268
532 1268
531 1268
530 1268
529 1268
528 1268
527 1268
526 1268
525 1268
524 1268
523 1269
522 1269
521 1270
520 1270
519 1270
518 1271
517 1271
516 1271
515 1271
514 1272
513 1272
512 1273
511 1273
510 1274
509 1274
508 1275
507 1275
506 1276
505 1276
504 1277
503 1278
502 1278
501 1279
500 1279
499 1279
498 1280
497 1280
496 1281
495 1281
494 1282
493 1283
492 1283
491 1284
490 1284
489 1284
488 1285
487 1286
486 1286
485 1287
484 1287
483 1288
482 1288
482 1289
481 1290
480 1291
480 1292
479 1293
478 1294
478 1295
478 1296
477 1297
477 1298
477 1299
477 1300
476 1301
476 1302
476 1303
476 1304
476 1305
476 1306
476 1307
476 1308
476 1309
476 1310
477 1311
477 1312
478 1313
479 1314
480 1315
481 1316
482 1317
483 1318
484 1319
485 1320
486 1321
487 1321
488 1322
489 1322
490 1322
491 1322
492 1322
493 1322
494 1322
495 1322
496 1322
497 1323
498 1324
499 1324
500 1324
501 1325
502 1325
503 1325
504 1326
505 1326
506 1327
507 1327
508 1328
509 1329
510 1329
511 1329
512 1330
513 1330
514 1330
515 1331
516 1331
517 1331
518 1331
519 1332
520 1332
521 1332
522 1332
523 1332
524 1332
525 1332
526 1332
527 1332
528 1332
529 1332
530 1332
531 1332
532 1332
533 1332
534 1332
535 1332
536 1332
537 1332
538 1332
539 1333
540 1333
541 1332
542 1332
543 1331
544 1330
545 1330
546 1329
547 1328
548 1327
549 1326
550 1326
551 1325
552 1324
553 1323
554 1322
555 1321
555 1320
556 1319
556 1318
557 1317
557 1316
558 1315
558 1314
559 1313
559 1312
559 1311
559 1310
559 1309
560 1308
560 1307
560 1306
561 1305
561 1304
561 1303
562 1302
562 1301
562 1300
562 1299
562 1298
562 1297
562 1296
561 1295
561 1294
560 1293
559 1292
559 1291
558 1290
558 1289
557 1288
557 1287
556 1286
556 1285
556 1284
555 1283
555 1282
555 1281
554 1280
554 1279
553 1278
552 1277
552 1276
552 1275
551 1274
551 1273
550 1272
549 1271
548 1270
547 1269
546 1268
545 1268
544 1268
543 1268
542 1268
541 1268
540 1267
539 1267
538 1267
537 1267
536 1267
535 1267
