1209 1521
1208 1522
1207 1522
1206 1522
1205 1522
1204 1522
1203 1523
1202 1522
1201 1523
1200 1523
1199 1523
1198 1523
1197 1524
1196 1524
1195 1524
1194 1525
1193 1525
1192 1525
1191 1525
1190 1525
1189 1525
1188 1526
1187 1526
1186 1526
1185 1526
1184 1526
1183 1526
1182 1526
1181 1526
1180 1526
1179 1526
1178 1526
1177 1526
1176 1526
1175 1526
1174 1526
1173 1526
1172 1526
1171 1526
1170 1526
1169 1526
1168 1527
1167 1527
1166 1528
1165 1529
1164 1529
1163 1529
1162 1530
1161 1531
1160 1531
1159 1531
1158 1532
1157 1532
1156 1532
1155 1532
1154 1532
1153 1532
1152 1532
1151 1533
1150 1533
1149 1534
1148 1534
1147 1535
1146 1535
1145 1535
1144 1535
1143 1535
1142 1535
1141 1535
1140 1535
1139 1535
1138 1535
1137 1536
1136 1536
1135 1536
1134 1537
1133 1538
1132 1538
1131 1539
1130 1539
1129 1540
1128 1541
1127 1541
1126 1542
1125 1543
1125 1544
1124 1545
1123 1546
1122 1547
1122 1548
1121 1549
1120 1550
1120 1551
1119 1552
1118 1553
1117 1554
1116 1555
1115 1556
1115 1557
1114 1558
1113 1559
1112 1560
1111 1561
1110 1562
1109 1563
1109 1564
1108 1565
1108 1566
1108 1567
1108 1568
1108 1569
1108 1570
1108 1571
1108 1572
1108 1573
1108 1574
1108 1575
1108 1576
1109 1577
1109 1578
1110 1578
1111 1579
1112 1580
1112 1581
1113 1582
1113 1583
1113 1584
1113 1585
1113 1586
1113 1587
1113 1588
1113 1589
1113 1590
1113 1591
1114 1592
1114 1593
1115 1594
1116 1595
1116 1596
1116 1597
1116 1598
1116 1599
1116 1600
1115 1601
1115 1602
1115 1603
1114 1604
1114 1605
1114 1606
1113 1607
1113 1608
1113 1609
1113 1610
1114 1611
1114 1612
1115 1613
1115 1614
1116 1615
1117 1616
1118 1617
1119 1617
1120 1617
1121 1617
1122 1617
1123 1617
1124 1618
1125 1618
1126 1618
1127 1618
1128 1617
1129 1617
1130 1617
1131 1617
1132 1617
1133 1617
1134 1617
1135 1617
1136 1617
1137 1617
1138 1617
1139 1617
1140 1618
1141 1618
1142 1619
1143 1619
1144 1620
1145 1620
1146 1620
1147 1621
1148 1621
1149 1622
1150 1623
1151 1624
1152 1625
1153 1626
1154 1627
1155 1628
1156 1629
1157 1630
1158 1631
1159 1632
1159 1633
1160 1634
1161 1635
1162 1636
1163 1636
1164 1637
1165 1637
1166 1637
1167 1637
1168 1637
1169 1637
1170 1636
1171 1636
1172 1635
1173 1635
1174 1634
1175 1634
1176 1634
1177 1634
1178 1634
1179 1634
1180 1634
1181 1634
1182 1634
1183 1633
1184 1632
1185 1631
1186 1630
1187 1629
1188 1628
1189 1627
1190 1627
1191 1626
1192 1626
1193 1625
1194 1625
1195 1624
1196 1624
1197 1624
1198 1624
1199 1624
1200 1624
1201 1624
1202 1624
1203 1624
1204 1624
1205 1624
1206 1624
1207 1625
1208 1625
1209 1625
1210 1626
1211 1626
1212 1626
1213 1627
1214 1627
1215 1627
1216 1628
1217 1628
1218 1628
1219 1628
1220 1628
1221 1628
1222 1628
1223 1628
1224 1627
1225 1626
1226 1626
1227 1626
1228 1626
1229 1626
1230 1625
1231 1625
1232 1624
1233 1623
1234 1623
1235 1622
1236 1622
1237 1622
1238 1622
1239 1622
1240 1621
1241 1621
1242 1621
1243 1621
1244 1621
1245 1621
1246 1620
1247 1620
1248 1620
1249 1619
1250 1619
1251 1619
1252 1619
1253 1619
1254 1618
1255 1618
1256 1617
1257 1617
1258 1616
1259 1616
1260 1616
1261 1616
1262 1616
1263 1616
1264 1616
1265 1617
1266 1617
1267 1617
1268 1617
1269 1617
1270 1617
1271 1617
1272 1617
1273 1617
1274 1617
1275 1618
1276 1618
1277 1618
1278 1619
1279 1618
1280 1618
1281 1618
1282 1618
1283 1618
1284 1617
1285 1617
1286 1617
1287 1617
1288 1617
1289 1618
1290 1618
1291 1619
1292 1619
1293 1619
1294 1619
1295 1619
1296 1619
1297 1619
1298 1619
1299 1619
1300 1619
1301 1619
1302 1619
1303 1619
1304 1619
1305 1619
1306 1620
1307 1620
1308 1620
1309 1621
1310 1621
1311 1621
1312 1621
1313 1621
1314 1620
1315 1620
1316 1619
1317 1619
1318 1618
1319 1618
1320 1618
1321 1617
1322 1617
1323 1616
1324 1616
1325 1616
1326 1616
1327 1615
1328 1615
1329 1615
1330 1614
1331 1614
1332 1613
1333 1612
1334 1611
1335 1610
1335 1609
1336 1608
1336 1607
1337 1606
1337 1605
1338 1604
1339 1603
1339 1602
1340 1601
1341 1600
1342 1599
1343 1598
1344 1597
1345 1596
1346 1595
1347 1594
1348 1593
1349 1592
1350 1591
1351 1590
1352 1589
1352 1588
1352 1587
1352 1586
1352 1585
1351 1584
1351 1583
1351 1582
1350 1581
1349 1580
1349 1579
1349 1578
1348 1577
1348 1576
1348 1575
1347 1574
1347 1573
1346 1572
1346 1571
1346 1570
1345 1569
1345 1568
1345 1567
1345 1566
1345 1565
1345 1564
1345 1563
1344 1562
1343 1561
1342 1560
1342 1559
1341 1558
1341 1557
1341 1556
1340 1555
1339 1554
1338 1554
1337 1553
1336 1552
1335 1552
1334 1551
1333 1550
1333 1549
1332 1548
1331 1547
1331 1546
1330 1545
1329 1544
1328 1543
1327 1542
1327 1541
1326 1540
1325 1540
1324 1540
1323 1540
1322 1540
1321 1540
1320 1540
1319 1539
1318 1539
1317 1539
1316 1538
1315 1538
1314 1537
1313 1537
1312 1537
1311 1537
1310 1536
1309 1536
1308 1535
1307 1536
1306 1535
1305 1535
1304 1535
1303 1535
1302 1534
1301 1533
1300 1533
1299 1533
1298 1533
1297 1532
1296 1532
1295 1532
1294 1531
1293 1531
1292 1531
1291 1530
1290 1530
1289 1529
1288 1529
1287 1528
1286 1528
1285 1528
1284 1527
1283 1527
1282 1527
1281 1527
1280 1527
1279 1526
1278 1526
1277 1526
1276 1526
1275 1525
1274 1525
1273 1525
1272 1524
1271 1524
1270 1524
1269 1524
1268 1524
1267 1524
1266 1523
1265 1523
1264 1522
1263 1523
1262 1522
1261 1522
1260 1522
1259 1521
1258 1521
1257 1521
1256 1521
1255 1521
1254 1521
1253 1522
1252 1522
1251 1522
1250 1522
1249 1522
1248 1522
1247 1521
1246 1522
1245 1522
1244 1522
1243 1522
1242 1522
1241 1522
1240 1522
1239 1522
1238 1522
1237 1522
1236 1522
1235 1522
1234 1523
1233 1523
1232 1523
1231 1523
1230 1523
1229 1523
1228 1523
1227 1523
1226 1524
1225 1524
1224 1524
1223 1524
1222 1524
1221 1524
1220 1523
1219 1523
1218 1523
1217 1522
1216 1522
1215 1522
1214 1523
1213 1522
1212 1522
1211 1522
1210 1521
1209 1521
