4287 4085
4286 4086
4285 4086
4284 4086
4283 4086
4282 4087
4281 4087
4280 4087
4279 4087
4278 4087
4277 4087
4276 4087
4275 4087
4274 4087
4273 4087
4272 4087
4271 4087
4270 4088
4269 4088
4268 4088
4267 4088
4266 4089
4265 4089
4264 4089
4263 4089
4262 4089
4261 4089
4260 4089
4259 4089
4258 4089
4257 4089
4256 4089
4255 4089
4254 4089
4253 4089
4252 4089
4251 4089
4250 4089
4249 4089
4248 4089
4247 4089
4246 4089
4245 4089
4244 4089
4243 4089
4242 4089
4241 4089
4240 4089
4239 4089
4238 4089
4237 4089
4236 4089
4235 4089
4234 4089
4233 4089
4232 4089
4231 4089
4230 4089
4229 4089
4228 4089
4227 4089
4226 4089
4225 4089
4224 4089
4223 4089
4222 4089
4221 4089
4220 4089
4219 4089
4218 4089
4217 4089
4216 4089
4215 4089
4214 4089
4213 4089
4212 4089
4211 4089
4210 4089
4209 4089
4208 4089
4207 4089
4206 4089
4205 4089
4204 4089
4203 4089
4202 4089
4201 4089
4200 4089
4199 4089
4198 4089
4197 4089
4196 4089
4195 4089
4194 4089
4193 4089
4192 4089
4191 4089
4190 4089
4189 4089
4188 4090
4187 4090
4186 4090
4185 4090
4184 4091
4183 4091
4182 4091
4181 4091
4180 4091
4179 4091
4178 4091
4177 4091
4176 4091
4175 4091
4174 4091
4173 4091
4172 4091
4171 4091
4170 4092
4169 4092
4168 4092
4167 4092
4166 4093
4165 4093
4164 4093
4163 4093
4162 4093
4161 4093
4160 4093
4159 4093
4158 4094
4157 4094
4156 4094
4155 4094
4154 4095
4153 4095
4152 4095
4151 4095
4150 4096
4149 4096
4148 4096
4147 4096
4146 4097
4145 4097
4144 4097
4143 4097
4142 4097
4141 4097
4140 4097
4139 4097
4138 4097
4137 4097
4136 4098
4135 4098
4134 4098
4133 4098
4132 4099
4131 4099
4130 4099
4129 4099
4128 4099
4127 4099
4126 4099
4125 4099
4124 4099
4123 4099
4122 4099
4121 4099
4120 4099
4119 4099
4118 4099
4117 4099
4116 4099
4115 4099
4114 4099
4113 4099
4112 4099
4111 4099
4110 4099
4109 4099
4108 4099
4107 4099
4106 4099
4105 4099
4104 4099
4103 4099
4102 4099
4101 4099
4100 4099
4099 4099
4098 4099
4097 4099
4096 4099
4095 4099
4094 4099
4093 4099
4092 4100
4091 4100
4090 4100
4089 4100
4088 4101
4087 4101
4086 4101
4085 4101
4084 4101
4083 4101
4082 4101
4081 4101
4080 4101
4079 4101
4078 4101
4077 4101
4076 4101
4075 4101
4074 4101
4073 4101
4072 4101
4071 4101
4070 4101
4069 4101
4068 4101
4067 4101
4066 4102
4065 4102
4064 4102
4063 4102
4062 4103
4061 4103
4060 4103
4059 4103
4058 4103
4057 4103
4056 4103
4055 4103
4054 4103
4053 4103
4052 4103
4051 4103
4050 4103
4049 4103
4048 4103
4047 4103
4046 4103
4045 4103
4044 4103
4043 4103
4042 4103
4041 4103
4040 4103
4039 4103
4038 4103
4037 4103
4036 4103
4035 4103
4034 4103
4033 4103
4032 4103
4031 4103
4030 4103
4029 4103
4028 4103
4027 4103
4026 4104
4025 4104
4024 4104
4023 4104
4022 4105
4021 4105
4020 4105
4019 4105
4018 4105
4017 4105
4016 4105
4015 4105
4014 4105
4013 4105
4012 4105
4011 4105
4010 4105
4009 4105
4008 4105
4007 4105
4006 4105
4005 4105
4004 4105
4003 4105
4002 4105
4001 4105
4000 4105
3999 4105
3998 4105
3997 4105
3996 4105
3995 4105
3994 4105
3993 4105
3992 4105
3991 4105
3990 4105
3989 4105
3988 4105
3987 4105
3986 4105
3985 4105
3984 4106
3983 4106
3982 4106
3981 4106
3980 4107
3979 4107
3978 4107
3977 4107
3976 4107
3975 4107
3974 4107
3973 4107
3972 4107
3971 4107
3970 4107
3969 4107
3968 4108
3967 4108
3966 4108
3965 4108
3964 4109
3963 4109
3962 4109
3961 4109
3960 4110
3959 4110
3958 4110
3957 4110
3956 4111
3955 4111
3954 4111
3953 4111
3952 4111
3951 4111
3950 4111
3949 4111
3948 4111
3947 4111
3946 4112
3945 4112
3944 4112
3943 4112
3942 4113
3941 4113
3940 4113
3939 4113
3938 4114
3937 4114
3936 4114
3935 4114
3934 4115
3933 4115
3932 4115
3931 4115
3930 4115
3929 4115
3928 4115
3927 4115
3926 4116
3925 4116
3924 4116
3923 4116
3922 4117
3921 4117
3920 4117
3919 4117
3918 4118
3917 4118
3916 4118
3915 4118
3914 4119
3913 4120
3912 4120
3911 4120
3910 4121
3909 4121
3908 4122
3907 4122
3906 4122
3905 4122
3904 4123
3903 4124
3902 4124
3901 4124
3900 4125
3899 4126
3898 4126
3897 4126
3896 4127
3895 4128
3894 4128
3893 4128
3892 4129
3891 4130
3890 4130
3889 4130
3888 4131
3887 4132
3886 4132
3885 4132
3884 4133
3883 4133
3882 4134
3881 4134
3880 4134
3879 4134
3878 4135
3877 4135
3876 4136
3875 4136
3874 4136
3873 4136
3872 4137
3871 4137
3870 4137
3869 4137
3868 4137
3867 4137
3866 4138
3865 4138
3864 4138
3863 4138
3862 4139
3861 4139
3860 4139
3859 4139
3858 4140
3857 4140
3856 4140
3855 4140
3854 4141
3853 4141
3852 4141
3851 4141
3850 4141
3849 4141
3848 4141
3847 4141
3846 4141
3845 4141
3844 4142
3843 4142
3842 4142
3841 4142
3840 4143
3839 4143
3838 4143
3837 4143
3836 4143
3835 4143
3834 4143
3833 4143
3832 4143
3831 4143
3830 4144
3829 4144
3828 4144
3827 4144
3826 4145
3825 4145
3824 4145
3823 4145
3822 4145
3821 4145
3820 4145
3819 4145
3818 4145
3817 4145
3816 4145
3815 4145
3814 4145
3813 4145
3812 4146
3811 4146
3810 4146
3809 4146
3808 4147
3807 4147
3806 4147
3805 4147
3804 4147
3803 4147
3802 4148
3801 4148
3800 4148
3799 4148
3798 4149
3797 4149
3796 4149
3795 4149
3794 4149
3793 4149
3792 4149
3791 4149
3790 4149
3789 4149
3788 4149
3787 4149
3786 4149
3785 4149
3784 4149
3783 4149
3782 4149
3781 4149
3780 4149
3779 4149
3778 4149
3777 4149
3776 4150
3775 4150
3774 4150
3773 4150
3772 4151
3771 4151
3770 4151
3769 4151
3768 4151
3767 4151
3766 4151
3765 4151
3764 4151
3763 4151
3762 4151
3761 4151
3760 4151
3759 4151
3758 4151
3757 4151
3756 4151
3755 4151
3754 4151
3753 4151
3752 4151
3751 4151
3750 4151
3749 4151
3748 4152
3747 4152
3746 4152
3745 4152
3744 4153
3743 4153
3742 4153
3741 4153
3740 4153
3739 4153
3738 4153
3737 4153
3736 4153
3735 4153
3734 4153
3733 4153
3732 4153
3731 4153
3730 4153
3729 4153
3728 4153
3727 4153
3726 4153
3725 4153
3724 4153
3723 4153
3722 4153
3721 4153
3720 4153
3719 4153
3718 4153
3717 4153
3716 4153
3715 4153
3714 4153
3713 4153
3712 4153
3711 4153
3710 4153
3709 4153
3708 4153
3707 4153
3706 4153
3705 4153
3704 4153
3703 4153
3702 4153
3701 4153
3700 4153
3699 4153
3698 4153
3697 4153
3696 4153
3695 4153
3694 4153
3693 4153
3692 4153
3691 4153
3690 4153
3689 4153
3688 4153
3687 4153
3686 4153
3685 4153
3684 4153
3683 4153
3682 4153
3681 4153
3680 4153
3679 4153
3678 4153
3677 4153
3676 4153
3675 4153
3674 4153
3673 4153
3672 4153
3671 4153
3670 4153
3669 4153
3668 4153
3667 4153
3666 4153
3665 4153
3664 4153
3663 4153
3662 4153
3661 4153
3660 4153
3659 4153
3658 4153
3657 4153
3656 4153
3655 4153
3654 4153
3653 4153
3652 4153
3651 4153
3650 4152
3649 4152
3648 4152
3647 4152
3646 4151
3645 4151
3644 4151
3643 4151
3642 4151
3641 4151
3640 4151
3639 4151
3638 4150
3637 4150
3636 4150
3635 4150
3634 4149
3633 4149
3632 4149
3631 4149
3630 4149
3629 4149
3628 4149
3627 4149
3626 4149
3625 4149
3624 4149
3623 4149
3622 4149
3621 4149
3620 4148
3619 4148
3618 4148
3617 4148
3616 4147
3615 4147
3614 4147
3613 4147
3612 4147
3611 4147
3610 4147
3609 4147
3608 4147
3607 4147
3606 4147
3605 4147
3604 4147
3603 4147
3602 4147
3601 4147
3600 4147
3599 4147
3598 4147
3597 4147
3596 4147
3595 4147
3594 4147
3593 4147
3592 4147
3591 4147
3590 4147
3589 4147
3588 4147
3587 4147
3586 4147
3585 4147
3584 4147
3583 4147
3582 4147
3581 4147
3580 4147
3579 4147
3578 4147
3577 4147
3576 4147
3575 4147
3574 4147
3573 4147
3572 4147
3571 4147
3570 4147
3569 4147
3568 4147
3567 4147
3566 4147
3565 4147
3564 4147
3563 4147
3562 4147
3561 4147
3560 4147
3559 4147
3558 4147
3557 4147
3556 4147
3555 4147
3554 4147
3553 4147
3552 4147
3551 4147
3550 4147
3549 4147
3548 4147
3547 4147
3546 4148
3545 4148
3544 4148
3543 4148
3542 4149
3541 4149
3540 4149
3539 4149
3538 4149
3537 4149
3536 4149
3535 4149
3534 4149
3533 4149
3532 4150
3531 4150
3530 4150
3529 4150
3528 4151
3527 4151
3526 4151
3525 4151
3524 4151
3523 4151
3522 4152
3521 4152
3520 4152
3519 4152
3518 4153
3517 4153
3516 4153
3515 4153
3514 4153
3513 4153
3512 4154
3511 4154
3510 4154
3509 4154
3508 4155
3507 4155
3506 4155
3505 4155
3504 4155
3503 4155
3502 4155
3501 4155
3500 4155
3499 4155
3498 4155
3497 4155
3496 4155
3495 4155
3494 4155
3493 4155
3492 4156
3491 4156
3490 4156
3489 4156
3488 4157
3487 4157
3486 4157
3485 4157
3484 4157
3483 4157
3482 4157
3481 4157
3480 4157
3479 4157
3478 4157
3477 4157
3476 4157
3475 4157
3474 4157
3473 4157
3472 4158
3471 4158
3470 4158
3469 4158
3468 4159
3467 4159
3466 4159
3465 4159
3464 4159
3463 4159
3462 4159
3461 4159
3460 4159
3459 4159
3458 4160
3457 4160
3456 4160
3455 4160
3454 4161
3453 4161
3452 4161
3451 4161
3450 4161
3449 4161
3448 4161
3447 4161
3446 4162
3445 4162
3444 4162
3443 4162
3442 4163
3441 4163
3440 4163
3439 4163
3438 4163
3437 4163
3436 4164
3435 4164
3434 4164
3433 4164
3432 4165
3431 4165
3430 4165
3429 4165
3428 4165
3427 4165
3426 4166
3425 4166
3424 4166
3423 4166
3422 4167
3421 4167
3420 4167
3419 4167
3418 4167
3417 4167
3416 4168
3415 4168
3414 4168
3413 4168
3412 4169
3411 4169
3410 4170
3409 4170
3408 4170
3407 4170
3406 4171
3405 4171
3404 4171
3403 4171
3402 4171
3401 4171
3400 4171
3399 4171
3398 4171
3397 4171
3396 4172
3395 4172
3394 4172
3393 4172
3392 4173
3391 4173
3390 4174
3389 4174
3388 4174
3387 4174
3386 4175
3385 4175
3384 4175
3383 4175
3382 4176
3381 4176
3380 4176
3379 4176
3378 4177
3377 4178
3376 4178
3375 4178
3374 4179
3373 4179
3372 4179
3371 4179
3370 4180
3369 4180
3368 4180
3367 4180
3366 4181
3365 4181
3364 4182
3363 4182
3362 4182
3361 4182
3360 4183
3359 4183
3358 4184
3357 4184
3356 4184
3355 4184
3354 4185
3353 4186
3352 4186
3351 4186
3350 4187
3349 4187
3348 4188
3347 4188
3346 4188
3345 4188
3344 4189
3343 4189
3342 4189
3341 4189
3340 4190
3339 4190
3338 4190
3337 4190
3336 4191
3335 4192
3334 4192
3333 4192
3332 4193
3331 4194
3330 4194
3329 4194
3328 4195
3327 4196
3326 4197
3325 4197
3324 4198
3323 4198
3322 4199
3321 4200
3320 4201
3319 4201
3318 4202
3317 4202
3316 4203
3315 4204
3314 4205
3313 4206
3312 4206
3312 4207
3311 4208
3310 4208
3310 4209
3309 4210
3308 4210
3308 4211
3307 4212
3306 4212
3306 4213
3305 4214
3304 4214
3304 4215
3303 4216
3302 4217
3301 4218
3300 4219
3300 4220
3300 4221
3299 4222
3298 4223
3298 4224
3297 4225
3296 4226
3296 4227
3295 4228
3294 4228
3294 4229
3293 4230
3292 4230
3292 4231
3291 4232
3290 4232
3289 4233
3288 4234
3287 4234
3286 4235
3285 4235
3284 4236
3283 4236
3282 4237
3281 4237
3280 4238
3279 4238
3278 4239
3277 4240
3276 4240
3275 4240
3274 4241
3273 4242
3272 4243
3271 4243
3270 4244
3269 4244
3268 4245
3267 4246
3266 4247
3265 4247
3264 4248
3263 4248
3262 4249
3261 4250
3260 4250
3259 4250
3258 4251
3257 4252
3256 4253
3255 4253
3254 4254
3253 4254
3252 4255
3251 4256
3250 4256
3249 4256
3248 4257
3247 4258
3246 4259
3245 4259
3244 4260
3243 4260
3242 4261
3241 4262
3240 4262
3239 4262
3238 4263
3237 4264
3236 4264
3235 4264
3234 4265
3233 4266
3232 4266
3231 4266
3230 4267
3229 4268
3228 4269
3227 4269
3226 4270
3225 4270
3224 4271
3223 4272
3222 4273
3221 4273
3220 4274
3219 4274
3218 4275
3217 4276
3216 4277
3215 4277
3214 4278
3213 4278
3212 4279
3211 4280
3210 4281
3209 4282
3208 4282
3208 4283
3207 4284
3206 4284
3206 4285
3205 4286
3204 4286
3204 4287
3203 4288
3202 4288
3202 4289
3201 4290
3200 4290
3200 4291
3199 4292
3198 4292
3198 4293
3197 4294
3196 4295
3195 4296
3194 4297
3194 4298
3193 4299
3193 4300
3192 4301
3191 4302
3190 4303
3190 4304
3189 4305
3189 4306
3188 4307
3187 4308
3186 4309
3186 4310
3185 4311
3185 4312
3184 4313
3183 4314
3182 4315
3182 4316
3182 4317
3181 4318
3180 4319
3180 4320
3180 4321
3179 4322
3178 4323
3178 4324
3178 4325
3177 4326
3176 4327
3176 4328
3176 4329
3175 4330
3174 4331
3174 4332
3173 4333
3173 4334
3172 4335
3171 4336
3170 4337
3170 4338
3170 4339
3169 4340
3168 4341
3168 4342
3168 4343
3167 4344
3166 4345
3166 4346
3165 4347
3164 4348
3164 4349
3163 4350
3162 4351
3161 4352
3160 4353
3160 4354
3159 4355
3159 4356
3158 4357
3157 4358
3156 4359
3156 4360
3155 4361
3155 4362
3154 4363
3153 4364
3152 4365
3152 4366
3152 4367
3151 4368
3150 4369
3150 4370
3150 4371
3149 4372
3148 4373
3148 4374
3148 4375
3147 4376
3146 4377
3146 4378
3145 4379
3145 4380
3144 4381
3143 4382
3142 4383
3142 4384
3141 4385
3140 4386
3140 4387
3139 4388
3138 4388
3138 4389
3137 4390
3136 4391
3135 4392
3134 4393
3134 4394
3134 4395
3133 4396
3132 4397
3132 4398
3131 4399
3130 4400
3130 4401
3129 4402
3128 4403
3127 4404
3126 4405
3126 4406
3125 4407
3124 4408
3124 4409
3123 4410
3122 4410
3122 4411
3121 4412
3120 4412
3120 4413
3119 4414
3118 4414
3118 4415
3117 4416
3116 4416
3116 4417
3115 4418
3114 4418
3114 4419
3113 4420
3112 4420
3112 4421
3111 4422
3110 4422
3110 4423
3109 4424
3108 4424
3108 4425
3107 4426
3106 4426
3106 4427
3105 4428
3104 4428
3104 4429
3103 4430
3102 4430
3102 4431
3101 4432
3100 4432
3099 4433
3098 4434
3097 4434
3096 4435
3095 4436
3094 4437
3093 4438
3092 4438
3092 4439
3091 4440
3090 4440
3089 4441
3088 4442
3087 4442
3086 4443
3085 4444
3084 4445
3083 4446
3082 4446
3082 4447
3081 4448
3080 4448
3080 4449
3079 4450
3078 4450
3078 4451
3077 4452
3076 4452
3076 4453
3075 4454
3074 4454
3074 4455
3073 4456
3072 4456
3072 4457
3071 4458
3070 4458
3070 4459
3069 4460
3068 4460
3068 4461
3067 4462
3066 4462
3066 4463
3065 4464
3064 4464
3064 4465
3063 4466
3062 4466
3062 4467
3061 4468
3060 4468
3060 4469
3059 4470
3058 4470
3058 4471
3057 4472
3056 4472
3056 4473
3055 4474
3054 4474
3054 4475
3053 4476
3052 4476
3052 4477
3051 4478
3050 4478
3050 4479
3049 4480
3048 4480
3048 4481
3047 4482
3046 4482
3046 4483
3045 4484
3044 4484
3043 4485
3042 4486
3041 4486
3040 4487
3039 4488
3038 4489
3037 4489
3036 4490
3035 4490
3034 4491
3033 4492
3032 4493
3031 4494
3030 4494
3029 4495
3028 4496
3027 4496
3026 4497
3025 4498
3024 4498
3023 4498
3022 4499
3021 4500
3020 4500
3019 4500
3018 4501
3017 4502
3016 4503
3015 4503
3014 4504
3013 4504
3012 4505
3011 4506
3010 4506
3009 4506
3008 4507
3007 4508
3006 4509
3005 4510
3004 4510
3004 4511
3003 4512
3002 4512
3002 4513
3001 4514
3000 4514
3000 4515
2999 4516
2998 4516
2998 4517
2997 4518
2996 4518
2996 4519
2995 4520
2994 4520
2994 4521
2993 4522
2992 4522
2992 4523
2991 4524
2990 4524
2990 4525
2989 4526
2988 4527
2987 4528
2986 4529
2986 4530
2986 4531
2985 4532
2984 4533
2984 4534
2983 4535
2982 4536
2982 4537
2981 4538
2980 4539
2979 4540
2978 4541
2978 4542
2978 4543
2977 4544
2976 4545
2976 4546
2976 4547
2976 4548
2975 4549
2975 4550
2974 4551
2974 4552
2974 4553
2973 4554
2972 4555
2972 4556
2972 4557
2972 4558
2971 4559
2971 4560
2970 4561
2970 4562
2970 4563
2969 4564
2968 4565
2968 4566
2968 4567
2968 4568
2967 4569
2967 4570
2966 4571
2966 4572
2966 4573
2966 4574
2965 4575
2965 4576
2964 4577
2964 4578
2964 4579
2963 4580
2962 4581
2962 4582
2962 4583
2961 4584
2960 4585
2960 4586
2960 4587
2960 4588
2959 4589
2959 4590
2959 4591
2959 4592
2959 4593
2959 4594
2959 4595
2959 4596
2959 4597
2959 4598
2958 4599
2958 4600
2958 4601
2958 4602
2957 4603
2957 4604
2957 4605
2957 4606
2956 4607
2956 4608
2956 4609
2956 4610
2955 4611
2955 4612
2955 4613
2955 4614
2954 4615
2954 4616
2954 4617
2954 4618
2953 4619
2953 4620
2953 4621
2953 4622
2953 4623
2953 4624
2953 4625
2953 4626
2953 4627
2953 4628
2953 4629
2953 4630
2952 4631
2952 4632
2952 4633
2951 4634
2950 4635
2950 4636
2950 4637
2950 4638
2949 4639
2949 4640
2949 4641
2949 4642
2949 4643
2949 4644
2949 4645
2949 4646
2949 4647
2949 4648
2949 4649
2949 4650
2949 4651
2949 4652
2949 4653
2949 4654
2949 4655
2949 4656
2949 4657
2949 4658
2948 4659
2948 4660
2948 4661
2948 4662
2947 4663
2947 4664
2947 4665
2947 4666
2947 4667
2947 4668
2947 4669
2947 4670
2946 4671
2946 4672
2946 4673
2946 4674
2945 4675
2945 4676
2945 4677
2945 4678
2944 4679
2944 4680
2944 4681
2944 4682
2943 4683
2943 4684
2942 4685
2942 4686
2942 4687
2942 4688
2941 4689
2941 4690
2941 4691
2941 4692
2941 4693
2941 4694
2941 4695
2941 4696
2941 4697
2941 4698
2940 4699
2940 4700
2940 4701
2940 4702
2939 4703
2939 4704
2939 4705
2939 4706
2938 4707
2938 4708
2938 4709
2938 4710
2937 4711
2937 4712
2937 4713
2937 4714
2937 4715
2937 4716
2936 4717
2936 4718
2936 4719
2936 4720
2935 4721
2935 4722
2935 4723
2935 4724
2935 4725
2935 4726
2935 4727
2935 4728
2934 4729
2934 4730
2934 4731
2934 4732
2933 4733
2933 4734
2932 4735
2932 4736
2932 4737
2932 4738
2931 4739
2931 4740
2931 4741
2931 4742
2931 4743
2931 4744
2931 4745
2931 4746
2931 4747
2931 4748
2931 4749
2931 4750
2930 4751
2930 4752
2930 4753
2930 4754
2929 4755
2929 4756
2928 4757
2928 4758
2928 4759
2928 4760
2927 4761
2927 4762
2927 4763
2927 4764
2927 4765
2927 4766
2927 4767
2927 4768
2927 4769
2927 4770
2927 4771
2927 4772
2927 4773
2927 4774
2927 4775
2927 4776
2926 4777
2926 4778
2926 4779
2926 4780
2925 4781
2925 4782
2925 4783
2925 4784
2925 4785
2925 4786
2925 4787
2925 4788
2924 4789
2924 4790
2924 4791
2924 4792
2923 4793
2923 4794
2923 4795
2923 4796
2922 4797
2922 4798
2922 4799
2922 4800
2921 4801
2921 4802
2921 4803
2921 4804
2921 4805
2921 4806
2920 4807
2920 4808
2920 4809
2920 4810
2919 4811
2919 4812
2918 4813
2918 4814
2918 4815
2917 4816
2916 4817
2916 4818
2916 4819
2916 4820
2915 4821
2915 4822
2915 4823
2915 4824
2915 4825
2915 4826
2915 4827
2915 4828
2915 4829
2915 4830
2915 4831
2915 4832
2915 4833
2915 4834
2915 4835
2915 4836
2914 4837
2914 4838
2914 4839
2914 4840
2913 4841
2913 4842
2913 4843
2913 4844
2912 4845
2912 4846
2912 4847
2912 4848
2911 4849
2911 4850
2911 4851
2911 4852
2910 4853
2910 4854
2910 4855
2910 4856
2909 4857
2909 4858
2909 4859
2909 4860
2909 4861
2909 4862
2908 4863
2908 4864
2908 4865
2908 4866
2907 4867
2907 4868
2907 4869
2907 4870
2907 4871
2907 4872
2906 4873
2906 4874
2906 4875
2905 4876
2904 4877
2904 4878
2904 4879
2904 4880
2903 4881
2903 4882
2903 4883
2903 4884
2902 4885
2902 4886
2902 4887
2902 4888
2901 4889
2901 4890
2901 4891
2901 4892
2901 4893
2901 4894
2900 4895
2900 4896
2900 4897
2900 4898
2899 4899
2899 4900
2899 4901
2899 4902
2899 4903
2899 4904
2899 4905
2899 4906
2898 4907
2898 4908
2898 4909
2898 4910
2897 4911
2897 4912
2896 4913
2896 4914
2896 4915
2896 4916
2895 4917
2895 4918
2894 4919
2894 4920
2894 4921
2894 4922
2893 4923
2893 4924
2893 4925
2893 4926
2892 4927
2892 4928
2892 4929
2892 4930
2891 4931
2891 4932
2891 4933
2891 4934
2891 4935
2891 4936
2891 4937
2891 4938
2891 4939
2891 4940
2891 4941
2891 4942
2891 4943
2891 4944
2892 4945
2892 4946
2892 4947
2892 4948
2893 4949
2893 4950
2894 4951
2894 4952
2895 4953
2895 4954
2896 4955
2896 4956
2897 4957
2898 4958
2899 4959
2899 4960
2900 4961
2900 4962
2901 4963
2902 4964
2903 4965
2904 4966
2904 4967
2905 4967
2906 4968
2906 4969
2907 4969
2908 4970
2908 4971
2909 4971
2910 4972
2910 4973
2911 4973
2912 4974
2913 4975
2914 4976
2915 4977
2916 4977
2917 4978
2918 4979
2919 4979
2920 4980
2921 4981
2922 4982
2923 4983
2924 4983
2925 4984
2926 4984
2927 4985
2928 4986
2929 4987
2930 4987
2931 4988
2932 4988
2933 4989
2934 4990
2935 4991
2936 4991
2937 4992
2938 4992
2939 4993
2940 4994
2941 4995
2942 4995
2943 4996
2944 4996
2945 4997
2946 4998
2947 4999
2948 4999
2949 5000
2950 5001
2951 5001
2952 5002
2953 5003
2954 5004
2955 5005
2956 5005
2957 5006
2958 5006
2959 5007
2960 5008
2961 5009
2962 5009
2963 5010
2964 5011
2965 5011
2966 5012
2967 5013
2968 5014
2969 5015
2970 5015
2971 5016
2972 5017
2973 5017
2974 5018
2974 5019
2975 5019
2976 5020
2976 5021
2977 5021
2978 5022
2979 5023
2980 5024
2981 5025
2982 5025
2983 5026
2984 5027
2985 5027
2986 5028
2987 5029
2988 5030
2989 5031
2990 5031
2991 5032
2992 5033
2993 5033
2994 5034
2994 5035
2995 5035
2996 5036
2996 5037
2997 5037
2998 5038
2998 5039
2999 5039
3000 5040
3000 5041
3001 5041
3002 5042
3002 5043
3003 5043
3004 5044
3004 5045
3005 5045
3006 5046
3007 5047
3008 5048
3009 5049
3010 5049
3011 5050
3012 5051
3013 5051
3014 5052
3014 5053
3015 5053
3016 5054
3016 5055
3017 5055
3018 5056
3018 5057
3019 5057
3020 5058
3020 5059
3021 5059
3022 5060
3023 5061
3024 5062
3025 5063
3026 5063
3027 5064
3028 5065
3029 5065
3030 5066
3030 5067
3031 5067
3032 5068
3032 5069
3033 5069
3034 5070
3034 5071
3035 5071
3036 5072
3036 5073
3037 5073
3038 5074
3039 5075
3040 5076
3041 5077
3042 5077
3043 5078
3044 5079
3045 5079
3046 5080
3047 5081
3048 5082
3049 5083
3050 5083
3051 5084
3052 5085
3053 5085
3054 5086
3055 5087
3056 5088
3057 5089
3058 5089
3059 5090
3060 5091
3061 5091
3062 5092
3063 5093
3064 5094
3065 5095
3066 5095
3067 5096
3068 5097
3069 5097
3070 5098
3070 5099
3071 5099
3072 5100
3073 5101
3074 5102
3075 5103
3076 5103
3077 5103
3078 5104
3079 5105
3080 5105
3081 5105
3082 5106
3083 5107
3084 5107
3085 5107
3086 5107
3087 5108
3088 5108
3089 5109
3090 5109
3091 5109
3092 5109
3093 5110
3094 5110
3095 5110
3096 5110
3097 5110
3098 5110
3099 5110
3100 5110
3101 5110
3102 5110
3103 5110
3104 5110
3105 5110
3106 5110
3107 5110
3108 5110
3109 5110
3110 5110
3111 5110
3112 5110
3113 5109
3114 5109
3115 5109
3116 5109
3117 5108
3118 5108
3119 5107
3120 5107
3121 5107
3122 5107
3123 5106
3124 5105
3125 5105
3126 5105
3127 5104
3128 5103
3129 5103
3130 5103
3131 5102
3132 5101
3133 5101
3134 5101
3135 5100
3136 5099
3137 5098
3138 5098
3139 5097
3140 5097
3141 5096
3142 5095
3143 5094
3144 5093
3145 5093
3145 5092
3146 5091
3147 5091
3148 5090
3149 5089
3150 5089
3151 5088
3152 5087
3153 5086
3154 5085
3155 5085
3155 5084
3156 5083
3157 5083
3158 5082
3159 5081
3160 5081
3161 5080
3162 5079
3163 5078
3164 5078
3165 5077
3166 5077
3167 5076
3168 5075
3169 5075
3170 5075
3171 5074
3172 5073
3173 5073
3174 5073
3175 5072
3176 5071
3177 5071
3178 5071
3179 5070
3180 5070
3181 5070
3182 5070
3183 5070
3184 5070
3185 5070
3186 5070
3187 5070
3188 5070
3189 5070
3190 5070
3191 5070
3192 5070
3193 5070
3194 5070
3195 5071
3196 5071
3197 5071
3198 5071
3199 5072
3200 5072
3201 5072
3202 5072
3203 5073
3204 5073
3205 5073
3206 5073
3207 5074
3208 5074
3209 5074
3210 5074
3211 5075
3212 5075
3213 5075
3214 5075
3215 5076
3216 5076
3217 5077
3218 5077
3219 5077
3220 5077
3221 5078
3222 5078
3223 5078
3224 5078
3225 5079
3226 5079
3227 5079
3228 5080
3229 5081
3230 5081
3231 5081
3232 5082
3233 5083
3234 5083
3235 5083
3236 5083
3237 5084
3238 5084
3239 5085
3240 5085
3241 5085
3242 5085
3243 5086
3244 5086
3245 5087
3246 5087
3247 5087
3248 5088
3249 5089
3250 5089
3251 5089
3252 5089
3253 5090
3254 5090
3255 5091
3256 5091
3257 5091
3258 5091
3259 5092
3260 5092
3261 5093
3262 5093
3263 5093
3264 5093
3265 5094
3266 5094
3267 5095
3268 5095
3269 5095
3270 5095
3271 5096
3272 5096
3273 5097
3274 5097
3275 5097
3276 5097
3277 5098
3278 5098
3279 5099
3280 5099
3281 5099
3282 5099
3283 5100
3284 5100
3285 5100
3286 5100
3287 5101
3288 5101
3289 5101
3290 5101
3291 5102
3292 5102
3293 5102
3294 5102
3295 5103
3296 5103
3297 5103
3298 5103
3299 5104
3300 5104
3301 5104
3302 5104
3303 5105
3304 5105
3305 5105
3306 5105
3307 5106
3308 5106
3309 5106
3310 5106
3311 5106
3312 5106
3313 5106
3314 5106
3315 5107
3316 5107
3317 5107
3318 5107
3319 5108
3320 5108
3321 5108
3322 5108
3323 5108
3324 5108
3325 5109
3326 5109
3327 5109
3328 5109
3329 5110
3330 5110
3331 5110
3332 5110
3333 5110
3334 5110
3335 5110
3336 5110
3337 5111
3338 5111
3339 5111
3340 5111
3341 5112
3342 5112
3343 5112
3344 5112
3345 5113
3346 5113
3347 5113
3348 5113
3349 5114
3350 5114
3351 5114
3352 5114
3353 5115
3354 5115
3355 5115
3356 5115
3357 5116
3358 5116
3359 5116
3360 5116
3361 5117
3362 5117
3363 5117
3364 5117
3365 5118
3366 5118
3367 5119
3368 5119
3369 5119
3370 5119
3371 5120
3372 5120
3373 5120
3374 5120
3375 5120
3376 5120
3377 5121
3378 5121
3379 5121
3380 5121
3381 5122
3382 5122
3383 5122
3384 5122
3385 5122
3386 5122
3387 5122
3388 5122
3389 5122
3390 5122
3391 5122
3392 5122
3393 5122
3394 5122
3395 5122
3396 5122
3397 5123
3398 5123
3399 5123
3400 5123
3401 5124
3402 5124
3403 5124
3404 5124
3405 5124
3406 5124
3407 5124
3408 5124
3409 5125
3410 5125
3411 5125
3412 5125
3413 5126
3414 5126
3415 5126
3416 5126
3417 5126
3418 5126
3419 5126
3420 5126
3421 5126
3422 5126
3423 5127
3424 5127
3425 5127
3426 5127
3427 5128
3428 5128
3429 5128
3430 5128
3431 5129
3432 5129
3433 5129
3434 5129
3435 5130
3436 5130
3437 5130
3438 5130
3439 5131
3440 5131
3441 5131
3442 5131
3443 5132
3444 5132
3445 5132
3446 5132
3447 5132
3448 5132
3449 5132
3450 5132
3451 5133
3452 5133
3453 5133
3454 5133
3455 5134
3456 5134
3457 5134
3458 5134
3459 5134
3460 5134
3461 5134
3462 5134
3463 5134
3464 5134
3465 5134
3466 5134
3467 5135
3468 5135
3469 5135
3470 5135
3471 5136
3472 5136
3473 5136
3474 5136
3475 5136
3476 5136
3477 5136
3478 5136
3479 5137
3480 5137
3481 5137
3482 5137
3483 5138
3484 5138
3485 5138
3486 5138
3487 5138
3488 5138
3489 5138
3490 5138
3491 5138
3492 5138
3493 5138
3494 5138
3495 5138
3496 5138
3497 5138
3498 5138
3499 5138
3500 5138
3501 5139
3502 5139
3503 5139
3504 5139
3505 5140
3506 5140
3507 5140
3508 5140
3509 5140
3510 5140
3511 5140
3512 5140
3513 5140
3514 5140
3515 5140
3516 5140
3517 5140
3518 5140
3519 5140
3520 5140
3521 5140
3522 5140
3523 5140
3524 5140
3525 5140
3526 5140
3527 5140
3528 5140
3529 5140
3530 5140
3531 5139
3532 5139
3533 5139
3534 5139
3535 5138
3536 5138
3537 5138
3538 5138
3539 5138
3540 5138
3541 5138
3542 5138
3543 5138
3544 5138
3545 5138
3546 5138
3547 5138
3548 5138
3549 5138
3550 5138
3551 5138
3552 5138
3553 5138
3554 5138
3555 5138
3556 5138
3557 5138
3558 5138
3559 5138
3560 5138
3561 5138
3562 5138
3563 5138
3564 5138
3565 5138
3566 5138
3567 5137
3568 5137
3569 5137
3570 5137
3571 5136
3572 5136
3573 5136
3574 5136
3575 5136
3576 5136
3577 5136
3578 5136
3579 5136
3580 5136
3581 5136
3582 5136
3583 5136
3584 5136
3585 5136
3586 5136
3587 5136
3588 5136
3589 5136
3590 5136
3591 5136
3592 5136
3593 5136
3594 5136
3595 5136
3596 5136
3597 5136
3598 5136
3599 5136
3600 5136
3601 5136
3602 5136
3603 5136
3604 5136
3605 5136
3606 5136
3607 5137
3608 5137
3609 5137
3610 5137
3611 5138
3612 5138
3613 5138
3614 5138
3615 5138
3616 5138
3617 5138
3618 5138
3619 5138
3620 5138
3621 5138
3622 5138
3623 5138
3624 5138
3625 5138
3626 5138
3627 5138
3628 5138
3629 5138
3630 5138
3631 5138
3632 5138
3633 5138
3634 5138
3635 5138
3636 5138
3637 5138
3638 5138
3639 5138
3640 5138
3641 5138
3642 5138
3643 5138
3644 5138
3645 5138
3646 5138
3647 5139
3648 5139
3649 5139
3650 5139
3651 5140
3652 5140
3653 5140
3654 5140
3655 5140
3656 5140
3657 5140
3658 5140
3659 5140
3660 5140
3661 5140
3662 5140
3663 5140
3664 5140
3665 5140
3666 5140
3667 5140
3668 5140
3669 5140
3670 5140
3671 5140
3672 5140
3673 5140
3674 5140
3675 5140
3676 5140
3677 5140
3678 5140
3679 5140
3680 5140
3681 5140
3682 5140
3683 5140
3684 5140
3685 5140
3686 5140
3687 5140
3688 5140
3689 5140
3690 5140
3691 5140
3692 5140
3693 5140
3694 5140
3695 5140
3696 5140
3697 5140
3698 5140
3699 5140
3700 5140
3701 5140
3702 5140
3703 5139
3704 5139
3705 5139
3706 5139
3707 5138
3708 5138
3709 5138
3710 5138
3711 5138
3712 5138
3713 5138
3714 5138
3715 5138
3716 5138
3717 5138
3718 5138
3719 5138
3720 5138
3721 5138
3722 5138
3723 5138
3724 5138
3725 5138
3726 5138
3727 5138
3728 5138
3729 5138
3730 5138
3731 5138
3732 5138
3733 5138
3734 5138
3735 5138
3736 5138
3737 5138
3738 5138
3739 5138
3740 5138
3741 5138
3742 5138
3743 5138
3744 5138
3745 5138
3746 5138
3747 5138
3748 5138
3749 5138
3750 5138
3751 5138
3752 5138
3753 5138
3754 5138
3755 5138
3756 5138
3757 5138
3758 5138
3759 5139
3760 5139
3761 5139
3762 5139
3763 5140
3764 5140
3765 5140
3766 5140
3767 5140
3768 5140
3769 5140
3770 5140
3771 5140
3772 5140
3773 5140
3774 5140
3775 5141
3776 5141
3777 5141
3778 5141
3779 5142
3780 5142
3781 5142
3782 5142
3783 5142
3784 5142
3785 5142
3786 5142
3787 5142
3788 5142
3789 5143
3790 5143
3791 5143
3792 5143
3793 5144
3794 5144
3795 5144
3796 5144
3797 5144
3798 5144
3799 5144
3800 5144
3801 5144
3802 5144
3803 5144
3804 5144
3805 5144
3806 5144
3807 5145
3808 5145
3809 5145
3810 5145
3811 5146
3812 5146
3813 5146
3814 5146
3815 5146
3816 5146
3817 5147
3818 5147
3819 5147
3820 5147
3821 5148
3822 5148
3823 5149
3824 5149
3825 5149
3826 5150
3827 5151
3828 5151
3829 5151
3830 5151
3831 5152
3832 5152
3833 5153
3834 5153
3835 5153
3836 5153
3837 5154
3838 5154
3839 5154
3840 5154
3841 5155
3842 5155
3843 5155
3844 5155
3845 5156
3846 5156
3847 5156
3848 5156
3849 5156
3850 5156
3851 5156
3852 5156
3853 5156
3854 5156
3855 5156
3856 5156
3857 5156
3858 5156
3859 5156
3860 5156
3861 5156
3862 5156
3863 5157
3864 5157
3865 5157
3866 5157
3867 5158
3868 5158
3869 5158
3870 5158
3871 5158
3872 5158
3873 5158
3874 5158
3875 5158
3876 5158
3877 5158
3878 5158
3879 5158
3880 5158
3881 5158
3882 5158
3883 5158
3884 5158
3885 5158
3886 5158
3887 5158
3888 5158
3889 5158
3890 5158
3891 5159
3892 5159
3893 5159
3894 5159
3895 5160
3896 5160
3897 5160
3898 5160
3899 5160
3900 5160
3901 5160
3902 5160
3903 5160
3904 5160
3905 5160
3906 5160
3907 5160
3908 5160
3909 5160
3910 5160
3911 5160
3912 5160
3913 5160
3914 5160
3915 5160
3916 5160
3917 5160
3918 5160
3919 5160
3920 5160
3921 5160
3922 5160
3923 5160
3924 5160
3925 5160
3926 5160
3927 5160
3928 5160
3929 5160
3930 5160
3931 5160
3932 5160
3933 5160
3934 5160
3935 5160
3936 5160
3937 5160
3938 5160
3939 5160
3940 5160
3941 5160
3942 5160
3943 5160
3944 5160
3945 5160
3946 5160
3947 5160
3948 5160
3949 5160
3950 5160
3951 5160
3952 5160
3953 5160
3954 5160
3955 5160
3956 5160
3957 5160
3958 5160
3959 5160
3960 5160
3961 5160
3962 5160
3963 5159
3964 5159
3965 5159
3966 5159
3967 5158
3968 5158
3969 5158
3970 5158
3971 5158
3972 5158
3973 5158
3974 5158
3975 5158
3976 5158
3977 5158
3978 5158
3979 5159
3980 5159
3981 5159
3982 5159
3983 5160
3984 5160
3985 5160
3986 5160
3987 5160
3988 5160
3989 5159
3990 5159
3991 5159
3992 5159
3993 5158
3994 5158
3995 5158
3996 5158
3997 5158
3998 5158
3999 5158
4000 5158
4001 5158
4002 5158
4003 5158
4004 5158
4005 5158
4006 5158
4007 5158
4008 5158
4009 5158
4010 5158
4011 5158
4012 5158
4013 5158
4014 5158
4015 5158
4016 5158
4017 5158
4018 5158
4019 5158
4020 5158
4021 5158
4022 5158
4023 5158
4024 5158
4025 5158
4026 5158
4027 5158
4028 5158
4029 5158
4030 5158
4031 5158
4032 5158
4033 5158
4034 5158
4035 5158
4036 5158
4037 5158
4038 5158
4039 5158
4040 5158
4041 5158
4042 5158
4043 5158
4044 5158
4045 5158
4046 5158
4047 5158
4048 5158
4049 5158
4050 5158
4051 5158
4052 5158
4053 5158
4054 5158
4055 5158
4056 5158
4057 5158
4058 5158
4059 5158
4060 5158
4061 5158
4062 5158
4063 5158
4064 5158
4065 5158
4066 5158
4067 5158
4068 5158
4069 5158
4070 5158
4071 5158
4072 5158
4073 5158
4074 5158
4075 5158
4076 5158
4077 5158
4078 5158
4079 5158
4080 5158
4081 5159
4082 5159
4083 5159
4084 5159
4085 5160
4086 5160
4087 5160
4088 5160
4089 5160
4090 5160
4091 5160
4092 5160
4093 5160
4094 5160
4095 5160
4096 5160
4097 5160
4098 5160
4099 5160
4100 5160
4101 5160
4102 5160
4103 5160
4104 5160
4105 5160
4106 5160
4107 5160
4108 5160
4109 5160
4110 5160
4111 5160
4112 5160
4113 5160
4114 5160
4115 5160
4116 5160
4117 5160
4118 5160
4119 5160
4120 5160
4121 5160
4122 5160
4123 5160
4124 5160
4125 5160
4126 5160
4127 5160
4128 5160
4129 5160
4130 5160
4131 5160
4132 5160
4133 5160
4134 5160
4135 5160
4136 5160
4137 5159
4138 5159
4139 5159
4140 5159
4141 5158
4142 5158
4143 5158
4144 5158
4145 5158
4146 5158
4147 5158
4148 5158
4149 5158
4150 5158
4151 5157
4152 5157
4153 5157
4154 5157
4155 5156
4156 5156
4157 5155
4158 5155
4159 5155
4160 5155
4161 5154
4162 5154
4163 5154
4164 5154
4165 5153
4166 5153
4167 5153
4168 5153
4169 5152
4170 5152
4171 5152
4172 5152
4173 5152
4174 5152
4175 5152
4176 5152
4177 5151
4178 5151
4179 5151
4180 5151
4181 5150
4182 5150
4183 5149
4184 5149
4185 5149
4186 5149
4187 5148
4188 5148
4189 5148
4190 5148
4191 5147
4192 5147
4193 5147
4194 5147
4195 5146
4196 5146
4197 5146
4198 5146
4199 5145
4200 5145
4201 5145
4202 5145
4203 5144
4204 5144
4205 5143
4206 5143
4207 5143
4208 5143
4209 5142
4210 5141
4211 5141
4212 5141
4213 5140
4214 5139
4215 5139
4216 5139
4217 5138
4218 5138
4219 5137
4220 5137
4221 5137
4222 5137
4223 5136
4224 5136
4225 5135
4226 5135
4227 5135
4228 5135
4229 5134
4230 5133
4231 5133
4232 5133
4233 5132
4234 5131
4235 5130
4236 5130
4237 5129
4238 5129
4239 5128
4240 5127
4241 5127
4242 5127
4243 5126
4244 5125
4245 5124
4246 5124
4247 5123
4248 5123
4249 5122
4250 5121
4251 5121
4252 5121
4253 5120
4254 5119
4255 5118
4256 5118
4257 5117
4258 5117
4259 5116
4260 5115
4261 5114
4262 5114
4263 5113
4264 5113
4265 5112
4266 5111
4267 5110
4268 5110
4269 5109
4270 5109
4271 5108
4272 5107
4273 5106
4274 5105
4275 5105
4276 5104
4277 5103
4278 5103
4279 5102
4280 5101
4281 5100
4282 5099
4283 5099
4284 5098
4285 5097
4286 5097
4287 5096
4288 5095
4289 5095
4290 5095
4291 5094
4292 5093
4293 5092
4294 5092
4295 5091
4296 5091
4297 5090
4298 5089
4299 5089
4300 5089
4301 5088
4302 5087
4303 5086
4304 5086
4305 5085
4306 5085
4307 5084
4308 5083
4309 5082
4310 5082
4311 5081
4312 5081
4313 5080
4314 5079
4315 5078
4316 5078
4317 5077
4318 5077
4319 5076
4320 5075
4321 5075
4322 5075
4323 5074
4324 5073
4325 5072
4326 5071
4327 5071
4328 5070
4329 5069
4330 5069
4331 5068
4332 5067
4333 5066
4334 5066
4335 5065
4336 5065
4337 5064
4338 5063
4339 5063
4340 5063
4341 5062
4342 5061
4343 5061
4344 5061
4345 5060
4346 5059
4347 5059
4348 5059
4349 5058
4350 5057
4351 5057
4352 5057
4353 5056
4354 5055
4355 5055
4356 5055
4357 5054
4358 5053
4359 5053
4360 5053
4361 5052
4362 5051
4363 5051
4364 5051
4365 5050
4366 5049
4367 5049
4368 5049
4369 5048
4370 5047
4371 5047
4372 5047
4373 5046
4374 5045
4375 5045
4376 5045
4377 5044
4378 5043
4379 5043
4380 5043
4381 5042
4382 5041
4383 5041
4384 5041
4385 5040
4386 5039
4387 5039
4388 5039
4389 5038
4390 5037
4391 5037
4392 5037
4393 5036
4394 5035
4395 5035
4396 5035
4397 5034
4398 5033
4399 5033
4400 5033
4401 5032
4402 5031
4403 5031
4404 5031
4405 5030
4406 5029
4407 5029
4408 5029
4409 5028
4410 5028
4411 5027
4412 5027
4413 5027
4414 5027
4415 5026
4416 5026
4417 5025
4418 5025
4419 5025
4420 5025
4421 5024
4422 5024
4423 5023
4424 5023
4425 5023
4426 5023
4427 5022
4428 5022
4429 5022
4430 5022
4431 5021
4432 5021
4433 5021
4434 5021
4435 5020
4436 5020
4437 5019
4438 5019
4439 5019
4440 5019
4441 5018
4442 5018
4443 5017
4444 5017
4445 5017
4446 5017
4447 5016
4448 5016
4449 5015
4450 5015
4451 5015
4452 5015
4453 5014
4454 5013
4455 5013
4456 5013
4457 5012
4458 5012
4459 5012
4460 5012
4461 5011
4462 5011
4463 5011
4464 5011
4465 5010
4466 5010
4467 5010
4468 5010
4469 5010
4470 5010
4471 5009
4472 5009
4473 5009
4474 5009
4475 5008
4476 5008
4477 5008
4478 5008
4479 5008
4480 5008
4481 5008
4482 5008
4483 5007
4484 5007
4485 5007
4486 5007
4487 5006
4488 5006
4489 5006
4490 5006
4491 5006
4492 5006
4493 5006
4494 5006
4495 5006
4496 5006
4497 5006
4498 5006
4499 5005
4500 5005
4501 5005
4502 5005
4503 5004
4504 5004
4505 5004
4506 5004
4507 5004
4508 5004
4509 5004
4510 5004
4511 5004
4512 5004
4513 5004
4514 5004
4515 5004
4516 5004
4517 5004
4518 5004
4519 5004
4520 5004
4521 5004
4522 5004
4523 5004
4524 5004
4525 5004
4526 5004
4527 5004
4528 5004
4529 5004
4530 5004
4531 5004
4532 5004
4533 5004
4534 5004
4535 5004
4536 5004
4537 5004
4538 5004
4539 5004
4540 5004
4541 5004
4542 5004
4543 5004
4544 5004
4545 5004
4546 5004
4547 5004
4548 5004
4549 5004
4550 5004
4551 5004
4552 5004
4553 5004
4554 5004
4555 5004
4556 5004
4557 5004
4558 5004
4559 5004
4560 5004
4561 5004
4562 5004
4563 5004
4564 5004
4565 5004
4566 5004
4567 5004
4568 5004
4569 5004
4570 5004
4571 5004
4572 5004
4573 5004
4574 5004
4575 5004
4576 5004
4577 5004
4578 5004
4579 5004
4580 5004
4581 5004
4582 5004
4583 5004
4584 5004
4585 5004
4586 5004
4587 5004
4588 5004
4589 5004
4590 5004
4591 5004
4592 5004
4593 5004
4594 5004
4595 5004
4596 5004
4597 5005
4598 5005
4599 5005
4600 5005
4601 5006
4602 5006
4603 5006
4604 5006
4605 5006
4606 5006
4607 5006
4608 5006
4609 5006
4610 5006
4611 5006
4612 5006
4613 5006
4614 5006
4615 5006
4616 5006
4617 5006
4618 5006
4619 5006
4620 5006
4621 5006
4622 5006
4623 5006
4624 5006
4625 5006
4626 5006
4627 5006
4628 5006
4629 5006
4630 5006
4631 5006
4632 5006
4633 5006
4634 5006
4635 5006
4636 5006
4637 5006
4638 5006
4639 5006
4640 5006
4641 5006
4642 5006
4643 5006
4644 5006
4645 5006
4646 5006
4647 5006
4648 5006
4649 5007
4650 5007
4651 5007
4652 5007
4653 5008
4654 5008
4655 5008
4656 5008
4657 5008
4658 5008
4659 5008
4660 5008
4661 5008
4662 5008
4663 5008
4664 5008
4665 5008
4666 5008
4667 5008
4668 5008
4669 5008
4670 5008
4671 5008
4672 5008
4673 5008
4674 5008
4675 5008
4676 5008
4677 5007
4678 5007
4679 5007
4680 5007
4681 5006
4682 5006
4683 5006
4684 5006
4685 5006
4686 5006
4687 5006
4688 5006
4689 5006
4690 5006
4691 5006
4692 5006
4693 5006
4694 5006
4695 5006
4696 5006
4697 5006
4698 5006
4699 5006
4700 5006
4701 5006
4702 5006
4703 5007
4704 5007
4705 5007
4706 5007
4707 5008
4708 5008
4709 5008
4710 5008
4711 5008
4712 5008
4713 5008
4714 5008
4715 5008
4716 5008
4717 5008
4718 5008
4719 5008
4720 5008
4721 5008
4722 5008
4723 5008
4724 5008
4725 5008
4726 5008
4727 5008
4728 5008
4729 5008
4730 5008
4731 5008
4732 5008
4733 5009
4734 5009
4735 5009
4736 5009
4737 5010
4738 5010
4739 5010
4740 5010
4741 5010
4742 5010
4743 5010
4744 5010
4745 5010
4746 5010
4747 5009
4748 5009
4749 5009
4750 5009
4751 5008
4752 5008
4753 5008
4754 5008
4755 5008
4756 5008
4757 5008
4758 5008
4759 5007
4760 5007
4761 5007
4762 5007
4763 5006
4764 5006
4765 5005
4766 5005
4767 5005
4768 5005
4769 5004
4770 5003
4771 5003
4772 5003
4773 5002
4774 5001
4775 5001
4776 5001
4777 5000
4778 4999
4779 4999
4780 4999
4781 4998
4782 4998
4783 4997
4784 4997
4785 4997
4786 4997
4787 4996
4788 4995
4789 4995
4790 4995
4791 4994
4792 4994
4793 4994
4794 4994
4795 4993
4796 4993
4797 4993
4798 4993
4799 4992
4800 4992
4801 4991
4802 4991
4803 4991
4804 4991
4805 4990
4806 4990
4807 4989
4808 4989
4809 4989
4810 4989
4811 4988
4812 4987
4813 4987
4814 4987
4815 4986
4816 4986
4817 4985
4818 4985
4819 4985
4820 4985
4821 4984
4822 4984
4823 4983
4824 4983
4825 4983
4826 4983
4827 4982
4828 4982
4829 4981
4830 4981
4831 4981
4832 4981
4833 4980
4834 4980
4835 4980
4836 4980
4837 4980
4838 4980
4839 4980
4840 4980
4841 4979
4842 4979
4843 4979
4844 4979
4845 4978
4846 4978
4847 4978
4848 4978
4849 4978
4850 4978
4851 4977
4852 4977
4853 4977
4854 4977
4855 4976
4856 4976
4857 4976
4858 4976
4859 4976
4860 4976
4861 4976
4862 4976
4863 4976
4864 4976
4865 4976
4866 4976
4867 4976
4868 4976
4869 4975
4870 4975
4871 4975
4872 4975
4873 4974
4874 4974
4875 4974
4876 4974
4877 4974
4878 4974
4879 4974
4880 4974
4881 4974
4882 4974
4883 4973
4884 4973
4885 4973
4886 4973
4887 4972
4888 4972
4889 4972
4890 4972
4891 4972
4892 4972
4893 4972
4894 4972
4895 4971
4896 4971
4897 4971
4898 4971
4899 4970
4900 4970
4901 4970
4902 4970
4903 4970
4904 4970
4905 4970
4906 4970
4907 4969
4908 4969
4909 4969
4910 4969
4911 4968
4912 4968
4913 4968
4914 4968
4915 4968
4916 4968
4917 4968
4918 4968
4919 4968
4920 4968
4921 4968
4922 4968
4923 4968
4924 4968
4925 4968
4926 4968
4927 4968
4928 4968
4929 4968
4930 4968
4931 4968
4932 4968
4933 4968
4934 4968
4935 4968
4936 4968
4937 4967
4938 4967
4939 4967
4940 4967
4941 4966
4942 4966
4943 4966
4944 4966
4945 4966
4946 4966
4947 4966
4948 4966
4949 4966
4950 4966
4951 4966
4952 4966
4953 4966
4954 4966
4955 4966
4956 4966
4957 4966
4958 4966
4959 4965
4960 4965
4961 4965
4962 4965
4963 4964
4964 4964
4965 4964
4966 4964
4967 4964
4968 4964
4969 4963
4970 4963
4971 4963
4972 4963
4973 4962
4974 4962
4975 4961
4976 4961
4977 4961
4978 4961
4979 4960
4980 4960
4981 4960
4982 4960
4983 4959
4984 4959
4985 4959
4986 4959
4987 4958
4988 4958
4989 4957
4990 4957
4991 4957
4992 4957
4993 4956
4994 4956
4995 4956
4996 4956
4997 4955
4998 4955
4999 4955
5000 4955
5001 4954
5002 4954
5003 4954
5004 4954
5005 4954
5006 4954
5007 4954
5008 4954
5009 4954
5010 4954
5011 4954
5012 4954
5013 4953
5014 4953
5015 4953
5016 4953
5017 4952
5018 4952
5019 4952
5020 4952
5021 4952
5022 4952
5023 4952
5024 4952
5025 4951
5026 4951
5027 4951
5028 4951
5029 4950
5030 4950
5031 4950
5032 4950
5033 4949
5034 4949
5035 4949
5036 4949
5037 4948
5038 4948
5039 4947
5040 4947
5041 4947
5042 4947
5043 4946
5044 4945
5045 4945
5046 4945
5047 4944
5048 4944
5049 4944
5050 4944
5051 4943
5052 4943
5053 4943
5054 4943
5055 4942
5056 4942
5057 4942
5058 4942
5059 4941
5060 4941
5061 4941
5062 4941
5063 4940
5064 4940
5065 4940
5066 4940
5067 4939
5068 4939
5069 4939
5070 4939
5071 4938
5072 4938
5073 4938
5074 4938
5075 4938
5076 4938
5077 4937
5078 4937
5079 4937
5080 4937
5081 4936
5082 4936
5083 4936
5084 4936
5085 4935
5086 4935
5087 4935
5088 4935
5089 4934
5090 4934
5091 4933
5092 4933
5093 4933
5094 4933
5095 4932
5096 4932
5097 4931
5098 4931
5099 4931
5100 4931
5101 4930
5102 4930
5103 4929
5104 4929
5105 4929
5106 4929
5107 4928
5108 4928
5109 4927
5110 4927
5111 4927
5112 4927
5113 4926
5114 4925
5115 4925
5116 4925
5117 4924
5118 4924
5119 4923
5120 4923
5121 4923
5122 4923
5123 4922
5124 4922
5125 4921
5126 4921
5127 4921
5128 4921
5129 4920
5130 4920
5131 4920
5132 4920
5133 4919
5134 4919
5135 4919
5136 4919
5137 4918
5138 4917
5139 4917
5140 4917
5141 4916
5142 4916
5143 4915
5144 4915
5145 4915
5146 4915
5147 4914
5148 4914
5149 4914
5150 4914
5151 4913
5152 4913
5153 4913
5154 4913
5155 4912
5156 4912
5157 4912
5158 4912
5159 4911
5160 4911
5161 4911
5162 4911
5163 4910
5164 4910
5165 4909
5166 4909
5167 4909
5168 4909
5169 4908
5170 4908
5171 4907
5172 4907
5173 4906
5174 4906
5175 4905
5176 4905
5177 4904
5178 4904
5179 4903
5180 4903
5181 4902
5182 4902
5183 4901
5184 4901
5185 4900
5186 4899
5187 4899
5188 4899
5189 4898
5190 4897
5191 4896
5192 4896
5193 4895
5194 4895
5195 4894
5196 4893
5197 4892
5198 4892
5199 4891
5200 4891
5201 4890
5202 4889
5203 4889
5204 4889
5205 4888
5206 4887
5207 4887
5208 4887
5209 4886
5210 4885
5211 4885
5212 4885
5213 4884
5214 4883
5215 4883
5216 4883
5217 4882
5218 4881
5219 4880
5220 4880
5221 4879
5222 4879
5223 4878
5224 4877
5225 4876
5226 4875
5227 4875
5228 4874
5229 4873
5230 4873
5231 4872
5232 4871
5233 4870
5234 4869
5235 4869
5236 4868
5237 4867
5238 4867
5239 4866
5240 4865
5241 4864
5242 4863
5243 4863
5243 4862
5244 4861
5245 4861
5246 4860
5247 4859
5248 4859
5249 4858
5250 4857
5251 4856
5252 4856
5253 4855
5254 4855
5255 4854
5256 4853
5257 4852
5258 4851
5259 4851
5259 4850
5260 4849
5261 4849
5262 4848
5263 4847
5264 4847
5265 4846
5266 4845
5267 4844
5268 4843
5269 4843
5270 4842
5271 4841
5272 4841
5273 4840
5274 4839
5275 4838
5276 4838
5277 4837
5278 4837
5279 4836
5280 4835
5281 4834
5282 4833
5283 4833
5284 4832
5285 4831
5286 4831
5287 4830
5288 4829
5289 4828
5290 4827
5291 4827
5292 4826
5293 4825
5294 4825
5295 4824
5296 4823
5297 4823
5298 4823
5299 4822
5300 4821
5301 4820
5302 4819
5303 4819
5303 4818
5304 4817
5305 4817
5305 4816
5306 4815
5307 4815
5307 4814
5308 4813
5309 4812
5310 4811
5311 4810
5311 4809
5311 4808
5312 4807
5313 4806
5313 4805
5313 4804
5313 4803
5314 4802
5314 4801
5314 4800
5314 4799
5314 4798
5314 4797
5314 4796
5314 4795
5315 4794
5315 4793
5315 4792
5315 4791
5316 4790
5316 4789
5316 4788
5316 4787
5316 4786
5316 4785
5316 4784
5316 4783
5316 4782
5316 4781
5316 4780
5316 4779
5316 4778
5316 4777
5316 4776
5316 4775
5316 4774
5316 4773
5316 4772
5316 4771
5316 4770
5316 4769
5316 4768
5316 4767
5316 4766
5316 4765
5316 4764
5316 4763
5316 4762
5316 4761
5316 4760
5316 4759
5316 4758
5316 4757
5316 4756
5316 4755
5316 4754
5316 4753
5316 4752
5316 4751
5316 4750
5316 4749
5316 4748
5316 4747
5316 4746
5316 4745
5316 4744
5316 4743
5317 4742
5317 4741
5317 4740
5318 4739
5319 4738
5319 4737
5319 4736
5319 4735
5320 4734
5320 4733
5320 4732
5320 4731
5320 4730
5320 4729
5320 4728
5320 4727
5320 4726
5320 4725
5320 4724
5320 4723
5320 4722
5320 4721
5320 4720
5320 4719
5319 4718
5319 4717
5319 4716
5319 4715
5318 4714
5318 4713
5318 4712
5318 4711
5318 4710
5318 4709
5318 4708
5318 4707
5318 4706
5318 4705
5318 4704
5318 4703
5318 4702
5318 4701
5318 4700
5318 4699
5318 4698
5318 4697
5318 4696
5318 4695
5318 4694
5318 4693
5318 4692
5318 4691
5318 4690
5318 4689
5318 4688
5318 4687
5318 4686
5318 4685
5318 4684
5318 4683
5318 4682
5318 4681
5318 4680
5318 4679
5318 4678
5318 4677
5318 4676
5318 4675
5318 4674
5318 4673
5318 4672
5318 4671
5318 4670
5318 4669
5318 4668
5318 4667
5318 4666
5318 4665
5318 4664
5318 4663
5318 4662
5318 4661
5318 4660
5318 4659
5318 4658
5318 4657
5318 4656
5318 4655
5318 4654
5318 4653
5318 4652
5318 4651
5318 4650
5318 4649
5318 4648
5318 4647
5318 4646
5318 4645
5318 4644
5318 4643
5318 4642
5318 4641
5318 4640
5318 4639
5318 4638
5318 4637
5318 4636
5318 4635
5317 4634
5317 4633
5317 4632
5317 4631
5316 4630
5316 4629
5315 4628
5315 4627
5315 4626
5315 4625
5314 4624
5314 4623
5314 4622
5314 4621
5314 4620
5314 4619
5314 4618
5314 4617
5314 4616
5314 4615
5314 4614
5314 4613
5314 4612
5314 4611
5314 4610
5314 4609
5315 4608
5315 4607
5315 4606
5315 4605
5316 4604
5316 4603
5316 4602
5316 4601
5316 4600
5316 4599
5316 4598
5316 4597
5316 4596
5316 4595
5316 4594
5316 4593
5316 4592
5316 4591
5316 4590
5316 4589
5316 4588
5316 4587
5316 4586
5316 4585
5316 4584
5316 4583
5316 4582
5316 4581
5316 4580
5316 4579
5316 4578
5316 4577
5316 4576
5316 4575
5316 4574
5316 4573
5316 4572
5316 4571
5316 4570
5316 4569
5316 4568
5316 4567
5316 4566
5316 4565
5316 4564
5316 4563
5316 4562
5316 4561
5316 4560
5316 4559
5316 4558
5316 4557
5316 4556
5316 4555
5316 4554
5316 4553
5316 4552
5316 4551
5315 4550
5315 4549
5315 4548
5315 4547
5314 4546
5314 4545
5314 4544
5314 4543
5314 4542
5314 4541
5313 4540
5313 4539
5313 4538
5313 4537
5312 4536
5312 4535
5311 4534
5311 4533
5311 4532
5311 4531
5310 4530
5310 4529
5309 4528
5309 4527
5309 4526
5309 4525
5308 4524
5308 4523
5308 4522
5308 4521
5308 4520
5308 4519
5308 4518
5308 4517
5308 4516
5308 4515
5308 4514
5308 4513
5307 4512
5307 4511
5307 4510
5307 4509
5306 4508
5306 4507
5306 4506
5306 4505
5305 4504
5305 4503
5305 4502
5305 4501
5304 4500
5304 4499
5304 4498
5304 4497
5304 4496
5304 4495
5304 4494
5304 4493
5304 4492
5304 4491
5304 4490
5304 4489
5304 4488
5304 4487
5304 4486
5304 4485
5304 4484
5304 4483
5304 4482
5304 4481
5304 4480
5304 4479
5304 4478
5304 4477
5304 4476
5304 4475
5304 4474
5304 4473
5303 4472
5303 4471
5303 4470
5303 4469
5302 4468
5302 4467
5302 4466
5302 4465
5302 4464
5302 4463
5301 4462
5301 4461
5301 4460
5301 4459
5300 4458
5299 4457
5299 4456
5299 4455
5298 4454
5297 4453
5296 4452
5296 4451
5295 4450
5295 4449
5294 4448
5293 4447
5293 4446
5293 4445
5292 4444
5291 4443
5291 4442
5291 4441
5290 4440
5289 4439
5289 4438
5289 4437
5288 4436
5288 4435
5287 4434
5287 4433
5287 4432
5287 4431
5286 4430
5285 4429
5285 4428
5285 4427
5284 4426
5283 4425
5283 4424
5283 4423
5282 4422
5281 4421
5281 4420
5281 4419
5280 4418
5279 4417
5279 4416
5279 4415
5278 4414
5278 4413
5277 4412
5277 4411
5277 4410
5277 4409
5276 4408
5276 4407
5275 4406
5275 4405
5275 4404
5275 4403
5274 4402
5274 4401
5273 4400
5273 4399
5272 4398
5272 4397
5271 4396
5271 4395
5270 4394
5269 4393
5269 4392
5269 4391
5268 4390
5267 4389
5266 4388
5265 4387
5265 4386
5264 4386
5263 4385
5263 4384
5262 4384
5261 4383
5261 4382
5260 4382
5259 4381
5259 4380
5258 4380
5257 4379
5257 4378
5256 4378
5255 4377
5255 4376
5254 4376
5253 4375
5252 4374
5251 4373
5250 4372
5249 4372
5248 4371
5247 4370
5246 4370
5245 4369
5244 4368
5243 4367
5242 4366
5241 4366
5240 4365
5239 4365
5238 4364
5237 4363
5236 4362
5235 4362
5234 4361
5233 4360
5232 4360
5231 4359
5230 4358
5229 4357
5228 4356
5227 4356
5226 4356
5225 4355
5224 4354
5223 4354
5222 4354
5221 4353
5220 4352
5219 4352
5218 4352
5217 4352
5216 4351
5215 4351
5214 4350
5213 4350
5212 4350
5211 4349
5210 4348
5209 4348
5208 4348
5207 4347
5206 4346
5205 4346
5204 4346
5203 4345
5202 4344
5201 4344
5200 4344
5199 4344
5198 4343
5197 4343
5196 4342
5195 4342
5194 4342
5193 4341
5192 4340
5191 4340
5190 4339
5189 4339
5188 4338
5187 4338
5186 4337
5185 4337
5184 4336
5183 4336
5182 4335
5181 4335
5180 4334
5179 4333
5178 4332
5177 4332
5176 4331
5175 4331
5174 4330
5173 4329
5172 4328
5171 4328
5170 4327
5169 4327
5168 4326
5167 4325
5166 4324
5165 4324
5164 4323
5163 4322
5162 4322
5161 4321
5160 4320
5159 4319
5158 4318
5157 4318
5156 4317
5155 4317
5154 4316
5153 4315
5152 4314
5151 4314
5150 4313
5149 4313
5148 4312
5147 4311
5146 4310
5145 4310
5144 4310
5143 4309
5142 4308
5141 4308
5140 4308
5139 4307
5138 4306
5137 4306
5136 4306
5135 4305
5134 4304
5133 4304
5132 4304
5131 4303
5130 4302
5129 4302
5128 4301
5127 4301
5126 4300
5125 4300
5124 4299
5123 4299
5122 4298
5121 4298
5120 4298
5119 4297
5118 4296
5117 4296
5116 4296
5115 4295
5114 4294
5113 4294
5112 4294
5111 4293
5110 4292
5109 4292
5108 4292
5107 4291
5106 4290
5105 4290
5104 4289
5103 4289
5102 4288
5101 4287
5100 4286
5099 4286
5098 4286
5097 4285
5096 4284
5095 4284
5094 4284
5093 4283
5092 4282
5091 4282
5090 4281
5089 4281
5088 4280
5087 4279
5086 4278
5085 4278
5084 4278
5083 4277
5082 4276
5081 4276
5080 4276
5079 4275
5078 4274
5077 4274
5076 4274
5075 4274
5074 4273
5073 4273
5072 4272
5071 4272
5070 4272
5069 4271
5068 4270
5067 4270
5066 4270
5065 4269
5064 4268
5063 4268
5062 4268
5061 4267
5060 4266
5059 4266
5058 4266
5057 4265
5056 4264
5055 4264
5054 4264
5053 4263
5052 4262
5051 4262
5050 4262
5049 4261
5048 4260
5047 4260
5046 4260
5045 4259
5044 4258
5043 4258
5042 4258
5041 4257
5040 4256
5039 4256
5038 4256
5037 4255
5036 4254
5035 4254
5034 4254
5033 4253
5032 4252
5031 4252
5030 4252
5029 4251
5028 4250
5027 4250
5026 4249
5025 4249
5024 4248
5023 4248
5022 4247
5021 4247
5020 4246
5019 4246
5018 4246
5017 4245
5016 4244
5015 4244
5014 4244
5013 4244
5012 4243
5011 4243
5010 4243
5009 4243
5008 4242
5007 4242
5006 4242
5005 4242
5004 4241
5003 4241
5002 4240
5001 4240
5000 4240
4999 4240
4998 4239
4997 4239
4996 4238
4995 4238
4994 4238
4993 4237
4992 4236
4991 4236
4990 4236
4989 4236
4988 4235
4987 4235
4986 4234
4985 4234
4984 4234
4983 4233
4982 4232
4981 4232
4980 4232
4979 4232
4978 4231
4977 4231
4976 4230
4975 4230
4974 4230
4973 4229
4972 4228
4971 4228
4970 4228
4969 4228
4968 4227
4967 4227
4966 4226
4965 4226
4964 4226
4963 4226
4962 4225
4961 4225
4960 4224
4959 4224
4958 4224
4957 4224
4956 4223
4955 4223
4954 4223
4953 4223
4952 4223
4951 4223
4950 4223
4949 4223
4948 4223
4947 4223
4946 4223
4945 4223
4944 4222
4943 4222
4942 4222
4941 4222
4940 4221
4939 4221
4938 4221
4937 4221
4936 4220
4935 4220
4934 4220
4933 4220
4932 4219
4931 4219
4930 4219
4929 4219
4928 4219
4927 4219
4926 4219
4925 4219
4924 4219
4923 4219
4922 4219
4921 4219
4920 4219
4919 4219
4918 4219
4917 4219
4916 4218
4915 4218
4914 4218
4913 4218
4912 4217
4911 4217
4910 4217
4909 4217
4908 4217
4907 4217
4906 4216
4905 4216
4904 4216
4903 4216
4902 4215
4901 4215
4900 4215
4899 4215
4898 4215
4897 4215
4896 4215
4895 4215
4894 4215
4893 4215
4892 4215
4891 4215
4890 4215
4889 4215
4888 4215
4887 4215
4886 4215
4885 4215
4884 4215
4883 4215
4882 4215
4881 4215
4880 4214
4879 4214
4878 4214
4877 4214
4876 4213
4875 4213
4874 4213
4873 4213
4872 4213
4871 4213
4870 4213
4869 4213
4868 4213
4867 4213
4866 4213
4865 4213
4864 4212
4863 4212
4862 4212
4861 4212
4860 4211
4859 4211
4858 4210
4857 4210
4856 4210
4855 4210
4854 4209
4853 4209
4852 4208
4851 4208
4850 4208
4849 4207
4848 4206
4847 4206
4846 4206
4845 4205
4844 4204
4843 4204
4842 4204
4841 4204
4840 4203
4839 4203
4838 4202
4837 4202
4836 4202
4835 4202
4834 4201
4833 4201
4832 4200
4831 4200
4830 4200
4829 4199
4828 4198
4827 4198
4826 4198
4825 4198
4824 4197
4823 4197
4822 4196
4821 4196
4820 4196
4819 4196
4818 4195
4817 4195
4816 4194
4815 4194
4814 4194
4813 4194
4812 4193
4811 4193
4810 4193
4809 4193
4808 4192
4807 4192
4806 4192
4805 4192
4804 4191
4803 4191
4802 4191
4801 4191
4800 4191
4799 4191
4798 4190
4797 4190
4796 4190
4795 4190
4794 4189
4793 4189
4792 4188
4791 4188
4790 4188
4789 4187
4788 4186
4787 4186
4786 4185
4785 4184
4784 4184
4783 4183
4782 4182
4781 4182
4780 4181
4779 4181
4778 4180
4777 4180
4776 4180
4775 4180
4774 4179
4773 4179
4772 4178
4771 4178
4770 4178
4769 4178
4768 4177
4767 4177
4766 4177
4765 4177
4764 4177
4763 4177
4762 4177
4761 4177
4760 4177
4759 4177
4758 4177
4757 4177
4756 4176
4755 4176
4754 4176
4753 4176
4752 4175
4751 4175
4750 4174
4749 4174
4748 4174
4747 4173
4746 4172
4745 4172
4744 4172
4743 4172
4742 4171
4741 4171
4740 4171
4739 4171
4738 4171
4737 4171
4736 4172
4735 4172
4734 4172
4733 4172
4732 4173
4731 4173
4730 4173
4729 4173
4728 4173
4727 4173
4726 4173
4725 4173
4724 4173
4723 4173
4722 4173
4721 4173
4720 4172
4719 4172
4718 4172
4717 4172
4716 4171
4715 4171
4714 4171
4713 4171
4712 4171
4711 4171
4710 4171
4709 4171
4708 4171
4707 4171
4706 4170
4705 4170
4704 4170
4703 4170
4702 4169
4701 4169
4700 4169
4699 4169
4698 4169
4697 4169
4696 4168
4695 4168
4694 4168
4693 4167
4692 4166
4691 4166
4690 4166
4689 4166
4688 4165
4687 4165
4686 4165
4685 4165
4684 4164
4683 4164
4682 4164
4681 4164
4680 4163
4679 4163
4678 4162
4677 4162
4676 4162
4675 4161
4674 4160
4673 4160
4672 4160
4671 4159
4670 4158
4669 4158
4668 4157
4667 4157
4666 4156
4665 4155
4664 4154
4663 4154
4662 4154
4661 4153
4660 4152
4659 4152
4658 4152
4657 4152
4656 4151
4655 4151
4654 4150
4653 4150
4652 4150
4651 4150
4650 4149
4649 4149
4648 4149
4647 4149
4646 4149
4645 4149
4644 4149
4643 4149
4642 4149
4641 4149
4640 4148
4639 4148
4638 4148
4637 4148
4636 4147
4635 4147
4634 4146
4633 4146
4632 4146
4631 4146
4630 4145
4629 4145
4628 4144
4627 4144
4626 4144
4625 4144
4624 4143
4623 4143
4622 4143
4621 4143
4620 4142
4619 4142
4618 4142
4617 4142
4616 4141
4615 4141
4614 4141
4613 4141
4612 4141
4611 4141
4610 4141
4609 4141
4608 4141
4607 4141
4606 4141
4605 4141
4604 4141
4603 4141
4602 4141
4601 4141
4600 4141
4599 4141
4598 4141
4597 4141
4596 4140
4595 4140
4594 4140
4593 4140
4592 4139
4591 4139
4590 4139
4589 4139
4588 4138
4587 4138
4586 4138
4585 4138
4584 4137
4583 4137
4582 4137
4581 4137
4580 4137
4579 4137
4578 4137
4577 4137
4576 4137
4575 4137
4574 4136
4573 4136
4572 4136
4571 4136
4570 4135
4569 4135
4568 4135
4567 4135
4566 4135
4565 4135
4564 4134
4563 4134
4562 4134
4561 4133
4560 4132
4559 4132
4558 4132
4557 4132
4556 4131
4555 4131
4554 4131
4553 4131
4552 4131
4551 4131
4550 4132
4549 4132
4548 4132
4547 4132
4546 4133
4545 4133
4544 4133
4543 4133
4542 4133
4541 4133
4540 4133
4539 4133
4538 4133
4537 4133
4536 4133
4535 4133
4534 4133
4533 4133
4532 4132
4531 4132
4530 4132
4529 4132
4528 4131
4527 4131
4526 4131
4525 4131
4524 4131
4523 4131
4522 4131
4521 4131
4520 4130
4519 4130
4518 4130
4517 4130
4516 4129
4515 4129
4514 4129
4513 4129
4512 4129
4511 4129
4510 4129
4509 4129
4508 4129
4507 4129
4506 4129
4505 4129
4504 4129
4503 4129
4502 4129
4501 4129
4500 4129
4499 4129
4498 4129
4497 4129
4496 4129
4495 4129
4494 4128
4493 4128
4492 4128
4491 4128
4490 4127
4489 4127
4488 4127
4487 4127
4486 4127
4485 4127
4484 4127
4483 4127
4482 4127
4481 4127
4480 4126
4479 4126
4478 4126
4477 4126
4476 4125
4475 4125
4474 4124
4473 4124
4472 4124
4471 4123
4470 4122
4469 4122
4468 4122
4467 4122
4466 4121
4465 4121
4464 4120
4463 4120
4462 4120
4461 4120
4460 4119
4459 4119
4458 4118
4457 4118
4456 4118
4455 4118
4454 4117
4453 4117
4452 4117
4451 4117
4450 4117
4449 4117
4448 4117
4447 4117
4446 4116
4445 4116
4444 4116
4443 4115
4442 4114
4441 4114
4440 4114
4439 4114
4438 4113
4437 4113
4436 4113
4435 4113
4434 4113
4433 4113
4432 4113
4431 4113
4430 4112
4429 4112
4428 4112
4427 4112
4426 4111
4425 4111
4424 4111
4423 4111
4422 4111
4421 4111
4420 4110
4419 4110
4418 4110
4417 4110
4416 4109
4415 4109
4414 4109
4413 4109
4412 4109
4411 4109
4410 4109
4409 4109
4408 4109
4407 4109
4406 4109
4405 4109
4404 4109
4403 4109
4402 4108
4401 4108
4400 4108
4399 4108
4398 4107
4397 4107
4396 4107
4395 4107
4394 4106
4393 4106
4392 4106
4391 4105
4390 4104
4389 4104
4388 4104
4387 4104
4386 4103
4385 4103
4384 4103
4383 4103
4382 4102
4381 4102
4380 4102
4379 4102
4378 4101
4377 4101
4376 4100
4375 4100
4374 4100
4373 4100
4372 4099
4371 4099
4370 4098
4369 4098
4368 4098
4367 4097
4366 4096
4365 4096
4364 4096
4363 4096
4362 4095
4361 4095
4360 4094
4359 4094
4358 4094
4357 4093
4356 4092
4355 4092
4354 4092
4353 4092
4352 4091
4351 4091
4350 4090
4349 4090
4348 4090
4347 4090
4346 4089
4345 4089
4344 4089
4343 4089
4342 4088
4341 4088
4340 4088
4339 4088
4338 4087
4337 4087
4336 4087
4335 4087
4334 4086
4333 4086
4332 4086
4331 4086
4330 4085
4329 4085
4328 4085
4327 4085
4326 4085
4325 4085
4324 4085
4323 4085
4322 4085
4321 4085
4320 4085
4319 4085
4318 4085
4317 4085
4316 4085
4315 4085
4314 4085
4313 4085
4312 4085
4311 4085
4310 4085
4309 4085
4308 4085
4307 4085
4306 4085
4305 4085
4304 4085
4303 4085
4302 4085
4301 4085
4300 4085
4299 4085
4298 4085
4297 4085
4296 4085
4295 4085
4294 4085
4293 4085
4292 4085
4291 4085
4290 4085
4289 4085
4288 4085
4287 4085
