729 1588
728 1589
727 1589
726 1589
725 1589
724 1589
723 1589
722 1589
721 1589
720 1589
719 1589
718 1590
717 1590
716 1590
715 1591
714 1591
713 1591
712 1591
711 1592
711 1593
710 1594
710 1595
710 1596
710 1597
710 1598
710 1599
710 1600
710 1601
710 1602
710 1603
710 1604
709 1605
708 1606
707 1606
706 1607
705 1607
704 1607
703 1608
702 1608
701 1609
700 1609
699 1610
698 1610
697 1610
696 1611
695 1611
694 1611
693 1612
692 1612
691 1613
690 1613
689 1614
688 1614
687 1615
686 1615
685 1615
684 1616
683 1616
682 1617
681 1617
680 1617
679 1618
678 1618
677 1618
676 1619
675 1619
674 1620
673 1620
672 1621
671 1621
670 1621
669 1622
668 1623
667 1623
666 1624
665 1624
664 1625
663 1625
662 1626
661 1626
660 1627
659 1627
658 1628
657 1629
656 1630
655 1631
654 1631
653 1632
652 1632
651 1633
650 1633
649 1634
648 1635
647 1636
646 1636
645 1636
644 1637
643 1637
642 1638
641 1639
640 1639
639 1640
638 1641
637 1641
636 1642
635 1643
634 1644
633 1645
632 1646
631 1646
630 1647
629 1648
628 1649
627 1650
626 1650
625 1651
624 1652
623 1653
622 1654
621 1655
620 1656
619 1657
618 1658
617 1659
616 1660
615 1661
614 1662
613 1663
612 1664
611 1665
611 1666
610 1667
610 1668
609 1669
609 1670
608 1671
608 1672
607 1673
606 1674
606 1675
605 1676
605 1677
605 1678
604 1679
603 1680
603 1681
602 1682
602 1683
603 1684
604 1685
605 1685
606 1685
607 1686
608 1686
609 1686
610 1686
611 1686
612 1686
613 1687
614 1687
615 1687
616 1688
617 1688
618 1688
619 1688
620 1688
621 1689
622 1689
623 1689
624 1689
625 1689
626 1689
627 1689
628 1689
629 1689
630 1690
631 1690
632 1690
633 1690
634 1689
635 1689
636 1689
637 1689
638 1689
639 1689
640 1689
641 1690
642 1690
643 1690
644 1690
645 1690
646 1690
647 1690
648 1690
649 1690
650 1690
651 1690
652 1691
653 1691
654 1691
655 1691
656 1691
657 1691
658 1691
659 1691
660 1692
661 1692
662 1692
663 1692
664 1692
665 1692
666 1692
667 1692
668 1692
669 1692
670 1692
671 1692
672 1692
673 1692
674 1692
675 1692
676 1692
677 1692
678 1692
679 1692
680 1692
681 1692
682 1692
683 1692
684 1692
685 1692
686 1692
687 1692
688 1692
689 1691
690 1691
691 1691
692 1691
693 1691
694 1691
695 1691
696 1691
697 1691
698 1691
699 1691
700 1691
701 1690
702 1690
703 1690
704 1690
705 1690
706 1690
707 1690
708 1690
709 1690
710 1690
711 1690
712 1690
713 1690
714 1690
715 1690
716 1690
717 1690
718 1690
719 1690
720 1690
721 1690
722 1690
723 1690
724 1690
725 1691
726 1691
727 1691
728 1691
729 1691
730 1692
731 1692
732 1692
733 1693
734 1692
735 1693
736 1693
737 1693
738 1694
739 1694
740 1694
741 1694
742 1694
743 1694
744 1694
745 1694
746 1694
747 1694
748 1695
749 1695
750 1696
751 1697
752 1697
753 1697
754 1697
755 1698
756 1698
757 1699
758 1699
759 1700
760 1701
761 1701
762 1701
763 1700
764 1699
765 1699
766 1699
767 1699
768 1699
769 1699
770 1699
771 1699
772 1699
773 1699
774 1699
775 1699
776 1699
777 1699
778 1699
779 1699
780 1699
781 1699
782 1699
783 1699
784 1700
785 1701
786 1701
787 1702
788 1702
789 1703
790 1703
791 1703
792 1704
793 1704
794 1705
795 1705
796 1706
797 1707
798 1707
799 1708
800 1709
801 1709
802 1710
803 1711
804 1712
805 1712
806 1713
807 1713
808 1714
809 1714
810 1715
811 1716
812 1716
813 1717
814 1718
815 1719
816 1720
817 1720
818 1721
819 1721
820 1721
821 1721
822 1722
823 1722
824 1722
825 1722
826 1722
827 1722
828 1722
829 1722
830 1722
831 1722
832 1722
833 1722
834 1722
835 1722
836 1722
837 1721
838 1721
839 1721
840 1721
841 1721
842 1721
843 1721
844 1721
845 1721
846 1721
847 1721
848 1721
849 1721
850 1721
851 1721
852 1721
853 1721
854 1721
855 1721
856 1721
857 1721
858 1721
859 1721
860 1722
861 1722
862 1722
863 1722
864 1722
865 1722
866 1722
867 1722
868 1722
869 1722
870 1722
871 1722
872 1721
873 1721
874 1721
875 1721
876 1721
877 1721
878 1720
879 1720
880 1720
881 1720
882 1719
883 1719
884 1719
885 1719
886 1719
887 1719
888 1719
889 1718
890 1718
891 1718
892 1717
893 1717
894 1717
895 1717
896 1717
897 1717
898 1717
899 1717
900 1717
901 1717
902 1717
903 1717
904 1717
905 1716
906 1716
907 1716
908 1716
909 1716
910 1716
911 1716
912 1716
913 1716
914 1716
915 1715
916 1715
917 1715
918 1715
919 1715
920 1715
921 1715
922 1714
923 1714
924 1714
925 1713
926 1712
927 1712
928 1711
929 1710
930 1710
931 1710
932 1709
933 1709
934 1708
935 1708
936 1708
937 1707
938 1707
939 1707
940 1707
941 1707
942 1706
943 1706
944 1706
945 1706
946 1705
947 1705
948 1705
949 1705
950 1705
951 1705
952 1705
953 1705
954 1705
955 1705
956 1705
957 1705
958 1705
959 1705
960 1705
961 1705
962 1706
963 1706
964 1706
965 1706
966 1706
967 1706
968 1705
969 1705
970 1705
971 1705
972 1705
973 1705
974 1705
975 1705
976 1704
977 1704
978 1704
979 1704
980 1704
981 1704
982 1704
983 1704
984 1704
985 1704
986 1704
987 1704
988 1704
989 1704
990 1704
991 1704
992 1704
993 1704
994 1703
995 1703
996 1702
997 1702
998 1702
999 1701
1000 1701
1001 1701
1002 1700
1003 1700
1004 1699
1005 1699
1006 1699
1007 1699
1008 1699
1009 1698
1010 1698
1011 1697
1012 1696
1013 1695
1013 1694
1014 1693
1015 1692
1015 1691
1016 1690
1017 1689
1018 1688
1018 1687
1019 1686
1020 1685
1020 1684
1020 1683
1020 1682
1020 1681
1020 1680
1020 1679
1020 1678
1019 1677
1019 1676
1018 1675
1018 1674
1017 1673
1016 1672
1015 1671
1014 1670
1013 1669
1012 1668
1011 1668
1010 1667
1009 1667
1008 1666
1007 1666
1006 1665
1005 1665
1004 1664
1003 1664
1002 1663
1001 1663
1000 1662
999 1661
998 1660
997 1659
996 1658
995 1658
994 1658
993 1658
992 1657
991 1657
990 1656
989 1655
988 1654
987 1654
986 1654
985 1654
984 1653
983 1653
982 1653
981 1653
980 1653
979 1653
978 1653
977 1653
976 1653
975 1652
974 1652
973 1652
972 1651
971 1650
970 1650
969 1649
968 1648
968 1647
967 1646
966 1645
966 1644
965 1643
964 1642
963 1641
962 1640
961 1639
960 1638
959 1637
958 1636
957 1635
957 1634
956 1633
955 1633
954 1633
953 1633
952 1633
951 1632
950 1632
949 1632
948 1631
947 1631
946 1630
945 1629
944 1629
943 1628
942 1628
941 1627
940 1627
939 1627
938 1626
937 1626
936 1625
935 1625
934 1624
933 1624
932 1624
931 1625
930 1625
929 1625
928 1625
927 1625
926 1625
925 1625
924 1624
923 1623
922 1622
921 1621
920 1621
919 1621
918 1621
917 1621
916 1620
915 1620
914 1621
913 1621
912 1621
911 1621
910 1621
909 1620
908 1620
907 1619
906 1619
905 1619
904 1619
903 1619
902 1618
901 1617
900 1617
899 1617
898 1617
897 1617
896 1617
895 1617
894 1616
893 1616
892 1616
891 1615
890 1615
889 1615
888 1615
887 1615
886 1614
885 1614
884 1614
883 1613
882 1614
881 1613
880 1613
879 1612
878 1612
877 1612
876 1611
875 1611
874 1611
873 1610
872 1610
871 1610
870 1610
869 1610
868 1610
867 1610
866 1610
865 1610
864 1610
863 1610
862 1610
861 1610
860 1610
859 1610
858 1610
857 1610
856 1610
855 1610
854 1610
853 1609
852 1609
851 1609
850 1608
849 1608
848 1608
847 1608
846 1608
845 1608
844 1608
843 1608
842 1608
841 1608
840 1608
839 1608
838 1608
837 1608
836 1608
835 1608
834 1608
833 1608
832 1608
831 1608
830 1608
829 1608
828 1608
827 1608
826 1608
825 1607
824 1607
823 1607
822 1607
821 1607
820 1607
819 1607
818 1607
817 1607
816 1606
815 1606
814 1605
813 1605
812 1604
811 1604
810 1604
809 1603
808 1603
807 1603
806 1603
805 1603
804 1603
803 1603
802 1603
801 1603
800 1603
799 1603
798 1603
797 1602
796 1602
795 1602
794 1601
793 1601
792 1601
791 1600
790 1600
789 1600
788 1600
787 1600
786 1600
785 1599
784 1599
783 1599
782 1599
781 1599
780 1599
779 1599
778 1598
777 1598
776 1598
775 1598
774 1598
773 1597
772 1597
771 1597
770 1597
769 1597
768 1597
767 1596
766 1596
765 1596
764 1595
763 1596
762 1595
761 1595
760 1595
759 1595
758 1594
757 1594
756 1593
755 1592
754 1592
753 1591
752 1591
751 1591
750 1591
749 1591
748 1591
747 1590
746 1590
745 1590
744 1589
743 1589
742 1589
741 1589
740 1589
739 1589
738 1589
737 1589
736 1589
735 1589
734 1588
733 1588
732 1588
731 1588
730 1588
729 1588
