345 1108
344 1109
343 1109
342 1109
341 1109
340 1109
339 1109
338 1109
337 1109
336 1110
335 1110
334 1110
333 1111
332 1111
331 1111
330 1111
329 1112
328 1112
327 1112
326 1113
325 1113
324 1113
323 1113
322 1113
321 1113
320 1114
319 1114
318 1114
317 1115
316 1115
315 1115
314 1115
313 1115
312 1115
311 1116
310 1116
309 1116
308 1116
307 1116
306 1116
305 1116
304 1116
303 1116
302 1117
301 1117
300 1117
299 1118
298 1118
297 1119
296 1119
295 1119
294 1119
293 1119
292 1119
291 1119
290 1119
289 1119
288 1119
287 1119
286 1119
285 1120
284 1120
283 1120
282 1120
281 1120
280 1120
279 1120
278 1120
277 1120
276 1120
275 1120
274 1120
273 1120
272 1120
271 1120
270 1120
269 1120
268 1120
267 1120
266 1121
265 1121
264 1121
263 1122
262 1122
261 1122
260 1122
259 1122
258 1122
257 1122
256 1122
255 1123
254 1123
253 1123
252 1124
251 1124
250 1124
249 1125
248 1125
247 1125
246 1126
245 1126
244 1126
243 1126
242 1126
241 1126
240 1126
239 1126
238 1126
237 1126
236 1126
235 1126
234 1126
233 1126
232 1126
231 1126
230 1126
229 1126
228 1126
227 1126
226 1126
225 1126
224 1126
223 1127
222 1127
221 1127
220 1127
219 1127
218 1127
217 1127
216 1127
215 1127
214 1127
213 1127
212 1127
211 1127
210 1127
209 1127
208 1127
207 1127
206 1127
205 1127
204 1127
203 1127
202 1127
201 1127
200 1127
199 1127
198 1127
197 1127
196 1127
195 1127
194 1127
193 1127
192 1127
191 1127
190 1127
189 1127
188 1128
187 1128
186 1128
185 1129
184 1129
183 1129
182 1129
181 1129
180 1129
179 1130
178 1130
177 1130
176 1130
175 1130
174 1130
173 1130
172 1130
171 1131
170 1131
169 1131
168 1132
167 1132
166 1132
165 1133
164 1133
163 1133
162 1133
161 1133
160 1133
159 1133
158 1133
157 1134
156 1135
155 1135
154 1136
153 1136
152 1136
151 1137
150 1138
149 1139
148 1140
147 1141
146 1142
145 1143
144 1144
143 1145
142 1146
141 1147
140 1148
139 1149
138 1150
137 1151
137 1152
137 1153
137 1154
136 1155
136 1156
135 1157
135 1158
135 1159
135 1160
136 1161
137 1162
138 1163
139 1164
140 1165
141 1166
142 1166
143 1167
144 1168
145 1168
146 1168
147 1169
148 1169
149 1169
150 1170
151 1170
152 1171
153 1171
154 1171
155 1171
156 1171
157 1172
158 1172
159 1172
160 1173
161 1173
162 1173
163 1173
164 1173
165 1173
166 1173
167 1173
168 1173
169 1173
170 1174
171 1174
172 1174
173 1174
174 1174
175 1174
176 1174
177 1174
178 1174
179 1174
180 1175
181 1176
181 1177
181 1178
180 1179
180 1180
179 1181
179 1182
179 1183
180 1184
180 1185
181 1186
181 1187
182 1188
183 1189
184 1190
184 1191
184 1192
185 1193
186 1194
186 1195
186 1196
187 1197
187 1198
188 1198
189 1199
190 1199
191 1199
192 1199
193 1200
194 1201
195 1201
196 1202
197 1202
198 1202
199 1202
200 1203
201 1203
202 1204
203 1204
204 1205
205 1205
206 1205
207 1206
208 1206
209 1206
210 1206
211 1206
212 1207
213 1208
214 1208
215 1208
216 1208
217 1208
218 1208
219 1208
220 1209
221 1209
222 1209
223 1210
224 1210
225 1210
226 1210
227 1210
228 1210
229 1211
230 1211
231 1211
232 1211
233 1211
234 1211
235 1211
236 1211
237 1211
238 1211
239 1211
240 1211
241 1211
242 1211
243 1211
244 1211
245 1211
246 1211
247 1212
248 1212
249 1212
250 1213
251 1213
252 1213
253 1213
254 1213
255 1213
256 1213
257 1213
258 1213
259 1213
260 1213
261 1214
262 1215
263 1215
264 1215
265 1214
266 1214
267 1213
268 1213
269 1213
270 1213
271 1213
272 1212
273 1211
274 1211
275 1210
276 1209
277 1209
278 1208
279 1208
280 1208
281 1208
282 1207
283 1207
284 1207
285 1207
286 1207
287 1207
288 1207
289 1207
290 1207
291 1206
292 1206
293 1206
294 1206
295 1206
296 1206
297 1207
298 1207
299 1207
300 1208
301 1208
302 1208
303 1209
304 1208
305 1207
306 1206
307 1206
308 1206
309 1206
310 1206
311 1206
312 1207
313 1208
314 1208
315 1208
316 1209
317 1209
318 1210
319 1210
320 1211
321 1211
322 1212
323 1212
324 1213
325 1213
326 1214
327 1214
328 1215
329 1215
330 1216
331 1217
332 1218
333 1219
334 1220
335 1220
336 1221
337 1221
338 1221
339 1222
340 1223
341 1223
342 1223
343 1224
344 1224
345 1224
346 1224
347 1224
348 1224
349 1224
350 1224
351 1224
352 1224
353 1224
354 1224
355 1224
356 1224
357 1224
358 1224
359 1224
360 1224
361 1224
362 1224
363 1224
364 1224
365 1224
366 1224
367 1224
368 1224
369 1224
370 1223
371 1223
372 1223
373 1222
374 1221
375 1221
376 1220
377 1220
378 1219
379 1218
380 1217
381 1217
382 1217
383 1216
384 1215
385 1214
386 1213
387 1212
388 1211
389 1210
390 1209
391 1208
392 1207
393 1206
394 1205
395 1204
396 1203
397 1202
398 1201
399 1200
400 1199
401 1198
401 1197
401 1196
402 1195
403 1194
404 1193
404 1192
405 1191
406 1191
406 1190
407 1189
407 1188
408 1187
408 1186
408 1185
408 1184
408 1183
408 1182
408 1181
409 1180
409 1179
409 1178
409 1177
409 1176
409 1175
409 1174
409 1173
409 1172
409 1171
409 1170
409 1169
409 1168
409 1167
409 1166
409 1165
409 1164
409 1163
409 1162
409 1161
409 1160
409 1159
409 1158
409 1157
409 1156
409 1155
409 1154
409 1153
409 1152
409 1151
409 1150
409 1149
409 1148
409 1147
410 1146
410 1145
410 1144
410 1143
410 1142
410 1141
410 1140
409 1139
408 1138
408 1137
407 1136
406 1135
405 1134
405 1133
405 1132
405 1131
405 1130
405 1129
405 1128
404 1127
404 1126
403 1125
403 1124
402 1123
401 1122
400 1121
399 1120
398 1119
397 1118
396 1118
395 1118
394 1117
393 1117
392 1116
391 1116
390 1115
389 1115
388 1114
387 1114
386 1113
385 1113
384 1113
383 1112
382 1112
381 1111
380 1111
379 1111
378 1111
377 1111
376 1111
375 1111
374 1111
373 1110
372 1110
371 1110
370 1109
369 1109
368 1109
367 1109
366 1109
365 1109
364 1108
363 1108
362 1108
361 1108
360 1108
359 1108
358 1108
357 1108
356 1108
355 1108
354 1108
353 1108
352 1108
351 1108
350 1108
349 1108
348 1108
347 1108
346 1108
345 1108
