662 1026
661 1027
660 1027
659 1027
658 1028
657 1028
656 1028
655 1029
654 1029
653 1029
652 1029
651 1029
650 1029
649 1030
648 1030
647 1031
646 1031
645 1031
644 1031
643 1031
642 1032
641 1032
640 1032
639 1033
638 1033
637 1033
636 1033
635 1033
634 1033
633 1033
632 1033
631 1033
630 1033
629 1033
628 1033
627 1033
626 1033
625 1033
624 1033
623 1033
622 1033
621 1033
620 1033
619 1033
618 1033
617 1033
616 1032
615 1032
614 1031
613 1030
612 1030
611 1030
610 1030
609 1030
608 1030
607 1030
606 1030
605 1030
604 1030
603 1030
602 1030
601 1030
600 1030
599 1031
598 1031
597 1032
596 1032
595 1033
594 1033
593 1033
592 1034
591 1034
590 1034
589 1035
588 1035
587 1035
586 1035
585 1035
584 1035
583 1035
582 1035
581 1035
580 1035
579 1034
578 1034
577 1034
576 1034
575 1034
574 1034
573 1034
572 1035
571 1035
570 1035
569 1035
568 1036
567 1036
566 1037
565 1037
565 1038
564 1039
563 1039
562 1039
562 1040
561 1041
560 1041
559 1041
558 1042
557 1043
556 1043
555 1044
554 1045
553 1045
552 1046
551 1047
550 1047
549 1048
548 1048
547 1049
546 1049
545 1050
544 1050
543 1051
543 1052
543 1053
543 1054
543 1055
543 1056
544 1056
545 1057
546 1058
547 1058
548 1059
549 1059
550 1059
551 1060
552 1060
553 1061
554 1061
555 1061
556 1062
557 1062
558 1062
559 1062
560 1062
561 1063
562 1063
563 1063
564 1064
565 1065
566 1065
567 1065
568 1066
569 1067
570 1067
571 1067
572 1068
573 1068
574 1069
575 1070
576 1070
577 1070
578 1070
579 1070
580 1070
581 1070
582 1070
583 1071
584 1071
585 1071
586 1071
587 1072
588 1072
589 1072
590 1072
591 1073
592 1073
593 1073
594 1074
595 1074
596 1075
597 1076
598 1076
599 1076
600 1076
601 1077
602 1077
603 1077
604 1077
605 1077
606 1077
607 1077
608 1078
609 1078
610 1078
611 1079
612 1079
613 1080
614 1080
615 1080
616 1081
617 1081
618 1082
619 1082
620 1082
621 1082
622 1082
623 1083
624 1083
625 1083
626 1084
627 1084
628 1085
629 1085
630 1086
631 1086
632 1086
633 1086
634 1086
635 1086
636 1086
637 1086
638 1087
639 1087
640 1087
641 1088
642 1089
643 1089
644 1090
645 1090
646 1090
647 1090
648 1091
649 1091
650 1091
651 1091
652 1091
653 1091
654 1091
655 1091
656 1092
657 1092
658 1092
659 1092
660 1092
661 1092
662 1092
663 1092
664 1092
665 1092
666 1092
667 1092
668 1092
669 1092
670 1092
671 1092
672 1092
673 1093
674 1094
675 1094
676 1095
677 1096
678 1097
679 1097
680 1097
681 1097
682 1097
683 1097
684 1097
685 1097
686 1097
687 1097
688 1097
689 1097
690 1097
691 1097
692 1097
693 1097
694 1097
695 1097
696 1096
697 1095
698 1095
699 1094
700 1094
701 1093
702 1093
703 1093
704 1092
705 1092
706 1092
707 1092
708 1092
709 1092
710 1092
711 1092
712 1092
713 1092
714 1092
715 1092
716 1092
717 1092
718 1092
719 1092
720 1092
721 1092
722 1092
723 1092
724 1092
725 1092
726 1092
727 1092
728 1092
729 1092
730 1092
731 1092
732 1092
733 1092
734 1092
735 1092
736 1092
737 1092
738 1092
739 1092
740 1092
741 1092
742 1091
743 1090
744 1090
745 1089
746 1089
747 1089
748 1088
749 1088
750 1088
751 1087
752 1087
753 1087
754 1087
755 1087
756 1087
757 1086
758 1086
759 1086
760 1085
761 1084
762 1084
763 1083
764 1083
765 1082
766 1081
767 1080
767 1079
767 1078
767 1077
767 1076
767 1075
766 1074
765 1073
764 1072
764 1071
764 1070
763 1069
763 1068
763 1067
762 1066
762 1065
762 1064
763 1063
763 1062
763 1061
764 1060
765 1059
765 1058
766 1057
766 1056
766 1055
766 1054
766 1053
766 1052
765 1051
765 1050
764 1049
764 1048
763 1047
763 1046
762 1045
761 1044
760 1043
759 1042
758 1041
757 1041
756 1041
755 1040
754 1039
753 1039
752 1039
751 1038
750 1038
749 1037
748 1036
747 1035
746 1034
745 1034
744 1033
743 1033
742 1032
741 1032
740 1031
739 1031
738 1031
737 1031
736 1031
735 1031
734 1031
733 1031
732 1031
731 1031
730 1031
729 1031
728 1031
727 1031
726 1031
725 1031
724 1031
723 1031
722 1031
721 1031
720 1031
719 1031
718 1031
717 1031
716 1031
715 1031
714 1030
713 1030
712 1030
711 1029
710 1029
709 1029
708 1029
707 1029
706 1029
705 1029
704 1029
703 1029
702 1030
701 1030
700 1030
699 1030
698 1030
697 1030
696 1030
695 1030
694 1030
693 1030
692 1029
691 1029
690 1029
689 1029
688 1029
687 1029
686 1029
685 1028
684 1028
683 1028
682 1028
681 1028
680 1028
679 1028
678 1027
677 1027
676 1027
675 1026
674 1026
673 1026
672 1026
671 1026
670 1026
669 1026
668 1026
667 1026
666 1026
665 1026
664 1026
663 1026
662 1026
