167 1337
166 1338
165 1338
164 1338
163 1338
162 1338
161 1338
160 1339
159 1339
158 1339
157 1340
156 1341
155 1341
154 1342
153 1342
152 1342
151 1342
150 1342
149 1342
148 1342
147 1342
146 1343
145 1343
144 1343
143 1343
142 1343
141 1343
140 1342
140 1341
139 1341
138 1341
137 1341
136 1341
135 1341
134 1341
133 1341
132 1341
131 1341
130 1340
129 1340
128 1340
127 1341
126 1341
125 1342
124 1342
123 1342
122 1342
121 1342
120 1342
119 1343
118 1343
117 1343
116 1343
115 1343
114 1343
113 1344
112 1344
111 1344
110 1345
109 1345
108 1345
107 1345
106 1345
105 1345
104 1345
103 1345
102 1345
101 1345
100 1345
99 1346
98 1346
97 1346
96 1346
95 1346
94 1346
93 1346
92 1347
91 1347
90 1347
89 1347
88 1347
87 1347
86 1348
85 1348
84 1348
83 1349
82 1348
81 1349
81 1350
81 1351
80 1352
80 1353
79 1354
79 1355
78 1356
77 1357
76 1358
76 1359
75 1360
75 1361
75 1362
75 1363
74 1364
74 1365
74 1366
74 1367
74 1368
74 1369
74 1370
74 1371
74 1372
74 1373
74 1374
74 1375
74 1376
74 1377
74 1378
74 1379
74 1380
74 1381
74 1382
74 1383
74 1384
73 1385
73 1386
73 1387
74 1388
74 1389
75 1390
76 1390
77 1391
78 1391
79 1392
80 1393
81 1393
82 1393
83 1394
84 1394
85 1395
86 1395
87 1395
88 1395
89 1395
90 1396
91 1396
92 1396
93 1396
94 1396
95 1396
96 1396
97 1396
98 1396
99 1396
100 1396
101 1396
102 1396
103 1396
104 1396
105 1396
106 1396
107 1397
108 1397
109 1397
110 1397
111 1398
112 1398
113 1399
114 1400
115 1401
116 1401
117 1402
118 1403
119 1403
120 1404
121 1404
122 1404
123 1404
124 1403
125 1403
126 1403
127 1402
128 1402
129 1401
130 1401
131 1401
132 1401
133 1400
134 1400
135 1400
136 1400
137 1400
138 1401
139 1401
140 1402
141 1402
142 1402
143 1403
144 1403
145 1403
146 1403
147 1403
148 1403
149 1403
150 1404
151 1404
152 1405
153 1405
154 1406
155 1406
156 1406
157 1406
158 1406
159 1406
160 1406
161 1406
162 1406
163 1406
164 1406
165 1406
166 1406
167 1406
168 1406
169 1406
170 1406
171 1406
172 1406
173 1406
174 1406
175 1406
176 1406
177 1406
178 1405
179 1405
180 1404
181 1404
182 1403
183 1402
184 1401
185 1401
186 1401
187 1400
188 1399
189 1399
190 1399
191 1398
192 1398
193 1398
194 1397
195 1396
196 1395
197 1394
198 1393
198 1392
199 1391
200 1390
200 1389
201 1388
201 1387
202 1386
203 1385
203 1384
204 1383
204 1382
205 1381
205 1380
206 1379
206 1378
206 1377
207 1376
207 1375
207 1374
207 1373
207 1372
207 1371
207 1370
207 1369
207 1368
207 1367
207 1366
207 1365
207 1364
206 1363
206 1362
206 1361
205 1360
205 1359
205 1358
204 1357
204 1356
203 1355
203 1354
202 1353
202 1352
202 1351
202 1350
202 1349
201 1348
200 1347
199 1346
198 1345
197 1344
196 1344
195 1343
194 1342
193 1341
192 1341
191 1340
190 1340
189 1339
188 1339
187 1339
186 1339
185 1339
184 1338
183 1337
182 1337
181 1337
180 1337
179 1337
178 1337
177 1337
176 1337
175 1337
174 1337
173 1337
172 1337
171 1337
170 1337
169 1337
168 1337
167 1337
