885 1382
884 1383
883 1383
882 1383
881 1384
880 1384
879 1384
878 1384
877 1384
876 1385
875 1385
874 1385
873 1385
872 1385
871 1385
870 1385
869 1385
868 1385
867 1385
866 1385
865 1386
864 1386
863 1386
862 1386
861 1386
860 1386
859 1386
858 1386
857 1386
856 1386
855 1386
854 1387
854 1388
853 1389
852 1390
852 1391
852 1392
852 1393
852 1394
852 1395
852 1396
852 1397
852 1398
852 1399
852 1400
852 1401
852 1402
852 1403
852 1404
852 1405
852 1406
852 1407
852 1408
852 1409
852 1410
852 1411
852 1412
852 1413
852 1414
852 1415
852 1416
852 1417
852 1418
852 1419
853 1420
853 1421
853 1422
854 1423
854 1424
855 1425
855 1426
856 1427
857 1428
858 1428
859 1428
860 1429
861 1428
862 1428
863 1428
864 1428
865 1429
866 1429
867 1430
868 1430
869 1431
870 1432
871 1432
872 1432
873 1432
874 1432
875 1432
876 1432
877 1432
878 1432
879 1433
880 1433
881 1433
882 1433
883 1433
884 1433
885 1433
886 1433
887 1433
888 1433
889 1433
890 1433
891 1433
892 1433
893 1433
894 1433
895 1433
896 1433
897 1433
898 1433
899 1433
900 1433
901 1433
902 1433
903 1433
904 1433
905 1433
906 1433
907 1433
908 1433
909 1433
910 1433
911 1433
912 1433
913 1434
914 1434
915 1434
916 1435
917 1435
918 1435
919 1434
920 1434
921 1434
922 1433
923 1433
924 1433
925 1432
926 1432
927 1431
928 1430
928 1429
929 1428
930 1427
931 1426
932 1425
932 1424
932 1423
933 1422
933 1421
933 1420
933 1419
933 1418
933 1417
933 1416
933 1415
933 1414
933 1413
933 1412
933 1411
933 1410
933 1409
933 1408
933 1407
934 1406
934 1405
934 1404
934 1403
934 1402
933 1401
933 1400
933 1399
933 1398
932 1397
932 1396
932 1395
931 1394
931 1393
930 1392
929 1392
928 1391
927 1391
926 1391
925 1390
924 1390
923 1389
922 1388
921 1387
920 1387
919 1386
918 1386
917 1385
916 1385
915 1385
914 1384
913 1384
912 1384
911 1384
910 1384
909 1384
908 1383
907 1383
906 1383
905 1382
904 1382
903 1382
902 1382
901 1382
900 1382
899 1382
898 1382
897 1382
896 1382
895 1382
894 1382
893 1382
892 1382
891 1382
890 1382
889 1382
888 1382
887 1382
886 1382
885 1382
