561 2274
560 2275
559 2275
558 2275
557 2275
556 2275
555 2275
554 2276
553 2276
552 2276
551 2276
550 2276
549 2276
548 2277
547 2277
546 2277
545 2278
544 2278
543 2279
542 2279
541 2279
540 2279
539 2280
538 2281
537 2282
536 2282
535 2283
534 2283
533 2284
532 2285
531 2285
530 2286
529 2286
528 2287
527 2287
526 2288
525 2288
524 2289
523 2290
522 2291
521 2292
520 2293
519 2294
518 2295
517 2296
516 2297
515 2298
514 2299
513 2300
513 2301
512 2302
512 2303
511 2304
511 2305
511 2306
511 2307
511 2308
511 2309
511 2310
511 2311
511 2312
511 2313
512 2314
513 2315
513 2316
514 2316
515 2317
516 2318
517 2318
518 2319
519 2320
520 2321
521 2321
522 2321
523 2321
524 2321
525 2321
526 2321
527 2321
528 2321
529 2321
530 2322
531 2322
532 2322
533 2323
534 2323
535 2323
536 2323
537 2323
538 2323
539 2323
540 2323
541 2323
542 2323
543 2323
544 2323
545 2323
546 2323
547 2323
548 2323
549 2323
550 2323
551 2323
552 2322
553 2322
554 2322
555 2321
556 2321
557 2321
558 2321
559 2321
560 2321
561 2322
562 2322
563 2322
564 2322
565 2322
566 2322
567 2321
568 2321
569 2321
570 2321
571 2321
572 2321
573 2321
574 2321
575 2321
576 2321
577 2321
578 2321
579 2321
580 2321
581 2321
582 2321
583 2320
584 2319
585 2319
586 2318
587 2318
588 2317
588 2316
589 2315
589 2314
590 2313
591 2312
591 2311
591 2310
591 2309
592 2308
592 2307
592 2306
593 2305
593 2304
593 2303
593 2302
593 2301
593 2300
593 2299
593 2298
593 2297
593 2296
593 2295
593 2294
594 2293
594 2292
594 2291
594 2290
594 2289
594 2288
594 2287
594 2286
593 2285
592 2284
591 2283
590 2282
589 2282
588 2282
587 2281
586 2281
585 2281
584 2280
583 2279
582 2279
581 2278
580 2277
579 2277
578 2276
577 2276
576 2276
575 2275
574 2275
573 2275
572 2275
571 2275
570 2275
569 2274
568 2274
567 2274
566 2274
565 2274
564 2274
563 2274
562 2274
561 2274
