1269 1224
1268 1225
1267 1226
1266 1226
1265 1227
1264 1228
1263 1229
1262 1230
1261 1231
1260 1231
1259 1232
1258 1233
1257 1234
1256 1235
1255 1236
1255 1237
1254 1238
1254 1239
1253 1240
1252 1241
1251 1242
1250 1243
1250 1244
1249 1245
1249 1246
1248 1247
1248 1248
1247 1249
1246 1250
1245 1251
1244 1252
1243 1253
1242 1254
1241 1255
1240 1256
1239 1257
1238 1258
1237 1259
1236 1260
1235 1261
1235 1262
1234 1263
1233 1264
1232 1265
1231 1266
1230 1267
1229 1268
1228 1269
1227 1270
1226 1271
1225 1272
1224 1273
1223 1273
1222 1274
1221 1275
1220 1275
1219 1276
1218 1277
1217 1277
1216 1278
1215 1279
1214 1279
1213 1280
1212 1281
1211 1282
1210 1283
1209 1283
1208 1284
1207 1285
1206 1286
1205 1287
1204 1288
1203 1289
1202 1289
1201 1290
1200 1291
1199 1292
1198 1293
1198 1294
1198 1295
1198 1296
1198 1297
1199 1298
1199 1299
1199 1300
1199 1301
1199 1302
1199 1303
1199 1304
1199 1305
1199 1306
1200 1307
1200 1308
1200 1309
1201 1310
1202 1311
1203 1312
1204 1312
1205 1312
1206 1313
1207 1313
1208 1313
1209 1313
1210 1313
1211 1313
1212 1313
1213 1313
1214 1313
1215 1313
1216 1313
1217 1313
1218 1313
1219 1313
1220 1313
1221 1313
1222 1313
1223 1314
1224 1314
1225 1314
1226 1314
1227 1314
1228 1314
1229 1314
1230 1315
1231 1315
1232 1316
1233 1316
1234 1316
1235 1316
1236 1316
1237 1316
1238 1316
1239 1316
1240 1316
1241 1317
1242 1317
1243 1317
1244 1317
1245 1317
1246 1317
1247 1317
1248 1318
1249 1318
1250 1318
1251 1318
1252 1318
1253 1318
1254 1318
1255 1318
1256 1318
1257 1319
1258 1319
1259 1319
1260 1319
1261 1319
1262 1319
1263 1319
1264 1319
1265 1319
1266 1319
1267 1319
1268 1319
1269 1319
1270 1319
1271 1319
1272 1319
1273 1319
1274 1319
1275 1319
1276 1319
1277 1319
1278 1319
1279 1320
1280 1320
1281 1320
1282 1321
1283 1321
1284 1321
1285 1321
1286 1321
1287 1320
1288 1320
1289 1319
1290 1318
1291 1317
1292 1316
1293 1316
1294 1315
1295 1315
1296 1315
1297 1314
1298 1314
1299 1314
1300 1314
1301 1314
1302 1314
1303 1313
1304 1313
1305 1313
1306 1313
1307 1313
1308 1313
1309 1313
1310 1313
1311 1312
1312 1312
1313 1312
1314 1312
1315 1312
1316 1312
1317 1312
1318 1312
1319 1312
1320 1312
1321 1311
1322 1311
1323 1311
1324 1311
1325 1311
1326 1311
1327 1311
1328 1311
1329 1310
1330 1310
1331 1310
1332 1309
1333 1309
1334 1309
1335 1309
1336 1309
1337 1309
1338 1309
1339 1309
1340 1309
1341 1308
1342 1308
1343 1308
1344 1308
1345 1308
1346 1308
1347 1308
1348 1308
1349 1308
1350 1308
1351 1308
1352 1308
1353 1308
1354 1308
1355 1308
1356 1308
1357 1308
1358 1308
1359 1308
1360 1308
1361 1308
1362 1308
1363 1308
1364 1308
1365 1308
1366 1308
1367 1308
1368 1308
1369 1307
1370 1307
1371 1307
1372 1307
1373 1307
1374 1307
1375 1307
1376 1307
1377 1307
1378 1307
1379 1307
1380 1307
1381 1307
1382 1306
1383 1306
1384 1306
1385 1306
1386 1306
1387 1306
1388 1306
1389 1306
1390 1305
1391 1305
1392 1305
1393 1304
1394 1304
1395 1304
1396 1304
1397 1304
1398 1304
1399 1304
1400 1304
1401 1304
1402 1304
1403 1304
1404 1304
1405 1304
1406 1304
1407 1304
1408 1304
1409 1304
1410 1304
1411 1303
1412 1303
1413 1303
1414 1303
1415 1303
1416 1303
1417 1303
1418 1303
1419 1303
1420 1303
1421 1304
1422 1304
1423 1304
1424 1305
1425 1304
1426 1304
1427 1304
1428 1304
1429 1305
1430 1305
1431 1305
1432 1306
1433 1306
1434 1306
1435 1306
1436 1307
1437 1308
1438 1308
1439 1308
1440 1308
1441 1308
1442 1308
1443 1308
1444 1308
1445 1308
1446 1308
1447 1308
1448 1309
1449 1309
1450 1309
1451 1309
1452 1309
1453 1309
1454 1309
1455 1309
1456 1309
1457 1309
1458 1309
1459 1309
1460 1309
1461 1309
1462 1309
1463 1309
1464 1309
1465 1310
1466 1310
1467 1310
1468 1311
1469 1311
1470 1311
1471 1311
1472 1311
1473 1311
1474 1311
1475 1311
1476 1312
1477 1312
1478 1312
1479 1312
1480 1312
1481 1312
1482 1312
1483 1312
1484 1312
1485 1312
1486 1312
1487 1312
1488 1312
1489 1312
1490 1312
1491 1312
1492 1312
1493 1312
1494 1312
1495 1312
1496 1312
1497 1313
1498 1313
1499 1313
1500 1313
1501 1313
1502 1314
1503 1314
1504 1314
1505 1314
1506 1314
1507 1314
1508 1314
1509 1314
1510 1315
1511 1315
1512 1315
1513 1316
1514 1316
1515 1316
1516 1316
1517 1316
1518 1316
1519 1316
1520 1316
1521 1316
1522 1316
1523 1316
1524 1316
1525 1317
1526 1317
1527 1317
1528 1317
1529 1318
1530 1318
1531 1318
1532 1318
1533 1318
1534 1318
1535 1318
1536 1318
1537 1318
1538 1318
1539 1318
1540 1318
1541 1317
1542 1316
1542 1315
1543 1314
1543 1313
1544 1312
1545 1311
1546 1310
1547 1310
1548 1309
1549 1308
1550 1307
1551 1306
1552 1305
1552 1304
1553 1303
1553 1302
1553 1301
1554 1300
1554 1299
1554 1298
1554 1297
1554 1296
1555 1295
1556 1294
1556 1293
1557 1292
1557 1291
1558 1290
1558 1289
1559 1288
1559 1287
1560 1286
1560 1285
1560 1284
1561 1283
1561 1282
1561 1281
1561 1280
1561 1279
1561 1278
1561 1277
1561 1276
1561 1275
1560 1274
1560 1273
1560 1272
1559 1271
1559 1270
1558 1270
1557 1269
1556 1269
1555 1268
1554 1267
1553 1267
1552 1266
1551 1265
1550 1265
1549 1264
1548 1264
1547 1263
1546 1262
1545 1261
1544 1260
1543 1259
1542 1258
1541 1258
1540 1257
1539 1256
1538 1255
1537 1254
1536 1254
1535 1253
1534 1253
1533 1252
1532 1252
1531 1252
1530 1252
1529 1252
1528 1252
1527 1252
1526 1252
1525 1251
1524 1251
1523 1251
1522 1250
1521 1250
1520 1250
1519 1250
1518 1250
1517 1249
1516 1249
1515 1249
1514 1248
1513 1248
1512 1248
1511 1248
1510 1248
1509 1247
1508 1247
1507 1247
1506 1247
1505 1247
1504 1247
1503 1247
1502 1246
1501 1246
1500 1246
1499 1246
1498 1246
1497 1246
1496 1245
1495 1245
1494 1245
1493 1244
1492 1244
1491 1243
1490 1243
1489 1243
1488 1242
1487 1242
1486 1242
1485 1242
1484 1242
1483 1242
1482 1241
1481 1241
1480 1241
1479 1241
1478 1240
1477 1240
1476 1240
1475 1239
1474 1239
1473 1239
1472 1239
1471 1238
1470 1238
1469 1238
1468 1237
1467 1237
1466 1237
1465 1237
1464 1237
1463 1237
1462 1237
1461 1237
1460 1237
1459 1237
1458 1237
1457 1237
1456 1237
1455 1237
1454 1237
1453 1237
1452 1237
1451 1236
1450 1236
1449 1236
1448 1236
1447 1236
1446 1236
1445 1236
1444 1236
1443 1236
1442 1236
1441 1236
1440 1236
1439 1235
1438 1235
1437 1235
1436 1235
1435 1235
1434 1235
1433 1235
1432 1234
1431 1234
1430 1234
1429 1234
1428 1234
1427 1233
1426 1233
1425 1233
1424 1233
1423 1232
1422 1232
1421 1232
1420 1232
1419 1232
1418 1232
1417 1232
1416 1232
1415 1231
1414 1231
1413 1231
1412 1231
1411 1231
1410 1231
1409 1231
1408 1231
1407 1230
1406 1230
1405 1230
1404 1230
1403 1230
1402 1230
1401 1230
1400 1230
1399 1230
1398 1230
1397 1230
1396 1229
1395 1229
1394 1229
1393 1229
1392 1229
1391 1229
1390 1229
1389 1229
1388 1229
1387 1229
1386 1229
1385 1229
1384 1228
1383 1228
1382 1228
1381 1227
1380 1227
1379 1227
1378 1227
1377 1227
1376 1227
1375 1227
1374 1227
1373 1227
1372 1227
1371 1227
1370 1227
1369 1227
1368 1227
1367 1227
1366 1227
1365 1227
1364 1226
1363 1226
1362 1226
1361 1226
1360 1226
1359 1226
1358 1227
1357 1227
1356 1227
1355 1227
1354 1227
1353 1226
1352 1225
1351 1225
1350 1225
1349 1225
1348 1225
1347 1225
1346 1225
1345 1226
1344 1226
1343 1226
1342 1226
1341 1226
1340 1226
1339 1226
1338 1226
1337 1226
1336 1226
1335 1226
1334 1226
1333 1226
1332 1226
1331 1227
1330 1227
1329 1227
1328 1227
1327 1227
1326 1227
1325 1226
1324 1226
1323 1226
1322 1225
1321 1224
1320 1224
1319 1224
1318 1224
1317 1224
1316 1224
1315 1224
1314 1224
1313 1224
1312 1224
1311 1224
1310 1224
1309 1224
1308 1225
1307 1225
1306 1225
1305 1225
1304 1225
1303 1226
1302 1226
1301 1226
1300 1226
1299 1226
1298 1226
1297 1226
1296 1226
1295 1226
1294 1226
1293 1226
1292 1226
1291 1226
1290 1225
1289 1225
1288 1224
1287 1224
1286 1224
1285 1224
1284 1224
1283 1224
1282 1224
1281 1224
1280 1224
1279 1224
1278 1224
1277 1224
1276 1224
1275 1224
1274 1224
1273 1224
1272 1224
1271 1224
1270 1224
1269 1224
