135 111
134 112
133 112
132 113
131 113
130 112
129 112
128 113
127 113
126 112
125 112
124 112
123 113
122 113
121 113
120 113
119 113
118 113
117 113
116 113
115 113
114 113
113 113
112 113
111 113
110 113
109 113
108 113
107 113
106 112
105 112
104 113
103 113
102 113
101 113
100 113
99 113
98 113
97 113
96 113
95 113
94 114
93 114
92 114
91 114
90 114
89 114
88 114
87 114
86 114
85 114
84 114
83 114
82 114
81 114
80 114
79 115
78 115
77 115
76 115
75 115
74 115
73 115
72 115
71 115
70 115
69 115
68 115
67 115
66 115
65 115
64 115
63 115
62 115
61 115
60 115
59 115
58 115
57 115
56 115
55 115
54 115
53 115
52 115
51 115
50 116
49 116
48 116
47 116
46 116
45 117
44 117
43 118
42 118
41 119
40 119
39 119
38 120
37 120
36 120
35 121
34 121
33 122
32 122
31 122
30 123
29 123
28 123
27 123
26 123
25 124
24 124
23 124
22 125
21 125
20 125
19 126
18 126
17 127
16 127
15 128
15 129
15 130
15 131
16 132
16 133
17 133
18 134
19 135
20 135
21 136
22 137
23 137
24 138
25 139
26 139
27 140
28 141
29 141
30 142
31 143
32 143
33 143
34 144
35 145
36 145
37 146
38 146
39 147
40 147
41 147
42 148
43 148
44 148
45 148
46 149
47 149
48 149
49 149
50 149
51 149
52 150
53 150
54 150
55 151
56 151
57 151
58 151
59 152
60 152
61 152
62 153
63 153
64 153
65 153
66 154
67 154
68 154
69 154
70 154
71 154
72 155
73 155
74 155
75 155
76 156
77 156
78 156
79 156
80 156
81 157
82 157
83 157
84 157
85 158
86 158
87 158
88 158
89 158
90 159
91 159
92 159
93 159
94 159
95 159
96 158
97 157
98 157
99 156
100 156
101 156
102 156
103 156
104 156
105 156
106 156
107 156
108 156
109 156
110 155
111 155
112 155
113 155
114 155
115 155
116 155
117 155
118 155
119 155
120 155
121 155
122 155
123 155
124 155
125 155
126 155
127 155
128 155
129 155
130 155
131 155
132 155
133 155
134 155
135 154
136 154
137 154
138 154
139 154
140 154
141 154
142 154
143 154
144 154
145 154
146 154
147 153
148 153
149 153
150 153
151 153
152 152
153 152
154 152
155 151
156 151
157 150
158 149
159 149
160 149
161 149
162 148
163 148
164 148
165 148
166 148
167 148
168 148
169 148
170 148
171 147
172 147
173 147
174 146
175 146
176 146
177 145
178 145
178 144
179 143
179 142
180 141
181 140
182 139
182 138
183 137
183 136
183 135
183 134
183 133
183 132
183 131
183 130
182 129
182 128
181 127
181 126
181 125
181 124
180 123
180 122
179 122
178 121
177 120
176 120
175 120
174 120
173 120
172 120
171 120
170 120
169 119
168 119
167 119
166 118
165 118
164 118
163 118
162 118
161 118
160 118
159 118
158 118
157 117
156 117
155 117
154 116
153 116
152 116
151 115
150 115
149 115
148 114
147 114
146 114
145 114
144 114
143 113
142 113
141 113
140 113
139 112
138 112
137 112
136 111
135 111
