315 1318
314 1319
313 1319
312 1319
311 1319
310 1319
309 1319
308 1319
307 1319
306 1319
305 1319
304 1320
303 1320
302 1320
301 1320
300 1320
299 1320
298 1320
297 1320
296 1320
295 1320
294 1320
293 1320
292 1320
291 1320
290 1320
289 1320
288 1320
287 1320
286 1320
285 1320
284 1321
283 1321
282 1321
281 1322
280 1322
279 1322
278 1322
277 1323
276 1323
275 1323
274 1323
273 1323
272 1323
271 1323
270 1323
269 1323
268 1323
267 1323
266 1323
265 1323
264 1324
263 1324
262 1325
261 1325
260 1325
259 1325
258 1325
257 1325
256 1325
255 1325
254 1325
253 1325
252 1326
251 1326
250 1326
249 1327
248 1327
247 1327
246 1328
245 1328
244 1329
243 1330
242 1330
241 1331
240 1332
240 1333
239 1334
238 1335
237 1336
236 1337
235 1337
235 1338
234 1339
234 1340
235 1341
236 1342
237 1343
238 1344
238 1345
239 1346
240 1347
240 1348
241 1349
241 1350
242 1351
242 1352
242 1353
243 1353
244 1354
244 1355
245 1355
246 1355
247 1356
248 1357
249 1358
250 1359
251 1360
252 1361
253 1361
254 1361
255 1362
256 1362
257 1363
258 1364
259 1365
260 1365
261 1366
262 1367
263 1367
264 1368
265 1368
266 1369
267 1369
268 1370
269 1370
270 1370
271 1370
272 1370
273 1371
274 1371
275 1371
276 1371
277 1372
278 1372
279 1373
280 1374
281 1374
282 1375
283 1376
284 1376
285 1376
286 1376
287 1376
288 1376
289 1376
290 1375
291 1375
292 1375
293 1375
294 1375
295 1376
296 1376
297 1377
298 1377
299 1378
300 1379
301 1379
302 1380
303 1380
304 1380
305 1380
306 1380
307 1380
308 1380
309 1380
310 1380
311 1380
312 1380
313 1380
314 1380
315 1381
316 1381
317 1382
318 1382
319 1383
320 1383
321 1383
322 1383
323 1383
324 1383
325 1383
326 1383
327 1383
328 1383
329 1383
330 1383
331 1383
332 1383
333 1383
334 1383
335 1383
336 1383
337 1383
338 1383
339 1383
340 1383
341 1383
342 1383
343 1383
344 1383
345 1383
346 1383
347 1383
348 1383
349 1383
350 1382
351 1382
352 1382
353 1381
354 1381
355 1381
356 1381
357 1381
358 1381
359 1381
360 1382
361 1382
362 1382
363 1383
364 1383
365 1383
366 1383
367 1383
368 1383
369 1383
370 1383
371 1383
372 1383
373 1383
374 1383
375 1382
376 1382
377 1382
378 1381
379 1381
380 1381
381 1380
382 1380
383 1380
384 1380
385 1380
386 1380
387 1380
388 1380
389 1380
390 1380
391 1379
392 1379
393 1378
394 1377
395 1376
396 1375
397 1374
398 1374
399 1373
400 1372
401 1371
402 1370
403 1369
404 1368
404 1367
405 1366
406 1365
407 1364
408 1363
409 1362
410 1361
411 1360
412 1359
413 1358
414 1357
415 1356
416 1355
417 1354
418 1353
419 1352
420 1351
421 1350
421 1349
422 1348
422 1347
422 1346
422 1345
422 1344
422 1343
421 1342
421 1341
421 1340
420 1339
420 1338
419 1337
419 1336
418 1336
417 1335
416 1334
415 1333
414 1333
413 1332
412 1332
411 1332
410 1331
409 1331
408 1330
407 1330
406 1330
405 1329
404 1328
403 1328
402 1328
401 1328
400 1327
399 1326
398 1325
397 1324
396 1324
395 1323
394 1323
393 1322
392 1322
391 1321
390 1321
389 1321
388 1320
387 1320
386 1320
385 1319
384 1318
383 1318
382 1318
381 1318
380 1319
379 1319
378 1320
377 1320
376 1320
375 1320
374 1320
373 1320
372 1320
371 1320
370 1320
369 1320
368 1320
367 1320
366 1320
365 1320
364 1320
363 1320
362 1320
361 1320
360 1320
359 1320
358 1320
357 1320
356 1320
355 1320
354 1320
353 1320
352 1320
351 1320
350 1320
349 1320
348 1320
347 1320
346 1320
345 1320
344 1320
343 1320
342 1320
341 1320
340 1319
339 1319
338 1319
337 1319
336 1319
335 1319
334 1319
333 1319
332 1319
331 1319
330 1319
329 1319
328 1319
327 1318
326 1318
325 1318
324 1318
323 1318
322 1318
321 1318
320 1318
319 1318
318 1318
317 1318
316 1318
315 1318
