1095 566
1094 567
1093 567
1092 567
1091 568
1090 568
1089 568
1088 568
1087 568
1086 568
1085 568
1084 568
1083 568
1082 568
1081 568
1080 568
1079 568
1078 569
1077 569
1076 569
1075 569
1074 569
1073 570
1072 570
1071 570
1070 570
1069 570
1068 570
1067 570
1066 570
1065 570
1064 570
1063 570
1062 570
1061 570
1060 570
1059 570
1058 570
1057 570
1056 570
1055 570
1054 571
1053 571
1052 572
1051 572
1050 573
1049 573
1048 573
1047 573
1046 573
1045 573
1044 573
1043 573
1042 573
1041 573
1040 573
1039 573
1038 573
1037 573
1036 573
1035 573
1034 573
1033 573
1032 573
1031 573
1030 573
1029 573
1028 573
1027 573
1026 573
1025 573
1024 573
1023 573
1022 572
1021 572
1020 572
1019 571
1018 571
1017 571
1016 571
1015 571
1014 571
1013 571
1012 571
1011 571
1010 571
1009 571
1008 571
1007 571
1006 571
1005 571
1004 571
1003 570
1002 570
1001 570
1000 570
999 570
998 570
997 570
996 570
995 570
994 570
993 570
992 570
991 570
990 570
989 570
988 570
987 570
986 570
985 570
984 570
983 570
982 570
981 570
980 570
979 570
978 570
977 570
976 570
975 570
974 570
973 570
972 570
971 570
970 570
969 570
968 570
967 571
966 571
965 571
964 572
963 572
962 572
961 573
960 574
959 574
958 575
957 575
956 576
955 576
954 577
953 577
952 578
951 579
951 580
950 581
950 582
949 583
948 583
948 584
947 585
947 586
947 587
946 588
945 589
945 590
944 591
944 592
943 593
943 594
943 595
942 596
942 597
942 598
942 599
942 600
942 601
941 602
940 603
939 604
938 605
937 606
936 607
936 608
935 609
934 610
934 611
933 612
932 613
932 614
932 615
932 616
932 617
932 618
932 619
932 620
932 621
932 622
932 623
932 624
932 625
932 626
932 627
932 628
932 629
932 630
932 631
932 632
932 633
932 634
932 635
932 636
932 637
933 638
933 639
934 640
935 641
936 642
937 643
938 644
938 645
939 646
940 647
940 648
941 649
941 650
941 651
941 652
941 653
942 654
943 655
944 656
945 656
946 656
947 656
948 656
949 656
950 656
951 656
952 656
953 656
954 656
955 655
956 655
957 654
958 653
959 652
960 652
961 652
962 652
963 652
964 652
965 653
966 654
967 655
968 656
969 657
970 658
971 658
972 658
973 658
974 658
975 659
976 659
977 659
978 660
979 660
980 660
981 660
982 660
983 660
984 660
985 660
986 660
987 660
988 660
989 660
990 660
991 660
992 660
993 661
994 661
995 661
996 661
997 661
998 661
999 662
1000 662
1001 662
1002 662
1003 662
1004 662
1005 662
1006 662
1007 662
1008 662
1009 662
1010 662
1011 662
1012 662
1013 662
1014 662
1015 662
1016 662
1017 662
1018 662
1019 662
1020 662
1021 662
1022 662
1023 662
1024 662
1025 662
1026 662
1027 662
1028 662
1029 662
1030 662
1031 662
1032 662
1033 662
1034 662
1035 662
1036 662
1037 662
1038 662
1039 662
1040 662
1041 662
1042 662
1043 662
1044 662
1045 662
1046 662
1047 662
1048 662
1049 662
1050 662
1051 662
1052 662
1053 662
1054 662
1055 662
1056 662
1057 662
1058 662
1059 662
1060 662
1061 662
1062 662
1063 662
1064 662
1065 662
1066 662
1067 662
1068 662
1069 662
1070 662
1071 663
1072 663
1073 663
1074 663
1075 663
1076 664
1077 664
1078 664
1079 665
1080 665
1081 665
1082 665
1083 664
1084 664
1085 664
1086 663
1087 663
1088 663
1089 663
1090 663
1091 663
1092 663
1093 663
1094 663
1095 663
1096 662
1097 662
1098 662
1099 662
1100 662
1101 662
1102 662
1103 661
1104 661
1105 661
1106 661
1107 661
1108 661
1109 661
1110 661
1111 661
1112 661
1113 661
1114 661
1115 661
1116 661
1117 661
1118 661
1119 661
1120 661
1121 662
1122 662
1123 662
1124 662
1125 662
1126 662
1127 662
1128 662
1129 662
1130 662
1131 662
1132 662
1133 662
1134 662
1135 662
1136 663
1137 663
1138 664
1139 665
1140 665
1141 665
1142 665
1143 665
1144 665
1145 665
1146 665
1147 665
1148 665
1149 665
1150 666
1151 666
1152 666
1153 666
1154 666
1155 666
1156 666
1157 666
1158 666
1159 666
1160 667
1161 667
1162 667
1163 667
1164 667
1165 667
1166 667
1167 667
1168 667
1169 667
1170 667
1171 668
1172 668
1173 668
1174 668
1175 668
1176 668
1177 668
1178 668
1179 669
1180 669
1181 669
1182 670
1183 670
1184 670
1185 670
1186 670
1187 671
1188 671
1189 671
1190 671
1191 671
1192 671
1193 671
1194 672
1195 672
1196 672
1197 672
1198 672
1199 672
1200 671
1201 671
1202 670
1203 670
1204 669
1205 669
1206 669
1207 668
1208 668
1209 668
1210 667
1211 666
1212 665
1213 664
1214 664
1215 663
1216 662
1217 662
1218 661
1219 661
1220 661
1221 661
1222 661
1223 662
1224 662
1225 663
1226 664
1226 665
1227 666
1228 667
1229 667
1230 667
1231 667
1232 667
1233 667
1234 667
1235 667
1236 667
1237 667
1238 667
1239 667
1240 667
1241 667
1242 667
1243 667
1244 667
1245 667
1246 667
1247 667
1248 667
1249 666
1250 665
1251 665
1252 665
1253 664
1254 664
1255 664
1256 663
1257 662
1258 661
1259 660
1260 659
1261 658
1262 657
1263 656
1264 655
1265 654
1266 653
1267 652
1268 651
1269 650
1270 649
1270 648
1271 647
1272 646
1273 645
1274 644
1274 643
1274 642
1275 641
1275 640
1275 639
1275 638
1276 637
1276 636
1276 635
1276 634
1276 633
1276 632
1277 631
1277 630
1277 629
1277 628
1277 627
1277 626
1277 625
1277 624
1277 623
1277 622
1277 621
1277 620
1276 619
1275 618
1274 617
1274 616
1274 615
1273 614
1273 613
1273 612
1272 611
1271 610
1270 610
1269 609
1268 609
1267 608
1266 607
1265 606
1264 605
1263 604
1262 603
1261 602
1260 602
1259 601
1258 601
1257 600
1256 599
1255 599
1254 598
1253 597
1252 596
1251 595
1250 594
1249 593
1248 592
1247 591
1246 590
1245 589
1244 588
1243 587
1242 586
1241 585
1240 584
1239 583
1238 583
1237 583
1236 583
1235 583
1234 582
1233 582
1232 581
1231 581
1230 581
1229 580
1228 579
1227 579
1226 579
1225 578
1224 578
1223 577
1222 577
1221 577
1220 576
1219 575
1218 575
1217 574
1216 574
1215 574
1214 574
1213 574
1212 574
1211 574
1210 574
1209 574
1208 574
1207 574
1206 574
1205 574
1204 574
1203 574
1202 574
1201 574
1200 574
1199 574
1198 574
1197 574
1196 574
1195 574
1194 574
1193 574
1192 574
1191 574
1190 574
1189 574
1188 574
1187 574
1186 574
1185 574
1184 574
1183 574
1182 574
1181 574
1180 574
1179 573
1178 573
1177 573
1176 573
1175 573
1174 573
1173 572
1172 572
1171 571
1170 571
1169 571
1168 570
1167 570
1166 570
1165 570
1164 570
1163 570
1162 570
1161 570
1160 570
1159 570
1158 570
1157 571
1156 571
1155 571
1154 571
1153 571
1152 571
1151 572
1150 572
1149 572
1148 573
1147 573
1146 572
1145 572
1144 571
1143 571
1142 570
1141 570
1140 570
1139 570
1138 570
1137 570
1136 570
1135 570
1134 570
1133 570
1132 571
1131 571
1130 571
1129 571
1128 571
1127 571
1126 571
1125 571
1124 571
1123 571
1122 572
1121 572
1120 573
1119 573
1118 573
1117 573
1116 572
1115 572
1114 572
1113 571
1112 571
1111 571
1110 571
1109 571
1108 570
1107 569
1106 568
1105 567
1104 567
1103 566
1102 566
1101 566
1100 566
1099 566
1098 566
1097 566
1096 566
1095 566
