271 325
270 326
269 327
268 327
267 328
266 328
265 328
264 328
263 329
262 329
261 330
260 330
259 331
258 331
257 332
256 333
255 334
254 334
253 335
252 335
251 336
250 337
249 338
248 339
247 339
246 340
245 340
244 340
243 340
242 341
241 341
240 341
239 342
238 342
237 342
236 343
235 344
234 344
233 344
232 344
231 344
230 345
229 345
228 346
227 347
226 347
225 348
224 348
223 349
222 349
221 349
220 349
219 350
218 350
217 350
216 351
215 351
214 351
213 352
212 353
211 353
210 354
209 354
208 354
207 355
206 355
205 355
204 356
203 356
202 356
201 357
200 358
199 358
198 359
198 360
197 361
197 362
196 363
196 364
196 365
195 366
194 367
193 368
193 369
192 370
192 371
192 372
192 373
193 374
193 375
193 376
193 377
194 378
194 379
194 380
195 381
195 382
196 383
196 384
196 385
196 386
196 387
197 388
197 389
198 390
198 391
199 392
199 393
200 394
201 395
202 395
203 395
204 396
205 396
206 396
207 396
208 396
209 396
210 396
211 396
212 396
213 397
214 397
215 398
216 398
217 398
218 398
219 398
220 398
221 398
222 398
223 399
224 399
225 400
226 400
227 401
228 401
229 401
230 402
231 402
232 402
233 402
234 403
235 404
236 404
237 404
238 404
239 404
240 404
241 404
242 404
243 404
244 404
245 405
246 405
247 405
248 406
249 406
250 407
251 407
252 408
253 408
254 408
255 408
256 409
257 409
258 409
259 409
260 410
261 410
262 410
263 411
264 411
265 411
266 412
267 412
268 412
269 412
270 412
271 413
272 414
273 414
274 415
275 415
276 416
277 416
278 416
279 417
280 417
281 417
282 417
283 418
284 418
285 418
286 418
287 419
288 419
289 419
290 419
291 419
292 419
293 419
294 419
295 419
296 419
297 419
298 419
299 419
300 419
301 419
302 419
303 419
304 419
305 419
306 419
307 419
308 419
309 419
310 419
311 418
312 418
313 418
314 418
315 417
316 417
317 416
318 416
319 415
319 414
320 413
321 412
321 411
321 410
321 409
322 408
322 407
323 406
323 405
324 404
325 403
326 402
327 402
328 401
329 401
330 401
331 401
332 400
333 400
334 399
335 399
336 399
337 398
338 397
339 396
340 395
341 394
341 393
341 392
342 391
342 390
343 389
343 388
344 387
344 386
345 385
345 384
346 383
347 382
347 381
347 380
347 379
347 378
347 377
347 376
346 375
346 374
346 373
346 372
346 371
346 370
345 369
345 368
345 367
344 366
344 365
344 364
343 363
343 362
343 361
343 360
342 359
341 358
340 357
339 356
338 355
337 354
336 354
335 353
334 353
333 352
332 351
331 351
330 350
329 349
328 348
327 348
326 347
325 347
324 346
323 345
322 345
321 344
320 343
319 343
318 342
317 341
316 341
315 340
314 339
313 338
312 337
311 336
310 335
309 334
308 333
307 333
306 332
305 331
304 331
303 331
302 331
301 331
300 331
299 331
298 331
297 331
296 331
295 330
294 330
293 329
292 328
291 328
290 327
289 327
288 327
287 327
286 327
285 327
284 327
283 326
282 325
281 325
280 325
279 325
278 325
277 325
276 325
275 325
274 325
273 325
272 325
271 325
