1516 1676
1515 1677
1514 1677
1513 1678
1512 1679
1511 1680
1510 1681
1509 1682
1509 1683
1508 1684
1507 1685
1507 1686
1507 1687
1506 1688
1506 1689
1506 1690
1506 1691
1505 1692
1505 1693
1505 1694
1505 1695
1505 1696
1505 1697
1505 1698
1505 1699
1505 1700
1505 1701
1505 1702
1505 1703
1505 1704
1505 1705
1506 1706
1506 1707
1507 1708
1508 1709
1509 1709
1510 1710
1511 1710
1512 1711
1513 1712
1514 1713
1515 1714
1516 1715
1516 1716
1517 1717
1518 1718
1519 1719
1519 1720
1519 1721
1520 1722
1521 1723
1521 1724
1521 1725
1522 1726
1522 1727
1523 1728
1524 1729
1525 1730
1526 1731
1527 1732
1528 1732
1529 1732
1530 1732
1531 1732
1532 1732
1533 1732
1534 1733
1535 1733
1536 1734
1537 1734
1538 1735
1539 1736
1539 1737
1540 1738
1540 1739
1541 1740
1541 1741
1542 1742
1542 1743
1543 1744
1543 1745
1543 1746
1544 1747
1545 1748
1545 1749
1546 1749
1547 1750
1548 1751
1549 1752
1550 1752
1551 1753
1552 1753
1553 1754
1554 1754
1555 1755
1556 1756
1557 1756
1558 1757
1559 1758
1560 1758
1561 1758
1562 1759
1563 1759
1564 1760
1565 1761
1566 1762
1567 1763
1568 1763
1569 1763
1570 1763
1571 1763
1572 1763
1573 1763
1574 1762
1575 1761
1575 1760
1576 1759
1576 1758
1577 1757
1578 1756
1579 1755
1580 1754
1581 1754
1582 1753
1583 1753
1584 1754
1585 1754
1586 1755
1587 1756
1588 1757
1589 1758
1590 1758
1591 1759
1592 1759
1593 1759
1594 1760
1595 1760
1596 1760
1597 1760
1598 1760
1599 1759
1600 1759
1601 1758
1602 1758
1603 1757
1604 1757
1605 1757
1606 1757
1607 1758
1608 1758
1609 1759
1610 1760
1611 1761
1612 1762
1613 1763
1614 1763
1615 1763
1616 1763
1617 1763
1618 1763
1619 1762
1620 1761
1621 1760
1622 1759
1623 1758
1624 1757
1625 1756
1626 1755
1627 1754
1628 1754
1629 1753
1630 1753
1631 1753
1632 1753
1633 1753
1634 1753
1635 1753
1636 1753
1637 1753
1638 1753
1639 1753
1640 1753
1641 1754
1642 1754
1643 1754
1644 1755
1645 1755
1646 1755
1647 1755
1648 1755
1649 1755
1650 1756
1651 1756
1652 1756
1653 1755
1654 1755
1655 1754
1656 1753
1657 1753
1658 1753
1659 1752
1660 1751
1661 1751
1662 1751
1663 1751
1664 1751
1665 1750
1666 1750
1667 1749
1668 1748
1669 1747
1670 1747
1671 1746
1672 1745
1673 1745
1674 1744
1675 1744
1675 1743
1676 1742
1677 1741
1677 1740
1677 1739
1678 1738
1678 1737
1678 1736
1679 1735
1679 1734
1679 1733
1680 1732
1680 1731
1680 1730
1680 1729
1680 1728
1680 1727
1679 1726
1678 1725
1677 1724
1677 1723
1676 1722
1676 1721
1675 1720
1675 1719
1675 1718
1675 1717
1675 1716
1674 1715
1673 1714
1672 1713
1671 1712
1670 1711
1669 1710
1668 1709
1667 1709
1666 1708
1665 1708
1664 1708
1663 1707
1662 1707
1661 1706
1660 1705
1659 1705
1658 1704
1657 1704
1656 1704
1655 1703
1654 1703
1653 1703
1652 1702
1651 1702
1650 1701
1649 1700
1648 1700
1647 1699
1646 1698
1645 1697
1644 1697
1643 1696
1642 1695
1641 1694
1640 1693
1639 1693
1638 1692
1637 1692
1636 1692
1635 1691
1634 1691
1633 1691
1632 1691
1631 1690
1630 1690
1629 1689
1628 1689
1627 1688
1626 1688
1625 1687
1624 1686
1623 1686
1622 1685
1621 1684
1620 1684
1619 1684
1618 1684
1617 1684
1616 1684
1615 1684
1614 1684
1613 1684
1612 1684
1611 1684
1610 1684
1609 1684
1608 1684
1607 1684
1606 1683
1605 1683
1604 1683
1603 1682
1602 1682
1601 1682
1600 1681
1599 1681
1598 1681
1597 1681
1596 1681
1595 1681
1594 1681
1593 1682
1592 1682
1591 1683
1590 1684
1589 1684
1588 1684
1587 1684
1586 1684
1585 1685
1584 1686
1583 1686
1582 1687
1581 1688
1580 1689
1579 1690
1578 1691
1577 1692
1576 1692
1575 1693
1574 1694
1573 1695
1572 1696
1571 1697
1570 1698
1569 1698
1568 1698
1567 1699
1566 1699
1565 1699
1564 1699
1563 1699
1562 1699
1561 1699
1560 1699
1559 1699
1558 1699
1557 1699
1556 1699
1555 1700
1554 1700
1553 1700
1552 1699
1551 1698
1550 1697
1549 1697
1548 1696
1547 1696
1546 1695
1545 1695
1544 1694
1543 1694
1542 1694
1541 1694
1540 1694
1539 1694
1538 1694
1537 1693
1536 1693
1535 1692
1534 1691
1533 1690
1533 1689
1533 1688
1532 1687
1531 1686
1530 1685
1529 1684
1528 1683
1527 1682
1526 1681
1525 1680
1524 1679
1523 1678
1522 1677
1521 1677
1520 1676
1519 1676
1518 1676
1517 1676
1516 1676
