277 524
276 525
275 525
274 525
273 525
272 525
271 525
270 525
269 525
268 525
267 525
266 525
265 525
264 525
263 525
262 526
261 526
260 527
259 527
258 527
257 527
256 528
255 528
254 528
253 528
252 528
251 529
250 529
249 530
248 530
247 531
246 531
245 531
244 532
243 533
242 533
241 533
240 533
239 533
238 534
237 534
236 534
235 534
234 535
233 536
232 536
231 536
230 537
229 538
228 538
227 539
226 540
225 540
224 541
223 542
222 543
221 544
221 545
220 546
219 547
218 548
217 549
216 550
215 551
215 552
214 553
214 554
213 555
213 556
213 557
213 558
212 559
212 560
212 561
212 562
212 563
213 563
214 563
215 563
216 563
217 563
218 563
219 563
220 563
221 563
222 564
223 564
224 564
225 565
226 565
227 565
228 565
229 565
230 564
231 564
232 564
233 564
234 563
235 563
236 562
237 562
238 561
239 561
240 560
241 560
242 560
243 559
244 559
245 559
246 559
247 558
248 558
249 558
250 558
251 557
252 557
253 557
254 556
255 556
256 556
257 556
258 556
259 556
260 556
261 556
262 555
263 555
264 555
265 555
266 554
267 554
268 554
269 554
270 554
271 554
272 554
273 554
274 554
275 554
276 554
277 554
278 555
279 555
280 555
281 555
282 555
283 555
284 554
285 554
286 554
287 554
288 554
289 554
290 554
291 554
292 554
293 554
294 554
295 554
296 554
297 554
298 554
299 554
300 553
301 553
302 554
303 554
304 554
305 553
306 554
307 554
308 554
309 554
310 554
311 553
312 553
313 553
314 553
315 553
316 553
317 553
318 553
319 552
320 552
321 552
322 552
323 552
324 552
325 552
326 552
327 552
328 552
329 552
330 551
331 551
332 551
333 551
334 551
335 551
336 551
337 551
338 551
339 551
340 551
341 551
342 551
343 551
344 551
345 550
346 550
347 550
348 550
349 550
350 550
351 550
352 550
353 550
354 550
355 549
356 549
357 548
358 548
359 547
359 546
360 545
360 544
361 543
361 542
362 541
362 540
362 539
362 538
362 537
361 536
361 535
360 534
359 533
358 532
357 531
356 530
355 530
354 529
353 529
352 529
351 529
350 529
349 528
348 528
347 528
346 528
345 528
344 528
343 528
342 528
341 528
340 528
339 528
338 528
337 528
336 528
335 528
334 528
333 528
332 528
331 528
330 527
329 527
328 527
327 527
326 527
325 527
324 527
323 527
322 527
321 527
320 527
319 527
318 527
317 527
316 527
315 528
314 528
313 528
312 528
311 527
310 527
309 527
308 527
307 526
306 527
305 527
304 527
303 527
302 526
301 526
300 526
299 526
298 526
297 526
296 526
295 526
294 526
293 526
292 526
291 526
290 526
289 526
288 526
287 526
286 525
285 525
284 525
283 524
282 524
281 524
280 524
279 524
278 524
277 524
