609 964
608 965
607 965
606 965
605 965
604 966
603 966
602 966
601 966
600 967
599 967
598 967
597 967
596 968
595 968
594 968
593 969
592 969
591 969
590 970
589 970
588 971
587 971
586 971
585 971
584 971
583 971
582 971
581 971
580 971
579 972
578 973
577 974
576 974
575 975
574 975
573 976
573 977
574 978
575 979
576 979
577 980
578 981
579 981
580 982
581 982
582 982
583 982
584 982
585 982
586 982
587 982
588 983
589 983
590 983
591 984
592 984
593 984
594 985
595 985
596 986
597 987
598 987
599 988
600 989
601 989
602 989
603 990
604 990
605 990
606 991
607 991
608 991
609 992
610 992
611 992
612 992
613 993
614 993
615 993
616 994
617 994
618 994
619 994
620 994
621 994
622 995
623 995
624 995
625 996
626 996
627 996
628 996
629 996
630 996
631 996
632 996
633 996
634 996
635 995
636 995
637 995
638 994
639 995
640 994
641 994
642 993
643 993
644 992
644 991
645 990
645 989
645 988
645 987
645 986
645 985
645 984
645 983
645 982
644 981
644 980
643 979
642 978
641 977
641 976
640 975
639 974
638 973
637 972
636 971
635 971
634 970
633 970
632 969
631 968
630 968
629 967
628 967
627 967
626 967
625 967
624 967
623 966
622 965
621 965
620 965
619 965
618 964
617 964
616 964
615 964
614 964
613 964
612 964
611 965
610 964
609 964
