958 720
957 721
956 721
955 721
954 721
953 721
952 721
951 721
950 721
949 721
948 722
947 722
946 722
945 723
944 723
943 723
942 723
941 723
940 723
939 723
938 724
937 724
936 724
935 724
934 725
933 725
932 725
931 726
930 726
929 727
928 727
927 727
926 728
925 728
924 729
923 729
922 730
921 731
920 731
919 732
918 733
917 734
917 735
916 736
915 737
915 738
915 739
914 740
914 741
914 742
914 743
913 744
913 745
912 746
912 747
912 748
911 749
911 750
911 751
911 752
910 753
910 754
910 755
911 756
912 757
912 758
912 759
912 760
913 760
914 760
915 760
916 760
917 760
918 760
919 760
920 760
921 760
922 760
923 760
924 760
925 760
926 760
927 760
928 760
929 760
930 760
931 761
932 761
933 761
934 761
935 761
936 761
937 762
938 762
939 762
940 763
941 763
942 764
943 764
944 764
945 764
946 764
947 764
948 764
949 764
950 764
951 764
952 764
953 764
954 764
955 764
956 764
957 764
958 764
959 764
960 764
961 763
962 763
963 763
964 763
965 763
966 763
967 763
968 763
969 763
970 763
971 763
972 763
973 763
974 763
975 763
976 763
977 763
978 763
979 763
980 763
981 763
982 763
983 763
984 763
985 763
986 763
987 763
988 763
989 763
990 763
991 763
992 763
993 763
994 763
995 763
996 763
997 763
998 763
999 763
1000 763
1001 763
1002 763
1003 763
1004 762
1005 762
1006 761
1007 760
1008 759
1009 758
1010 757
1011 757
1012 756
1013 755
1013 754
1014 753
1014 752
1015 751
1015 750
1015 749
1016 748
1016 747
1016 746
1016 745
1016 744
1016 743
1015 742
1015 741
1015 740
1014 739
1014 738
1014 737
1014 736
1013 735
1012 735
1011 734
1010 733
1009 733
1008 732
1007 731
1006 730
1006 729
1005 728
1004 727
1003 727
1002 726
1001 726
1000 726
999 726
998 725
997 725
996 725
995 724
994 724
993 724
992 724
991 724
990 724
989 724
988 724
987 724
986 724
985 724
984 724
983 723
982 723
981 723
980 723
979 723
978 722
977 722
976 722
975 721
974 721
973 721
972 720
971 720
970 720
969 720
968 720
967 720
966 720
965 720
964 720
963 720
962 720
961 720
960 720
959 720
958 720
