875 579
874 580
873 580
872 580
871 581
870 582
869 582
868 583
867 583
866 583
865 584
864 585
863 585
862 585
861 585
860 586
859 586
858 587
857 587
856 588
855 588
854 588
853 589
852 589
851 589
850 589
849 590
848 591
847 591
846 591
845 591
844 591
843 591
842 592
841 592
840 592
839 592
838 592
837 592
836 592
835 592
834 593
833 593
832 593
831 594
830 594
829 594
828 595
827 595
826 596
826 597
825 598
825 599
824 600
824 601
824 602
823 603
823 604
823 605
822 606
822 607
822 608
821 609
821 610
821 611
820 612
820 613
820 614
819 615
819 616
819 617
819 618
819 619
818 620
818 621
818 622
818 623
818 624
818 625
817 626
817 627
816 628
816 629
816 630
816 631
816 632
816 633
816 634
816 635
817 636
817 637
818 638
819 639
819 640
820 641
820 642
821 643
822 644
822 645
823 646
824 647
825 648
826 649
827 650
828 651
829 652
830 652
831 652
832 652
833 652
834 652
835 652
836 652
837 652
838 652
839 653
840 653
841 653
842 653
843 654
844 654
845 654
846 655
847 656
848 657
849 658
850 658
851 659
852 659
853 659
854 660
855 660
856 660
857 660
858 660
859 660
860 660
861 660
862 660
863 659
864 659
865 659
866 658
867 658
868 658
869 658
870 658
871 658
872 658
873 658
874 657
875 657
876 657
877 657
878 656
879 656
880 656
881 656
882 656
883 656
884 656
885 656
886 656
887 656
888 656
889 656
890 656
891 656
892 656
893 656
894 656
895 656
896 656
897 655
898 655
899 655
900 655
901 655
902 654
903 654
904 654
905 653
906 652
907 652
908 651
909 651
910 651
911 651
912 652
913 653
914 653
915 653
916 654
917 654
918 653
919 653
920 653
921 652
922 652
923 652
924 652
925 652
926 652
927 652
928 652
929 652
930 652
931 652
932 652
933 652
934 652
935 652
936 652
937 652
938 652
939 652
940 652
941 652
942 651
943 651
944 651
945 651
946 650
947 650
948 649
949 649
950 649
951 649
952 649
953 649
954 648
955 648
956 647
957 646
958 646
959 645
960 644
961 643
962 642
963 641
964 640
964 639
965 638
966 637
966 636
966 635
967 634
967 633
967 632
967 631
967 630
968 629
968 628
968 627
968 626
968 625
968 624
968 623
969 622
969 621
970 620
970 619
971 618
971 617
970 616
970 615
970 614
970 613
970 612
969 611
968 610
968 609
967 608
966 608
965 607
964 606
963 605
963 604
962 604
961 603
960 602
959 602
958 601
957 601
956 600
955 600
954 599
953 598
952 598
951 597
950 597
949 597
948 597
947 596
946 595
945 594
944 594
943 593
942 592
941 592
940 591
939 591
938 590
937 589
936 589
935 589
934 588
933 588
932 588
931 587
930 587
929 587
928 586
927 586
926 586
925 585
924 585
923 584
922 584
921 584
920 584
919 584
918 584
917 584
916 584
915 583
914 583
913 583
912 583
911 582
910 582
909 582
908 581
907 581
906 581
905 581
904 581
903 580
902 579
901 579
900 579
899 579
898 579
897 579
896 579
895 579
894 579
893 579
892 579
891 579
890 579
889 579
888 579
887 579
886 579
885 579
884 579
883 579
882 579
881 579
880 579
879 579
878 579
877 579
876 579
875 579
