789 331
788 332
787 332
786 333
785 333
784 334
783 334
782 334
781 335
780 335
779 336
778 336
777 336
776 337
775 337
774 338
773 338
772 339
771 340
770 340
769 341
768 341
767 341
766 342
765 342
764 343
763 344
762 344
761 345
760 345
759 346
758 346
757 346
756 347
755 347
754 347
753 347
752 347
751 347
750 347
749 347
748 347
747 348
746 348
745 348
744 348
743 348
742 348
741 348
740 348
740 349
740 350
740 351
740 352
740 353
740 354
740 355
740 356
740 357
740 358
740 359
740 360
741 361
741 362
742 363
743 364
744 364
745 364
746 364
747 364
748 365
749 365
750 365
751 366
752 366
753 366
754 366
755 366
756 366
757 366
758 366
759 366
760 366
761 366
762 367
763 367
764 368
765 368
766 369
767 370
768 371
769 371
770 372
771 373
772 374
773 374
774 375
775 375
776 376
777 377
778 377
779 378
780 378
781 378
782 378
783 378
784 378
785 378
786 378
787 378
788 378
789 378
790 378
791 378
792 378
793 378
794 378
795 378
796 378
797 378
798 378
799 378
800 378
801 378
802 377
803 377
804 377
805 377
806 377
807 377
808 377
809 377
810 377
811 377
812 376
813 376
814 375
815 374
816 374
816 373
817 372
818 371
818 370
818 369
818 368
818 367
818 366
818 365
818 364
818 363
818 362
818 361
818 360
817 359
816 358
816 357
815 356
815 355
814 354
813 353
813 352
812 351
812 350
812 349
812 348
812 347
812 346
812 345
812 344
812 343
812 342
812 341
812 340
812 339
812 338
812 337
812 336
812 335
811 334
810 333
809 333
808 333
807 332
806 332
805 331
804 331
803 331
802 331
801 331
800 331
799 331
798 331
797 331
796 331
795 331
794 331
793 331
792 331
791 331
790 331
789 331
