312 2019
311 2020
310 2020
309 2020
308 2021
307 2021
306 2021
305 2021
304 2021
303 2021
302 2021
301 2021
300 2021
299 2022
298 2023
297 2023
296 2023
295 2024
294 2024
293 2024
292 2025
291 2025
290 2025
289 2026
288 2026
287 2026
286 2026
285 2027
284 2027
283 2028
282 2028
281 2029
280 2030
280 2031
279 2032
279 2033
279 2034
279 2035
279 2036
279 2037
279 2038
279 2039
280 2040
281 2041
282 2042
283 2042
284 2042
285 2042
286 2042
287 2042
288 2043
289 2043
290 2043
291 2044
292 2044
293 2045
294 2045
295 2045
296 2045
297 2045
298 2045
299 2045
300 2046
301 2046
302 2046
303 2047
304 2047
305 2047
306 2047
307 2048
308 2048
309 2049
310 2050
311 2050
312 2050
313 2050
314 2050
315 2051
316 2051
317 2052
318 2053
319 2053
320 2053
321 2054
322 2054
323 2054
324 2053
325 2053
326 2052
327 2051
328 2050
329 2049
330 2048
331 2047
331 2046
332 2045
333 2044
334 2043
334 2042
335 2041
336 2040
336 2039
337 2038
337 2037
337 2036
337 2035
337 2034
337 2033
337 2032
337 2031
337 2030
337 2029
336 2028
335 2027
334 2026
333 2025
332 2025
331 2024
330 2023
329 2023
328 2022
327 2021
326 2020
325 2020
324 2019
323 2019
322 2019
321 2019
320 2019
319 2019
318 2019
317 2019
316 2019
315 2019
314 2019
313 2019
312 2019
