857 1184
856 1185
855 1186
854 1186
853 1186
852 1187
851 1187
850 1187
849 1188
848 1188
847 1188
846 1189
846 1190
845 1191
845 1192
845 1193
844 1194
844 1195
844 1196
844 1197
844 1198
844 1199
844 1200
844 1201
844 1202
845 1203
845 1204
845 1205
845 1206
845 1207
846 1208
846 1209
846 1210
847 1211
847 1212
847 1213
847 1214
848 1215
849 1216
849 1217
850 1218
850 1219
851 1220
851 1221
852 1222
853 1222
854 1222
855 1222
856 1222
857 1221
858 1221
859 1220
860 1220
861 1221
862 1221
863 1221
864 1222
865 1222
866 1223
867 1224
868 1225
869 1225
870 1226
871 1226
872 1226
873 1227
874 1227
875 1228
876 1228
877 1228
878 1229
879 1229
880 1229
881 1230
882 1230
883 1230
884 1230
885 1231
886 1231
887 1231
888 1232
889 1232
890 1232
891 1233
892 1233
893 1233
894 1233
895 1233
896 1233
897 1233
898 1233
899 1233
900 1234
901 1234
902 1234
903 1234
904 1235
905 1236
906 1236
907 1236
908 1236
909 1236
910 1236
911 1236
912 1236
913 1236
914 1236
915 1236
916 1237
917 1237
918 1237
919 1238
920 1238
921 1238
922 1238
923 1238
924 1238
925 1238
926 1238
927 1239
928 1239
929 1239
930 1239
931 1239
932 1239
933 1239
934 1239
935 1239
936 1239
937 1239
938 1239
939 1239
940 1239
941 1239
942 1238
943 1238
944 1238
945 1238
946 1238
947 1238
948 1237
949 1237
950 1237
951 1236
952 1236
953 1236
954 1236
955 1236
956 1236
957 1235
958 1235
959 1234
960 1234
961 1234
962 1234
963 1233
964 1233
965 1233
966 1233
967 1232
968 1232
969 1231
970 1231
971 1230
972 1230
973 1229
974 1229
975 1228
976 1228
977 1227
978 1227
979 1226
980 1226
981 1225
982 1224
983 1223
984 1222
985 1221
986 1220
986 1219
987 1218
987 1217
987 1216
987 1215
987 1214
987 1213
986 1212
986 1211
985 1210
985 1209
984 1208
983 1207
983 1206
982 1205
981 1204
980 1204
979 1203
978 1203
977 1203
976 1203
975 1203
974 1203
973 1203
972 1203
971 1202
970 1202
969 1201
968 1201
967 1201
966 1200
965 1200
964 1200
963 1200
962 1200
961 1200
960 1199
959 1198
958 1198
957 1197
956 1197
955 1196
954 1196
953 1196
952 1196
951 1196
950 1196
949 1196
948 1196
947 1196
946 1196
945 1196
944 1196
943 1196
942 1196
941 1196
940 1196
939 1195
938 1195
937 1195
936 1195
935 1194
934 1193
933 1193
932 1192
931 1192
930 1191
929 1191
928 1190
927 1190
926 1190
925 1190
924 1190
923 1190
922 1190
921 1189
920 1189
919 1189
918 1189
917 1189
916 1189
915 1188
914 1188
913 1188
912 1187
911 1187
910 1186
909 1186
908 1186
907 1186
906 1186
905 1185
904 1185
903 1185
902 1185
901 1184
900 1184
899 1184
898 1184
897 1184
896 1184
895 1184
894 1184
893 1184
892 1184
891 1184
890 1184
889 1184
888 1184
887 1184
886 1184
885 1184
884 1184
883 1184
882 1184
881 1184
880 1184
879 1184
878 1184
877 1184
876 1184
875 1184
874 1184
873 1184
872 1184
871 1184
870 1184
869 1184
868 1184
867 1184
866 1184
865 1184
864 1184
863 1184
862 1184
861 1184
860 1184
859 1184
858 1184
857 1184
