1957 1572
1956 1573
1955 1573
1954 1573
1953 1573
1952 1573
1951 1573
1950 1573
1949 1573
1948 1573
1947 1573
1946 1573
1945 1573
1944 1573
1943 1573
1942 1573
1941 1573
1940 1573
1939 1573
1938 1573
1937 1574
1936 1574
1935 1574
1934 1574
1933 1575
1932 1575
1931 1575
1930 1575
1929 1575
1928 1575
1927 1575
1926 1575
1925 1575
1924 1575
1923 1574
1922 1574
1921 1574
1920 1574
1919 1575
1918 1575
1917 1575
1916 1575
1915 1575
1914 1575
1913 1575
1912 1575
1911 1575
1910 1575
1909 1574
1908 1574
1907 1574
1906 1574
1905 1575
1904 1575
1903 1575
1902 1575
1901 1575
1900 1575
1899 1575
1898 1575
1897 1575
1896 1575
1895 1576
1894 1576
1893 1576
1892 1576
1891 1577
1890 1577
1889 1577
1888 1577
1887 1577
1886 1577
1885 1577
1884 1577
1883 1577
1882 1577
1881 1576
1880 1576
1879 1576
1878 1576
1877 1577
1876 1577
1875 1577
1874 1577
1873 1577
1872 1577
1871 1577
1870 1577
1869 1577
1868 1577
1867 1578
1866 1578
1865 1578
1864 1578
1863 1579
1862 1579
1861 1579
1860 1579
1859 1579
1858 1579
1857 1579
1856 1579
1855 1579
1854 1580
1853 1580
1852 1580
1851 1580
1850 1581
1849 1581
1848 1581
1847 1581
1846 1581
1845 1581
1844 1581
1843 1582
1842 1582
1841 1582
1840 1583
1839 1583
1838 1583
1837 1583
1836 1584
1835 1584
1834 1584
1833 1584
1832 1584
1831 1584
1830 1584
1829 1584
1828 1584
1827 1584
1826 1584
1825 1584
1824 1584
1823 1584
1822 1585
1821 1585
1820 1585
1819 1585
1818 1585
1817 1585
1816 1585
1815 1585
1814 1585
1813 1585
1812 1586
1811 1586
1810 1586
1809 1586
1808 1587
1807 1587
1806 1587
1805 1587
1804 1587
1803 1587
1802 1587
1801 1587
1800 1587
1799 1587
1798 1587
1797 1587
1796 1587
1795 1587
1794 1588
1793 1588
1792 1588
1791 1588
1790 1588
1789 1588
1788 1588
1787 1588
1786 1588
1785 1589
1784 1589
1783 1589
1782 1589
1781 1590
1780 1590
1779 1590
1778 1590
1777 1590
1776 1590
1775 1590
1774 1590
1773 1590
1772 1590
1771 1591
1770 1592
1769 1592
1768 1593
1767 1594
1766 1594
1765 1595
1764 1595
1763 1595
1762 1596
1761 1596
1760 1596
1759 1596
1758 1597
1757 1597
1756 1598
1755 1598
1754 1599
1753 1600
1752 1600
1751 1601
1750 1601
1749 1601
1748 1602
1747 1602
1746 1603
1745 1604
1744 1605
1743 1605
1742 1606
1741 1607
1740 1607
1739 1608
1738 1608
1737 1608
1736 1609
1735 1609
1734 1609
1733 1609
1732 1610
1731 1611
1730 1611
1729 1612
1728 1613
1727 1613
1726 1614
1725 1614
1724 1614
1723 1615
1722 1615
1721 1615
1720 1615
1719 1616
1718 1617
1717 1617
1716 1618
1715 1619
1714 1619
1713 1620
1712 1620
1711 1620
1710 1621
1709 1621
1708 1621
1707 1621
1706 1622
1705 1622
1704 1623
1703 1623
1702 1624
1701 1625
1700 1625
1699 1626
1698 1626
1697 1626
1696 1627
1695 1627
1694 1627
1693 1627
1692 1628
1691 1628
1690 1629
1689 1629
1688 1630
1687 1630
1686 1630
1685 1631
1684 1631
1683 1631
1682 1631
1681 1632
1680 1632
1679 1632
1678 1632
1677 1632
1676 1632
1675 1632
1674 1633
1673 1633
1672 1633
1671 1634
1670 1634
1669 1634
1668 1634
1667 1635
1666 1635
1665 1635
1664 1635
1663 1635
1662 1635
1661 1635
1660 1635
1659 1635
1658 1635
1657 1636
1656 1636
1655 1636
1654 1636
1653 1637
1652 1637
1651 1637
1650 1637
1649 1637
1648 1637
1647 1637
1646 1637
1645 1637
1644 1637
1643 1638
1642 1638
1641 1638
1640 1638
1639 1639
1638 1639
1637 1639
1636 1639
1635 1639
1634 1639
1633 1639
1632 1639
1631 1639
1630 1639
1629 1640
1628 1640
1627 1640
1626 1640
1625 1641
1624 1641
1623 1641
1622 1641
1621 1641
1620 1641
1619 1641
1618 1641
1617 1641
1616 1642
1615 1642
1614 1642
1613 1642
1612 1643
1611 1643
1610 1643
1609 1643
1608 1643
1607 1643
1606 1643
1605 1644
1604 1644
1603 1644
1602 1645
1601 1645
1600 1645
1599 1645
1598 1646
1597 1646
1596 1646
1595 1646
1594 1646
1593 1646
1592 1646
1591 1647
1590 1647
1589 1647
1588 1648
1587 1648
1586 1648
1585 1648
1584 1649
1583 1649
1582 1649
1581 1649
1580 1649
1579 1649
1578 1649
1577 1649
1576 1649
1575 1649
1574 1648
1573 1648
1572 1648
1571 1648
1570 1649
1569 1649
1568 1649
1567 1649
1566 1649
1565 1649
1564 1649
1563 1649
1562 1649
1561 1649
1560 1648
1559 1648
1558 1648
1557 1648
1556 1649
1555 1649
1554 1649
1553 1649
1552 1649
1551 1649
1550 1649
1549 1649
1548 1649
1547 1649
1546 1648
1545 1648
1544 1648
1543 1648
1542 1647
1541 1647
1540 1647
1539 1647
1538 1647
1537 1647
1536 1647
1535 1647
1534 1647
1533 1647
1532 1646
1531 1646
1530 1646
1529 1646
1528 1645
1527 1645
1526 1645
1525 1645
1524 1645
1523 1645
1522 1645
1521 1645
1520 1645
1519 1645
1518 1644
1517 1644
1516 1644
1515 1644
1514 1645
1513 1645
1512 1645
1511 1645
1510 1645
1509 1645
1508 1645
1507 1645
1506 1645
1505 1645
1504 1644
1503 1644
1502 1644
1501 1644
1500 1643
1499 1643
1498 1643
1497 1643
1496 1643
1495 1643
1494 1643
1493 1643
1492 1643
1491 1643
1490 1642
1489 1642
1488 1642
1487 1642
1486 1643
1485 1643
1484 1643
1483 1643
1482 1643
1481 1643
1480 1643
1479 1643
1478 1643
1477 1643
1476 1642
1475 1642
1474 1642
1473 1642
1472 1643
1471 1643
1470 1643
1469 1643
1468 1643
1467 1643
1466 1643
1465 1643
1464 1643
1463 1643
1462 1642
1461 1642
1460 1642
1459 1642
1458 1643
1457 1643
1456 1643
1455 1643
1454 1643
1453 1643
1452 1643
1451 1643
1450 1643
1449 1643
1448 1642
1447 1642
1446 1642
1445 1642
1444 1643
1443 1643
1442 1643
1441 1643
1440 1643
1439 1643
1438 1643
1437 1643
1436 1643
1435 1643
1434 1642
1433 1642
1432 1642
1431 1642
1430 1641
1429 1641
1428 1641
1427 1641
1426 1641
1425 1641
1424 1641
1423 1641
1422 1641
1421 1641
1420 1640
1419 1640
1418 1640
1417 1640
1416 1639
1415 1639
1414 1639
1413 1639
1412 1639
1411 1639
1410 1639
1409 1639
1408 1639
1407 1639
1406 1638
1405 1638
1404 1638
1403 1638
1402 1637
1401 1637
1400 1637
1399 1637
1398 1637
1397 1637
1396 1637
1395 1637
1394 1637
1393 1637
1392 1636
1391 1636
1390 1636
1389 1636
1388 1635
1387 1635
1386 1635
1385 1634
1384 1634
1383 1633
1382 1633
1381 1633
1380 1633
1379 1633
1378 1632
1377 1632
1376 1632
1375 1632
1374 1631
1373 1631
1372 1631
1371 1630
1370 1630
1369 1629
1368 1628
1367 1628
1366 1627
1365 1626
1364 1626
1363 1626
1362 1626
1361 1625
1360 1625
1359 1625
1358 1625
1357 1625
1356 1625
1355 1625
1354 1625
1353 1625
1352 1624
1351 1624
1350 1624
1349 1624
1348 1623
1347 1623
1346 1623
1345 1623
1344 1623
1343 1623
1342 1622
1341 1622
1340 1622
1339 1622
1338 1621
1337 1621
1336 1621
1335 1620
1334 1620
1333 1619
1332 1619
1331 1619
1330 1619
1329 1619
1328 1618
1327 1618
1326 1618
1325 1618
1324 1617
1323 1617
1322 1617
1321 1617
1320 1617
1319 1617
1318 1617
1317 1617
1316 1617
1315 1616
1314 1616
1313 1616
1312 1616
1311 1615
1310 1615
1309 1615
1308 1615
1307 1615
1306 1615
1305 1615
1304 1615
1303 1615
1302 1615
1301 1615
1300 1614
1299 1614
1298 1614
1297 1614
1296 1613
1295 1613
1294 1613
1293 1613
1292 1613
1291 1613
1290 1613
1289 1613
1288 1612
1287 1612
1286 1612
1285 1612
1284 1611
1283 1611
1282 1611
1281 1611
1280 1611
1279 1611
1278 1611
1277 1611
1276 1611
1275 1611
1274 1610
1273 1610
1272 1610
1271 1609
1270 1608
1269 1608
1268 1608
1267 1608
1266 1607
1265 1607
1264 1607
1263 1607
1262 1607
1261 1607
1260 1607
1259 1607
1258 1607
1257 1607
1256 1607
1255 1607
1254 1607
1253 1607
1252 1607
1251 1607
1250 1607
1249 1607
1248 1607
1247 1607
1246 1607
1245 1607
1244 1606
1243 1606
1242 1606
1241 1605
1240 1604
1239 1604
1238 1604
1237 1604
1236 1603
1235 1603
1234 1603
1233 1603
1232 1603
1231 1603
1230 1602
1229 1602
1228 1602
1227 1601
1226 1600
1225 1600
1224 1600
1223 1600
1222 1599
1221 1599
1220 1599
1219 1599
1218 1598
1217 1598
1216 1598
1215 1598
1214 1597
1213 1597
1212 1597
1211 1597
1210 1596
1209 1596
1208 1596
1207 1596
1206 1595
1205 1595
1204 1594
1203 1594
1202 1594
1201 1594
1200 1593
1199 1593
1198 1593
1197 1593
1196 1592
1195 1592
1194 1592
1193 1592
1192 1591
1191 1591
1190 1591
1189 1591
1188 1591
1187 1591
1186 1591
1185 1591
1184 1591
1183 1591
1182 1590
1181 1590
1180 1589
1179 1589
1178 1588
1177 1587
1176 1586
1175 1586
1174 1585
1173 1585
1172 1584
1171 1584
1170 1583
1169 1583
1168 1583
1167 1583
1166 1582
1165 1582
1164 1582
1163 1581
1162 1580
1161 1580
1160 1580
1159 1580
1158 1579
1157 1579
1156 1579
1155 1579
1154 1579
1153 1579
1152 1579
1151 1579
1150 1579
1149 1579
1148 1579
1147 1579
1146 1579
1145 1579
1144 1579
1143 1579
1142 1579
1141 1579
1140 1579
1139 1579
1138 1579
1137 1579
1136 1578
1135 1578
1134 1578
1133 1578
1132 1577
1131 1577
1130 1577
1129 1577
1128 1577
1127 1577
1126 1577
1125 1577
1124 1577
1123 1577
1122 1577
1121 1577
1120 1578
1119 1578
1118 1578
1117 1578
1116 1579
1115 1579
1114 1580
1113 1580
1112 1580
1111 1580
1110 1581
1109 1581
1108 1581
1107 1581
1106 1581
1105 1581
1104 1581
1103 1581
1102 1581
1101 1581
1100 1581
1099 1581
1098 1581
1097 1581
1096 1582
1095 1582
1094 1582
1093 1582
1092 1583
1091 1583
1090 1583
1089 1583
1088 1583
1087 1583
1086 1583
1085 1583
1084 1583
1083 1583
1082 1584
1081 1584
1080 1584
1079 1584
1078 1585
1077 1585
1076 1585
1075 1585
1074 1586
1073 1586
1072 1587
1071 1588
1070 1588
1070 1589
1069 1590
1068 1590
1068 1591
1067 1592
1066 1592
1065 1593
1064 1594
1063 1594
1062 1595
1061 1596
1060 1596
1059 1596
1058 1597
1057 1597
1056 1598
1055 1598
1054 1598
1053 1598
1052 1599
1051 1600
1050 1601
1049 1601
1048 1602
1047 1602
1046 1603
1045 1604
1044 1605
1043 1606
1042 1606
1042 1607
1041 1608
1040 1608
1039 1609
1038 1610
1037 1610
1036 1611
1035 1612
1034 1613
1033 1613
1032 1614
1031 1614
1030 1615
1029 1616
1028 1617
1027 1617
1026 1618
1025 1618
1024 1619
1023 1620
1022 1620
1021 1620
1020 1621
1019 1622
1018 1623
1017 1624
1016 1625
1015 1626
1014 1627
1014 1628
1014 1629
1014 1630
1013 1631
1013 1632
1013 1633
1013 1634
1013 1635
1013 1636
1013 1637
1013 1638
1013 1639
1013 1640
1013 1641
1013 1642
1012 1643
1012 1644
1012 1645
1011 1646
1010 1647
1010 1648
1010 1649
1010 1650
1009 1651
1009 1652
1008 1653
1008 1654
1008 1655
1008 1656
1007 1657
1007 1658
1007 1659
1007 1660
1007 1661
1007 1662
1007 1663
1007 1664
1007 1665
1007 1666
1007 1667
1007 1668
1006 1669
1006 1670
1006 1671
1006 1672
1005 1673
1005 1674
1005 1675
1005 1676
1005 1677
1005 1678
1005 1679
1005 1680
1005 1681
1005 1682
1005 1683
1005 1684
1005 1685
1005 1686
1004 1687
1004 1688
1003 1689
1002 1690
1002 1691
1001 1692
1000 1693
999 1694
998 1695
998 1696
998 1697
997 1698
996 1699
996 1700
996 1701
996 1702
995 1703
995 1704
995 1705
995 1706
995 1707
995 1708
995 1709
995 1710
995 1711
995 1712
995 1713
995 1714
995 1715
995 1716
994 1717
994 1718
993 1719
993 1720
992 1721
992 1722
991 1723
991 1724
990 1725
990 1726
990 1727
989 1728
988 1729
988 1730
988 1731
988 1732
987 1733
987 1734
987 1735
987 1736
987 1737
987 1738
987 1739
987 1740
987 1741
987 1742
986 1743
986 1744
986 1745
986 1746
985 1747
985 1748
985 1749
985 1750
984 1751
984 1752
984 1753
984 1754
983 1755
983 1756
982 1757
982 1758
981 1759
980 1760
979 1760
978 1761
977 1762
976 1763
975 1764
974 1765
974 1766
973 1767
973 1768
973 1769
973 1770
974 1771
974 1772
975 1773
976 1774
976 1775
977 1776
978 1777
978 1778
978 1779
978 1780
978 1781
978 1782
977 1783
977 1784
977 1785
977 1786
977 1787
977 1788
976 1789
976 1790
976 1791
976 1792
975 1793
975 1794
975 1795
975 1796
975 1797
975 1798
974 1799
974 1800
974 1801
974 1802
973 1803
973 1804
973 1805
973 1806
973 1807
973 1808
973 1809
973 1810
973 1811
973 1812
973 1813
973 1814
973 1815
973 1816
972 1817
972 1818
972 1819
971 1820
970 1821
970 1822
970 1823
970 1824
969 1825
969 1826
969 1827
969 1828
969 1829
969 1830
968 1831
968 1832
968 1833
968 1834
967 1835
967 1836
967 1837
967 1838
966 1839
966 1840
966 1841
966 1842
965 1843
965 1844
965 1845
965 1846
964 1847
964 1848
964 1849
964 1850
963 1851
963 1852
962 1853
962 1854
962 1855
962 1856
961 1857
961 1858
961 1859
961 1860
961 1861
961 1862
960 1863
960 1864
960 1865
960 1866
959 1867
959 1868
959 1869
959 1870
958 1871
958 1872
958 1873
958 1874
957 1875
957 1876
957 1877
957 1878
957 1879
957 1880
957 1881
957 1882
956 1883
956 1884
956 1885
956 1886
955 1887
955 1888
955 1889
955 1890
955 1891
955 1892
954 1893
954 1894
954 1895
953 1896
952 1897
952 1898
952 1899
952 1900
951 1901
951 1902
951 1903
951 1904
951 1905
951 1906
951 1907
951 1908
950 1909
950 1910
949 1911
948 1912
948 1913
947 1914
946 1915
945 1916
944 1917
944 1918
944 1919
943 1920
942 1921
942 1922
942 1923
942 1924
941 1925
941 1926
941 1927
941 1928
941 1929
941 1930
941 1931
941 1932
941 1933
941 1934
941 1935
941 1936
941 1937
941 1938
941 1939
941 1940
941 1941
941 1942
941 1943
941 1944
941 1945
941 1946
941 1947
941 1948
940 1949
940 1950
940 1951
940 1952
939 1953
939 1954
939 1955
939 1956
938 1957
938 1958
938 1959
938 1960
937 1961
937 1962
936 1963
936 1964
936 1965
936 1966
935 1967
935 1968
935 1969
935 1970
934 1971
934 1972
934 1973
934 1974
933 1975
933 1976
933 1977
933 1978
934 1979
934 1980
935 1981
936 1982
936 1983
937 1983
938 1984
938 1985
939 1985
940 1986
940 1987
941 1988
942 1989
942 1990
943 1991
944 1992
944 1993
944 1994
945 1995
946 1996
947 1997
947 1998
948 1999
948 2000
949 2001
949 2002
950 2003
950 2004
951 2005
951 2006
952 2007
952 2008
953 2009
954 2010
955 2011
956 2012
956 2013
957 2013
958 2014
958 2015
959 2016
960 2017
960 2018
961 2019
962 2020
962 2021
962 2022
963 2023
964 2024
965 2025
965 2026
966 2027
966 2028
967 2029
968 2030
969 2031
970 2032
970 2033
971 2033
972 2034
972 2035
973 2035
974 2036
974 2037
975 2037
976 2038
976 2039
977 2039
978 2040
978 2041
979 2041
980 2042
981 2043
982 2044
983 2045
984 2045
985 2045
986 2046
987 2047
988 2047
989 2047
990 2048
991 2049
992 2049
993 2049
994 2050
995 2051
996 2051
997 2052
998 2052
999 2053
1000 2054
1001 2055
1002 2055
1003 2055
1004 2055
1005 2056
1006 2056
1007 2057
1008 2057
1009 2057
1010 2057
1011 2058
1012 2058
1013 2058
1014 2058
1015 2058
1016 2058
1017 2059
1018 2059
1019 2059
1020 2060
1021 2061
1022 2061
1023 2061
1024 2061
1025 2062
1026 2062
1027 2062
1028 2062
1029 2063
1030 2063
1031 2063
1032 2063
1033 2064
1034 2064
1035 2064
1036 2064
1037 2064
1038 2064
1039 2064
1040 2064
1041 2064
1042 2064
1043 2064
1044 2064
1045 2065
1046 2065
1047 2066
1048 2066
1049 2067
1050 2067
1051 2068
1052 2068
1053 2068
1054 2068
1055 2068
1056 2068
1057 2068
1058 2068
1059 2068
1060 2068
1061 2068
1062 2068
1063 2069
1064 2069
1065 2069
1066 2070
1067 2071
1068 2071
1069 2072
1070 2073
1071 2073
1072 2074
1072 2075
1073 2075
1074 2076
1074 2077
1075 2077
1076 2078
1076 2079
1077 2079
1078 2080
1078 2081
1079 2081
1080 2082
1081 2083
1082 2083
1083 2084
1084 2084
1085 2084
1086 2084
1087 2084
1088 2084
1089 2084
1090 2084
1091 2084
1092 2084
1093 2084
1094 2084
1095 2085
1096 2085
1097 2086
1098 2087
1099 2087
1100 2088
1100 2089
1101 2090
1102 2091
1102 2092
1103 2093
1104 2094
1105 2095
1106 2096
1106 2097
1107 2097
1108 2098
1108 2099
1109 2099
1110 2100
1111 2101
1112 2102
1113 2103
1114 2103
1115 2104
1116 2104
1117 2105
1118 2106
1119 2107
1120 2107
1121 2107
1122 2108
1123 2109
1124 2109
1125 2110
1126 2111
1127 2111
1128 2112
1129 2113
1130 2113
1131 2114
1132 2114
1133 2114
1134 2114
1135 2115
1136 2115
1137 2115
1138 2116
1139 2117
1140 2117
1141 2118
1142 2118
1143 2119
1144 2119
1145 2120
1146 2120
1147 2120
1148 2120
1149 2119
1150 2119
1151 2119
1152 2119
1153 2118
1154 2118
1155 2118
1156 2118
1157 2118
1158 2118
1159 2118
1160 2118
1161 2118
1162 2118
1163 2118
1164 2118
1165 2118
1166 2118
1167 2118
1168 2118
1169 2118
1170 2118
1171 2118
1172 2118
1173 2118
1174 2118
1175 2118
1176 2118
1177 2118
1178 2118
1179 2118
1180 2118
1181 2119
1182 2119
1183 2120
1184 2121
1184 2122
1185 2123
1186 2124
1186 2125
1186 2126
1187 2127
1188 2128
1189 2129
1190 2130
1190 2131
1191 2132
1192 2133
1192 2134
1193 2135
1193 2136
1194 2137
1194 2138
1195 2139
1195 2140
1196 2141
1196 2142
1197 2143
1198 2144
1199 2145
1200 2146
1200 2147
1201 2147
1202 2148
1203 2149
1204 2150
1205 2151
1206 2151
1207 2151
1208 2151
1209 2152
1210 2152
1211 2152
1212 2152
1213 2152
1214 2152
1215 2152
1216 2152
1217 2152
1218 2152
1219 2152
1220 2152
1221 2152
1222 2152
1223 2153
1224 2153
1225 2154
1226 2155
1227 2155
1228 2156
1229 2157
1230 2157
1231 2158
1232 2158
1233 2158
1234 2158
1235 2158
1236 2158
1237 2159
1238 2159
1239 2159
1240 2159
1241 2160
1242 2160
1243 2161
1244 2161
1245 2162
1246 2162
1247 2163
1248 2163
1249 2164
1250 2164
1251 2164
1252 2164
1253 2164
1254 2164
1255 2164
1256 2164
1257 2164
1258 2164
1259 2164
1260 2164
1261 2164
1262 2164
1263 2164
1264 2164
1265 2165
1266 2165
1267 2165
1268 2165
1269 2166
1270 2166
1271 2167
1272 2167
1273 2167
1274 2167
1275 2168
1276 2168
1277 2168
1278 2168
1279 2169
1280 2169
1281 2169
1282 2169
1283 2170
1284 2170
1285 2170
1286 2170
1287 2170
1288 2170
1289 2170
1290 2170
1291 2170
1292 2170
1293 2170
1294 2170
1295 2170
1296 2170
1297 2170
1298 2170
1299 2170
1300 2170
1301 2170
1302 2170
1303 2170
1304 2170
1305 2170
1306 2170
1307 2171
1308 2171
1309 2171
1310 2171
1311 2172
1312 2172
1313 2172
1314 2172
1315 2172
1316 2172
1317 2172
1318 2172
1319 2172
1320 2172
1321 2172
1322 2172
1323 2172
1324 2172
1325 2171
1326 2171
1327 2170
1328 2170
1329 2169
1330 2169
1331 2168
1332 2167
1333 2167
1334 2167
1335 2166
1336 2166
1337 2165
1338 2165
1339 2165
1340 2165
1341 2164
1342 2163
1343 2162
1344 2162
1345 2161
1346 2161
1347 2160
1348 2160
1349 2160
1350 2160
1351 2160
1352 2160
1353 2159
1354 2159
1355 2159
1356 2159
1357 2158
1358 2158
1359 2157
1360 2157
1361 2157
1362 2157
1363 2156
1364 2156
1365 2156
1366 2156
1367 2156
1368 2156
1369 2156
1370 2156
1371 2157
1372 2157
1373 2157
1374 2157
1375 2158
1376 2158
1377 2158
1378 2158
1379 2158
1380 2158
1381 2159
1382 2159
1383 2160
1384 2160
1385 2161
1386 2162
1387 2163
1388 2163
1389 2164
1390 2165
1391 2165
1392 2166
1393 2167
1394 2168
1395 2169
1396 2169
1397 2169
1398 2169
1399 2170
1400 2170
1401 2170
1402 2170
1403 2170
1404 2170
1405 2170
1406 2170
1407 2170
1408 2170
1409 2170
1410 2170
1411 2170
1412 2170
1413 2170
1414 2170
1415 2170
1416 2170
1417 2170
1418 2170
1419 2170
1420 2170
1421 2170
1422 2170
1423 2170
1424 2170
1425 2170
1426 2170
1427 2170
1428 2170
1429 2170
1430 2170
1431 2170
1432 2170
1433 2170
1434 2170
1435 2171
1436 2171
1437 2171
1438 2171
1439 2172
1440 2172
1441 2172
1442 2172
1443 2172
1444 2172
1445 2172
1446 2172
1447 2172
1448 2172
1449 2172
1450 2172
1451 2172
1452 2172
1453 2172
1454 2172
1455 2172
1456 2172
1457 2172
1458 2172
1459 2173
1460 2173
1461 2173
1462 2173
1463 2174
1464 2174
1465 2174
1466 2174
1467 2174
1468 2174
1469 2173
1470 2173
1471 2172
1472 2172
1473 2171
1474 2171
1475 2170
1476 2170
1477 2170
1478 2170
1479 2170
1480 2170
1481 2170
1482 2170
1483 2170
1484 2170
1485 2170
1486 2170
1487 2170
1488 2170
1489 2170
1490 2170
1491 2170
1492 2170
1493 2169
1494 2169
1495 2168
1495 2167
1496 2166
1496 2165
1496 2164
1496 2163
1496 2162
1496 2161
1496 2160
1496 2159
1496 2158
1496 2157
1496 2156
1496 2155
1496 2154
1496 2153
1496 2152
1496 2151
1497 2150
1497 2149
1498 2148
1499 2147
1499 2146
1500 2145
1501 2145
1501 2144
1502 2143
1503 2143
1503 2142
1504 2141
1505 2141
1505 2140
1506 2139
1507 2139
1507 2138
1508 2137
1509 2137
1509 2136
1510 2135
1511 2135
1511 2134
1512 2133
1513 2133
1513 2132
1514 2131
1515 2131
1516 2130
1517 2129
1518 2129
1519 2128
1520 2127
1521 2126
1522 2126
1523 2125
1524 2125
1525 2124
1526 2124
1527 2124
1528 2124
1529 2124
1530 2124
1531 2123
1532 2123
1533 2122
1534 2122
1535 2121
1536 2121
1537 2120
1538 2120
1539 2120
1540 2120
1541 2119
1542 2119
1543 2119
1544 2119
1545 2118
1546 2118
1547 2118
1548 2118
1549 2117
1550 2117
1551 2116
1552 2115
1553 2115
1554 2114
1555 2113
1556 2113
1557 2112
1558 2112
1559 2112
1560 2112
1561 2112
1562 2112
1563 2112
1564 2112
1565 2112
1566 2112
1567 2112
1568 2112
1569 2113
1570 2113
1571 2114
1572 2114
1573 2115
1574 2115
1575 2116
1576 2116
1577 2116
1578 2116
1579 2116
1580 2116
1581 2116
1582 2116
1583 2117
1584 2117
1585 2117
1586 2117
1587 2118
1588 2118
1589 2118
1590 2118
1591 2119
1592 2119
1593 2119
1594 2120
1595 2121
1596 2121
1597 2121
1598 2122
1599 2123
1600 2123
1601 2123
1602 2124
1603 2125
1604 2125
1605 2125
1606 2125
1607 2126
1608 2126
1609 2127
1610 2127
1611 2127
1612 2127
1613 2128
1614 2128
1615 2128
1616 2128
1617 2129
1618 2129
1619 2129
1620 2130
1621 2131
1622 2131
1623 2131
1624 2131
1625 2132
1626 2132
1627 2133
1628 2133
1629 2133
1630 2134
1631 2135
1632 2135
1633 2135
1634 2136
1635 2137
1636 2137
1637 2137
1638 2137
1639 2138
1640 2138
1641 2138
1642 2138
1643 2138
1644 2138
1645 2139
1646 2139
1647 2139
1648 2140
1649 2141
1650 2141
1651 2141
1652 2141
1653 2142
1654 2142
1655 2142
1656 2142
1657 2142
1658 2142
1659 2142
1660 2142
1661 2142
1662 2142
1663 2142
1664 2142
1665 2142
1666 2142
1667 2142
1668 2142
1669 2142
1670 2142
1671 2142
1672 2142
1673 2142
1674 2142
1675 2142
1676 2142
1677 2142
1678 2142
1679 2142
1680 2142
1681 2142
1682 2142
1683 2142
1684 2142
1685 2142
1686 2142
1687 2141
1688 2141
1689 2141
1690 2141
1691 2140
1692 2140
1693 2140
1694 2140
1695 2140
1696 2140
1697 2140
1698 2140
1699 2140
1700 2140
1701 2139
1702 2139
1703 2139
1704 2139
1705 2138
1706 2137
1707 2137
1708 2137
1709 2136
1710 2135
1711 2134
1712 2133
1713 2132
1714 2131
1715 2130
1716 2130
1717 2130
1718 2130
1719 2130
1720 2130
1721 2130
1722 2130
1723 2130
1724 2130
1725 2130
1726 2130
1727 2130
1728 2130
1729 2130
1730 2130
1731 2130
1732 2130
1733 2130
1734 2130
1735 2130
1736 2130
1737 2130
1738 2130
1739 2130
1740 2130
1741 2130
1742 2130
1743 2130
1744 2130
1745 2130
1746 2130
1747 2130
1748 2130
1749 2130
1750 2130
1751 2129
1752 2129
1753 2128
1754 2128
1755 2127
1756 2127
1757 2126
1758 2126
1759 2126
1760 2126
1761 2126
1762 2126
1763 2126
1764 2126
1765 2126
1766 2126
1767 2126
1768 2126
1769 2126
1770 2126
1771 2126
1772 2126
1773 2126
1774 2126
1775 2126
1776 2126
1777 2126
1778 2126
1779 2126
1780 2126
1781 2126
1782 2126
1783 2126
1784 2126
1785 2126
1786 2126
1787 2126
1788 2126
1789 2126
1790 2126
1791 2126
1792 2126
1793 2126
1794 2126
1795 2126
1796 2126
1797 2126
1798 2126
1799 2126
1800 2126
1801 2126
1802 2126
1803 2126
1804 2126
1805 2126
1806 2126
1807 2126
1808 2126
1809 2126
1810 2126
1811 2126
1812 2126
1813 2126
1814 2126
1815 2126
1816 2126
1817 2126
1818 2126
1819 2126
1820 2126
1821 2126
1822 2126
1823 2126
1824 2126
1825 2126
1826 2126
1827 2126
1828 2126
1829 2126
1830 2126
1831 2126
1832 2126
1833 2126
1834 2126
1835 2126
1836 2126
1837 2126
1838 2126
1839 2126
1840 2126
1841 2126
1842 2126
1843 2126
1844 2126
1845 2126
1846 2126
1847 2126
1848 2126
1849 2126
1850 2126
1851 2126
1852 2126
1853 2127
1854 2127
1855 2127
1856 2127
1857 2128
1858 2128
1859 2128
1860 2128
1861 2128
1862 2128
1863 2128
1864 2128
1865 2128
1866 2128
1867 2128
1868 2128
1869 2128
1870 2128
1871 2128
1872 2128
1873 2128
1874 2128
1875 2128
1876 2128
1877 2128
1878 2128
1879 2128
1880 2128
1881 2128
1882 2128
1883 2128
1884 2128
1885 2128
1886 2128
1887 2129
1888 2129
1889 2129
1890 2129
1891 2130
1892 2130
1893 2130
1894 2130
1895 2130
1896 2130
1897 2130
1898 2130
1899 2129
1900 2129
1901 2129
1902 2129
1903 2128
1904 2128
1905 2128
1906 2128
1907 2129
1908 2129
1909 2129
1910 2129
1911 2130
1912 2130
1913 2130
1914 2130
1915 2131
1916 2131
1917 2131
1918 2131
1919 2132
1920 2132
1921 2132
1922 2132
1923 2132
1924 2132
1925 2132
1926 2132
1927 2132
1928 2132
1929 2132
1930 2132
1931 2132
1932 2132
1933 2132
1934 2132
1935 2132
1936 2132
1937 2132
1938 2132
1939 2133
1940 2133
1941 2133
1942 2133
1943 2134
1944 2134
1945 2134
1946 2134
1947 2134
1948 2134
1949 2134
1950 2134
1951 2134
1952 2134
1953 2134
1954 2134
1955 2134
1956 2134
1957 2134
1958 2134
1959 2134
1960 2134
1961 2134
1962 2134
1963 2134
1964 2134
1965 2135
1966 2135
1967 2135
1968 2135
1969 2136
1970 2136
1971 2136
1972 2136
1973 2136
1974 2136
1975 2136
1976 2136
1977 2136
1978 2136
1979 2136
1980 2136
1981 2136
1982 2136
1983 2136
1984 2136
1985 2136
1986 2136
1987 2136
1988 2136
1989 2135
1990 2135
1991 2134
1992 2134
1993 2133
1994 2133
1995 2132
1996 2132
1997 2132
1998 2132
1999 2132
2000 2132
2001 2132
2002 2132
2003 2132
2004 2132
2005 2132
2006 2132
2007 2132
2008 2132
2009 2132
2010 2132
2011 2133
2012 2133
2013 2133
2014 2133
2015 2134
2016 2134
2017 2134
2018 2135
2019 2135
2020 2135
2021 2135
2022 2135
2023 2135
2024 2134
2025 2134
2026 2134
2027 2133
2028 2133
2029 2132
2030 2132
2031 2131
2032 2131
2033 2130
2034 2130
2035 2130
2036 2130
2037 2130
2038 2130
2039 2130
2040 2130
2041 2130
2042 2130
2043 2130
2044 2130
2045 2130
2046 2130
2047 2130
2048 2130
2049 2130
2050 2130
2051 2130
2052 2130
2053 2129
2054 2129
2055 2129
2056 2129
2057 2128
2058 2128
2059 2128
2060 2128
2061 2128
2062 2128
2063 2128
2064 2128
2065 2128
2066 2128
2067 2128
2068 2128
2069 2128
2070 2128
2071 2128
2072 2128
2073 2128
2074 2128
2075 2128
2076 2128
2077 2128
2078 2128
2079 2127
2080 2127
2081 2127
2082 2127
2083 2126
2084 2125
2085 2124
2086 2123
2087 2122
2087 2121
2088 2120
2089 2119
2090 2118
2091 2117
2092 2116
2093 2115
2094 2114
2095 2113
2095 2112
2096 2111
2097 2110
2097 2109
2098 2108
2098 2107
2099 2106
2100 2105
2101 2104
2101 2103
2102 2102
2103 2101
2103 2100
2104 2099
2105 2099
2105 2098
2106 2097
2107 2097
2107 2096
2108 2095
2109 2095
2109 2094
2110 2093
2111 2093
2112 2092
2113 2091
2114 2091
2115 2090
2116 2090
2117 2090
2118 2090
2119 2090
2120 2090
2121 2090
2122 2090
2123 2090
2124 2090
2125 2090
2126 2090
2127 2090
2128 2090
2129 2090
2130 2090
2131 2089
2132 2089
2133 2089
2134 2089
2135 2088
2136 2087
2137 2087
2138 2087
2139 2086
2140 2086
2141 2086
2142 2086
2143 2086
2144 2086
2145 2086
2146 2086
2147 2087
2148 2087
2149 2087
2150 2087
2151 2088
2152 2088
2153 2088
2154 2088
2155 2088
2156 2088
2157 2088
2158 2088
2159 2088
2160 2088
2161 2087
2162 2087
2163 2086
2164 2085
2165 2084
2165 2083
2166 2082
2166 2081
2167 2080
2167 2079
2168 2078
2168 2077
2169 2076
2169 2075
2170 2074
2170 2073
2170 2072
2170 2071
2170 2070
2170 2069
2171 2068
2171 2067
2172 2066
2173 2065
2173 2064
2174 2063
2175 2063
2175 2062
2176 2061
2177 2061
2177 2060
2178 2059
2179 2059
2179 2058
2180 2057
2181 2057
2181 2056
2182 2055
2183 2055
2183 2054
2184 2053
2185 2052
2185 2051
2186 2050
2186 2049
2186 2048
2186 2047
2186 2046
2186 2045
2187 2044
2187 2043
2187 2042
2188 2041
2189 2040
2189 2039
2190 2038
2190 2037
2191 2036
2192 2035
2193 2034
2193 2033
2193 2032
2193 2031
2194 2030
2194 2029
2195 2028
2195 2027
2195 2026
2196 2025
2197 2024
2197 2023
2198 2022
2199 2021
2199 2020
2200 2019
2201 2019
2201 2018
2202 2017
2203 2016
2204 2015
2205 2014
2205 2013
2205 2012
2206 2011
2207 2010
2207 2009
2208 2008
2208 2007
2209 2006
2209 2005
2210 2004
2210 2003
2211 2002
2211 2001
2212 2000
2213 1999
2213 1998
2214 1997
2215 1996
2215 1995
2216 1994
2216 1993
2216 1992
2216 1991
2217 1990
2217 1989
2217 1988
2217 1987
2218 1986
2218 1985
2218 1984
2218 1983
2218 1982
2218 1981
2218 1980
2218 1979
2218 1978
2218 1977
2218 1976
2218 1975
2218 1974
2218 1973
2218 1972
2218 1971
2218 1970
2218 1969
2218 1968
2218 1967
2218 1966
2218 1965
2218 1964
2218 1963
2218 1962
2218 1961
2218 1960
2218 1959
2218 1958
2218 1957
2218 1956
2218 1955
2218 1954
2218 1953
2218 1952
2218 1951
2218 1950
2218 1949
2218 1948
2218 1947
2219 1946
2219 1945
2219 1944
2219 1943
2220 1942
2220 1941
2220 1940
2220 1939
2220 1938
2220 1937
2220 1936
2220 1935
2220 1934
2220 1933
2220 1932
2220 1931
2220 1930
2220 1929
2220 1928
2220 1927
2220 1926
2220 1925
2220 1924
2220 1923
2220 1922
2220 1921
2220 1920
2220 1919
2220 1918
2220 1917
2220 1916
2220 1915
2220 1914
2220 1913
2220 1912
2220 1911
2220 1910
2220 1909
2220 1908
2220 1907
2220 1906
2220 1905
2220 1904
2220 1903
2221 1902
2221 1901
2221 1900
2221 1899
2222 1898
2222 1897
2223 1896
2223 1895
2223 1894
2223 1893
2224 1892
2224 1891
2225 1890
2225 1889
2226 1888
2227 1887
2227 1886
2228 1885
2229 1885
2229 1884
2230 1883
2231 1883
2231 1882
2232 1881
2233 1881
2233 1880
2234 1879
2235 1879
2235 1878
2236 1877
2237 1877
2237 1876
2238 1875
2239 1875
2239 1874
2240 1873
2241 1873
2242 1872
2243 1871
2244 1871
2245 1870
2246 1869
2247 1868
2248 1867
2249 1867
2249 1866
2250 1865
2251 1865
2251 1864
2252 1863
2253 1863
2253 1862
2254 1861
2255 1861
2255 1860
2256 1859
2257 1858
2257 1857
2258 1856
2258 1855
2259 1854
2259 1853
2260 1852
2261 1851
2261 1850
2262 1849
2263 1848
2263 1847
2264 1846
2264 1845
2265 1844
2265 1843
2265 1842
2265 1841
2266 1840
2266 1839
2267 1838
2267 1837
2268 1836
2269 1835
2269 1834
2270 1833
2271 1832
2272 1831
2273 1830
2273 1829
2274 1828
2275 1827
2276 1827
2277 1826
2278 1825
2279 1824
2280 1823
2281 1823
2281 1822
2282 1821
2283 1821
2283 1820
2284 1819
2285 1819
2285 1818
2286 1817
2287 1817
2287 1816
2288 1815
2289 1814
2289 1813
2290 1812
2290 1811
2291 1810
2291 1809
2292 1808
2292 1807
2293 1806
2293 1805
2294 1804
2294 1803
2294 1802
2294 1801
2295 1800
2295 1799
2296 1798
2296 1797
2297 1796
2298 1795
2299 1794
2299 1793
2299 1792
2299 1791
2300 1790
2300 1789
2300 1788
2300 1787
2300 1786
2300 1785
2300 1784
2300 1783
2300 1782
2300 1781
2300 1780
2300 1779
2301 1778
2301 1777
2302 1776
2302 1775
2303 1774
2303 1773
2304 1772
2304 1771
2304 1770
2304 1769
2304 1768
2304 1767
2304 1766
2304 1765
2305 1764
2305 1763
2305 1762
2306 1761
2307 1760
2307 1759
2307 1758
2307 1757
2308 1756
2308 1755
2308 1754
2308 1753
2308 1752
2308 1751
2308 1750
2308 1749
2308 1748
2308 1747
2308 1746
2308 1745
2308 1744
2308 1743
2308 1742
2308 1741
2308 1740
2308 1739
2308 1738
2308 1737
2308 1736
2308 1735
2308 1734
2307 1733
2307 1732
2306 1731
2305 1730
2305 1729
2304 1728
2303 1727
2302 1726
2301 1725
2300 1724
2299 1723
2298 1722
2297 1721
2297 1720
2296 1719
2295 1718
2295 1717
2294 1716
2294 1715
2294 1714
2293 1713
2293 1712
2292 1711
2291 1710
2290 1709
2289 1708
2289 1707
2288 1706
2287 1705
2287 1704
2286 1703
2286 1702
2286 1701
2285 1700
2285 1699
2285 1698
2284 1697
2283 1696
2282 1695
2282 1694
2281 1693
2280 1692
2280 1691
2279 1690
2279 1689
2279 1688
2278 1687
2278 1686
2278 1685
2278 1684
2277 1683
2277 1682
2277 1681
2276 1680
2275 1679
2275 1678
2274 1677
2274 1676
2274 1675
2273 1674
2273 1673
2272 1672
2271 1671
2270 1670
2269 1669
2269 1668
2268 1667
2267 1666
2267 1665
2266 1664
2266 1663
2266 1662
2265 1661
2265 1660
2265 1659
2265 1658
2264 1657
2264 1656
2264 1655
2264 1654
2263 1653
2263 1652
2262 1651
2262 1650
2262 1649
2261 1648
2260 1647
2259 1646
2258 1645
2257 1644
2257 1643
2256 1642
2255 1641
2255 1640
2254 1639
2254 1638
2253 1637
2252 1636
2251 1635
2250 1634
2250 1633
2249 1632
2248 1631
2248 1630
2247 1629
2247 1628
2247 1627
2246 1626
2245 1625
2244 1624
2243 1623
2243 1622
2242 1621
2241 1620
2241 1619
2240 1618
2240 1617
2240 1616
2239 1615
2239 1614
2239 1613
2239 1612
2238 1611
2237 1610
2237 1609
2236 1608
2235 1608
2234 1607
2233 1606
2232 1605
2231 1604
2230 1603
2229 1602
2228 1601
2228 1600
2227 1599
2226 1598
2225 1597
2224 1596
2223 1595
2222 1594
2221 1593
2220 1592
2220 1591
2219 1591
2218 1590
2217 1590
2216 1589
2215 1588
2214 1588
2213 1588
2212 1587
2211 1587
2210 1587
2209 1587
2208 1586
2207 1586
2206 1586
2205 1585
2204 1585
2203 1584
2202 1583
2201 1583
2200 1582
2199 1581
2198 1580
2197 1580
2196 1580
2195 1580
2194 1579
2193 1579
2192 1579
2191 1579
2190 1579
2189 1579
2188 1579
2187 1579
2186 1579
2185 1579
2184 1578
2183 1578
2182 1578
2181 1578
2180 1577
2179 1577
2178 1577
2177 1577
2176 1577
2175 1577
2174 1577
2173 1577
2172 1577
2171 1577
2170 1576
2169 1576
2168 1576
2167 1576
2166 1575
2165 1575
2164 1575
2163 1575
2162 1575
2161 1575
2160 1575
2159 1575
2158 1575
2157 1575
2156 1574
2155 1574
2154 1574
2153 1574
2152 1575
2151 1575
2150 1575
2149 1575
2148 1575
2147 1575
2146 1575
2145 1575
2144 1575
2143 1575
2142 1574
2141 1574
2140 1574
2139 1574
2138 1575
2137 1575
2136 1575
2135 1575
2134 1575
2133 1575
2132 1575
2131 1575
2130 1575
2129 1575
2128 1574
2127 1574
2126 1574
2125 1574
2124 1575
2123 1575
2122 1575
2121 1575
2120 1575
2119 1575
2118 1575
2117 1575
2116 1575
2115 1575
2114 1574
2113 1574
2112 1574
2111 1574
2110 1575
2109 1575
2108 1575
2107 1575
2106 1575
2105 1575
2104 1575
2103 1575
2102 1575
2101 1575
2100 1574
2099 1574
2098 1574
2097 1574
2096 1575
2095 1575
2094 1575
2093 1575
2092 1575
2091 1575
2090 1575
2089 1575
2088 1575
2087 1575
2086 1574
2085 1574
2084 1574
2083 1574
2082 1575
2081 1575
2080 1575
2079 1575
2078 1575
2077 1575
2076 1575
2075 1575
2074 1575
2073 1575
2072 1574
2071 1574
2070 1574
2069 1574
2068 1575
2067 1575
2066 1575
2065 1575
2064 1575
2063 1575
2062 1575
2061 1575
2060 1575
2059 1575
2058 1574
2057 1574
2056 1574
2055 1574
2054 1573
2053 1573
2052 1573
2051 1573
2050 1573
2049 1573
2048 1573
2047 1573
2046 1573
2045 1573
2044 1572
2043 1572
2042 1572
2041 1572
2040 1573
2039 1573
2038 1573
2037 1573
2036 1573
2035 1573
2034 1573
2033 1573
2032 1573
2031 1573
2030 1572
2029 1572
2028 1572
2027 1572
2026 1573
2025 1573
2024 1573
2023 1573
2022 1573
2021 1573
2020 1573
2019 1573
2018 1573
2017 1573
2016 1572
2015 1572
2014 1572
2013 1572
2012 1573
2011 1573
2010 1573
2009 1573
2008 1573
2007 1573
2006 1573
2005 1573
2004 1573
2003 1573
2002 1572
2001 1572
2000 1572
1999 1572
1998 1573
1997 1573
1996 1573
1995 1573
1994 1573
1993 1573
1992 1573
1991 1573
1990 1573
1989 1573
1988 1572
1987 1572
1986 1572
1985 1572
1984 1573
1983 1573
1982 1573
1981 1573
1980 1573
1979 1573
1978 1573
1977 1573
1976 1573
1975 1573
1974 1572
1973 1572
1972 1572
1971 1572
1970 1573
1969 1573
1968 1573
1967 1573
1966 1573
1965 1573
1964 1573
1963 1573
1962 1573
1961 1573
1960 1572
1959 1572
1958 1572
1957 1572
