227 790
226 791
225 791
224 791
223 791
222 792
221 792
220 793
219 794
218 795
218 796
218 797
218 798
218 799
218 800
218 801
218 802
218 803
218 804
218 805
219 806
219 807
219 808
220 809
221 810
222 811
223 812
224 813
225 814
226 815
227 816
228 817
229 818
230 819
231 820
232 821
233 822
234 823
235 823
236 823
237 824
238 825
239 825
240 826
241 826
242 827
243 828
244 828
245 828
246 828
247 828
248 828
249 828
250 829
251 829
252 829
253 830
254 830
255 830
256 831
257 831
258 832
259 833
260 833
261 833
262 833
263 834
264 834
265 834
266 835
267 835
268 835
269 835
270 835
271 835
272 835
273 835
274 835
275 835
276 835
277 835
278 835
279 835
280 835
281 835
282 835
283 835
284 835
285 835
286 835
287 834
288 834
289 834
290 833
291 833
292 832
293 832
294 832
295 832
296 831
297 831
298 830
299 830
300 830
301 830
302 829
303 829
304 828
305 827
306 826
307 825
308 824
309 823
310 822
311 821
312 820
313 819
313 818
314 817
314 816
314 815
315 814
316 813
316 812
316 811
316 810
316 809
317 808
317 807
317 806
317 805
316 804
315 803
314 802
314 801
313 800
313 799
313 798
312 797
312 796
311 795
310 794
310 793
309 792
308 792
307 791
306 791
305 791
304 791
303 792
302 792
301 792
300 792
299 793
298 793
297 793
296 793
295 793
294 793
293 794
292 794
291 794
290 795
289 795
288 794
287 794
286 794
285 793
284 793
283 793
282 793
281 793
280 793
279 793
278 793
277 792
276 792
275 792
274 792
273 792
272 792
271 792
270 792
269 792
268 792
267 792
266 792
265 792
264 792
263 792
262 792
261 792
260 792
259 792
258 793
257 793
256 793
255 793
254 793
253 793
252 793
251 793
250 792
249 792
248 792
247 792
246 792
245 792
244 792
243 792
242 792
241 792
240 792
239 792
238 792
237 792
236 792
235 792
234 792
233 791
232 791
231 791
230 790
229 790
228 790
227 790
