459 835
458 836
457 837
456 837
455 837
454 837
453 837
452 837
451 838
450 838
449 838
448 839
447 839
446 839
445 839
444 839
443 839
442 840
441 840
440 840
439 840
438 840
437 840
436 841
435 841
434 841
433 841
432 841
431 841
430 841
429 841
428 842
427 842
426 842
425 842
424 842
423 842
422 843
421 843
420 843
419 844
418 845
417 846
416 846
415 847
414 848
413 848
413 849
413 850
413 851
414 852
415 853
416 854
417 855
418 855
419 856
420 856
421 856
422 856
423 856
424 856
425 856
426 856
427 856
428 856
429 856
430 856
431 856
432 856
433 856
434 856
435 856
436 856
437 856
438 856
439 855
440 855
441 855
442 855
443 855
444 855
445 855
446 855
447 855
448 855
449 855
450 855
451 855
452 855
453 855
454 855
455 855
456 855
457 855
458 855
459 855
460 855
461 855
462 855
463 855
464 856
465 856
466 856
467 856
468 856
469 856
470 856
471 856
472 856
473 856
474 856
475 856
476 856
477 856
478 856
479 856
480 856
481 856
482 856
483 855
484 855
485 855
486 855
487 855
488 855
489 855
490 855
491 854
492 854
493 853
494 853
495 853
496 853
497 853
498 853
499 852
500 852
501 852
502 852
503 852
504 851
505 851
506 850
507 850
508 849
509 849
510 848
510 847
509 846
509 845
508 844
507 843
506 842
505 842
504 841
503 840
503 839
502 838
501 838
500 837
499 837
498 837
497 837
496 837
495 838
494 838
493 838
492 838
491 838
490 838
489 838
488 837
487 837
486 837
485 836
484 836
483 835
482 835
481 835
480 835
479 835
478 835
477 835
476 835
475 835
474 835
473 835
472 835
471 835
470 835
469 835
468 835
467 835
466 835
465 835
464 835
463 835
462 835
461 835
460 835
459 835
