280 187
279 188
278 188
277 188
276 188
275 188
274 189
273 189
272 190
271 190
270 190
269 191
268 191
267 191
266 192
265 192
264 192
263 192
262 193
261 193
260 193
259 193
258 193
257 194
256 194
255 194
254 195
253 195
252 195
251 196
250 196
249 196
248 196
247 196
246 196
245 196
244 196
243 196
242 196
241 197
240 197
239 197
238 197
237 197
236 197
235 197
234 198
233 198
232 198
231 198
230 198
229 198
228 198
227 198
226 198
225 198
224 199
223 199
222 199
221 199
220 199
219 198
218 198
217 198
216 198
215 199
214 199
213 199
212 199
211 199
210 199
209 199
208 199
207 199
206 199
205 199
204 199
203 199
202 199
201 200
200 200
199 200
198 201
197 201
196 201
195 201
194 201
193 201
192 201
191 201
190 201
189 201
188 201
187 201
186 201
185 201
184 201
183 201
182 201
181 201
180 201
179 201
178 201
177 201
176 201
175 201
174 201
173 201
172 201
171 201
170 201
169 201
168 201
167 201
166 201
165 201
164 201
163 201
162 201
161 201
160 201
159 201
158 201
157 201
156 201
155 201
154 201
153 201
152 201
151 201
150 201
149 201
148 201
147 201
146 201
145 201
144 201
143 201
142 201
141 201
140 201
139 201
138 201
137 201
136 201
135 201
134 202
133 201
132 201
131 201
130 201
129 201
128 201
127 201
126 201
125 201
124 201
123 201
122 201
121 201
120 201
119 201
118 201
117 201
116 201
115 201
114 201
113 201
112 201
111 201
110 201
109 201
108 201
107 202
106 202
105 202
104 202
103 202
102 203
101 203
100 203
99 203
98 203
97 203
96 203
95 204
94 204
93 204
92 204
91 204
90 204
89 204
88 204
87 205
86 204
85 205
84 205
83 204
82 204
81 205
80 205
79 205
78 206
77 206
76 206
75 206
74 206
73 206
72 206
71 206
70 206
69 206
68 206
67 206
66 206
65 206
64 206
63 206
62 207
61 208
60 209
60 210
60 211
60 212
60 213
61 214
62 215
62 216
63 217
64 218
65 219
66 220
67 221
68 222
69 223
70 224
71 225
72 226
73 227
74 228
75 229
76 230
77 231
78 232
79 233
80 233
81 234
82 234
83 235
84 235
85 235
86 236
87 236
88 236
89 236
90 236
91 236
92 236
93 236
94 236
95 236
96 236
97 236
98 236
99 236
100 236
101 236
102 236
103 237
104 237
105 237
106 237
107 238
108 238
109 239
110 239
111 240
112 241
113 242
114 243
115 244
116 244
117 245
118 245
119 245
120 246
121 246
122 246
123 246
124 246
125 247
126 247
127 247
128 247
129 247
130 247
131 247
132 247
133 247
134 247
135 248
136 248
137 248
138 249
139 249
140 249
141 250
142 250
143 250
144 251
145 251
146 251
147 252
148 252
149 253
150 254
151 254
152 254
153 255
154 256
155 256
156 257
157 258
158 258
159 259
160 259
161 260
162 260
163 260
164 261
165 262
166 263
167 263
168 264
169 264
170 264
171 264
172 264
173 264
174 264
175 264
176 264
177 264
178 265
179 265
180 265
181 265
182 265
183 265
184 265
185 266
186 266
187 266
188 267
189 267
190 267
191 267
192 267
193 267
194 267
195 267
196 267
197 267
198 267
199 267
200 267
201 267
202 268
203 268
204 268
205 268
206 268
207 268
208 268
209 268
210 268
211 269
212 269
213 269
214 269
215 269
216 270
217 270
218 270
219 270
220 270
221 270
222 270
223 270
224 269
225 269
226 269
227 269
228 269
229 269
230 269
231 269
232 269
233 269
234 269
235 270
236 270
237 270
238 270
239 270
240 271
241 271
242 272
243 272
244 273
245 273
246 273
247 273
248 274
249 275
250 275
251 275
252 275
253 276
254 276
255 276
256 277
257 277
258 277
259 277
260 277
261 277
262 277
263 277
264 277
265 278
266 278
267 279
268 279
269 279
270 280
271 280
272 280
273 280
274 280
275 280
276 280
277 281
278 281
279 281
280 282
281 281
282 281
283 282
284 282
285 282
286 283
287 283
288 283
289 283
290 284
291 284
292 284
293 284
294 285
295 285
296 285
297 286
298 286
299 287
300 287
301 288
302 288
303 288
304 288
305 288
306 288
307 288
308 288
309 288
310 288
311 289
312 289
313 289
314 289
315 289
316 289
317 289
318 289
319 289
320 289
321 289
322 290
323 291
324 291
325 291
326 291
327 291
328 291
329 291
330 291
331 291
332 290
333 290
334 290
335 289
336 289
337 289
338 289
339 289
340 288
341 288
342 287
343 287
344 287
345 286
346 285
347 285
348 284
349 283
350 283
351 282
352 282
353 281
354 280
355 280
356 280
357 279
358 278
359 277
360 276
361 275
362 275
363 274
364 273
364 272
364 271
365 270
365 269
365 268
365 267
365 266
365 265
365 264
365 263
365 262
365 261
365 260
365 259
365 258
365 257
365 256
365 255
365 254
365 253
365 252
365 251
365 250
364 249
364 248
364 247
364 246
364 245
364 244
365 243
365 242
365 241
365 240
365 239
365 238
365 237
365 236
366 235
366 234
366 233
366 232
366 231
366 230
366 229
366 228
366 227
366 226
366 225
366 224
366 223
366 222
365 221
365 220
364 219
364 218
363 217
363 216
362 215
361 214
360 213
359 212
358 211
357 210
356 209
355 209
354 208
353 208
352 207
351 207
350 206
349 206
348 206
347 205
346 205
345 205
344 204
343 204
342 204
341 204
340 203
339 203
338 202
337 202
336 202
335 202
334 201
333 201
332 201
331 200
330 200
329 199
328 199
327 199
326 199
325 198
324 198
323 197
322 196
321 196
320 195
319 195
318 195
317 194
316 194
315 194
314 193
313 193
312 193
311 193
310 193
309 193
308 193
307 192
306 192
305 192
304 192
303 192
302 192
301 192
300 192
299 192
298 192
297 192
296 192
295 191
294 191
293 190
292 189
291 189
290 189
289 188
288 188
287 188
286 188
285 187
284 187
283 187
282 187
281 187
280 187
