178 2079
177 2080
176 2080
175 2080
174 2080
173 2081
172 2081
171 2081
170 2082
169 2082
168 2082
167 2082
166 2083
165 2083
164 2082
163 2082
162 2082
161 2083
160 2083
159 2083
158 2083
157 2083
156 2083
155 2083
154 2083
153 2083
152 2082
151 2082
150 2083
149 2082
148 2083
147 2083
146 2083
145 2083
144 2083
143 2083
142 2083
141 2083
140 2083
139 2083
138 2083
137 2084
136 2084
135 2084
134 2085
133 2085
132 2085
131 2085
130 2086
129 2087
129 2088
129 2089
129 2090
129 2091
130 2092
131 2092
132 2093
133 2094
134 2094
135 2094
136 2095
137 2095
138 2095
139 2095
140 2096
141 2096
142 2096
143 2097
144 2097
145 2097
146 2097
147 2097
148 2097
149 2097
150 2097
151 2097
152 2097
153 2097
154 2097
155 2098
156 2098
157 2098
158 2098
159 2098
160 2099
161 2099
162 2100
163 2100
164 2101
165 2101
166 2101
167 2102
168 2102
169 2103
170 2103
171 2103
172 2103
173 2103
174 2103
175 2104
176 2104
177 2105
178 2105
179 2106
180 2106
181 2106
182 2107
183 2107
184 2108
185 2108
186 2108
187 2108
188 2108
189 2108
190 2108
191 2108
192 2108
193 2108
194 2108
195 2108
196 2108
197 2108
198 2107
199 2107
200 2106
201 2105
202 2104
203 2103
204 2102
205 2101
206 2100
206 2099
207 2098
207 2097
208 2096
208 2095
208 2094
208 2093
207 2092
207 2091
207 2090
206 2089
206 2088
206 2087
206 2086
205 2085
204 2085
203 2085
202 2085
201 2084
200 2084
199 2083
198 2083
197 2083
196 2082
195 2082
194 2082
193 2082
192 2082
191 2081
190 2081
189 2081
188 2080
187 2080
186 2080
185 2079
184 2079
183 2079
182 2079
181 2079
180 2079
179 2079
178 2079
