4519 1439
4518 1440
4517 1440
4516 1440
4515 1440
4514 1441
4513 1441
4512 1441
4511 1441
4510 1442
4509 1442
4508 1442
4507 1442
4506 1443
4505 1443
4504 1444
4503 1444
4502 1444
4501 1444
4500 1445
4499 1445
4498 1446
4497 1446
4496 1446
4495 1446
4494 1447
4493 1447
4492 1448
4491 1448
4490 1448
4489 1448
4488 1449
4487 1449
4486 1449
4485 1449
4484 1449
4483 1449
4482 1449
4481 1449
4480 1449
4479 1449
4478 1449
4477 1449
4476 1449
4475 1449
4474 1449
4473 1449
4472 1449
4471 1449
4470 1449
4469 1449
4468 1449
4467 1449
4466 1449
4465 1449
4464 1449
4463 1449
4462 1449
4461 1449
4460 1449
4459 1449
4458 1449
4457 1449
4456 1449
4455 1449
4454 1449
4453 1449
4452 1449
4451 1449
4450 1449
4449 1449
4448 1450
4447 1450
4446 1450
4445 1450
4444 1451
4443 1451
4442 1452
4441 1452
4440 1452
4439 1452
4438 1453
4437 1453
4436 1453
4435 1453
4434 1454
4433 1454
4432 1454
4431 1454
4430 1455
4429 1455
4428 1456
4427 1456
4426 1456
4425 1456
4424 1457
4423 1458
4422 1458
4421 1458
4420 1459
4419 1459
4418 1460
4417 1460
4416 1460
4415 1460
4414 1461
4413 1462
4412 1462
4411 1462
4410 1463
4409 1464
4408 1464
4407 1464
4406 1465
4405 1465
4404 1466
4403 1466
4402 1466
4401 1466
4400 1467
4399 1467
4398 1468
4397 1468
4396 1468
4395 1468
4394 1469
4393 1469
4392 1469
4391 1469
4390 1469
4389 1469
4388 1470
4387 1470
4386 1470
4385 1470
4384 1471
4383 1471
4382 1471
4381 1471
4380 1472
4379 1472
4378 1472
4377 1472
4376 1473
4375 1473
4374 1473
4373 1473
4372 1473
4371 1473
4370 1474
4369 1474
4368 1474
4367 1474
4366 1475
4365 1475
4364 1475
4363 1475
4362 1476
4361 1476
4360 1476
4359 1476
4358 1477
4357 1477
4356 1477
4355 1477
4354 1478
4353 1478
4352 1478
4351 1478
4350 1479
4349 1479
4348 1480
4347 1480
4346 1480
4345 1480
4344 1481
4343 1482
4342 1482
4341 1482
4340 1483
4339 1484
4338 1484
4337 1484
4336 1485
4335 1485
4334 1486
4333 1486
4332 1486
4331 1486
4330 1487
4329 1487
4328 1488
4327 1488
4326 1488
4325 1488
4324 1489
4323 1489
4322 1490
4321 1490
4320 1490
4319 1490
4318 1491
4317 1492
4316 1492
4315 1492
4314 1493
4313 1493
4312 1493
4311 1493
4310 1494
4309 1494
4308 1494
4307 1494
4306 1495
4305 1495
4304 1496
4303 1496
4302 1496
4301 1496
4300 1497
4299 1498
4298 1498
4297 1498
4296 1499
4295 1500
4294 1500
4293 1500
4292 1501
4291 1502
4290 1502
4289 1502
4288 1503
4287 1503
4286 1504
4285 1504
4284 1504
4283 1504
4282 1505
4281 1505
4280 1506
4279 1506
4278 1506
4277 1506
4276 1507
4275 1508
4274 1508
4273 1508
4272 1509
4271 1509
4270 1509
4269 1509
4268 1509
4267 1509
4266 1509
4265 1509
4264 1509
4263 1509
4262 1509
4261 1509
4260 1510
4259 1510
4258 1510
4257 1510
4256 1511
4255 1511
4254 1511
4253 1511
4252 1511
4251 1511
4250 1511
4249 1511
4248 1512
4247 1512
4246 1512
4245 1512
4244 1513
4243 1513
4242 1514
4241 1514
4240 1514
4239 1514
4238 1515
4237 1515
4236 1515
4235 1515
4234 1515
4233 1515
4232 1515
4231 1515
4230 1515
4229 1515
4228 1515
4227 1515
4226 1515
4225 1515
4224 1516
4223 1516
4222 1516
4221 1516
4220 1517
4219 1517
4218 1518
4217 1518
4216 1518
4215 1518
4214 1519
4213 1519
4212 1519
4211 1519
4210 1519
4209 1519
4208 1520
4207 1520
4206 1520
4205 1520
4204 1521
4203 1522
4202 1522
4201 1522
4200 1523
4199 1523
4198 1523
4197 1523
4196 1523
4195 1523
4194 1523
4193 1523
4192 1524
4191 1524
4190 1524
4189 1524
4188 1525
4187 1526
4186 1526
4185 1526
4184 1527
4183 1527
4182 1528
4181 1528
4180 1528
4179 1528
4178 1529
4177 1530
4176 1530
4175 1530
4174 1531
4173 1531
4172 1531
4171 1531
4170 1531
4169 1531
4168 1531
4167 1531
4166 1532
4165 1532
4164 1532
4163 1532
4162 1533
4161 1533
4160 1533
4159 1533
4158 1533
4157 1533
4156 1533
4155 1533
4154 1533
4153 1533
4152 1533
4151 1533
4150 1533
4149 1533
4148 1534
4147 1534
4146 1534
4145 1534
4144 1535
4143 1535
4142 1535
4141 1535
4140 1535
4139 1535
4138 1535
4137 1535
4136 1535
4135 1535
4134 1536
4133 1536
4132 1536
4131 1536
4130 1537
4129 1537
4128 1538
4127 1538
4126 1538
4125 1538
4124 1539
4123 1539
4122 1540
4121 1540
4120 1540
4119 1540
4118 1541
4117 1541
4116 1541
4115 1541
4114 1542
4113 1542
4112 1542
4111 1542
4110 1543
4109 1543
4108 1543
4107 1543
4106 1543
4105 1543
4104 1544
4103 1544
4102 1544
4101 1544
4100 1545
4099 1545
4098 1546
4097 1546
4096 1546
4095 1546
4094 1547
4093 1547
4092 1548
4091 1548
4090 1548
4089 1548
4088 1549
4087 1549
4086 1550
4085 1550
4084 1550
4083 1550
4082 1551
4081 1551
4080 1551
4079 1551
4078 1551
4077 1551
4076 1551
4075 1551
4074 1551
4073 1551
4072 1551
4071 1551
4070 1551
4069 1551
4068 1551
4067 1551
4066 1551
4065 1551
4064 1551
4063 1551
4062 1551
4061 1551
4060 1551
4059 1551
4058 1551
4057 1551
4056 1551
4055 1551
4054 1551
4053 1551
4052 1551
4051 1551
4050 1551
4049 1551
4048 1551
4047 1551
4046 1551
4045 1551
4044 1551
4043 1551
4042 1551
4041 1551
4040 1551
4039 1551
4038 1551
4037 1551
4036 1552
4035 1552
4034 1552
4033 1552
4032 1553
4031 1553
4030 1553
4029 1553
4028 1553
4027 1553
4026 1554
4025 1554
4024 1554
4023 1554
4022 1555
4021 1555
4020 1556
4019 1556
4018 1556
4017 1556
4016 1557
4015 1558
4014 1558
4013 1558
4012 1559
4011 1560
4010 1561
4009 1562
4008 1562
4007 1563
4006 1564
4005 1564
4004 1565
4003 1566
4002 1567
4001 1568
4000 1568
3999 1569
3998 1570
3997 1570
3996 1571
3995 1572
3994 1573
3993 1574
3992 1574
3991 1575
3990 1576
3989 1576
3988 1577
3987 1578
3986 1579
3985 1580
3984 1580
3983 1581
3982 1582
3981 1582
3980 1583
3979 1584
3978 1584
3977 1584
3976 1585
3975 1586
3974 1587
3973 1587
3972 1588
3971 1588
3970 1589
3969 1590
3968 1591
3967 1591
3966 1592
3965 1592
3964 1593
3963 1594
3962 1594
3961 1594
3960 1595
3959 1596
3958 1596
3957 1596
3956 1597
3955 1597
3954 1598
3953 1598
3952 1598
3951 1598
3950 1599
3949 1599
3948 1600
3947 1600
3946 1600
3945 1600
3944 1601
3943 1601
3942 1601
3941 1601
3940 1601
3939 1601
3938 1601
3937 1601
3936 1601
3935 1601
3934 1601
3933 1601
3932 1602
3931 1602
3930 1602
3929 1602
3928 1603
3927 1603
3926 1604
3925 1604
3924 1604
3923 1604
3922 1605
3921 1605
3920 1605
3919 1605
3918 1605
3917 1605
3916 1605
3915 1605
3914 1606
3913 1606
3912 1606
3911 1606
3910 1607
3909 1607
3908 1607
3907 1607
3906 1607
3905 1607
3904 1607
3903 1607
3902 1607
3901 1607
3900 1607
3899 1607
3898 1607
3897 1607
3896 1608
3895 1608
3894 1608
3893 1608
3892 1609
3891 1609
3890 1609
3889 1609
3888 1609
3887 1609
3886 1610
3885 1610
3884 1610
3883 1610
3882 1611
3881 1611
3880 1611
3879 1611
3878 1612
3877 1612
3876 1612
3875 1612
3874 1613
3873 1613
3872 1613
3871 1613
3870 1613
3869 1613
3868 1613
3867 1613
3866 1614
3865 1614
3864 1614
3863 1614
3862 1615
3861 1615
3860 1615
3859 1615
3858 1615
3857 1615
3856 1615
3855 1615
3854 1615
3853 1615
3852 1615
3851 1615
3850 1615
3849 1615
3848 1615
3847 1615
3846 1615
3845 1615
3844 1615
3843 1615
3842 1615
3841 1615
3840 1615
3839 1615
3838 1615
3837 1615
3836 1615
3835 1615
3834 1615
3833 1615
3832 1615
3831 1615
3830 1615
3829 1615
3828 1615
3827 1615
3826 1615
3825 1615
3824 1615
3823 1615
3822 1616
3821 1616
3820 1616
3819 1616
3818 1617
3817 1617
3816 1618
3815 1618
3814 1618
3813 1618
3812 1619
3811 1620
3810 1620
3809 1620
3808 1621
3807 1621
3806 1621
3805 1621
3804 1622
3803 1622
3802 1622
3801 1622
3800 1623
3799 1623
3798 1624
3797 1624
3796 1624
3795 1624
3794 1625
3793 1625
3792 1626
3791 1626
3790 1626
3789 1626
3788 1627
3787 1628
3786 1628
3785 1628
3784 1629
3783 1629
3782 1629
3781 1629
3780 1630
3779 1630
3778 1630
3777 1630
3776 1631
3775 1632
3774 1632
3773 1632
3772 1633
3771 1633
3770 1633
3769 1633
3768 1634
3767 1634
3766 1634
3765 1634
3764 1635
3763 1635
3762 1636
3761 1636
3760 1636
3759 1636
3758 1637
3757 1637
3756 1637
3755 1637
3754 1638
3753 1638
3752 1638
3751 1638
3750 1639
3749 1639
3748 1639
3747 1639
3746 1639
3745 1639
3744 1639
3743 1639
3742 1639
3741 1639
3740 1639
3739 1639
3738 1639
3737 1639
3736 1640
3735 1640
3734 1640
3733 1640
3732 1641
3731 1641
3730 1641
3729 1641
3728 1642
3727 1642
3726 1642
3725 1642
3724 1643
3723 1643
3722 1643
3721 1643
3720 1644
3719 1644
3718 1644
3717 1644
3716 1645
3715 1645
3714 1646
3713 1646
3712 1646
3711 1646
3710 1647
3709 1647
3708 1648
3707 1648
3706 1648
3705 1648
3704 1649
3703 1649
3702 1649
3701 1649
3700 1649
3699 1649
3698 1649
3697 1649
3696 1650
3695 1650
3694 1650
3693 1650
3692 1651
3691 1651
3690 1652
3689 1652
3688 1652
3687 1652
3686 1653
3685 1653
3684 1653
3683 1653
3682 1653
3681 1653
3680 1653
3679 1653
3678 1653
3677 1653
3676 1653
3675 1653
3674 1653
3673 1653
3672 1653
3671 1653
3670 1653
3669 1653
3668 1653
3667 1653
3666 1654
3665 1654
3664 1654
3663 1654
3662 1655
3661 1656
3660 1656
3659 1656
3658 1657
3657 1658
3656 1658
3655 1658
3654 1659
3653 1660
3652 1660
3651 1660
3650 1661
3649 1661
3648 1662
3647 1662
3646 1662
3645 1662
3644 1663
3643 1664
3642 1664
3641 1664
3640 1665
3639 1665
3638 1665
3637 1665
3636 1665
3635 1665
3634 1665
3633 1665
3632 1666
3631 1666
3630 1666
3629 1666
3628 1667
3627 1667
3626 1667
3625 1667
3624 1667
3623 1667
3622 1667
3621 1667
3620 1668
3619 1668
3618 1668
3617 1668
3616 1669
3615 1669
3614 1669
3613 1669
3612 1669
3611 1669
3610 1669
3609 1669
3608 1669
3607 1669
3606 1669
3605 1669
3604 1669
3603 1669
3602 1669
3601 1669
3600 1669
3599 1669
3598 1669
3597 1669
3596 1670
3595 1670
3594 1670
3593 1670
3592 1671
3591 1671
3590 1672
3589 1672
3588 1672
3587 1672
3586 1673
3585 1674
3584 1674
3583 1674
3582 1675
3581 1675
3580 1676
3579 1676
3578 1676
3577 1676
3576 1677
3575 1678
3574 1678
3573 1678
3572 1679
3571 1679
3570 1680
3569 1680
3568 1680
3567 1680
3566 1681
3565 1681
3564 1682
3563 1682
3562 1682
3561 1682
3560 1683
3559 1684
3558 1684
3557 1684
3556 1685
3555 1685
3554 1686
3553 1686
3552 1686
3551 1686
3550 1687
3549 1688
3548 1688
3547 1688
3546 1689
3545 1690
3544 1691
3543 1691
3542 1692
3541 1692
3540 1693
3539 1694
3538 1694
3537 1694
3536 1695
3535 1696
3534 1696
3533 1696
3532 1697
3531 1698
3530 1698
3529 1698
3528 1699
3527 1700
3526 1700
3525 1700
3524 1701
3523 1702
3522 1702
3521 1702
3520 1703
3519 1703
3518 1704
3517 1704
3516 1704
3515 1704
3514 1705
3513 1706
3512 1706
3511 1706
3510 1707
3509 1708
3508 1708
3507 1708
3506 1709
3505 1710
3504 1710
3503 1710
3502 1711
3501 1712
3500 1712
3499 1712
3498 1713
3497 1714
3496 1714
3495 1714
3494 1715
3493 1716
3492 1716
3491 1716
3490 1717
3489 1718
3488 1719
3487 1719
3486 1720
3485 1720
3484 1721
3483 1722
3482 1722
3481 1722
3480 1723
3479 1724
3478 1725
3477 1725
3476 1726
3475 1726
3474 1727
3473 1728
3472 1728
3471 1728
3470 1729
3469 1730
3468 1730
3467 1730
3466 1731
3465 1732
3464 1732
3463 1732
3462 1733
3461 1734
3460 1734
3459 1734
3458 1735
3457 1736
3456 1737
3455 1737
3454 1738
3453 1738
3452 1739
3451 1740
3450 1740
3449 1740
3448 1741
3447 1742
3446 1742
3445 1742
3444 1743
3443 1744
3442 1745
3441 1745
3440 1746
3439 1746
3438 1747
3437 1748
3436 1748
3435 1748
3434 1749
3433 1750
3432 1750
3431 1750
3430 1751
3429 1752
3428 1752
3427 1752
3426 1753
3425 1754
3424 1755
3423 1755
3422 1756
3421 1756
3420 1757
3419 1758
3418 1758
3417 1758
3416 1759
3415 1760
3414 1760
3413 1760
3412 1761
3411 1762
3410 1763
3409 1763
3408 1764
3407 1764
3406 1765
3405 1766
3404 1767
3403 1767
3402 1768
3401 1768
3400 1769
3399 1770
3398 1771
3397 1771
3396 1772
3395 1772
3394 1773
3393 1774
3392 1775
3391 1775
3390 1776
3389 1776
3388 1777
3387 1778
3386 1778
3385 1778
3384 1779
3383 1780
3382 1780
3381 1780
3380 1781
3379 1782
3378 1782
3377 1782
3376 1783
3375 1784
3374 1784
3373 1784
3372 1785
3371 1785
3370 1786
3369 1786
3368 1786
3367 1786
3366 1787
3365 1788
3364 1788
3363 1788
3362 1789
3361 1790
3360 1790
3359 1790
3358 1791
3357 1792
3356 1792
3355 1792
3354 1793
3353 1794
3352 1794
3351 1794
3350 1795
3349 1795
3348 1795
3347 1795
3346 1796
3345 1796
3344 1796
3343 1796
3342 1797
3341 1798
3340 1798
3339 1798
3338 1799
3337 1799
3336 1800
3335 1800
3334 1800
3333 1800
3332 1801
3331 1801
3330 1802
3329 1802
3328 1802
3327 1802
3326 1803
3325 1803
3324 1803
3323 1803
3322 1803
3321 1803
3320 1804
3319 1804
3318 1804
3317 1804
3316 1805
3315 1805
3314 1806
3313 1806
3312 1806
3311 1806
3310 1807
3309 1807
3308 1807
3307 1807
3306 1807
3305 1807
3304 1808
3303 1808
3302 1808
3301 1808
3300 1809
3299 1809
3298 1810
3297 1810
3296 1810
3295 1810
3294 1811
3293 1811
3292 1811
3291 1811
3290 1812
3289 1812
3288 1812
3287 1812
3286 1813
3285 1813
3284 1813
3283 1813
3282 1814
3281 1814
3280 1814
3279 1814
3278 1815
3277 1815
3276 1816
3275 1816
3274 1816
3273 1816
3272 1817
3271 1817
3270 1818
3269 1818
3268 1818
3267 1818
3266 1819
3265 1819
3264 1819
3263 1819
3262 1820
3261 1820
3260 1820
3259 1820
3258 1821
3257 1822
3256 1822
3255 1822
3254 1823
3253 1823
3252 1823
3251 1823
3250 1824
3249 1824
3248 1824
3247 1824
3246 1825
3245 1826
3244 1826
3243 1826
3242 1827
3241 1827
3240 1828
3239 1828
3238 1828
3237 1828
3236 1829
3235 1829
3234 1830
3233 1830
3232 1830
3231 1830
3230 1831
3229 1831
3228 1831
3227 1831
3226 1832
3225 1832
3224 1832
3223 1832
3222 1833
3221 1834
3220 1834
3219 1834
3218 1835
3217 1835
3216 1835
3215 1835
3214 1836
3213 1836
3212 1836
3211 1836
3210 1837
3209 1837
3208 1838
3207 1838
3206 1838
3205 1838
3204 1839
3203 1839
3202 1839
3201 1839
3200 1840
3199 1840
3198 1840
3197 1840
3196 1841
3195 1841
3194 1842
3193 1842
3192 1842
3191 1842
3190 1843
3189 1843
3188 1844
3187 1844
3186 1844
3185 1844
3184 1845
3183 1845
3182 1846
3181 1846
3180 1846
3179 1846
3178 1847
3177 1847
3176 1848
3175 1848
3174 1848
3173 1848
3172 1849
3171 1849
3170 1850
3169 1850
3168 1850
3167 1850
3166 1851
3165 1851
3164 1852
3163 1852
3162 1852
3161 1852
3160 1853
3159 1853
3158 1854
3157 1854
3156 1854
3155 1854
3154 1855
3153 1855
3152 1856
3151 1856
3150 1856
3149 1856
3148 1857
3147 1857
3146 1858
3145 1858
3144 1858
3143 1858
3142 1859
3141 1860
3140 1860
3139 1860
3138 1861
3137 1861
3136 1862
3135 1862
3134 1862
3133 1862
3132 1863
3131 1863
3130 1864
3129 1864
3128 1864
3127 1864
3126 1865
3125 1866
3124 1866
3123 1866
3122 1867
3121 1867
3120 1868
3119 1868
3118 1868
3117 1868
3116 1869
3115 1869
3114 1870
3113 1870
3112 1871
3111 1871
3110 1872
3109 1872
3108 1873
3107 1874
3106 1874
3105 1874
3104 1875
3103 1876
3102 1876
3101 1876
3100 1877
3099 1877
3098 1878
3097 1878
3096 1878
3095 1878
3094 1879
3093 1880
3092 1880
3091 1880
3090 1881
3089 1882
3088 1882
3087 1882
3086 1883
3085 1884
3084 1884
3083 1884
3082 1885
3081 1886
3080 1886
3079 1886
3078 1887
3077 1888
3076 1888
3075 1888
3074 1889
3073 1889
3072 1890
3071 1890
3070 1890
3069 1890
3068 1891
3067 1892
3066 1892
3065 1892
3064 1893
3063 1893
3062 1894
3061 1894
3060 1894
3059 1894
3058 1895
3057 1896
3056 1896
3055 1896
3054 1897
3053 1897
3052 1898
3051 1898
3050 1898
3049 1898
3048 1899
3047 1900
3046 1900
3045 1900
3044 1901
3043 1902
3042 1902
3041 1902
3040 1903
3039 1904
3038 1904
3037 1904
3036 1905
3035 1906
3034 1906
3033 1906
3032 1907
3031 1907
3030 1908
3029 1908
3028 1908
3027 1908
3026 1909
3025 1910
3024 1910
3023 1910
3022 1911
3021 1912
3020 1912
3019 1912
3018 1913
3017 1913
3016 1914
3015 1914
3014 1914
3013 1914
3012 1915
3011 1916
3010 1916
3009 1916
3008 1917
3007 1918
3006 1918
3005 1918
3004 1919
3003 1919
3002 1920
3001 1920
3000 1920
2999 1920
2998 1921
2997 1922
2996 1922
2995 1922
2994 1923
2993 1924
2992 1924
2991 1924
2990 1925
2989 1926
2988 1926
2987 1926
2986 1927
2985 1928
2984 1928
2983 1928
2982 1929
2981 1929
2980 1930
2979 1930
2978 1930
2977 1930
2976 1931
2975 1932
2974 1932
2973 1932
2972 1933
2971 1934
2970 1934
2969 1934
2968 1935
2967 1936
2966 1936
2965 1936
2964 1937
2963 1938
2962 1938
2961 1938
2960 1939
2959 1940
2958 1940
2957 1940
2956 1941
2955 1942
2954 1942
2953 1942
2952 1943
2951 1944
2950 1944
2949 1944
2948 1945
2947 1945
2946 1946
2945 1946
2944 1946
2943 1946
2942 1947
2941 1948
2940 1948
2939 1948
2938 1949
2937 1950
2936 1950
2935 1950
2934 1951
2933 1952
2932 1952
2931 1952
2930 1953
2929 1954
2928 1954
2927 1954
2926 1955
2925 1956
2924 1957
2923 1957
2922 1958
2921 1958
2920 1959
2919 1960
2918 1960
2917 1960
2916 1961
2915 1962
2914 1963
2913 1964
2912 1964
2912 1965
2911 1966
2910 1966
2910 1967
2909 1968
2908 1968
2908 1969
2907 1970
2906 1970
2906 1971
2905 1972
2904 1973
2903 1974
2902 1975
2902 1976
2901 1977
2900 1978
2900 1979
2899 1980
2898 1981
2897 1982
2896 1983
2896 1984
2896 1985
2895 1986
2894 1987
2894 1988
2894 1989
2893 1990
2892 1991
2892 1992
2892 1993
2892 1994
2891 1995
2891 1996
2891 1997
2891 1998
2891 1999
2891 2000
2891 2001
2891 2002
2891 2003
2891 2004
2891 2005
2891 2006
2891 2007
2891 2008
2892 2009
2892 2010
2892 2011
2892 2012
2893 2013
2893 2014
2893 2015
2893 2016
2894 2017
2894 2018
2894 2019
2894 2020
2895 2021
2895 2022
2896 2023
2896 2024
2896 2025
2896 2026
2897 2027
2898 2028
2898 2029
2898 2030
2899 2031
2900 2032
2900 2033
2900 2034
2901 2035
2902 2036
2903 2037
2903 2038
2904 2039
2904 2040
2905 2041
2906 2042
2906 2043
2906 2044
2907 2045
2908 2046
2909 2047
2910 2048
2910 2049
2911 2049
2912 2050
2912 2051
2913 2051
2914 2052
2914 2053
2915 2053
2916 2054
2916 2055
2917 2055
2918 2056
2919 2057
2920 2058
2921 2059
2922 2059
2923 2060
2924 2061
2925 2061
2926 2062
2927 2063
2928 2064
2929 2065
2930 2065
2931 2066
2932 2066
2933 2067
2934 2068
2935 2069
2936 2069
2937 2070
2938 2071
2939 2071
2940 2072
2941 2073
2942 2074
2943 2075
2944 2075
2945 2076
2946 2076
2947 2077
2948 2078
2949 2079
2950 2079
2951 2079
2952 2080
2953 2081
2954 2081
2955 2082
2956 2082
2957 2083
2958 2084
2959 2085
2960 2085
2961 2085
2962 2086
2963 2087
2964 2087
2965 2087
2966 2088
2967 2089
2968 2089
2969 2089
2970 2090
2971 2091
2972 2091
2973 2091
2974 2091
2975 2092
2976 2092
2977 2093
2978 2093
2979 2094
2980 2094
2981 2095
2982 2096
2983 2097
2984 2097
2985 2098
2986 2098
2987 2099
2988 2100
2989 2101
2990 2101
2991 2101
2992 2102
2993 2103
2994 2103
2995 2104
2996 2104
2997 2105
2998 2106
2999 2107
3000 2107
3001 2108
3002 2109
3003 2109
3004 2110
3005 2111
3006 2112
3007 2113
3008 2113
3009 2114
3010 2115
3011 2115
3012 2116
3013 2117
3014 2118
3015 2119
3016 2119
3017 2120
3018 2121
3019 2121
3020 2122
3020 2123
3021 2123
3022 2124
3023 2125
3024 2126
3025 2127
3026 2127
3027 2128
3028 2129
3029 2129
3030 2130
3031 2131
3032 2132
3033 2133
3034 2133
3035 2134
3036 2135
3037 2135
3038 2136
3038 2137
3039 2137
3040 2138
3040 2139
3041 2139
3042 2140
3042 2141
3043 2141
3044 2142
3044 2143
3045 2143
3046 2144
3046 2145
3047 2145
3048 2146
3049 2147
3050 2148
3051 2149
3052 2149
3053 2150
3054 2151
3055 2151
3056 2152
3057 2153
3058 2154
3059 2155
3060 2155
3061 2155
3062 2156
3063 2157
3064 2157
3065 2158
3066 2159
3067 2159
3068 2160
3069 2161
3070 2162
3071 2163
3072 2163
3073 2163
3074 2164
3075 2165
3076 2165
3077 2166
3078 2166
3079 2167
3080 2168
3081 2169
3082 2169
3083 2170
3084 2170
3085 2171
3086 2172
3087 2173
3088 2173
3089 2174
3090 2175
3091 2175
3092 2176
3092 2177
3093 2177
3094 2178
3095 2179
3096 2180
3097 2181
3098 2181
3099 2182
3100 2183
3101 2183
3102 2184
3102 2185
3103 2185
3104 2186
3105 2187
3106 2188
3107 2189
3108 2189
3109 2190
3110 2190
3111 2191
3112 2192
3113 2193
3114 2193
3115 2194
3116 2195
3117 2195
3118 2196
3119 2197
3120 2198
3121 2199
3122 2199
3123 2200
3124 2200
3125 2201
3126 2202
3127 2203
3128 2203
3129 2204
3130 2205
3131 2205
3132 2206
3132 2207
3133 2207
3134 2208
3135 2209
3136 2210
3137 2211
3138 2211
3139 2212
3140 2213
3141 2213
3142 2214
3142 2215
3143 2215
3144 2216
3144 2217
3145 2217
3146 2218
3147 2219
3148 2220
3149 2221
3150 2221
3151 2222
3152 2223
3153 2223
3154 2224
3154 2225
3155 2225
3156 2226
3157 2227
3158 2228
3159 2229
3160 2229
3161 2230
3162 2231
3163 2231
3164 2232
3164 2233
3165 2233
3166 2234
3166 2235
3167 2235
3168 2236
3168 2237
3169 2237
3170 2238
3170 2239
3171 2239
3172 2240
3173 2241
3174 2242
3175 2243
3176 2243
3177 2244
3178 2244
3179 2245
3180 2246
3181 2247
3182 2247
3183 2248
3184 2249
3185 2249
3186 2250
3187 2251
3188 2252
3189 2253
3190 2253
3191 2254
3192 2254
3193 2255
3194 2256
3195 2257
3196 2257
3197 2258
3198 2258
3199 2259
3200 2260
3201 2261
3202 2261
3203 2262
3204 2263
3205 2263
3206 2264
3207 2265
3208 2266
3209 2267
3210 2267
3211 2267
3212 2268
3213 2269
3214 2269
3215 2270
3216 2271
3217 2271
3218 2272
3218 2273
3219 2273
3220 2274
3221 2275
3222 2276
3223 2277
3224 2277
3225 2277
3226 2278
3227 2279
3228 2279
3229 2280
3230 2280
3231 2281
3232 2282
3233 2283
3234 2283
3235 2283
3236 2284
3237 2285
3238 2285
3239 2286
3240 2286
3241 2287
3242 2288
3243 2289
3244 2289
3245 2289
3246 2290
3247 2291
3248 2291
3249 2291
3250 2292
3251 2293
3252 2293
3253 2293
3254 2294
3255 2295
3256 2295
3257 2296
3258 2296
3259 2297
3260 2297
3261 2298
3262 2298
3263 2299
3264 2299
3265 2299
3266 2300
3267 2301
3268 2301
3269 2301
3270 2302
3271 2303
3272 2303
3273 2303
3274 2303
3275 2304
3276 2304
3277 2305
3278 2305
3279 2305
3280 2306
3281 2307
3282 2307
3283 2307
3284 2307
3285 2308
3286 2308
3287 2309
3288 2309
3289 2309
3290 2309
3291 2310
3292 2310
3293 2311
3294 2311
3295 2311
3296 2312
3297 2313
3298 2313
3299 2313
3300 2314
3301 2315
3302 2315
3303 2315
3304 2316
3305 2317
3306 2317
3307 2317
3308 2317
3309 2318
3310 2318
3311 2319
3312 2319
3313 2320
3314 2320
3315 2321
3316 2321
3317 2322
3318 2322
3319 2322
3320 2322
3321 2323
3322 2323
3323 2323
3324 2324
3325 2325
3326 2325
3327 2325
3328 2326
3329 2327
3330 2327
3331 2327
3332 2328
3333 2329
3334 2329
3335 2329
3336 2329
3337 2330
3338 2330
3339 2331
3340 2331
3341 2331
3342 2332
3343 2333
3344 2333
3345 2333
3346 2334
3347 2335
3348 2335
3349 2335
3350 2335
3351 2336
3352 2336
3353 2337
3354 2337
3355 2337
3356 2337
3357 2338
3358 2338
3359 2339
3360 2339
3361 2339
3362 2339
3363 2340
3364 2340
3365 2341
3366 2341
3367 2342
3368 2342
3369 2343
3370 2343
3371 2344
3372 2344
3373 2344
3374 2344
3375 2345
3376 2345
3377 2345
3378 2346
3379 2347
3380 2347
3381 2347
3382 2348
3383 2349
3384 2349
3385 2349
3386 2349
3387 2350
3388 2350
3389 2351
3390 2351
3391 2351
3392 2351
3393 2352
3394 2352
3395 2353
3396 2353
3397 2353
3398 2354
3399 2355
3400 2355
3401 2355
3402 2355
3403 2356
3404 2356
3405 2357
3406 2357
3407 2357
3408 2357
3409 2358
3410 2358
3411 2359
3412 2359
3413 2359
3414 2359
3415 2360
3416 2360
3417 2361
3418 2361
3419 2361
3420 2361
3421 2362
3422 2362
3423 2363
3424 2363
3425 2363
3426 2364
3427 2365
3428 2365
3429 2365
3430 2366
3431 2367
3432 2367
3433 2367
3434 2368
3435 2369
3436 2369
3437 2369
3438 2370
3439 2371
3440 2371
3441 2371
3442 2372
3443 2373
3444 2373
3445 2373
3446 2373
3447 2374
3448 2374
3449 2375
3450 2375
3451 2375
3452 2375
3453 2376
3454 2376
3455 2377
3456 2377
3457 2377
3458 2377
3459 2378
3460 2378
3461 2379
3462 2379
3463 2379
3464 2380
3465 2381
3466 2381
3467 2381
3468 2382
3469 2383
3470 2383
3471 2383
3472 2384
3473 2385
3474 2385
3475 2385
3476 2386
3477 2387
3478 2387
3479 2387
3480 2387
3481 2388
3482 2388
3483 2389
3484 2389
3485 2389
3486 2390
3487 2391
3488 2391
3489 2391
3490 2391
3491 2392
3492 2392
3493 2393
3494 2393
3495 2393
3496 2394
3497 2395
3498 2395
3499 2396
3500 2396
3501 2397
3502 2397
3503 2398
3504 2398
3505 2399
3506 2399
3507 2399
3508 2400
3509 2401
3510 2401
3511 2401
3512 2402
3513 2403
3514 2403
3515 2403
3516 2403
3517 2404
3518 2404
3519 2405
3520 2405
3521 2405
3522 2406
3523 2407
3524 2407
3525 2407
3526 2407
3527 2408
3528 2408
3529 2408
3530 2408
3531 2408
3532 2408
3533 2409
3534 2409
3535 2409
3536 2410
3537 2411
3538 2411
3539 2411
3540 2411
3541 2412
3542 2412
3543 2413
3544 2413
3545 2413
3546 2414
3547 2415
3548 2415
3549 2415
3550 2415
3551 2416
3552 2416
3553 2417
3554 2417
3555 2417
3556 2418
3557 2419
3558 2419
3559 2419
3560 2420
3561 2421
3562 2421
3563 2421
3564 2422
3565 2423
3566 2423
3567 2423
3568 2423
3569 2424
3570 2424
3571 2425
3572 2425
3573 2425
3574 2426
3575 2427
3576 2427
3577 2427
3578 2428
3579 2429
3580 2429
3581 2429
3582 2430
3583 2431
3584 2431
3585 2431
3586 2432
3587 2433
3588 2433
3589 2433
3590 2434
3591 2435
3592 2435
3593 2435
3594 2436
3595 2437
3596 2437
3597 2437
3598 2438
3599 2439
3600 2439
3601 2439
3602 2440
3603 2441
3604 2441
3605 2441
3606 2442
3607 2443
3608 2443
3609 2443
3610 2444
3611 2445
3612 2445
3613 2445
3614 2446
3615 2447
3616 2447
3617 2448
3618 2448
3619 2449
3620 2450
3621 2451
3622 2451
3623 2451
3624 2452
3625 2453
3626 2453
3627 2454
3628 2454
3629 2455
3630 2456
3631 2457
3632 2457
3633 2457
3634 2458
3635 2459
3636 2459
3637 2460
3638 2460
3639 2461
3640 2462
3641 2463
3642 2463
3643 2463
3644 2464
3645 2465
3646 2465
3647 2466
3648 2466
3649 2467
3650 2468
3651 2469
3652 2469
3653 2470
3654 2470
3655 2471
3656 2472
3657 2473
3658 2473
3659 2474
3660 2475
3661 2475
3662 2476
3663 2477
3664 2478
3665 2479
3666 2479
3667 2480
3668 2481
3669 2481
3670 2482
3671 2483
3672 2484
3673 2485
3674 2485
3675 2485
3676 2486
3677 2487
3678 2487
3679 2487
3680 2488
3681 2489
3682 2489
3683 2489
3684 2490
3685 2491
3686 2491
3687 2491
3688 2492
3689 2493
3690 2493
3691 2493
3692 2494
3693 2495
3694 2495
3695 2495
3696 2496
3697 2497
3698 2497
3699 2497
3700 2498
3701 2499
3702 2499
3703 2499
3704 2500
3705 2501
3706 2501
3707 2501
3708 2502
3709 2503
3710 2503
3711 2504
3712 2504
3713 2505
3714 2506
3715 2507
3716 2507
3717 2507
3718 2508
3719 2509
3720 2509
3721 2509
3722 2510
3723 2511
3724 2511
3725 2512
3726 2512
3727 2513
3728 2514
3729 2515
3730 2515
3731 2515
3732 2516
3733 2517
3734 2517
3735 2517
3736 2518
3737 2519
3738 2519
3739 2520
3740 2521
3741 2521
3742 2522
3743 2523
3744 2524
3745 2525
3746 2525
3747 2526
3748 2526
3749 2527
3750 2528
3751 2529
3752 2529
3753 2530
3754 2530
3755 2531
3756 2532
3757 2533
3758 2533
3759 2533
3760 2534
3761 2535
3762 2535
3763 2536
3764 2536
3765 2537
3766 2538
3767 2539
3768 2539
3769 2539
3770 2540
3771 2541
3772 2541
3773 2541
3774 2542
3775 2543
3776 2543
3777 2543
3778 2544
3779 2545
3780 2545
3781 2545
3782 2546
3783 2547
3784 2547
3785 2547
3786 2548
3787 2549
3788 2549
3789 2549
3790 2549
3791 2550
3792 2550
3793 2550
3794 2550
3795 2550
3796 2550
3797 2550
3798 2550
3799 2551
3800 2551
3801 2551
3802 2551
3803 2552
3804 2552
3805 2552
3806 2552
3807 2552
3808 2552
3809 2552
3810 2552
3811 2553
3812 2553
3813 2553
3814 2553
3815 2554
3816 2554
3817 2554
3818 2554
3819 2554
3820 2554
3821 2554
3822 2554
3823 2554
3824 2554
3825 2555
3826 2555
3827 2555
3828 2555
3829 2556
3830 2556
3831 2556
3832 2556
3833 2556
3834 2556
3835 2556
3836 2556
3837 2556
3838 2556
3839 2556
3840 2556
3841 2556
3842 2556
3843 2556
3844 2556
3845 2555
3846 2555
3847 2555
3848 2555
3849 2554
3850 2554
3851 2554
3852 2554
3853 2554
3854 2554
3855 2554
3856 2554
3857 2554
3858 2554
3859 2554
3860 2554
3861 2554
3862 2554
3863 2553
3864 2553
3865 2553
3866 2553
3867 2552
3868 2552
3869 2552
3870 2552
3871 2551
3872 2551
3873 2551
3874 2551
3875 2550
3876 2549
3877 2548
3878 2548
3879 2547
3880 2547
3881 2546
3882 2545
3883 2544
3884 2543
3885 2543
3885 2542
3886 2541
3887 2541
3888 2540
3889 2539
3890 2539
3891 2538
3892 2537
3893 2536
3894 2535
3895 2535
3895 2534
3896 2533
3897 2533
3897 2532
3898 2531
3899 2531
3899 2530
3900 2529
3901 2529
3901 2528
3902 2527
3903 2527
3903 2526
3904 2525
3905 2525
3905 2524
3906 2523
3907 2523
3907 2522
3908 2521
3909 2521
3909 2520
3910 2519
3911 2519
3911 2518
3912 2517
3913 2517
3913 2516
3914 2515
3915 2515
3915 2514
3916 2513
3917 2513
3917 2512
3918 2511
3919 2511
3919 2510
3920 2509
3921 2509
3922 2508
3923 2507
3924 2507
3925 2506
3926 2505
3927 2504
3928 2503
3929 2503
3929 2502
3930 2501
3931 2501
3931 2500
3932 2499
3933 2499
3933 2498
3934 2497
3935 2497
3935 2496
3936 2495
3937 2495
3937 2494
3938 2493
3939 2493
3940 2492
3941 2491
3942 2491
3943 2490
3944 2489
3945 2489
3946 2489
3947 2488
3948 2487
3949 2486
3950 2485
3951 2485
3951 2484
3952 2483
3953 2483
3953 2482
3954 2481
3955 2481
3955 2480
3956 2479
3957 2479
3957 2478
3958 2477
3959 2476
3960 2475
3961 2474
3961 2473
3961 2472
3962 2471
3963 2470
3963 2469
3963 2468
3963 2467
3964 2466
3964 2465
3964 2464
3964 2463
3964 2462
3964 2461
3964 2460
3964 2459
3965 2458
3965 2457
3965 2456
3965 2455
3966 2454
3966 2453
3966 2452
3966 2451
3966 2450
3966 2449
3967 2448
3967 2447
3967 2446
3968 2445
3969 2444
3969 2443
3969 2442
3970 2441
3971 2440
3971 2439
3971 2438
3971 2437
3972 2436
3972 2435
3973 2434
3973 2433
3973 2432
3973 2431
3974 2430
3974 2429
3975 2428
3975 2427
3975 2426
3975 2425
3976 2424
3976 2423
3977 2422
3977 2421
3977 2420
3977 2419
3978 2418
3978 2417
3979 2416
3979 2415
3979 2414
3979 2413
3980 2412
3980 2411
3980 2410
3980 2409
3981 2408
3981 2407
3981 2406
3981 2405
3982 2404
3982 2403
3983 2402
3983 2401
3983 2400
3984 2399
3985 2398
3985 2397
3985 2396
3985 2395
3986 2394
3986 2393
3987 2392
3987 2391
3987 2390
3988 2389
3989 2388
3989 2387
3990 2386
3990 2385
3991 2384
3992 2383
3993 2382
3993 2381
3994 2380
3995 2379
3995 2378
3996 2377
3997 2376
3998 2375
3999 2374
3999 2373
4000 2372
4000 2371
4001 2370
4002 2369
4003 2368
4003 2367
4003 2366
4004 2365
4005 2364
4005 2363
4006 2362
4007 2361
4007 2360
4008 2359
4009 2359
4009 2358
4010 2357
4011 2357
4011 2356
4012 2355
4013 2355
4013 2354
4014 2353
4015 2353
4016 2352
4017 2351
4018 2351
4019 2350
4020 2349
4021 2349
4022 2349
4023 2348
4024 2347
4025 2347
4026 2347
4027 2346
4028 2345
4029 2345
4030 2345
4031 2344
4032 2344
4033 2344
4034 2344
4035 2344
4036 2344
4037 2344
4038 2344
4039 2344
4040 2344
4041 2344
4042 2344
4043 2344
4044 2344
4045 2344
4046 2344
4047 2344
4048 2344
4049 2344
4050 2344
4051 2344
4052 2344
4053 2344
4054 2344
4055 2344
4056 2344
4057 2344
4058 2344
4059 2345
4060 2345
4061 2345
4062 2345
4063 2346
4064 2346
4065 2347
4066 2347
4067 2347
4068 2347
4069 2348
4070 2348
4071 2349
4072 2349
4073 2349
4074 2349
4075 2350
4076 2350
4077 2351
4078 2351
4079 2351
4080 2352
4081 2353
4082 2353
4083 2353
4084 2354
4085 2355
4086 2355
4087 2355
4088 2356
4089 2357
4090 2357
4091 2357
4092 2358
4093 2359
4094 2359
4095 2359
4096 2359
4097 2360
4098 2360
4099 2361
4100 2361
4101 2361
4102 2361
4103 2362
4104 2362
4105 2363
4106 2363
4107 2363
4108 2364
4109 2365
4110 2365
4111 2365
4112 2366
4113 2367
4114 2367
4115 2367
4116 2368
4117 2369
4118 2369
4119 2369
4120 2370
4121 2371
4122 2371
4123 2371
4124 2372
4125 2373
4126 2373
4127 2373
4128 2373
4129 2374
4130 2374
4131 2375
4132 2375
4133 2376
4134 2376
4135 2377
4136 2378
4137 2379
4138 2379
4139 2379
4140 2380
4141 2381
4142 2381
4143 2382
4144 2382
4145 2383
4146 2384
4147 2385
4148 2385
4149 2385
4150 2386
4151 2387
4152 2387
4153 2388
4154 2388
4155 2389
4156 2390
4157 2391
4158 2391
4159 2392
4160 2392
4161 2393
4162 2394
4163 2395
4164 2395
4165 2396
4166 2396
4167 2397
4168 2398
4169 2399
4170 2399
4171 2400
4172 2400
4173 2401
4174 2402
4175 2403
4176 2403
4177 2403
4178 2404
4179 2405
4180 2405
4181 2405
4182 2406
4183 2407
4184 2407
4185 2407
4186 2408
4187 2409
4188 2409
4189 2409
4190 2410
4191 2411
4192 2411
4193 2411
4194 2411
4195 2412
4196 2412
4197 2413
4198 2413
4199 2413
4200 2414
4201 2415
4202 2415
4203 2415
4204 2416
4205 2417
4206 2417
4207 2417
4208 2418
4209 2419
4210 2419
4211 2419
4212 2419
4213 2420
4214 2420
4215 2421
4216 2421
4217 2421
4218 2421
4219 2422
4220 2422
4221 2422
4222 2422
4223 2423
4224 2423
4225 2423
4226 2423
4227 2424
4228 2424
4229 2424
4230 2424
4231 2425
4232 2425
4233 2425
4234 2425
4235 2426
4236 2426
4237 2426
4238 2426
4239 2426
4240 2426
4241 2427
4242 2427
4243 2427
4244 2427
4245 2428
4246 2428
4247 2428
4248 2428
4249 2428
4250 2428
4251 2428
4252 2428
4253 2429
4254 2429
4255 2429
4256 2429
4257 2430
4258 2430
4259 2430
4260 2430
4261 2430
4262 2430
4263 2430
4264 2430
4265 2430
4266 2430
4267 2430
4268 2430
4269 2430
4270 2430
4271 2430
4272 2430
4273 2430
4274 2430
4275 2431
4276 2431
4277 2431
4278 2431
4279 2432
4280 2432
4281 2432
4282 2432
4283 2432
4284 2432
4285 2432
4286 2432
4287 2433
4288 2433
4289 2433
4290 2433
4291 2434
4292 2434
4293 2434
4294 2434
4295 2434
4296 2434
4297 2434
4298 2434
4299 2435
4300 2435
4301 2435
4302 2435
4303 2436
4304 2436
4305 2436
4306 2436
4307 2436
4308 2436
4309 2436
4310 2436
4311 2436
4312 2436
4313 2436
4314 2436
4315 2436
4316 2436
4317 2436
4318 2436
4319 2436
4320 2436
4321 2436
4322 2436
4323 2436
4324 2436
4325 2436
4326 2436
4327 2436
4328 2436
4329 2436
4330 2436
4331 2436
4332 2436
4333 2436
4334 2436
4335 2437
4336 2437
4337 2437
4338 2437
4339 2438
4340 2438
4341 2438
4342 2438
4343 2438
4344 2438
4345 2438
4346 2438
4347 2438
4348 2438
4349 2438
4350 2438
4351 2438
4352 2438
4353 2438
4354 2438
4355 2439
4356 2439
4357 2439
4358 2439
4359 2440
4360 2440
4361 2440
4362 2440
4363 2440
4364 2440
4365 2440
4366 2440
4367 2440
4368 2440
4369 2441
4370 2441
4371 2441
4372 2441
4373 2442
4374 2442
4375 2442
4376 2442
4377 2442
4378 2442
4379 2442
4380 2442
4381 2443
4382 2443
4383 2443
4384 2443
4385 2444
4386 2444
4387 2444
4388 2444
4389 2444
4390 2444
4391 2444
4392 2444
4393 2445
4394 2445
4395 2445
4396 2445
4397 2446
4398 2446
4399 2446
4400 2446
4401 2447
4402 2447
4403 2447
4404 2447
4405 2448
4406 2448
4407 2448
4408 2448
4409 2448
4410 2448
4411 2449
4412 2449
4413 2449
4414 2449
4415 2450
4416 2450
4417 2450
4418 2450
4419 2451
4420 2451
4421 2451
4422 2451
4423 2452
4424 2452
4425 2452
4426 2452
4427 2452
4428 2452
4429 2453
4430 2453
4431 2453
4432 2453
4433 2454
4434 2454
4435 2454
4436 2454
4437 2455
4438 2455
4439 2455
4440 2455
4441 2456
4442 2456
4443 2456
4444 2456
4445 2456
4446 2456
4447 2456
4448 2456
4449 2456
4450 2456
4451 2456
4452 2456
4453 2456
4454 2456
4455 2456
4456 2456
4457 2456
4458 2456
4459 2456
4460 2456
4461 2456
4462 2456
4463 2456
4464 2456
4465 2456
4466 2456
4467 2455
4468 2455
4469 2455
4470 2455
4471 2454
4472 2453
4473 2453
4474 2453
4475 2452
4476 2451
4477 2451
4478 2451
4479 2450
4480 2449
4481 2449
4482 2449
4483 2448
4484 2448
4485 2447
4486 2447
4487 2447
4488 2447
4489 2446
4490 2446
4491 2446
4492 2446
4493 2446
4494 2446
4495 2446
4496 2446
4497 2445
4498 2445
4499 2445
4500 2445
4501 2444
4502 2444
4503 2444
4504 2444
4505 2444
4506 2444
4507 2444
4508 2444
4509 2444
4510 2444
4511 2444
4512 2444
4513 2444
4514 2444
4515 2444
4516 2444
4517 2444
4518 2444
4519 2444
4520 2444
4521 2444
4522 2444
4523 2444
4524 2444
4525 2444
4526 2444
4527 2444
4528 2444
4529 2444
4530 2444
4531 2445
4532 2445
4533 2445
4534 2445
4535 2446
4536 2446
4537 2446
4538 2446
4539 2446
4540 2446
4541 2446
4542 2446
4543 2447
4544 2447
4545 2447
4546 2447
4547 2448
4548 2448
4549 2448
4550 2448
4551 2448
4552 2448
4553 2449
4554 2449
4555 2449
4556 2449
4557 2450
4558 2450
4559 2450
4560 2450
4561 2450
4562 2450
4563 2450
4564 2450
4565 2451
4566 2451
4567 2451
4568 2451
4569 2452
4570 2452
4571 2452
4572 2452
4573 2452
4574 2452
4575 2452
4576 2452
4577 2452
4578 2452
4579 2452
4580 2452
4581 2452
4582 2452
4583 2452
4584 2452
4585 2452
4586 2452
4587 2452
4588 2452
4589 2452
4590 2452
4591 2452
4592 2452
4593 2452
4594 2452
4595 2452
4596 2452
4597 2452
4598 2452
4599 2452
4600 2452
4601 2452
4602 2452
4603 2452
4604 2452
4605 2452
4606 2452
4607 2452
4608 2452
4609 2452
4610 2452
4611 2452
4612 2452
4613 2452
4614 2452
4615 2452
4616 2452
4617 2452
4618 2452
4619 2452
4620 2452
4621 2452
4622 2452
4623 2452
4624 2452
4625 2452
4626 2452
4627 2452
4628 2452
4629 2452
4630 2452
4631 2452
4632 2452
4633 2452
4634 2452
4635 2452
4636 2452
4637 2452
4638 2452
4639 2452
4640 2452
4641 2452
4642 2452
4643 2452
4644 2452
4645 2452
4646 2452
4647 2452
4648 2452
4649 2452
4650 2452
4651 2452
4652 2452
4653 2452
4654 2452
4655 2452
4656 2452
4657 2452
4658 2452
4659 2452
4660 2452
4661 2452
4662 2452
4663 2452
4664 2452
4665 2453
4666 2453
4667 2453
4668 2453
4669 2454
4670 2454
4671 2454
4672 2454
4673 2454
4674 2454
4675 2454
4676 2454
4677 2454
4678 2454
4679 2454
4680 2454
4681 2454
4682 2454
4683 2454
4684 2454
4685 2454
4686 2454
4687 2454
4688 2454
4689 2454
4690 2454
4691 2454
4692 2454
4693 2454
4694 2454
4695 2454
4696 2454
4697 2454
4698 2454
4699 2454
4700 2454
4701 2454
4702 2454
4703 2454
4704 2454
4705 2454
4706 2454
4707 2454
4708 2454
4709 2454
4710 2454
4711 2454
4712 2454
4713 2454
4714 2454
4715 2454
4716 2454
4717 2454
4718 2454
4719 2454
4720 2454
4721 2454
4722 2454
4723 2454
4724 2454
4725 2454
4726 2454
4727 2454
4728 2454
4729 2455
4730 2455
4731 2455
4732 2455
4733 2456
4734 2456
4735 2456
4736 2456
4737 2456
4738 2456
4739 2456
4740 2456
4741 2456
4742 2456
4743 2456
4744 2456
4745 2457
4746 2457
4747 2457
4748 2457
4749 2458
4750 2458
4751 2458
4752 2458
4753 2459
4754 2459
4755 2459
4756 2459
4757 2460
4758 2460
4759 2460
4760 2460
4761 2460
4762 2460
4763 2460
4764 2460
4765 2460
4766 2460
4767 2460
4768 2460
4769 2460
4770 2460
4771 2461
4772 2461
4773 2461
4774 2461
4775 2462
4776 2462
4777 2462
4778 2462
4779 2462
4780 2462
4781 2462
4782 2462
4783 2462
4784 2462
4785 2462
4786 2462
4787 2462
4788 2462
4789 2462
4790 2462
4791 2462
4792 2462
4793 2462
4794 2462
4795 2462
4796 2462
4797 2462
4798 2462
4799 2462
4800 2462
4801 2462
4802 2462
4803 2462
4804 2462
4805 2462
4806 2462
4807 2462
4808 2462
4809 2461
4810 2461
4811 2461
4812 2461
4813 2460
4814 2460
4815 2460
4816 2460
4817 2460
4818 2460
4819 2460
4820 2460
4821 2460
4822 2460
4823 2460
4824 2460
4825 2460
4826 2460
4827 2460
4828 2460
4829 2460
4830 2460
4831 2460
4832 2460
4833 2459
4834 2459
4835 2459
4836 2459
4837 2458
4838 2458
4839 2458
4840 2458
4841 2458
4842 2458
4843 2458
4844 2458
4845 2458
4846 2458
4847 2458
4848 2458
4849 2458
4850 2458
4851 2458
4852 2458
4853 2458
4854 2458
4855 2458
4856 2458
4857 2458
4858 2458
4859 2458
4860 2458
4861 2458
4862 2458
4863 2458
4864 2458
4865 2458
4866 2458
4867 2458
4868 2458
4869 2458
4870 2458
4871 2458
4872 2458
4873 2458
4874 2458
4875 2458
4876 2458
4877 2458
4878 2458
4879 2458
4880 2458
4881 2458
4882 2458
4883 2458
4884 2458
4885 2458
4886 2458
4887 2458
4888 2458
4889 2458
4890 2458
4891 2458
4892 2458
4893 2458
4894 2458
4895 2458
4896 2458
4897 2458
4898 2458
4899 2457
4900 2457
4901 2457
4902 2457
4903 2456
4904 2456
4905 2456
4906 2456
4907 2456
4908 2456
4909 2456
4910 2456
4911 2456
4912 2456
4913 2456
4914 2456
4915 2456
4916 2456
4917 2456
4918 2456
4919 2456
4920 2456
4921 2456
4922 2456
4923 2456
4924 2456
4925 2456
4926 2456
4927 2456
4928 2456
4929 2456
4930 2456
4931 2456
4932 2456
4933 2456
4934 2456
4935 2456
4936 2456
4937 2456
4938 2456
4939 2456
4940 2456
4941 2456
4942 2456
4943 2456
4944 2456
4945 2456
4946 2456
4947 2456
4948 2456
4949 2456
4950 2456
4951 2456
4952 2456
4953 2456
4954 2456
4955 2457
4956 2457
4957 2457
4958 2457
4959 2458
4960 2458
4961 2458
4962 2458
4963 2458
4964 2458
4965 2458
4966 2458
4967 2458
4968 2458
4969 2458
4970 2458
4971 2458
4972 2458
4973 2458
4974 2458
4975 2458
4976 2458
4977 2458
4978 2458
4979 2458
4980 2458
4981 2457
4982 2457
4983 2457
4984 2457
4985 2456
4986 2456
4987 2456
4988 2456
4989 2455
4990 2455
4991 2455
4992 2455
4993 2454
4994 2454
4995 2453
4996 2453
4997 2453
4998 2453
4999 2452
5000 2452
5001 2451
5002 2451
5003 2450
5004 2450
5005 2449
5006 2449
5007 2448
5008 2448
5009 2447
5010 2447
5011 2447
5012 2447
5013 2446
5014 2445
5015 2445
5016 2445
5017 2444
5018 2443
5019 2443
5020 2443
5021 2442
5022 2441
5023 2441
5024 2441
5025 2440
5026 2439
5027 2439
5028 2439
5029 2438
5030 2437
5031 2436
5032 2436
5033 2435
5034 2435
5035 2434
5036 2433
5037 2433
5038 2433
5039 2432
5040 2431
5041 2430
5042 2429
5043 2429
5043 2428
5044 2427
5045 2427
5045 2426
5046 2425
5047 2425
5047 2424
5048 2423
5049 2423
5049 2422
5050 2421
5051 2421
5051 2420
5052 2419
5053 2419
5053 2418
5054 2417
5055 2417
5055 2416
5056 2415
5057 2415
5057 2414
5058 2413
5059 2413
5059 2412
5060 2411
5061 2411
5061 2410
5062 2409
5063 2409
5063 2408
5064 2407
5065 2407
5065 2406
5066 2405
5067 2405
5067 2404
5068 2403
5069 2403
5069 2402
5070 2401
5071 2401
5071 2400
5072 2399
5073 2399
5073 2398
5074 2397
5075 2397
5076 2396
5077 2395
5078 2395
5079 2394
5080 2393
5081 2392
5082 2391
5083 2391
5084 2390
5085 2389
5086 2389
5087 2388
5088 2387
5089 2386
5090 2386
5091 2385
5092 2385
5093 2384
5094 2383
5095 2382
5096 2382
5097 2381
5098 2381
5099 2380
5100 2379
5101 2378
5102 2378
5103 2377
5104 2377
5105 2376
5106 2375
5107 2374
5108 2374
5109 2373
5110 2373
5111 2372
5112 2371
5113 2370
5114 2370
5115 2369
5116 2369
5117 2368
5118 2367
5119 2366
5120 2365
5121 2365
5122 2364
5123 2363
5124 2363
5125 2362
5126 2361
5127 2361
5128 2361
5129 2360
5130 2359
5131 2359
5132 2359
5133 2358
5134 2357
5135 2357
5136 2357
5137 2356
5138 2355
5139 2355
5140 2355
5141 2354
5142 2353
5143 2353
5144 2353
5145 2352
5146 2351
5147 2351
5148 2351
5149 2350
5150 2349
5151 2349
5152 2349
5153 2348
5154 2347
5155 2347
5156 2347
5157 2346
5158 2345
5159 2345
5160 2345
5161 2344
5162 2343
5163 2342
5164 2342
5165 2341
5166 2341
5167 2340
5168 2339
5169 2338
5170 2337
5171 2337
5171 2336
5172 2335
5173 2335
5173 2334
5174 2333
5175 2333
5175 2332
5176 2331
5177 2331
5177 2330
5178 2329
5179 2329
5179 2328
5180 2327
5181 2327
5181 2326
5182 2325
5183 2325
5183 2324
5184 2323
5185 2323
5185 2322
5186 2321
5187 2321
5187 2320
5188 2319
5189 2319
5189 2318
5190 2317
5191 2317
5191 2316
5192 2315
5193 2315
5193 2314
5194 2313
5195 2313
5195 2312
5196 2311
5197 2311
5197 2310
5198 2309
5199 2309
5199 2308
5200 2307
5201 2307
5201 2306
5202 2305
5203 2305
5203 2304
5204 2303
5205 2303
5205 2302
5206 2301
5207 2300
5208 2299
5209 2298
5209 2297
5210 2296
5210 2295
5211 2294
5212 2293
5213 2292
5213 2291
5214 2290
5215 2289
5215 2288
5216 2287
5217 2287
5217 2286
5218 2285
5219 2285
5219 2284
5220 2283
5221 2283
5221 2282
5222 2281
5223 2281
5223 2280
5224 2279
5225 2279
5225 2278
5226 2277
5227 2277
5227 2276
5228 2275
5229 2275
5229 2274
5230 2273
5231 2273
5231 2272
5232 2271
5233 2271
5233 2270
5234 2269
5235 2269
5235 2268
5236 2267
5237 2267
5237 2266
5238 2265
5239 2265
5239 2264
5240 2263
5241 2262
5242 2261
5243 2260
5243 2259
5243 2258
5244 2257
5245 2256
5245 2255
5245 2254
5246 2253
5247 2252
5247 2251
5247 2250
5248 2249
5249 2248
5249 2247
5249 2246
5249 2245
5250 2244
5250 2243
5250 2242
5250 2241
5251 2240
5251 2239
5251 2238
5251 2237
5252 2236
5252 2235
5253 2234
5253 2233
5253 2232
5253 2231
5254 2230
5254 2229
5255 2228
5255 2227
5255 2226
5255 2225
5256 2224
5256 2223
5256 2222
5256 2221
5257 2220
5257 2219
5258 2218
5258 2217
5259 2216
5260 2215
5261 2214
5261 2213
5262 2212
5262 2211
5263 2210
5264 2209
5265 2208
5265 2207
5265 2206
5266 2205
5267 2204
5267 2203
5267 2202
5268 2201
5269 2200
5269 2199
5269 2198
5269 2197
5270 2196
5270 2195
5271 2194
5271 2193
5271 2192
5271 2191
5272 2190
5272 2189
5273 2188
5273 2187
5273 2186
5273 2185
5274 2184
5274 2183
5275 2182
5275 2181
5275 2180
5276 2179
5277 2178
5277 2177
5277 2176
5277 2175
5278 2174
5278 2173
5279 2172
5279 2171
5279 2170
5280 2169
5281 2168
5281 2167
5281 2166
5282 2165
5283 2164
5283 2163
5284 2162
5284 2161
5285 2160
5286 2159
5287 2158
5287 2157
5287 2156
5288 2155
5289 2154
5289 2153
5289 2152
5290 2151
5291 2150
5291 2149
5291 2148
5292 2147
5293 2146
5293 2145
5293 2144
5294 2143
5295 2142
5295 2141
5295 2140
5296 2139
5297 2138
5297 2137
5297 2136
5298 2135
5299 2134
5299 2133
5300 2132
5300 2131
5301 2130
5302 2129
5303 2128
5303 2127
5303 2126
5304 2125
5305 2124
5305 2123
5305 2122
5306 2121
5307 2120
5307 2119
5307 2118
5307 2117
5308 2116
5308 2115
5309 2114
5309 2113
5309 2112
5310 2111
5311 2110
5311 2109
5311 2108
5312 2107
5313 2106
5313 2105
5313 2104
5313 2103
5314 2102
5314 2101
5315 2100
5315 2099
5315 2098
5315 2097
5316 2096
5316 2095
5316 2094
5316 2093
5317 2092
5317 2091
5317 2090
5317 2089
5318 2088
5318 2087
5318 2086
5318 2085
5319 2084
5319 2083
5319 2082
5319 2081
5320 2080
5320 2079
5320 2078
5320 2077
5320 2076
5320 2075
5320 2074
5320 2073
5320 2072
5320 2071
5319 2070
5319 2069
5319 2068
5319 2067
5318 2066
5318 2065
5318 2064
5318 2063
5318 2062
5318 2061
5318 2060
5318 2059
5318 2058
5318 2057
5317 2056
5317 2055
5317 2054
5317 2053
5316 2052
5316 2051
5316 2050
5316 2049
5316 2048
5316 2047
5316 2046
5316 2045
5315 2044
5315 2043
5315 2042
5315 2041
5314 2040
5314 2039
5314 2038
5314 2037
5314 2036
5314 2035
5314 2034
5314 2033
5313 2032
5313 2031
5313 2030
5313 2029
5312 2028
5311 2027
5311 2026
5311 2025
5310 2024
5310 2023
5309 2022
5309 2021
5309 2020
5309 2019
5308 2018
5308 2017
5308 2016
5308 2015
5308 2014
5308 2013
5308 2012
5308 2011
5308 2010
5308 2009
5308 2008
5308 2007
5308 2006
5308 2005
5308 2004
5308 2003
5307 2002
5307 2001
5307 2000
5307 1999
5306 1998
5305 1997
5305 1996
5305 1995
5304 1994
5304 1993
5304 1992
5304 1991
5304 1990
5304 1989
5304 1988
5304 1987
5303 1986
5303 1985
5303 1984
5303 1983
5302 1982
5301 1981
5301 1980
5301 1979
5300 1978
5300 1977
5299 1976
5299 1975
5299 1974
5299 1973
5298 1972
5297 1971
5297 1970
5297 1969
5296 1968
5296 1967
5295 1966
5295 1965
5295 1964
5295 1963
5294 1962
5293 1961
5293 1960
5293 1959
5292 1958
5292 1957
5292 1956
5292 1955
5292 1954
5292 1953
5291 1952
5291 1951
5291 1950
5291 1949
5290 1948
5290 1947
5290 1946
5290 1945
5290 1944
5290 1943
5290 1942
5290 1941
5290 1940
5290 1939
5290 1938
5290 1937
5290 1936
5290 1935
5290 1934
5290 1933
5290 1932
5290 1931
5290 1930
5290 1929
5290 1928
5290 1927
5289 1926
5289 1925
5289 1924
5289 1923
5288 1922
5288 1921
5288 1920
5288 1919
5288 1918
5288 1917
5288 1916
5288 1915
5288 1914
5288 1913
5288 1912
5288 1911
5288 1910
5288 1909
5288 1908
5288 1907
5288 1906
5288 1905
5288 1904
5288 1903
5288 1902
5288 1901
5288 1900
5288 1899
5288 1898
5288 1897
5288 1896
5288 1895
5288 1894
5288 1893
5288 1892
5288 1891
5287 1890
5287 1889
5287 1888
5287 1887
5286 1886
5286 1885
5286 1884
5286 1883
5286 1882
5286 1881
5285 1880
5285 1879
5285 1878
5285 1877
5284 1876
5284 1875
5284 1874
5284 1873
5284 1872
5284 1871
5283 1870
5283 1869
5283 1868
5283 1867
5282 1866
5282 1865
5282 1864
5282 1863
5282 1862
5282 1861
5281 1860
5281 1859
5281 1858
5281 1857
5280 1856
5280 1855
5280 1854
5280 1853
5279 1852
5279 1851
5279 1850
5279 1849
5278 1848
5278 1847
5277 1846
5277 1845
5277 1844
5277 1843
5276 1842
5275 1841
5275 1840
5275 1839
5274 1838
5273 1837
5273 1836
5273 1835
5272 1834
5272 1833
5272 1832
5272 1831
5272 1830
5272 1829
5271 1828
5271 1827
5271 1826
5271 1825
5270 1824
5270 1823
5270 1822
5270 1821
5270 1820
5270 1819
5270 1818
5270 1817
5270 1816
5270 1815
5270 1814
5270 1813
5270 1812
5270 1811
5270 1810
5270 1809
5270 1808
5270 1807
5270 1806
5270 1805
5270 1804
5270 1803
5270 1802
5270 1801
5270 1800
5270 1799
5270 1798
5270 1797
5270 1796
5270 1795
5270 1794
5270 1793
5269 1792
5269 1791
5269 1790
5269 1789
5268 1788
5268 1787
5268 1786
5268 1785
5268 1784
5268 1783
5268 1782
5268 1781
5268 1780
5268 1779
5268 1778
5268 1777
5268 1776
5268 1775
5268 1774
5268 1773
5268 1772
5268 1771
5267 1770
5267 1769
5267 1768
5267 1767
5266 1766
5265 1765
5265 1764
5265 1763
5264 1762
5264 1761
5264 1760
5264 1759
5263 1758
5263 1757
5263 1756
5263 1755
5262 1754
5262 1753
5262 1752
5262 1751
5261 1750
5261 1749
5261 1748
5261 1747
5260 1746
5259 1745
5259 1744
5259 1743
5258 1742
5257 1741
5257 1740
5257 1739
5256 1738
5255 1737
5255 1736
5255 1735
5254 1734
5253 1733
5253 1732
5253 1731
5252 1730
5251 1729
5250 1728
5250 1727
5249 1726
5249 1725
5248 1724
5247 1723
5246 1722
5245 1721
5245 1720
5244 1720
5243 1719
5243 1718
5242 1718
5241 1717
5241 1716
5240 1715
5239 1714
5239 1713
5238 1712
5237 1711
5236 1710
5235 1709
5235 1708
5234 1707
5233 1706
5233 1705
5232 1704
5231 1703
5230 1702
5230 1701
5229 1700
5229 1699
5228 1698
5227 1697
5226 1696
5225 1695
5225 1694
5224 1693
5223 1692
5223 1691
5222 1690
5221 1689
5220 1688
5220 1687
5219 1686
5219 1685
5218 1684
5217 1683
5216 1682
5216 1681
5215 1680
5215 1679
5214 1678
5213 1677
5213 1676
5213 1675
5212 1674
5211 1673
5210 1672
5209 1671
5209 1670
5208 1670
5207 1669
5207 1668
5206 1668
5205 1667
5205 1666
5204 1666
5203 1665
5202 1664
5201 1663
5200 1662
5199 1662
5198 1662
5197 1661
5196 1660
5195 1660
5194 1660
5193 1659
5192 1658
5191 1658
5190 1658
5189 1658
5188 1657
5187 1657
5186 1656
5185 1656
5184 1656
5183 1655
5182 1654
5181 1654
5180 1654
5179 1654
5178 1653
5177 1653
5176 1653
5175 1653
5174 1653
5173 1653
5172 1652
5171 1652
5170 1652
5169 1652
5168 1651
5167 1651
5166 1651
5165 1651
5164 1650
5163 1650
5162 1650
5161 1650
5160 1649
5159 1649
5158 1649
5157 1649
5156 1648
5155 1648
5154 1648
5153 1647
5152 1646
5151 1646
5150 1646
5149 1646
5148 1645
5147 1645
5146 1645
5145 1645
5144 1645
5143 1645
5142 1644
5141 1644
5140 1644
5139 1643
5138 1642
5137 1642
5136 1642
5135 1641
5134 1640
5133 1640
5132 1640
5131 1639
5130 1638
5129 1638
5128 1638
5127 1637
5126 1636
5125 1636
5124 1635
5123 1634
5122 1634
5121 1633
5121 1632
5120 1632
5119 1631
5118 1630
5117 1629
5116 1628
5115 1628
5114 1627
5113 1626
5112 1626
5111 1625
5110 1624
5109 1623
5108 1622
5107 1622
5106 1621
5105 1620
5104 1620
5103 1619
5103 1618
5102 1618
5101 1617
5101 1616
5100 1616
5099 1615
5099 1614
5098 1614
5097 1613
5096 1612
5095 1611
5094 1610
5093 1610
5092 1610
5091 1609
5090 1608
5089 1608
5088 1608
5087 1607
5086 1606
5085 1606
5084 1606
5083 1606
5082 1605
5081 1605
5080 1605
5079 1605
5078 1605
5077 1605
5076 1604
5075 1604
5074 1604
5073 1604
5072 1603
5071 1603
5070 1602
5069 1602
5068 1602
5067 1601
5066 1600
5065 1600
5064 1599
5063 1599
5062 1598
5061 1597
5060 1596
5059 1596
5058 1595
5057 1595
5056 1594
5055 1593
5054 1592
5053 1592
5052 1592
5051 1591
5050 1590
5049 1590
5048 1590
5047 1590
5046 1589
5045 1589
5044 1589
5043 1589
5042 1588
5041 1588
5040 1588
5039 1588
5038 1587
5037 1587
5036 1587
5035 1587
5034 1587
5033 1587
5032 1586
5031 1586
5030 1586
5029 1586
5028 1585
5027 1585
5026 1584
5025 1584
5024 1584
5023 1583
5022 1582
5021 1582
5020 1582
5019 1581
5018 1580
5017 1580
5016 1580
5015 1579
5014 1578
5013 1578
5012 1578
5011 1578
5010 1577
5009 1577
5008 1576
5007 1576
5006 1575
5005 1574
5004 1574
5003 1573
5003 1572
5002 1572
5001 1571
5001 1570
5000 1570
4999 1569
4999 1568
4998 1568
4997 1567
4996 1566
4995 1565
4994 1564
4993 1564
4992 1563
4991 1562
4990 1562
4989 1561
4989 1560
4988 1560
4987 1559
4986 1558
4985 1557
4984 1556
4983 1556
4982 1556
4981 1555
4980 1554
4979 1554
4978 1553
4977 1553
4976 1552
4975 1551
4974 1550
4973 1550
4972 1550
4971 1549
4970 1548
4969 1548
4968 1548
4967 1547
4966 1546
4965 1546
4964 1546
4963 1545
4962 1544
4961 1544
4960 1544
4959 1543
4958 1542
4957 1542
4956 1542
4955 1541
4954 1540
4953 1540
4952 1540
4951 1540
4950 1539
4949 1539
4948 1538
4947 1538
4946 1538
4945 1538
4944 1537
4943 1537
4942 1536
4941 1536
4940 1536
4939 1535
4938 1534
4937 1534
4936 1534
4935 1534
4934 1533
4933 1533
4932 1533
4931 1533
4930 1533
4929 1533
4928 1533
4927 1533
4926 1533
4925 1533
4924 1533
4923 1533
4922 1533
4921 1533
4920 1533
4919 1533
4918 1533
4917 1533
4916 1533
4915 1533
4914 1533
4913 1533
4912 1533
4911 1533
4910 1533
4909 1533
4908 1533
4907 1533
4906 1533
4905 1533
4904 1532
4903 1532
4902 1532
4901 1532
4900 1531
4899 1531
4898 1530
4897 1530
4896 1530
4895 1530
4894 1529
4893 1529
4892 1529
4891 1529
4890 1529
4889 1529
4888 1529
4887 1529
4886 1529
4885 1529
4884 1529
4883 1529
4882 1529
4881 1529
4880 1529
4879 1529
4878 1529
4877 1529
4876 1529
4875 1529
4874 1529
4873 1529
4872 1529
4871 1529
4870 1529
4869 1529
4868 1529
4867 1529
4866 1529
4865 1529
4864 1529
4863 1529
4862 1529
4861 1529
4860 1528
4859 1528
4858 1528
4857 1528
4856 1527
4855 1527
4854 1527
4853 1527
4852 1527
4851 1527
4850 1526
4849 1526
4848 1526
4847 1526
4846 1525
4845 1525
4844 1525
4843 1525
4842 1525
4841 1525
4840 1525
4839 1525
4838 1524
4837 1524
4836 1524
4835 1524
4834 1523
4833 1523
4832 1523
4831 1523
4830 1522
4829 1522
4828 1522
4827 1522
4826 1521
4825 1521
4824 1521
4823 1521
4822 1521
4821 1521
4820 1520
4819 1520
4818 1520
4817 1520
4816 1519
4815 1519
4814 1518
4813 1518
4812 1518
4811 1518
4810 1517
4809 1517
4808 1516
4807 1516
4806 1516
4805 1515
4804 1514
4803 1514
4802 1514
4801 1514
4800 1513
4799 1513
4798 1512
4797 1512
4796 1511
4795 1511
4794 1510
4793 1509
4792 1508
4791 1508
4790 1507
4789 1506
4788 1506
4787 1505
4787 1504
4786 1504
4785 1503
4784 1502
4783 1501
4782 1500
4781 1500
4780 1500
4779 1499
4778 1498
4777 1498
4776 1498
4775 1497
4774 1496
4773 1496
4772 1496
4771 1495
4770 1494
4769 1494
4768 1494
4767 1493
4766 1492
4765 1492
4764 1492
4763 1492
4762 1491
4761 1491
4760 1490
4759 1490
4758 1490
4757 1490
4756 1489
4755 1489
4754 1489
4753 1489
4752 1488
4751 1488
4750 1488
4749 1488
4748 1487
4747 1487
4746 1486
4745 1486
4744 1486
4743 1486
4742 1485
4741 1485
4740 1484
4739 1484
4738 1484
4737 1483
4736 1482
4735 1482
4734 1482
4733 1481
4732 1480
4731 1480
4730 1480
4729 1479
4728 1478
4727 1478
4726 1478
4725 1477
4724 1476
4723 1476
4722 1476
4721 1475
4720 1474
4719 1474
4718 1474
4717 1474
4716 1473
4715 1473
4714 1472
4713 1472
4712 1472
4711 1471
4710 1470
4709 1470
4708 1470
4707 1469
4706 1468
4705 1468
4704 1468
4703 1468
4702 1467
4701 1467
4700 1466
4699 1466
4698 1466
4697 1465
4696 1464
4695 1464
4694 1464
4693 1464
4692 1463
4691 1463
4690 1462
4689 1462
4688 1462
4687 1462
4686 1461
4685 1461
4684 1460
4683 1460
4682 1460
4681 1459
4680 1458
4679 1458
4678 1458
4677 1457
4676 1456
4675 1456
4674 1456
4673 1456
4672 1455
4671 1455
4670 1454
4669 1454
4668 1454
4667 1453
4666 1452
4665 1452
4664 1452
4663 1452
4662 1451
4661 1451
4660 1450
4659 1450
4658 1450
4657 1450
4656 1449
4655 1449
4654 1449
4653 1449
4652 1448
4651 1448
4650 1448
4649 1447
4648 1446
4647 1446
4646 1446
4645 1446
4644 1445
4643 1445
4642 1445
4641 1445
4640 1444
4639 1444
4638 1444
4637 1444
4636 1443
4635 1443
4634 1443
4633 1443
4632 1442
4631 1442
4630 1442
4629 1442
4628 1441
4627 1441
4626 1441
4625 1441
4624 1441
4623 1441
4622 1441
4621 1441
4620 1441
4619 1441
4618 1441
4617 1441
4616 1440
4615 1440
4614 1440
4613 1440
4612 1439
4611 1439
4610 1439
4609 1439
4608 1439
4607 1439
4606 1439
4605 1439
4604 1439
4603 1439
4602 1439
4601 1439
4600 1439
4599 1439
4598 1439
4597 1439
4596 1439
4595 1439
4594 1439
4593 1439
4592 1439
4591 1439
4590 1439
4589 1439
4588 1439
4587 1439
4586 1439
4585 1439
4584 1439
4583 1439
4582 1439
4581 1439
4580 1439
4579 1439
4578 1439
4577 1439
4576 1439
4575 1439
4574 1439
4573 1439
4572 1439
4571 1439
4570 1439
4569 1439
4568 1439
4567 1439
4566 1439
4565 1439
4564 1439
4563 1439
4562 1439
4561 1439
4560 1439
4559 1439
4558 1439
4557 1439
4556 1439
4555 1439
4554 1439
4553 1439
4552 1439
4551 1439
4550 1439
4549 1439
4548 1439
4547 1439
4546 1439
4545 1439
4544 1439
4543 1439
4542 1439
4541 1439
4540 1439
4539 1439
4538 1439
4537 1439
4536 1439
4535 1439
4534 1439
4533 1439
4532 1439
4531 1439
4530 1439
4529 1439
4528 1439
4527 1439
4526 1439
4525 1439
4524 1439
4523 1439
4522 1439
4521 1439
4520 1439
4519 1439
