1132 1537
1131 1538
1130 1538
1129 1539
1128 1540
1128 1541
1127 1542
1127 1543
1127 1544
1127 1545
1127 1546
1127 1547
1128 1548
1128 1549
1128 1550
1128 1551
1129 1552
1129 1553
1130 1554
1131 1555
1132 1556
1133 1557
1134 1558
1134 1559
1135 1560
1136 1561
1136 1562
1137 1563
1137 1564
1138 1565
1138 1566
1139 1567
1139 1568
1140 1568
1141 1569
1142 1569
1143 1569
1144 1570
1145 1570
1146 1571
1147 1572
1148 1572
1149 1573
1150 1573
1151 1573
1152 1574
1153 1574
1154 1574
1155 1575
1156 1575
1157 1575
1158 1576
1159 1576
1160 1576
1161 1576
1162 1576
1163 1576
1164 1576
1165 1576
1166 1576
1167 1577
1168 1577
1169 1577
1170 1578
1171 1578
1172 1578
1173 1579
1174 1579
1175 1579
1176 1579
1177 1579
1178 1579
1179 1579
1180 1579
1181 1578
1182 1578
1183 1577
1184 1576
1185 1575
1186 1574
1186 1573
1187 1572
1187 1571
1187 1570
1187 1569
1188 1568
1188 1567
1188 1566
1188 1565
1188 1564
1188 1563
1188 1562
1188 1561
1187 1560
1187 1559
1187 1558
1186 1557
1185 1556
1184 1555
1183 1554
1182 1553
1181 1552
1180 1551
1179 1550
1178 1549
1177 1548
1176 1548
1175 1547
1174 1546
1173 1546
1172 1545
1171 1545
1170 1545
1169 1545
1168 1544
1167 1544
1166 1543
1165 1543
1164 1543
1163 1542
1162 1541
1161 1541
1160 1540
1159 1540
1158 1540
1157 1540
1156 1539
1155 1539
1154 1539
1153 1539
1152 1539
1151 1539
1150 1539
1149 1539
1148 1539
1147 1539
1146 1539
1145 1539
1144 1539
1143 1539
1142 1538
1141 1538
1140 1538
1139 1537
1138 1537
1137 1537
1136 1537
1135 1537
1134 1537
1133 1537
1132 1537
