284 1728
283 1729
282 1729
281 1729
280 1730
279 1730
278 1730
277 1730
276 1730
275 1731
274 1731
273 1731
272 1731
271 1731
270 1731
269 1731
268 1732
267 1732
266 1732
265 1732
264 1733
263 1733
262 1733
261 1733
260 1733
259 1733
258 1733
257 1733
256 1733
255 1733
254 1733
253 1733
252 1733
251 1733
250 1733
249 1733
248 1734
247 1734
246 1735
245 1736
244 1736
243 1736
242 1737
241 1738
240 1738
239 1739
238 1739
237 1740
236 1740
235 1740
234 1741
233 1741
232 1741
231 1741
230 1741
229 1742
228 1743
227 1744
226 1745
225 1746
225 1747
224 1748
224 1749
223 1750
223 1751
222 1752
221 1752
220 1753
219 1754
218 1755
218 1756
218 1757
218 1758
218 1759
217 1760
217 1761
217 1762
217 1763
217 1764
217 1765
217 1766
217 1767
217 1768
218 1769
219 1770
220 1771
221 1772
222 1773
223 1773
224 1773
225 1773
226 1773
227 1774
228 1774
229 1774
230 1774
231 1774
232 1774
233 1774
234 1775
235 1775
236 1776
237 1776
238 1776
239 1777
240 1778
241 1778
242 1778
243 1778
244 1778
245 1778
246 1778
247 1778
248 1778
249 1779
250 1779
251 1779
252 1779
253 1779
254 1779
255 1779
256 1779
257 1780
258 1780
259 1780
260 1781
261 1781
262 1781
263 1781
264 1782
265 1782
266 1782
267 1782
268 1782
269 1782
270 1782
271 1782
272 1782
273 1782
274 1783
275 1783
276 1783
277 1783
278 1783
279 1784
280 1784
281 1785
282 1785
283 1785
284 1786
285 1786
286 1786
287 1786
288 1786
289 1786
290 1786
291 1786
292 1786
293 1786
294 1786
295 1786
296 1785
297 1785
298 1785
299 1784
300 1784
301 1784
302 1784
303 1784
304 1784
305 1784
306 1785
307 1785
308 1785
309 1786
310 1786
311 1785
312 1785
313 1784
313 1783
314 1782
314 1781
314 1780
314 1779
314 1778
314 1777
314 1776
314 1775
314 1774
314 1773
315 1772
316 1771
317 1770
318 1770
319 1770
320 1769
321 1769
322 1769
323 1769
324 1769
325 1768
326 1767
327 1766
327 1765
327 1764
328 1763
329 1762
329 1761
330 1760
330 1759
330 1758
331 1757
331 1756
331 1755
331 1754
331 1753
331 1752
332 1751
332 1750
332 1749
332 1748
332 1747
332 1746
332 1745
332 1744
331 1743
330 1742
329 1741
328 1740
327 1739
326 1738
325 1738
324 1737
323 1736
322 1736
321 1736
320 1736
319 1735
318 1735
317 1735
316 1734
315 1734
314 1733
313 1733
312 1732
311 1732
310 1732
309 1732
308 1731
307 1731
306 1731
305 1730
304 1730
303 1730
302 1730
301 1730
300 1730
299 1730
298 1730
297 1730
296 1729
295 1729
294 1729
293 1728
292 1728
291 1728
290 1728
289 1728
288 1728
287 1728
286 1728
285 1728
284 1728
