359 853
358 854
357 855
356 856
355 857
355 858
354 859
354 860
353 861
353 862
352 863
352 864
351 865
351 866
351 867
350 868
350 869
350 870
350 871
350 872
350 873
350 874
350 875
350 876
350 877
350 878
350 879
351 880
351 881
351 882
351 883
351 884
352 885
352 886
352 887
352 888
353 889
353 890
353 891
354 892
354 893
354 894
354 895
354 896
354 897
354 898
354 899
354 900
354 901
354 902
354 903
354 904
354 905
354 906
354 907
354 908
355 909
356 910
357 910
358 911
359 912
360 912
361 913
362 913
363 913
364 913
365 913
366 914
367 914
368 914
369 914
370 914
371 915
372 915
373 915
374 916
375 916
376 916
377 916
378 916
379 917
380 917
381 917
382 918
383 918
384 918
385 918
386 919
387 919
388 919
389 919
390 920
391 920
392 921
393 922
394 922
395 923
396 923
397 923
398 923
399 923
400 923
401 923
402 924
403 924
404 924
405 924
406 924
407 924
408 924
409 924
410 924
411 924
412 924
413 924
414 924
415 924
416 924
417 924
418 924
419 924
420 924
421 924
422 924
423 924
424 924
425 924
426 924
427 924
428 924
429 923
430 923
431 923
432 923
433 923
434 923
435 923
436 922
437 922
438 921
439 920
440 919
441 918
442 917
443 916
444 915
445 914
446 914
447 913
448 912
449 912
450 912
451 911
452 911
453 910
454 910
455 909
456 909
457 909
458 908
459 908
460 907
461 906
462 905
463 904
464 903
465 902
466 901
467 900
468 899
468 898
469 897
469 896
469 895
469 894
469 893
469 892
469 891
469 890
469 889
469 888
469 887
469 886
469 885
469 884
469 883
468 882
468 881
467 880
467 879
467 878
466 877
466 876
466 875
465 874
465 873
465 872
465 871
465 870
464 869
463 868
462 867
461 867
460 867
459 867
458 867
457 867
456 867
455 867
454 866
453 866
452 866
451 865
450 865
449 864
448 864
447 863
446 863
445 863
444 862
443 862
442 862
441 861
440 861
439 861
438 860
437 860
436 860
435 859
434 859
433 859
432 859
431 859
430 858
429 858
428 858
427 858
426 858
425 858
424 858
423 857
422 857
421 857
420 857
419 857
418 857
417 857
416 857
415 857
414 857
413 857
412 857
411 856
410 856
409 856
408 855
407 855
406 855
405 855
404 855
403 855
402 855
401 855
400 854
399 854
398 854
397 854
396 854
395 854
394 853
393 853
392 853
391 853
390 853
389 853
388 853
387 853
386 853
385 853
384 853
383 853
382 853
381 853
380 854
379 854
378 854
377 854
376 853
375 853
374 853
373 853
372 853
371 853
370 853
369 853
368 853
367 853
366 853
365 853
364 853
363 853
362 853
361 853
360 853
359 853
