822 2090
821 2091
820 2091
819 2092
818 2092
817 2093
816 2094
815 2095
814 2095
813 2096
812 2096
811 2097
810 2097
809 2098
808 2098
807 2098
806 2099
805 2099
804 2100
803 2101
802 2102
801 2102
801 2103
800 2104
800 2105
801 2106
801 2107
801 2108
802 2109
803 2109
804 2109
805 2110
806 2110
807 2111
808 2111
809 2111
810 2112
811 2112
812 2112
813 2112
814 2113
815 2113
816 2112
817 2113
818 2113
819 2113
820 2114
821 2113
822 2113
823 2113
824 2113
825 2113
826 2113
827 2113
828 2113
829 2113
830 2113
831 2113
832 2113
833 2113
834 2113
835 2114
836 2114
837 2114
838 2115
839 2115
840 2115
841 2116
842 2116
843 2116
844 2116
845 2116
846 2116
847 2116
848 2116
849 2116
850 2116
851 2116
852 2116
853 2116
854 2115
855 2115
856 2115
857 2115
858 2114
859 2114
860 2113
861 2112
862 2111
863 2110
863 2109
864 2108
864 2107
864 2106
864 2105
864 2104
864 2103
864 2102
864 2101
864 2100
864 2099
864 2098
863 2097
863 2096
862 2095
861 2095
860 2095
859 2094
858 2094
857 2094
856 2093
855 2092
854 2092
853 2092
852 2091
851 2091
850 2091
849 2091
848 2091
847 2091
846 2091
845 2091
844 2091
843 2091
842 2091
841 2091
840 2091
839 2091
838 2091
837 2091
836 2091
835 2091
834 2091
833 2091
832 2091
831 2091
830 2091
829 2091
828 2091
827 2090
826 2090
825 2090
824 2090
823 2090
822 2090
