115 1592
114 1593
113 1593
112 1594
111 1595
110 1596
110 1597
110 1598
110 1599
110 1600
111 1601
111 1602
111 1603
112 1604
112 1605
112 1606
113 1607
114 1608
114 1609
115 1610
116 1611
116 1612
117 1613
118 1614
118 1615
119 1616
119 1617
120 1618
121 1619
121 1620
122 1621
123 1622
123 1623
124 1624
124 1625
125 1626
126 1627
126 1628
127 1629
128 1630
128 1631
128 1632
129 1633
130 1634
130 1635
131 1636
132 1637
132 1638
133 1639
134 1640
135 1641
136 1642
136 1643
137 1644
138 1645
139 1646
139 1647
140 1648
141 1649
142 1650
142 1651
143 1652
144 1653
145 1654
146 1655
147 1656
148 1657
149 1658
150 1659
151 1660
152 1661
153 1662
153 1663
154 1664
155 1665
155 1666
156 1667
157 1668
157 1669
158 1670
159 1671
160 1672
161 1673
162 1674
163 1675
164 1676
165 1677
166 1678
167 1679
168 1680
169 1681
170 1681
171 1682
172 1683
173 1683
174 1684
175 1684
176 1684
177 1684
178 1685
179 1686
180 1686
181 1687
182 1688
183 1689
184 1689
185 1690
186 1691
187 1691
188 1692
189 1692
190 1693
191 1693
192 1694
193 1694
194 1695
195 1695
196 1695
197 1695
198 1695
199 1695
200 1695
201 1695
202 1695
203 1695
204 1694
205 1694
206 1693
207 1692
208 1692
209 1691
210 1691
211 1690
212 1690
213 1690
214 1689
215 1688
216 1688
217 1687
218 1686
219 1685
220 1684
221 1683
222 1682
223 1682
224 1681
225 1681
226 1680
227 1679
228 1678
229 1677
230 1677
231 1677
232 1676
233 1676
234 1675
235 1675
236 1674
237 1673
238 1672
239 1672
240 1672
241 1672
242 1671
243 1671
244 1671
245 1670
246 1670
247 1670
248 1669
249 1669
250 1668
251 1668
252 1668
253 1667
254 1667
255 1667
256 1666
257 1666
258 1665
259 1665
260 1665
261 1664
262 1663
263 1662
264 1661
265 1660
266 1659
267 1658
268 1657
269 1656
270 1655
271 1654
271 1653
272 1652
272 1651
272 1650
272 1649
273 1648
273 1647
274 1646
274 1645
274 1644
274 1643
274 1642
275 1641
275 1640
275 1639
275 1638
275 1637
275 1636
275 1635
275 1634
275 1633
275 1632
275 1631
275 1630
274 1629
274 1628
273 1627
273 1626
273 1625
273 1624
273 1623
272 1622
272 1621
272 1620
271 1619
271 1618
270 1617
269 1616
268 1615
267 1614
266 1613
265 1612
264 1611
263 1610
262 1609
261 1608
260 1607
259 1606
258 1606
257 1605
256 1605
255 1605
254 1604
253 1604
252 1604
251 1604
250 1604
249 1603
248 1603
247 1603
246 1603
245 1602
244 1602
243 1602
242 1602
241 1602
240 1601
239 1601
238 1601
237 1601
236 1601
235 1601
234 1601
233 1601
232 1601
231 1601
230 1601
229 1601
228 1601
227 1601
226 1601
225 1601
224 1601
223 1601
222 1601
221 1601
220 1601
219 1602
218 1602
217 1602
216 1602
215 1602
214 1602
213 1602
212 1602
211 1602
210 1602
209 1602
208 1602
207 1602
206 1602
205 1603
204 1603
203 1603
202 1603
201 1603
200 1603
199 1603
198 1603
197 1603
196 1603
195 1603
194 1603
193 1603
192 1603
191 1604
190 1604
189 1604
188 1604
187 1604
186 1604
185 1604
184 1604
183 1604
182 1604
181 1604
180 1604
179 1604
178 1604
177 1604
176 1604
175 1604
174 1604
173 1604
172 1604
171 1604
170 1604
169 1604
168 1604
167 1604
166 1604
165 1604
164 1604
163 1604
162 1604
161 1604
160 1604
159 1604
158 1604
157 1604
156 1604
155 1604
154 1604
153 1604
152 1604
151 1604
150 1604
149 1604
148 1603
147 1603
146 1602
145 1602
144 1602
143 1602
142 1602
141 1602
140 1602
139 1601
138 1601
137 1600
136 1600
135 1599
134 1599
133 1599
132 1598
131 1598
130 1598
129 1597
128 1596
127 1596
126 1596
125 1596
124 1595
123 1595
122 1594
121 1594
120 1593
119 1593
118 1593
117 1593
116 1592
115 1592
