977 547
976 548
975 548
974 548
973 548
972 548
971 548
970 548
969 548
968 548
967 548
966 548
965 548
964 548
963 548
962 548
961 548
960 548
959 548
958 548
957 548
956 548
955 548
954 548
953 548
952 548
951 548
950 548
949 548
948 548
947 548
946 548
945 548
944 548
943 548
942 548
941 548
940 548
939 548
938 548
937 548
936 548
935 548
934 549
933 549
932 549
931 549
930 549
929 549
928 549
927 549
926 550
925 550
924 550
923 550
922 550
921 550
920 550
919 550
918 550
917 550
916 550
915 550
914 550
913 550
912 550
911 550
910 550
909 550
908 550
907 550
906 550
905 550
904 550
903 549
902 549
901 549
900 549
899 549
898 549
897 549
896 549
895 549
894 549
893 549
892 549
891 549
890 549
889 549
888 549
887 549
886 549
885 549
884 549
883 549
882 549
881 549
880 549
879 549
878 549
877 549
876 550
875 551
874 552
873 553
872 553
871 554
870 554
869 554
868 555
867 555
866 556
865 557
864 557
863 558
862 558
861 558
860 559
859 559
858 559
858 560
858 561
858 562
858 563
858 564
858 565
858 566
858 567
858 568
858 569
858 570
859 571
860 572
860 573
861 574
861 575
862 576
863 577
864 578
864 579
864 580
865 581
866 582
866 583
867 584
868 585
869 586
870 587
871 588
872 589
873 590
874 591
875 592
875 593
876 594
877 595
877 596
878 597
879 598
880 598
881 599
882 599
883 599
884 599
885 599
886 599
887 599
888 599
889 599
890 599
891 600
892 601
893 602
894 602
895 603
896 604
897 604
898 605
898 606
899 606
900 607
901 607
902 608
903 608
904 609
905 610
906 611
907 611
908 611
909 611
910 611
911 611
912 611
913 611
914 611
915 611
916 611
917 611
918 611
919 611
920 611
921 611
922 612
923 612
924 612
925 613
926 613
927 612
928 612
929 612
930 611
931 611
932 610
933 610
934 610
935 610
936 610
937 609
938 609
939 609
940 609
941 609
942 609
943 609
944 609
945 609
946 609
947 609
948 609
949 609
950 609
951 609
952 610
953 611
954 611
955 611
956 611
957 611
958 611
959 611
960 611
961 611
962 611
963 611
964 612
965 612
966 612
967 613
968 613
969 614
970 614
971 614
972 614
973 614
974 614
975 614
976 614
977 614
978 614
979 614
980 614
981 614
982 614
983 614
984 614
985 614
986 614
987 614
988 613
989 613
990 613
991 612
992 612
993 612
994 611
995 611
996 611
997 611
998 611
999 611
1000 611
1001 610
1002 610
1003 610
1004 610
1005 610
1006 609
1007 609
1008 608
1009 608
1010 607
1011 607
1012 606
1013 606
1014 606
1015 606
1016 606
1017 606
1018 606
1019 606
1020 605
1021 605
1022 605
1023 604
1024 604
1025 604
1026 604
1027 604
1028 603
1029 603
1030 602
1031 602
1032 601
1033 601
1034 600
1035 600
1036 599
1037 598
1038 598
1039 597
1040 596
1041 596
1042 595
1042 594
1043 593
1044 592
1044 591
1045 590
1045 589
1045 588
1045 587
1045 586
1045 585
1045 584
1045 583
1045 582
1045 581
1044 580
1044 579
1043 578
1043 577
1043 576
1043 575
1043 574
1043 573
1043 572
1043 571
1042 570
1042 569
1041 568
1040 567
1039 567
1038 567
1037 566
1036 566
1035 566
1034 566
1033 566
1032 566
1031 566
1030 566
1029 566
1028 566
1027 566
1026 566
1025 566
1024 566
1023 566
1022 565
1021 565
1020 564
1019 564
1018 564
1017 564
1016 564
1015 564
1014 563
1013 563
1012 562
1011 561
1010 560
1009 559
1008 558
1007 557
1006 556
1005 555
1004 555
1003 554
1002 553
1001 552
1000 552
999 551
998 551
997 550
996 550
995 550
994 550
993 550
992 549
991 549
990 549
989 548
988 548
987 548
986 548
985 548
984 548
983 548
982 548
981 547
980 547
979 547
978 547
977 547
