281 904
280 905
279 905
278 905
277 905
276 905
275 905
274 905
273 905
272 906
271 906
270 906
269 906
268 906
267 906
266 906
265 906
264 906
263 907
262 907
261 907
260 908
259 908
258 908
257 909
256 909
255 910
254 910
253 910
252 910
251 910
250 910
249 910
249 911
248 912
247 913
246 914
245 914
244 915
243 915
242 916
241 916
240 917
239 918
239 919
238 920
237 921
237 922
237 923
237 924
237 925
237 926
238 927
239 928
240 929
241 930
242 930
243 931
244 932
245 933
245 934
246 935
247 935
248 936
249 936
250 936
251 936
252 936
253 936
254 936
255 937
256 937
257 937
258 937
259 938
260 938
261 938
262 938
263 938
264 938
265 938
266 938
267 938
268 938
269 938
270 938
271 938
272 938
273 938
274 938
275 938
276 938
277 938
278 938
279 938
280 938
281 938
282 938
283 937
284 937
285 937
286 937
287 937
288 937
289 937
290 936
291 936
292 936
293 936
294 936
295 936
296 936
297 936
298 936
299 936
300 936
301 935
302 935
303 934
304 934
305 933
306 933
307 932
308 932
309 931
310 930
311 930
312 929
313 928
313 927
314 926
314 925
314 924
314 923
314 922
314 921
314 920
314 919
314 918
314 917
314 916
313 915
313 914
312 913
311 912
310 911
309 911
308 911
307 910
306 909
305 909
304 908
303 907
302 907
301 906
300 906
299 906
298 906
297 906
296 906
295 905
294 905
293 905
292 904
291 904
290 904
289 904
288 904
287 904
286 904
285 904
284 904
283 904
282 904
281 904
