319 1176
318 1177
317 1177
316 1177
315 1178
314 1178
313 1178
312 1178
311 1178
310 1178
309 1178
308 1178
307 1178
306 1178
305 1178
304 1179
303 1179
302 1179
301 1179
300 1179
299 1179
298 1179
297 1179
296 1179
295 1179
294 1179
293 1179
292 1179
291 1179
290 1179
289 1179
288 1179
287 1179
286 1179
285 1180
284 1180
283 1180
282 1180
281 1180
280 1180
279 1180
278 1180
277 1180
276 1181
275 1181
274 1182
273 1182
272 1182
271 1183
270 1183
269 1183
268 1184
267 1184
266 1185
265 1185
264 1186
263 1186
262 1186
261 1186
260 1187
259 1187
258 1187
257 1188
256 1188
255 1189
254 1190
253 1191
252 1191
251 1191
250 1192
249 1193
248 1194
247 1194
246 1195
245 1195
244 1195
243 1196
242 1196
241 1196
240 1196
239 1196
238 1196
237 1197
236 1197
236 1198
235 1199
235 1200
234 1201
233 1202
233 1203
232 1204
232 1205
231 1206
231 1207
231 1208
230 1209
230 1210
229 1211
229 1212
228 1213
228 1214
228 1215
228 1216
228 1217
228 1218
228 1219
228 1220
228 1221
228 1222
228 1223
228 1224
228 1225
228 1226
228 1227
228 1228
228 1229
228 1230
228 1231
229 1232
230 1233
230 1234
231 1235
231 1236
232 1236
233 1237
234 1238
235 1238
236 1238
237 1239
238 1239
239 1239
240 1240
241 1241
242 1241
243 1241
244 1242
245 1242
246 1242
247 1243
248 1243
249 1244
250 1244
251 1244
252 1244
253 1245
254 1246
255 1247
256 1248
257 1249
258 1250
259 1251
260 1252
261 1252
262 1252
263 1252
264 1252
265 1252
266 1252
267 1252
268 1252
269 1252
270 1252
271 1252
272 1252
273 1252
274 1252
275 1252
276 1252
277 1252
278 1252
279 1252
280 1252
281 1252
282 1252
283 1252
284 1252
285 1252
286 1252
287 1252
288 1252
289 1252
290 1252
291 1251
292 1251
293 1251
294 1251
295 1251
296 1251
297 1251
298 1251
299 1251
300 1251
301 1251
302 1251
303 1251
304 1251
305 1251
306 1251
307 1251
308 1251
309 1251
310 1251
311 1251
312 1251
313 1251
314 1251
315 1251
316 1251
317 1251
318 1251
319 1251
320 1251
321 1250
322 1250
323 1250
324 1250
325 1250
326 1250
327 1250
328 1250
329 1250
330 1250
331 1250
332 1250
333 1250
334 1250
335 1249
336 1249
337 1249
338 1249
339 1249
340 1249
341 1249
342 1249
343 1249
344 1249
345 1249
346 1248
347 1248
348 1248
349 1247
350 1247
351 1247
352 1247
353 1247
354 1247
355 1247
356 1247
357 1247
358 1247
359 1247
360 1246
361 1246
362 1246
363 1246
364 1246
365 1245
366 1245
367 1245
368 1245
369 1245
370 1245
371 1245
372 1244
373 1244
374 1244
375 1244
376 1244
377 1244
378 1244
379 1244
380 1244
381 1244
382 1244
383 1243
384 1243
385 1243
386 1242
387 1242
388 1242
389 1242
390 1242
391 1242
392 1242
393 1242
394 1242
395 1242
396 1242
397 1243
398 1242
399 1242
400 1242
401 1241
402 1241
403 1241
404 1241
405 1240
406 1239
406 1238
407 1237
407 1236
407 1235
408 1234
408 1233
408 1232
408 1231
408 1230
408 1229
408 1228
408 1227
408 1226
408 1225
408 1224
408 1223
408 1222
408 1221
408 1220
408 1219
408 1218
408 1217
408 1216
408 1215
408 1214
408 1213
408 1212
408 1211
408 1210
408 1209
408 1208
408 1207
408 1206
408 1205
408 1204
408 1203
407 1202
406 1201
405 1200
404 1199
403 1199
402 1198
401 1197
400 1196
399 1195
398 1194
397 1193
396 1193
395 1193
394 1193
393 1193
392 1193
391 1193
390 1193
389 1193
388 1193
387 1193
386 1193
385 1193
384 1193
383 1193
382 1192
381 1192
380 1192
379 1191
378 1191
377 1191
376 1191
375 1191
374 1191
373 1191
372 1191
371 1191
370 1191
369 1191
368 1191
367 1191
366 1190
365 1190
364 1190
363 1190
362 1189
361 1189
360 1189
359 1188
358 1188
357 1187
356 1187
355 1186
354 1185
353 1185
352 1184
351 1184
350 1184
349 1183
348 1182
347 1182
346 1182
345 1181
344 1181
343 1180
342 1180
341 1180
340 1179
339 1179
338 1179
337 1179
336 1179
335 1179
334 1179
333 1178
332 1178
331 1178
330 1178
329 1178
328 1178
327 1177
326 1177
325 1177
324 1176
323 1177
322 1177
321 1177
320 1177
319 1176
