856 1107
855 1108
854 1108
853 1108
852 1108
851 1108
850 1108
849 1109
848 1110
847 1110
846 1111
845 1111
844 1110
843 1110
842 1110
841 1110
840 1110
839 1110
838 1110
837 1110
836 1110
835 1110
834 1111
833 1111
832 1111
831 1112
830 1112
829 1113
828 1113
827 1114
826 1114
825 1115
824 1116
823 1116
822 1116
821 1117
820 1117
819 1118
818 1119
817 1120
816 1120
815 1121
814 1122
813 1123
812 1124
811 1124
810 1124
809 1124
808 1125
807 1125
806 1125
805 1126
804 1126
803 1127
802 1128
801 1128
800 1129
799 1130
798 1131
797 1132
796 1133
795 1134
794 1135
793 1135
792 1136
791 1136
790 1137
790 1138
790 1139
790 1140
790 1141
790 1142
791 1143
791 1144
791 1145
792 1146
792 1147
792 1148
792 1149
793 1150
793 1151
794 1152
794 1153
794 1154
795 1155
795 1156
795 1157
796 1157
797 1158
798 1158
799 1158
800 1158
801 1159
802 1159
803 1159
804 1159
805 1159
806 1159
807 1160
808 1160
809 1160
810 1161
811 1161
812 1161
813 1162
814 1162
815 1162
816 1162
817 1163
818 1163
819 1163
820 1163
821 1164
822 1164
823 1164
824 1165
825 1165
826 1165
827 1166
828 1166
829 1166
830 1166
831 1167
832 1167
833 1168
834 1168
835 1168
836 1168
837 1168
838 1168
839 1168
840 1169
841 1170
842 1171
843 1171
844 1172
845 1172
846 1172
847 1173
848 1173
849 1173
850 1174
851 1174
852 1175
853 1175
854 1175
855 1176
856 1176
857 1176
858 1177
859 1177
860 1178
861 1178
862 1178
863 1179
864 1179
865 1180
866 1180
867 1180
868 1180
869 1180
870 1180
871 1180
872 1180
873 1180
874 1180
875 1180
876 1180
877 1180
878 1180
879 1180
880 1180
881 1180
882 1181
883 1180
884 1180
885 1180
886 1179
887 1179
888 1179
889 1179
890 1179
891 1179
892 1178
893 1178
894 1177
895 1177
896 1177
897 1177
898 1176
899 1175
900 1175
901 1174
902 1174
903 1174
904 1174
905 1174
906 1173
907 1172
908 1172
909 1172
910 1171
911 1171
912 1171
913 1171
914 1171
915 1171
916 1170
917 1170
918 1169
919 1168
920 1167
921 1166
922 1165
922 1164
923 1163
923 1162
924 1161
924 1160
924 1159
924 1158
924 1157
924 1156
924 1155
924 1154
924 1153
924 1152
924 1151
924 1150
924 1149
924 1148
924 1147
924 1146
924 1145
924 1144
924 1143
924 1142
923 1141
923 1140
923 1139
922 1138
922 1137
922 1136
921 1135
921 1134
921 1133
920 1132
920 1131
920 1130
920 1129
919 1128
919 1127
918 1126
917 1125
916 1125
915 1124
914 1123
913 1123
912 1122
911 1122
910 1121
909 1121
908 1120
907 1119
906 1118
905 1117
904 1116
903 1115
902 1114
902 1113
901 1112
900 1111
899 1110
898 1110
897 1110
896 1109
895 1109
894 1109
893 1108
892 1108
891 1108
890 1108
889 1108
888 1108
887 1108
886 1108
885 1108
884 1108
883 1108
882 1108
881 1108
880 1108
879 1108
878 1108
877 1107
876 1107
875 1107
874 1107
873 1107
872 1107
871 1107
870 1107
869 1107
868 1107
867 1107
866 1107
865 1107
864 1107
863 1107
862 1107
861 1107
860 1107
859 1107
858 1107
857 1107
856 1107
