261 2052
260 2053
259 2053
258 2053
257 2054
256 2054
255 2054
254 2055
253 2056
252 2056
252 2057
251 2058
250 2058
249 2059
248 2060
247 2060
246 2060
245 2061
244 2061
243 2061
242 2062
241 2062
240 2062
239 2062
238 2062
237 2063
236 2064
235 2065
235 2066
234 2067
234 2068
233 2069
233 2070
233 2071
233 2072
232 2073
232 2074
232 2075
232 2076
232 2077
232 2078
232 2079
232 2080
232 2081
232 2082
232 2083
232 2084
233 2085
233 2086
233 2087
234 2088
234 2089
234 2090
235 2091
236 2092
237 2093
238 2094
239 2095
240 2096
241 2097
242 2098
243 2099
244 2100
245 2100
246 2101
247 2101
248 2101
249 2102
250 2103
251 2103
252 2104
253 2104
254 2105
255 2105
256 2105
257 2106
258 2106
259 2106
260 2107
261 2107
262 2107
263 2107
264 2107
265 2107
266 2107
267 2107
268 2107
269 2107
270 2107
271 2107
272 2107
273 2107
274 2107
275 2107
276 2107
277 2107
278 2107
279 2106
280 2106
281 2106
282 2106
283 2106
284 2106
285 2106
286 2106
287 2106
288 2106
289 2106
290 2107
291 2107
292 2107
293 2107
294 2107
295 2107
296 2107
297 2107
298 2107
299 2107
300 2107
301 2108
302 2108
303 2108
304 2108
305 2108
306 2108
307 2108
308 2108
309 2108
310 2109
311 2109
312 2109
313 2109
314 2109
315 2109
316 2109
317 2109
318 2109
319 2109
320 2109
321 2109
322 2109
323 2109
324 2109
325 2109
326 2109
327 2109
328 2109
329 2109
330 2109
331 2109
332 2109
333 2109
334 2108
335 2108
336 2107
337 2106
338 2105
339 2105
340 2104
341 2103
342 2102
343 2101
344 2100
345 2099
346 2099
346 2098
347 2097
347 2096
347 2095
347 2094
347 2093
347 2092
347 2091
347 2090
347 2089
347 2088
347 2087
347 2086
347 2085
348 2084
348 2083
348 2082
348 2081
348 2080
348 2079
348 2078
348 2077
348 2076
347 2075
347 2074
347 2073
347 2072
346 2071
345 2070
344 2069
344 2068
343 2067
343 2066
342 2065
342 2064
341 2063
340 2062
340 2061
339 2061
338 2060
337 2060
336 2059
335 2059
334 2059
333 2058
332 2057
331 2056
330 2055
329 2055
328 2054
327 2054
326 2054
325 2054
324 2054
323 2054
322 2054
321 2054
320 2054
319 2054
318 2054
317 2054
316 2054
315 2054
314 2053
313 2053
312 2053
311 2053
310 2053
309 2053
308 2053
307 2053
306 2053
305 2053
304 2053
303 2053
302 2054
301 2054
300 2054
299 2054
298 2054
297 2054
296 2054
295 2054
294 2055
293 2055
292 2055
291 2056
290 2056
289 2056
288 2056
287 2056
286 2056
285 2056
284 2056
283 2056
282 2055
281 2055
280 2055
279 2054
278 2054
277 2053
276 2053
275 2053
274 2053
273 2052
272 2052
271 2052
270 2052
269 2052
268 2052
267 2052
266 2052
265 2052
264 2052
263 2052
262 2052
261 2052
