532 513
531 514
530 514
529 514
528 515
527 515
526 516
525 516
524 516
523 516
522 516
521 517
520 517
519 517
518 517
517 517
516 518
515 518
514 518
513 518
512 519
511 519
510 519
509 519
508 519
507 520
506 520
505 520
504 521
503 521
502 521
501 521
500 522
499 522
498 522
497 522
496 522
495 522
494 522
493 522
492 522
491 522
490 522
489 522
488 522
487 521
486 521
485 521
484 521
483 521
482 520
481 520
480 520
479 519
478 519
477 519
476 518
475 518
474 518
473 518
472 518
471 519
470 519
469 520
468 520
467 521
466 521
465 521
464 522
463 522
462 522
461 523
460 523
459 524
458 524
457 525
456 526
455 527
454 528
453 529
452 530
451 531
450 531
449 532
448 533
447 534
446 535
445 536
444 537
443 538
442 538
441 539
440 540
439 540
438 541
437 541
436 542
435 542
434 542
433 543
432 543
431 543
430 544
429 545
428 545
427 545
426 546
425 546
424 547
424 548
424 549
424 550
424 551
424 552
425 553
425 554
425 555
426 556
426 557
426 558
426 559
427 560
427 561
427 562
427 563
428 564
428 565
428 566
428 567
429 568
429 569
429 570
429 571
429 572
429 573
430 574
430 575
431 575
432 575
433 575
434 575
435 575
436 575
437 575
438 575
439 575
440 575
441 574
442 574
443 574
444 574
445 574
446 574
447 574
448 574
449 574
450 574
451 574
452 574
453 574
454 574
455 574
456 574
457 574
458 574
459 574
460 574
461 574
462 574
463 574
464 574
465 575
466 575
467 575
468 575
469 575
470 575
471 575
472 576
473 576
474 576
475 577
476 577
477 577
478 577
479 577
480 577
481 578
482 578
483 578
484 578
485 578
486 579
487 579
488 580
489 581
490 582
491 583
492 583
493 584
494 585
495 585
496 586
497 586
498 587
499 587
500 587
501 588
502 588
503 589
504 590
505 590
506 590
507 590
508 590
509 590
510 590
511 590
512 590
513 590
514 590
515 590
516 590
517 590
518 591
519 591
520 591
521 591
522 591
523 591
524 591
525 591
526 591
527 591
528 591
529 591
530 591
531 591
532 590
533 590
534 590
535 590
536 589
537 589
538 589
539 589
540 589
541 588
542 588
543 588
544 588
545 588
546 588
547 588
548 588
549 588
550 588
551 588
552 588
553 588
554 588
555 588
556 589
557 590
558 590
559 591
560 591
561 591
562 591
563 591
564 591
565 591
566 591
567 591
568 590
569 590
570 590
571 590
572 589
573 588
574 588
574 587
574 586
574 585
575 584
575 583
576 582
576 581
577 580
578 579
579 578
580 577
581 576
582 576
583 575
584 575
585 574
586 574
587 573
588 573
589 572
590 572
591 572
592 571
593 570
593 569
593 568
593 567
593 566
592 565
592 564
591 563
590 562
589 561
588 560
587 559
587 558
586 557
586 556
585 555
584 554
583 553
582 552
581 551
580 550
579 550
578 549
577 548
576 547
575 546
574 545
574 544
573 543
573 542
573 541
573 540
573 539
572 538
571 537
571 536
571 535
570 534
569 533
568 532
567 531
566 530
565 529
564 528
563 527
562 526
561 525
560 524
559 524
558 523
557 522
556 521
555 520
554 519
553 519
552 518
551 518
550 517
549 517
548 516
547 516
546 515
545 515
544 515
543 514
542 514
541 514
540 514
539 514
538 514
537 514
536 513
535 513
534 513
533 513
532 513
