511 869
510 870
510 871
509 872
509 873
508 874
507 875
506 876
505 877
504 878
503 879
502 879
501 879
500 879
499 880
498 881
497 881
496 881
495 881
494 881
493 881
492 882
491 882
490 882
489 883
488 883
487 883
486 883
485 884
484 884
483 884
482 884
481 885
480 885
479 886
478 886
477 886
476 886
475 886
474 886
473 887
472 887
471 887
470 888
469 888
468 888
467 889
466 890
465 890
464 891
463 892
462 892
461 892
460 893
459 894
458 895
457 896
456 897
455 898
454 899
453 900
452 901
451 902
450 903
449 904
448 905
448 906
448 907
448 908
448 909
448 910
448 911
448 912
448 913
448 914
448 915
448 916
449 917
449 918
450 919
451 920
452 920
453 921
454 921
455 921
456 921
457 920
458 920
459 920
460 919
461 919
462 919
463 919
464 919
465 920
466 920
467 920
468 920
469 920
470 920
471 920
472 920
473 920
474 920
475 920
476 920
477 920
478 920
479 920
480 921
481 921
482 921
483 921
484 921
485 921
486 921
487 922
488 922
489 922
490 923
491 923
492 923
493 923
494 923
495 923
496 923
497 923
498 923
499 923
500 923
501 923
502 923
503 923
504 923
505 923
506 923
507 923
508 923
509 923
510 923
511 923
512 923
513 923
514 923
515 923
516 923
517 923
518 924
519 924
520 924
521 924
522 924
523 924
524 924
525 924
526 924
527 924
528 923
529 923
530 923
531 923
532 923
533 923
534 923
535 923
536 923
537 923
538 923
539 923
540 923
541 923
542 923
543 923
544 923
545 923
546 923
547 923
548 923
549 922
550 922
551 922
552 921
553 921
554 920
555 920
556 919
557 919
558 918
559 918
560 917
561 917
562 917
563 916
564 915
565 914
566 913
567 912
568 911
569 910
569 909
570 908
570 907
570 906
571 905
571 904
571 903
571 902
571 901
571 900
570 899
570 898
570 897
569 896
569 895
568 894
568 893
567 892
566 891
565 890
564 889
563 888
562 887
561 887
560 886
559 886
558 886
557 885
556 884
555 883
554 882
553 882
552 881
551 881
550 880
549 879
548 879
547 878
546 877
545 876
544 875
543 875
542 874
541 874
540 873
539 873
538 873
537 872
536 872
535 872
534 871
533 871
532 871
531 871
530 871
529 872
528 872
527 873
526 874
526 875
526 876
525 877
524 878
523 878
522 877
521 876
520 875
519 874
519 873
518 872
517 871
516 871
515 870
514 869
513 869
512 869
511 869
