226 1003
225 1004
224 1004
223 1004
222 1005
221 1005
220 1005
219 1005
218 1005
217 1005
216 1005
215 1005
214 1005
213 1005
212 1005
211 1005
210 1005
209 1005
208 1005
207 1005
206 1004
205 1004
204 1004
203 1004
202 1004
201 1004
200 1004
199 1004
198 1004
197 1004
196 1004
195 1004
194 1004
193 1004
192 1004
191 1004
190 1004
189 1005
188 1005
187 1005
186 1005
185 1005
184 1006
183 1006
182 1006
181 1007
180 1007
179 1007
178 1007
177 1007
176 1007
175 1007
174 1007
173 1007
172 1007
171 1007
170 1007
169 1007
168 1007
167 1007
166 1007
165 1006
164 1006
163 1006
162 1005
161 1005
160 1005
159 1005
158 1005
157 1005
156 1005
155 1005
154 1005
153 1006
152 1006
151 1006
150 1007
149 1007
148 1008
147 1008
146 1009
145 1010
144 1010
143 1011
142 1011
141 1012
141 1013
140 1014
140 1015
140 1016
139 1017
139 1018
138 1019
137 1020
136 1021
135 1022
134 1023
133 1024
132 1025
131 1026
131 1027
130 1028
130 1029
130 1030
130 1031
131 1032
132 1033
132 1034
133 1035
134 1036
134 1037
135 1038
136 1039
136 1040
137 1041
138 1042
139 1043
140 1044
141 1045
142 1046
143 1047
144 1048
145 1049
146 1050
147 1051
148 1052
149 1053
150 1053
151 1054
152 1055
153 1055
154 1056
155 1056
156 1057
157 1057
158 1057
159 1058
160 1058
161 1059
162 1059
163 1060
164 1060
165 1060
166 1061
167 1061
168 1061
169 1062
170 1062
171 1062
172 1063
173 1063
174 1063
175 1063
176 1063
177 1064
178 1065
179 1065
180 1065
181 1065
182 1065
183 1065
184 1066
185 1066
186 1066
187 1066
188 1067
189 1067
190 1067
191 1068
192 1068
193 1068
194 1068
195 1068
196 1068
197 1069
198 1069
199 1069
200 1069
201 1069
202 1069
203 1069
204 1069
205 1069
206 1069
207 1068
208 1068
209 1068
210 1067
211 1066
212 1066
213 1065
214 1064
215 1064
216 1063
217 1062
218 1062
219 1061
220 1060
221 1059
222 1058
223 1057
224 1056
225 1056
226 1055
227 1055
228 1054
229 1053
230 1052
231 1051
232 1050
233 1049
234 1048
235 1047
236 1046
237 1045
238 1044
239 1043
240 1043
241 1042
242 1042
243 1041
244 1041
245 1040
245 1039
246 1038
246 1037
246 1036
246 1035
246 1034
246 1033
246 1032
246 1031
246 1030
246 1029
246 1028
246 1027
246 1026
246 1025
246 1024
245 1023
245 1022
245 1021
244 1020
244 1019
243 1018
243 1017
242 1016
241 1015
241 1014
240 1013
240 1012
239 1011
238 1010
237 1009
236 1009
235 1008
234 1007
233 1007
232 1006
231 1006
230 1005
229 1004
228 1003
227 1003
226 1003
