1409 250
1408 251
1407 251
1406 251
1405 252
1404 253
1403 253
1402 254
1401 255
1400 256
1399 257
1398 258
1397 259
1396 259
1395 260
1394 260
1393 260
1392 261
1391 261
1390 261
1389 261
1388 262
1387 262
1386 262
1385 262
1384 262
1383 263
1382 263
1381 263
1380 263
1379 264
1378 265
1377 265
1376 266
1375 267
1374 267
1373 268
1372 268
1371 268
1370 268
1369 268
1368 268
1367 268
1366 268
1365 268
1364 268
1363 268
1362 268
1361 268
1360 268
1359 268
1358 267
1357 267
1356 267
1355 266
1354 266
1353 266
1352 266
1351 266
1350 266
1349 266
1348 267
1347 267
1346 268
1345 268
1344 269
1343 269
1342 270
1341 270
1340 270
1339 271
1338 272
1337 272
1336 272
1335 273
1334 273
1333 273
1332 273
1331 273
1330 273
1329 273
1328 273
1327 273
1326 272
1325 272
1324 271
1323 270
1322 270
1321 270
1320 269
1319 269
1318 269
1317 269
1316 269
1315 269
1314 270
1313 270
1312 270
1311 271
1310 271
1309 271
1308 271
1307 271
1306 271
1305 271
1304 271
1303 271
1302 271
1301 271
1300 271
1299 271
1298 271
1297 271
1296 272
1295 272
1294 273
1293 274
1292 275
1291 276
1290 277
1289 277
1288 278
1287 278
1286 279
1285 279
1284 279
1283 279
1282 280
1281 280
1280 280
1279 280
1278 280
1277 280
1276 280
1275 280
1274 280
1273 280
1272 279
1271 279
1270 279
1269 279
1268 278
1267 278
1266 278
1265 278
1264 278
1263 279
1262 279
1261 279
1260 280
1259 280
1258 280
1257 280
1256 280
1255 280
1254 279
1253 279
1252 279
1251 278
1250 278
1249 278
1248 278
1247 278
1246 278
1245 278
1244 278
1243 278
1242 278
1241 278
1240 279
1239 279
1238 279
1237 280
1236 281
1235 281
1234 282
1233 283
1232 284
1231 285
1230 286
1229 287
1228 288
1227 289
1226 289
1225 290
1224 291
1223 292
1222 292
1221 293
1220 294
1219 295
1218 295
1217 296
1216 296
1215 296
1214 296
1213 297
1212 297
1211 297
1210 297
1209 297
1208 297
1207 297
1206 297
1205 297
1204 297
1203 297
1202 297
1201 297
1200 297
1199 297
1198 297
1197 297
1196 297
1195 297
1194 297
1193 297
1192 297
1191 297
1190 297
1189 297
1188 297
1187 297
1186 297
1185 297
1184 297
1183 297
1182 297
1181 297
1180 297
1179 297
1178 297
1177 297
1176 297
1175 297
1174 297
1173 297
1172 297
1171 297
1170 297
1169 297
1168 297
1167 297
1166 297
1165 297
1164 297
1163 297
1162 298
1161 298
1160 298
1159 298
1158 299
1157 299
1156 299
1155 299
1154 300
1153 300
1152 301
1151 302
1150 303
1149 303
1148 304
1147 304
1146 305
1145 305
1144 305
1143 306
1142 307
1141 307
1140 308
1139 308
1138 309
1137 310
1136 311
1135 311
1134 311
1133 311
1132 311
1131 311
1130 312
1129 312
1128 313
1127 314
1126 314
1125 315
1124 315
1123 315
1122 315
1121 315
1120 316
1119 316
1118 317
1117 317
1116 318
1115 318
1114 318
1113 319
1112 319
1111 319
1110 320
1109 321
1108 322
1107 323
1106 323
1105 324
1104 325
1103 325
1102 326
1101 327
1100 328
1099 328
1098 329
1097 329
1096 329
1095 329
1094 330
1093 330
1092 330
1091 331
1090 331
1089 331
1088 331
1087 332
1086 332
1085 332
1084 332
1083 333
1082 333
1081 333
1080 333
1079 334
1078 334
1077 334
1076 334
1075 334
1074 334
1073 334
1072 334
1071 334
1070 335
1069 335
1068 335
1067 336
1066 336
1065 336
1064 336
1063 336
1062 336
1061 336
1060 336
1059 336
1058 336
1057 336
1056 336
1055 336
1054 336
1053 336
1052 336
1051 336
1050 336
1049 336
1048 336
1047 336
1046 336
1045 336
1044 336
1043 336
1042 336
1041 336
1040 336
1039 336
1038 336
1037 336
1036 336
1035 336
1034 336
1033 337
1032 337
1031 337
1030 338
1029 338
1028 338
1027 339
1026 339
1025 340
1024 341
1023 342
1022 342
1021 343
1020 344
1019 345
1018 346
1017 346
1016 347
1016 348
1015 349
1014 349
1014 350
1013 351
1012 352
1011 353
1010 354
1010 355
1009 356
1008 357
1007 358
1006 359
1005 360
1004 361
1003 362
1002 363
1001 364
1000 365
999 366
998 367
997 368
996 369
995 370
994 370
993 371
992 371
991 371
990 371
989 372
988 372
987 373
986 374
985 375
984 376
983 377
982 378
981 379
980 380
979 381
978 382
977 383
976 384
975 384
974 385
973 386
972 386
971 387
970 388
969 388
968 389
967 390
966 390
965 391
964 392
963 393
962 394
961 395
960 395
959 395
958 396
957 397
956 397
955 398
954 399
953 400
953 401
952 402
951 403
951 404
951 405
950 406
949 407
948 408
947 409
946 410
945 411
944 412
944 413
943 414
943 415
943 416
942 417
942 418
941 419
940 420
940 421
939 422
938 423
938 424
937 425
937 426
936 427
936 428
936 429
936 430
936 431
936 432
935 433
935 434
934 435
933 436
932 437
932 438
931 439
931 440
930 441
930 442
930 443
929 444
929 445
929 446
929 447
928 448
928 449
927 450
926 451
926 452
925 453
924 454
923 454
923 455
922 456
921 456
921 457
920 458
919 459
919 460
918 461
918 462
917 463
917 464
917 465
916 466
916 467
916 468
915 469
915 470
915 471
915 472
914 473
914 474
914 475
913 476
913 477
913 478
912 479
912 480
911 481
910 482
910 483
910 484
910 485
910 486
910 487
909 488
909 489
909 490
908 491
908 492
908 493
908 494
908 495
907 496
907 497
906 498
905 499
905 500
904 501
904 502
904 503
903 504
903 505
903 506
903 507
903 508
903 509
903 510
903 511
903 512
903 513
904 514
904 515
904 516
904 517
904 518
904 519
904 520
904 521
904 522
904 523
904 524
904 525
904 526
904 527
903 528
903 529
903 530
902 531
902 532
901 533
901 534
900 535
900 536
899 537
899 538
899 539
899 540
899 541
898 542
898 543
898 544
897 545
896 546
896 547
896 548
896 549
896 550
896 551
896 552
896 553
896 554
896 555
896 556
896 557
895 558
895 559
895 560
895 561
894 562
894 563
894 564
894 565
894 566
894 567
894 568
894 569
894 570
894 571
895 572
895 573
895 574
896 575
896 576
897 577
898 578
898 579
898 580
899 581
900 582
900 583
901 584
902 585
902 586
903 587
903 588
904 589
904 590
905 591
905 592
906 593
906 594
906 595
906 596
906 597
907 598
907 599
907 600
908 601
908 602
908 603
909 603
910 603
911 603
912 603
912 602
912 601
912 600
912 599
913 598
914 598
915 598
916 599
917 600
917 601
918 602
919 602
920 603
920 604
921 604
922 605
923 606
924 607
925 608
926 609
927 610
928 611
929 612
930 613
931 614
932 615
933 616
934 617
935 618
935 619
936 620
937 621
937 622
938 623
939 624
939 625
940 626
941 627
942 628
943 629
944 630
945 631
946 631
947 632
948 632
949 632
950 633
951 634
952 635
952 636
953 637
953 638
954 639
954 640
955 641
956 642
957 643
957 644
958 645
959 646
960 647
960 648
961 649
962 650
963 651
963 652
964 653
964 654
964 655
965 656
965 657
965 658
966 659
967 660
968 661
969 662
970 662
971 662
972 662
973 662
974 661
975 660
976 659
977 659
978 659
979 659
980 659
981 660
982 660
983 661
984 662
985 662
986 663
987 663
988 663
989 664
990 664
991 664
992 665
993 665
994 665
995 664
995 663
995 662
995 661
996 660
996 659
997 658
998 657
999 657
1000 657
1001 657
1002 657
1003 658
1004 659
1005 660
1006 661
1007 662
1007 663
1008 664
1009 665
1009 666
1010 667
1011 668
1012 669
1013 670
1014 671
1015 672
1016 673
1017 674
1017 675
1018 676
1019 677
1020 678
1021 679
1022 680
1023 681
1024 682
1025 683
1026 684
1027 685
1027 686
1028 687
1029 688
1030 689
1030 690
1031 690
1032 691
1033 692
1034 692
1035 693
1036 694
1037 694
1038 695
1039 696
1040 697
1041 698
1042 699
1043 700
1044 701
1044 702
1044 703
1045 704
1045 705
1046 706
1046 707
1047 708
1047 709
1047 710
1048 711
1048 712
1049 713
1049 714
1049 715
1050 716
1051 717
1051 718
1052 719
1052 720
1053 721
1054 722
1054 723
1055 723
1056 724
1057 725
1058 725
1059 726
1060 727
1061 727
1062 728
1063 729
1064 729
1065 730
1066 731
1067 731
1068 731
1069 731
1070 731
1071 731
1072 732
1073 732
1074 732
1075 732
1076 733
1077 734
1078 735
1079 735
1080 736
1081 737
1082 738
1083 738
1084 738
1085 738
1086 738
1087 738
1088 738
1089 738
1090 738
1091 738
1092 738
1093 739
1094 739
1095 739
1096 739
1097 740
1098 740
1099 741
1100 741
1101 741
1102 742
1103 742
1104 742
1105 742
1106 743
1107 743
1108 743
1109 744
1110 745
1111 745
1112 745
1113 745
1114 745
1115 745
1116 745
1117 745
1118 745
1119 745
1120 745
1121 745
1122 745
1123 745
1124 745
1125 746
1126 746
1127 746
1128 747
1129 748
1130 748
1131 749
1132 750
1133 751
1134 752
1135 753
1136 754
1137 755
1138 755
1139 756
1140 757
1141 757
1142 758
1143 759
1144 760
1145 760
1146 761
1147 761
1148 761
1149 761
1150 762
1151 762
1152 762
1153 763
1154 763
1155 763
1156 763
1157 763
1158 763
1159 763
1160 763
1161 762
1162 762
1163 762
1164 761
1165 760
1166 760
1167 759
1168 758
1169 758
1170 758
1171 758
1172 758
1173 758
1174 757
1175 757
1176 757
1177 757
1178 756
1179 756
1180 756
1181 756
1182 756
1183 756
1184 756
1185 757
1186 757
1187 757
1188 757
1189 758
1190 758
1191 759
1192 759
1193 760
1194 760
1195 761
1196 761
1197 761
1198 761
1199 761
1200 761
1201 761
1202 761
1203 761
1204 762
1205 762
1206 762
1207 763
1208 764
1209 764
1210 765
1211 765
1212 766
1213 766
1214 767
1215 767
1216 767
1217 767
1218 767
1219 767
1220 767
1221 766
1222 767
1223 767
1224 767
1225 767
1226 768
1227 769
1228 769
1229 770
1230 771
1231 772
1232 773
1233 774
1234 774
1235 775
1236 776
1237 776
1238 777
1239 778
1240 779
1241 780
1242 781
1243 782
1244 783
1245 784
1246 785
1247 786
1248 787
1249 788
1250 788
1251 789
1252 790
1253 790
1254 790
1255 791
1256 792
1257 792
1258 792
1259 793
1260 793
1261 793
1262 793
1263 793
1264 793
1265 793
1266 793
1267 793
1268 793
1269 793
1270 793
1271 793
1272 793
1273 793
1274 792
1275 792
1276 792
1277 791
1278 790
1279 790
1280 790
1281 790
1282 789
1283 789
1284 788
1285 788
1286 788
1287 788
1288 788
1289 788
1290 788
1291 788
1292 788
1293 788
1294 788
1295 789
1296 790
1297 790
1298 791
1298 792
1299 792
1300 793
1301 794
1302 795
1303 795
1304 796
1305 797
1306 797
1307 798
1308 799
1309 799
1310 800
1311 801
1312 801
1313 801
1314 802
1315 802
1316 802
1317 802
1318 802
1319 802
1320 802
1321 802
1322 802
1323 803
1324 804
1325 804
1326 805
1327 806
1328 806
1329 806
1330 807
1331 807
1332 807
1333 807
1334 807
1335 807
1336 806
1337 806
1338 806
1339 805
1340 805
1341 806
1342 806
1343 806
1344 807
1345 807
1346 807
1347 807
1348 807
1349 807
1350 807
1351 807
1352 807
1353 807
1354 807
1355 807
1356 807
1357 807
1358 807
1359 807
1360 807
1361 807
1362 807
1363 807
1364 807
1365 807
1366 807
1367 806
1368 806
1369 806
1370 806
1371 805
1372 805
1373 805
1374 805
1375 805
1376 805
1377 805
1378 805
1379 805
1380 805
1381 805
1382 805
1383 805
1384 805
1385 805
1386 805
1387 805
1388 805
1389 805
1390 805
1391 805
1392 805
1393 805
1394 805
1395 805
1396 805
1397 805
1398 805
1399 805
1400 805
1401 805
1402 805
1403 805
1404 805
1405 805
1406 805
1407 805
1408 805
1409 805
1410 805
1411 805
1412 805
1413 804
1414 804
1415 804
1416 804
1417 803
1418 803
1419 803
1420 803
1421 803
1422 803
1423 804
1424 804
1425 805
1426 805
1427 806
1428 806
1429 807
1430 807
1431 807
1432 807
1433 807
1434 807
1435 807
1436 807
1437 807
1438 807
1439 807
1440 807
1441 807
1442 807
1443 807
1444 807
1445 807
1446 807
1447 807
1448 807
1449 807
1450 807
1451 807
1452 807
1453 807
1454 807
1455 807
1456 807
1457 807
1458 807
1459 807
1460 807
1461 807
1462 807
1463 807
1464 807
1465 807
1466 807
1467 807
1468 807
1469 807
1470 807
1471 807
1472 807
1473 807
1474 806
1475 806
1476 806
1477 806
1478 805
1479 805
1480 805
1481 805
1482 805
1483 805
1484 805
1485 804
1486 804
1487 804
1488 804
1489 803
1490 803
1491 803
1492 803
1493 803
1494 803
1495 803
1496 802
1497 802
1498 802
1499 802
1500 802
1501 802
1502 802
1503 802
1504 802
1505 802
1506 802
1507 802
1508 802
1509 802
1510 802
1511 802
1512 802
1513 802
1514 802
1515 802
1516 802
1517 802
1518 802
1519 802
1520 802
1521 802
1522 802
1523 801
1524 801
1525 801
1526 800
1527 800
1528 800
1529 800
1530 800
1531 800
1532 799
1533 799
1534 799
1535 799
1536 798
1537 798
1538 798
1539 798
1540 798
1541 798
1542 798
1543 798
1544 798
1545 798
1546 798
1547 798
1548 798
1549 798
1550 798
1551 798
1552 798
1553 798
1554 798
1555 798
1556 798
1557 798
1558 798
1559 797
1560 797
1561 797
1562 796
1563 796
1564 796
1565 796
1566 796
1567 796
1568 796
1569 796
1570 796
1571 796
1572 796
1573 796
1574 796
1575 796
1576 796
1577 796
1578 796
1579 796
1580 796
1581 796
1582 796
1583 796
1584 796
1585 796
1586 796
1587 796
1588 796
1589 796
1590 796
1591 796
1592 796
1593 796
1594 796
1595 796
1596 796
1597 796
1598 796
1599 796
1600 795
1601 795
1602 795
1603 795
1604 795
1605 795
1606 795
1607 795
1608 795
1609 795
1610 795
1611 795
1612 795
1613 795
1614 795
1615 795
1616 795
1617 795
1618 795
1619 795
1620 795
1621 795
1622 795
1623 795
1624 795
1625 795
1626 795
1627 795
1628 795
1629 795
1630 795
1631 795
1632 795
1633 794
1634 794
1635 794
1636 794
1637 793
1638 793
1639 793
1640 793
1641 793
1642 793
1643 792
1644 792
1645 792
1646 791
1647 791
1648 791
1649 791
1650 791
1651 791
1652 791
1653 791
1654 791
1655 791
1656 791
1657 791
1658 791
1659 791
1660 791
1661 791
1662 791
1663 791
1664 791
1665 791
1666 791
1667 791
1668 791
1669 791
1670 791
1671 790
1672 790
1673 790
1674 790
1675 789
1676 789
1677 789
1678 789
1679 789
1680 789
1681 789
1682 789
1683 789
1684 789
1685 789
1686 789
1687 789
1688 789
1689 789
1690 789
1691 788
1692 788
1693 788
1694 788
1695 788
1696 787
1697 787
1698 787
1699 787
1700 786
1701 786
1702 786
1703 786
1704 785
1705 785
1706 785
1707 784
1708 784
1709 784
1710 784
1711 784
1712 784
1713 784
1714 784
1715 784
1716 784
1717 784
1718 784
1719 784
1720 784
1721 784
1722 783
1723 783
1724 783
1725 782
1726 782
1727 782
1728 782
1729 782
1730 782
1731 781
1732 781
1733 781
1734 781
1735 781
1736 781
1737 781
1738 781
1739 781
1740 781
1741 781
1742 781
1743 781
1744 781
1745 781
1746 781
1747 781
1748 781
1749 781
1750 781
1751 781
1752 781
1753 781
1754 781
1755 781
1756 781
1757 781
1758 781
1759 781
1760 781
1761 781
1762 781
1763 781
1764 781
1765 781
1766 781
1767 781
1768 780
1769 780
1770 780
1771 780
1772 779
1773 779
1774 779
1775 779
1776 778
1777 778
1778 778
1779 777
1780 777
1781 777
1782 777
1783 777
1784 777
1785 776
1786 776
1787 776
1788 775
1789 775
1790 775
1791 775
1792 775
1793 775
1794 774
1795 774
1796 773
1797 773
1798 772
1799 771
1800 771
1801 771
1802 770
1803 770
1804 770
1805 770
1806 770
1807 770
1808 770
1809 770
1810 769
1811 769
1812 769
1813 768
1814 767
1815 767
1816 766
1817 766
1818 766
1819 765
1820 765
1821 765
1822 765
1823 764
1824 764
1825 764
1826 763
1827 762
1828 762
1829 762
1830 761
1831 761
1832 761
1833 761
1834 761
1835 761
1836 761
1837 761
1838 761
1839 761
1840 761
1841 761
1842 761
1843 760
1844 760
1845 760
1846 760
1847 759
1848 759
1849 759
1850 759
1851 758
1852 758
1853 758
1854 758
1855 758
1856 758
1857 758
1858 757
1859 757
1860 756
1861 756
1862 755
1863 755
1864 754
1865 754
1866 754
1867 754
1868 754
1869 754
1870 754
1871 753
1872 753
1873 753
1874 753
1875 752
1876 752
1877 752
1878 752
1879 751
1880 751
1881 751
1882 751
1883 751
1884 751
1885 751
1886 750
1887 750
1888 750
1889 750
1890 749
1891 749
1892 748
1893 748
1894 748
1895 747
1896 747
1897 747
1898 746
1899 746
1900 746
1901 745
1902 745
1903 745
1904 745
1905 745
1906 745
1907 745
1908 745
1909 745
1910 745
1911 745
1912 745
1913 745
1914 745
1915 745
1916 745
1917 744
1918 743
1919 743
1920 743
1921 742
1922 742
1923 742
1924 742
1925 742
1926 742
1927 742
1928 742
1929 742
1930 742
1931 742
1932 742
1933 742
1934 742
1935 742
1936 742
1937 742
1938 741
1939 741
1940 741
1941 740
1942 740
1943 739
1944 739
1945 739
1946 739
1947 738
1948 738
1949 738
1950 738
1951 738
1952 737
1953 737
1954 737
1955 737
1956 737
1957 737
1958 737
1959 737
1960 737
1961 737
1962 737
1963 737
1964 737
1965 737
1966 737
1967 737
1968 737
1969 737
1970 737
1971 737
1972 736
1973 736
1974 736
1975 736
1976 735
1977 735
1978 735
1979 735
1980 735
1981 735
1982 735
1983 735
1984 735
1985 735
1986 735
1987 735
1988 735
1989 736
1990 736
1991 736
1992 737
1993 737
1994 737
1995 737
1996 737
1997 737
1998 737
1999 737
2000 737
2001 737
2002 737
2003 738
2004 738
2005 738
2006 738
2007 738
2008 738
2009 738
2010 738
2011 738
2012 738
2013 738
2014 738
2015 738
2016 738
2017 739
2018 739
2019 739
2020 739
2021 740
2022 740
2023 741
2024 741
2025 741
2026 741
2027 742
2028 742
2029 742
2030 742
2031 742
2032 742
2033 742
2034 743
2035 743
2036 743
2037 743
2038 744
2039 744
2040 744
2041 744
2042 744
2043 744
2044 744
2045 744
2046 744
2047 744
2048 744
2049 744
2050 744
2051 744
2052 744
2053 744
2054 744
2055 743
2056 743
2057 742
2058 741
2059 741
2060 740
2061 739
2062 739
2063 739
2064 738
2065 738
2066 738
2067 738
2068 738
2069 738
2070 738
2071 738
2072 738
2073 738
2074 738
2075 738
2076 738
2077 739
2078 739
2079 739
2080 739
2081 740
2082 740
2083 740
2084 740
2085 740
2086 740
2087 740
2088 740
2089 740
2090 740
2091 740
2092 740
2093 740
2094 740
2095 740
2096 740
2097 740
2098 739
2099 739
2100 739
2101 738
2102 738
2103 738
2104 738
2105 737
2106 737
2107 737
2108 737
2109 737
2110 737
2111 737
2112 737
2113 737
2114 737
2115 737
2116 737
2117 738
2118 738
2119 738
2120 738
2121 738
2122 738
2123 738
2124 738
2125 738
2126 738
2127 738
2128 738
2129 738
2130 738
2131 738
2132 738
2133 738
2134 738
2135 738
2136 738
2137 737
2138 736
2139 736
2140 735
2141 734
2142 734
2143 733
2144 733
2145 733
2146 733
2147 732
2148 732
2149 732
2150 731
2151 731
2152 731
2153 731
2154 731
2155 731
2156 731
2157 731
2158 731
2159 731
2160 731
2161 731
2162 731
2163 730
2164 730
2165 729
2166 729
2167 728
2168 728
2169 728
2170 728
2171 728
2172 728
2173 728
2174 728
2175 728
2176 728
2177 728
2178 728
2179 728
2180 728
2181 727
2182 727
2183 727
2184 727
2185 726
2186 726
2187 726
2188 726
2189 726
2190 726
2191 726
2192 726
2193 726
2194 726
2195 726
2196 726
2197 726
2198 726
2199 725
2200 725
2201 724
2202 723
2202 722
2203 721
2204 720
2205 719
2206 718
2207 717
2208 716
2209 716
2210 716
2211 715
2212 715
2213 714
2214 713
2215 712
2216 711
2217 711
2218 710
2219 710
2220 709
2221 709
2222 709
2223 709
2224 709
2225 709
2226 709
2227 709
2228 709
2229 709
2230 709
2231 709
2232 709
2233 709
2234 709
2235 709
2236 709
2237 709
2238 710
2239 710
2240 710
2241 710
2242 710
2243 710
2244 709
2245 709
2246 709
2247 708
2248 708
2249 708
2250 707
2251 706
2252 705
2253 704
2254 703
2255 703
2256 702
2257 701
2258 700
2259 700
2260 699
2261 699
2261 698
2262 697
2263 697
2264 697
2265 697
2266 696
2267 696
2268 696
2269 696
2270 696
2271 696
2272 696
2273 695
2274 695
2275 694
2276 693
2277 692
2278 692
2279 691
2280 691
2281 691
2282 691
2283 690
2284 690
2285 689
2286 689
2287 688
2288 687
2289 687
2290 686
2291 685
2292 684
2293 683
2294 683
2295 682
2296 682
2297 682
2298 682
2299 682
2300 681
2301 681
2302 680
2303 680
2304 679
2305 678
2306 678
2307 677
2308 677
2309 677
2310 677
2311 676
2312 676
2313 675
2314 675
2315 674
2316 673
2317 673
2318 673
2319 672
2320 671
2321 671
2322 670
2323 669
2324 669
2325 668
2326 668
2327 668
2328 667
2329 667
2330 666
2331 666
2332 665
2333 664
2334 663
2335 662
2336 661
2337 661
2338 660
2339 659
2340 659
2341 659
2342 658
2343 657
2344 657
2345 656
2346 655
2347 655
2348 654
2349 653
2350 653
2351 652
2352 652
2353 651
2354 650
2355 650
2356 649
2357 648
2358 648
2359 647
2360 646
2361 645
2362 644
2363 643
2364 643
2365 642
2366 641
2367 641
2368 640
2369 639
2370 638
2371 638
2372 637
2373 636
2374 635
2375 634
2376 634
2377 633
2378 632
2379 631
2380 631
2381 630
2382 629
2383 628
2384 627
2385 627
2386 626
2387 625
2388 625
2389 624
2390 624
2391 623
2392 622
2393 622
2394 621
2395 620
2396 619
2397 618
2398 618
2399 617
2400 617
2401 617
2402 617
2403 617
2404 617
2405 616
2406 616
2407 615
2408 615
2409 614
2410 614
2411 613
2412 612
2413 611
2414 611
2415 610
2416 610
2417 609
2418 609
2419 609
2420 609
2421 608
2422 608
2423 607
2424 606
2425 605
2425 604
2425 603
2426 602
2426 601
2426 600
2426 599
2426 598
2426 597
2426 596
2426 595
2427 594
2427 593
2427 592
2428 591
2428 590
2428 589
2429 588
2429 587
2429 586
2429 585
2429 584
2429 583
2429 582
2429 581
2429 580
2429 579
2429 578
2429 577
2429 576
2430 575
2430 574
2430 573
2431 572
2432 571
2432 570
2432 569
2433 568
2433 567
2433 566
2433 565
2433 564
2433 563
2433 562
2433 561
2433 560
2433 559
2433 558
2434 557
2434 556
2435 555
2436 554
2437 553
2437 552
2438 551
2438 550
2438 549
2438 548
2438 547
2438 546
2439 545
2439 544
2440 543
2441 542
2441 541
2442 540
2442 539
2442 538
2442 537
2443 536
2443 535
2443 534
2443 533
2442 532
2442 531
2442 530
2442 529
2442 528
2442 527
2442 526
2442 525
2442 524
2442 523
2442 522
2442 521
2442 520
2442 519
2442 518
2443 517
2443 516
2443 515
2443 514
2442 513
2442 512
2441 511
2441 510
2440 509
2439 508
2439 507
2438 506
2437 505
2437 504
2436 503
2436 502
2435 501
2434 500
2434 499
2433 498
2432 497
2431 496
2430 495
2430 494
2429 493
2428 492
2428 491
2427 490
2427 489
2426 488
2426 487
2425 486
2425 485
2424 484
2423 483
2422 482
2421 481
2420 480
2419 479
2418 478
2417 477
2416 476
2415 475
2415 474
2414 473
2413 472
2413 471
2413 470
2412 469
2412 468
2412 467
2412 466
2411 465
2411 464
2410 463
2409 462
2408 461
2407 460
2406 459
2405 458
2404 457
2403 456
2403 455
2402 454
2401 453
2400 452
2400 451
2399 450
2398 449
2397 449
2396 448
2395 447
2394 446
2393 445
2392 444
2391 443
2390 442
2389 442
2388 442
2387 441
2386 441
2385 440
2384 440
2383 440
2382 439
2381 439
2380 438
2379 437
2378 436
2377 435
2376 434
2375 433
2374 433
2373 432
2372 432
2371 432
2370 431
2369 430
2368 430
2367 429
2366 429
2365 429
2364 429
2363 429
2362 428
2361 428
2360 428
2359 427
2358 426
2357 425
2356 425
2355 424
2354 424
2353 424
2352 423
2351 422
2350 421
2349 420
2349 419
2348 418
2347 417
2346 416
2345 415
2344 414
2343 413
2342 412
2341 411
2340 410
2339 409
2338 408
2337 407
2336 406
2335 405
2334 404
2333 404
2332 403
2331 403
2330 403
2329 403
2328 402
2327 402
2326 402
2325 401
2324 401
2323 401
2322 400
2321 400
2320 400
2319 399
2318 399
2317 399
2316 399
2315 399
2314 399
2313 399
2312 399
2311 399
2310 399
2309 399
2308 398
2307 398
2306 398
2305 397
2304 397
2303 397
2302 396
2301 396
2300 395
2299 395
2298 395
2297 394
2296 393
2295 393
2294 392
2293 391
2293 390
2292 389
2291 388
2290 387
2289 386
2288 385
2287 384
2286 383
2285 382
2284 381
2283 380
2283 379
2282 379
2281 378
2281 377
2280 377
2279 376
2278 375
2277 374
2276 373
2275 372
2274 372
2273 371
2272 370
2271 369
2270 368
2269 367
2268 366
2267 365
2266 364
2265 364
2264 363
2263 363
2262 362
2261 362
2260 362
2259 362
2258 361
2257 361
2256 360
2255 359
2254 358
2253 358
2252 358
2251 357
2250 356
2249 356
2248 356
2247 355
2246 355
2245 355
2244 354
2243 354
2242 354
2241 354
2240 354
2239 354
2238 354
2237 354
2236 354
2235 354
2234 354
2233 354
2232 353
2231 353
2230 353
2229 352
2228 351
2227 351
2226 350
2225 349
2224 349
2223 349
2222 348
2221 348
2220 348
2219 348
2218 348
2217 348
2216 348
2215 348
2214 348
2213 347
2212 347
2211 347
2210 347
2209 347
2208 347
2207 347
2206 346
2205 346
2204 346
2203 346
2202 345
2201 345
2200 345
2199 345
2198 345
2197 345
2196 344
2195 344
2194 344
2193 343
2192 343
2191 343
2190 343
2189 342
2188 342
2187 342
2186 342
2185 341
2184 341
2183 340
2182 340
2181 339
2180 339
2179 338
2178 337
2177 337
2176 337
2175 336
2174 335
2173 334
2172 334
2171 333
2170 333
2169 333
2168 333
2167 333
2166 333
2165 333
2164 333
2163 333
2162 333
2161 333
2160 333
2159 333
2158 333
2157 333
2156 333
2155 333
2154 333
2153 333
2152 333
2151 333
2150 333
2149 333
2148 333
2147 333
2146 333
2145 333
2144 333
2143 333
2142 333
2141 333
2140 333
2139 333
2138 333
2137 333
2136 333
2135 332
2134 333
2133 333
2132 333
2131 333
2130 334
2129 335
2128 335
2127 335
2126 336
2125 336
2124 336
2123 336
2122 337
2121 337
2120 337
2119 338
2118 338
2117 338
2116 338
2115 338
2114 338
2113 338
2112 338
2111 338
2110 338
2109 338
2108 338
2107 337
2106 337
2105 337
2104 337
2103 336
2102 336
2101 335
2100 335
2099 334
2098 334
2097 333
2096 333
2095 332
2094 332
2093 331
2092 331
2091 330
2090 329
2089 328
2088 328
2087 327
2086 327
2085 327
2084 327
2083 326
2082 326
2081 326
2080 326
2079 325
2078 325
2077 325
2076 325
2075 325
2074 326
2073 326
2072 326
2071 326
2070 327
2069 327
2068 327
2067 327
2066 327
2065 327
2064 327
2063 327
2062 327
2061 328
2060 328
2059 328
2058 329
2057 329
2056 329
2055 329
2054 329
2053 329
2052 329
2051 329
2050 329
2049 329
2048 329
2047 329
2046 329
2045 329
2044 329
2043 329
2042 329
2041 329
2040 329
2039 329
2038 329
2037 329
2036 329
2035 329
2034 329
2033 329
2032 329
2031 329
2030 329
2029 329
2028 329
2027 329
2026 329
2025 329
2024 329
2023 329
2022 329
2021 329
2020 329
2019 329
2018 329
2017 329
2016 329
2015 329
2014 329
2013 329
2012 329
2011 329
2010 328
2009 328
2008 328
2007 328
2006 327
2005 327
2004 326
2003 326
2002 326
2001 326
2000 325
1999 325
1998 324
1997 323
1996 322
1995 321
1994 320
1993 320
1992 319
1991 318
1990 317
1989 317
1988 316
1987 316
1986 315
1985 314
1984 314
1983 313
1982 312
1981 312
1980 311
1979 311
1978 311
1977 310
1976 309
1975 309
1974 308
1973 307
1972 307
1971 307
1970 306
1969 305
1968 305
1967 305
1966 304
1965 304
1964 304
1963 304
1962 304
1961 304
1960 304
1959 304
1958 303
1957 302
1956 301
1955 301
1954 300
1953 299
1952 298
1951 298
1950 297
1949 297
1948 296
1947 296
1946 295
1945 295
1944 294
1943 293
1942 293
1941 293
1940 292
1939 291
1938 291
1937 290
1936 290
1935 289
1934 288
1933 288
1932 287
1931 287
1930 287
1929 286
1928 286
1927 286
1926 285
1925 285
1924 285
1923 285
1922 285
1921 285
1920 284
1919 284
1918 284
1917 283
1916 283
1915 283
1914 282
1913 282
1912 282
1911 282
1910 282
1909 282
1908 282
1907 282
1906 282
1905 282
1904 282
1903 282
1902 282
1901 282
1900 282
1899 282
1898 282
1897 282
1896 282
1895 282
1894 283
1893 283
1892 283
1891 284
1890 284
1889 284
1888 285
1887 285
1886 285
1885 285
1884 285
1883 284
1882 284
1881 284
1880 283
1879 283
1878 283
1877 283
1876 283
1875 283
1874 283
1873 283
1872 283
1871 283
1870 283
1869 283
1868 283
1867 284
1866 284
1865 284
1864 284
1863 285
1862 286
1861 287
1860 288
1859 288
1859 289
1858 290
1857 290
1856 291
1855 292
1854 292
1853 292
1852 293
1851 293
1850 294
1849 295
1848 295
1847 296
1846 296
1845 296
1844 297
1843 297
1842 297
1841 297
1840 297
1839 298
1838 298
1837 298
1836 298
1835 299
1834 299
1833 299
1832 299
1831 299
1830 299
1829 300
1828 300
1827 301
1826 302
1825 302
1824 303
1823 304
1822 304
1821 305
1820 305
1819 305
1818 306
1817 307
1816 307
1815 308
1814 309
1813 309
1812 310
1811 311
1810 311
1809 312
1808 313
1807 314
1806 315
1805 316
1804 316
1803 317
1802 318
1801 318
1800 319
1799 319
1798 320
1797 321
1796 321
1795 322
1794 323
1793 323
1792 323
1791 324
1790 325
1789 325
1788 326
1787 327
1786 328
1785 329
1784 330
1783 331
1782 332
1781 333
1780 333
1779 334
1778 334
1777 335
1776 335
1775 336
1774 336
1773 337
1772 338
1771 339
1770 339
1769 340
1768 340
1767 341
1766 341
1765 341
1764 341
1763 341
1762 341
1761 341
1760 341
1759 341
1758 341
1757 341
1756 341
1755 341
1754 341
1753 341
1752 341
1751 341
1750 341
1749 341
1748 341
1747 341
1746 341
1745 342
1744 342
1743 342
1742 343
1741 343
1740 343
1739 343
1738 343
1737 343
1736 342
1735 342
1734 342
1733 341
1732 341
1731 341
1730 341
1729 341
1728 341
1727 341
1726 341
1725 341
1724 342
1723 342
1722 343
1721 344
1720 344
1719 345
1718 345
1717 345
1716 345
1715 345
1714 345
1713 345
1712 345
1711 346
1710 346
1709 346
1708 347
1707 347
1706 347
1705 347
1704 347
1703 347
1702 347
1701 347
1700 346
1699 346
1698 346
1697 345
1696 345
1695 345
1694 345
1693 345
1692 345
1691 345
1690 345
1689 345
1688 345
1687 345
1686 345
1685 345
1684 345
1683 345
1682 345
1681 345
1680 345
1679 345
1678 345
1677 345
1676 345
1675 345
1674 345
1673 345
1672 345
1671 345
1670 345
1669 345
1668 345
1667 345
1666 345
1665 344
1664 344
1663 343
1662 343
1661 342
1660 342
1659 341
1658 341
1657 341
1656 341
1655 341
1654 341
1653 341
1652 341
1651 341
1650 341
1649 341
1648 341
1647 341
1646 341
1645 341
1644 341
1643 341
1642 341
1641 341
1640 341
1639 341
1638 341
1637 341
1636 341
1635 341
1634 341
1633 341
1632 341
1631 341
1630 341
1629 340
1628 340
1627 339
1626 339
1625 338
1624 338
1623 338
1622 338
1621 338
1620 338
1619 338
1618 338
1617 338
1616 338
1615 337
1614 337
1613 337
1612 336
1611 336
1610 335
1609 335
1608 335
1607 334
1606 333
1605 333
1604 332
1603 331
1602 330
1601 329
1600 328
1599 327
1598 326
1597 326
1596 325
1595 325
1594 325
1593 324
1592 324
1591 324
1590 324
1589 324
1588 324
1587 324
1586 324
1585 324
1584 324
1583 324
1582 323
1581 323
1580 323
1579 322
1578 321
1577 321
1576 321
1575 320
1574 320
1573 320
1572 320
1571 319
1570 319
1569 318
1568 317
1567 316
1566 316
1565 315
1564 314
1563 314
1562 314
1561 313
1560 312
1559 312
1558 311
1557 310
1556 310
1555 310
1554 309
1553 309
1552 308
1551 307
1550 307
1549 306
1548 305
1547 305
1546 305
1545 304
1544 304
1543 303
1542 303
1541 303
1540 302
1539 302
1538 301
1537 300
1536 300
1535 299
1534 299
1533 299
1532 298
1531 298
1530 298
1529 297
1528 297
1527 297
1526 297
1525 296
1524 296
1523 295
1522 295
1521 295
1520 295
1519 294
1518 294
1517 294
1516 294
1515 293
1514 293
1513 293
1512 292
1511 291
1510 291
1509 290
1508 289
1507 288
1506 288
1505 287
1504 286
1503 285
1502 284
1501 283
1500 282
1499 281
1498 280
1497 279
1496 279
1495 278
1494 277
1493 277
1492 277
1491 277
1490 276
1489 276
1488 276
1487 275
1486 275
1485 275
1484 275
1483 275
1482 275
1481 274
1480 274
1479 274
1478 273
1477 272
1476 272
1475 271
1474 270
1473 269
1472 268
1471 267
1470 266
1469 265
1468 264
1467 264
1466 263
1465 262
1464 261
1463 261
1462 261
1461 261
1460 260
1459 260
1458 260
1457 259
1456 259
1455 258
1454 258
1453 257
1452 257
1451 257
1450 257
1449 257
1448 257
1447 256
1446 256
1445 256
1444 256
1443 255
1442 255
1441 255
1440 255
1439 255
1438 255
1437 254
1436 254
1435 253
1434 253
1433 253
1432 252
1431 252
1430 252
1429 252
1428 252
1427 252
1426 251
1425 251
1424 251
1423 250
1422 250
1421 250
1420 250
1419 250
1418 250
1417 250
1416 250
1415 250
1414 250
1413 250
1412 250
1411 250
1410 250
1409 250
