1346 1740
1345 1741
1344 1741
1343 1742
1342 1742
1341 1743
1340 1743
1339 1743
1338 1743
1337 1743
1336 1743
1335 1743
1334 1743
1333 1744
1332 1744
1331 1745
1330 1746
1329 1747
1328 1748
1327 1749
1326 1750
1325 1751
1324 1752
1323 1753
1322 1754
1321 1755
1321 1756
1320 1757
1320 1758
1320 1759
1320 1760
1319 1761
1318 1762
1317 1763
1316 1764
1315 1765
1314 1765
1313 1766
1312 1767
1311 1767
1310 1768
1309 1769
1308 1769
1307 1769
1306 1769
1305 1769
1304 1769
1303 1769
1302 1769
1301 1769
1300 1768
1299 1768
1298 1768
1297 1768
1296 1768
1295 1768
1294 1768
1293 1768
1292 1768
1291 1768
1290 1768
1289 1768
1288 1768
1287 1768
1286 1767
1285 1767
1284 1767
1283 1766
1282 1766
1281 1766
1280 1765
1279 1765
1278 1765
1277 1765
1276 1764
1275 1764
1274 1764
1273 1764
1272 1763
1271 1763
1270 1763
1269 1762
1268 1762
1267 1761
1266 1761
1265 1761
1264 1761
1263 1760
1262 1760
1261 1760
1260 1760
1259 1759
1258 1759
1257 1759
1256 1758
1255 1758
1254 1758
1253 1757
1252 1757
1251 1757
1250 1757
1249 1757
1248 1757
1247 1757
1246 1757
1245 1758
1244 1757
1243 1757
1242 1757
1241 1756
1240 1756
1239 1756
1238 1756
1237 1755
1236 1755
1235 1755
1234 1754
1233 1754
1232 1753
1231 1752
1230 1752
1229 1752
1228 1752
1227 1753
1226 1752
1225 1752
1224 1752
1223 1752
1222 1752
1221 1752
1220 1752
1219 1752
1218 1751
1217 1751
1216 1751
1215 1751
1214 1751
1213 1751
1212 1751
1211 1750
1210 1750
1209 1751
1208 1751
1207 1751
1206 1751
1205 1751
1204 1751
1203 1750
1202 1750
1201 1751
1200 1751
1199 1751
1198 1751
1197 1751
1196 1750
1195 1750
1194 1751
1193 1751
1192 1751
1191 1751
1190 1751
1189 1751
1188 1750
1187 1750
1186 1751
1185 1751
1184 1751
1183 1751
1182 1751
1181 1750
1180 1750
1179 1751
1178 1751
1177 1751
1176 1751
1175 1751
1174 1751
1173 1751
1172 1752
1171 1752
1170 1752
1169 1752
1168 1752
1167 1752
1166 1752
1165 1752
1164 1753
1163 1752
1162 1752
1161 1752
1160 1753
1159 1752
1158 1752
1157 1752
1156 1751
1155 1752
1154 1752
1153 1753
1152 1753
1151 1753
1150 1754
1149 1754
1148 1754
1147 1754
1146 1754
1145 1754
1144 1754
1143 1754
1142 1754
1141 1755
1140 1755
1139 1755
1138 1756
1137 1756
1136 1756
1135 1756
1134 1756
1133 1756
1132 1757
1131 1757
1130 1758
1129 1759
1128 1759
1127 1759
1126 1759
1125 1760
1124 1760
1123 1761
1122 1761
1121 1762
1120 1762
1119 1762
1118 1762
1117 1762
1116 1762
1115 1762
1114 1762
1113 1763
1112 1763
1111 1764
1110 1764
1109 1764
1108 1764
1107 1764
1106 1764
1105 1764
1104 1764
1103 1764
1102 1764
1101 1764
1100 1765
1099 1765
1098 1765
1097 1766
1096 1766
1095 1767
1094 1768
1093 1769
1092 1770
1091 1771
1090 1772
1089 1773
1088 1774
1087 1775
1087 1776
1086 1777
1086 1778
1086 1779
1086 1780
1086 1781
1085 1782
1085 1783
1084 1784
1084 1785
1084 1786
1083 1787
1083 1788
1083 1789
1082 1790
1082 1791
1082 1792
1082 1793
1082 1794
1082 1795
1082 1796
1082 1797
1083 1798
1083 1799
1083 1800
1084 1801
1084 1802
1084 1803
1084 1804
1084 1805
1084 1806
1084 1807
1084 1808
1084 1809
1084 1810
1084 1811
1085 1812
1086 1813
1086 1814
1086 1815
1087 1816
1087 1817
1087 1818
1087 1819
1087 1820
1088 1821
1088 1822
1088 1823
1088 1824
1088 1825
1088 1826
1088 1827
1088 1828
1088 1829
1088 1830
1089 1831
1089 1832
1089 1833
1090 1834
1091 1835
1092 1835
1093 1835
1094 1835
1095 1835
1096 1836
1097 1836
1098 1837
1099 1837
1100 1837
1101 1838
1102 1839
1103 1839
1104 1840
1105 1840
1106 1840
1107 1841
1108 1841
1109 1842
1110 1843
1111 1843
1112 1844
1113 1844
1114 1844
1115 1844
1116 1845
1117 1846
1118 1846
1119 1846
1120 1846
1121 1846
1122 1846
1123 1846
1124 1846
1125 1846
1126 1847
1127 1847
1128 1848
1129 1848
1130 1848
1131 1848
1132 1848
1133 1848
1134 1848
1135 1848
1136 1848
1137 1848
1138 1849
1139 1849
1140 1850
1141 1851
1142 1851
1143 1851
1144 1851
1145 1851
1146 1851
1147 1851
1148 1851
1149 1852
1150 1852
1151 1852
1152 1853
1153 1853
1154 1853
1155 1853
1156 1853
1157 1853
1158 1853
1159 1853
1160 1853
1161 1853
1162 1853
1163 1853
1164 1853
1165 1853
1166 1852
1167 1852
1168 1852
1169 1851
1170 1851
1171 1851
1172 1851
1173 1851
1174 1851
1175 1851
1176 1852
1177 1852
1178 1852
1179 1853
1180 1853
1181 1853
1182 1853
1183 1853
1184 1853
1185 1853
1186 1853
1187 1853
1188 1853
1189 1853
1190 1853
1191 1853
1192 1853
1193 1853
1194 1853
1195 1853
1196 1853
1197 1853
1198 1853
1199 1853
1200 1854
1201 1854
1202 1854
1203 1855
1204 1855
1205 1856
1206 1856
1207 1856
1208 1856
1209 1856
1210 1856
1211 1857
1212 1857
1213 1857
1214 1858
1215 1858
1216 1858
1217 1858
1218 1858
1219 1858
1220 1858
1221 1858
1222 1858
1223 1858
1224 1858
1225 1858
1226 1858
1227 1858
1228 1858
1229 1859
1230 1859
1231 1859
1232 1859
1233 1859
1234 1859
1235 1859
1236 1859
1237 1859
1238 1859
1239 1859
1240 1860
1241 1860
1242 1860
1243 1860
1244 1860
1245 1860
1246 1860
1247 1860
1248 1860
1249 1860
1250 1860
1251 1860
1252 1860
1253 1860
1254 1861
1255 1861
1256 1861
1257 1861
1258 1861
1259 1861
1260 1862
1261 1862
1262 1862
1263 1863
1264 1862
1265 1862
1266 1862
1267 1862
1268 1863
1269 1863
1270 1863
1271 1864
1272 1864
1273 1864
1274 1864
1275 1864
1276 1864
1277 1864
1278 1864
1279 1864
1280 1864
1281 1865
1282 1865
1283 1865
1284 1866
1285 1866
1286 1866
1287 1867
1288 1867
1289 1867
1290 1867
1291 1867
1292 1867
1293 1868
1294 1868
1295 1869
1296 1869
1297 1869
1298 1870
1299 1870
1300 1871
1301 1871
1302 1871
1303 1871
1304 1872
1305 1872
1306 1872
1307 1873
1308 1873
1309 1874
1310 1874
1311 1874
1312 1874
1313 1875
1314 1875
1315 1875
1316 1875
1317 1875
1318 1875
1319 1875
1320 1875
1321 1875
1322 1875
1323 1875
1324 1875
1325 1875
1326 1875
1327 1875
1328 1875
1329 1875
1330 1875
1331 1875
1332 1875
1333 1875
1334 1875
1335 1875
1336 1875
1337 1875
1338 1875
1339 1875
1340 1875
1341 1875
1342 1875
1343 1875
1344 1875
1345 1875
1346 1875
1347 1875
1348 1875
1349 1875
1350 1875
1351 1875
1352 1875
1353 1875
1354 1875
1355 1875
1356 1875
1357 1876
1358 1876
1359 1876
1360 1876
1361 1876
1362 1876
1363 1876
1364 1876
1365 1876
1366 1876
1367 1876
1368 1876
1369 1876
1370 1876
1371 1877
1372 1877
1373 1877
1374 1877
1375 1877
1376 1877
1377 1877
1378 1877
1379 1877
1380 1877
1381 1877
1382 1878
1383 1878
1384 1878
1385 1879
1386 1879
1387 1879
1388 1879
1389 1879
1390 1879
1391 1879
1392 1879
1393 1880
1394 1880
1395 1880
1396 1880
1397 1880
1398 1880
1399 1880
1400 1880
1401 1880
1402 1880
1403 1880
1404 1880
1405 1880
1406 1880
1407 1880
1408 1880
1409 1880
1410 1880
1411 1880
1412 1880
1413 1880
1414 1880
1415 1880
1416 1880
1417 1880
1418 1880
1419 1880
1420 1880
1421 1879
1422 1879
1423 1879
1424 1879
1425 1879
1426 1879
1427 1879
1428 1878
1429 1878
1430 1878
1431 1877
1432 1877
1433 1876
1434 1876
1435 1875
1436 1875
1437 1874
1438 1873
1439 1872
1440 1871
1441 1870
1442 1869
1443 1868
1444 1868
1445 1867
1445 1866
1446 1865
1447 1864
1448 1863
1449 1862
1450 1861
1450 1860
1451 1859
1451 1858
1452 1857
1453 1856
1453 1855
1453 1854
1453 1853
1453 1852
1454 1851
1454 1850
1454 1849
1455 1848
1455 1847
1455 1846
1456 1845
1457 1844
1458 1843
1459 1843
1460 1842
1461 1842
1462 1841
1463 1841
1464 1841
1465 1841
1466 1841
1467 1841
1468 1841
1469 1841
1470 1841
1471 1841
1471 1840
1471 1839
1471 1838
1471 1837
1471 1836
1472 1835
1472 1834
1473 1833
1473 1832
1473 1831
1473 1830
1473 1829
1472 1828
1472 1827
1472 1826
1472 1825
1471 1824
1471 1823
1471 1822
1470 1821
1470 1820
1470 1819
1470 1818
1470 1817
1470 1816
1469 1815
1469 1814
1469 1813
1469 1812
1469 1811
1469 1810
1469 1809
1469 1808
1469 1807
1469 1806
1468 1805
1468 1804
1468 1803
1468 1802
1468 1801
1468 1800
1468 1799
1468 1798
1467 1797
1467 1796
1467 1795
1466 1794
1466 1793
1466 1792
1466 1791
1466 1790
1465 1789
1465 1788
1465 1787
1464 1786
1464 1785
1464 1784
1464 1783
1464 1782
1464 1781
1464 1780
1464 1779
1464 1778
1463 1778
1462 1777
1461 1776
1460 1775
1459 1775
1458 1775
1457 1774
1456 1774
1455 1773
1454 1772
1453 1772
1452 1772
1451 1771
1450 1771
1449 1770
1448 1769
1447 1769
1446 1769
1445 1769
1444 1768
1443 1768
1442 1767
1441 1766
1440 1766
1439 1766
1438 1766
1437 1765
1436 1765
1435 1764
1434 1764
1433 1763
1432 1763
1431 1762
1430 1762
1429 1761
1428 1761
1427 1760
1426 1760
1425 1759
1424 1759
1423 1759
1422 1759
1421 1758
1420 1758
1419 1758
1418 1758
1417 1757
1416 1757
1415 1757
1414 1757
1413 1757
1412 1758
1411 1757
1410 1757
1409 1757
1408 1757
1407 1757
1406 1757
1405 1758
1404 1757
1403 1757
1402 1757
1401 1756
1400 1756
1399 1756
1398 1756
1397 1756
1396 1756
1395 1756
1394 1755
1393 1755
1392 1755
1391 1755
1390 1755
1389 1754
1388 1755
1387 1755
1386 1755
1385 1755
1384 1755
1383 1755
1382 1755
1381 1754
1380 1754
1379 1754
1378 1754
1377 1754
1376 1754
1375 1754
1374 1753
1373 1753
1372 1753
1371 1752
1370 1752
1369 1753
1368 1752
1367 1752
1366 1752
1365 1752
1364 1751
1363 1751
1362 1750
1361 1749
1360 1748
1359 1748
1358 1747
1357 1747
1356 1746
1355 1746
1354 1745
1353 1744
1352 1743
1351 1743
1350 1742
1349 1742
1348 1741
1347 1740
1346 1740
