294 2362
293 2363
292 2363
291 2363
290 2364
289 2364
288 2364
287 2365
286 2365
285 2365
284 2366
283 2366
282 2366
281 2366
280 2366
279 2366
278 2366
277 2366
276 2366
275 2366
274 2366
273 2366
272 2366
271 2366
270 2366
269 2367
268 2367
267 2367
266 2367
265 2367
264 2367
263 2368
262 2368
261 2368
260 2368
259 2368
258 2368
257 2368
256 2369
255 2369
254 2369
253 2369
252 2369
251 2369
250 2369
249 2369
248 2369
247 2369
246 2369
245 2369
244 2369
243 2370
242 2370
241 2370
240 2371
239 2371
238 2371
237 2371
236 2371
235 2371
234 2371
233 2371
232 2371
231 2372
230 2372
229 2372
228 2372
227 2373
226 2373
225 2373
224 2374
223 2374
222 2375
221 2375
220 2375
219 2376
218 2376
217 2376
216 2377
215 2377
214 2378
213 2379
212 2379
211 2380
210 2380
209 2380
208 2381
207 2381
206 2381
205 2382
204 2382
203 2383
202 2383
201 2383
200 2384
199 2385
198 2386
197 2387
196 2388
196 2389
196 2390
195 2391
195 2392
194 2393
195 2394
196 2395
197 2395
198 2396
199 2396
200 2396
201 2396
202 2396
203 2396
204 2397
205 2397
206 2398
207 2398
208 2398
209 2399
210 2399
211 2399
212 2399
213 2399
214 2400
215 2400
216 2400
217 2401
218 2401
219 2401
220 2401
221 2402
222 2402
223 2402
224 2402
225 2403
226 2403
227 2404
228 2404
229 2404
230 2404
231 2404
232 2404
233 2405
234 2405
235 2405
236 2406
237 2406
238 2406
239 2407
240 2407
241 2407
242 2407
243 2408
244 2408
245 2408
246 2409
247 2409
248 2409
249 2410
250 2410
251 2410
252 2411
253 2411
254 2411
255 2411
256 2412
257 2412
258 2412
259 2412
260 2412
261 2412
262 2413
263 2413
264 2413
265 2413
266 2413
267 2413
268 2413
269 2413
270 2413
271 2413
272 2414
273 2414
274 2414
275 2414
276 2414
277 2415
278 2415
279 2415
280 2415
281 2416
282 2416
283 2416
284 2416
285 2417
286 2417
287 2417
288 2417
289 2418
290 2418
291 2418
292 2418
293 2419
294 2420
295 2420
296 2421
297 2422
298 2422
299 2421
300 2421
301 2421
302 2420
303 2421
304 2420
305 2420
306 2420
307 2419
308 2419
309 2419
310 2418
311 2418
312 2418
313 2418
314 2418
315 2418
316 2418
317 2417
318 2417
319 2417
320 2417
321 2416
322 2416
323 2416
324 2416
325 2415
326 2415
327 2415
328 2414
329 2414
330 2414
331 2414
332 2414
333 2413
334 2413
335 2413
336 2412
337 2412
338 2412
339 2411
340 2411
341 2410
342 2410
343 2409
344 2409
345 2408
346 2408
347 2407
348 2407
349 2406
350 2406
351 2405
352 2404
353 2403
354 2403
355 2402
356 2402
357 2402
358 2401
359 2401
360 2401
361 2401
362 2400
363 2400
364 2400
365 2399
366 2399
367 2399
368 2398
369 2397
370 2396
371 2395
372 2394
373 2393
373 2392
373 2391
373 2390
373 2389
373 2388
373 2387
373 2386
373 2385
373 2384
373 2383
373 2382
373 2381
373 2380
372 2379
372 2378
372 2377
372 2376
371 2375
371 2374
371 2373
370 2372
370 2371
369 2370
368 2369
367 2369
366 2368
365 2368
364 2368
363 2367
362 2367
361 2366
360 2366
359 2365
358 2365
357 2364
356 2364
355 2364
354 2364
353 2364
352 2364
351 2363
350 2363
349 2363
348 2363
347 2363
346 2363
345 2363
344 2362
343 2362
342 2362
341 2362
340 2362
339 2362
338 2362
337 2362
336 2362
335 2362
334 2362
333 2362
332 2362
331 2362
330 2362
329 2363
328 2363
327 2363
326 2363
325 2363
324 2363
323 2363
322 2363
321 2363
320 2363
319 2362
318 2362
317 2362
316 2362
315 2362
314 2362
313 2362
312 2362
311 2362
310 2362
309 2362
308 2362
307 2362
306 2362
305 2362
304 2362
303 2362
302 2362
301 2362
300 2362
299 2362
298 2362
297 2362
296 2362
295 2362
294 2362
