265 1712
264 1713
263 1713
262 1713
261 1713
260 1713
259 1713
258 1713
257 1713
256 1714
255 1714
254 1714
253 1715
252 1715
251 1715
250 1715
249 1715
248 1715
247 1716
246 1716
245 1716
244 1716
243 1717
242 1717
241 1717
240 1717
239 1717
238 1717
237 1718
236 1718
235 1718
234 1718
233 1718
232 1718
231 1718
230 1718
229 1718
228 1718
227 1719
226 1719
225 1719
224 1720
223 1720
222 1720
221 1720
220 1720
219 1720
218 1720
217 1720
216 1721
215 1722
214 1723
213 1723
212 1724
211 1724
210 1725
209 1725
208 1726
207 1727
207 1728
206 1729
205 1730
205 1731
204 1732
204 1733
203 1734
202 1735
202 1736
201 1737
200 1738
200 1739
199 1740
199 1741
198 1742
197 1743
196 1744
196 1745
196 1746
196 1747
195 1748
195 1749
195 1750
194 1751
194 1752
193 1753
192 1754
191 1755
190 1756
190 1757
190 1758
189 1759
190 1760
190 1761
191 1762
192 1762
193 1762
194 1762
195 1762
196 1761
197 1761
198 1761
199 1761
200 1761
201 1760
202 1760
203 1760
204 1759
205 1759
206 1758
207 1758
208 1757
209 1757
210 1757
211 1758
212 1758
213 1759
214 1759
215 1760
216 1760
217 1761
218 1762
219 1763
220 1763
221 1764
222 1765
223 1766
224 1767
225 1768
226 1768
227 1768
228 1769
229 1769
230 1770
231 1771
232 1772
233 1773
234 1774
235 1775
236 1775
237 1776
238 1776
239 1777
240 1778
241 1778
242 1779
243 1779
244 1780
245 1780
246 1781
247 1782
248 1783
249 1784
250 1785
251 1786
252 1787
253 1788
254 1789
255 1790
256 1791
257 1791
258 1792
259 1792
260 1792
261 1792
262 1792
263 1792
264 1792
265 1792
266 1792
267 1792
268 1792
269 1792
270 1792
271 1792
272 1792
273 1792
274 1793
275 1793
276 1793
277 1793
278 1793
279 1793
280 1793
281 1793
282 1793
283 1793
284 1793
285 1793
286 1793
287 1793
288 1793
289 1793
290 1793
291 1793
292 1793
293 1793
294 1792
295 1792
296 1792
297 1792
298 1792
299 1791
300 1791
301 1791
302 1791
303 1790
304 1790
305 1790
306 1789
307 1788
308 1788
309 1787
310 1787
311 1787
312 1787
313 1787
314 1787
315 1787
316 1787
317 1787
318 1787
319 1786
320 1786
321 1786
322 1786
323 1786
324 1786
325 1786
326 1786
327 1786
328 1786
329 1786
330 1786
331 1786
332 1785
333 1785
334 1785
335 1784
336 1784
337 1784
338 1783
339 1783
340 1783
341 1782
342 1781
343 1781
343 1780
344 1779
344 1778
344 1777
345 1776
345 1775
345 1774
346 1773
347 1772
348 1771
349 1770
350 1769
351 1768
352 1767
353 1766
354 1765
355 1765
356 1764
357 1763
358 1762
358 1761
358 1760
358 1759
358 1758
358 1757
358 1756
358 1755
358 1754
358 1753
358 1752
357 1751
356 1750
355 1749
354 1748
354 1747
353 1746
352 1745
352 1744
351 1743
350 1742
349 1741
348 1740
347 1739
346 1738
345 1737
344 1736
343 1735
342 1734
341 1733
340 1732
339 1731
338 1730
337 1729
336 1728
335 1727
334 1727
333 1726
332 1725
331 1725
330 1724
329 1723
328 1722
327 1721
326 1721
325 1721
324 1721
323 1720
322 1720
321 1719
320 1719
319 1718
318 1718
317 1718
316 1717
315 1717
314 1717
313 1717
312 1716
311 1716
310 1715
309 1715
308 1715
307 1715
306 1714
305 1714
304 1713
303 1713
302 1713
301 1712
300 1712
299 1712
298 1712
297 1712
296 1712
295 1712
294 1712
293 1712
292 1712
291 1712
290 1712
289 1712
288 1712
287 1712
286 1712
285 1712
284 1712
283 1712
282 1712
281 1712
280 1712
279 1712
278 1712
277 1712
276 1712
275 1712
274 1712
273 1712
272 1712
271 1712
270 1712
269 1712
268 1712
267 1712
266 1712
265 1712
