1627 937
1626 938
1625 938
1624 939
1623 940
1622 941
1622 942
1622 943
1621 944
1620 945
1620 946
1619 947
1618 948
1618 949
1617 950
1616 951
1615 952
1614 953
1614 954
1613 955
1612 956
1612 957
1611 958
1610 958
1610 959
1609 960
1608 960
1608 961
1607 962
1606 962
1606 963
1605 964
1604 964
1604 965
1603 966
1602 966
1602 967
1601 968
1600 969
1599 970
1598 971
1598 972
1597 973
1596 974
1596 975
1595 976
1594 976
1594 977
1593 978
1592 978
1592 979
1591 980
1590 980
1589 981
1588 982
1587 982
1586 983
1585 983
1584 983
1583 983
1582 983
1581 983
1580 984
1579 984
1578 985
1577 986
1576 986
1575 987
1574 988
1573 988
1572 989
1571 989
1570 989
1569 989
1568 989
1567 989
1566 988
1565 988
1564 988
1563 988
1562 987
1561 987
1560 987
1559 987
1558 987
1557 987
1556 988
1555 988
1554 989
1553 989
1552 990
1551 990
1550 991
1549 992
1548 992
1547 992
1546 993
1545 993
1544 993
1543 993
1542 993
1541 993
1540 992
1539 991
1538 991
1537 990
1536 989
1535 989
1534 989
1533 989
1532 989
1531 989
1530 989
1529 989
1528 990
1527 990
1526 990
1525 990
1524 991
1523 992
1522 993
1521 993
1520 994
1519 994
1518 995
1517 996
1516 997
1515 998
1514 998
1513 999
1512 1000
1511 1000
1510 1001
1509 1002
1508 1002
1507 1002
1506 1003
1505 1004
1504 1004
1503 1004
1502 1005
1501 1006
1500 1006
1499 1006
1498 1007
1497 1007
1496 1007
1495 1007
1494 1007
1493 1007
1492 1008
1491 1008
1490 1009
1489 1009
1488 1010
1487 1010
1486 1011
1485 1011
1484 1010
1483 1010
1482 1010
1481 1009
1480 1008
1479 1008
1478 1008
1477 1008
1476 1007
1475 1007
1474 1006
1473 1006
1472 1006
1471 1006
1470 1005
1469 1005
1468 1005
1467 1005
1466 1005
1465 1005
1464 1005
1463 1005
1462 1005
1461 1005
1460 1005
1459 1005
1458 1005
1457 1005
1456 1005
1455 1005
1454 1005
1453 1005
1452 1005
1451 1005
1450 1005
1449 1005
1448 1005
1447 1005
1446 1005
1445 1005
1444 1005
1443 1005
1442 1005
1441 1005
1440 1005
1439 1005
1438 1005
1437 1005
1436 1005
1435 1005
1434 1006
1433 1006
1432 1006
1431 1006
1430 1007
1429 1007
1428 1007
1427 1007
1426 1007
1425 1007
1424 1007
1423 1007
1422 1007
1421 1007
1420 1007
1419 1007
1418 1006
1417 1006
1416 1005
1415 1005
1414 1004
1413 1004
1412 1004
1411 1004
1410 1004
1409 1004
1408 1005
1407 1005
1406 1005
1405 1005
1404 1004
1403 1004
1402 1004
1401 1004
1400 1003
1399 1003
1398 1003
1397 1003
1396 1004
1395 1004
1394 1005
1393 1006
1392 1006
1392 1007
1391 1008
1390 1008
1390 1009
1389 1010
1388 1010
1388 1011
1387 1012
1386 1012
1385 1013
1384 1014
1383 1014
1382 1015
1381 1015
1380 1015
1379 1015
1378 1015
1377 1015
1376 1015
1375 1015
1374 1015
1373 1015
1372 1015
1371 1015
1370 1015
1369 1015
1368 1015
1367 1015
1366 1015
1365 1015
1364 1015
1363 1015
1362 1015
1361 1015
1360 1016
1359 1016
1358 1017
1357 1018
1356 1019
1355 1020
1354 1021
1354 1022
1353 1023
1352 1024
1351 1024
1350 1025
1349 1026
1348 1026
1347 1026
1346 1027
1345 1028
1344 1028
1343 1028
1342 1029
1341 1029
1340 1028
1339 1027
1338 1026
1337 1025
1336 1024
1335 1024
1334 1023
1333 1023
1332 1023
1331 1023
1330 1024
1329 1024
1328 1024
1327 1024
1326 1025
1325 1025
1324 1026
1323 1026
1322 1027
1321 1028
1320 1028
1319 1029
1318 1030
1317 1030
1316 1031
1315 1032
1314 1032
1313 1032
1312 1033
1311 1033
1310 1033
1309 1033
1308 1033
1307 1033
1306 1032
1305 1032
1304 1032
1303 1032
1302 1031
1301 1031
1300 1031
1299 1031
1298 1031
1297 1031
1296 1031
1295 1031
1294 1032
1293 1032
1292 1032
1291 1032
1290 1033
1289 1033
1288 1033
1287 1033
1286 1032
1285 1032
1284 1032
1283 1032
1282 1031
1281 1031
1280 1030
1279 1030
1278 1030
1277 1029
1276 1028
1275 1028
1274 1028
1273 1028
1272 1027
1271 1027
1270 1027
1269 1027
1268 1028
1267 1028
1266 1029
1265 1030
1264 1030
1263 1031
1262 1032
1261 1032
1260 1033
1259 1033
1258 1034
1257 1034
1256 1034
1255 1034
1254 1035
1253 1035
1252 1035
1251 1035
1250 1035
1249 1035
1248 1035
1247 1035
1246 1035
1245 1035
1244 1035
1243 1035
1242 1035
1241 1035
1240 1035
1239 1035
1238 1035
1237 1035
1236 1035
1235 1035
1234 1035
1233 1035
1232 1035
1231 1035
1230 1035
1229 1035
1228 1035
1227 1035
1226 1035
1225 1035
1224 1036
1223 1036
1222 1036
1221 1036
1220 1037
1219 1037
1218 1037
1217 1037
1216 1037
1215 1037
1214 1037
1213 1037
1212 1038
1211 1038
1210 1038
1209 1038
1208 1039
1207 1039
1206 1039
1205 1039
1204 1039
1203 1039
1202 1039
1201 1039
1200 1039
1199 1039
1198 1040
1197 1040
1196 1040
1195 1040
1194 1041
1193 1042
1192 1042
1191 1042
1190 1043
1189 1043
1188 1043
1187 1043
1186 1043
1185 1043
1184 1043
1183 1043
1182 1043
1181 1043
1180 1044
1179 1044
1178 1045
1177 1046
1176 1046
1176 1047
1175 1048
1174 1048
1174 1049
1173 1050
1172 1050
1172 1051
1171 1052
1170 1052
1169 1053
1168 1054
1167 1054
1166 1055
1165 1056
1164 1057
1163 1058
1162 1058
1161 1059
1160 1060
1159 1060
1158 1061
1157 1061
1156 1061
1155 1061
1154 1062
1153 1062
1152 1063
1151 1064
1150 1064
1150 1065
1149 1066
1148 1066
1148 1067
1147 1068
1146 1069
1145 1070
1144 1071
1144 1072
1144 1073
1143 1074
1142 1075
1142 1076
1142 1077
1142 1078
1141 1079
1141 1080
1140 1081
1140 1082
1140 1083
1140 1084
1139 1085
1139 1086
1139 1087
1139 1088
1139 1089
1139 1090
1139 1091
1139 1092
1139 1093
1139 1094
1139 1095
1139 1096
1139 1097
1139 1098
1139 1099
1139 1100
1139 1101
1139 1102
1139 1103
1139 1104
1139 1105
1139 1106
1139 1107
1139 1108
1139 1109
1139 1110
1139 1111
1139 1112
1139 1113
1139 1114
1139 1115
1139 1116
1139 1117
1139 1118
1139 1119
1139 1120
1139 1121
1139 1122
1139 1123
1139 1124
1139 1125
1139 1126
1139 1127
1139 1128
1138 1129
1138 1130
1138 1131
1138 1132
1137 1133
1137 1134
1137 1135
1137 1136
1137 1137
1137 1138
1137 1139
1137 1140
1137 1141
1137 1142
1137 1143
1137 1144
1137 1145
1137 1146
1137 1147
1137 1148
1137 1149
1137 1150
1137 1151
1137 1152
1137 1153
1137 1154
1138 1155
1138 1156
1139 1157
1140 1158
1141 1159
1142 1160
1143 1161
1144 1161
1145 1161
1146 1162
1147 1163
1148 1163
1149 1163
1150 1164
1151 1165
1152 1165
1153 1165
1154 1165
1155 1166
1156 1166
1157 1167
1158 1167
1159 1167
1160 1168
1161 1169
1162 1169
1163 1170
1164 1170
1165 1171
1166 1172
1167 1173
1168 1173
1169 1173
1170 1173
1171 1174
1172 1174
1173 1175
1174 1175
1175 1175
1176 1176
1177 1177
1178 1177
1179 1178
1180 1178
1181 1179
1182 1179
1183 1180
1184 1180
1185 1180
1186 1180
1187 1180
1188 1180
1189 1181
1190 1181
1191 1181
1192 1181
1193 1182
1194 1182
1195 1183
1196 1183
1197 1183
1198 1183
1199 1184
1200 1184
1201 1184
1202 1184
1203 1184
1204 1184
1205 1185
1206 1185
1207 1185
1208 1186
1209 1187
1210 1187
1211 1187
1212 1188
1213 1189
1214 1189
1215 1189
1216 1189
1217 1190
1218 1190
1219 1190
1220 1190
1221 1191
1222 1191
1223 1191
1224 1191
1225 1192
1226 1192
1227 1192
1228 1192
1229 1192
1230 1192
1231 1192
1232 1192
1233 1192
1234 1192
1235 1192
1236 1192
1237 1192
1238 1192
1239 1192
1240 1192
1241 1192
1242 1192
1243 1192
1244 1192
1245 1192
1246 1192
1247 1192
1248 1192
1249 1192
1250 1192
1251 1192
1252 1192
1253 1192
1254 1192
1255 1192
1256 1192
1257 1192
1258 1192
1259 1192
1260 1192
1261 1192
1262 1192
1263 1192
1264 1192
1265 1192
1266 1192
1267 1192
1268 1192
1269 1193
1270 1193
1271 1193
1272 1194
1273 1195
1274 1195
1275 1195
1276 1195
1277 1196
1278 1196
1279 1196
1280 1196
1281 1196
1282 1196
1283 1196
1284 1196
1285 1196
1286 1196
1287 1196
1288 1196
1289 1196
1290 1196
1291 1196
1292 1196
1293 1196
1294 1196
1295 1196
1296 1196
1297 1196
1298 1196
1299 1196
1300 1196
1301 1197
1302 1197
1303 1197
1304 1197
1305 1198
1306 1198
1307 1198
1308 1198
1309 1198
1310 1198
1311 1199
1312 1199
1313 1199
1314 1199
1315 1200
1316 1200
1317 1200
1318 1200
1319 1200
1320 1200
1321 1200
1322 1200
1323 1201
1324 1201
1325 1201
1326 1202
1327 1203
1328 1203
1329 1203
1330 1203
1331 1204
1332 1204
1333 1204
1334 1204
1335 1204
1336 1204
1337 1204
1338 1204
1339 1204
1340 1204
1341 1204
1342 1204
1343 1204
1344 1204
1345 1204
1346 1204
1347 1204
1348 1204
1349 1204
1350 1204
1351 1204
1352 1204
1353 1205
1354 1205
1355 1205
1356 1206
1357 1207
1358 1207
1359 1207
1360 1207
1361 1208
1362 1208
1363 1208
1364 1208
1365 1208
1366 1208
1367 1208
1368 1208
1369 1208
1370 1208
1371 1208
1372 1208
1373 1208
1374 1208
1375 1208
1376 1208
1377 1208
1378 1208
1379 1208
1380 1208
1381 1208
1382 1208
1383 1208
1384 1208
1385 1208
1386 1208
1387 1207
1388 1207
1389 1207
1390 1207
1391 1206
1392 1206
1393 1206
1394 1206
1395 1207
1396 1207
1397 1207
1398 1208
1399 1209
1400 1209
1401 1209
1402 1210
1403 1211
1404 1211
1405 1211
1406 1211
1407 1212
1408 1212
1409 1212
1410 1212
1411 1212
1412 1212
1413 1212
1414 1212
1415 1212
1416 1212
1417 1211
1418 1211
1419 1211
1420 1211
1421 1210
1422 1210
1423 1210
1424 1210
1425 1210
1426 1210
1427 1210
1428 1210
1429 1210
1430 1210
1431 1209
1432 1209
1433 1209
1434 1209
1435 1208
1436 1208
1437 1208
1438 1208
1439 1208
1440 1208
1441 1208
1442 1208
1443 1208
1444 1208
1445 1208
1446 1208
1447 1208
1448 1208
1449 1208
1450 1208
1451 1208
1452 1208
1453 1208
1454 1208
1455 1208
1456 1208
1457 1208
1458 1208
1459 1208
1460 1208
1461 1208
1462 1208
1463 1208
1464 1208
1465 1209
1466 1209
1467 1210
1468 1210
1469 1211
1470 1211
1471 1212
1472 1212
1473 1212
1474 1212
1475 1212
1476 1212
1477 1213
1478 1213
1479 1213
1480 1213
1481 1214
1482 1214
1483 1214
1484 1214
1485 1214
1486 1214
1487 1214
1488 1214
1489 1214
1490 1214
1491 1214
1492 1214
1493 1214
1494 1214
1495 1213
1496 1213
1497 1213
1498 1213
1499 1212
1500 1212
1501 1212
1502 1212
1503 1212
1504 1212
1505 1212
1506 1212
1507 1212
1508 1212
1509 1212
1510 1212
1511 1213
1512 1213
1513 1213
1514 1214
1515 1215
1516 1215
1517 1215
1518 1216
1519 1217
1520 1217
1521 1217
1522 1217
1523 1218
1524 1218
1525 1218
1526 1218
1527 1218
1528 1218
1529 1218
1530 1218
1531 1218
1532 1218
1533 1218
1534 1218
1535 1218
1536 1218
1537 1218
1538 1218
1539 1218
1540 1218
1541 1218
1542 1218
1543 1218
1544 1218
1545 1218
1546 1218
1547 1219
1548 1219
1549 1219
1550 1220
1551 1221
1552 1221
1553 1222
1554 1222
1555 1223
1556 1223
1557 1224
1558 1224
1559 1224
1560 1224
1561 1225
1562 1225
1563 1225
1564 1225
1565 1226
1566 1226
1567 1226
1568 1226
1569 1227
1570 1227
1571 1227
1572 1227
1573 1228
1574 1228
1575 1229
1576 1229
1577 1229
1578 1229
1579 1230
1580 1230
1581 1230
1582 1230
1583 1230
1584 1230
1585 1230
1586 1230
1587 1230
1588 1230
1589 1230
1590 1230
1591 1229
1592 1229
1593 1229
1594 1229
1595 1228
1596 1228
1597 1228
1598 1228
1599 1228
1600 1228
1601 1228
1602 1228
1603 1228
1604 1228
1605 1228
1606 1228
1607 1228
1608 1228
1609 1228
1610 1228
1611 1227
1612 1227
1613 1227
1614 1227
1615 1226
1616 1226
1617 1225
1618 1225
1619 1225
1620 1225
1621 1224
1622 1224
1623 1224
1624 1224
1625 1224
1626 1224
1627 1224
1628 1224
1629 1224
1630 1224
1631 1224
1632 1224
1633 1223
1634 1223
1635 1223
1636 1223
1637 1222
1638 1222
1639 1222
1640 1222
1641 1222
1642 1222
1643 1222
1644 1222
1645 1222
1646 1222
1647 1222
1648 1222
1649 1222
1650 1222
1651 1222
1652 1222
1653 1222
1654 1222
1655 1222
1656 1222
1657 1222
1658 1222
1659 1222
1660 1222
1661 1222
1662 1222
1663 1222
1664 1222
1665 1222
1666 1222
1667 1222
1668 1222
1669 1221
1670 1221
1671 1221
1672 1221
1673 1220
1674 1220
1675 1220
1676 1220
1677 1219
1678 1219
1679 1219
1680 1219
1681 1218
1682 1218
1683 1217
1684 1217
1685 1217
1686 1217
1687 1216
1688 1216
1689 1216
1690 1216
1691 1215
1692 1215
1693 1214
1694 1213
1695 1213
1696 1212
1697 1211
1698 1211
1699 1210
1700 1210
1701 1210
1702 1210
1703 1209
1704 1209
1705 1208
1706 1208
1707 1207
1708 1207
1709 1206
1710 1205
1711 1204
1712 1204
1713 1203
1714 1203
1715 1202
1716 1201
1717 1201
1718 1201
1719 1200
1720 1199
1721 1198
1722 1197
1723 1197
1724 1196
1725 1195
1726 1195
1727 1194
1728 1193
1729 1192
1730 1192
1731 1191
1732 1191
1733 1190
1734 1190
1735 1189
1736 1189
1737 1188
1738 1188
1739 1187
1740 1187
1741 1186
1742 1186
1743 1185
1744 1185
1745 1184
1746 1183
1747 1183
1747 1182
1748 1181
1749 1180
1750 1179
1751 1178
1751 1177
1752 1176
1753 1175
1753 1174
1754 1173
1755 1172
1755 1171
1756 1170
1756 1169
1756 1168
1756 1167
1756 1166
1756 1165
1756 1164
1756 1163
1756 1162
1756 1161
1756 1160
1756 1159
1757 1158
1757 1157
1757 1156
1758 1155
1759 1154
1759 1153
1760 1152
1760 1151
1761 1150
1761 1149
1762 1148
1762 1147
1762 1146
1762 1145
1762 1144
1762 1143
1762 1142
1762 1141
1762 1140
1762 1139
1762 1138
1762 1137
1762 1136
1762 1135
1762 1134
1762 1133
1763 1132
1763 1131
1764 1130
1764 1129
1765 1128
1765 1127
1766 1126
1766 1125
1766 1124
1766 1123
1765 1122
1765 1121
1765 1120
1765 1119
1764 1118
1764 1117
1763 1116
1763 1115
1763 1114
1763 1113
1762 1112
1761 1111
1761 1110
1761 1109
1760 1108
1760 1107
1759 1106
1759 1105
1759 1104
1759 1103
1758 1102
1758 1101
1758 1100
1758 1099
1757 1098
1757 1097
1757 1096
1757 1095
1756 1094
1755 1093
1754 1092
1754 1091
1753 1090
1753 1089
1752 1088
1752 1087
1752 1086
1752 1085
1751 1084
1751 1083
1751 1082
1751 1081
1750 1080
1750 1079
1750 1078
1750 1077
1750 1076
1750 1075
1750 1074
1750 1073
1750 1072
1750 1071
1749 1070
1749 1069
1749 1068
1749 1067
1748 1066
1747 1065
1747 1064
1747 1063
1746 1062
1746 1061
1746 1060
1746 1059
1746 1058
1746 1057
1746 1056
1746 1055
1746 1054
1746 1053
1746 1052
1746 1051
1746 1050
1746 1049
1746 1048
1746 1047
1746 1046
1746 1045
1746 1044
1746 1043
1745 1042
1745 1041
1745 1040
1745 1039
1744 1038
1744 1037
1744 1036
1744 1035
1744 1034
1744 1033
1743 1032
1743 1031
1743 1030
1743 1029
1742 1028
1742 1027
1741 1026
1741 1025
1740 1024
1739 1023
1739 1022
1738 1021
1737 1020
1737 1019
1736 1018
1735 1017
1734 1016
1734 1015
1733 1014
1733 1013
1732 1012
1731 1011
1730 1010
1730 1009
1729 1008
1729 1007
1728 1006
1727 1005
1726 1004
1725 1003
1725 1002
1724 1002
1723 1001
1723 1000
1722 1000
1721 999
1721 998
1720 998
1719 997
1719 996
1718 996
1717 995
1717 994
1716 994
1715 993
1715 992
1714 992
1713 991
1713 990
1712 990
1711 989
1711 988
1710 988
1709 987
1709 986
1708 986
1707 985
1707 984
1706 984
1705 983
1705 982
1704 982
1703 981
1703 980
1702 979
1701 978
1701 977
1700 976
1700 975
1699 974
1699 973
1698 972
1697 971
1697 970
1696 970
1695 969
1695 968
1694 968
1693 967
1693 966
1692 966
1691 965
1691 964
1690 964
1689 963
1689 962
1688 962
1687 961
1687 960
1686 960
1685 959
1684 958
1683 957
1682 956
1681 956
1680 955
1679 955
1678 954
1677 953
1676 952
1675 952
1674 952
1673 951
1672 950
1671 950
1670 950
1669 950
1668 949
1667 949
1666 948
1665 948
1664 947
1663 947
1662 946
1661 946
1660 945
1659 945
1658 944
1657 944
1656 944
1655 943
1654 942
1653 942
1652 941
1651 941
1650 940
1649 940
1648 939
1647 939
1646 939
1645 939
1644 938
1643 938
1642 938
1641 938
1640 937
1639 937
1638 937
1637 937
1636 937
1635 937
1634 937
1633 937
1632 937
1631 937
1630 937
1629 937
1628 937
1627 937
