292 1628
291 1629
290 1629
289 1630
288 1630
287 1630
286 1630
285 1631
284 1631
283 1631
282 1632
281 1632
280 1632
279 1632
278 1632
277 1632
276 1632
275 1632
274 1632
273 1632
272 1632
271 1632
270 1633
269 1633
268 1634
267 1635
266 1636
265 1637
264 1638
263 1639
262 1640
261 1641
260 1642
259 1643
258 1644
258 1645
258 1646
258 1647
258 1648
258 1649
257 1650
257 1651
257 1652
256 1653
256 1654
256 1655
256 1656
256 1657
256 1658
256 1659
256 1660
256 1661
257 1662
257 1663
258 1664
259 1665
259 1666
260 1667
260 1668
261 1669
261 1670
262 1671
263 1672
264 1673
265 1674
266 1675
267 1676
268 1677
269 1677
270 1678
271 1678
272 1679
273 1680
274 1680
275 1680
276 1680
277 1680
278 1680
279 1680
280 1680
281 1680
282 1680
283 1680
284 1680
285 1680
286 1680
287 1680
288 1680
289 1681
290 1681
291 1681
292 1681
293 1681
294 1681
295 1681
296 1681
297 1681
298 1682
299 1682
300 1682
301 1683
302 1683
303 1683
304 1683
305 1683
306 1683
307 1684
308 1684
309 1684
310 1684
311 1684
312 1685
313 1685
314 1685
315 1685
316 1685
317 1685
318 1685
319 1685
320 1685
321 1685
322 1685
323 1685
324 1685
325 1685
326 1685
327 1685
328 1685
329 1685
330 1685
331 1685
332 1685
333 1685
334 1685
335 1685
336 1685
337 1685
338 1685
339 1685
340 1685
341 1685
342 1685
343 1685
344 1685
345 1685
346 1685
347 1685
348 1685
349 1685
350 1685
351 1685
352 1685
353 1685
354 1685
355 1685
356 1685
357 1684
358 1684
359 1683
360 1683
361 1683
362 1682
363 1682
364 1681
365 1680
366 1680
367 1679
368 1679
369 1678
370 1678
371 1677
372 1676
373 1675
374 1675
375 1674
376 1673
377 1673
377 1672
378 1671
378 1670
378 1669
378 1668
378 1667
378 1666
378 1665
378 1664
378 1663
378 1662
378 1661
378 1660
378 1659
378 1658
378 1657
378 1656
378 1655
378 1654
379 1653
379 1652
379 1651
379 1650
379 1649
379 1648
379 1647
378 1646
378 1645
377 1644
376 1643
375 1642
375 1641
374 1640
373 1639
372 1638
371 1637
370 1636
369 1636
368 1635
367 1635
366 1634
365 1633
364 1633
363 1632
362 1632
361 1631
360 1631
359 1631
358 1630
357 1630
356 1630
355 1630
354 1630
353 1630
352 1630
351 1630
350 1630
349 1630
348 1630
347 1630
346 1630
345 1630
344 1630
343 1630
342 1630
341 1630
340 1630
339 1630
338 1630
337 1630
336 1630
335 1630
334 1630
333 1630
332 1630
331 1630
330 1630
329 1630
328 1630
327 1630
326 1630
325 1630
324 1630
323 1629
322 1629
321 1629
320 1629
319 1629
318 1629
317 1629
316 1629
315 1629
314 1628
313 1628
312 1628
311 1628
310 1628
309 1628
308 1628
307 1628
306 1628
305 1628
304 1628
303 1628
302 1628
301 1628
300 1628
299 1628
298 1628
297 1628
296 1628
295 1628
294 1628
293 1628
292 1628
