774 2107
773 2108
772 2108
771 2109
770 2109
769 2110
768 2110
767 2111
766 2111
765 2112
764 2112
763 2111
762 2111
761 2111
760 2110
759 2110
758 2110
757 2110
756 2110
755 2110
754 2110
753 2111
752 2111
751 2112
750 2113
749 2114
748 2114
747 2115
746 2116
745 2117
744 2117
743 2118
742 2119
741 2120
740 2121
739 2122
738 2123
738 2124
738 2125
738 2126
738 2127
738 2128
739 2129
739 2130
739 2131
739 2132
739 2133
739 2134
740 2135
740 2136
740 2137
740 2138
740 2139
740 2140
740 2141
740 2142
741 2143
741 2144
742 2145
743 2146
744 2147
745 2148
746 2149
747 2150
748 2151
749 2151
750 2151
751 2152
752 2152
753 2153
754 2154
755 2155
756 2156
757 2157
758 2158
759 2159
760 2160
761 2161
762 2162
763 2163
764 2163
765 2164
766 2165
767 2165
768 2166
769 2166
770 2166
771 2166
772 2166
773 2166
774 2166
775 2166
776 2166
777 2166
778 2166
779 2166
780 2166
781 2166
782 2166
783 2166
784 2167
785 2167
786 2167
787 2168
788 2168
789 2168
790 2168
791 2168
792 2168
793 2168
794 2168
795 2168
796 2168
797 2168
798 2168
799 2168
800 2168
801 2168
802 2168
803 2168
804 2168
805 2167
806 2166
807 2166
808 2165
809 2164
810 2163
811 2163
812 2162
813 2162
814 2161
815 2160
816 2160
817 2159
818 2159
819 2158
820 2157
821 2156
822 2155
823 2154
824 2153
825 2152
826 2151
827 2150
828 2149
829 2148
830 2147
831 2146
832 2145
832 2144
832 2143
832 2142
832 2141
833 2140
833 2139
833 2138
833 2137
833 2136
833 2135
833 2134
833 2133
833 2132
833 2131
833 2130
833 2129
833 2128
833 2127
833 2126
833 2125
832 2124
831 2123
830 2122
829 2121
828 2121
827 2120
826 2120
825 2119
824 2118
823 2118
822 2117
821 2117
820 2117
819 2116
818 2116
817 2115
816 2114
815 2114
814 2113
813 2113
812 2112
811 2112
810 2111
809 2111
808 2110
807 2110
806 2110
805 2110
804 2109
803 2109
802 2108
801 2108
800 2108
799 2108
798 2108
797 2108
796 2108
795 2108
794 2108
793 2108
792 2108
791 2108
790 2108
789 2108
788 2107
787 2107
786 2107
785 2107
784 2107
783 2107
782 2107
781 2107
780 2107
779 2107
778 2107
777 2107
776 2107
775 2107
774 2107
