364 244
363 245
362 245
361 246
360 246
359 247
358 247
357 248
356 248
355 249
354 250
353 251
352 251
351 252
350 253
349 253
348 254
347 255
346 256
346 257
346 258
346 259
346 260
346 261
347 262
347 263
346 264
346 265
345 266
344 266
343 266
342 266
341 266
340 266
339 266
338 266
337 266
336 266
335 266
334 266
333 266
332 266
331 267
330 267
329 268
328 269
327 270
326 271
325 272
324 272
323 273
322 273
321 273
320 273
319 272
318 272
317 272
316 271
315 271
314 271
313 270
312 270
311 270
310 270
309 270
308 269
307 269
306 269
305 269
304 269
303 269
302 269
301 269
300 269
299 269
298 269
297 269
296 269
295 269
294 269
293 269
292 269
291 269
290 269
289 269
288 269
287 269
286 269
285 269
284 269
283 269
282 269
281 270
280 270
279 270
278 270
277 270
276 270
275 271
274 271
273 271
272 271
271 271
270 271
269 272
268 272
267 272
266 273
265 273
264 273
263 273
262 273
261 273
260 273
259 273
258 274
257 274
256 274
255 274
254 275
253 275
252 275
251 275
250 275
249 275
248 276
247 276
246 276
245 276
244 276
243 276
242 276
241 276
240 276
239 276
238 276
237 276
236 276
235 276
234 275
233 275
232 275
231 275
230 275
229 275
228 275
227 275
226 275
225 275
224 276
223 276
222 277
221 278
220 278
219 278
218 279
217 280
216 281
215 282
215 283
214 284
214 285
214 286
214 287
214 288
214 289
215 290
215 291
216 292
217 292
218 293
219 293
220 294
221 295
222 295
223 296
224 297
225 298
226 299
227 300
227 301
228 302
229 303
230 304
230 305
231 306
232 307
232 308
233 309
234 310
235 311
236 312
237 313
238 313
239 314
240 315
241 315
242 316
243 316
244 316
245 317
246 317
247 318
248 318
249 319
250 319
251 320
252 321
253 321
254 322
255 322
256 323
257 323
258 324
259 324
260 324
261 325
262 325
263 325
264 325
265 326
266 327
267 327
268 328
269 328
270 329
271 329
272 329
273 329
274 330
275 330
276 330
277 330
278 330
279 329
280 329
281 329
282 329
283 329
284 329
285 329
286 329
287 329
288 329
289 329
290 329
291 329
292 329
293 329
294 329
295 329
296 329
297 329
298 329
299 329
300 329
301 329
302 329
303 329
304 329
305 329
306 329
307 329
308 329
309 329
310 329
311 329
312 329
313 329
314 329
315 329
316 329
317 329
318 329
319 329
320 329
321 329
322 328
323 328
324 328
325 327
326 327
327 327
328 326
329 326
330 326
331 326
332 326
333 326
334 326
335 326
336 326
337 326
338 326
339 326
340 326
341 326
342 326
343 326
344 326
345 326
346 326
347 326
348 326
349 326
350 326
351 326
352 326
353 326
354 326
355 326
356 326
357 326
358 326
359 326
360 326
361 326
362 326
363 326
364 326
365 326
366 326
367 326
368 326
369 326
370 326
371 326
372 326
373 326
374 326
375 326
376 326
377 326
378 327
379 327
380 327
381 327
382 327
383 327
384 327
385 328
386 328
387 328
388 329
389 329
390 329
391 329
392 329
393 329
394 329
395 328
396 328
397 328
398 327
399 327
400 326
401 325
402 324
403 324
404 323
405 322
406 321
407 320
408 319
409 319
410 318
411 317
412 316
412 315
413 314
414 313
414 312
415 311
416 310
416 309
416 308
417 307
417 306
418 305
418 304
419 303
419 302
419 301
419 300
419 299
419 298
420 297
420 296
420 295
420 294
421 293
421 292
421 291
422 290
422 289
422 288
422 287
422 286
422 285
421 284
421 283
420 282
420 281
420 280
419 279
419 278
419 277
419 276
419 275
418 274
418 273
417 272
417 271
417 270
416 269
416 268
416 267
415 266
415 265
415 264
415 263
415 262
414 261
413 260
412 259
411 258
410 257
409 256
408 255
407 255
406 254
405 254
404 254
403 254
402 254
401 254
400 254
399 253
398 253
397 253
396 252
395 252
394 251
393 251
392 250
391 249
390 248
389 248
388 247
387 246
386 246
385 246
384 245
383 245
382 245
381 245
380 245
379 245
378 245
377 245
376 245
375 245
374 245
373 245
372 244
371 244
370 244
369 244
368 244
367 244
366 244
365 244
364 244
