220 120
219 121
218 121
217 121
216 121
215 121
214 121
213 121
212 121
211 121
210 121
209 122
208 122
207 122
206 123
205 123
204 123
203 123
202 123
201 123
200 124
199 124
198 125
197 125
196 125
195 125
194 125
193 125
192 125
191 125
190 125
189 125
188 125
187 126
186 126
185 126
184 126
183 126
182 127
181 127
180 127
179 128
178 128
177 128
176 129
175 129
174 130
173 131
172 132
171 133
170 134
169 135
168 135
167 136
166 137
165 137
164 138
164 139
164 140
163 141
163 142
163 143
163 144
162 145
162 146
163 147
164 148
165 149
165 150
166 151
166 152
166 153
167 154
167 155
168 155
169 155
170 155
171 155
172 155
173 155
174 155
175 155
176 155
177 155
178 155
179 155
180 155
181 156
182 156
183 156
184 157
185 157
186 157
187 158
188 158
189 159
190 159
191 159
192 159
193 159
194 159
195 159
196 159
197 159
198 160
199 160
200 160
201 160
202 160
203 160
204 160
205 160
206 160
207 160
208 160
209 161
210 161
211 162
212 162
213 163
214 163
215 163
216 164
217 164
218 165
219 165
220 165
221 166
222 167
223 167
224 168
225 168
226 168
227 168
228 168
229 168
230 168
231 168
232 168
233 168
234 168
235 168
236 167
237 167
238 166
239 165
240 165
241 164
242 163
243 163
244 162
245 162
246 161
247 160
248 159
249 158
250 158
251 157
252 157
253 156
254 155
255 154
255 153
256 152
256 151
257 150
257 149
257 148
257 147
257 146
257 145
257 144
257 143
257 142
257 141
257 140
257 139
257 138
257 137
257 136
256 135
256 134
255 133
255 132
254 131
253 130
252 129
251 128
250 127
249 126
248 125
247 124
246 124
245 123
244 123
243 123
242 122
241 122
240 122
239 121
238 121
237 121
236 120
235 120
234 120
233 120
232 120
231 120
230 120
229 120
228 120
227 120
226 120
225 120
224 120
223 120
222 120
221 120
220 120
