1573 234
1572 235
1571 235
1570 236
1569 237
1568 237
1567 238
1566 239
1565 240
1564 240
1563 240
1562 241
1561 241
1560 241
1559 241
1558 241
1557 241
1556 241
1555 241
1554 241
1553 241
1552 241
1551 241
1550 241
1549 241
1548 241
1547 241
1546 241
1545 241
1544 241
1543 241
1542 241
1541 241
1540 241
1539 241
1538 241
1537 241
1536 240
1535 240
1534 240
1533 240
1532 240
1531 240
1530 240
1529 240
1528 240
1527 240
1526 240
1525 239
1524 239
1523 239
1522 239
1521 238
1520 238
1519 238
1518 239
1517 239
1516 239
1515 240
1514 240
1513 240
1512 240
1511 240
1510 240
1509 240
1508 240
1507 239
1506 239
1505 239
1504 238
1503 238
1502 238
1501 238
1500 238
1499 238
1498 238
1497 239
1496 239
1495 239
1494 240
1493 240
1492 240
1491 240
1490 240
1489 240
1488 239
1487 239
1486 239
1485 238
1484 238
1483 238
1482 237
1481 237
1480 237
1479 237
1478 237
1477 237
1476 237
1475 238
1474 238
1473 238
1472 238
1471 238
1470 238
1469 238
1468 238
1467 238
1466 238
1465 238
1464 238
1463 238
1462 239
1461 239
1460 239
1459 240
1458 240
1457 240
1456 240
1455 240
1454 240
1453 240
1452 240
1451 240
1450 241
1449 241
1448 241
1447 242
1446 242
1445 242
1444 243
1443 243
1442 243
1441 243
1440 243
1439 243
1438 243
1437 243
1436 243
1435 243
1434 243
1433 243
1432 243
1431 243
1430 243
1429 243
1428 243
1427 243
1426 243
1425 243
1424 243
1423 243
1422 244
1421 244
1420 244
1419 244
1418 244
1417 244
1416 243
1415 243
1414 243
1413 243
1412 243
1411 243
1410 243
1409 243
1408 243
1407 243
1406 243
1405 244
1404 244
1403 244
1402 244
1401 245
1400 245
1399 245
1398 245
1397 245
1396 245
1395 245
1394 245
1393 245
1392 246
1391 246
1390 246
1389 246
1388 247
1387 247
1386 247
1385 247
1384 247
1383 247
1382 247
1381 248
1380 248
1379 248
1378 248
1377 249
1376 249
1375 249
1374 250
1373 250
1372 250
1371 250
1370 250
1369 250
1368 251
1367 251
1366 251
1365 252
1364 252
1363 252
1362 252
1361 252
1360 253
1359 253
1358 253
1357 254
1356 254
1355 254
1354 254
1353 255
1352 255
1351 255
1350 255
1349 256
1348 256
1347 256
1346 257
1345 257
1344 257
1343 257
1342 257
1341 257
1340 257
1339 257
1338 257
1337 257
1336 257
1335 257
1334 257
1333 258
1332 258
1331 258
1330 259
1329 259
1328 259
1327 259
1326 259
1325 260
1324 260
1323 260
1322 261
1321 261
1320 261
1319 261
1318 261
1317 261
1316 262
1315 262
1314 263
1313 263
1312 263
1311 264
1310 265
1309 265
1308 265
1307 266
1306 266
1305 266
1304 266
1303 266
1302 266
1301 267
1300 267
1299 268
1298 268
1297 269
1296 269
1295 270
1294 270
1293 271
1292 272
1291 272
1291 273
1290 274
1289 275
1288 276
1287 277
1287 278
1286 279
1285 279
1284 280
1283 281
1282 281
1281 281
1280 282
1279 282
1278 282
1277 282
1276 282
1275 282
1274 282
1273 283
1272 284
1271 284
1270 284
1269 285
1268 285
1267 285
1266 286
1265 286
1264 287
1263 288
1262 288
1261 289
1260 289
1259 289
1258 289
1257 289
1256 289
1255 289
1254 289
1253 289
1252 289
1251 289
1250 289
1249 289
1248 289
1247 289
1246 289
1245 289
1244 289
1243 289
1242 289
1241 289
1240 289
1239 289
1238 289
1237 290
1236 290
1235 290
1234 290
1233 290
1232 291
1231 291
1230 291
1229 291
1228 292
1227 293
1226 293
1225 294
1224 295
1223 295
1222 295
1221 295
1220 296
1219 296
1218 296
1217 296
1216 297
1215 297
1214 298
1213 298
1212 298
1211 299
1210 299
1209 299
1208 299
1207 299
1206 298
1205 298
1204 298
1203 297
1202 297
1201 297
1200 297
1199 297
1198 297
1197 297
1196 297
1195 297
1194 296
1193 296
1192 296
1191 295
1190 295
1189 294
1188 293
1187 293
1186 292
1185 292
1184 292
1183 292
1182 292
1181 292
1180 292
1179 292
1178 292
1177 292
1176 292
1175 291
1174 291
1173 290
1172 290
1171 289
1170 289
1169 289
1168 289
1167 289
1166 289
1165 289
1164 289
1163 289
1162 289
1161 289
1160 289
1159 289
1158 289
1157 289
1156 289
1155 289
1154 289
1153 289
1152 289
1151 290
1150 290
1149 290
1148 290
1147 290
1146 290
1145 290
1144 290
1143 290
1142 290
1141 290
1140 290
1139 290
1138 290
1137 290
1136 290
1135 290
1134 290
1133 290
1132 290
1131 290
1130 290
1129 290
1128 290
1127 290
1126 290
1125 291
1124 291
1123 291
1122 291
1121 292
1120 292
1119 292
1118 292
1117 292
1116 292
1115 291
1114 291
1113 291
1112 291
1111 290
1110 290
1109 290
1108 290
1107 290
1106 290
1105 290
1104 290
1103 290
1102 290
1101 290
1100 290
1099 290
1098 290
1097 290
1096 290
1095 290
1094 290
1093 291
1092 291
1091 291
1090 292
1089 292
1088 292
1087 292
1086 292
1085 292
1084 293
1083 293
1082 293
1081 294
1080 294
1079 294
1078 294
1077 294
1076 294
1075 293
1074 293
1073 293
1072 292
1071 292
1070 292
1069 292
1068 292
1067 292
1066 291
1065 291
1064 291
1063 291
1062 290
1061 290
1060 289
1059 289
1058 288
1057 288
1056 287
1055 287
1054 287
1053 287
1052 287
1051 287
1050 287
1049 287
1048 287
1047 287
1046 287
1045 287
1044 287
1043 287
1042 287
1041 287
1040 287
1039 287
1038 287
1037 287
1036 287
1035 287
1034 288
1033 288
1032 288
1031 289
1030 289
1029 289
1028 289
1027 289
1026 289
1025 289
1024 289
1023 289
1022 289
1021 289
1020 289
1019 289
1018 289
1017 289
1016 288
1015 288
1014 288
1013 287
1012 287
1011 287
1010 287
1009 287
1008 287
1007 287
1006 287
1005 286
1004 286
1003 286
1002 285
1001 285
1000 285
999 285
998 285
997 285
996 285
995 285
994 285
993 285
992 285
991 285
990 285
989 284
988 284
987 284
986 284
985 283
984 283
983 283
982 283
981 283
980 282
979 282
978 282
977 282
976 282
975 282
974 282
973 282
972 282
971 282
970 282
969 282
968 282
967 282
966 282
965 282
964 282
963 282
962 282
961 282
960 282
959 282
958 282
957 282
956 282
955 282
954 282
953 281
952 281
951 281
950 281
949 281
948 281
947 281
946 281
945 282
944 282
943 282
942 282
941 282
940 282
939 282
938 282
937 282
936 282
935 282
934 282
933 282
932 282
931 282
930 282
929 282
928 282
927 282
926 282
925 282
924 282
923 282
922 282
921 282
920 282
919 282
918 281
917 281
916 281
915 281
914 280
913 280
912 280
911 280
910 281
909 281
908 281
907 281
906 282
905 282
904 281
903 281
902 281
901 281
900 280
899 280
898 280
897 280
896 280
895 280
894 280
893 280
892 280
891 280
890 280
889 280
888 280
887 280
886 280
885 280
884 280
883 280
882 280
881 280
880 279
879 279
878 279
877 278
876 278
875 278
874 278
873 278
872 278
871 278
870 278
869 278
868 278
867 278
866 278
865 278
864 278
863 278
862 278
861 278
860 278
859 278
858 278
857 278
856 278
855 278
854 278
853 278
852 278
851 278
850 278
849 278
848 278
847 278
846 278
845 278
844 278
843 278
842 278
841 278
840 278
839 278
838 278
837 278
836 278
835 278
834 277
833 277
832 277
831 276
830 276
829 276
828 276
827 276
826 276
825 276
824 276
823 276
822 276
821 276
820 276
819 276
818 277
817 277
816 277
815 277
814 278
813 278
812 278
811 278
810 278
809 278
808 279
807 279
806 279
805 280
804 280
803 280
802 280
801 281
800 281
799 281
798 282
797 282
796 282
795 282
794 282
793 282
792 282
791 282
790 282
789 282
788 281
787 281
786 281
785 280
784 280
783 280
782 279
781 279
780 279
779 278
778 278
777 278
776 278
775 278
774 278
773 278
772 278
771 278
770 278
769 278
768 278
767 278
766 278
765 279
764 279
763 279
762 279
761 280
760 280
759 280
758 280
757 280
756 280
755 280
754 280
753 280
752 281
751 281
750 281
749 282
748 282
747 282
746 282
745 282
744 282
743 282
742 282
741 282
740 282
739 282
738 283
737 283
736 283
735 283
734 283
733 283
732 283
731 283
730 283
729 283
728 283
727 284
726 284
725 284
724 284
723 285
722 285
721 285
720 285
719 285
718 285
717 285
716 286
715 286
714 286
713 286
712 287
711 287
710 287
709 287
708 287
707 287
706 287
705 288
704 288
703 288
702 288
701 289
700 289
699 289
698 289
697 289
696 289
695 289
694 289
693 289
692 290
691 290
690 291
689 291
688 292
687 292
686 292
685 292
684 292
683 292
682 292
681 292
680 293
679 293
678 293
677 294
676 294
675 294
674 294
673 294
672 294
671 294
670 294
669 294
668 294
667 294
666 295
665 295
664 295
663 296
662 296
661 296
660 296
659 296
658 296
657 297
656 297
655 297
654 297
653 298
652 298
651 298
650 299
649 299
648 299
647 299
646 299
645 299
644 299
643 299
642 300
641 300
640 300
639 301
638 301
637 301
636 301
635 301
634 301
633 302
632 302
631 302
630 303
629 304
628 304
627 304
626 304
625 304
624 304
623 305
622 305
621 305
620 306
619 306
618 306
617 307
616 307
615 307
614 308
613 308
612 309
611 309
610 309
609 310
608 311
607 311
606 312
605 312
604 313
603 313
602 314
601 314
600 314
599 314
598 315
597 315
596 315
595 315
594 315
593 315
592 316
591 316
590 317
589 317
588 318
587 318
586 319
585 319
584 319
583 320
582 320
581 320
580 320
579 320
578 320
577 321
576 321
575 321
574 322
573 323
572 323
571 323
570 324
569 325
568 325
567 325
566 326
565 326
564 326
563 326
562 327
561 327
560 328
559 328
558 328
557 329
556 330
555 331
555 332
555 333
555 334
555 335
555 336
555 337
555 338
554 339
554 340
554 341
554 342
554 343
554 344
554 345
554 346
554 347
554 348
554 349
554 350
554 351
554 352
554 353
554 354
554 355
553 356
553 357
553 358
553 359
552 360
552 361
551 362
551 363
551 364
550 365
550 366
550 367
550 368
550 369
550 370
549 371
549 372
549 373
549 374
548 375
548 376
548 377
548 378
548 379
548 380
547 381
547 382
547 383
546 384
546 385
546 386
546 387
546 388
546 389
545 390
545 391
545 392
545 393
545 394
545 395
545 396
545 397
545 398
544 399
544 400
544 401
543 402
543 403
543 404
543 405
542 406
542 407
542 408
542 409
541 410
541 411
541 412
541 413
540 414
540 415
540 416
539 417
539 418
538 419
538 420
538 421
538 422
538 423
538 424
538 425
539 426
539 427
539 428
540 429
540 430
541 431
542 432
543 433
544 434
545 435
546 436
547 437
548 438
549 439
550 440
551 441
551 442
552 443
553 444
553 445
553 446
554 447
554 448
555 449
556 450
556 451
556 452
557 453
557 454
557 455
558 456
558 457
558 458
559 459
559 460
560 461
560 462
560 463
561 464
562 465
562 466
563 467
563 468
564 469
564 470
564 471
564 472
564 473
564 474
564 475
564 476
565 477
565 478
565 479
566 480
566 481
566 482
566 483
566 484
566 485
567 486
567 487
567 488
568 489
568 490
569 491
569 492
569 493
569 494
569 495
569 496
570 497
570 498
570 499
571 500
571 501
571 502
571 503
571 504
572 505
572 506
572 507
573 508
573 509
573 510
573 511
573 512
573 513
573 514
572 515
572 516
571 517
570 518
570 519
569 520
569 521
569 522
569 523
570 524
570 525
570 526
571 527
572 528
573 529
573 530
574 531
574 532
575 533
575 534
575 535
575 536
576 537
576 538
576 539
576 540
577 541
577 542
577 543
578 544
578 545
578 546
579 547
579 548
579 549
580 550
580 551
580 552
580 553
580 554
580 555
580 556
580 557
580 558
581 559
581 560
581 561
581 562
582 563
582 564
582 565
582 566
582 567
582 568
582 569
583 570
583 571
584 572
584 573
584 574
585 575
586 576
587 577
588 578
589 579
590 580
591 581
592 582
593 583
594 584
595 585
596 585
597 586
598 587
599 588
600 589
600 590
601 591
602 592
602 593
603 594
604 595
604 596
605 597
606 598
607 599
607 600
608 601
608 602
608 603
608 604
609 605
609 606
610 607
611 608
612 609
613 610
614 611
615 612
616 613
617 614
618 615
619 616
620 616
621 617
622 618
623 618
624 619
625 620
626 621
627 622
628 623
629 623
630 624
631 625
632 626
633 626
634 627
635 628
636 629
637 630
638 631
639 632
640 633
641 634
642 634
643 635
644 636
645 636
646 637
647 638
648 638
649 639
650 640
651 641
652 641
653 642
654 643
655 643
656 644
657 645
658 646
659 647
660 648
661 649
661 650
662 651
663 652
663 653
664 654
665 655
665 656
666 657
667 658
667 659
668 660
669 661
670 662
670 663
671 663
672 664
672 665
673 666
674 667
675 668
676 669
677 670
678 671
679 671
680 672
681 673
682 674
683 674
684 675
685 676
686 676
687 677
688 678
689 679
690 680
691 680
692 681
693 681
694 681
695 682
696 683
697 684
698 684
699 685
700 686
701 687
702 688
703 689
704 690
705 691
706 692
707 693
708 694
709 695
710 696
711 696
712 697
713 698
714 699
715 700
716 701
716 702
716 703
717 704
718 705
718 706
719 707
719 708
720 709
721 710
721 711
722 711
723 712
724 712
725 712
726 713
727 713
728 713
729 714
730 715
731 716
732 717
733 718
734 719
735 720
736 721
737 721
738 722
739 722
740 723
741 723
742 724
743 724
744 725
745 726
746 727
747 727
748 728
749 729
750 729
751 730
752 731
753 732
754 732
755 733
756 734
757 735
758 736
759 737
760 738
761 739
762 740
763 741
763 742
764 743
764 744
765 745
765 746
766 747
767 748
768 749
769 750
770 751
771 752
772 753
773 754
774 755
775 756
776 757
777 758
778 759
779 760
780 761
781 762
782 763
783 764
784 764
785 765
786 766
787 766
788 766
789 767
790 768
791 769
792 769
793 770
793 771
794 772
795 772
796 773
797 774
798 774
799 775
800 776
800 777
801 778
802 779
802 780
803 781
804 782
805 783
806 783
807 784
807 785
808 786
809 786
810 787
811 787
812 788
813 788
814 789
815 789
816 790
817 791
818 792
819 793
819 794
820 795
821 796
821 797
822 798
823 799
824 800
825 801
826 802
827 803
828 804
829 805
830 806
831 806
832 807
833 808
834 808
835 808
836 809
837 810
838 810
839 811
840 811
841 812
842 813
843 814
844 814
845 815
846 815
847 816
848 816
849 816
850 816
851 817
852 817
853 818
854 819
855 820
856 820
857 821
858 822
859 823
860 824
861 825
861 826
862 827
863 827
864 828
865 829
866 830
867 831
868 832
869 832
870 833
870 834
871 834
872 835
872 836
873 837
874 838
875 839
876 839
877 840
878 841
879 841
880 841
881 842
882 843
883 843
884 844
885 844
886 845
887 846
888 847
889 847
890 848
891 848
892 849
893 850
894 851
895 851
896 852
897 853
898 853
899 854
900 855
901 855
902 856
903 857
904 857
905 857
906 858
907 858
908 858
909 859
910 859
911 859
912 860
913 860
914 860
915 861
916 862
917 862
918 863
919 864
920 864
921 864
922 865
923 865
924 866
925 866
926 867
927 867
928 868
929 869
930 869
931 869
932 870
933 870
934 871
935 871
936 871
937 872
938 873
939 873
940 873
941 874
942 874
943 874
944 875
945 876
946 876
947 876
948 877
949 878
950 878
951 879
952 880
953 880
954 880
955 881
956 881
957 881
958 882
959 882
960 882
961 882
962 882
963 882
964 882
965 882
966 883
967 883
968 884
969 885
970 886
971 887
972 888
973 888
974 889
975 890
976 890
977 890
978 891
979 891
980 892
981 892
982 892
983 893
984 894
985 894
986 894
987 895
988 895
989 896
990 896
991 896
992 896
993 896
994 896
995 896
996 896
997 896
998 896
999 897
1000 897
1001 897
1002 898
1003 898
1004 898
1005 898
1006 898
1007 898
1008 898
1009 898
1010 898
1011 898
1012 898
1013 898
1014 898
1015 898
1016 898
1017 898
1018 898
1019 898
1020 898
1021 898
1022 898
1023 898
1024 898
1025 898
1026 898
1027 898
1028 898
1029 898
1030 898
1031 898
1032 898
1033 899
1034 899
1035 899
1036 900
1037 901
1038 901
1039 902
1040 902
1041 902
1042 903
1043 904
1044 904
1045 905
1046 906
1047 906
1048 907
1049 907
1050 907
1051 907
1052 907
1053 907
1054 908
1055 908
1056 908
1057 908
1058 909
1059 909
1060 909
1061 909
1062 909
1063 909
1064 909
1065 909
1066 909
1067 909
1068 909
1069 909
1070 909
1071 909
1072 909
1073 909
1074 909
1075 909
1076 909
1077 910
1078 910
1079 910
1080 910
1081 910
1082 910
1083 910
1084 910
1085 910
1086 911
1087 911
1088 911
1089 911
1090 912
1091 912
1092 912
1093 912
1094 912
1095 912
1096 912
1097 912
1098 912
1099 912
1100 912
1101 912
1102 912
1103 912
1104 912
1105 912
1106 913
1107 913
1108 912
1109 912
1110 913
1111 912
1112 912
1113 912
1114 911
1115 911
1116 911
1117 910
1118 910
1119 910
1120 911
1121 911
1122 912
1123 913
1124 913
1125 914
1126 914
1127 914
1128 914
1129 915
1130 915
1131 916
1132 916
1133 917
1134 917
1135 917
1136 917
1137 916
1138 916
1139 916
1140 916
1141 916
1142 916
1143 916
1144 917
1145 916
1146 916
1147 916
1148 916
1149 916
1150 916
1151 916
1152 916
1153 916
1154 916
1155 916
1156 916
1157 916
1158 916
1159 916
1160 916
1161 916
1162 916
1163 916
1164 916
1165 916
1166 916
1167 915
1168 915
1169 915
1170 914
1171 914
1172 914
1173 914
1174 914
1175 914
1176 914
1177 914
1178 914
1179 914
1180 914
1181 914
1182 914
1183 914
1184 914
1185 914
1186 914
1187 915
1188 915
1189 915
1190 915
1191 916
1192 916
1193 916
1194 916
1195 916
1196 916
1197 916
1198 915
1199 915
1200 915
1201 915
1202 914
1203 914
1204 913
1205 913
1206 913
1207 913
1208 912
1209 912
1210 912
1211 912
1212 911
1213 911
1214 911
1215 910
1216 910
1217 910
1218 910
1219 910
1220 910
1221 909
1222 909
1223 909
1224 909
1225 909
1226 909
1227 909
1228 909
1229 909
1230 909
1231 909
1232 909
1233 910
1234 910
1235 910
1236 910
1237 910
1238 910
1239 910
1240 910
1241 911
1242 911
1243 911
1244 912
1245 912
1246 912
1247 913
1248 913
1249 913
1250 914
1251 914
1252 915
1253 915
1254 916
1255 917
1256 918
1257 918
1258 919
1259 919
1260 919
1261 919
1262 919
1263 919
1264 919
1265 919
1266 919
1267 919
1268 919
1269 919
1270 919
1271 919
1272 919
1273 919
1274 919
1275 920
1276 920
1277 920
1278 921
1279 921
1280 921
1281 921
1282 921
1283 921
1284 921
1285 921
1286 921
1287 921
1288 921
1289 921
1290 921
1291 921
1292 921
1293 921
1294 921
1295 921
1296 921
1297 921
1298 921
1299 921
1300 921
1301 921
1302 921
1303 921
1304 921
1305 921
1306 920
1307 920
1308 920
1309 919
1310 919
1311 919
1312 918
1313 918
1314 918
1315 917
1316 917
1317 917
1318 917
1319 917
1320 917
1321 917
1322 917
1323 917
1324 917
1325 917
1326 917
1327 917
1328 917
1329 917
1330 917
1331 917
1332 917
1333 917
1334 917
1335 916
1336 916
1337 916
1338 916
1339 916
1340 916
1341 916
1342 916
1343 916
1344 916
1345 916
1346 916
1347 916
1348 916
1349 916
1350 916
1351 916
1352 916
1353 916
1354 916
1355 916
1356 916
1357 916
1358 916
1359 916
1360 916
1361 916
1362 916
1363 916
1364 916
1365 916
1366 916
1367 916
1368 916
1369 915
1370 915
1371 915
1372 914
1373 914
1374 914
1375 914
1376 914
1377 914
1378 914
1379 914
1380 914
1381 914
1382 914
1383 914
1384 915
1385 915
1386 915
1387 916
1388 916
1389 916
1390 916
1391 916
1392 916
1393 916
1394 916
1395 916
1396 916
1397 916
1398 916
1399 916
1400 916
1401 916
1402 916
1403 916
1404 916
1405 916
1406 916
1407 916
1408 916
1409 916
1410 916
1411 916
1412 916
1413 916
1414 916
1415 916
1416 916
1417 916
1418 916
1419 916
1420 916
1421 916
1422 916
1423 916
1424 916
1425 916
1426 916
1427 916
1428 916
1429 916
1430 916
1431 916
1432 916
1433 916
1434 916
1435 916
1436 916
1437 916
1438 916
1439 915
1440 915
1441 915
1442 914
1443 914
1444 914
1445 914
1446 913
1447 913
1448 912
1449 911
1450 911
1450 910
1451 909
1452 908
1452 907
1452 906
1453 905
1453 904
1454 903
1455 902
1456 901
1457 900
1458 899
1458 898
1459 897
1460 896
1460 895
1461 894
1462 893
1463 892
1464 892
1465 891
1466 891
1467 891
1468 891
1469 891
1470 891
1471 891
1472 891
1473 891
1474 891
1475 892
1476 892
1477 892
1478 893
1479 894
1480 894
1481 894
1482 895
1483 895
1484 895
1485 895
1486 895
1487 895
1488 896
1489 897
1490 898
1491 899
1492 899
1493 900
1494 901
1495 901
1496 902
1497 902
1498 902
1499 902
1500 902
1501 902
1502 902
1503 902
1504 902
1505 902
1506 902
1507 902
1508 902
1509 902
1510 902
1511 902
1512 902
1513 902
1514 902
1515 902
1516 902
1517 902
1518 902
1519 902
1520 902
1521 902
1522 902
1523 902
1524 902
1525 902
1526 902
1527 902
1528 902
1529 902
1530 901
1531 901
1532 901
1533 900
1534 900
1535 900
1536 900
1537 900
1538 900
1539 900
1540 900
1541 900
1542 900
1543 900
1544 900
1545 900
1546 900
1547 900
1548 900
1549 900
1550 900
1551 900
1552 900
1553 899
1554 899
1555 898
1556 898
1557 897
1558 897
1559 896
1560 896
1561 896
1562 896
1563 896
1564 896
1565 896
1566 896
1567 896
1568 896
1569 896
1570 896
1571 896
1572 896
1573 896
1574 896
1575 896
1576 896
1577 896
1578 896
1579 895
1580 895
1581 895
1582 895
1583 895
1584 895
1585 895
1586 895
1587 895
1588 895
1589 895
1590 895
1591 894
1592 894
1593 894
1594 894
1595 893
1596 893
1597 893
1598 893
1599 892
1600 892
1601 892
1602 891
1603 891
1604 891
1605 891
1606 891
1607 891
1608 891
1609 891
1610 891
1611 891
1612 890
1613 890
1614 890
1615 889
1616 889
1617 889
1618 889
1619 889
1620 889
1621 888
1622 888
1623 888
1624 888
1625 888
1626 888
1627 888
1628 888
1629 888
1630 888
1631 887
1632 887
1633 887
1634 887
1635 886
1636 886
1637 886
1638 886
1639 886
1640 886
1641 886
1642 886
1643 886
1644 886
1645 886
1646 886
1647 886
1648 885
1649 885
1650 885
1651 884
1652 884
1653 884
1654 883
1655 883
1656 883
1657 882
1658 882
1659 882
1660 882
1661 882
1662 882
1663 882
1664 882
1665 882
1666 881
1667 881
1668 881
1669 880
1670 880
1671 880
1672 879
1673 879
1674 879
1675 879
1676 879
1677 879
1678 879
1679 879
1680 879
1681 879
1682 879
1683 879
1684 879
1685 879
1686 879
1687 879
1688 879
1689 879
1690 878
1691 878
1692 877
1693 876
1694 876
1695 875
1696 875
1697 875
1698 874
1699 874
1700 873
1701 872
1702 871
1703 870
1704 869
1705 868
1706 867
1707 867
1708 866
1709 865
1710 865
1711 864
1712 863
1713 862
1714 862
1715 862
1716 861
1717 861
1718 861
1719 861
1720 861
1721 861
1722 861
1723 861
1724 861
1725 861
1726 861
1727 861
1728 860
1729 860
1730 859
1731 858
1732 857
1733 857
1734 856
1735 856
1736 856
1737 856
1738 856
1739 856
1740 856
1741 856
1742 856
1743 856
1744 856
1745 856
1746 856
1747 856
1748 856
1749 856
1750 856
1751 856
1752 856
1753 856
1754 856
1755 856
1756 856
1757 856
1758 856
1759 856
1760 856
1761 855
1762 855
1763 855
1764 854
1765 854
1766 854
1767 854
1768 854
1769 854
1770 854
1771 854
1772 854
1773 854
1774 854
1775 854
1776 854
1777 854
1778 854
1779 854
1780 854
1781 854
1782 854
1783 854
1784 854
1785 854
1786 854
1787 854
1788 854
1789 854
1790 854
1791 854
1792 854
1793 854
1794 854
1795 854
1796 854
1797 854
1798 854
1799 854
1800 854
1801 854
1802 854
1803 854
1804 854
1805 854
1806 854
1807 854
1808 854
1809 854
1810 853
1811 853
1812 852
1813 852
1814 851
1815 851
1816 851
1817 851
1818 851
1819 851
1820 851
1821 851
1822 851
1823 851
1824 851
1825 851
1826 851
1827 851
1828 851
1829 851
1830 851
1831 851
1832 851
1833 851
1834 850
1835 850
1836 850
1837 849
1838 849
1839 848
1840 848
1841 848
1842 848
1843 847
1844 847
1845 847
1846 847
1847 847
1848 847
1849 847
1850 847
1851 847
1852 847
1853 847
1854 847
1855 847
1856 846
1857 846
1858 846
1859 845
1860 845
1861 845
1862 845
1863 844
1864 843
1865 843
1866 843
1867 842
1868 842
1869 842
1870 842
1871 841
1872 841
1873 840
1874 839
1875 839
1876 839
1877 838
1878 838
1879 838
1880 838
1881 838
1882 838
1883 838
1884 837
1885 837
1886 837
1887 837
1888 837
1889 837
1890 836
1891 836
1892 835
1893 834
1894 834
1895 833
1896 833
1897 833
1898 833
1899 832
1900 832
1901 832
1902 832
1903 831
1904 831
1905 830
1906 830
1907 829
1908 828
1909 827
1910 826
1911 825
1912 825
1913 824
1914 824
1915 823
1916 823
1917 823
1918 823
1919 823
1920 823
1921 822
1922 822
1923 822
1924 822
1925 821
1926 821
1927 821
1928 821
1929 820
1930 820
1931 820
1932 819
1933 818
1934 818
1935 818
1936 817
1937 817
1938 817
1939 816
1940 816
1941 816
1942 815
1943 815
1944 814
1945 814
1946 813
1947 813
1948 812
1949 811
1950 811
1951 811
1952 810
1953 810
1954 809
1955 809
1956 809
1957 808
1958 808
1959 808
1960 807
1961 806
1962 806
1963 806
1964 805
1965 805
1966 804
1967 804
1968 804
1969 803
1970 803
1971 803
1972 802
1973 801
1974 801
1975 800
1976 799
1977 799
1978 798
1979 798
1980 797
1981 797
1982 796
1983 795
1984 794
1985 793
1985 792
1986 791
1987 790
1987 789
1988 788
1989 787
1990 786
1991 785
1992 784
1993 783
1994 782
1995 781
1996 780
1997 779
1998 778
1999 777
2000 776
2001 775
2002 774
2002 773
2003 772
2003 771
2003 770
2003 769
2004 768
2004 767
2005 766
2006 765
2007 764
2008 763
2009 762
2010 761
2011 760
2012 759
2013 758
2014 757
2014 756
2015 755
2016 754
2016 753
2017 752
2018 751
2019 750
2020 749
2021 748
2022 747
2023 746
2023 745
2024 744
2025 743
2026 742
2026 741
2027 740
2028 739
2029 738
2030 737
2031 736
2032 736
2033 735
2034 734
2035 734
2036 733
2037 732
2038 731
2039 730
2039 729
2040 728
2041 727
2041 726
2042 725
2043 724
2044 723
2045 722
2046 722
2046 721
2047 720
2048 719
2049 719
2050 718
2051 718
2052 717
2053 717
2054 717
2055 717
2056 716
2057 716
2058 715
2059 714
2060 713
2061 712
2062 711
2063 711
2064 710
2065 710
2066 709
2067 709
2068 708
2069 707
2070 706
2071 705
2071 704
2072 703
2073 702
2073 701
2074 700
2075 699
2076 698
2076 697
2077 696
2077 695
2078 694
2079 693
2079 692
2080 691
2081 690
2081 689
2082 688
2083 687
2083 686
2083 685
2084 684
2085 683
2085 682
2086 681
2087 680
2088 679
2089 678
2090 678
2091 677
2092 676
2093 675
2094 674
2095 674
2096 674
2097 673
2098 672
2098 671
2098 670
2098 669
2098 668
2098 667
2098 666
2098 665
2098 664
2098 663
2098 662
2098 661
2098 660
2098 659
2097 658
2097 657
2096 656
2096 655
2095 654
2094 653
2093 652
2093 651
2093 650
2093 649
2094 648
2094 647
2095 646
2096 645
2097 644
2098 643
2099 643
2100 642
2101 641
2102 641
2102 640
2103 639
2103 638
2103 637
2103 636
2104 635
2104 634
2104 633
2105 632
2106 631
2106 630
2106 629
2106 628
2107 627
2107 626
2107 625
2107 624
2107 623
2107 622
2107 621
2108 620
2109 619
2109 618
2109 617
2110 616
2110 615
2110 614
2110 613
2110 612
2110 611
2111 610
2111 609
2111 608
2112 607
2113 606
2113 605
2114 604
2115 603
2116 602
2117 601
2118 600
2119 599
2120 598
2121 597
2122 596
2123 595
2124 594
2125 594
2126 593
2127 592
2128 592
2128 591
2129 590
2129 589
2129 588
2129 587
2129 586
2129 585
2129 584
2129 583
2129 582
2129 581
2129 580
2129 579
2129 578
2129 577
2129 576
2129 575
2129 574
2129 573
2129 572
2129 571
2129 570
2128 569
2128 568
2127 567
2127 566
2126 565
2126 564
2125 563
2125 562
2125 561
2124 560
2123 559
2123 558
2123 557
2122 556
2122 555
2122 554
2122 553
2122 552
2122 551
2122 550
2122 549
2122 548
2122 547
2122 546
2122 545
2122 544
2122 543
2122 542
2121 541
2121 540
2121 539
2121 538
2121 537
2121 536
2121 535
2120 534
2120 533
2120 532
2120 531
2119 530
2118 529
2118 528
2118 527
2117 526
2117 525
2116 524
2116 523
2116 522
2115 521
2114 520
2114 519
2114 518
2114 517
2114 516
2113 515
2113 514
2113 513
2112 512
2111 511
2111 510
2110 509
2110 508
2110 507
2109 506
2109 505
2108 504
2107 503
2107 502
2107 501
2107 500
2107 499
2107 498
2107 497
2107 496
2107 495
2107 494
2107 493
2107 492
2107 491
2107 490
2108 489
2108 488
2108 487
2108 486
2108 485
2108 484
2108 483
2108 482
2108 481
2108 480
2108 479
2108 478
2108 477
2108 476
2108 475
2108 474
2107 473
2107 472
2107 471
2107 470
2106 469
2106 468
2106 467
2106 466
2105 465
2105 464
2105 463
2105 462
2105 461
2105 460
2105 459
2105 458
2105 457
2104 456
2104 455
2104 454
2103 453
2103 452
2103 451
2103 450
2102 449
2102 448
2102 447
2102 446
2101 445
2101 444
2100 443
2100 442
2099 441
2098 440
2097 439
2096 439
2095 438
2094 437
2093 437
2092 436
2091 435
2090 434
2089 433
2088 432
2087 431
2086 430
2085 429
2084 428
2083 427
2083 426
2082 425
2081 424
2081 423
2081 422
2080 421
2079 420
2079 419
2078 418
2077 417
2076 416
2076 415
2075 414
2075 413
2075 412
2075 411
2074 410
2074 409
2073 408
2072 407
2071 406
2070 405
2069 404
2069 403
2068 402
2067 401
2067 400
2067 399
2066 398
2066 397
2065 396
2065 395
2064 394
2063 393
2062 393
2061 392
2060 392
2059 392
2058 392
2057 391
2056 391
2055 391
2054 391
2053 390
2052 390
2051 390
2050 389
2049 389
2048 389
2047 388
2046 388
2045 387
2044 386
2043 385
2042 384
2041 383
2040 382
2039 381
2038 380
2037 379
2036 379
2035 378
2034 377
2033 377
2032 376
2031 376
2030 375
2029 374
2028 373
2027 373
2026 372
2025 371
2024 370
2023 370
2022 369
2021 369
2020 368
2019 367
2018 367
2017 366
2016 365
2015 364
2014 363
2013 362
2012 361
2011 360
2010 359
2009 358
2008 357
2007 356
2006 355
2005 354
2004 353
2003 352
2002 351
2001 351
2000 350
1999 349
1998 349
1997 348
1996 347
1995 346
1994 345
1993 344
1992 343
1992 342
1991 341
1990 340
1989 340
1988 340
1987 340
1986 339
1985 339
1984 338
1983 337
1982 336
1981 336
1980 335
1979 334
1978 333
1977 333
1976 332
1975 332
1974 331
1973 331
1972 330
1971 330
1970 329
1969 329
1968 328
1967 328
1966 327
1965 326
1964 325
1963 324
1962 323
1961 323
1960 322
1959 322
1958 322
1957 321
1956 321
1955 320
1954 319
1953 319
1952 319
1951 318
1950 318
1949 318
1948 318
1947 317
1946 316
1945 316
1944 315
1943 314
1942 314
1941 313
1940 312
1939 312
1938 311
1937 310
1936 310
1935 309
1934 309
1933 308
1932 307
1931 306
1930 306
1929 305
1928 304
1927 304
1926 304
1925 303
1924 303
1923 303
1922 303
1921 303
1920 303
1919 302
1918 302
1917 301
1916 300
1915 299
1914 298
1913 297
1912 297
1911 296
1910 296
1909 295
1908 295
1907 294
1906 294
1905 293
1904 292
1903 291
1902 290
1901 289
1900 288
1899 287
1898 286
1897 285
1896 284
1895 284
1894 283
1893 282
1892 281
1891 281
1890 280
1889 279
1888 278
1887 277
1886 277
1885 276
1885 275
1884 274
1884 273
1884 272
1884 271
1883 270
1883 269
1882 268
1881 267
1880 267
1879 266
1878 265
1877 265
1876 265
1875 264
1874 264
1873 263
1872 263
1871 263
1870 262
1869 261
1868 261
1867 261
1866 260
1865 260
1864 260
1863 259
1862 259
1861 258
1860 258
1859 258
1858 257
1857 257
1856 257
1855 256
1854 256
1853 255
1852 254
1851 254
1850 254
1849 253
1848 253
1847 253
1846 252
1845 252
1844 252
1843 251
1842 251
1841 251
1840 250
1839 249
1838 249
1837 248
1836 247
1835 247
1834 246
1833 246
1832 245
1831 245
1830 245
1829 245
1828 245
1827 245
1826 245
1825 245
1824 245
1823 245
1822 245
1821 245
1820 245
1819 245
1818 245
1817 245
1816 245
1815 245
1814 245
1813 245
1812 245
1811 246
1810 246
1809 246
1808 247
1807 248
1806 249
1805 249
1804 250
1803 250
1802 250
1801 251
1800 251
1799 251
1798 252
1797 252
1796 252
1795 252
1794 252
1793 252
1792 252
1791 251
1790 251
1789 251
1788 250
1787 250
1786 250
1785 250
1784 250
1783 250
1782 250
1781 250
1780 250
1779 250
1778 250
1777 250
1776 249
1775 249
1774 249
1773 248
1772 248
1771 248
1770 249
1769 249
1768 249
1767 250
1766 250
1765 250
1764 250
1763 250
1762 250
1761 250
1760 250
1759 250
1758 250
1757 250
1756 250
1755 250
1754 250
1753 250
1752 250
1751 250
1750 250
1749 251
1748 251
1747 251
1746 251
1745 252
1744 252
1743 252
1742 252
1741 252
1740 252
1739 252
1738 252
1737 252
1736 252
1735 252
1734 252
1733 252
1732 252
1731 252
1730 252
1729 252
1728 252
1727 252
1726 252
1725 252
1724 252
1723 252
1722 252
1721 252
1720 252
1719 252
1718 252
1717 252
1716 252
1715 252
1714 252
1713 252
1712 252
1711 252
1710 252
1709 252
1708 252
1707 252
1706 252
1705 252
1704 252
1703 252
1702 252
1701 251
1700 251
1699 250
1698 249
1697 249
1696 248
1695 248
1694 248
1693 247
1692 247
1691 247
1690 246
1689 246
1688 246
1687 246
1686 245
1685 244
1684 244
1683 244
1682 243
1681 243
1680 242
1679 242
1678 242
1677 241
1676 240
1675 240
1674 240
1673 240
1672 240
1671 240
1670 240
1669 240
1668 240
1667 241
1666 241
1665 241
1664 241
1663 241
1662 241
1661 242
1660 242
1659 242
1658 243
1657 243
1656 243
1655 243
1654 243
1653 243
1652 244
1651 244
1650 244
1649 245
1648 245
1647 245
1646 245
1645 244
1644 244
1643 244
1642 243
1641 242
1640 242
1639 241
1638 240
1637 239
1636 239
1635 238
1634 237
1633 237
1632 236
1631 236
1630 236
1629 236
1628 236
1627 235
1626 235
1625 235
1624 234
1623 234
1622 234
1621 234
1620 234
1619 234
1618 234
1617 234
1616 234
1615 234
1614 234
1613 234
1612 234
1611 234
1610 234
1609 234
1608 234
1607 234
1606 234
1605 234
1604 234
1603 234
1602 234
1601 234
1600 234
1599 234
1598 234
1597 234
1596 234
1595 234
1594 234
1593 234
1592 234
1591 234
1590 234
1589 234
1588 234
1587 234
1586 234
1585 234
1584 234
1583 234
1582 234
1581 234
1580 234
1579 234
1578 234
1577 234
1576 234
1575 234
1574 234
1573 234
