281 185
280 186
279 186
278 186
277 186
276 186
275 186
274 186
273 187
272 187
271 188
270 188
269 189
268 190
267 190
266 191
266 192
266 193
266 194
267 195
267 196
267 197
267 198
267 199
266 200
266 201
266 202
265 203
264 204
263 205
262 206
262 207
262 208
261 209
260 210
259 211
258 212
257 213
256 214
255 215
254 216
253 217
253 218
253 219
252 220
251 221
250 222
249 222
248 222
247 222
246 223
245 224
244 225
243 226
242 227
241 228
240 229
241 230
241 231
242 232
243 232
244 233
245 234
246 234
247 234
248 234
249 234
250 234
251 234
252 234
253 234
254 234
255 234
256 234
257 234
258 234
259 233
260 233
261 232
262 232
263 232
264 231
265 231
266 230
267 230
268 230
269 229
270 229
271 229
272 228
273 228
274 228
275 228
276 227
277 227
278 226
279 226
280 226
281 226
282 225
283 225
284 225
285 224
286 224
287 224
288 224
289 224
290 224
291 224
292 223
293 223
294 222
295 222
296 221
297 221
298 221
299 221
300 221
301 221
302 220
303 220
304 220
305 220
306 219
307 219
308 219
309 219
310 218
311 218
312 218
313 217
314 217
315 217
316 217
317 217
318 217
319 217
320 217
321 217
322 217
323 217
324 217
325 217
326 217
327 217
328 217
329 217
330 217
331 217
332 217
333 217
334 217
335 217
336 217
337 217
338 217
339 217
340 217
341 217
342 217
343 217
344 217
345 217
346 217
347 217
348 217
349 217
350 217
351 217
352 216
353 216
354 216
355 216
356 216
357 216
358 216
359 215
360 215
361 215
362 214
363 214
364 213
365 213
365 212
365 211
366 210
366 209
366 208
366 207
365 206
365 205
364 205
363 204
362 203
361 203
360 203
359 202
358 201
357 201
356 201
355 200
354 200
353 199
352 198
351 197
350 197
349 196
348 196
347 196
346 196
345 196
344 195
343 195
342 195
341 194
340 194
339 194
338 194
337 193
336 193
335 193
334 192
333 192
332 192
331 192
330 192
329 191
328 191
327 191
326 190
325 190
324 190
323 190
322 190
321 189
320 189
319 189
318 188
317 188
316 188
315 188
314 187
313 187
312 187
311 187
310 187
309 187
308 187
307 187
306 186
305 186
304 186
303 186
302 186
301 186
300 186
299 186
298 186
297 186
296 186
295 186
294 186
293 186
292 186
291 186
290 186
289 186
288 186
287 186
286 185
285 185
284 185
283 185
282 185
281 185
