679 1258
678 1259
677 1259
676 1259
675 1260
674 1260
673 1260
672 1261
671 1261
670 1261
669 1261
668 1262
667 1262
666 1263
665 1263
664 1263
663 1263
662 1264
661 1264
660 1264
659 1264
658 1264
657 1265
656 1265
655 1265
654 1266
653 1266
652 1266
651 1266
650 1266
649 1266
648 1266
647 1266
646 1266
645 1266
644 1266
643 1266
642 1266
641 1266
640 1266
639 1266
638 1266
637 1266
636 1266
635 1266
634 1266
633 1266
632 1266
631 1266
630 1266
629 1266
628 1266
627 1266
626 1266
625 1266
624 1266
623 1266
622 1267
621 1267
620 1267
619 1267
618 1267
617 1267
616 1267
615 1267
614 1267
613 1267
612 1267
611 1267
610 1267
609 1267
608 1267
607 1267
606 1267
605 1267
604 1267
603 1267
602 1267
601 1267
600 1267
599 1267
598 1267
597 1267
596 1267
595 1267
594 1267
593 1267
592 1267
591 1267
590 1267
589 1267
588 1267
587 1267
586 1267
585 1267
584 1267
583 1267
582 1267
581 1267
580 1267
579 1267
578 1267
577 1267
576 1267
575 1267
574 1267
573 1267
572 1267
571 1267
570 1267
569 1267
568 1267
567 1267
566 1266
565 1266
564 1266
563 1266
562 1267
561 1267
560 1267
559 1267
558 1267
557 1267
556 1267
555 1267
554 1267
553 1267
552 1267
551 1267
550 1267
549 1267
548 1267
547 1267
546 1267
545 1267
544 1267
543 1268
542 1268
541 1268
540 1268
539 1268
538 1268
537 1268
536 1269
535 1269
534 1269
533 1269
532 1269
531 1268
530 1267
529 1267
528 1267
527 1267
526 1267
525 1267
524 1267
523 1268
522 1268
521 1269
520 1269
519 1269
518 1269
517 1270
516 1270
515 1270
514 1271
513 1271
512 1271
511 1271
510 1272
509 1272
508 1272
507 1272
506 1272
505 1272
504 1273
503 1274
502 1275
501 1276
500 1277
499 1278
499 1279
498 1280
498 1281
498 1282
498 1283
498 1284
498 1285
498 1286
498 1287
498 1288
498 1289
498 1290
498 1291
499 1292
499 1293
499 1294
499 1295
499 1296
499 1297
500 1298
500 1299
500 1300
501 1301
501 1302
501 1303
502 1304
502 1305
502 1306
502 1307
502 1308
503 1309
503 1310
503 1311
504 1312
504 1313
504 1314
505 1315
505 1316
505 1317
505 1318
506 1319
506 1320
507 1321
507 1322
508 1323
509 1323
510 1324
511 1324
512 1324
513 1324
514 1324
515 1324
516 1325
517 1325
518 1325
519 1326
520 1326
521 1326
522 1327
523 1327
524 1327
525 1327
526 1328
527 1328
528 1328
529 1328
530 1328
531 1328
532 1328
533 1328
534 1328
535 1329
536 1329
537 1330
538 1330
539 1331
540 1331
541 1331
542 1332
543 1332
544 1332
545 1332
546 1333
547 1333
548 1333
549 1334
550 1334
551 1334
552 1334
553 1334
554 1334
555 1334
556 1334
557 1334
558 1334
559 1334
560 1334
561 1334
562 1334
563 1334
564 1334
565 1335
566 1335
567 1335
568 1335
569 1335
570 1335
571 1336
572 1336
573 1337
574 1337
575 1338
576 1338
577 1338
578 1338
579 1338
580 1339
581 1339
582 1339
583 1339
584 1339
585 1339
586 1340
587 1340
588 1340
589 1340
590 1340
591 1340
592 1340
593 1341
594 1341
595 1341
596 1341
597 1342
598 1342
599 1342
600 1341
601 1341
602 1341
603 1340
604 1339
605 1338
606 1338
607 1338
608 1338
609 1338
610 1338
611 1338
612 1338
613 1338
614 1338
615 1338
616 1338
617 1338
618 1338
619 1338
620 1338
621 1338
622 1339
623 1340
624 1340
625 1341
626 1342
627 1342
628 1342
629 1342
630 1341
631 1340
632 1340
633 1339
634 1339
635 1339
636 1339
637 1339
638 1339
639 1339
640 1339
641 1339
642 1339
643 1339
644 1339
645 1339
646 1339
647 1339
648 1339
649 1339
650 1338
651 1337
652 1336
653 1335
654 1335
655 1334
656 1334
657 1334
658 1334
659 1334
660 1334
661 1334
662 1334
663 1334
664 1334
665 1334
666 1334
667 1334
668 1334
669 1333
670 1333
671 1333
672 1333
673 1333
674 1333
675 1333
676 1333
677 1333
678 1333
679 1333
680 1333
681 1333
682 1333
683 1333
684 1333
685 1332
686 1332
687 1331
688 1330
689 1329
690 1328
691 1327
692 1326
693 1326
694 1325
695 1325
696 1325
697 1324
698 1323
699 1322
700 1321
701 1321
702 1320
703 1319
704 1318
705 1318
706 1317
707 1317
708 1317
709 1316
710 1316
711 1315
712 1314
712 1313
713 1312
713 1311
714 1310
714 1309
714 1308
714 1307
714 1306
713 1305
713 1304
713 1303
713 1302
713 1301
713 1300
713 1299
713 1298
713 1297
713 1296
713 1295
714 1294
714 1293
714 1292
714 1291
714 1290
714 1289
714 1288
714 1287
714 1286
714 1285
714 1284
713 1283
713 1282
713 1281
713 1280
713 1279
713 1278
712 1277
712 1276
711 1275
710 1274
709 1273
708 1272
707 1271
706 1271
705 1270
704 1269
703 1268
702 1267
702 1266
701 1265
701 1264
700 1264
699 1263
698 1263
697 1262
696 1261
695 1260
694 1260
693 1260
692 1259
691 1259
690 1259
689 1259
688 1259
687 1259
686 1258
685 1258
684 1258
683 1258
682 1258
681 1258
680 1258
679 1258
