746 1076
745 1077
744 1077
743 1077
742 1077
741 1078
740 1078
739 1078
738 1078
737 1079
736 1079
735 1079
734 1079
733 1080
732 1080
731 1080
730 1081
729 1081
728 1082
727 1082
726 1082
725 1082
724 1083
723 1083
722 1083
721 1084
720 1084
719 1084
718 1084
717 1085
716 1085
715 1085
714 1086
713 1086
712 1086
711 1086
710 1087
709 1087
708 1087
707 1087
706 1088
705 1088
704 1088
703 1088
702 1089
701 1089
700 1089
699 1089
698 1090
697 1090
696 1090
695 1090
694 1091
693 1091
692 1091
691 1092
690 1092
689 1092
688 1092
687 1093
686 1093
685 1093
684 1094
683 1094
682 1095
681 1096
680 1097
679 1098
679 1099
679 1100
679 1101
679 1102
680 1103
681 1103
682 1104
683 1104
684 1104
685 1104
686 1105
687 1105
688 1105
689 1105
690 1105
691 1106
692 1107
693 1107
694 1107
695 1107
696 1107
697 1108
698 1108
699 1108
700 1109
701 1109
702 1109
703 1109
704 1109
705 1109
706 1109
707 1110
708 1110
709 1110
710 1110
711 1110
712 1110
713 1110
714 1111
715 1111
716 1111
717 1112
718 1112
719 1112
720 1113
721 1113
722 1113
723 1113
724 1114
725 1114
726 1114
727 1114
728 1115
729 1115
730 1115
731 1115
732 1115
733 1115
734 1115
735 1115
736 1115
737 1116
738 1116
739 1116
740 1116
741 1116
742 1117
743 1117
744 1117
745 1117
746 1117
747 1118
748 1118
749 1118
750 1118
751 1119
752 1119
753 1119
754 1120
755 1120
756 1120
757 1121
758 1121
759 1121
760 1121
761 1121
762 1121
763 1120
764 1120
765 1120
766 1120
767 1120
768 1120
769 1120
770 1120
771 1119
772 1119
773 1119
774 1118
775 1118
776 1117
776 1116
776 1115
777 1114
777 1113
777 1112
778 1111
778 1110
778 1109
778 1108
778 1107
779 1106
780 1105
781 1104
781 1103
782 1102
782 1101
783 1100
783 1099
784 1098
785 1097
785 1096
786 1095
786 1094
787 1093
788 1092
788 1091
788 1090
788 1089
788 1088
788 1087
787 1086
787 1085
786 1084
786 1083
785 1082
784 1082
783 1081
782 1080
781 1080
780 1079
779 1079
778 1079
777 1079
776 1079
775 1079
774 1079
773 1079
772 1079
771 1079
770 1079
769 1079
768 1079
767 1078
766 1078
765 1078
764 1077
763 1077
762 1077
761 1077
760 1077
759 1077
758 1077
757 1077
756 1077
755 1077
754 1077
753 1076
752 1076
751 1076
750 1076
749 1076
748 1076
747 1076
746 1076
