365 944
364 945
363 946
363 947
362 948
362 949
362 950
362 951
362 952
362 953
361 954
361 955
361 956
360 957
360 958
360 959
359 960
359 961
359 962
359 963
359 964
359 965
359 966
359 967
358 968
358 969
358 970
358 971
358 972
357 973
357 974
357 975
356 976
356 977
356 978
356 979
356 980
356 981
356 982
356 983
356 984
356 985
356 986
356 987
356 988
356 989
356 990
357 991
357 992
357 993
358 994
358 995
358 996
359 997
359 998
360 999
361 1000
362 1001
363 1002
363 1003
363 1004
363 1005
363 1006
363 1007
363 1008
363 1009
363 1010
363 1011
363 1012
363 1013
363 1014
363 1015
363 1016
363 1017
363 1018
363 1019
362 1020
362 1021
362 1022
362 1023
362 1024
362 1025
363 1026
363 1027
364 1028
365 1029
365 1030
366 1031
367 1032
368 1032
369 1033
370 1033
371 1033
372 1033
373 1033
374 1033
375 1033
376 1033
377 1033
378 1033
379 1032
380 1032
381 1031
382 1031
383 1030
384 1029
385 1028
386 1027
387 1026
388 1026
389 1025
390 1025
391 1025
392 1024
393 1024
394 1024
395 1024
396 1023
397 1022
398 1022
399 1022
400 1022
401 1022
402 1022
403 1021
404 1021
405 1021
406 1021
407 1020
408 1020
409 1020
410 1019
411 1019
412 1019
413 1019
414 1019
415 1019
416 1019
417 1019
418 1019
419 1019
420 1019
421 1019
422 1019
423 1018
424 1018
425 1018
426 1018
427 1018
428 1018
429 1018
430 1018
431 1018
432 1018
433 1018
434 1018
435 1018
436 1018
437 1018
438 1018
439 1018
440 1018
441 1018
442 1018
443 1017
444 1016
445 1016
446 1016
447 1016
448 1015
449 1014
450 1014
451 1013
452 1013
453 1012
454 1012
455 1012
456 1012
457 1012
458 1011
459 1011
460 1010
461 1009
462 1008
463 1007
464 1006
465 1005
466 1004
467 1003
468 1003
469 1003
470 1002
471 1001
472 1000
473 999
473 998
474 997
475 996
476 995
477 994
477 993
478 992
478 991
478 990
479 989
479 988
479 987
479 986
479 985
479 984
479 983
479 982
479 981
479 980
479 979
478 978
478 977
478 976
478 975
478 974
477 973
477 972
476 971
475 970
474 969
473 969
472 968
471 968
470 968
469 968
468 968
467 968
466 968
465 967
464 966
463 965
462 964
461 964
460 963
459 963
458 963
457 962
456 962
455 961
454 961
453 961
452 960
451 960
450 959
449 959
448 958
447 957
446 957
445 957
444 957
443 957
442 957
441 957
440 956
439 956
438 956
437 956
436 956
435 956
434 956
433 956
432 956
431 956
430 955
429 955
428 955
427 955
426 955
425 955
424 955
423 955
422 955
421 955
420 955
419 955
418 955
417 955
416 955
415 955
414 955
413 955
412 955
411 955
410 955
409 955
408 954
407 954
406 954
405 953
404 953
403 953
402 953
401 953
400 953
399 952
398 952
397 952
396 952
395 952
394 951
393 951
392 951
391 951
390 951
389 950
388 950
387 950
386 950
385 950
384 949
383 949
382 948
381 948
380 947
379 947
378 946
377 945
376 944
375 944
374 944
373 944
372 944
371 944
370 944
369 944
368 944
367 944
366 944
365 944
