452 40
451 41
450 42
449 42
448 42
447 42
446 42
445 42
444 43
443 43
442 43
441 44
440 45
439 46
438 47
437 48
436 49
435 49
434 50
433 50
432 51
431 51
430 51
429 52
428 53
427 54
426 55
425 56
424 57
423 58
422 58
421 59
420 60
419 60
418 61
417 61
416 61
415 62
414 62
413 63
412 63
411 64
410 65
409 65
408 66
407 66
406 66
405 66
404 66
403 66
402 67
401 67
400 68
399 68
398 69
397 70
396 71
395 72
394 73
393 74
392 74
391 74
390 74
389 74
388 75
387 75
386 76
385 76
384 76
383 77
382 77
381 77
380 77
379 78
378 78
377 79
376 79
375 79
374 79
373 79
372 80
371 80
370 81
369 82
368 83
367 84
367 85
367 86
367 87
367 88
367 89
367 90
368 91
369 92
369 93
369 94
370 95
370 96
370 97
371 98
372 99
372 100
373 101
374 101
375 102
376 103
377 104
378 104
379 105
380 106
381 107
382 108
383 109
384 109
385 110
386 110
387 111
388 112
389 112
390 113
391 114
392 115
393 115
394 116
395 116
396 117
397 118
398 119
399 120
400 121
401 121
402 120
403 120
404 121
405 121
406 122
407 122
408 122
409 122
410 122
411 123
412 123
413 124
414 124
415 124
416 124
417 124
418 124
419 124
420 124
421 124
422 124
423 124
424 124
425 124
426 124
427 124
428 125
429 125
430 125
431 125
432 125
433 125
434 125
435 125
436 125
437 125
438 126
439 125
440 125
441 124
442 124
443 124
444 124
445 124
446 124
447 124
448 124
449 124
450 124
451 124
452 124
453 124
454 124
455 124
456 124
457 123
458 123
459 123
460 123
461 123
462 123
463 123
464 123
465 123
466 123
467 123
468 123
469 123
470 123
471 123
472 123
473 123
474 123
475 123
476 123
477 123
478 123
479 123
480 123
481 122
482 122
483 121
484 120
484 119
484 118
484 117
484 116
484 115
484 114
484 113
485 112
486 111
487 110
488 110
489 109
490 108
491 107
492 106
492 105
492 104
492 103
491 102
491 101
491 100
491 99
491 98
491 97
491 96
491 95
491 94
491 93
491 92
491 91
491 90
491 89
491 88
491 87
490 86
490 85
490 84
490 83
490 82
489 81
489 80
489 79
488 78
488 77
487 76
487 75
487 74
487 73
487 72
487 71
487 70
487 69
486 68
486 67
485 66
485 65
485 64
484 63
484 62
483 62
482 61
481 60
480 59
479 58
479 57
479 56
479 55
478 54
478 53
477 52
476 51
475 50
474 49
473 49
472 48
471 47
470 46
469 45
468 45
467 44
466 44
465 43
464 43
463 43
462 43
461 43
460 42
459 42
458 41
457 41
456 41
455 40
454 40
453 40
452 40
