246 580
245 581
244 581
243 582
242 582
241 583
240 583
239 583
238 583
237 583
236 583
235 583
234 583
233 583
232 583
231 583
230 583
229 583
228 583
227 583
226 583
225 583
224 583
223 583
222 583
221 583
220 583
219 583
218 583
217 584
216 584
215 585
214 585
213 586
212 587
211 588
210 589
209 590
208 591
207 592
206 592
205 592
204 593
204 594
204 595
204 596
204 597
203 598
203 599
203 600
203 601
203 602
203 603
203 604
203 605
204 606
204 607
204 608
204 609
204 610
205 611
205 612
205 613
206 614
206 615
206 616
207 617
207 618
208 619
209 620
210 621
210 622
211 623
211 624
211 625
211 626
211 627
211 628
211 629
211 630
211 631
211 632
211 633
210 634
210 635
210 636
209 637
210 638
210 639
211 639
212 640
213 640
214 641
215 642
216 642
217 642
218 642
219 642
220 642
221 642
222 642
223 642
224 642
225 642
226 642
227 643
228 643
229 643
230 644
231 644
232 644
233 645
234 645
235 645
236 645
237 646
238 646
239 647
240 647
241 647
242 648
243 648
244 648
245 649
246 649
247 650
248 650
249 650
250 651
251 651
252 652
253 652
254 652
255 653
256 653
257 653
258 654
259 654
260 654
261 655
262 655
263 655
264 655
265 656
266 656
267 656
268 656
269 656
270 656
271 656
272 656
273 656
274 656
275 656
276 655
277 655
278 655
279 655
280 655
281 654
282 654
283 654
284 653
285 653
286 653
287 653
288 653
289 652
290 652
291 652
292 652
293 651
294 651
295 651
296 651
297 651
298 651
299 651
300 651
301 651
302 651
303 651
304 651
305 651
306 651
307 651
308 651
309 651
310 651
311 651
312 651
313 651
314 651
315 651
316 651
317 651
318 651
319 651
320 651
321 651
322 651
323 651
324 651
325 651
326 651
327 651
328 651
329 651
330 651
331 651
332 651
333 651
334 651
335 651
336 651
337 651
338 651
339 651
340 651
341 651
342 651
343 651
344 651
345 651
346 651
347 651
348 651
349 651
350 651
351 651
352 651
353 651
354 651
355 651
356 651
357 651
358 651
359 651
360 652
361 652
362 652
363 652
364 652
365 652
366 652
367 652
368 652
369 652
370 652
371 652
372 652
373 652
374 652
375 652
376 652
377 652
378 652
379 652
380 651
381 651
382 651
383 652
384 652
385 653
386 653
387 653
388 653
389 653
390 653
391 653
392 654
393 654
394 654
395 655
396 655
397 655
398 655
399 655
400 655
401 655
402 655
403 655
404 654
405 654
406 654
407 653
408 653
409 653
410 653
411 653
412 652
413 651
414 651
415 650
416 650
417 649
418 649
419 649
420 649
421 649
422 649
423 649
424 649
425 649
426 649
427 648
428 648
429 648
430 647
431 647
432 647
433 647
434 647
435 646
436 646
437 646
438 646
439 646
440 646
441 646
442 646
443 646
444 646
445 646
446 646
447 646
448 646
449 645
450 645
451 644
452 643
453 643
454 643
455 642
456 641
457 640
458 639
459 638
460 637
461 636
462 635
463 634
464 634
465 633
466 633
467 632
468 631
469 630
470 630
471 629
472 628
472 627
472 626
473 625
473 624
474 623
475 622
475 621
475 620
475 619
475 618
475 617
475 616
474 615
474 614
474 613
474 612
474 611
473 610
473 609
472 608
472 607
472 606
471 605
470 604
469 603
468 602
467 602
466 602
465 601
464 601
463 601
462 600
461 599
460 599
459 598
458 598
457 598
456 597
455 597
454 596
453 596
452 596
451 596
450 596
449 596
448 595
447 595
446 595
445 595
444 595
443 595
442 595
441 595
440 595
439 595
438 596
437 596
436 596
435 596
434 596
433 596
432 595
431 595
430 595
429 594
428 594
427 594
426 593
425 593
424 593
423 592
422 592
421 592
420 592
419 591
418 591
417 590
416 590
415 590
414 590
413 590
412 589
411 589
410 589
409 589
408 588
407 588
406 588
405 588
404 588
403 588
402 588
401 588
400 588
399 588
398 588
397 587
396 587
395 586
394 585
393 585
392 585
391 585
390 585
389 585
388 585
387 585
386 584
385 584
384 584
383 584
382 583
381 583
380 583
379 583
378 583
377 583
376 583
375 583
374 583
373 583
372 583
371 583
370 583
369 583
368 583
367 583
366 583
365 583
364 583
363 583
362 583
361 583
360 583
359 583
358 583
357 583
356 583
355 583
354 583
353 583
352 583
351 583
350 583
349 583
348 583
347 583
346 583
345 583
344 583
343 583
342 583
341 583
340 583
339 583
338 583
337 583
336 583
335 583
334 583
333 583
332 583
331 583
330 583
329 583
328 583
327 583
326 583
325 583
324 584
323 584
322 584
321 584
320 584
319 584
318 584
317 584
316 584
315 584
314 584
313 584
312 584
311 584
310 584
309 584
308 584
307 584
306 584
305 584
304 584
303 584
302 584
301 584
300 583
299 583
298 583
297 582
296 582
295 581
294 581
293 580
292 580
291 580
290 580
289 580
288 580
287 580
286 580
285 580
284 580
283 580
282 580
281 580
280 580
279 580
278 580
277 580
276 580
275 580
274 580
273 580
272 580
271 580
270 580
269 580
268 580
267 580
266 580
265 580
264 580
263 580
262 580
261 580
260 580
259 580
258 580
257 580
256 580
255 580
254 580
253 580
252 580
251 580
250 580
249 580
248 580
247 580
246 580
