264 739
263 740
262 740
261 740
260 740
259 741
258 741
257 741
256 741
255 742
254 742
253 742
252 743
251 743
250 742
249 743
248 743
247 743
246 744
245 744
244 744
243 744
242 745
241 745
240 745
239 745
238 746
237 746
236 746
235 746
234 746
233 746
232 747
231 747
230 747
229 748
228 748
227 748
226 749
225 749
224 749
223 749
222 749
221 750
220 751
219 751
218 752
217 752
216 753
215 754
214 754
213 754
212 755
211 755
210 756
209 757
208 758
207 759
206 759
205 760
204 761
203 761
202 762
201 763
200 764
200 765
199 766
199 767
199 768
199 769
198 770
198 771
199 772
199 773
199 774
200 775
201 776
201 777
202 777
203 778
203 779
204 780
205 781
205 782
206 783
207 784
208 784
209 785
210 786
211 786
212 786
213 786
214 785
215 785
216 785
217 785
218 785
219 785
220 785
221 785
222 785
223 785
224 785
225 785
226 785
227 785
228 785
229 785
230 786
231 786
232 787
233 787
234 788
235 788
236 788
237 789
238 789
239 789
240 790
241 790
242 791
243 792
244 792
245 792
246 792
247 792
248 792
249 792
250 792
251 792
252 791
253 791
254 791
255 791
256 791
257 791
258 791
259 791
260 791
261 791
262 791
263 792
264 792
265 793
266 793
267 794
268 794
269 794
270 794
271 794
272 794
273 794
274 794
275 794
276 794
277 794
278 794
279 794
280 794
281 794
282 794
283 794
284 794
285 794
286 794
287 794
288 794
289 794
290 794
291 795
292 795
293 795
294 795
295 795
296 795
297 795
298 795
299 795
300 795
301 795
302 795
303 795
304 795
305 795
306 795
307 795
308 795
309 795
310 795
311 795
312 795
313 795
314 795
315 795
316 794
317 794
318 794
319 794
320 794
321 794
322 795
323 795
324 795
325 795
326 795
327 795
328 795
329 796
330 797
331 797
332 797
333 797
334 798
335 798
336 798
337 798
338 799
339 799
340 799
341 799
342 799
343 799
344 799
345 799
346 799
347 799
348 799
349 799
350 799
351 799
352 800
353 800
354 800
355 800
356 800
357 800
358 800
359 800
360 800
361 800
362 800
363 800
364 800
365 800
366 800
367 800
368 800
369 800
370 800
371 799
372 799
373 799
374 799
375 799
376 799
377 800
378 800
379 801
380 801
381 801
382 802
383 802
384 803
385 804
386 805
387 805
388 805
389 806
390 807
391 807
392 807
393 808
394 808
395 809
396 809
397 809
398 810
399 810
400 810
401 810
402 810
403 810
404 810
405 810
406 810
407 810
408 810
409 810
410 810
411 810
412 810
413 810
414 810
415 810
416 810
417 810
418 810
419 810
420 810
421 809
422 809
423 809
424 808
425 807
426 807
427 806
428 806
429 806
430 806
431 805
432 805
433 804
434 804
435 803
436 803
437 803
438 802
439 802
440 801
441 800
441 799
441 798
441 797
441 796
441 795
441 794
441 793
441 792
441 791
441 790
441 789
442 788
442 787
442 786
443 785
443 784
443 783
443 782
443 781
443 780
444 779
444 778
445 777
445 776
445 775
445 774
445 773
445 772
445 771
445 770
445 769
445 768
445 767
445 766
445 765
445 764
444 763
444 762
444 761
444 760
443 759
443 758
443 757
442 756
441 755
440 754
439 754
438 754
437 754
436 755
435 755
434 754
433 754
432 754
431 753
430 753
429 752
428 752
427 751
426 751
425 750
424 749
423 749
422 749
421 748
420 748
419 747
418 747
417 747
416 747
415 746
414 746
413 746
412 745
411 745
410 745
409 744
408 744
407 744
406 744
405 744
404 744
403 744
402 743
401 743
400 743
399 743
398 743
397 743
396 743
395 743
394 743
393 743
392 743
391 743
390 743
389 743
388 743
387 743
386 743
385 743
384 742
383 742
382 742
381 741
380 741
379 741
378 741
377 741
376 741
375 741
374 741
373 741
372 741
371 741
370 741
369 741
368 741
367 741
366 740
365 740
364 740
363 740
362 740
361 740
360 740
359 740
358 740
357 740
356 740
355 740
354 740
353 740
352 740
351 740
350 740
349 740
348 740
347 740
346 740
345 740
344 740
343 740
342 740
341 740
340 740
339 740
338 740
337 740
336 740
335 740
334 739
333 739
332 739
331 739
330 739
329 739
328 739
327 739
326 739
325 739
324 739
323 739
322 739
321 739
320 739
319 740
318 740
317 741
316 741
315 741
314 741
313 741
312 741
311 741
310 741
309 741
308 741
307 741
306 741
305 741
304 741
303 741
302 741
301 741
300 741
299 742
298 742
297 742
296 743
295 743
294 743
293 743
292 743
291 743
290 744
289 744
288 744
287 744
286 744
285 744
284 743
283 743
282 743
281 742
280 742
279 742
278 741
277 741
276 741
275 741
274 740
273 740
272 739
271 739
270 739
269 739
268 739
267 739
266 739
265 739
264 739
