564 885
563 886
562 886
561 886
560 886
559 886
558 886
557 886
556 887
555 887
554 887
553 888
552 888
551 888
550 888
549 888
548 888
547 889
546 890
546 891
545 892
545 893
545 894
544 895
543 896
543 897
542 898
542 899
541 900
541 901
541 902
540 903
540 904
540 905
539 906
539 907
538 908
537 909
537 910
537 911
537 912
537 913
537 914
537 915
537 916
537 917
537 918
536 919
536 920
536 921
535 922
535 923
535 924
535 925
534 926
534 927
534 928
534 929
534 930
534 931
534 932
534 933
534 934
534 935
534 936
534 937
534 938
533 939
533 940
533 941
533 942
533 943
533 944
533 945
533 946
533 947
532 948
532 949
531 950
531 951
531 952
530 953
530 954
530 955
529 956
529 957
529 958
529 959
528 960
528 961
528 962
527 963
527 964
527 965
526 966
526 967
525 968
525 969
524 970
524 971
523 972
523 973
522 974
521 975
521 976
520 977
520 978
519 979
519 980
518 981
518 982
517 983
517 984
516 985
515 986
514 987
514 988
513 989
512 990
512 991
511 992
510 993
510 994
509 995
508 996
507 997
506 998
505 999
505 1000
505 1001
504 1002
503 1003
503 1004
502 1005
501 1006
501 1007
500 1008
499 1009
499 1010
498 1011
497 1012
496 1013
496 1014
495 1015
494 1016
493 1017
492 1018
491 1019
490 1020
489 1021
489 1022
488 1023
487 1024
487 1025
486 1026
485 1027
484 1028
484 1029
483 1030
483 1031
482 1032
481 1033
480 1034
479 1035
478 1036
478 1037
478 1038
477 1039
477 1040
477 1041
477 1042
477 1043
477 1044
477 1045
477 1046
477 1047
477 1048
477 1049
477 1050
477 1051
477 1052
477 1053
477 1054
477 1055
477 1056
477 1057
477 1058
476 1059
476 1060
476 1061
476 1062
476 1063
476 1064
476 1065
476 1066
476 1067
476 1068
476 1069
476 1070
476 1071
476 1072
476 1073
476 1074
476 1075
476 1076
476 1077
476 1078
476 1079
476 1080
476 1081
476 1082
476 1083
476 1084
477 1085
477 1086
478 1087
478 1088
478 1089
478 1090
479 1091
479 1092
480 1093
481 1094
482 1094
483 1095
484 1095
485 1095
486 1094
487 1094
488 1093
489 1092
490 1091
491 1090
492 1089
493 1088
494 1088
495 1087
496 1087
497 1087
498 1087
499 1087
500 1087
501 1087
502 1087
503 1086
504 1086
505 1086
506 1085
507 1085
508 1085
509 1084
510 1084
511 1084
512 1083
513 1083
514 1083
515 1083
516 1083
517 1082
518 1082
519 1082
520 1081
521 1080
522 1080
523 1080
524 1080
525 1080
526 1080
527 1080
528 1080
529 1080
530 1079
531 1079
532 1078
533 1078
534 1077
535 1077
536 1076
537 1076
538 1075
539 1075
540 1074
541 1074
542 1073
543 1073
544 1073
545 1073
546 1073
547 1073
548 1073
549 1073
550 1073
551 1073
552 1073
553 1073
554 1073
555 1073
556 1072
557 1072
558 1072
559 1071
560 1071
561 1071
562 1071
563 1071
564 1071
565 1071
566 1071
567 1071
568 1071
569 1071
570 1071
571 1071
572 1070
573 1070
574 1070
575 1070
576 1070
577 1070
578 1070
579 1070
580 1070
581 1070
582 1070
583 1071
584 1071
585 1072
586 1072
587 1073
588 1073
589 1073
590 1074
591 1074
592 1073
593 1072
594 1071
595 1070
596 1069
597 1068
598 1067
599 1067
600 1066
601 1066
602 1066
603 1065
604 1065
605 1065
606 1065
607 1065
608 1065
609 1065
610 1066
611 1066
612 1066
613 1066
614 1066
615 1066
616 1066
617 1066
618 1066
619 1066
620 1065
621 1065
622 1065
623 1064
624 1064
625 1064
626 1064
627 1064
628 1063
629 1063
630 1063
631 1062
632 1062
633 1062
634 1061
635 1061
636 1061
637 1061
638 1061
639 1061
640 1061
641 1061
642 1061
643 1061
644 1062
645 1062
646 1062
647 1063
648 1064
649 1064
650 1065
651 1066
652 1066
653 1067
654 1067
655 1068
656 1068
657 1068
658 1068
659 1068
660 1068
661 1068
662 1068
663 1068
664 1067
665 1067
666 1067
667 1066
668 1066
669 1066
670 1066
671 1066
672 1066
673 1066
674 1066
675 1066
676 1066
677 1066
678 1066
679 1066
680 1066
681 1066
682 1065
683 1065
684 1065
685 1065
686 1065
687 1065
688 1065
689 1065
690 1065
691 1064
692 1064
693 1064
694 1064
695 1064
696 1064
697 1063
698 1063
699 1063
700 1063
701 1063
702 1063
703 1062
704 1062
705 1062
706 1061
707 1061
708 1061
709 1061
710 1061
711 1061
712 1061
713 1061
714 1061
715 1061
716 1061
717 1061
718 1061
719 1061
720 1060
721 1060
722 1060
723 1060
724 1060
725 1060
726 1060
727 1060
728 1060
729 1060
730 1060
731 1060
732 1060
733 1060
734 1060
735 1060
736 1059
737 1059
738 1059
739 1059
740 1059
741 1059
742 1059
743 1058
744 1058
745 1058
746 1058
747 1057
748 1057
749 1057
750 1057
751 1056
752 1056
753 1056
754 1056
755 1056
756 1056
757 1056
758 1056
759 1056
760 1056
761 1056
762 1056
763 1056
764 1056
765 1056
766 1056
767 1056
768 1056
769 1056
770 1056
771 1056
772 1056
773 1056
774 1056
775 1056
776 1056
777 1055
778 1055
779 1055
780 1055
781 1055
782 1055
783 1055
784 1055
785 1055
786 1055
787 1055
788 1055
789 1055
790 1054
791 1054
792 1054
793 1054
794 1054
795 1053
796 1052
796 1051
797 1050
798 1049
799 1048
800 1048
801 1047
802 1047
803 1046
804 1046
805 1045
806 1045
807 1045
808 1045
809 1045
810 1045
811 1045
812 1045
813 1045
814 1046
815 1046
816 1046
817 1047
818 1047
819 1047
820 1047
821 1048
822 1048
823 1048
824 1048
825 1048
826 1048
827 1048
828 1048
829 1048
830 1048
831 1048
832 1048
833 1048
834 1048
835 1048
836 1047
837 1047
838 1047
839 1047
840 1047
841 1047
842 1047
843 1047
844 1047
845 1046
846 1046
847 1046
848 1045
849 1045
850 1045
851 1045
852 1045
853 1045
854 1044
855 1044
856 1043
857 1043
858 1043
859 1043
860 1043
861 1043
862 1043
863 1043
864 1042
865 1042
866 1041
867 1041
868 1040
869 1040
870 1040
871 1040
872 1040
873 1040
874 1039
875 1038
876 1038
877 1037
878 1036
879 1036
880 1035
881 1035
882 1035
883 1034
884 1033
885 1032
886 1031
887 1031
888 1030
889 1030
890 1030
891 1029
892 1029
893 1029
894 1028
895 1028
896 1027
897 1026
898 1026
899 1025
900 1024
901 1023
902 1022
903 1021
904 1020
905 1019
906 1018
907 1017
908 1016
908 1015
909 1014
910 1013
911 1012
912 1011
913 1010
913 1009
914 1008
914 1007
914 1006
914 1005
914 1004
914 1003
914 1002
914 1001
914 1000
914 999
914 998
915 997
915 996
916 995
916 994
916 993
916 992
916 991
916 990
916 989
916 988
916 987
916 986
916 985
916 984
916 983
916 982
916 981
915 980
915 979
915 978
915 977
915 976
915 975
914 974
914 973
913 972
913 971
912 970
912 969
912 968
911 967
911 966
911 965
910 964
909 963
909 962
908 961
907 960
907 959
906 958
905 957
904 956
903 955
903 954
903 953
902 952
902 951
902 950
901 949
901 948
901 947
900 946
900 945
900 944
899 943
898 942
898 941
897 940
897 939
897 938
896 937
896 936
895 935
894 934
893 933
892 932
891 931
890 930
889 929
888 928
887 927
886 927
885 926
884 925
883 925
882 925
881 925
880 925
879 925
878 925
877 924
876 924
875 924
874 924
873 924
872 924
871 923
870 923
869 923
868 922
867 922
866 922
865 922
864 922
863 922
862 922
861 922
860 921
859 921
858 921
857 921
856 921
855 921
854 921
853 921
852 921
851 921
850 920
849 920
848 920
847 920
846 920
845 920
844 920
843 920
842 920
841 920
840 920
839 920
838 920
837 920
836 919
835 919
834 919
833 919
832 919
831 919
830 919
829 918
828 918
827 918
826 917
825 917
824 917
823 917
822 917
821 917
820 917
819 917
818 917
817 917
816 917
815 917
814 917
813 917
812 917
811 917
810 917
809 917
808 917
807 917
806 917
805 917
804 917
803 917
802 918
801 918
800 918
799 919
798 919
797 919
796 919
795 919
794 919
793 919
792 919
791 919
790 919
789 919
788 919
787 919
786 919
785 919
784 919
783 919
782 919
781 919
780 919
779 919
778 919
777 919
776 919
775 920
774 920
773 921
772 921
771 922
770 922
769 922
768 922
767 922
766 922
765 922
764 921
763 920
762 919
761 918
760 917
759 916
758 916
757 915
756 915
755 915
754 915
753 915
752 916
751 916
750 917
749 917
748 917
747 917
746 917
745 917
744 917
743 917
742 916
741 915
740 915
739 914
738 913
737 912
736 911
735 910
734 909
733 909
732 909
731 909
730 909
729 909
728 909
727 908
726 908
725 908
724 907
723 907
722 907
721 907
720 907
719 907
718 907
717 907
716 907
715 907
714 907
713 907
712 907
711 907
710 906
709 905
708 904
707 904
706 904
705 904
704 904
703 904
702 904
701 904
700 904
699 904
698 903
697 903
696 903
695 902
694 902
693 902
692 902
691 902
690 902
689 902
688 902
687 902
686 902
685 902
684 902
683 901
682 901
681 901
680 901
679 901
678 901
677 901
676 901
675 900
674 900
673 900
672 900
671 900
670 900
669 900
668 900
667 900
666 900
665 900
664 899
663 899
662 899
661 899
660 899
659 899
658 899
657 899
656 899
655 899
654 899
653 899
652 899
651 899
650 898
649 898
648 898
647 897
646 897
645 897
644 896
643 896
642 896
641 896
640 896
639 896
638 896
637 896
636 896
635 896
634 896
633 896
632 896
631 896
630 896
629 896
628 896
627 895
626 894
625 894
624 894
623 894
622 894
621 893
620 893
619 893
618 893
617 893
616 893
615 893
614 892
613 892
612 892
611 891
610 891
609 891
608 891
607 891
606 891
605 891
604 890
603 890
602 890
601 890
600 890
599 889
598 889
597 889
596 889
595 888
594 888
593 888
592 888
591 888
590 888
589 887
588 887
587 887
586 886
585 886
584 886
583 886
582 886
581 886
580 886
579 886
578 886
577 885
576 885
575 885
574 885
573 885
572 885
571 885
570 885
569 885
568 885
567 885
566 885
565 885
564 885
