608 442
607 443
606 443
605 443
604 444
603 444
602 444
601 444
600 444
599 444
598 444
597 444
596 444
595 445
594 446
593 446
592 447
591 448
590 449
589 449
588 450
587 451
586 452
585 453
584 454
583 454
582 455
581 455
580 456
579 457
578 457
577 458
576 458
575 459
574 460
573 461
572 462
571 463
570 463
569 464
568 465
567 465
566 466
565 467
564 467
563 468
562 469
561 469
560 470
559 471
558 471
557 472
556 473
555 473
554 474
553 475
552 475
551 476
550 477
549 477
548 478
547 479
546 479
545 480
544 480
543 480
542 481
541 482
541 483
540 484
540 485
540 486
539 487
539 488
538 489
538 490
539 490
540 490
541 491
542 491
543 492
544 492
545 492
546 492
547 493
548 494
549 495
550 495
551 495
552 495
553 495
554 495
555 495
556 495
557 495
558 495
559 495
560 495
561 495
562 495
563 495
564 495
565 495
566 495
567 495
568 495
569 494
570 494
571 494
572 494
573 494
574 494
575 494
576 494
577 494
578 494
579 494
580 494
581 494
582 494
583 494
584 494
585 494
586 495
587 495
588 495
589 495
590 495
591 496
592 496
593 497
594 497
595 498
596 498
597 498
598 498
599 499
600 499
601 499
602 500
603 500
604 500
605 500
606 500
607 500
608 501
609 501
610 501
611 502
612 502
613 502
614 502
615 502
616 502
617 503
618 503
619 503
620 504
621 504
622 505
623 505
624 505
625 505
626 505
627 505
628 506
629 506
630 506
631 506
632 506
633 506
634 505
635 505
636 505
637 505
638 504
639 504
640 504
641 503
642 503
643 503
644 503
645 503
646 503
647 503
648 502
649 502
650 502
651 502
652 502
653 502
654 502
655 502
656 502
657 502
658 502
659 502
660 502
661 502
662 502
663 502
664 502
665 502
666 501
667 500
668 499
669 499
670 499
671 498
672 498
673 497
673 496
673 495
673 494
673 493
673 492
673 491
673 490
673 489
673 488
673 487
673 486
672 485
671 484
670 484
669 483
668 483
667 482
666 481
665 480
664 479
663 478
662 477
662 476
661 475
660 474
659 473
658 473
657 472
656 472
655 472
654 472
653 471
652 471
651 470
650 470
649 469
648 468
647 467
647 466
646 465
646 464
646 463
645 462
644 461
644 460
643 459
642 458
641 457
640 457
639 456
638 455
637 455
636 455
635 454
634 454
633 453
633 452
632 451
631 450
630 449
629 449
628 448
627 448
626 447
625 446
624 445
623 444
622 443
621 443
620 442
619 442
618 442
617 442
616 442
615 442
614 442
613 442
612 442
611 442
610 442
609 442
608 442
