1219 50
1218 51
1217 51
1216 52
1215 52
1214 53
1213 53
1212 53
1211 54
1210 53
1209 54
1208 55
1207 55
1206 55
1205 56
1204 55
1203 55
1202 55
1201 55
1200 56
1199 56
1198 56
1197 56
1196 56
1195 56
1194 56
1193 56
1192 57
1191 57
1190 57
1189 57
1188 58
1187 58
1186 58
1185 59
1184 59
1183 59
1184 59
1185 60
1184 61
1183 61
1182 61
1181 62
1180 61
1179 61
1178 60
1177 60
1176 60
1175 60
1174 60
1173 60
1172 60
1171 60
1170 60
1169 60
1168 60
1167 60
1166 60
1165 60
1164 60
1163 60
1162 60
1161 59
1160 58
1159 57
1158 57
1157 57
1156 56
1155 56
1154 56
1153 56
1152 56
1151 56
1150 56
1149 56
1148 55
1147 55
1146 55
1145 56
1144 56
1143 56
1142 57
1141 57
1140 57
1139 58
1138 58
1137 57
1136 58
1135 58
1134 58
1133 58
1132 58
1131 58
1130 58
1129 58
1128 59
1127 59
1126 59
1125 59
1124 60
1123 60
1122 60
1121 60
1120 61
1119 61
1118 61
1117 62
1116 62
1115 62
1114 63
1113 64
1112 64
1111 64
1110 65
1109 65
1108 64
1107 64
1106 64
1105 64
1104 64
1103 64
1102 65
1101 65
1100 66
1099 65
1099 64
1098 64
1097 64
1096 64
1095 64
1094 64
1093 63
1092 63
1091 63
1090 63
1089 64
1088 64
1087 64
1086 64
1085 64
1084 64
1083 64
1082 64
1081 64
1080 64
1079 64
1079 65
1078 66
1077 67
1076 66
1075 66
1074 66
1073 65
1072 65
1071 64
1070 63
1069 63
1068 63
1067 62
1066 62
1065 62
1064 62
1063 62
1062 62
1061 62
1060 62
1059 62
1058 62
1057 63
1056 63
1055 64
1054 64
1053 63
1054 62
1055 61
1056 61
1055 61
1054 61
1053 60
1052 60
1051 59
1050 59
1049 58
1048 59
1047 59
1046 59
1045 60
1044 61
1043 62
1042 63
1041 63
1040 64
1041 65
1040 66
1039 66
1038 66
1037 65
1036 65
1037 65
1038 66
1039 66
1040 66
1041 66
1042 66
1043 67
1042 68
1041 68
1040 68
1039 68
1038 68
1037 68
1036 67
1035 67
1034 67
1033 67
1032 67
1031 67
1030 66
1029 66
1028 66
1027 66
1026 66
1025 66
1024 67
1023 67
1022 67
1021 67
1020 66
1019 66
1018 66
1017 67
1016 67
1015 66
1014 66
1013 66
1012 66
1011 67
1010 67
1011 67
1012 67
1013 67
1014 67
1015 68
1016 68
1017 67
1018 67
1019 66
1020 67
1021 67
1022 67
1023 68
1022 69
1021 69
1020 69
1019 69
1018 69
1017 70
1016 70
1015 70
1014 70
1013 70
1012 70
1011 70
1010 70
1009 70
1008 71
1007 70
1006 69
1005 69
1004 69
1003 69
1002 69
1001 69
1000 70
999 70
998 70
997 71
996 71
995 71
994 71
993 71
992 71
991 71
990 72
989 72
988 72
987 73
986 73
985 73
984 73
983 73
982 73
981 73
980 73
979 74
978 74
977 74
976 74
975 74
974 74
973 74
972 75
971 75
970 75
969 74
968 74
967 74
966 74
965 74
964 74
963 74
962 75
961 75
960 75
959 75
958 76
957 76
956 76
955 76
954 76
953 77
952 77
951 77
950 77
949 77
948 77
947 77
946 78
945 78
946 79
945 80
944 80
943 80
942 80
941 80
940 79
939 79
938 79
937 79
936 79
935 79
934 79
933 79
932 79
931 79
930 79
929 79
928 78
927 78
926 78
925 78
924 79
923 80
922 80
921 80
920 80
919 80
918 80
917 79
918 78
919 78
920 78
921 78
920 78
919 78
918 78
917 79
916 79
915 80
914 80
913 79
912 80
911 80
911 81
910 82
909 81
908 81
907 81
906 82
905 82
904 82
903 83
902 83
901 83
900 84
900 85
899 86
898 86
897 85
898 84
898 83
897 84
896 84
895 84
894 85
893 85
892 85
891 84
890 85
889 85
888 85
887 85
886 86
885 86
884 86
883 85
882 85
881 86
880 86
879 86
878 86
877 86
876 86
875 86
874 87
873 87
872 87
871 88
870 88
869 88
868 88
867 88
867 89
868 88
869 89
869 90
868 91
867 91
866 91
865 90
864 91
863 91
862 91
861 91
860 92
859 92
858 91
857 92
856 91
855 91
854 91
853 92
852 92
851 91
850 91
849 91
848 91
847 90
846 90
845 90
844 90
843 90
842 90
841 90
840 90
841 91
842 91
843 91
844 92
843 93
842 93
841 93
840 93
839 93
838 92
837 92
836 93
835 92
834 92
833 92
832 92
831 93
830 93
829 93
828 93
827 93
826 93
825 93
824 93
823 93
822 93
821 94
820 94
819 94
818 93
817 93
816 94
815 94
814 94
813 94
812 94
811 94
810 94
809 94
808 94
807 94
806 94
805 94
804 94
803 94
802 94
801 94
800 94
799 94
798 95
797 95
796 95
795 95
794 95
793 96
792 95
791 95
790 95
789 95
788 96
787 96
786 96
785 96
784 96
783 97
782 97
781 97
780 98
779 98
778 98
777 98
776 98
775 99
774 99
773 99
772 100
771 100
770 100
769 101
768 102
767 101
766 102
765 101
764 102
763 103
762 103
761 103
760 102
759 102
758 103
757 103
756 103
755 103
754 103
753 103
752 103
751 103
750 103
749 103
748 103
747 103
746 103
745 103
744 104
743 104
742 103
741 103
740 104
739 104
738 104
737 105
736 104
735 104
734 105
733 105
732 104
731 105
730 105
729 105
728 106
727 105
726 105
725 106
724 106
723 106
722 106
721 106
720 106
719 106
718 107
717 107
716 107
715 108
714 107
713 107
712 107
711 108
710 108
709 108
708 108
707 108
706 108
705 108
704 109
703 109
702 110
701 110
700 110
699 110
698 111
697 112
696 111
696 112
695 113
694 112
693 113
692 113
691 114
690 114
689 115
688 115
687 116
686 116
685 116
685 117
684 118
683 118
682 119
681 118
681 117
681 118
680 119
679 118
678 118
677 119
676 119
675 119
674 120
674 121
673 122
672 121
672 120
672 121
671 122
670 121
671 122
670 123
669 124
668 123
667 123
666 124
665 124
664 124
663 124
662 125
661 125
660 125
659 125
658 125
657 126
656 126
655 126
654 126
653 126
652 125
651 125
650 125
649 125
648 125
647 126
646 126
645 126
644 126
643 126
642 126
641 126
640 126
639 126
638 126
637 127
636 127
635 127
634 127
634 128
633 129
632 128
632 127
631 128
630 128
629 129
628 129
627 129
626 130
625 131
624 130
623 131
622 131
621 131
620 132
619 133
618 132
618 133
617 134
616 134
615 134
614 133
615 132
616 132
615 132
614 132
613 132
612 133
611 133
610 134
609 134
608 133
607 134
606 134
605 133
604 134
603 134
602 134
601 134
600 135
599 135
598 135
597 135
596 135
595 135
594 135
593 135
592 135
591 135
590 136
589 135
588 135
587 136
586 136
585 137
584 137
583 138
582 138
581 137
580 138
579 139
578 139
577 139
576 140
575 140
574 140
573 140
572 141
571 141
570 141
569 141
568 141
567 141
566 141
565 142
564 142
563 142
562 143
561 142
561 143
560 144
559 143
558 143
557 144
556 144
555 144
554 144
553 144
552 144
551 144
550 144
549 144
548 145
547 144
546 145
545 146
544 145
543 145
542 146
541 145
541 146
540 147
539 146
538 146
537 146
536 147
535 146
534 147
533 147
532 147
531 147
530 148
529 148
528 148
527 149
526 149
525 149
524 149
523 150
522 150
521 150
520 151
519 151
518 151
517 152
516 152
515 151
515 152
514 153
513 152
512 152
511 153
510 153
509 153
508 154
507 154
506 154
505 154
504 155
503 155
502 155
501 155
500 156
499 156
498 156
497 156
496 156
495 157
494 157
493 157
492 158
491 158
490 158
489 159
488 159
487 159
486 159
485 160
484 160
483 161
482 161
481 162
480 162
479 163
478 163
478 164
477 165
476 164
475 164
474 165
473 165
472 165
471 166
470 166
469 166
468 166
467 167
466 167
465 167
464 167
463 168
462 168
461 169
460 169
459 169
458 170
457 170
456 171
455 171
454 172
453 172
452 173
451 173
450 173
449 174
448 174
447 175
446 176
445 176
444 177
443 177
442 178
441 178
440 179
439 179
438 180
437 180
436 181
435 181
434 182
433 182
432 183
431 183
430 184
429 184
428 184
427 185
426 186
425 186
424 187
423 188
422 189
421 190
420 191
419 192
419 193
418 194
417 195
417 196
416 197
416 198
416 199
415 200
415 201
415 202
414 203
414 204
414 205
414 206
413 207
413 208
413 209
412 210
412 211
412 212
411 213
411 214
411 215
411 216
410 217
410 218
409 219
409 220
408 221
408 222
407 223
406 224
406 225
406 226
405 227
404 227
403 228
403 229
402 230
401 231
400 232
399 233
398 234
397 235
396 236
395 237
394 238
393 239
392 239
391 240
390 241
389 242
388 243
387 243
386 244
385 244
384 245
383 245
382 245
381 246
380 246
379 245
378 246
377 247
376 246
375 246
374 246
374 247
373 248
372 247
371 247
370 247
369 247
368 247
367 247
366 247
365 247
364 247
363 247
362 247
361 247
360 247
359 247
358 248
357 247
356 248
355 248
354 248
353 248
352 248
351 248
350 249
349 249
348 249
347 249
346 249
345 250
344 250
343 251
342 251
341 252
340 253
339 253
338 254
337 255
336 256
335 257
334 258
333 259
332 260
331 261
330 262
329 263
328 264
327 264
326 265
325 265
324 266
323 267
322 267
321 268
320 268
319 268
318 269
317 270
316 270
315 271
314 272
313 272
312 273
311 274
310 274
309 275
308 276
307 276
306 277
305 278
304 278
303 279
302 279
301 279
301 280
300 281
299 281
298 282
297 282
296 283
295 283
294 284
293 284
292 284
291 285
290 285
289 286
288 286
287 287
286 287
285 288
284 289
283 289
282 290
281 290
280 291
279 292
278 293
277 294
276 295
275 295
275 296
274 297
273 298
272 298
271 299
270 300
269 301
268 301
267 302
266 303
265 303
264 304
263 304
262 305
261 305
260 306
259 307
258 307
257 308
256 308
256 309
255 310
254 311
253 311
252 312
251 313
250 314
249 315
248 315
248 316
247 317
246 318
245 319
244 320
243 321
243 322
242 323
241 324
240 325
239 326
238 327
237 328
236 329
235 330
235 331
234 332
233 333
232 334
231 335
230 336
229 337
228 338
227 339
226 340
225 341
224 342
223 342
223 343
222 344
221 344
220 345
219 346
218 346
218 347
217 348
216 348
215 349
214 349
213 350
212 350
211 351
210 352
209 352
208 352
207 353
206 353
205 354
204 354
203 354
202 355
201 355
200 355
199 356
198 356
197 357
196 357
195 358
194 359
193 359
192 360
191 361
190 361
189 362
188 363
187 363
186 364
185 364
184 365
183 365
182 366
181 367
180 367
179 368
178 369
177 370
176 370
175 371
174 372
173 373
172 373
171 374
170 375
169 376
168 377
167 378
166 378
166 379
165 380
164 381
163 382
163 383
162 384
161 385
160 386
159 387
158 388
157 389
156 390
155 391
155 392
154 393
153 394
152 395
151 396
150 397
149 398
148 399
147 400
146 401
145 402
144 403
143 404
142 405
141 406
140 407
139 408
138 409
137 410
136 411
135 412
134 413
133 413
133 414
132 415
131 414
131 415
130 416
129 416
128 417
127 418
126 418
125 419
124 419
123 419
122 420
121 421
120 421
119 422
118 423
117 424
116 425
116 426
115 427
114 428
113 428
113 429
112 430
111 430
110 431
109 432
108 432
107 433
106 433
105 434
104 435
103 436
102 437
102 438
101 439
101 440
101 441
100 442
100 443
100 444
99 445
99 446
99 447
98 448
98 449
98 450
97 451
97 452
96 453
96 454
96 455
95 456
94 457
94 458
94 459
93 460
93 461
93 462
92 463
92 464
92 465
92 466
92 467
91 468
91 469
91 470
91 471
91 472
91 473
91 474
91 475
90 476
90 477
90 478
90 479
90 480
90 481
90 482
90 483
90 484
90 485
90 486
90 487
90 488
90 489
90 490
90 491
90 492
90 493
90 494
90 495
89 496
89 497
89 498
89 499
89 500
88 501
88 502
88 503
87 504
87 505
87 506
87 507
86 508
85 509
85 510
84 511
83 512
82 513
81 514
80 515
79 516
79 517
78 518
77 518
77 519
76 520
75 520
74 521
74 522
73 523
73 524
72 525
71 526
71 527
70 528
70 529
69 530
69 531
68 532
68 533
67 534
67 535
66 536
66 537
65 538
65 539
65 540
64 541
64 542
64 543
63 544
63 545
63 546
63 547
63 548
62 549
62 550
62 551
62 552
62 553
61 554
61 555
61 556
61 557
61 558
61 559
61 560
62 561
62 562
62 563
62 564
62 565
62 566
62 567
62 568
62 569
62 570
61 571
61 572
61 573
60 574
60 575
59 576
59 577
58 578
57 579
57 580
56 581
55 582
55 583
54 584
54 585
54 586
53 587
53 588
53 589
52 590
52 591
52 592
51 593
51 594
51 595
51 596
50 597
50 598
50 599
50 600
50 601
50 602
50 603
50 604
50 605
50 606
50 607
50 608
51 609
51 610
52 611
52 612
53 613
53 614
54 615
55 616
56 616
57 617
58 617
59 618
60 618
61 619
62 619
63 620
64 620
65 620
66 621
67 620
68 620
69 621
70 620
71 621
72 620
73 620
74 620
75 620
76 620
77 620
78 620
79 621
80 621
81 621
82 621
83 621
84 621
85 621
86 621
87 621
88 621
89 621
90 621
91 621
92 621
93 621
94 622
95 622
96 623
97 622
98 623
99 623
100 623
101 623
102 623
103 623
104 623
105 623
106 624
107 623
108 624
109 624
110 623
111 624
112 624
113 624
114 624
115 624
116 625
117 625
118 625
119 625
120 625
121 625
122 626
123 626
124 626
125 626
126 626
127 626
128 626
129 627
130 627
131 627
132 627
133 627
134 627
135 628
136 628
137 628
138 629
139 629
140 629
141 629
142 629
143 630
144 630
145 630
146 630
147 631
148 631
149 632
150 632
151 632
152 632
153 633
154 633
155 633
156 633
157 634
158 634
159 634
160 635
161 635
162 635
163 636
164 636
165 636
166 637
167 637
168 638
169 638
170 638
171 639
172 639
173 639
174 639
175 640
176 640
177 641
178 641
179 642
180 642
181 642
182 643
183 643
184 643
185 644
186 644
187 644
188 645
189 645
190 645
191 646
192 646
193 646
194 647
195 647
196 647
197 648
198 648
199 648
200 649
201 649
202 650
203 650
204 650
205 650
206 651
207 651
208 651
209 652
210 652
211 653
212 653
213 652
214 653
215 654
216 654
217 654
218 654
219 655
220 655
221 655
222 656
223 656
224 656
225 656
226 657
227 656
228 656
229 656
230 657
231 657
232 657
233 657
234 658
235 658
236 658
237 658
238 659
239 659
240 659
241 659
242 660
243 660
244 660
245 660
246 660
247 661
248 661
249 661
250 662
251 662
252 662
253 662
254 662
255 662
256 663
257 663
258 663
259 664
260 664
261 664
262 664
263 665
264 665
265 665
266 665
267 665
268 666
269 666
270 666
271 666
272 666
273 666
274 667
275 667
276 667
277 667
278 667
279 667
280 667
281 667
282 667
283 668
284 668
285 668
286 668
287 669
288 669
289 669
290 669
291 669
292 670
293 670
294 670
295 670
296 670
297 671
298 671
299 670
300 671
301 671
302 671
303 671
304 672
305 672
306 672
307 672
308 672
309 672
310 672
311 672
312 672
313 672
314 673
315 673
316 673
317 673
318 674
319 674
320 674
321 674
322 674
323 674
324 674
325 675
326 674
327 675
328 675
329 675
330 675
331 675
332 675
333 675
334 675
335 676
336 676
337 676
338 676
339 676
340 676
341 676
342 676
343 676
344 676
345 676
346 677
347 677
348 677
349 677
350 678
351 678
352 678
353 678
354 678
355 679
356 679
357 678
358 679
359 679
360 679
361 679
362 680
363 680
364 680
365 680
366 680
367 680
368 680
369 680
370 680
371 680
372 681
373 682
374 681
375 681
376 682
377 682
378 682
379 682
380 682
381 683
382 683
383 683
384 683
385 684
386 683
387 684
388 684
389 684
390 685
391 684
392 684
393 685
394 685
395 685
396 686
397 686
398 686
399 687
400 687
401 687
402 687
403 687
404 688
405 688
406 688
407 688
408 688
409 688
410 689
411 689
412 689
413 689
414 690
415 689
416 690
417 690
418 691
419 691
420 691
421 690
422 691
423 691
424 692
425 692
426 692
427 692
428 692
429 692
430 693
431 693
432 693
433 693
434 694
435 694
436 694
437 695
438 695
439 695
440 695
441 695
442 695
443 696
444 696
445 696
446 696
447 697
448 697
449 697
450 698
451 698
452 698
453 698
454 699
455 699
456 700
457 700
458 700
459 700
460 701
461 701
462 701
463 702
464 702
465 703
466 703
467 703
468 703
469 703
470 704
471 704
472 704
473 705
474 704
475 705
475 706
476 706
477 706
478 706
479 707
480 707
481 707
482 708
483 707
484 707
485 708
486 707
487 708
488 709
489 709
490 710
491 709
492 709
493 709
494 709
495 710
496 710
497 710
498 710
499 711
500 711
501 711
502 711
503 711
504 712
505 712
506 712
507 712
508 712
509 712
510 712
511 712
512 712
513 711
514 712
515 712
516 712
517 712
518 712
519 713
520 713
521 713
522 713
523 714
524 714
525 714
526 714
527 715
528 715
529 715
530 715
531 715
532 715
533 716
534 716
535 716
536 717
537 717
538 717
539 717
540 718
541 718
542 718
543 718
544 719
545 719
546 719
547 719
548 719
549 720
550 720
551 720
552 721
553 721
554 721
555 722
556 722
557 722
558 722
559 723
560 723
561 723
562 723
563 723
564 724
565 724
566 724
567 725
568 725
569 725
570 726
571 726
572 726
573 727
574 727
575 727
576 728
577 728
578 729
579 729
580 729
581 729
582 729
583 730
584 730
585 731
586 731
587 731
588 732
589 732
590 733
591 733
592 734
593 734
594 735
595 735
596 735
597 735
598 736
599 736
600 737
601 737
602 737
603 738
604 738
605 739
606 739
607 740
608 740
609 740
610 741
611 741
612 742
613 742
614 742
615 743
616 743
617 743
618 744
619 744
620 744
621 745
622 745
623 746
624 746
625 747
626 747
627 748
628 748
629 749
630 749
631 749
632 750
633 751
634 751
635 751
636 751
637 752
637 753
638 753
639 753
640 754
641 754
642 755
643 755
644 756
645 756
646 757
647 758
648 758
649 759
650 759
651 760
652 761
653 761
654 762
655 762
656 763
657 763
658 764
659 765
660 765
661 766
662 766
663 767
664 768
665 768
666 769
667 769
668 769
669 770
670 770
671 771
672 771
673 772
674 772
675 773
676 773
677 774
678 774
679 775
680 775
681 776
682 776
683 777
684 777
685 778
686 778
687 779
688 779
689 780
690 780
691 780
692 781
693 781
694 782
695 782
696 783
697 784
698 784
699 785
700 785
701 785
702 786
703 786
704 787
705 787
706 787
707 787
708 788
709 788
710 788
711 788
712 789
713 788
714 789
715 789
716 790
717 790
718 790
719 790
720 790
721 791
722 791
723 792
724 792
725 792
726 793
727 793
728 793
729 794
730 794
731 794
732 795
733 795
734 795
735 795
736 796
737 796
738 796
739 796
740 796
741 796
742 797
743 797
744 797
745 798
746 798
747 798
748 798
749 798
750 798
751 798
752 799
753 799
754 799
755 799
756 798
757 798
758 798
759 799
760 799
761 799
762 799
763 799
764 799
765 799
766 799
767 800
768 800
769 800
770 800
771 800
772 801
773 801
774 801
775 801
776 802
777 802
778 802
779 802
780 802
781 803
782 803
783 803
784 803
785 804
786 804
787 804
788 805
789 805
790 805
791 805
792 806
793 806
794 806
795 806
796 807
797 807
798 807
799 808
800 808
801 808
802 808
803 809
804 809
805 810
806 810
807 811
808 811
809 812
810 812
811 812
812 813
813 813
814 814
815 814
816 814
817 815
818 815
819 815
820 816
821 816
822 817
823 817
824 817
825 818
826 818
827 818
828 819
829 819
830 820
831 820
832 820
833 821
834 821
835 821
836 822
837 822
838 822
839 822
840 823
841 823
842 824
843 824
844 825
845 825
846 826
847 826
848 827
849 827
850 827
851 828
852 828
853 828
854 829
855 829
856 829
857 830
858 830
859 830
860 831
861 832
862 832
863 832
864 833
865 834
866 834
867 835
868 834
869 835
869 836
870 836
871 836
872 837
873 837
874 838
875 838
876 839
877 839
878 840
879 840
880 840
881 841
882 841
883 841
884 842
885 841
886 842
887 843
888 843
889 843
890 844
891 844
892 845
893 845
894 846
895 846
896 847
897 847
898 848
899 848
900 849
901 849
902 850
903 850
904 851
905 851
906 851
907 852
908 852
909 852
910 853
911 853
912 854
913 854
914 854
915 855
916 855
917 856
918 856
919 856
920 857
921 857
922 857
923 858
924 858
925 858
926 859
927 859
928 859
929 860
930 860
931 860
932 861
933 861
934 861
935 862
936 862
937 863
938 863
939 863
940 864
941 864
942 863
943 864
944 865
945 865
946 865
947 865
948 866
949 866
950 866
951 867
952 867
953 867
954 867
955 868
956 868
957 868
958 868
959 869
960 869
961 869
962 870
963 870
964 870
965 871
966 871
967 872
968 872
969 872
970 873
971 872
972 873
973 873
974 874
975 874
976 874
977 875
978 875
979 875
980 876
981 876
982 876
983 877
984 877
985 878
986 878
987 878
988 878
989 879
990 879
991 880
992 880
993 880
994 881
995 881
996 882
997 882
998 882
999 883
1000 883
1001 884
1002 884
1003 885
1004 884
1005 885
1006 886
1007 886
1008 886
1009 887
1010 887
1011 888
1012 887
1013 888
1014 888
1015 889
1016 889
1017 889
1018 890
1019 890
1020 890
1021 891
1022 891
1023 891
1024 892
1025 892
1026 892
1027 892
1028 893
1029 893
1030 894
1031 894
1032 894
1033 894
1034 895
1035 895
1036 895
1037 896
1038 896
1039 897
1040 897
1041 897
1042 897
1043 897
1044 898
1045 898
1046 898
1047 898
1048 899
1049 899
1050 899
1051 899
1052 899
1053 900
1054 900
1055 900
1056 900
1057 901
1058 901
1059 901
1060 901
1061 901
1062 901
1063 901
1064 901
1065 902
1066 902
1067 902
1068 902
1069 902
1070 902
1071 903
1072 903
1073 903
1074 903
1075 904
1076 904
1077 904
1078 904
1079 904
1080 904
1081 904
1082 905
1083 905
1084 905
1085 905
1086 905
1087 905
1088 906
1089 906
1090 906
1091 906
1092 905
1093 905
1094 905
1095 905
1096 906
1097 906
1098 906
1099 906
1100 906
1101 906
1102 906
1103 906
1104 906
1105 906
1106 906
1107 906
1108 906
1109 906
1110 906
1111 905
1112 905
1113 905
1114 905
1115 905
1116 905
1117 905
1118 905
1119 905
1120 905
1121 904
1122 904
1123 904
1124 903
1125 903
1126 903
1127 903
1128 902
1129 901
1130 901
1131 901
1132 900
1133 900
1134 899
1135 899
1136 898
1137 898
1138 897
1139 897
1140 897
1141 896
1142 895
1143 895
1144 894
1145 894
1146 893
1147 893
1148 892
1149 892
1150 891
1151 890
1152 890
1153 889
1154 888
1155 887
1156 886
1157 885
1158 884
1159 884
1160 883
1161 882
1162 881
1163 881
1164 880
1165 880
1166 879
1167 878
1168 878
1169 878
1170 877
1171 877
1172 876
1173 876
1174 876
1175 875
1176 875
1177 875
1178 874
1179 874
1180 874
1181 874
1182 874
1183 873
1184 873
1185 873
1186 872
1187 872
1188 872
1189 871
1190 871
1191 871
1192 870
1193 870
1194 870
1195 869
1196 869
1197 869
1198 868
1199 868
1200 867
1201 867
1201 866
1202 865
1203 865
1204 865
1205 864
1206 863
1207 862
1208 861
1209 860
1210 860
1210 859
1211 858
1212 858
1213 857
1214 857
1215 856
1216 855
1217 854
1218 853
1219 853
1220 852
1221 851
1222 850
1223 849
1224 848
1225 847
1226 846
1227 845
1228 844
1229 843
1230 842
1231 841
1232 840
1232 839
1233 838
1234 838
1235 837
1236 836
1237 835
1238 834
1239 833
1240 832
1241 831
1242 830
1243 829
1244 828
1245 827
1246 826
1247 825
1248 824
1249 823
1250 822
1250 821
1251 820
1252 819
1252 818
1253 817
1254 816
1254 815
1255 814
1255 813
1255 812
1256 811
1257 810
1257 809
1257 808
1258 807
1258 806
1259 805
1260 804
1260 803
1260 802
1261 801
1262 800
1262 799
1262 798
1263 797
1264 796
1265 795
1265 794
1266 793
1267 792
1267 791
1268 790
1269 789
1269 788
1270 787
1271 786
1271 785
1272 784
1272 783
1272 782
1273 781
1273 780
1273 779
1274 778
1274 777
1275 776
1275 775
1275 774
1276 773
1276 772
1276 771
1277 770
1277 769
1277 768
1278 767
1278 766
1279 765
1279 764
1279 763
1280 762
1280 761
1281 760
1281 759
1282 758
1282 757
1282 756
1282 755
1283 754
1283 753
1284 752
1284 751
1284 750
1284 749
1285 748
1285 747
1285 746
1285 745
1286 744
1286 743
1287 742
1287 741
1287 740
1288 739
1288 738
1289 737
1289 736
1290 735
1290 734
1291 733
1291 732
1292 731
1292 730
1293 729
1293 728
1294 727
1294 726
1294 725
1295 724
1296 723
1296 722
1296 721
1296 720
1297 719
1297 718
1298 717
1298 716
1298 715
1299 714
1299 713
1299 712
1300 711
1300 710
1300 709
1300 708
1300 707
1301 706
1301 705
1301 704
1301 703
1302 702
1302 701
1302 700
1303 699
1303 698
1303 697
1303 696
1304 695
1304 694
1304 693
1304 692
1304 691
1305 690
1305 689
1305 688
1305 687
1305 686
1306 685
1306 684
1306 683
1306 682
1306 681
1307 680
1307 679
1307 678
1307 677
1307 676
1307 675
1308 674
1308 673
1308 672
1309 671
1309 670
1308 670
1308 671
1307 672
1306 672
1305 671
1305 670
1306 669
1306 668
1307 667
1307 666
1308 665
1309 665
1310 665
1311 665
1310 665
1309 665
1308 664
1309 663
1310 663
1311 663
1311 662
1312 661
1311 661
1310 660
1310 659
1310 658
1311 657
1312 657
1312 656
1313 655
1314 654
1315 653
1315 652
1315 651
1316 650
1317 650
1318 649
1319 648
1320 647
1321 646
1322 645
1322 644
1323 643
1324 642
1325 642
1326 641
1327 640
1328 639
1328 638
1329 637
1330 637
1331 636
1332 635
1332 634
1333 633
1334 633
1334 632
1335 631
1336 631
1337 631
1338 630
1338 629
1339 628
1340 628
1341 628
1342 627
1343 626
1344 625
1345 624
1346 624
1347 623
1348 622
1349 622
1350 621
1351 620
1352 619
1353 618
1354 618
1355 617
1356 617
1357 616
1358 615
1359 614
1360 613
1361 613
1362 612
1363 612
1364 611
1365 610
1366 609
1367 609
1368 608
1369 607
1369 606
1369 605
1369 604
1369 603
1369 602
1369 601
1369 600
1369 599
1369 598
1369 597
1369 596
1369 595
1369 594
1369 593
1369 592
1369 591
1369 590
1369 589
1369 588
1369 587
1369 586
1369 585
1369 584
1369 583
1369 582
1369 581
1369 580
1369 579
1369 578
1369 577
1369 576
1369 575
1369 574
1368 573
1368 572
1368 571
1368 570
1368 569
1367 568
1367 567
1367 566
1366 565
1366 564
1365 563
1365 562
1364 561
1364 560
1363 559
1362 558
1362 557
1361 556
1361 555
1361 554
1360 553
1360 552
1360 551
1359 550
1359 549
1359 548
1358 547
1358 546
1357 545
1357 544
1356 543
1356 542
1355 541
1355 540
1354 539
1354 538
1354 537
1354 536
1353 535
1353 534
1352 533
1352 532
1351 531
1351 530
1351 529
1350 528
1349 527
1349 526
1348 525
1348 524
1347 523
1346 522
1346 521
1345 520
1344 519
1343 518
1343 517
1342 516
1341 515
1340 514
1340 513
1339 512
1339 511
1339 510
1338 509
1337 508
1336 507
1336 506
1336 505
1335 504
1334 503
1334 502
1333 501
1333 500
1332 499
1332 498
1331 497
1331 496
1331 495
1330 494
1330 493
1329 492
1329 491
1329 490
1329 489
1328 488
1328 487
1328 486
1327 485
1326 484
1326 483
1325 483
1324 482
1323 481
1322 480
1322 479
1321 478
1321 477
1320 476
1319 475
1319 474
1318 473
1317 472
1317 471
1316 470
1316 469
1315 468
1314 467
1314 466
1314 465
1313 464
1313 463
1312 462
1312 461
1311 460
1310 459
1310 458
1309 457
1309 456
1308 455
1308 454
1307 453
1307 452
1307 451
1307 450
1306 449
1306 448
1306 447
1305 446
1305 445
1304 444
1304 443
1304 442
1303 441
1302 440
1302 439
1301 438
1300 437
1299 436
1300 435
1299 434
1299 433
1298 432
1298 431
1297 430
1296 429
1296 428
1296 427
1295 426
1295 425
1294 424
1294 423
1293 422
1293 421
1293 420
1292 419
1292 418
1291 418
1290 417
1290 416
1290 415
1289 414
1289 413
1289 412
1288 411
1288 410
1288 409
1287 408
1287 407
1286 406
1287 405
1286 404
1286 403
1285 402
1285 401
1284 400
1283 399
1283 398
1282 397
1282 396
1281 395
1281 394
1280 393
1280 392
1279 392
1278 391
1278 390
1278 389
1278 388
1277 387
1277 386
1277 385
1277 384
1276 383
1276 382
1276 381
1275 380
1275 379
1274 378
1274 377
1273 376
1272 375
1272 374
1271 373
1271 372
1271 371
1270 370
1270 369
1270 368
1269 367
1269 366
1269 365
1268 364
1268 363
1267 362
1267 361
1267 360
1266 359
1266 358
1265 357
1265 356
1265 355
1264 354
1264 353
1264 352
1264 351
1263 350
1263 349
1262 348
1262 347
1262 346
1261 345
1261 344
1260 343
1260 342
1260 341
1260 340
1259 339
1259 338
1259 337
1258 336
1258 335
1257 334
1257 333
1256 332
1256 331
1255 330
1255 329
1254 328
1254 327
1253 326
1253 325
1252 324
1252 323
1251 322
1251 321
1251 320
1250 319
1250 318
1250 317
1250 316
1250 315
1249 314
1249 313
1249 312
1249 311
1248 310
1248 309
1248 308
1248 307
1248 306
1247 305
1247 304
1246 303
1246 302
1246 301
1245 300
1245 299
1245 298
1244 297
1244 296
1244 295
1243 294
1243 293
1243 292
1243 291
1243 290
1242 289
1242 288
1242 287
1241 286
1241 285
1241 284
1241 283
1241 282
1241 281
1241 280
1240 279
1240 278
1240 277
1240 276
1239 275
1239 274
1239 273
1239 272
1238 271
1238 270
1238 269
1237 268
1237 267
1237 266
1236 265
1236 264
1236 263
1236 262
1236 261
1235 260
1235 259
1235 258
1235 257
1234 256
1234 255
1234 254
1234 253
1234 252
1233 251
1233 250
1233 249
1233 248
1233 247
1233 246
1232 245
1232 244
1232 243
1231 242
1231 241
1231 240
1231 239
1231 238
1231 237
1230 236
1230 235
1230 234
1230 233
1230 232
1230 231
1230 230
1230 229
1230 228
1230 227
1229 226
1229 225
1229 224
1229 223
1229 222
1229 221
1230 220
1230 219
1230 218
1229 217
1230 216
1230 215
1230 214
1230 213
1230 212
1230 211
1230 210
1230 209
1230 208
1231 207
1231 206
1231 205
1232 204
1232 203
1232 202
1233 201
1233 200
1233 199
1234 198
1235 197
1235 196
1236 195
1236 194
1237 193
1238 192
1238 191
1239 190
1239 189
1240 188
1241 187
1241 186
1242 185
1243 184
1243 183
1244 182
1244 181
1245 180
1246 180
1246 179
1246 178
1247 177
1248 176
1249 175
1250 174
1250 173
1250 172
1251 171
1252 171
1252 170
1252 169
1253 168
1253 167
1254 166
1255 166
1255 165
1255 164
1256 163
1257 162
1258 161
1258 160
1258 159
1259 158
1260 157
1260 156
1261 155
1262 154
1262 153
1263 152
1263 151
1264 150
1265 149
1266 148
1266 147
1267 146
1267 145
1268 144
1268 143
1269 142
1269 141
1270 140
1270 139
1271 138
1271 137
1272 136
1272 135
1273 134
1273 133
1274 132
1275 131
1276 130
1276 129
1277 128
1278 127
1279 127
1278 126
1279 125
1280 124
1281 124
1282 123
1283 122
1283 121
1284 120
1285 119
1286 118
1287 117
1287 116
1288 115
1289 114
1289 113
1289 112
1290 111
1290 110
1291 109
1291 108
1291 107
1291 106
1291 105
1292 104
1292 103
1292 102
1292 101
1292 100
1292 99
1292 98
1293 97
1292 96
1292 95
1293 94
1293 93
1293 92
1293 91
1293 90
1293 89
1293 88
1293 87
1293 86
1293 85
1293 84
1293 83
1293 82
1293 81
1292 80
1292 79
1292 78
1292 77
1291 76
1291 75
1291 74
1291 73
1290 72
1290 71
1289 70
1289 69
1288 68
1287 67
1287 66
1286 66
1285 65
1284 64
1283 64
1282 63
1281 63
1280 62
1279 62
1278 62
1277 62
1276 62
1275 62
1274 62
1273 62
1272 61
1271 62
1270 62
1269 62
1268 62
1267 62
1266 62
1265 62
1264 61
1263 61
1262 61
1261 61
1260 61
1259 61
1258 61
1257 61
1256 61
1255 61
1254 61
1253 61
1252 61
1251 61
1250 61
1249 61
1248 61
1247 60
1246 60
1245 60
1244 60
1243 59
1242 59
1241 59
1240 58
1239 58
1238 57
1237 57
1236 57
1235 56
1234 56
1233 55
1232 54
1231 53
1230 52
1229 51
1228 51
1227 50
1226 50
1225 50
1224 50
1223 50
1222 50
1221 50
1220 50
1219 50
