924 397
923 398
922 399
921 400
920 400
919 401
918 402
917 402
916 403
915 404
915 405
914 406
913 407
913 408
912 409
911 410
911 411
911 412
912 413
912 414
912 415
913 416
913 417
914 418
915 419
916 420
917 421
917 422
918 423
918 424
918 425
919 426
920 427
921 428
922 429
923 430
924 431
925 432
926 433
927 434
928 435
929 436
930 436
931 437
932 438
933 438
934 439
935 440
936 441
937 441
938 442
939 442
940 442
941 443
942 443
943 444
944 444
945 445
946 445
947 446
948 446
949 446
950 447
951 447
952 447
953 447
954 447
955 446
956 446
957 446
958 445
959 445
960 445
961 445
962 445
963 445
964 445
965 445
966 445
967 445
968 445
969 444
970 443
971 443
972 442
973 441
974 441
975 440
976 440
977 439
978 439
979 438
980 438
981 437
982 437
983 437
984 437
985 437
986 436
987 435
988 435
989 434
990 434
991 434
992 434
993 433
994 432
995 431
996 430
997 429
997 428
997 427
998 426
999 425
1000 424
1001 423
1001 422
1002 421
1002 420
1003 419
1003 418
1003 417
1003 416
1003 415
1003 414
1002 413
1001 412
1001 411
1000 410
999 409
998 408
997 407
996 407
995 407
994 407
993 407
992 407
991 407
990 407
989 407
988 407
987 406
986 406
985 405
984 405
983 405
982 404
981 404
980 404
979 403
978 402
977 402
976 402
975 401
974 401
973 401
972 400
971 400
970 399
969 399
968 398
967 398
966 398
965 398
964 398
963 398
962 398
961 398
960 399
959 399
958 399
957 399
956 399
955 399
954 398
953 398
952 398
951 398
950 398
949 398
948 398
947 398
946 397
945 397
944 397
943 397
942 397
941 397
940 397
939 397
938 397
937 397
936 397
935 397
934 397
933 397
932 397
931 397
930 397
929 397
928 397
927 397
926 397
925 397
924 397
