646 1921
645 1922
644 1923
643 1924
643 1925
643 1926
642 1927
642 1928
642 1929
642 1930
642 1931
642 1932
642 1933
642 1934
642 1935
642 1936
641 1937
641 1938
641 1939
641 1940
641 1941
641 1942
640 1943
640 1944
640 1945
640 1946
640 1947
640 1948
640 1949
640 1950
640 1951
640 1952
640 1953
640 1954
640 1955
641 1956
641 1957
642 1958
643 1959
644 1960
645 1960
646 1961
647 1962
648 1962
649 1963
650 1963
651 1963
652 1964
653 1964
654 1965
655 1965
656 1965
657 1965
658 1965
659 1965
660 1965
661 1966
662 1966
663 1966
664 1966
665 1966
666 1966
667 1967
668 1967
669 1967
670 1968
671 1968
672 1969
673 1969
674 1969
675 1969
676 1970
677 1971
678 1971
679 1971
680 1972
681 1972
682 1972
683 1973
684 1974
685 1975
686 1976
687 1976
688 1977
689 1978
690 1978
691 1978
692 1979
693 1979
694 1979
695 1980
696 1980
697 1981
698 1981
699 1981
700 1982
701 1982
702 1982
703 1982
704 1982
705 1982
706 1982
707 1982
708 1982
709 1982
710 1983
711 1983
712 1984
713 1984
714 1984
715 1985
716 1985
717 1985
718 1985
719 1984
720 1984
721 1985
722 1985
723 1984
724 1985
725 1985
726 1985
727 1985
728 1986
729 1986
730 1986
731 1986
732 1986
733 1986
734 1986
735 1986
736 1986
737 1986
738 1986
739 1986
740 1986
741 1986
742 1985
743 1985
744 1984
745 1984
746 1984
747 1984
748 1984
749 1985
750 1985
751 1984
752 1985
753 1985
754 1985
755 1986
756 1986
757 1986
758 1986
759 1986
760 1986
761 1986
762 1986
763 1986
764 1986
765 1986
766 1986
767 1986
768 1986
769 1986
770 1986
771 1986
772 1986
773 1986
774 1986
775 1986
776 1986
777 1986
778 1986
779 1986
780 1986
781 1986
782 1986
783 1986
784 1986
785 1986
786 1986
787 1986
788 1986
789 1986
790 1986
791 1985
792 1985
793 1985
794 1984
795 1985
796 1985
797 1985
798 1985
799 1985
800 1985
801 1985
802 1984
803 1984
804 1984
805 1983
806 1983
807 1983
808 1983
809 1983
810 1983
811 1983
812 1983
813 1983
814 1983
815 1983
816 1983
817 1982
818 1982
819 1982
820 1982
821 1982
822 1982
823 1982
824 1981
825 1981
826 1980
827 1980
828 1979
829 1978
829 1977
830 1976
831 1975
831 1974
832 1973
833 1972
834 1971
835 1970
835 1969
836 1968
837 1967
838 1966
839 1965
840 1964
841 1963
842 1962
843 1961
844 1960
845 1959
845 1958
846 1957
847 1956
847 1955
848 1954
848 1953
849 1952
850 1951
850 1950
850 1949
850 1948
850 1947
850 1946
850 1945
850 1944
850 1943
850 1942
850 1941
850 1940
850 1939
849 1938
848 1937
847 1936
846 1935
845 1935
844 1935
843 1934
842 1934
841 1933
840 1933
839 1932
838 1931
837 1931
836 1931
835 1930
834 1931
833 1931
832 1930
831 1930
830 1930
829 1929
828 1929
827 1929
826 1929
825 1929
824 1928
823 1928
822 1928
821 1928
820 1927
819 1927
818 1927
817 1927
816 1927
815 1927
814 1927
813 1927
812 1927
811 1927
810 1926
809 1926
808 1926
807 1925
806 1925
805 1925
804 1925
803 1925
802 1925
801 1925
800 1925
799 1925
798 1925
797 1925
796 1925
795 1926
794 1926
793 1926
792 1927
791 1927
790 1927
789 1927
788 1927
787 1927
786 1927
785 1927
784 1927
783 1927
782 1927
781 1927
780 1927
779 1928
778 1928
777 1928
776 1928
775 1928
774 1928
773 1928
772 1929
771 1929
770 1929
769 1929
768 1929
767 1929
766 1930
765 1930
764 1930
763 1930
762 1931
761 1931
760 1930
759 1931
758 1931
757 1931
756 1932
755 1932
754 1932
753 1932
752 1932
751 1933
750 1933
749 1933
748 1933
747 1933
746 1933
745 1933
744 1933
743 1934
742 1934
741 1934
740 1934
739 1934
738 1934
737 1934
736 1934
735 1934
734 1934
733 1934
732 1935
731 1935
730 1935
729 1936
728 1936
727 1936
726 1936
725 1936
724 1936
723 1936
722 1936
721 1936
720 1936
719 1936
718 1936
717 1936
716 1936
715 1936
714 1936
713 1936
712 1936
711 1936
710 1936
709 1936
708 1936
707 1936
706 1936
705 1936
704 1936
703 1936
702 1936
701 1936
700 1936
699 1936
698 1936
697 1936
696 1936
695 1936
694 1936
693 1936
692 1936
691 1936
690 1936
689 1936
688 1936
687 1936
686 1936
685 1936
684 1936
683 1935
682 1935
681 1934
680 1933
679 1933
678 1933
677 1933
676 1932
675 1932
674 1931
673 1930
672 1930
671 1929
670 1928
669 1928
668 1927
667 1926
666 1926
665 1925
664 1924
663 1924
662 1923
661 1923
660 1923
659 1922
658 1922
657 1922
656 1921
655 1921
654 1921
653 1921
652 1921
651 1921
650 1921
649 1921
648 1921
647 1921
646 1921
