545 2204
544 2205
543 2205
542 2205
541 2206
540 2206
539 2206
538 2206
537 2207
536 2207
535 2208
534 2209
533 2209
532 2210
531 2211
530 2211
529 2211
528 2211
527 2211
526 2211
525 2211
524 2212
523 2213
522 2213
521 2214
520 2215
519 2215
518 2216
517 2216
516 2217
515 2218
514 2218
513 2219
512 2220
511 2220
510 2221
509 2222
508 2223
508 2224
507 2225
506 2226
506 2227
505 2228
505 2229
504 2230
504 2231
503 2232
502 2233
501 2234
500 2235
499 2236
499 2237
498 2238
498 2239
497 2240
497 2241
497 2242
498 2243
498 2244
498 2245
498 2246
499 2247
499 2248
500 2249
500 2250
500 2251
501 2252
501 2253
502 2254
502 2255
503 2256
503 2257
503 2258
503 2259
504 2259
505 2259
506 2258
507 2257
508 2257
509 2257
510 2257
511 2257
512 2257
513 2257
514 2257
515 2257
516 2257
517 2257
518 2257
519 2257
520 2257
521 2257
522 2257
523 2257
524 2257
525 2257
526 2258
527 2258
528 2258
529 2258
530 2258
531 2258
532 2258
533 2258
534 2258
535 2258
536 2259
537 2259
538 2259
539 2259
540 2260
541 2260
542 2260
543 2260
544 2261
545 2261
546 2261
547 2261
548 2261
549 2261
550 2261
551 2261
552 2261
553 2261
554 2261
555 2261
556 2261
557 2261
558 2261
559 2262
560 2262
561 2262
562 2262
563 2262
564 2262
565 2262
566 2262
567 2262
568 2262
569 2262
570 2262
571 2262
572 2262
573 2262
574 2262
575 2262
576 2262
577 2262
578 2262
579 2262
580 2262
581 2262
582 2262
583 2262
584 2261
585 2261
586 2261
587 2261
588 2261
589 2261
590 2261
591 2261
592 2261
593 2262
594 2263
595 2263
596 2263
597 2263
598 2263
599 2263
600 2263
601 2263
602 2263
603 2262
604 2261
605 2261
606 2260
607 2259
608 2258
608 2257
609 2256
610 2255
610 2254
611 2253
612 2252
612 2251
613 2250
614 2249
615 2248
616 2247
617 2246
617 2245
618 2244
618 2243
618 2242
618 2241
618 2240
618 2239
619 2238
619 2237
619 2236
619 2235
619 2234
619 2233
619 2232
619 2231
619 2230
618 2229
617 2228
617 2227
616 2226
616 2225
615 2224
614 2224
613 2223
612 2222
611 2221
611 2220
611 2219
610 2218
609 2217
608 2216
607 2215
606 2215
605 2214
604 2214
603 2213
602 2213
601 2212
600 2212
599 2212
598 2212
597 2212
596 2212
595 2211
594 2211
593 2211
592 2210
591 2210
590 2210
589 2209
588 2209
587 2209
586 2209
585 2209
584 2209
583 2209
582 2209
581 2209
580 2208
579 2208
578 2208
577 2208
576 2208
575 2208
574 2207
573 2207
572 2207
571 2207
570 2207
569 2207
568 2207
567 2207
566 2207
565 2206
564 2206
563 2206
562 2206
561 2206
560 2206
559 2206
558 2206
557 2206
556 2205
555 2205
554 2205
553 2205
552 2204
551 2204
550 2204
549 2204
548 2204
547 2204
546 2204
545 2204
