4078 6397
4077 6398
4076 6398
4075 6398
4074 6398
4073 6399
4072 6399
4071 6399
4070 6399
4069 6400
4068 6400
4067 6400
4066 6400
4065 6401
4064 6401
4063 6401
4062 6401
4061 6402
4060 6402
4059 6402
4058 6402
4057 6403
4056 6404
4055 6404
4054 6404
4053 6405
4052 6405
4051 6405
4050 6405
4049 6405
4048 6405
4047 6405
4046 6405
4045 6406
4044 6406
4043 6406
4042 6406
4041 6407
4040 6407
4039 6408
4038 6408
4037 6408
4036 6408
4035 6409
4034 6409
4033 6410
4032 6410
4031 6410
4030 6410
4029 6411
4028 6411
4027 6411
4026 6411
4025 6411
4024 6411
4023 6412
4022 6412
4021 6412
4020 6412
4019 6413
4018 6413
4017 6413
4016 6413
4015 6413
4014 6413
4013 6414
4012 6414
4011 6414
4010 6414
4009 6415
4008 6415
4007 6415
4006 6415
4005 6415
4004 6415
4003 6415
4002 6415
4001 6415
4000 6415
3999 6415
3998 6415
3997 6415
3996 6415
3995 6415
3994 6415
3993 6415
3992 6415
3991 6415
3990 6415
3989 6415
3988 6415
3987 6415
3986 6415
3985 6415
3984 6415
3983 6415
3982 6415
3981 6415
3980 6415
3979 6415
3978 6415
3977 6415
3976 6415
3975 6415
3974 6415
3973 6416
3972 6416
3971 6416
3970 6416
3969 6417
3968 6417
3967 6417
3966 6417
3965 6417
3964 6417
3963 6417
3962 6417
3961 6417
3960 6417
3959 6417
3958 6417
3957 6417
3956 6417
3955 6416
3954 6416
3953 6416
3952 6416
3951 6416
3950 6416
3949 6416
3948 6416
3947 6417
3946 6417
3945 6418
3944 6418
3943 6418
3942 6418
3941 6419
3940 6419
3939 6419
3938 6419
3937 6419
3936 6419
3935 6419
3934 6419
3933 6419
3932 6419
3931 6419
3930 6419
3929 6419
3928 6419
3927 6419
3926 6419
3925 6419
3924 6419
3923 6419
3922 6419
3921 6419
3920 6419
3919 6419
3918 6419
3917 6419
3916 6419
3915 6419
3914 6419
3913 6419
3912 6419
3911 6419
3910 6419
3909 6419
3908 6419
3907 6419
3906 6419
3905 6419
3904 6419
3903 6419
3902 6419
3901 6419
3900 6419
3899 6419
3898 6419
3897 6419
3896 6419
3895 6419
3894 6419
3893 6419
3892 6419
3891 6419
3890 6419
3889 6419
3888 6419
3887 6419
3886 6419
3885 6419
3884 6419
3883 6419
3882 6419
3881 6419
3880 6419
3879 6419
3878 6419
3877 6419
3876 6419
3875 6419
3874 6419
3873 6418
3872 6418
3871 6418
3870 6418
3869 6417
3868 6417
3867 6417
3866 6417
3865 6417
3864 6417
3863 6417
3862 6417
3861 6417
3860 6417
3859 6417
3858 6417
3857 6417
3856 6417
3855 6418
3854 6418
3853 6418
3852 6418
3851 6419
3850 6419
3849 6419
3848 6419
3847 6419
3846 6419
3845 6419
3844 6419
3843 6419
3842 6419
3841 6419
3840 6419
3839 6419
3838 6419
3837 6419
3836 6419
3835 6419
3834 6419
3833 6419
3832 6419
3831 6419
3830 6419
3829 6419
3828 6419
3827 6419
3826 6419
3825 6419
3824 6419
3823 6419
3822 6419
3821 6419
3820 6419
3819 6419
3818 6419
3817 6419
3816 6419
3815 6419
3814 6419
3813 6419
3812 6419
3811 6419
3810 6419
3809 6419
3808 6419
3807 6419
3806 6419
3805 6419
3804 6419
3803 6419
3802 6419
3801 6420
3800 6420
3799 6420
3798 6420
3797 6421
3796 6421
3795 6421
3794 6421
3793 6421
3792 6421
3791 6421
3790 6421
3789 6421
3788 6421
3787 6421
3786 6421
3785 6421
3784 6421
3783 6421
3782 6421
3781 6421
3780 6421
3779 6421
3778 6421
3777 6421
3776 6421
3775 6421
3774 6421
3773 6422
3772 6422
3771 6422
3770 6422
3769 6423
3768 6424
3767 6424
3766 6424
3765 6425
3764 6425
3763 6426
3762 6426
3761 6426
3760 6426
3759 6427
3758 6428
3757 6428
3756 6428
3755 6429
3754 6429
3753 6430
3752 6430
3751 6430
3750 6430
3749 6431
3748 6431
3747 6431
3746 6431
3745 6431
3744 6431
3743 6431
3742 6431
3741 6430
3740 6430
3739 6430
3738 6430
3737 6429
3736 6429
3735 6429
3734 6429
3733 6429
3732 6429
3731 6429
3730 6429
3729 6429
3728 6429
3727 6429
3726 6429
3725 6429
3724 6429
3723 6429
3722 6429
3721 6429
3720 6429
3719 6429
3718 6429
3717 6428
3716 6428
3715 6428
3714 6428
3713 6427
3712 6427
3711 6427
3710 6427
3709 6427
3708 6427
3707 6427
3706 6427
3705 6427
3704 6427
3703 6427
3702 6427
3701 6427
3700 6427
3699 6427
3698 6427
3697 6427
3696 6427
3695 6427
3694 6427
3693 6427
3692 6427
3691 6427
3690 6427
3689 6427
3688 6427
3687 6427
3686 6427
3685 6427
3684 6427
3683 6427
3682 6427
3681 6426
3680 6426
3679 6426
3678 6426
3677 6425
3676 6425
3675 6425
3674 6425
3673 6425
3672 6425
3671 6425
3670 6425
3669 6425
3668 6425
3667 6425
3666 6425
3665 6425
3664 6425
3663 6425
3662 6425
3661 6424
3660 6424
3659 6424
3658 6423
3657 6422
3656 6422
3655 6422
3654 6421
3653 6420
3652 6420
3651 6420
3650 6420
3649 6419
3648 6419
3647 6419
3646 6419
3645 6419
3644 6419
3643 6419
3642 6419
3641 6419
3640 6419
3639 6419
3638 6419
3637 6420
3636 6420
3635 6420
3634 6420
3633 6421
3632 6421
3631 6421
3630 6421
3629 6421
3628 6421
3627 6421
3626 6421
3625 6421
3624 6421
3623 6422
3622 6422
3621 6422
3620 6422
3619 6423
3618 6423
3617 6423
3616 6423
3615 6423
3614 6423
3613 6423
3612 6423
3611 6423
3610 6423
3609 6423
3608 6423
3607 6424
3606 6424
3605 6425
3604 6426
3603 6426
3602 6427
3601 6428
3600 6428
3599 6429
3598 6429
3597 6430
3596 6430
3595 6430
3594 6430
3593 6431
3592 6431
3591 6431
3590 6431
3589 6432
3588 6432
3587 6432
3586 6432
3585 6433
3584 6433
3583 6433
3582 6433
3581 6434
3580 6434
3579 6434
3578 6434
3577 6435
3576 6435
3575 6435
3574 6435
3573 6435
3572 6435
3571 6435
3570 6435
3569 6435
3568 6435
3567 6435
3566 6435
3565 6436
3564 6436
3563 6436
3562 6436
3561 6437
3560 6437
3559 6437
3558 6437
3557 6437
3556 6437
3555 6437
3554 6437
3553 6437
3552 6437
3551 6437
3550 6437
3549 6437
3548 6437
3547 6437
3546 6437
3545 6437
3544 6437
3543 6437
3542 6437
3541 6437
3540 6437
3539 6437
3538 6437
3537 6437
3536 6437
3535 6437
3534 6437
3533 6437
3532 6437
3531 6437
3530 6437
3529 6437
3528 6437
3527 6437
3526 6437
3525 6437
3524 6437
3523 6437
3522 6437
3521 6437
3520 6437
3519 6437
3518 6437
3517 6438
3516 6438
3515 6438
3514 6438
3513 6439
3512 6439
3511 6440
3510 6440
3509 6440
3508 6440
3507 6441
3506 6441
3505 6442
3504 6442
3503 6442
3502 6442
3501 6443
3500 6444
3499 6444
3498 6444
3497 6445
3496 6446
3495 6446
3494 6446
3493 6447
3492 6447
3491 6447
3490 6447
3489 6447
3488 6447
3487 6448
3486 6448
3485 6448
3484 6448
3483 6449
3482 6450
3481 6450
3480 6450
3479 6451
3478 6451
3477 6451
3476 6451
3475 6452
3474 6452
3473 6453
3472 6453
3471 6454
3470 6454
3469 6455
3468 6455
3467 6455
3466 6455
3465 6456
3464 6456
3463 6456
3462 6456
3461 6457
3460 6457
3459 6457
3458 6457
3457 6457
3456 6457
3455 6458
3454 6458
3453 6458
3452 6458
3451 6459
3450 6459
3449 6460
3448 6460
3447 6460
3446 6460
3445 6461
3444 6461
3443 6461
3442 6461
3441 6461
3440 6461
3439 6461
3438 6461
3437 6461
3436 6461
3435 6461
3434 6461
3433 6461
3432 6461
3431 6462
3430 6462
3429 6462
3428 6462
3427 6463
3426 6463
3425 6463
3424 6463
3423 6463
3422 6463
3421 6464
3420 6464
3419 6464
3418 6464
3417 6465
3416 6465
3415 6465
3414 6465
3413 6465
3412 6465
3411 6465
3410 6465
3409 6466
3408 6466
3407 6466
3406 6466
3405 6467
3404 6468
3403 6468
3402 6468
3401 6469
3400 6470
3399 6470
3398 6470
3397 6471
3396 6471
3395 6471
3394 6471
3393 6471
3392 6471
3391 6471
3390 6471
3389 6471
3388 6471
3387 6471
3386 6471
3385 6471
3384 6471
3383 6471
3382 6471
3381 6471
3380 6471
3379 6472
3378 6472
3377 6472
3376 6472
3375 6473
3374 6474
3373 6474
3372 6474
3371 6475
3370 6476
3369 6476
3368 6476
3367 6477
3366 6477
3365 6477
3364 6477
3363 6477
3362 6477
3361 6478
3360 6478
3359 6478
3358 6478
3357 6479
3356 6480
3355 6481
3354 6481
3353 6482
3352 6482
3351 6483
3350 6483
3349 6483
3348 6483
3347 6483
3346 6483
3345 6483
3344 6483
3343 6483
3342 6483
3341 6483
3340 6483
3339 6484
3338 6484
3337 6484
3336 6484
3335 6485
3334 6485
3333 6485
3332 6485
3331 6485
3330 6485
3329 6485
3328 6485
3327 6486
3326 6486
3325 6486
3324 6486
3323 6487
3322 6487
3321 6487
3320 6487
3319 6487
3318 6487
3317 6487
3316 6487
3315 6487
3314 6487
3313 6487
3312 6487
3311 6488
3310 6488
3309 6488
3308 6488
3307 6489
3306 6489
3305 6489
3304 6489
3303 6490
3302 6490
3301 6490
3300 6490
3299 6491
3298 6492
3297 6492
3296 6492
3295 6493
3294 6493
3293 6493
3292 6493
3291 6493
3290 6493
3289 6493
3288 6493
3287 6493
3286 6493
3285 6493
3284 6493
3283 6493
3282 6493
3281 6494
3280 6494
3279 6494
3278 6494
3277 6495
3276 6495
3275 6495
3274 6495
3273 6495
3272 6495
3271 6495
3270 6495
3269 6495
3268 6495
3267 6495
3266 6495
3265 6496
3264 6496
3263 6496
3262 6496
3261 6497
3260 6497
3259 6497
3258 6497
3257 6497
3256 6497
3255 6497
3254 6497
3253 6497
3252 6497
3251 6496
3250 6496
3249 6497
3248 6497
3247 6497
3246 6497
3245 6498
3244 6498
3243 6499
3242 6500
3241 6500
3240 6500
3239 6501
3238 6502
3237 6502
3236 6502
3235 6503
3234 6503
3233 6503
3232 6503
3231 6503
3230 6503
3229 6503
3228 6503
3227 6504
3226 6504
3225 6505
3224 6505
3223 6506
3222 6506
3221 6507
3220 6507
3219 6508
3218 6508
3217 6508
3216 6508
3215 6509
3214 6509
3213 6509
3212 6509
3211 6509
3210 6509
3209 6509
3208 6509
3207 6509
3206 6509
3205 6509
3204 6509
3203 6509
3202 6509
3201 6509
3200 6509
3199 6510
3198 6510
3197 6510
3196 6510
3195 6511
3194 6512
3193 6512
3192 6512
3191 6513
3190 6513
3189 6514
3188 6514
3187 6514
3186 6514
3185 6515
3184 6516
3183 6516
3182 6516
3181 6517
3180 6517
3179 6518
3178 6518
3177 6518
3176 6518
3175 6519
3174 6519
3173 6520
3172 6520
3171 6520
3170 6520
3169 6521
3168 6521
3167 6522
3166 6522
3165 6522
3164 6522
3163 6523
3162 6523
3161 6524
3160 6524
3159 6524
3158 6524
3157 6525
3156 6525
3155 6526
3154 6526
3153 6526
3152 6526
3151 6527
3150 6528
3149 6529
3148 6530
3147 6530
3147 6531
3146 6532
3145 6532
3145 6533
3144 6534
3143 6534
3143 6535
3142 6536
3141 6536
3141 6537
3140 6538
3139 6538
3138 6539
3137 6540
3136 6540
3135 6541
3134 6542
3133 6543
3132 6543
3131 6544
3130 6544
3129 6545
3128 6546
3127 6547
3126 6548
3125 6548
3125 6549
3124 6550
3123 6550
3122 6551
3121 6552
3120 6552
3119 6553
3118 6553
3117 6553
3116 6553
3115 6553
3114 6553
3113 6553
3112 6553
3111 6554
3110 6554
3109 6554
3108 6554
3107 6555
3106 6556
3105 6556
3104 6556
3103 6557
3102 6558
3101 6558
3100 6558
3099 6559
3098 6559
3097 6559
3096 6559
3095 6560
3094 6560
3093 6560
3092 6560
3091 6561
3090 6562
3089 6562
3088 6562
3087 6563
3086 6563
3085 6563
3084 6563
3083 6563
3082 6563
3081 6564
3080 6564
3079 6564
3078 6564
3077 6565
3076 6565
3075 6565
3074 6565
3073 6566
3072 6566
3071 6566
3070 6566
3069 6567
3068 6567
3067 6567
3066 6567
3065 6568
3064 6568
3063 6568
3062 6568
3061 6569
3060 6570
3059 6571
3058 6572
3057 6572
3057 6573
3056 6574
3055 6574
3055 6575
3054 6576
3053 6576
3053 6577
3052 6578
3051 6579
3050 6580
3049 6581
3049 6582
3049 6583
3048 6584
3047 6585
3047 6586
3047 6587
3046 6588
3045 6589
3045 6590
3044 6591
3043 6592
3043 6593
3042 6594
3041 6594
3041 6595
3040 6596
3039 6596
3039 6597
3038 6598
3037 6598
3037 6599
3036 6600
3035 6600
3035 6601
3034 6602
3033 6602
3033 6603
3032 6604
3031 6604
3031 6605
3030 6606
3029 6607
3028 6608
3027 6609
3027 6610
3026 6611
3025 6612
3025 6613
3024 6614
3023 6614
3023 6615
3022 6616
3021 6617
3020 6618
3019 6619
3019 6620
3018 6621
3018 6622
3017 6623
3016 6624
3015 6625
3015 6626
3014 6627
3013 6628
3012 6628
3011 6629
3010 6629
3009 6630
3008 6630
3007 6631
3006 6632
3005 6632
3005 6633
3004 6634
3003 6634
3002 6635
3001 6636
3000 6636
2999 6637
2998 6638
2997 6639
2996 6640
2995 6640
2995 6641
2994 6642
2993 6642
2993 6643
2992 6644
2991 6644
2991 6645
2990 6646
2989 6646
2988 6647
2987 6648
2986 6648
2985 6649
2984 6650
2983 6651
2982 6652
2981 6652
2981 6653
2980 6654
2979 6654
2979 6655
2978 6656
2977 6656
2977 6657
2976 6658
2975 6658
2975 6659
2974 6660
2973 6660
2973 6661
2972 6662
2971 6663
2970 6664
2969 6665
2969 6666
2969 6667
2968 6668
2967 6669
2967 6670
2967 6671
2967 6672
2966 6673
2966 6674
2966 6675
2966 6676
2966 6677
2966 6678
2965 6679
2965 6680
2965 6681
2964 6682
2963 6683
2963 6684
2962 6685
2962 6686
2961 6687
2960 6688
2959 6689
2959 6690
2958 6691
2958 6692
2957 6693
2956 6694
2955 6695
2955 6696
2954 6697
2954 6698
2953 6699
2953 6700
2952 6701
2952 6702
2952 6703
2952 6704
2951 6705
2951 6706
2951 6707
2950 6708
2949 6709
2949 6710
2949 6711
2949 6712
2948 6713
2948 6714
2948 6715
2948 6716
2948 6717
2948 6718
2948 6719
2948 6720
2948 6721
2948 6722
2948 6723
2948 6724
2948 6725
2948 6726
2948 6727
2948 6728
2947 6729
2947 6730
2947 6731
2947 6732
2946 6733
2946 6734
2946 6735
2946 6736
2946 6737
2946 6738
2946 6739
2946 6740
2946 6741
2946 6742
2945 6743
2945 6744
2945 6745
2945 6746
2944 6747
2944 6748
2944 6749
2944 6750
2944 6751
2944 6752
2944 6753
2944 6754
2944 6755
2944 6756
2944 6757
2944 6758
2943 6759
2943 6760
2943 6761
2943 6762
2942 6763
2942 6764
2942 6765
2942 6766
2942 6767
2942 6768
2942 6769
2942 6770
2942 6771
2942 6772
2942 6773
2942 6774
2942 6775
2942 6776
2942 6777
2942 6778
2942 6779
2942 6780
2942 6781
2942 6782
2942 6783
2942 6784
2942 6785
2942 6786
2942 6787
2942 6788
2941 6789
2941 6790
2941 6791
2941 6792
2940 6793
2940 6794
2940 6795
2940 6796
2940 6797
2940 6798
2940 6799
2940 6800
2939 6801
2939 6802
2939 6803
2939 6804
2938 6805
2938 6806
2937 6807
2937 6808
2937 6809
2937 6810
2936 6811
2936 6812
2936 6813
2936 6814
2936 6815
2936 6816
2936 6817
2936 6818
2936 6819
2936 6820
2936 6821
2936 6822
2936 6823
2936 6824
2936 6825
2936 6826
2936 6827
2936 6828
2935 6829
2935 6830
2935 6831
2935 6832
2934 6833
2934 6834
2934 6835
2934 6836
2934 6837
2934 6838
2934 6839
2934 6840
2933 6841
2933 6842
2933 6843
2933 6844
2932 6845
2932 6846
2932 6847
2932 6848
2932 6849
2932 6850
2931 6851
2931 6852
2931 6853
2931 6854
2930 6855
2930 6856
2930 6857
2930 6858
2930 6859
2930 6860
2929 6861
2929 6862
2929 6863
2929 6864
2928 6865
2928 6866
2927 6867
2927 6868
2927 6869
2927 6870
2926 6871
2926 6872
2926 6873
2926 6874
2926 6875
2926 6876
2925 6877
2925 6878
2925 6879
2925 6880
2924 6881
2924 6882
2924 6883
2924 6884
2924 6885
2924 6886
2924 6887
2924 6888
2923 6889
2923 6890
2923 6891
2923 6892
2922 6893
2922 6894
2922 6895
2922 6896
2922 6897
2922 6898
2921 6899
2921 6900
2921 6901
2921 6902
2920 6903
2920 6904
2920 6905
2920 6906
2920 6907
2920 6908
2920 6909
2920 6910
2920 6911
2920 6912
2920 6913
2920 6914
2920 6915
2920 6916
2920 6917
2920 6918
2920 6919
2920 6920
2920 6921
2920 6922
2920 6923
2920 6924
2920 6925
2920 6926
2920 6927
2920 6928
2920 6929
2920 6930
2920 6931
2920 6932
2920 6933
2920 6934
2920 6935
2920 6936
2920 6937
2920 6938
2920 6939
2920 6940
2920 6941
2920 6942
2920 6943
2920 6944
2920 6945
2920 6946
2919 6947
2919 6948
2919 6949
2919 6950
2918 6951
2918 6952
2918 6953
2918 6954
2918 6955
2918 6956
2918 6957
2918 6958
2918 6959
2918 6960
2918 6961
2918 6962
2918 6963
2918 6964
2918 6965
2918 6966
2918 6967
2918 6968
2918 6969
2918 6970
2918 6971
2918 6972
2918 6973
2918 6974
2918 6975
2918 6976
2918 6977
2918 6978
2918 6979
2918 6980
2918 6981
2918 6982
2918 6983
2918 6984
2918 6985
2918 6986
2918 6987
2918 6988
2918 6989
2918 6990
2918 6991
2918 6992
2918 6993
2918 6994
2918 6995
2918 6996
2918 6997
2918 6998
2917 6999
2917 7000
2917 7001
2917 7002
2916 7003
2916 7004
2915 7005
2915 7006
2915 7007
2915 7008
2914 7009
2914 7010
2914 7011
2914 7012
2914 7013
2914 7014
2914 7015
2914 7016
2914 7017
2914 7018
2914 7019
2914 7020
2914 7021
2914 7022
2914 7023
2914 7024
2913 7025
2913 7026
2913 7027
2913 7028
2912 7029
2912 7030
2911 7031
2911 7032
2911 7033
2911 7034
2910 7035
2910 7036
2910 7037
2910 7038
2910 7039
2910 7040
2910 7041
2910 7042
2910 7043
2910 7044
2910 7045
2910 7046
2910 7047
2910 7048
2910 7049
2910 7050
2910 7051
2910 7052
2910 7053
2910 7054
2910 7055
2910 7056
2910 7057
2910 7058
2910 7059
2910 7060
2910 7061
2910 7062
2909 7063
2909 7064
2909 7065
2909 7066
2908 7067
2908 7068
2908 7069
2908 7070
2907 7071
2907 7072
2907 7073
2906 7074
2905 7075
2905 7076
2905 7077
2904 7078
2903 7079
2903 7080
2903 7081
2902 7082
2901 7083
2901 7084
2901 7085
2900 7086
2899 7087
2899 7088
2899 7089
2899 7090
2898 7091
2898 7092
2897 7093
2897 7094
2897 7095
2896 7096
2895 7097
2895 7098
2895 7099
2894 7100
2893 7101
2893 7102
2893 7103
2892 7104
2891 7105
2891 7106
2891 7107
2890 7108
2889 7109
2889 7110
2889 7111
2888 7112
2887 7113
2887 7114
2887 7115
2887 7116
2886 7117
2886 7118
2885 7119
2885 7120
2885 7121
2884 7122
2883 7123
2883 7124
2883 7125
2883 7126
2882 7127
2882 7128
2881 7129
2881 7130
2881 7131
2881 7132
2880 7133
2880 7134
2880 7135
2880 7136
2879 7137
2879 7138
2879 7139
2879 7140
2878 7141
2878 7142
2878 7143
2878 7144
2878 7145
2878 7146
2878 7147
2878 7148
2878 7149
2878 7150
2878 7151
2878 7152
2878 7153
2878 7154
2878 7155
2878 7156
2878 7157
2878 7158
2878 7159
2878 7160
2878 7161
2878 7162
2878 7163
2878 7164
2878 7165
2878 7166
2878 7167
2878 7168
2878 7169
2878 7170
2878 7171
2878 7172
2878 7173
2878 7174
2878 7175
2878 7176
2878 7177
2878 7178
2878 7179
2878 7180
2877 7181
2877 7182
2877 7183
2877 7184
2876 7185
2876 7186
2876 7187
2876 7188
2876 7189
2876 7190
2875 7191
2875 7192
2875 7193
2875 7194
2874 7195
2874 7196
2874 7197
2874 7198
2874 7199
2874 7200
2874 7201
2874 7202
2874 7203
2874 7204
2873 7205
2873 7206
2873 7207
2873 7208
2872 7209
2872 7210
2872 7211
2872 7212
2872 7213
2872 7214
2872 7215
2872 7216
2872 7217
2872 7218
2872 7219
2872 7220
2872 7221
2872 7222
2872 7223
2872 7224
2872 7225
2872 7226
2872 7227
2872 7228
2872 7229
2872 7230
2872 7231
2872 7232
2872 7233
2872 7234
2873 7235
2873 7236
2873 7237
2873 7238
2874 7239
2875 7240
2875 7241
2875 7242
2876 7243
2877 7244
2877 7245
2877 7246
2878 7247
2879 7248
2879 7249
2879 7250
2880 7251
2880 7252
2881 7253
2881 7254
2881 7255
2881 7256
2882 7257
2882 7258
2882 7259
2882 7260
2883 7261
2883 7262
2883 7263
2883 7264
2884 7265
2884 7266
2885 7267
2885 7268
2885 7269
2885 7270
2886 7271
2886 7272
2886 7273
2886 7274
2886 7275
2886 7276
2886 7277
2886 7278
2887 7279
2887 7280
2887 7281
2887 7282
2888 7283
2888 7284
2889 7285
2889 7286
2889 7287
2889 7288
2890 7289
2890 7290
2891 7291
2891 7292
2891 7293
2891 7294
2892 7295
2892 7296
2893 7297
2893 7298
2893 7299
2893 7300
2894 7301
2895 7302
2895 7303
2895 7304
2896 7305
2896 7306
2896 7307
2896 7308
2897 7309
2897 7310
2897 7311
2897 7312
2898 7313
2899 7314
2899 7315
2899 7316
2900 7317
2900 7318
2901 7319
2901 7320
2902 7321
2903 7322
2903 7323
2904 7323
2905 7324
2905 7325
2906 7325
2907 7326
2907 7327
2908 7327
2909 7328
2909 7329
2910 7329
2911 7330
2911 7331
2912 7331
2913 7332
2913 7333
2914 7333
2915 7334
2915 7335
2916 7336
2917 7337
2917 7338
2918 7339
2919 7340
2920 7341
2920 7342
2921 7343
2921 7344
2922 7345
2923 7346
2924 7347
2925 7348
2925 7349
2926 7349
2927 7350
2927 7351
2928 7351
2929 7352
2929 7353
2930 7353
2931 7354
2931 7355
2932 7355
2933 7356
2933 7357
2934 7357
2935 7358
2935 7359
2936 7359
2937 7360
2937 7361
2938 7361
2939 7362
2939 7363
2940 7363
2941 7364
2941 7365
2942 7365
2943 7366
2943 7367
2944 7367
2945 7368
2945 7369
2946 7370
2947 7371
2947 7372
2948 7373
2949 7374
2950 7375
2951 7376
2951 7377
2952 7377
2953 7378
2953 7379
2954 7379
2955 7380
2955 7381
2956 7381
2957 7382
2957 7383
2958 7383
2959 7384
2959 7385
2960 7385
2961 7386
2961 7387
2962 7387
2963 7388
2963 7389
2964 7389
2965 7390
2965 7391
2966 7391
2967 7392
2967 7393
2968 7394
2969 7395
2969 7396
2970 7397
2971 7398
2971 7399
2971 7400
2972 7401
2972 7402
2973 7403
2973 7404
2973 7405
2973 7406
2974 7407
2975 7408
2976 7409
2977 7410
2977 7411
2978 7411
2979 7412
2979 7413
2980 7413
2981 7414
2981 7415
2982 7416
2983 7417
2983 7418
2984 7419
2985 7420
2986 7421
2987 7422
2987 7423
2988 7423
2989 7424
2990 7425
2991 7426
2992 7427
2993 7427
2994 7428
2995 7429
2996 7429
2997 7430
2997 7431
2998 7431
2999 7432
2999 7433
3000 7433
3001 7434
3002 7435
3003 7436
3004 7437
3005 7437
3006 7438
3007 7439
3008 7439
3009 7440
3009 7441
3010 7441
3011 7442
3011 7443
3012 7443
3013 7444
3013 7445
3014 7445
3015 7446
3015 7447
3016 7447
3017 7448
3017 7449
3018 7449
3019 7450
3019 7451
3020 7451
3021 7452
3021 7453
3022 7453
3023 7454
3023 7455
3024 7455
3025 7456
3025 7457
3026 7457
3027 7458
3027 7459
3028 7459
3029 7460
3030 7461
3031 7462
3032 7463
3033 7463
3034 7464
3035 7464
3036 7465
3037 7466
3038 7467
3039 7467
3040 7467
3041 7468
3042 7469
3043 7469
3044 7470
3045 7470
3046 7471
3047 7472
3048 7473
3049 7473
3050 7473
3051 7473
3052 7474
3053 7474
3054 7473
3055 7473
3056 7473
3057 7473
3058 7472
3059 7472
3060 7472
3061 7472
3062 7473
3063 7473
3064 7473
3065 7474
3066 7475
3067 7475
3068 7476
3069 7477
3070 7477
3071 7478
3072 7479
3073 7480
3074 7481
3075 7481
3076 7481
3077 7482
3078 7483
3079 7483
3080 7484
3081 7484
3082 7485
3083 7486
3084 7487
3085 7487
3086 7488
3087 7488
3088 7489
3089 7489
3090 7490
3091 7490
3092 7491
3093 7491
3094 7491
3095 7491
3096 7492
3097 7492
3098 7493
3099 7493
3100 7494
3101 7494
3102 7495
3103 7496
3104 7497
3105 7497
3106 7497
3107 7498
3108 7499
3109 7499
3110 7499
3111 7499
3112 7500
3113 7500
3114 7500
3115 7500
3116 7500
3117 7500
3118 7500
3119 7500
3120 7500
3121 7500
3122 7500
3123 7500
3124 7500
3125 7500
3126 7500
3127 7500
3128 7501
3129 7501
3130 7501
3131 7501
3132 7502
3133 7502
3134 7502
3135 7502
3136 7503
3137 7503
3138 7503
3139 7503
3140 7504
3141 7504
3142 7504
3143 7504
3144 7505
3145 7505
3146 7505
3147 7506
3148 7507
3149 7507
3150 7507
3151 7507
3152 7508
3153 7508
3154 7508
3155 7508
3156 7509
3157 7509
3158 7510
3159 7511
3160 7511
3161 7512
3161 7513
3162 7513
3163 7514
3163 7515
3164 7516
3165 7517
3165 7518
3166 7519
3167 7520
3168 7521
3169 7522
3169 7523
3170 7523
3171 7524
3171 7525
3172 7525
3173 7526
3174 7527
3175 7527
3176 7528
3177 7528
3178 7527
3179 7527
3180 7527
3181 7527
3182 7526
3183 7526
3184 7527
3185 7527
3186 7527
3187 7527
3188 7528
3189 7528
3190 7528
3191 7528
3192 7528
3193 7528
3194 7528
3195 7528
3196 7528
3197 7528
3198 7529
3199 7529
3200 7529
3201 7529
3202 7530
3203 7530
3204 7530
3205 7530
3206 7530
3207 7530
3208 7530
3209 7530
3210 7530
3211 7530
3212 7529
3213 7529
3214 7529
3215 7529
3216 7528
3217 7528
3218 7529
3219 7529
3220 7529
3221 7529
3222 7530
3223 7530
3224 7530
3225 7530
3226 7530
3227 7530
3228 7531
3229 7531
3230 7531
3231 7532
3232 7533
3233 7533
3234 7534
3235 7534
3236 7535
3237 7535
3238 7536
3239 7536
3240 7536
3241 7536
3242 7536
3243 7536
3244 7535
3245 7535
3246 7535
3247 7535
3248 7534
3249 7533
3250 7533
3251 7533
3252 7532
3253 7532
3254 7532
3255 7532
3256 7533
3257 7533
3258 7534
3259 7534
3260 7535
3261 7536
3262 7537
3263 7537
3264 7537
3265 7537
3266 7538
3267 7538
3268 7539
3269 7539
3270 7539
3271 7540
3272 7541
3273 7541
3274 7541
3275 7542
3276 7543
3277 7543
3278 7543
3279 7544
3280 7545
3281 7545
3282 7545
3283 7546
3284 7547
3285 7547
3286 7547
3287 7548
3288 7549
3289 7549
3290 7549
3291 7549
3292 7550
3293 7550
3294 7551
3295 7551
3296 7551
3297 7552
3298 7553
3299 7553
3300 7553
3301 7553
3302 7554
3303 7554
3304 7554
3305 7554
3306 7554
3307 7554
3308 7553
3309 7553
3310 7553
3311 7553
3312 7552
3313 7552
3314 7553
3315 7553
3316 7553
3317 7553
3318 7554
3319 7554
3320 7555
3321 7555
3322 7555
3323 7556
3324 7557
3325 7557
3326 7557
3327 7558
3328 7559
3329 7559
3330 7560
3331 7561
3331 7562
3332 7563
3333 7564
3334 7565
3335 7565
3336 7566
3337 7566
3338 7566
3339 7566
3340 7566
3341 7566
3342 7566
3343 7566
3344 7566
3345 7566
3346 7567
3347 7567
3348 7568
3349 7568
3350 7569
3351 7570
3352 7571
3353 7571
3354 7571
3355 7571
3356 7572
3357 7572
3358 7573
3359 7573
3360 7574
3361 7575
3362 7575
3363 7576
3364 7577
3365 7578
3366 7579
3367 7579
3368 7580
3369 7580
3370 7580
3371 7580
3372 7581
3373 7581
3374 7580
3375 7579
3376 7578
3377 7578
3378 7577
3379 7577
3380 7576
3381 7576
3382 7576
3383 7576
3384 7576
3385 7576
3386 7576
3387 7576
3388 7576
3389 7576
3390 7576
3391 7576
3392 7576
3393 7576
3394 7576
3395 7576
3396 7577
3397 7577
3398 7577
3399 7577
3400 7578
3401 7578
3402 7578
3403 7578
3404 7578
3405 7578
3406 7579
3407 7579
3408 7579
3409 7579
3410 7580
3411 7580
3412 7581
3413 7581
3414 7581
3415 7582
3416 7583
3417 7583
3418 7583
3419 7583
3420 7584
3421 7584
3422 7584
3423 7584
3424 7584
3425 7584
3426 7584
3427 7584
3428 7584
3429 7584
3430 7584
3431 7584
3432 7584
3433 7584
3434 7585
3435 7585
3436 7585
3437 7586
3438 7587
3439 7587
3440 7586
3441 7586
3442 7587
3443 7587
3444 7586
3445 7586
3446 7586
3447 7586
3448 7585
3449 7585
3450 7585
3451 7585
3452 7584
3453 7584
3454 7585
3455 7585
3456 7585
3457 7586
3458 7587
3459 7587
3460 7587
3461 7587
3462 7588
3463 7588
3464 7588
3465 7588
3466 7589
3467 7589
3468 7589
3469 7589
3470 7590
3471 7590
3472 7590
3473 7590
3474 7591
3475 7591
3476 7591
3477 7591
3478 7592
3479 7592
3480 7592
3481 7592
3482 7592
3483 7592
3484 7593
3485 7593
3486 7593
3487 7593
3488 7593
3489 7593
3490 7593
3491 7593
3492 7592
3493 7592
3494 7592
3495 7592
3496 7592
3497 7592
3498 7592
3499 7592
3500 7592
3501 7592
3502 7592
3503 7592
3504 7593
3505 7593
3506 7593
3507 7593
3508 7593
3509 7593
3510 7593
3511 7593
3512 7592
3513 7591
3514 7591
3515 7591
3516 7590
3517 7590
3518 7590
3519 7590
3520 7590
3521 7590
3522 7590
3523 7590
3524 7590
3525 7590
3526 7589
3527 7589
3528 7589
3529 7589
3530 7589
3531 7589
3532 7589
3533 7589
3534 7590
3535 7590
3536 7590
3537 7590
3538 7590
3539 7590
3540 7590
3541 7590
3542 7590
3543 7590
3544 7590
3545 7590
3546 7590
3547 7590
3548 7590
3549 7590
3550 7591
3551 7591
3552 7591
3553 7591
3554 7592
3555 7592
3556 7592
3557 7592
3558 7592
3559 7592
3560 7592
3561 7592
3562 7593
3563 7593
3564 7593
3565 7593
3566 7594
3567 7594
3568 7594
3569 7594
3570 7595
3571 7595
3572 7595
3573 7595
3574 7596
3575 7596
3576 7596
3577 7596
3578 7596
3579 7596
3580 7595
3581 7595
3582 7595
3583 7595
3584 7594
3585 7594
3586 7594
3587 7594
3588 7594
3589 7594
3590 7594
3591 7594
3592 7595
3593 7595
3594 7596
3595 7596
3596 7597
3597 7597
3598 7598
3599 7598
3600 7598
3601 7598
3602 7598
3603 7598
3604 7598
3605 7598
3606 7598
3607 7598
3608 7598
3609 7598
3610 7598
3611 7598
3612 7599
3613 7599
3614 7599
3615 7599
3616 7600
3617 7600
3618 7600
3619 7600
3620 7600
3621 7600
3622 7600
3623 7600
3624 7600
3625 7600
3626 7600
3627 7600
3628 7600
3629 7600
3630 7600
3631 7600
3632 7600
3633 7600
3634 7600
3635 7600
3636 7600
3637 7600
3638 7600
3639 7600
3640 7601
3641 7601
3642 7601
3643 7601
3644 7602
3645 7602
3646 7603
3647 7603
3648 7603
3649 7603
3650 7604
3651 7604
3652 7604
3653 7604
3654 7604
3655 7604
3656 7604
3657 7604
3658 7604
3659 7604
3660 7604
3661 7604
3662 7604
3663 7604
3664 7604
3665 7604
3666 7605
3667 7605
3668 7605
3669 7605
3670 7606
3671 7606
3672 7606
3673 7606
3674 7607
3675 7607
3676 7607
3677 7607
3678 7608
3679 7608
3680 7608
3681 7608
3682 7609
3683 7609
3684 7609
3685 7609
3686 7610
3687 7610
3688 7610
3689 7610
3690 7610
3691 7610
3692 7610
3693 7610
3694 7611
3695 7611
3696 7611
3697 7611
3698 7612
3699 7612
3700 7612
3701 7612
3702 7613
3703 7613
3704 7613
3705 7614
3706 7615
3707 7615
3708 7615
3709 7615
3710 7616
3711 7616
3712 7616
3713 7616
3714 7616
3715 7616
3716 7617
3717 7617
3718 7617
3719 7617
3720 7618
3721 7618
3722 7618
3723 7618
3724 7617
3725 7617
3726 7617
3727 7617
3728 7616
3729 7616
3730 7616
3731 7616
3732 7616
3733 7616
3734 7616
3735 7616
3736 7616
3737 7616
3738 7616
3739 7616
3740 7617
3741 7617
3742 7617
3743 7617
3744 7618
3745 7618
3746 7618
3747 7618
3748 7618
3749 7618
3750 7618
3751 7618
3752 7618
3753 7618
3754 7618
3755 7618
3756 7618
3757 7618
3758 7618
3759 7618
3760 7618
3761 7618
3762 7617
3763 7617
3764 7617
3765 7617
3766 7616
3767 7616
3768 7616
3769 7616
3770 7616
3771 7616
3772 7617
3773 7617
3774 7617
3775 7617
3776 7618
3777 7618
3778 7618
3779 7618
3780 7618
3781 7618
3782 7617
3783 7617
3784 7617
3785 7617
3786 7616
3787 7616
3788 7616
3789 7616
3790 7616
3791 7616
3792 7616
3793 7616
3794 7616
3795 7616
3796 7616
3797 7616
3798 7616
3799 7616
3800 7616
3801 7616
3802 7616
3803 7616
3804 7616
3805 7616
3806 7616
3807 7616
3808 7616
3809 7616
3810 7617
3811 7617
3812 7617
3813 7617
3814 7618
3815 7618
3816 7619
3817 7619
3818 7619
3819 7619
3820 7620
3821 7620
3822 7620
3823 7620
3824 7620
3825 7620
3826 7620
3827 7620
3828 7620
3829 7620
3830 7620
3831 7620
3832 7620
3833 7620
3834 7621
3835 7621
3836 7621
3837 7622
3838 7623
3839 7623
3840 7623
3841 7623
3842 7624
3843 7624
3844 7624
3845 7624
3846 7624
3847 7624
3848 7624
3849 7624
3850 7624
3851 7624
3852 7624
3853 7624
3854 7625
3855 7625
3856 7625
3857 7625
3858 7626
3859 7626
3860 7625
3861 7625
3862 7625
3863 7625
3864 7625
3865 7625
3866 7625
3867 7625
3868 7625
3869 7625
3870 7625
3871 7625
3872 7624
3873 7624
3874 7624
3875 7624
3876 7624
3877 7624
3878 7625
3879 7625
3880 7625
3881 7625
3882 7626
3883 7626
3884 7626
3885 7626
3886 7625
3887 7625
3888 7625
3889 7625
3890 7624
3891 7624
3892 7624
3893 7624
3894 7624
3895 7624
3896 7624
3897 7624
3898 7624
3899 7624
3900 7624
3901 7624
3902 7624
3903 7624
3904 7624
3905 7624
3906 7623
3907 7623
3908 7623
3909 7623
3910 7622
3911 7622
3912 7622
3913 7622
3914 7622
3915 7622
3916 7622
3917 7622
3918 7622
3919 7622
3920 7622
3921 7622
3922 7622
3923 7622
3924 7622
3925 7622
3926 7622
3927 7622
3928 7622
3929 7622
3930 7622
3931 7622
3932 7622
3933 7622
3934 7621
3935 7621
3936 7621
3937 7621
3938 7620
3939 7620
3940 7620
3941 7620
3942 7619
3943 7619
3944 7619
3945 7619
3946 7618
3947 7618
3948 7618
3949 7618
3950 7619
3951 7619
3952 7619
3953 7619
3954 7620
3955 7620
3956 7620
3957 7620
3958 7619
3959 7619
3960 7619
3961 7619
3962 7618
3963 7618
3964 7618
3965 7618
3966 7618
3967 7618
3968 7618
3969 7618
3970 7618
3971 7618
3972 7618
3973 7618
3974 7617
3975 7617
3976 7617
3977 7617
3978 7616
3979 7616
3980 7616
3981 7616
3982 7616
3983 7616
3984 7616
3985 7616
3986 7616
3987 7616
3988 7617
3989 7617
3990 7617
3991 7618
3992 7619
3993 7619
3994 7619
3995 7619
3996 7620
3997 7620
3998 7620
3999 7620
4000 7619
4001 7619
4002 7618
4003 7618
4004 7617
4005 7617
4006 7616
4007 7616
4008 7616
4009 7616
4010 7617
4011 7617
4012 7617
4013 7617
4014 7618
4015 7618
4016 7618
4017 7618
4018 7618
4019 7618
4020 7618
4021 7618
4022 7618
4023 7618
4024 7619
4025 7619
4026 7619
4027 7619
4028 7620
4029 7620
4030 7620
4031 7620
4032 7621
4033 7621
4034 7621
4035 7621
4036 7622
4037 7622
4038 7622
4039 7622
4040 7622
4041 7622
4042 7622
4043 7622
4044 7622
4045 7622
4046 7623
4047 7623
4048 7622
4049 7622
4050 7622
4051 7621
4052 7621
4053 7620
4054 7619
4055 7619
4056 7618
4057 7617
4058 7617
4059 7617
4060 7616
4061 7615
4062 7614
4063 7614
4064 7613
4065 7613
4066 7612
4067 7612
4068 7612
4069 7612
4070 7611
4071 7611
4072 7611
4073 7611
4074 7610
4075 7609
4076 7609
4077 7609
4078 7608
4079 7607
4080 7607
4081 7607
4082 7606
4083 7606
4084 7605
4085 7605
4086 7605
4087 7605
4088 7604
4089 7604
4090 7603
4091 7603
4092 7603
4093 7603
4094 7602
4095 7602
4096 7602
4097 7602
4098 7603
4099 7603
4100 7604
4101 7605
4102 7605
4103 7606
4104 7607
4105 7607
4106 7608
4107 7608
4108 7608
4109 7608
4110 7607
4111 7607
4112 7607
4113 7607
4114 7606
4115 7606
4116 7606
4117 7606
4118 7606
4119 7606
4120 7606
4121 7606
4122 7605
4123 7605
4124 7605
4125 7605
4126 7604
4127 7604
4128 7604
4129 7604
4130 7604
4131 7604
4132 7604
4133 7604
4134 7604
4135 7604
4136 7604
4137 7604
4138 7605
4139 7605
4140 7605
4141 7605
4142 7606
4143 7606
4144 7607
4145 7607
4146 7607
4147 7607
4148 7608
4149 7608
4150 7608
4151 7608
4152 7608
4153 7608
4154 7609
4155 7609
4156 7609
4157 7609
4158 7610
4159 7610
4160 7610
4161 7610
4162 7611
4163 7612
4164 7613
4165 7614
4166 7615
4167 7615
4168 7616
4169 7616
4170 7616
4171 7616
4172 7617
4173 7617
4174 7617
4175 7618
4176 7619
4177 7619
4178 7619
4179 7620
4180 7621
4181 7621
4182 7621
4183 7621
4184 7622
4185 7622
4186 7623
4187 7623
4188 7623
4189 7624
4190 7625
4191 7625
4192 7625
4193 7625
4194 7626
4195 7626
4196 7627
4197 7627
4198 7627
4199 7627
4200 7628
4201 7628
4202 7628
4203 7628
4204 7628
4205 7628
4206 7629
4207 7629
4208 7629
4209 7629
4210 7630
4211 7630
4212 7630
4213 7630
4214 7630
4215 7630
4216 7630
4217 7630
4218 7630
4219 7630
4220 7630
4221 7630
4222 7630
4223 7630
4224 7630
4225 7630
4226 7630
4227 7630
4228 7630
4229 7630
4230 7630
4231 7630
4232 7630
4233 7630
4234 7630
4235 7630
4236 7630
4237 7630
4238 7630
4239 7630
4240 7631
4241 7631
4242 7631
4243 7631
4244 7632
4245 7632
4246 7632
4247 7632
4248 7632
4249 7632
4250 7631
4251 7631
4252 7631
4253 7631
4254 7630
4255 7630
4256 7629
4257 7629
4258 7629
4259 7629
4260 7628
4261 7628
4262 7628
4263 7628
4264 7628
4265 7628
4266 7627
4267 7627
4268 7627
4269 7627
4270 7626
4271 7626
4272 7626
4273 7626
4274 7626
4275 7626
4276 7625
4277 7625
4278 7625
4279 7625
4280 7624
4281 7624
4282 7624
4283 7624
4284 7624
4285 7624
4286 7624
4287 7624
4288 7624
4289 7624
4290 7624
4291 7624
4292 7623
4293 7623
4294 7623
4295 7623
4296 7622
4297 7622
4298 7622
4299 7622
4300 7622
4301 7622
4302 7623
4303 7623
4304 7623
4305 7623
4306 7624
4307 7624
4308 7624
4309 7624
4310 7624
4311 7624
4312 7624
4313 7624
4314 7624
4315 7624
4316 7624
4317 7624
4318 7624
4319 7624
4320 7625
4321 7625
4322 7625
4323 7625
4324 7626
4325 7626
4326 7626
4327 7626
4328 7627
4329 7627
4330 7627
4331 7627
4332 7628
4333 7628
4334 7628
4335 7628
4336 7629
4337 7629
4338 7629
4339 7630
4340 7631
4341 7631
4342 7631
4343 7631
4344 7632
4345 7632
4346 7632
4347 7632
4348 7632
4349 7632
4350 7632
4351 7632
4352 7631
4353 7631
4354 7631
4355 7631
4356 7630
4357 7630
4358 7630
4359 7630
4360 7630
4361 7630
4362 7630
4363 7630
4364 7630
4365 7630
4366 7630
4367 7630
4368 7630
4369 7630
4370 7630
4371 7630
4372 7630
4373 7630
4374 7630
4375 7630
4376 7629
4377 7629
4378 7629
4379 7629
4380 7628
4381 7628
4382 7627
4383 7627
4384 7627
4385 7627
4386 7626
4387 7626
4388 7626
4389 7626
4390 7626
4391 7626
4392 7626
4393 7626
4394 7626
4395 7626
4396 7625
4397 7625
4398 7625
4399 7625
4400 7624
4401 7624
4402 7624
4403 7624
4404 7624
4405 7624
4406 7624
4407 7624
4408 7624
4409 7624
4410 7624
4411 7624
4412 7624
4413 7624
4414 7623
4415 7623
4416 7623
4417 7623
4418 7622
4419 7622
4420 7622
4421 7622
4422 7622
4423 7622
4424 7622
4425 7622
4426 7623
4427 7623
4428 7623
4429 7623
4430 7624
4431 7624
4432 7624
4433 7624
4434 7624
4435 7624
4436 7624
4437 7624
4438 7624
4439 7624
4440 7624
4441 7624
4442 7625
4443 7625
4444 7625
4445 7626
4446 7627
4447 7627
4448 7627
4449 7627
4450 7628
4451 7628
4452 7628
4453 7628
4454 7628
4455 7628
4456 7628
4457 7628
4458 7628
4459 7628
4460 7629
4461 7629
4462 7629
4463 7629
4464 7630
4465 7630
4466 7630
4467 7630
4468 7629
4469 7629
4470 7629
4471 7629
4472 7628
4473 7628
4474 7628
4475 7628
4476 7628
4477 7628
4478 7628
4479 7628
4480 7628
4481 7628
4482 7628
4483 7628
4484 7628
4485 7628
4486 7628
4487 7628
4488 7628
4489 7628
4490 7627
4491 7627
4492 7627
4493 7627
4494 7626
4495 7626
4496 7626
4497 7626
4498 7625
4499 7625
4500 7625
4501 7625
4502 7624
4503 7624
4504 7624
4505 7624
4506 7624
4507 7624
4508 7624
4509 7624
4510 7624
4511 7624
4512 7623
4513 7623
4514 7623
4515 7623
4516 7622
4517 7622
4518 7622
4519 7622
4520 7622
4521 7622
4522 7622
4523 7622
4524 7622
4525 7622
4526 7622
4527 7622
4528 7623
4529 7623
4530 7623
4531 7623
4532 7623
4533 7623
4534 7623
4535 7623
4536 7622
4537 7622
4538 7621
4539 7621
4540 7620
4541 7620
4542 7619
4543 7619
4544 7618
4545 7618
4546 7618
4547 7618
4548 7618
4549 7618
4550 7618
4551 7618
4552 7618
4553 7618
4554 7618
4555 7618
4556 7617
4557 7617
4558 7617
4559 7617
4560 7616
4561 7616
4562 7615
4563 7615
4564 7615
4565 7615
4566 7614
4567 7614
4568 7613
4569 7613
4570 7613
4571 7613
4572 7612
4573 7611
4574 7611
4575 7611
4576 7610
4577 7610
4578 7610
4579 7610
4580 7610
4581 7610
4582 7609
4583 7609
4584 7609
4585 7609
4586 7608
4587 7607
4588 7607
4589 7607
4590 7606
4591 7606
4592 7606
4593 7606
4594 7605
4595 7605
4596 7605
4597 7605
4598 7604
4599 7603
4600 7602
4601 7602
4602 7601
4603 7601
4604 7600
4605 7600
4606 7600
4607 7600
4608 7600
4609 7600
4610 7600
4611 7600
4612 7600
4613 7600
4614 7600
4615 7600
4616 7599
4617 7599
4618 7599
4619 7599
4620 7598
4621 7598
4622 7598
4623 7598
4624 7597
4625 7597
4626 7597
4627 7597
4628 7596
4629 7595
4630 7594
4631 7594
4632 7593
4633 7593
4634 7592
4635 7592
4636 7591
4637 7591
4638 7591
4639 7591
4640 7590
4641 7589
4642 7588
4643 7587
4644 7587
4644 7586
4645 7585
4646 7585
4646 7584
4647 7583
4648 7583
4649 7582
4650 7581
4651 7581
4652 7580
4653 7579
4654 7579
4655 7579
4656 7578
4657 7577
4658 7577
4659 7577
4660 7576
4661 7575
4662 7574
4663 7574
4664 7573
4665 7573
4666 7572
4667 7571
4668 7571
4669 7571
4670 7570
4671 7569
4672 7569
4673 7569
4674 7568
4675 7568
4676 7568
4677 7568
4678 7568
4679 7568
4680 7567
4681 7567
4682 7567
4683 7567
4684 7566
4685 7565
4686 7564
4687 7563
4688 7563
4688 7562
4689 7561
4690 7561
4690 7560
4691 7559
4692 7559
4693 7558
4694 7557
4695 7557
4696 7556
4697 7555
4698 7555
4699 7555
4700 7554
4701 7553
4702 7553
4703 7553
4704 7552
4705 7552
4706 7552
4707 7552
4708 7551
4709 7551
4710 7551
4711 7551
4712 7550
4713 7549
4714 7549
4715 7549
4716 7548
4717 7547
4718 7547
4719 7547
4720 7546
4721 7545
4722 7544
4723 7544
4724 7543
4725 7543
4726 7542
4727 7541
4728 7540
4729 7540
4730 7539
4731 7539
4732 7538
4733 7538
4734 7538
4735 7538
4736 7538
4737 7538
4738 7537
4739 7537
4740 7536
4741 7536
4742 7535
4743 7535
4744 7534
4745 7533
4746 7532
4747 7531
4748 7531
4749 7530
4750 7529
4751 7529
4752 7528
4753 7527
4754 7526
4755 7525
4756 7525
4756 7524
4757 7523
4758 7523
4758 7522
4759 7521
4760 7521
4760 7520
4761 7519
4762 7519
4763 7518
4764 7517
4765 7517
4766 7516
4767 7515
4768 7515
4769 7515
4770 7514
4771 7513
4772 7513
4773 7513
4774 7512
4775 7511
4776 7511
4777 7511
4778 7510
4779 7509
4780 7509
4781 7509
4782 7508
4783 7507
4784 7506
4785 7506
4786 7505
4787 7505
4788 7504
4789 7504
4790 7504
4791 7504
4792 7504
4793 7504
4794 7504
4795 7504
4796 7504
4797 7504
4798 7503
4799 7503
4800 7503
4801 7503
4802 7502
4803 7501
4804 7501
4805 7501
4806 7500
4807 7500
4808 7499
4809 7499
4810 7498
4811 7497
4812 7497
4813 7496
4814 7495
4815 7495
4816 7494
4817 7493
4818 7493
4819 7493
4820 7492
4821 7492
4822 7491
4823 7491
4824 7490
4825 7489
4826 7489
4827 7488
4828 7487
4829 7487
4830 7486
4831 7485
4832 7484
4833 7483
4834 7482
4834 7481
4834 7480
4835 7479
4836 7478
4836 7477
4837 7476
4837 7475
4838 7474
4839 7473
4840 7472
4840 7471
4841 7470
4842 7469
4843 7468
4844 7467
4845 7467
4846 7466
4847 7465
4848 7465
4849 7465
4850 7464
4851 7464
4852 7464
4853 7464
4854 7463
4855 7463
4856 7463
4857 7463
4858 7462
4859 7462
4860 7462
4861 7462
4862 7461
4863 7461
4864 7461
4865 7461
4866 7460
4867 7459
4868 7459
4869 7459
4870 7458
4871 7457
4872 7457
4873 7457
4874 7456
4875 7455
4876 7455
4877 7455
4878 7454
4879 7454
4880 7454
4881 7454
4882 7454
4883 7454
4884 7453
4885 7453
4886 7453
4887 7453
4888 7452
4889 7452
4890 7451
4891 7451
4892 7451
4893 7451
4894 7450
4895 7449
4896 7448
4897 7447
4898 7447
4899 7446
4900 7445
4901 7445
4902 7444
4903 7443
4904 7443
4905 7443
4906 7442
4907 7442
4908 7441
4909 7441
4910 7441
4911 7441
4912 7440
4913 7439
4914 7439
4915 7439
4916 7438
4917 7438
4918 7437
4919 7437
4920 7437
4921 7437
4922 7436
4923 7436
4924 7436
4925 7436
4926 7435
4927 7435
4928 7435
4929 7435
4930 7434
4931 7433
4932 7432
4933 7431
4934 7431
4934 7430
4935 7429
4936 7429
4936 7428
4937 7427
4938 7426
4938 7425
4939 7424
4939 7423
4939 7422
4939 7421
4940 7420
4940 7419
4940 7418
4941 7417
4942 7416
4942 7415
4942 7414
4942 7413
4943 7412
4943 7411
4943 7410
4943 7409
4944 7408
4944 7407
4945 7406
4945 7405
4946 7404
4947 7403
4948 7402
4948 7401
4949 7400
4949 7399
4950 7398
4951 7397
4952 7396
4952 7395
4953 7394
4953 7393
4954 7392
4955 7391
4956 7390
4956 7389
4957 7388
4957 7387
4958 7386
4959 7385
4960 7384
4960 7383
4961 7382
4961 7381
4962 7380
4963 7379
4964 7378
4964 7377
4964 7376
4965 7375
4966 7374
4966 7373
4966 7372
4967 7371
4968 7370
4968 7369
4968 7368
4969 7367
4970 7366
4970 7365
4970 7364
4970 7363
4971 7362
4971 7361
4972 7360
4972 7359
4972 7358
4972 7357
4973 7356
4973 7355
4974 7354
4974 7353
4975 7352
4975 7351
4976 7350
4977 7349
4978 7348
4978 7347
4979 7346
4980 7345
4980 7344
4981 7343
4982 7343
4982 7342
4983 7341
4984 7340
4985 7339
4986 7338
4986 7337
4986 7336
4986 7335
4987 7334
4987 7333
4988 7332
4988 7331
4988 7330
4989 7329
4990 7328
4990 7327
4990 7326
4990 7325
4991 7324
4991 7323
4992 7322
4992 7321
4992 7320
4992 7319
4993 7318
4993 7317
4993 7316
4993 7315
4994 7314
4994 7313
4994 7312
4995 7311
4996 7310
4996 7309
4996 7308
4996 7307
4997 7306
4997 7305
4998 7304
4998 7303
4998 7302
4998 7301
4999 7300
4999 7299
5000 7298
5000 7297
5000 7296
5001 7295
5002 7294
5002 7293
5002 7292
5002 7291
5003 7290
5003 7289
5004 7288
5004 7287
5004 7286
5005 7285
5006 7284
5006 7283
5006 7282
5007 7281
5008 7280
5008 7279
5008 7278
5008 7277
5009 7276
5009 7275
5009 7274
5009 7273
5010 7272
5010 7271
5010 7270
5010 7269
5011 7268
5011 7267
5012 7266
5012 7265
5012 7264
5013 7263
5014 7262
5014 7261
5015 7260
5015 7259
5016 7258
5017 7257
5018 7256
5018 7255
5019 7254
5019 7253
5020 7252
5021 7251
5022 7250
5022 7249
5023 7248
5024 7247
5024 7246
5025 7245
5026 7244
5027 7243
5028 7242
5028 7241
5029 7240
5030 7239
5030 7238
5031 7237
5032 7237
5032 7236
5033 7235
5034 7235
5034 7234
5035 7233
5036 7233
5036 7232
5037 7231
5038 7231
5038 7230
5039 7229
5040 7229
5040 7228
5041 7227
5042 7227
5042 7226
5043 7225
5044 7225
5044 7224
5045 7223
5046 7223
5046 7222
5047 7221
5048 7221
5048 7220
5049 7219
5050 7219
5050 7218
5051 7217
5052 7217
5052 7216
5053 7215
5054 7215
5054 7214
5055 7213
5056 7213
5056 7212
5057 7211
5058 7211
5058 7210
5059 7209
5060 7208
5061 7207
5062 7206
5062 7205
5063 7204
5064 7203
5064 7202
5065 7201
5066 7200
5067 7199
5068 7198
5068 7197
5069 7196
5069 7195
5070 7194
5071 7193
5072 7192
5072 7191
5073 7190
5074 7189
5074 7188
5075 7187
5076 7187
5076 7186
5077 7185
5078 7185
5078 7184
5079 7183
5080 7183
5080 7182
5081 7181
5082 7181
5082 7180
5083 7179
5084 7178
5085 7177
5086 7176
5086 7175
5087 7174
5087 7173
5088 7172
5089 7171
5090 7170
5090 7169
5091 7168
5092 7167
5092 7166
5093 7165
5094 7165
5094 7164
5095 7163
5096 7163
5096 7162
5097 7161
5098 7161
5098 7160
5099 7159
5100 7159
5100 7158
5101 7157
5102 7157
5102 7156
5103 7155
5104 7155
5104 7154
5105 7153
5106 7153
5106 7152
5107 7151
5108 7151
5108 7150
5109 7149
5110 7149
5110 7148
5111 7147
5112 7147
5112 7146
5113 7145
5114 7145
5114 7144
5115 7143
5116 7143
5116 7142
5117 7141
5118 7140
5119 7139
5120 7138
5120 7137
5120 7136
5121 7135
5122 7134
5122 7133
5122 7132
5122 7131
5123 7130
5123 7129
5123 7128
5123 7127
5124 7126
5124 7125
5124 7124
5124 7123
5125 7122
5125 7121
5126 7120
5126 7119
5126 7118
5126 7117
5127 7116
5127 7115
5128 7114
5128 7113
5128 7112
5128 7111
5129 7110
5129 7109
5129 7108
5129 7107
5130 7106
5130 7105
5130 7104
5130 7103
5131 7102
5131 7101
5131 7100
5131 7099
5132 7098
5132 7097
5132 7096
5132 7095
5133 7094
5133 7093
5133 7092
5133 7091
5134 7090
5134 7089
5134 7088
5134 7087
5135 7086
5135 7085
5135 7084
5135 7083
5136 7082
5136 7081
5136 7080
5136 7079
5137 7078
5137 7077
5137 7076
5137 7075
5137 7074
5137 7073
5137 7072
5137 7071
5137 7070
5137 7069
5137 7068
5137 7067
5137 7066
5137 7065
5137 7064
5137 7063
5137 7062
5137 7061
5137 7060
5137 7059
5137 7058
5137 7057
5137 7056
5137 7055
5137 7054
5137 7053
5137 7052
5137 7051
5137 7050
5137 7049
5137 7048
5137 7047
5137 7046
5137 7045
5137 7044
5137 7043
5137 7042
5137 7041
5137 7040
5137 7039
5137 7038
5137 7037
5137 7036
5137 7035
5137 7034
5137 7033
5136 7032
5136 7031
5136 7030
5136 7029
5135 7028
5135 7027
5134 7026
5134 7025
5134 7024
5134 7023
5133 7022
5132 7021
5132 7020
5132 7019
5131 7018
5131 7017
5130 7016
5130 7015
5129 7014
5128 7013
5128 7012
5127 7012
5126 7011
5126 7010
5125 7010
5124 7009
5124 7008
5123 7008
5122 7007
5122 7006
5121 7006
5120 7005
5120 7004
5119 7004
5118 7003
5118 7002
5117 7001
5116 7000
5116 6999
5115 6998
5114 6997
5114 6996
5114 6995
5113 6994
5112 6993
5111 6992
5111 6991
5110 6990
5110 6989
5109 6988
5108 6987
5108 6986
5108 6985
5107 6984
5106 6983
5105 6982
5105 6981
5104 6980
5104 6979
5103 6978
5102 6977
5102 6976
5102 6975
5101 6974
5100 6973
5099 6972
5099 6971
5098 6970
5098 6969
5097 6968
5097 6967
5097 6966
5097 6965
5097 6964
5097 6963
5097 6962
5097 6961
5097 6960
5097 6959
5097 6958
5097 6957
5097 6956
5097 6955
5097 6954
5097 6953
5097 6952
5097 6951
5097 6950
5097 6949
5097 6948
5097 6947
5097 6946
5097 6945
5096 6944
5096 6943
5096 6942
5096 6941
5095 6940
5095 6939
5094 6938
5094 6937
5094 6936
5094 6935
5093 6934
5093 6933
5092 6932
5092 6931
5092 6930
5092 6929
5091 6928
5091 6927
5090 6926
5090 6925
5090 6924
5090 6923
5089 6922
5089 6921
5088 6920
5088 6919
5088 6918
5088 6917
5087 6916
5086 6915
5086 6914
5086 6913
5085 6912
5085 6911
5084 6910
5084 6909
5084 6908
5084 6907
5083 6906
5082 6905
5082 6904
5082 6903
5081 6902
5080 6901
5079 6900
5079 6899
5078 6898
5078 6897
5077 6896
5076 6895
5076 6894
5076 6893
5075 6892
5074 6891
5073 6890
5073 6889
5072 6888
5072 6887
5071 6886
5070 6885
5069 6884
5069 6883
5068 6882
5068 6881
5067 6880
5066 6879
5065 6878
5064 6877
5064 6876
5063 6876
5062 6875
5062 6874
5061 6873
5060 6872
5060 6871
5059 6870
5058 6869
5057 6868
5057 6867
5056 6866
5056 6865
5055 6864
5054 6863
5053 6862
5052 6861
5052 6860
5051 6859
5050 6858
5050 6857
5049 6856
5049 6855
5048 6854
5048 6853
5048 6852
5048 6851
5047 6850
5046 6849
5046 6848
5046 6847
5045 6846
5045 6845
5045 6844
5045 6843
5045 6842
5045 6841
5044 6840
5044 6839
5044 6838
5044 6837
5043 6836
5042 6835
5042 6834
5042 6833
5041 6832
5041 6831
5041 6830
5041 6829
5041 6828
5041 6827
5040 6826
5040 6825
5039 6824
5039 6823
5038 6822
5038 6821
5037 6820
5036 6819
5035 6818
5034 6817
5034 6816
5033 6816
5032 6815
5032 6814
5031 6813
5030 6812
5030 6811
5029 6810
5028 6809
5027 6808
5026 6807
5026 6806
5025 6806
5024 6805
5024 6804
5023 6803
5022 6802
5022 6801
5021 6800
5020 6799
5020 6798
5020 6797
5019 6796
5018 6795
5018 6794
5018 6793
5017 6792
5017 6791
5016 6790
5016 6789
5016 6788
5016 6787
5015 6786
5015 6785
5015 6784
5015 6783
5014 6782
5014 6781
5014 6780
5014 6779
5013 6778
5012 6777
5012 6776
5012 6775
5011 6774
5010 6773
5009 6772
5008 6771
5008 6770
5007 6769
5006 6768
5006 6767
5005 6766
5004 6765
5003 6764
5002 6763
5002 6762
5001 6761
5000 6760
5000 6759
4999 6758
4998 6757
4997 6756
4997 6755
4996 6754
4996 6753
4995 6752
4994 6751
4994 6750
4994 6749
4993 6748
4992 6747
4992 6746
4992 6745
4991 6744
4990 6743
4990 6742
4990 6741
4989 6740
4989 6739
4989 6738
4989 6737
4988 6736
4988 6735
4988 6734
4988 6733
4987 6732
4986 6731
4986 6730
4986 6729
4985 6728
4984 6727
4983 6726
4983 6725
4982 6724
4982 6723
4981 6722
4980 6721
4980 6720
4980 6719
4979 6718
4978 6717
4978 6716
4978 6715
4977 6714
4977 6713
4976 6712
4976 6711
4976 6710
4976 6709
4975 6708
4974 6707
4974 6706
4974 6705
4973 6704
4973 6703
4973 6702
4973 6701
4973 6700
4973 6699
4973 6698
4973 6697
4973 6696
4973 6695
4973 6694
4973 6693
4973 6692
4973 6691
4972 6690
4972 6689
4972 6688
4972 6687
4971 6686
4971 6685
4971 6684
4971 6683
4970 6682
4970 6681
4970 6680
4970 6679
4969 6678
4968 6677
4968 6676
4968 6675
4967 6674
4966 6673
4966 6672
4966 6671
4965 6670
4964 6669
4963 6668
4962 6667
4962 6666
4961 6666
4960 6665
4960 6664
4959 6664
4958 6663
4958 6662
4957 6662
4956 6661
4956 6660
4955 6660
4954 6659
4953 6658
4952 6657
4951 6656
4950 6656
4949 6655
4948 6654
4947 6654
4946 6653
4946 6652
4945 6651
4944 6650
4944 6649
4943 6648
4942 6647
4941 6646
4940 6645
4940 6644
4939 6644
4938 6643
4938 6642
4937 6642
4936 6641
4936 6640
4935 6640
4934 6639
4934 6638
4933 6638
4932 6637
4932 6636
4931 6636
4930 6635
4930 6634
4929 6634
4928 6633
4927 6632
4926 6631
4925 6630
4924 6630
4923 6629
4922 6628
4921 6628
4920 6627
4920 6626
4919 6625
4918 6624
4918 6623
4917 6622
4917 6621
4917 6620
4917 6619
4916 6618
4916 6617
4915 6616
4914 6616
4913 6615
4912 6615
4911 6614
4910 6614
4909 6613
4908 6613
4907 6612
4906 6611
4905 6610
4904 6610
4903 6609
4902 6608
4901 6608
4900 6607
4900 6606
4899 6606
4898 6605
4898 6604
4897 6604
4896 6603
4896 6602
4895 6602
4894 6601
4894 6600
4893 6600
4892 6599
4892 6598
4891 6598
4890 6597
4890 6596
4889 6595
4888 6594
4888 6593
4887 6592
4886 6591
4885 6590
4884 6589
4884 6588
4883 6588
4882 6587
4882 6586
4881 6586
4880 6585
4880 6584
4879 6584
4878 6583
4878 6582
4877 6582
4876 6581
4876 6580
4875 6580
4874 6579
4874 6578
4873 6578
4872 6577
4872 6576
4871 6576
4870 6575
4870 6574
4869 6574
4868 6573
4868 6572
4867 6572
4866 6571
4866 6570
4865 6570
4864 6569
4864 6568
4863 6568
4862 6567
4862 6566
4861 6566
4860 6565
4860 6564
4859 6564
4858 6563
4858 6562
4857 6562
4856 6561
4856 6560
4855 6560
4854 6559
4854 6558
4853 6558
4852 6557
4851 6556
4850 6555
4849 6554
4848 6554
4847 6553
4846 6552
4845 6551
4844 6550
4844 6549
4843 6548
4842 6547
4842 6546
4842 6545
4841 6544
4840 6543
4839 6542
4839 6541
4838 6540
4838 6539
4837 6538
4836 6537
4835 6536
4834 6535
4833 6534
4832 6534
4831 6533
4830 6533
4829 6532
4828 6531
4827 6530
4826 6530
4825 6529
4824 6528
4823 6528
4822 6527
4822 6526
4821 6526
4820 6525
4820 6524
4819 6524
4818 6523
4818 6522
4817 6522
4816 6521
4816 6520
4815 6520
4814 6519
4814 6518
4813 6518
4812 6517
4811 6516
4810 6516
4809 6515
4808 6515
4807 6515
4806 6515
4805 6515
4804 6515
4803 6515
4802 6515
4801 6515
4800 6515
4799 6514
4798 6514
4797 6513
4796 6512
4795 6512
4794 6511
4794 6510
4793 6510
4792 6509
4792 6508
4791 6508
4790 6507
4789 6506
4788 6506
4787 6505
4786 6505
4785 6505
4784 6505
4783 6504
4782 6504
4781 6504
4780 6503
4779 6502
4778 6502
4777 6502
4776 6501
4775 6500
4774 6500
4773 6500
4772 6499
4771 6498
4770 6498
4769 6498
4768 6498
4767 6497
4766 6497
4765 6497
4764 6497
4763 6497
4762 6497
4761 6497
4760 6497
4759 6497
4758 6497
4757 6496
4756 6496
4755 6496
4754 6496
4753 6495
4752 6495
4751 6494
4750 6494
4749 6494
4748 6494
4747 6493
4746 6493
4745 6493
4744 6493
4743 6493
4742 6493
4741 6492
4740 6492
4739 6492
4738 6492
4737 6491
4736 6491
4735 6491
4734 6491
4733 6491
4732 6491
4731 6491
4730 6491
4729 6492
4728 6492
4727 6492
4726 6492
4725 6493
4724 6493
4723 6493
4722 6493
4721 6493
4720 6493
4719 6493
4718 6493
4717 6493
4716 6493
4715 6493
4714 6493
4713 6493
4712 6493
4711 6493
4710 6493
4709 6494
4708 6494
4707 6494
4706 6494
4705 6495
4704 6495
4703 6495
4702 6495
4701 6495
4700 6495
4699 6495
4698 6495
4697 6495
4696 6495
4695 6495
4694 6495
4693 6495
4692 6495
4691 6496
4690 6496
4689 6496
4688 6496
4687 6497
4686 6497
4685 6498
4684 6498
4683 6499
4682 6499
4681 6500
4680 6500
4679 6501
4678 6501
4677 6501
4676 6501
4675 6501
4674 6501
4673 6501
4672 6501
4671 6501
4670 6501
4669 6501
4668 6501
4667 6502
4666 6502
4665 6502
4664 6502
4663 6503
4662 6503
4661 6504
4660 6504
4659 6504
4658 6504
4657 6505
4656 6505
4655 6505
4654 6505
4653 6505
4652 6505
4651 6505
4650 6505
4649 6505
4648 6505
4647 6505
4646 6505
4645 6505
4644 6505
4643 6505
4642 6505
4641 6504
4640 6504
4639 6504
4638 6504
4637 6503
4636 6503
4635 6503
4634 6503
4633 6502
4632 6502
4631 6501
4630 6501
4629 6500
4628 6500
4627 6499
4626 6499
4625 6499
4624 6499
4623 6500
4622 6500
4621 6500
4620 6500
4619 6501
4618 6501
4617 6501
4616 6501
4615 6501
4614 6501
4613 6501
4612 6501
4611 6501
4610 6501
4609 6501
4608 6501
4607 6501
4606 6501
4605 6501
4604 6501
4603 6500
4602 6500
4601 6500
4600 6500
4599 6499
4598 6499
4597 6499
4596 6499
4595 6499
4594 6499
4593 6499
4592 6499
4591 6499
4590 6499
4589 6500
4588 6500
4587 6500
4586 6500
4585 6501
4584 6501
4583 6501
4582 6501
4581 6501
4580 6501
4579 6501
4578 6501
4577 6501
4576 6501
4575 6501
4574 6501
4573 6501
4572 6501
4571 6500
4570 6500
4569 6500
4568 6499
4567 6498
4566 6498
4565 6497
4564 6496
4563 6496
4562 6495
4561 6494
4560 6493
4559 6492
4558 6492
4557 6491
4556 6490
4555 6490
4554 6489
4554 6488
4553 6488
4552 6487
4552 6486
4551 6486
4550 6485
4550 6484
4549 6484
4548 6483
4547 6482
4546 6481
4545 6480
4544 6480
4543 6480
4542 6479
4541 6478
4540 6478
4539 6478
4538 6477
4537 6476
4536 6476
4535 6476
4534 6475
4533 6474
4532 6474
4531 6474
4530 6474
4529 6473
4528 6473
4527 6472
4526 6472
4525 6471
4524 6470
4523 6470
4522 6469
4522 6468
4521 6468
4520 6467
4520 6466
4519 6465
4518 6464
4518 6463
4517 6462
4516 6461
4515 6460
4514 6459
4513 6458
4512 6457
4511 6456
4510 6456
4509 6456
4508 6456
4507 6455
4506 6455
4505 6455
4504 6455
4503 6454
4502 6454
4501 6454
4500 6454
4499 6453
4498 6453
4497 6452
4496 6452
4495 6452
4494 6452
4493 6451
4492 6451
4491 6450
4490 6450
4489 6450
4488 6450
4487 6449
4486 6449
4485 6449
4484 6449
4483 6448
4482 6448
4481 6448
4480 6448
4479 6447
4478 6447
4477 6446
4476 6446
4475 6446
4474 6446
4473 6445
4472 6445
4471 6444
4470 6444
4469 6443
4468 6443
4467 6442
4466 6442
4465 6441
4464 6441
4463 6441
4462 6441
4461 6441
4460 6441
4459 6441
4458 6441
4457 6441
4456 6441
4455 6440
4454 6440
4453 6439
4452 6438
4451 6438
4450 6437
4449 6436
4448 6436
4447 6435
4446 6435
4445 6434
4444 6434
4443 6434
4442 6434
4441 6433
4440 6433
4439 6433
4438 6433
4437 6433
4436 6433
4435 6432
4434 6432
4433 6432
4432 6431
4431 6430
4430 6430
4429 6430
4428 6430
4427 6429
4426 6429
4425 6428
4424 6428
4423 6427
4422 6427
4421 6426
4420 6426
4419 6425
4418 6425
4417 6425
4416 6425
4415 6425
4414 6425
4413 6425
4412 6425
4411 6424
4410 6424
4409 6424
4408 6423
4407 6422
4406 6422
4405 6421
4404 6421
4403 6420
4402 6419
4401 6418
4400 6418
4399 6418
4398 6418
4397 6417
4396 6417
4395 6417
4394 6417
4393 6417
4392 6417
4391 6417
4390 6417
4389 6417
4388 6417
4387 6417
4386 6417
4385 6417
4384 6417
4383 6417
4382 6417
4381 6417
4380 6417
4379 6416
4378 6416
4377 6416
4376 6416
4375 6415
4374 6415
4373 6415
4372 6415
4371 6415
4370 6415
4369 6415
4368 6415
4367 6415
4366 6415
4365 6415
4364 6415
4363 6415
4362 6415
4361 6416
4360 6416
4359 6416
4358 6416
4357 6417
4356 6417
4355 6418
4354 6418
4353 6418
4352 6418
4351 6419
4350 6419
4349 6419
4348 6419
4347 6419
4346 6419
4345 6420
4344 6420
4343 6420
4342 6420
4341 6421
4340 6421
4339 6421
4338 6421
4337 6421
4336 6421
4335 6422
4334 6422
4333 6422
4332 6422
4331 6423
4330 6423
4329 6424
4328 6424
4327 6424
4326 6424
4325 6425
4324 6425
4323 6426
4322 6426
4321 6426
4320 6426
4319 6427
4318 6427
4317 6427
4316 6427
4315 6427
4314 6427
4313 6427
4312 6427
4311 6427
4310 6427
4309 6427
4308 6427
4307 6427
4306 6427
4305 6427
4304 6427
4303 6427
4302 6427
4301 6427
4300 6427
4299 6427
4298 6427
4297 6427
4296 6427
4295 6428
4294 6428
4293 6428
4292 6428
4291 6429
4290 6429
4289 6429
4288 6429
4287 6429
4286 6429
4285 6429
4284 6429
4283 6429
4282 6429
4281 6429
4280 6429
4279 6429
4278 6429
4277 6429
4276 6429
4275 6429
4274 6429
4273 6429
4272 6429
4271 6430
4270 6430
4269 6430
4268 6430
4267 6431
4266 6432
4265 6432
4264 6432
4263 6433
4262 6433
4261 6433
4260 6433
4259 6434
4258 6434
4257 6434
4256 6434
4255 6435
4254 6435
4253 6435
4252 6435
4251 6435
4250 6435
4249 6435
4248 6435
4247 6435
4246 6435
4245 6436
4244 6436
4243 6436
4242 6436
4241 6437
4240 6437
4239 6438
4238 6438
4237 6438
4236 6438
4235 6439
4234 6439
4233 6439
4232 6439
4231 6439
4230 6439
4229 6440
4228 6440
4227 6440
4226 6440
4225 6441
4224 6441
4223 6442
4222 6442
4221 6442
4220 6442
4219 6443
4218 6443
4217 6444
4216 6444
4215 6444
4214 6444
4213 6445
4212 6445
4211 6445
4210 6445
4209 6446
4208 6446
4207 6446
4206 6446
4205 6447
4204 6447
4203 6448
4202 6448
4201 6448
4200 6448
4199 6449
4198 6450
4197 6449
4196 6449
4195 6450
4194 6450
4193 6449
4192 6449
4191 6448
4190 6448
4189 6447
4188 6446
4187 6446
4186 6445
4186 6444
4185 6444
4184 6443
4184 6442
4183 6442
4182 6441
4181 6440
4180 6439
4179 6438
4178 6438
4177 6438
4176 6438
4175 6437
4174 6437
4173 6436
4172 6436
4171 6435
4170 6434
4169 6434
4168 6433
4168 6432
4167 6432
4166 6431
4165 6430
4164 6430
4163 6429
4162 6429
4161 6428
4160 6428
4159 6428
4158 6427
4157 6426
4156 6426
4155 6425
4154 6424
4153 6424
4152 6423
4152 6422
4151 6422
4150 6421
4150 6420
4149 6419
4148 6418
4148 6417
4147 6416
4146 6415
4146 6414
4146 6413
4145 6412
4144 6411
4143 6410
4143 6409
4142 6408
4142 6407
4141 6406
4140 6405
4139 6404
4138 6403
4138 6402
4137 6402
4136 6401
4135 6400
4134 6400
4133 6399
4132 6399
4131 6399
4130 6399
4129 6399
4128 6399
4127 6398
4126 6398
4125 6398
4124 6398
4123 6397
4122 6397
4121 6397
4120 6397
4119 6397
4118 6397
4117 6397
4116 6397
4115 6397
4114 6397
4113 6397
4112 6397
4111 6397
4110 6397
4109 6397
4108 6397
4107 6397
4106 6397
4105 6397
4104 6397
4103 6397
4102 6397
4101 6397
4100 6397
4099 6397
4098 6397
4097 6397
4096 6397
4095 6397
4094 6397
4093 6397
4092 6397
4091 6397
4090 6397
4089 6397
4088 6397
4087 6397
4086 6397
4085 6397
4084 6397
4083 6397
4082 6397
4081 6397
4080 6397
4079 6397
4078 6397
