189 1235
188 1236
187 1236
186 1236
185 1236
184 1236
183 1236
182 1237
181 1237
180 1237
179 1237
178 1238
177 1238
176 1238
175 1239
174 1239
173 1240
172 1240
171 1240
170 1240
169 1240
168 1240
167 1241
166 1241
165 1241
164 1241
163 1241
162 1241
161 1241
160 1241
159 1241
158 1241
157 1241
156 1241
155 1240
154 1240
153 1240
152 1240
151 1240
150 1239
149 1239
148 1239
147 1239
146 1239
145 1240
144 1241
143 1242
142 1243
142 1244
141 1245
141 1246
141 1247
141 1248
142 1249
142 1250
142 1251
143 1252
143 1253
143 1254
143 1255
144 1256
144 1257
144 1258
145 1259
146 1260
146 1261
147 1262
148 1263
149 1263
150 1264
151 1265
152 1265
153 1266
154 1267
155 1268
156 1268
157 1268
158 1269
159 1269
160 1269
161 1269
162 1270
163 1270
164 1270
165 1270
166 1271
167 1272
168 1272
169 1273
170 1273
171 1274
171 1275
172 1276
173 1277
173 1278
174 1279
175 1280
176 1281
177 1282
178 1283
179 1284
180 1284
181 1285
182 1285
183 1285
184 1286
185 1287
186 1287
187 1288
188 1288
189 1288
190 1288
191 1288
192 1288
193 1288
194 1288
195 1288
196 1289
197 1289
198 1289
199 1290
200 1290
201 1289
202 1289
203 1288
204 1288
205 1288
206 1287
207 1286
208 1285
209 1285
210 1284
211 1284
212 1283
213 1283
214 1283
215 1283
216 1283
217 1283
218 1282
219 1282
220 1281
221 1280
222 1280
223 1279
224 1278
225 1277
226 1276
227 1275
228 1275
229 1274
230 1273
231 1272
232 1271
233 1270
234 1269
234 1268
235 1267
235 1266
235 1265
235 1264
235 1263
235 1262
235 1261
235 1260
234 1259
234 1258
234 1257
233 1256
233 1255
233 1254
233 1253
233 1252
233 1251
233 1250
233 1249
232 1248
231 1247
230 1246
229 1246
228 1245
227 1244
226 1244
225 1243
224 1242
223 1241
222 1240
221 1239
220 1239
219 1238
218 1238
217 1238
216 1237
215 1237
214 1237
213 1237
212 1237
211 1237
210 1237
209 1237
208 1236
207 1236
206 1236
205 1236
204 1236
203 1236
202 1236
201 1236
200 1236
199 1236
198 1235
197 1235
196 1235
195 1235
194 1235
193 1235
192 1235
191 1235
190 1235
189 1235
