1046 1762
1045 1763
1044 1763
1043 1763
1042 1763
1041 1763
1040 1763
1039 1763
1038 1763
1037 1763
1036 1763
1035 1763
1034 1763
1033 1763
1032 1764
1031 1765
1030 1766
1029 1766
1028 1767
1027 1767
1026 1768
1025 1769
1024 1770
1024 1771
1023 1772
1022 1772
1021 1773
1020 1773
1019 1773
1018 1773
1017 1774
1016 1775
1015 1776
1014 1777
1013 1778
1012 1779
1012 1780
1011 1781
1010 1782
1009 1783
1008 1784
1007 1785
1006 1786
1005 1786
1004 1787
1003 1787
1002 1788
1001 1789
1000 1790
1000 1791
999 1792
998 1793
997 1794
997 1795
997 1796
997 1797
997 1798
997 1799
997 1800
997 1801
997 1802
997 1803
997 1804
997 1805
997 1806
997 1807
997 1808
997 1809
997 1810
997 1811
998 1812
998 1813
998 1814
998 1815
998 1816
998 1817
998 1818
998 1819
998 1820
998 1821
998 1822
998 1823
998 1824
998 1825
999 1826
999 1827
1000 1828
1001 1829
1002 1830
1003 1831
1004 1832
1005 1833
1006 1833
1007 1833
1008 1833
1009 1833
1010 1833
1011 1833
1012 1834
1013 1834
1014 1834
1015 1834
1016 1833
1017 1833
1018 1832
1019 1832
1020 1832
1021 1831
1022 1831
1023 1832
1024 1832
1025 1832
1026 1833
1027 1833
1028 1833
1029 1833
1030 1833
1031 1833
1032 1833
1033 1833
1034 1833
1035 1833
1036 1833
1037 1833
1038 1833
1039 1833
1040 1833
1041 1833
1042 1833
1043 1834
1044 1835
1045 1835
1046 1835
1047 1835
1048 1835
1049 1835
1050 1835
1051 1835
1052 1834
1053 1834
1054 1833
1055 1833
1056 1833
1057 1833
1058 1833
1059 1833
1060 1833
1061 1833
1062 1833
1063 1833
1064 1834
1065 1834
1066 1834
1067 1835
1068 1835
1069 1835
1070 1835
1071 1835
1072 1835
1073 1835
1074 1835
1075 1834
1076 1834
1077 1834
1078 1833
1079 1833
1080 1833
1081 1832
1082 1832
1083 1832
1084 1831
1085 1831
1086 1831
1087 1830
1088 1830
1089 1830
1090 1829
1091 1828
1092 1828
1093 1827
1094 1827
1095 1827
1096 1826
1097 1826
1098 1825
1099 1825
1100 1824
1101 1824
1102 1824
1103 1824
1104 1823
1105 1823
1106 1822
1107 1822
1108 1822
1109 1822
1110 1822
1111 1822
1112 1821
1113 1821
1114 1821
1115 1820
1116 1820
1117 1820
1118 1820
1119 1820
1120 1819
1121 1818
1122 1817
1123 1816
1123 1815
1124 1814
1124 1813
1125 1812
1126 1811
1127 1810
1127 1809
1127 1808
1128 1807
1128 1806
1128 1805
1128 1804
1128 1803
1128 1802
1128 1801
1128 1800
1128 1799
1128 1798
1127 1797
1127 1796
1127 1795
1127 1794
1127 1793
1127 1792
1126 1791
1125 1790
1124 1789
1123 1788
1122 1787
1121 1787
1120 1787
1119 1786
1118 1786
1117 1786
1116 1785
1115 1785
1114 1785
1113 1784
1112 1783
1111 1782
1110 1782
1109 1781
1108 1780
1107 1780
1106 1779
1105 1778
1104 1777
1103 1776
1102 1775
1101 1774
1101 1773
1100 1772
1100 1771
1100 1770
1099 1769
1099 1768
1098 1767
1097 1766
1096 1765
1095 1765
1094 1764
1093 1764
1092 1764
1091 1764
1090 1763
1089 1763
1088 1763
1087 1763
1086 1763
1085 1763
1084 1762
1083 1762
1082 1762
1081 1762
1080 1762
1079 1762
1078 1762
1077 1762
1076 1762
1075 1762
1074 1762
1073 1762
1072 1762
1071 1762
1070 1762
1069 1762
1068 1762
1067 1762
1066 1762
1065 1762
1064 1762
1063 1762
1062 1762
1061 1762
1060 1762
1059 1762
1058 1762
1057 1762
1056 1762
1055 1762
1054 1762
1053 1762
1052 1762
1051 1762
1050 1762
1049 1762
1048 1762
1047 1762
1046 1762
