1194 1004
1193 1005
1192 1005
1191 1005
1190 1005
1189 1005
1188 1005
1187 1006
1186 1006
1185 1006
1184 1007
1183 1007
1182 1007
1181 1007
1180 1007
1179 1007
1178 1007
1177 1007
1176 1007
1175 1007
1174 1007
1173 1007
1172 1007
1171 1008
1170 1008
1169 1008
1168 1008
1167 1008
1166 1008
1165 1008
1164 1008
1163 1008
1162 1008
1161 1008
1160 1008
1159 1008
1158 1008
1157 1008
1156 1008
1155 1008
1154 1008
1153 1008
1152 1008
1151 1009
1150 1009
1149 1009
1148 1009
1147 1010
1146 1010
1145 1010
1144 1011
1143 1011
1142 1012
1141 1012
1140 1012
1139 1012
1138 1012
1137 1012
1136 1012
1135 1012
1134 1013
1133 1014
1132 1014
1131 1014
1130 1014
1129 1015
1128 1016
1127 1016
1126 1016
1125 1017
1124 1017
1123 1018
1123 1019
1122 1020
1122 1021
1123 1022
1124 1022
1125 1023
1126 1023
1127 1023
1128 1023
1129 1024
1130 1024
1131 1024
1132 1025
1133 1025
1134 1025
1135 1026
1136 1026
1137 1026
1138 1027
1139 1027
1140 1028
1141 1029
1142 1029
1143 1029
1144 1029
1145 1029
1146 1030
1147 1030
1148 1030
1149 1030
1150 1030
1151 1030
1152 1031
1153 1031
1154 1031
1155 1031
1156 1032
1157 1032
1158 1032
1159 1032
1160 1032
1161 1032
1162 1032
1163 1032
1164 1032
1165 1032
1166 1033
1167 1033
1168 1033
1169 1033
1170 1033
1171 1033
1172 1032
1173 1032
1174 1032
1175 1032
1176 1032
1177 1032
1178 1032
1179 1032
1180 1032
1181 1032
1182 1032
1183 1032
1184 1032
1185 1032
1186 1032
1187 1032
1188 1031
1189 1031
1190 1031
1191 1030
1192 1030
1193 1030
1194 1030
1195 1030
1196 1030
1197 1030
1198 1030
1199 1030
1200 1031
1201 1031
1202 1032
1203 1033
1203 1034
1204 1035
1205 1036
1206 1037
1207 1038
1208 1039
1209 1039
1210 1039
1211 1039
1212 1039
1213 1039
1214 1039
1215 1039
1216 1039
1217 1039
1218 1039
1219 1039
1220 1039
1221 1038
1222 1038
1223 1038
1224 1037
1225 1037
1226 1036
1227 1036
1228 1036
1229 1035
1230 1035
1231 1034
1232 1034
1233 1033
1234 1033
1235 1032
1236 1031
1237 1030
1238 1030
1239 1029
1240 1028
1241 1028
1242 1028
1243 1028
1244 1028
1245 1028
1246 1028
1247 1029
1248 1029
1249 1029
1250 1028
1251 1027
1252 1027
1253 1026
1253 1025
1254 1024
1254 1023
1254 1022
1254 1021
1254 1020
1254 1019
1254 1018
1255 1017
1255 1016
1255 1015
1255 1014
1255 1013
1254 1012
1254 1011
1253 1010
1252 1010
1251 1010
1250 1009
1249 1009
1248 1009
1247 1009
1246 1009
1245 1009
1244 1008
1243 1008
1242 1008
1241 1008
1240 1008
1239 1007
1238 1007
1237 1007
1236 1007
1235 1007
1234 1007
1233 1007
1232 1007
1231 1007
1230 1006
1229 1006
1228 1006
1227 1005
1226 1005
1225 1005
1224 1005
1223 1005
1222 1005
1221 1005
1220 1005
1219 1004
1218 1004
1217 1004
1216 1004
1215 1004
1214 1004
1213 1004
1212 1004
1211 1004
1210 1004
1209 1004
1208 1004
1207 1004
1206 1004
1205 1004
1204 1004
1203 1004
1202 1004
1201 1004
1200 1004
1199 1004
1198 1004
1197 1004
1196 1004
1195 1004
1194 1004
