1684 1891
1683 1892
1682 1892
1681 1893
1680 1893
1679 1893
1678 1893
1677 1893
1676 1894
1675 1894
1674 1894
1673 1894
1672 1895
1671 1895
1670 1895
1669 1896
1668 1896
1667 1897
1666 1897
1665 1898
1664 1898
1663 1899
1662 1899
1661 1899
1660 1899
1659 1899
1658 1899
1657 1899
1656 1899
1655 1899
1654 1899
1653 1900
1652 1900
1651 1900
1650 1901
1649 1901
1648 1901
1647 1901
1646 1902
1645 1902
1644 1902
1643 1902
1642 1902
1641 1902
1640 1902
1639 1902
1638 1902
1637 1902
1636 1902
1635 1902
1634 1902
1633 1902
1632 1902
1631 1902
1630 1902
1629 1902
1628 1902
1627 1902
1626 1902
1625 1902
1624 1902
1623 1902
1622 1902
1621 1902
1620 1902
1619 1902
1618 1902
1617 1902
1616 1902
1615 1902
1614 1902
1613 1902
1612 1901
1611 1901
1610 1901
1609 1901
1608 1901
1607 1901
1606 1901
1605 1901
1604 1901
1603 1901
1602 1901
1601 1900
1600 1900
1599 1900
1598 1899
1597 1899
1596 1899
1595 1899
1594 1899
1593 1899
1592 1898
1591 1898
1590 1898
1589 1898
1588 1898
1587 1898
1586 1898
1585 1898
1584 1898
1583 1897
1582 1897
1581 1897
1580 1897
1579 1896
1578 1896
1577 1896
1576 1896
1575 1896
1574 1896
1573 1896
1572 1896
1571 1895
1570 1895
1569 1895
1568 1894
1567 1894
1566 1894
1565 1894
1564 1894
1563 1894
1562 1894
1561 1894
1560 1894
1559 1894
1558 1894
1557 1894
1556 1894
1555 1894
1554 1893
1553 1893
1552 1893
1551 1892
1550 1892
1549 1892
1548 1892
1547 1892
1546 1892
1545 1892
1544 1893
1543 1893
1542 1894
1541 1895
1540 1896
1540 1897
1540 1898
1539 1899
1539 1900
1539 1901
1538 1902
1538 1903
1538 1904
1537 1905
1537 1906
1537 1907
1537 1908
1537 1909
1537 1910
1537 1911
1537 1912
1537 1913
1537 1914
1537 1915
1538 1916
1539 1916
1540 1916
1541 1917
1542 1918
1543 1918
1544 1919
1545 1919
1546 1920
1547 1920
1548 1921
1549 1921
1550 1922
1551 1923
1552 1924
1552 1925
1553 1926
1554 1927
1555 1928
1556 1929
1557 1930
1558 1931
1559 1932
1559 1933
1560 1934
1560 1935
1561 1936
1562 1937
1562 1938
1563 1939
1564 1939
1565 1940
1566 1940
1567 1941
1568 1942
1569 1942
1570 1943
1571 1944
1572 1945
1573 1945
1574 1946
1575 1946
1576 1947
1577 1948
1577 1949
1578 1950
1578 1951
1578 1952
1579 1953
1579 1954
1580 1955
1581 1956
1582 1957
1583 1958
1583 1959
1584 1960
1585 1961
1586 1962
1587 1962
1588 1963
1589 1964
1590 1964
1591 1965
1592 1965
1593 1966
1594 1966
1595 1967
1596 1967
1597 1967
1598 1968
1599 1969
1600 1969
1601 1970
1602 1970
1603 1971
1604 1971
1605 1971
1606 1972
1607 1972
1608 1972
1609 1972
1610 1972
1611 1972
1612 1972
1613 1973
1614 1973
1615 1973
1616 1973
1617 1973
1618 1973
1619 1973
1620 1973
1621 1973
1622 1973
1623 1973
1624 1973
1625 1973
1626 1973
1627 1974
1628 1974
1629 1974
1630 1974
1631 1975
1632 1975
1633 1975
1634 1976
1635 1976
1636 1976
1637 1977
1638 1977
1639 1978
1640 1979
1641 1979
1642 1980
1643 1981
1644 1981
1645 1982
1646 1983
1647 1983
1648 1983
1649 1983
1650 1983
1651 1983
1652 1983
1653 1983
1654 1983
1655 1983
1656 1983
1657 1983
1658 1983
1659 1983
1660 1983
1661 1983
1662 1983
1663 1983
1664 1983
1665 1983
1666 1982
1667 1982
1668 1982
1669 1982
1670 1982
1671 1982
1672 1982
1673 1982
1674 1982
1675 1982
1676 1982
1677 1982
1678 1982
1679 1982
1680 1982
1681 1982
1682 1982
1683 1981
1684 1981
1685 1981
1686 1980
1687 1979
1688 1979
1689 1978
1690 1977
1691 1976
1692 1975
1693 1974
1694 1973
1695 1972
1696 1971
1697 1970
1698 1969
1699 1968
1700 1967
1701 1966
1702 1966
1703 1965
1704 1964
1705 1963
1706 1962
1707 1961
1708 1960
1709 1959
1710 1958
1711 1957
1712 1956
1713 1955
1714 1954
1715 1953
1716 1952
1717 1951
1718 1950
1719 1949
1720 1948
1721 1947
1722 1946
1723 1945
1724 1944
1724 1943
1725 1942
1726 1941
1726 1940
1727 1939
1727 1938
1727 1937
1727 1936
1727 1935
1727 1934
1727 1933
1727 1932
1727 1931
1727 1930
1726 1929
1726 1928
1726 1927
1726 1926
1726 1925
1726 1924
1726 1923
1726 1922
1726 1921
1725 1920
1725 1919
1724 1918
1724 1917
1723 1916
1722 1915
1722 1914
1721 1913
1720 1913
1719 1912
1718 1911
1717 1910
1716 1909
1715 1908
1715 1907
1714 1906
1713 1905
1712 1905
1711 1904
1710 1904
1709 1904
1708 1903
1707 1903
1706 1902
1705 1902
1704 1902
1703 1902
1702 1902
1701 1901
1700 1900
1699 1899
1699 1898
1698 1897
1698 1896
1697 1895
1696 1894
1695 1893
1694 1892
1693 1891
1692 1891
1691 1891
1690 1891
1689 1891
1688 1891
1687 1891
1686 1891
1685 1891
1684 1891
