1099 383
1098 384
1097 384
1096 384
1095 384
1094 384
1093 384
1092 385
1091 385
1090 385
1089 385
1088 385
1087 385
1086 385
1085 385
1084 385
1083 385
1082 386
1081 386
1080 386
1079 387
1078 387
1077 387
1076 387
1075 387
1074 386
1073 387
1072 387
1071 387
1070 388
1069 388
1068 388
1067 389
1066 390
1065 391
1064 392
1063 393
1062 394
1061 395
1060 395
1059 395
1058 396
1057 397
1057 398
1057 399
1057 400
1057 401
1057 402
1057 403
1057 404
1057 405
1057 406
1057 407
1057 408
1058 409
1058 410
1059 411
1059 412
1060 413
1060 414
1061 415
1062 416
1063 417
1064 418
1065 419
1066 420
1067 421
1068 421
1069 422
1070 421
1071 421
1072 421
1073 421
1074 422
1075 422
1076 422
1077 423
1078 423
1079 423
1080 424
1081 424
1082 424
1083 424
1084 424
1085 423
1086 423
1087 422
1088 422
1089 422
1090 421
1091 421
1092 421
1093 421
1094 421
1095 421
1096 421
1097 421
1098 421
1099 421
1100 421
1101 422
1102 422
1103 422
1104 423
1105 423
1106 423
1107 423
1108 423
1109 424
1110 424
1111 425
1112 426
1113 426
1114 427
1115 428
1116 428
1117 429
1118 429
1119 430
1120 431
1121 431
1122 431
1123 431
1124 431
1125 431
1126 432
1127 432
1128 432
1129 433
1130 433
1131 433
1132 433
1133 433
1134 433
1135 433
1136 432
1137 432
1138 432
1139 431
1140 430
1141 430
1142 430
1143 430
1144 431
1145 431
1146 431
1147 432
1148 432
1149 432
1150 433
1151 433
1152 433
1153 433
1154 433
1155 433
1156 432
1157 432
1158 432
1159 431
1160 431
1161 431
1162 431
1163 431
1164 431
1165 430
1166 430
1167 430
1168 430
1169 429
1170 429
1171 429
1172 429
1173 429
1174 428
1175 428
1176 428
1177 428
1178 428
1179 428
1180 428
1181 428
1182 428
1183 428
1184 428
1185 428
1186 428
1187 428
1188 428
1189 428
1190 428
1191 428
1192 427
1193 427
1194 426
1195 426
1196 425
1197 425
1198 424
1199 424
1199 423
1200 422
1200 421
1200 420
1200 419
1200 418
1200 417
1200 416
1200 415
1200 414
1200 413
1199 412
1198 411
1197 410
1196 409
1195 408
1194 407
1193 406
1192 405
1191 404
1190 403
1189 402
1188 402
1187 401
1186 400
1185 399
1184 398
1183 397
1182 396
1181 395
1180 394
1179 393
1178 393
1177 392
1176 392
1175 391
1174 391
1173 391
1172 390
1171 390
1170 390
1169 390
1168 390
1167 390
1166 390
1165 390
1164 390
1163 390
1162 390
1161 390
1160 390
1159 390
1158 391
1157 391
1156 391
1155 391
1154 391
1153 391
1152 391
1151 391
1150 391
1149 391
1148 391
1147 391
1146 391
1145 391
1144 391
1143 391
1142 391
1141 391
1140 391
1139 390
1138 390
1137 390
1136 389
1135 389
1134 388
1133 388
1132 388
1131 388
1130 388
1129 388
1128 387
1127 387
1126 387
1125 386
1124 387
1123 387
1122 387
1121 387
1120 386
1119 386
1118 386
1117 385
1116 385
1115 385
1114 385
1113 385
1112 385
1111 384
1110 384
1109 384
1108 384
1107 384
1106 384
1105 383
1104 383
1103 383
1102 383
1101 383
1100 383
1099 383
