335 1266
334 1267
333 1267
332 1267
331 1267
330 1267
329 1267
328 1267
327 1267
326 1268
325 1268
324 1268
323 1268
322 1268
321 1268
320 1268
319 1269
318 1269
317 1269
316 1270
315 1270
314 1270
313 1270
312 1270
311 1270
310 1270
309 1270
308 1270
307 1270
306 1270
305 1270
304 1270
303 1270
302 1270
301 1269
300 1269
299 1269
298 1268
297 1268
296 1268
295 1268
294 1268
293 1268
292 1267
291 1267
290 1267
289 1267
288 1267
287 1267
286 1267
285 1267
284 1267
283 1267
282 1267
281 1267
280 1267
279 1267
278 1267
277 1267
276 1267
275 1267
274 1268
273 1268
272 1269
271 1270
270 1271
269 1272
268 1273
267 1274
266 1275
265 1276
264 1277
264 1278
263 1279
262 1280
261 1281
260 1282
259 1283
258 1283
257 1284
256 1284
255 1284
254 1284
253 1284
252 1284
251 1284
250 1284
249 1284
248 1284
247 1284
246 1284
245 1284
244 1284
243 1284
242 1285
241 1285
240 1286
239 1287
238 1288
237 1289
237 1290
238 1291
239 1292
240 1293
240 1294
241 1295
242 1296
242 1297
243 1298
243 1299
244 1300
244 1301
245 1302
246 1303
247 1304
248 1305
248 1306
249 1307
250 1308
251 1309
252 1310
252 1311
253 1312
254 1313
255 1314
255 1315
256 1316
257 1317
258 1318
259 1319
260 1320
261 1321
262 1322
263 1322
264 1323
265 1323
266 1323
267 1324
268 1324
269 1324
270 1325
271 1325
272 1325
273 1326
274 1326
275 1326
276 1327
277 1327
278 1327
279 1328
280 1329
281 1329
282 1329
283 1330
284 1330
285 1331
286 1331
287 1332
288 1332
289 1332
290 1332
291 1332
292 1332
293 1332
294 1332
295 1332
296 1332
297 1332
298 1332
299 1332
300 1331
301 1331
302 1331
303 1331
304 1331
305 1331
306 1331
307 1331
308 1331
309 1331
310 1331
311 1331
312 1331
313 1331
314 1332
315 1332
316 1332
317 1333
318 1334
319 1334
320 1334
321 1334
322 1334
323 1334
324 1334
325 1333
326 1333
327 1333
328 1333
329 1332
330 1332
331 1331
332 1331
333 1330
334 1329
335 1328
336 1328
337 1328
338 1328
339 1327
340 1327
341 1327
342 1327
343 1327
344 1327
345 1326
346 1326
347 1326
348 1326
349 1325
350 1325
351 1325
352 1324
353 1324
354 1323
355 1323
356 1322
357 1322
358 1322
359 1322
360 1322
361 1322
362 1322
363 1321
364 1321
365 1321
366 1321
367 1321
368 1321
369 1320
370 1320
371 1320
372 1319
373 1319
374 1319
375 1318
376 1318
377 1318
378 1318
379 1318
380 1317
381 1316
382 1315
383 1314
383 1313
383 1312
383 1311
383 1310
383 1309
383 1308
383 1307
383 1306
383 1305
383 1304
383 1303
383 1302
382 1301
382 1300
381 1299
381 1298
380 1297
380 1296
380 1295
379 1294
379 1293
378 1292
377 1291
376 1290
375 1289
374 1288
373 1287
373 1286
372 1285
371 1284
371 1283
370 1282
369 1281
369 1280
368 1279
367 1279
366 1278
365 1277
364 1277
363 1276
362 1276
361 1275
360 1275
359 1275
358 1274
357 1273
356 1272
355 1271
354 1270
353 1269
352 1269
351 1268
350 1268
349 1267
348 1267
347 1267
346 1267
345 1266
344 1266
343 1266
342 1266
341 1266
340 1266
339 1266
338 1266
337 1266
336 1266
335 1266
