924 878
923 879
922 879
921 879
920 879
919 879
918 879
917 879
916 879
915 879
914 879
913 879
912 879
911 880
910 880
909 880
908 880
907 880
906 880
905 881
904 881
903 881
902 881
901 882
900 882
899 882
898 883
897 883
896 883
895 883
894 883
893 883
892 884
891 884
890 884
889 884
888 885
887 885
886 885
885 886
884 886
883 886
882 887
881 887
880 887
879 888
878 888
877 888
876 889
875 889
874 889
873 890
872 891
871 891
870 891
869 892
868 892
867 893
866 893
865 894
864 894
863 895
862 896
861 897
860 898
859 898
858 899
857 900
856 901
855 902
854 903
853 904
852 905
851 906
850 907
849 908
849 909
849 910
850 911
850 912
851 913
851 914
852 915
853 916
854 917
855 918
856 919
857 920
858 921
859 922
860 923
861 924
862 925
863 926
864 927
865 927
866 928
867 929
868 930
869 931
870 932
871 933
872 934
873 935
874 936
875 937
876 938
877 939
878 940
879 941
880 942
881 942
882 943
883 943
884 944
885 945
886 946
887 946
888 947
889 948
890 948
891 949
892 950
893 951
893 952
894 953
895 954
895 955
896 956
896 957
896 958
896 959
897 960
897 961
898 962
898 963
899 964
899 965
900 965
901 966
902 967
903 967
904 967
905 968
906 968
907 968
908 969
909 969
910 969
911 970
912 970
913 970
914 970
915 970
916 970
917 970
918 970
919 970
920 970
921 970
922 970
923 970
924 970
925 970
926 971
927 971
928 971
929 971
930 971
931 971
932 971
933 971
934 970
935 969
935 968
935 967
935 966
936 965
937 964
938 964
939 963
940 963
941 963
942 962
943 962
944 962
945 961
946 961
947 961
948 960
949 960
950 960
951 960
952 960
953 959
954 959
955 959
956 959
957 959
958 959
959 959
960 959
961 959
962 959
963 959
964 959
965 958
966 958
967 958
968 957
969 957
970 957
971 957
972 957
973 957
974 957
975 957
976 957
977 957
978 957
979 957
980 957
981 957
982 957
983 957
984 957
985 957
986 956
987 956
988 956
989 955
990 955
991 955
992 954
993 954
994 953
995 953
996 953
997 952
998 951
999 951
1000 950
1001 949
1002 948
1003 948
1004 947
1005 947
1006 947
1007 947
1008 946
1009 945
1010 945
1011 945
1012 944
1013 944
1014 943
1015 942
1016 941
1017 940
1018 939
1019 939
1020 938
1021 938
1022 937
1023 936
1024 935
1025 934
1026 933
1027 932
1028 931
1029 930
1030 929
1031 928
1031 927
1032 926
1032 925
1032 924
1032 923
1032 922
1032 921
1032 920
1032 919
1031 918
1031 917
1031 916
1030 915
1030 914
1030 913
1029 912
1029 911
1028 910
1028 909
1028 908
1028 907
1028 906
1027 905
1027 904
1027 903
1026 902
1025 901
1025 900
1024 899
1024 898
1023 897
1022 896
1022 895
1021 894
1020 893
1019 892
1018 891
1017 891
1016 890
1015 890
1014 890
1013 890
1012 890
1011 890
1010 890
1009 890
1008 890
1007 890
1006 889
1005 888
1004 888
1003 887
1002 887
1001 886
1000 886
999 886
998 885
997 885
996 884
995 884
994 884
993 884
992 884
991 883
990 883
989 883
988 883
987 883
986 883
985 883
984 883
983 883
982 883
981 883
980 883
979 883
978 883
977 883
976 883
975 883
974 883
973 883
972 883
971 883
970 883
969 882
968 882
967 882
966 881
965 881
964 881
963 881
962 881
961 881
960 881
959 880
958 880
957 880
956 880
955 880
954 879
953 879
952 879
951 879
950 878
949 878
948 878
947 878
946 878
945 878
944 878
943 878
942 878
941 878
940 878
939 878
938 878
937 878
936 878
935 878
934 878
933 878
932 878
931 878
930 878
929 878
928 878
927 878
926 878
925 878
924 878
