404 1533
403 1534
402 1534
401 1535
400 1536
399 1536
398 1537
397 1537
396 1538
395 1538
394 1538
393 1539
392 1539
391 1539
390 1539
389 1539
388 1540
387 1541
386 1541
385 1542
384 1543
383 1544
382 1545
381 1546
380 1547
379 1548
378 1548
377 1549
376 1549
375 1550
374 1550
373 1550
372 1550
371 1550
370 1551
369 1552
368 1553
367 1554
366 1555
365 1556
365 1557
364 1558
364 1559
364 1560
363 1561
363 1562
363 1563
363 1564
362 1565
362 1566
362 1567
362 1568
362 1569
362 1570
362 1571
362 1572
362 1573
362 1574
363 1575
363 1576
363 1577
363 1578
363 1579
363 1580
363 1581
363 1582
363 1583
364 1584
364 1585
364 1586
364 1587
365 1588
365 1589
365 1590
366 1591
366 1592
367 1593
367 1594
368 1595
368 1596
369 1597
369 1598
370 1599
371 1600
372 1601
373 1602
374 1603
375 1604
376 1604
377 1605
378 1605
379 1605
380 1605
381 1606
382 1606
383 1606
384 1606
385 1607
386 1607
387 1607
388 1607
389 1607
390 1607
391 1608
392 1608
393 1608
394 1608
395 1609
396 1609
397 1609
398 1610
399 1610
400 1610
401 1610
402 1610
403 1610
404 1610
405 1610
406 1610
407 1610
408 1610
409 1610
410 1609
411 1609
412 1609
413 1608
414 1608
415 1608
416 1607
417 1606
418 1606
419 1606
420 1606
421 1605
422 1604
423 1604
424 1604
425 1603
426 1603
427 1603
428 1603
429 1603
430 1603
431 1603
432 1603
433 1603
434 1603
435 1603
436 1603
437 1603
438 1603
439 1603
440 1603
441 1603
442 1603
443 1603
444 1603
445 1603
446 1603
447 1603
448 1603
449 1602
450 1602
451 1602
452 1602
453 1602
454 1602
455 1602
456 1601
457 1601
458 1601
459 1601
460 1601
461 1601
462 1601
463 1601
464 1601
465 1601
466 1601
467 1601
468 1601
469 1601
470 1601
471 1601
472 1600
473 1599
474 1599
475 1598
476 1597
477 1596
478 1595
479 1594
480 1593
481 1592
481 1591
481 1590
482 1589
482 1588
482 1587
482 1586
482 1585
482 1584
483 1583
483 1582
483 1581
484 1580
484 1579
484 1578
483 1577
483 1576
483 1575
482 1574
482 1573
482 1572
481 1571
480 1570
479 1569
478 1568
477 1567
477 1566
476 1565
475 1564
474 1563
473 1562
472 1561
471 1560
470 1559
469 1558
468 1558
467 1557
466 1557
465 1557
464 1556
463 1556
462 1556
461 1555
460 1554
459 1554
458 1553
457 1553
456 1552
455 1552
454 1552
453 1552
452 1552
451 1552
450 1552
449 1551
448 1550
447 1549
446 1548
445 1548
444 1547
443 1546
442 1546
441 1545
441 1544
440 1544
439 1543
438 1543
437 1542
436 1542
435 1542
434 1542
433 1542
432 1542
431 1542
430 1542
429 1541
428 1540
427 1539
426 1538
425 1538
424 1537
423 1537
422 1537
421 1536
420 1535
419 1534
418 1534
417 1534
416 1534
415 1534
414 1534
413 1534
412 1534
411 1534
410 1533
409 1533
408 1533
407 1533
406 1533
405 1533
404 1533
