279 211
278 212
277 212
276 212
275 212
274 212
273 212
272 212
271 212
270 212
269 212
268 212
267 212
266 212
265 212
264 212
263 212
262 212
261 212
260 212
259 212
258 212
257 212
256 212
255 212
254 212
253 212
252 212
251 212
250 212
249 212
248 212
247 212
246 212
245 212
244 212
243 213
242 214
242 215
241 216
240 217
239 218
238 219
237 220
236 221
236 222
236 223
236 224
236 225
237 226
237 227
237 228
238 229
238 230
237 231
237 232
236 233
236 234
235 235
234 236
233 237
232 238
231 239
230 240
229 241
228 242
227 243
227 244
226 245
226 246
226 247
225 248
225 249
225 250
224 251
224 252
224 253
224 254
224 255
224 256
224 257
224 258
224 259
223 260
222 261
222 262
222 263
221 264
221 265
220 266
220 267
220 268
219 269
219 270
219 271
219 272
219 273
219 274
219 275
219 276
219 277
218 278
217 279
217 280
216 281
215 282
215 283
215 284
214 285
214 286
214 287
214 288
213 289
213 290
213 291
213 292
213 293
213 294
212 295
212 296
212 297
212 298
212 299
212 300
212 301
212 302
212 303
212 304
212 305
211 306
211 307
211 308
211 309
211 310
211 311
210 312
210 313
210 314
209 315
209 316
209 317
209 318
209 319
209 320
209 321
208 322
208 323
208 324
207 325
207 326
207 327
206 328
206 329
206 330
206 331
205 332
205 333
204 334
203 335
202 336
202 337
201 338
201 339
201 340
201 341
200 342
200 343
200 344
199 345
199 346
199 347
199 348
199 349
199 350
199 351
198 352
198 353
198 354
198 355
198 356
198 357
198 358
198 359
198 360
198 361
198 362
198 363
198 364
198 365
199 366
200 367
201 367
202 367
203 367
204 367
205 367
206 367
207 367
208 367
209 366
210 366
211 366
212 365
213 365
214 365
215 364
216 364
217 364
218 363
219 363
220 363
221 362
222 362
223 362
224 361
225 361
226 361
227 361
228 360
229 360
230 360
231 359
232 359
233 358
234 358
235 357
236 357
237 357
238 357
239 357
240 357
241 356
242 355
243 355
244 354
245 354
246 353
247 352
248 351
249 350
250 349
251 348
252 348
253 347
254 347
255 346
255 345
255 344
256 343
256 342
257 341
257 340
258 339
259 338
259 337
260 336
261 335
262 334
263 333
264 332
265 331
266 330
267 329
268 329
269 329
270 329
271 329
272 329
273 330
274 331
275 332
276 333
277 333
278 333
279 334
280 334
281 334
282 335
283 335
284 335
285 335
286 335
287 335
288 334
289 333
290 332
291 331
292 330
293 329
294 328
295 327
295 326
296 325
297 324
298 324
299 324
300 324
301 324
302 324
303 324
304 324
305 324
306 324
307 324
308 324
309 324
310 324
311 324
312 324
313 323
314 323
315 323
316 322
317 322
318 322
319 322
320 322
321 322
322 322
323 322
324 322
325 322
326 322
327 322
328 322
329 322
330 321
331 320
332 320
333 319
334 319
335 319
336 318
337 318
338 317
339 317
340 316
341 316
342 315
343 314
344 314
345 313
346 312
347 311
348 310
349 309
350 308
351 307
352 306
352 305
353 304
353 303
353 302
353 301
354 300
354 299
355 298
356 297
356 296
357 295
358 294
358 293
358 292
359 291
360 290
360 289
361 288
361 287
362 286
363 285
363 284
364 283
364 282
364 281
365 280
365 279
365 278
364 277
364 276
364 275
363 274
363 273
363 272
362 271
362 270
362 269
362 268
362 267
362 266
362 265
362 264
362 263
362 262
362 261
362 260
362 259
362 258
361 257
360 256
359 255
359 254
358 253
358 252
358 251
358 250
358 249
357 248
356 247
356 246
355 245
354 244
354 243
353 242
352 242
351 241
350 240
349 239
348 238
348 237
347 236
346 236
345 235
344 234
343 233
342 232
341 232
340 231
339 231
338 231
337 230
336 230
335 230
334 229
333 229
332 229
331 229
330 229
329 228
328 227
327 226
326 226
325 225
324 225
323 224
322 224
321 224
320 224
319 224
318 223
317 223
316 223
315 222
314 222
313 222
312 222
311 222
310 222
309 222
308 222
307 222
306 222
305 222
304 221
303 221
302 220
302 219
301 218
301 217
300 216
299 216
298 215
297 215
296 215
295 214
294 214
293 213
292 212
291 212
290 211
289 211
288 211
287 211
286 211
285 211
284 211
283 211
282 211
281 211
280 211
279 211
