973 1108
972 1109
971 1109
970 1109
969 1109
968 1109
967 1109
966 1109
965 1109
964 1110
963 1110
962 1110
961 1111
960 1111
959 1111
958 1111
958 1112
957 1113
958 1114
959 1115
960 1116
961 1117
962 1118
963 1119
964 1119
965 1120
966 1120
967 1121
968 1122
969 1123
970 1124
970 1125
970 1126
971 1127
972 1127
973 1127
974 1127
975 1127
976 1127
977 1128
978 1128
979 1128
980 1128
981 1128
982 1128
983 1128
984 1129
985 1129
986 1129
987 1130
988 1130
989 1131
990 1131
991 1131
992 1131
993 1131
994 1131
995 1131
996 1132
997 1133
998 1133
999 1133
1000 1133
1001 1133
1002 1133
1003 1133
1004 1133
1005 1132
1006 1132
1007 1132
1008 1132
1009 1132
1010 1132
1011 1132
1012 1132
1013 1132
1014 1132
1015 1132
1016 1132
1017 1132
1018 1132
1019 1132
1020 1132
1021 1132
1022 1132
1023 1132
1024 1132
1025 1132
1026 1132
1027 1131
1028 1130
1029 1129
1030 1128
1031 1128
1032 1127
1033 1126
1034 1126
1035 1125
1036 1124
1037 1123
1038 1122
1039 1121
1039 1120
1040 1119
1040 1118
1040 1117
1040 1116
1039 1115
1038 1114
1037 1113
1036 1112
1035 1111
1034 1110
1033 1109
1032 1108
1031 1108
1030 1108
1029 1108
1028 1108
1027 1108
1026 1108
1025 1108
1024 1108
1023 1108
1022 1108
1021 1108
1020 1108
1019 1108
1018 1108
1017 1108
1016 1108
1015 1108
1014 1109
1013 1109
1012 1109
1011 1109
1010 1109
1009 1109
1008 1109
1007 1109
1006 1109
1005 1109
1004 1108
1003 1108
1002 1108
1001 1108
1000 1108
999 1108
998 1108
997 1108
996 1108
995 1108
994 1108
993 1108
992 1108
991 1108
990 1108
989 1108
988 1108
987 1108
986 1108
985 1108
984 1108
983 1108
982 1108
981 1108
980 1108
979 1108
978 1108
977 1108
976 1108
975 1108
974 1108
973 1108
