783 2000
782 2001
781 2002
780 2002
779 2003
778 2004
777 2005
776 2006
775 2007
774 2008
773 2008
772 2009
771 2010
770 2011
769 2012
768 2012
767 2012
766 2013
765 2014
764 2015
763 2015
762 2016
761 2017
760 2018
759 2018
758 2019
758 2020
757 2021
756 2022
755 2023
754 2023
753 2024
752 2025
751 2025
750 2026
749 2027
748 2027
747 2028
746 2029
746 2030
745 2031
744 2032
744 2033
744 2034
744 2035
744 2036
744 2037
744 2038
744 2039
745 2040
745 2041
746 2041
747 2041
748 2042
749 2042
750 2043
751 2044
752 2044
753 2044
754 2044
755 2044
756 2044
757 2044
758 2045
759 2045
760 2045
761 2046
762 2047
763 2048
764 2049
765 2050
766 2050
767 2051
768 2052
769 2053
770 2053
771 2054
772 2054
773 2054
774 2054
775 2054
776 2055
777 2055
778 2056
779 2056
780 2057
781 2057
782 2057
783 2057
784 2057
785 2057
786 2057
787 2057
788 2057
789 2057
790 2057
791 2057
792 2057
793 2057
794 2057
795 2057
796 2057
797 2057
798 2057
799 2056
800 2056
801 2056
802 2055
803 2054
804 2054
805 2054
806 2054
807 2053
808 2053
809 2052
810 2051
811 2050
812 2049
813 2049
814 2048
815 2047
816 2046
817 2045
818 2044
819 2044
820 2043
821 2042
822 2041
823 2040
824 2039
825 2038
826 2037
827 2036
828 2035
829 2034
829 2033
829 2032
830 2031
830 2030
830 2029
830 2028
830 2027
830 2026
830 2025
829 2024
829 2023
829 2022
828 2021
827 2020
827 2019
826 2018
826 2017
826 2016
826 2015
826 2014
825 2013
824 2012
823 2011
822 2010
821 2010
820 2010
819 2010
818 2009
817 2009
816 2008
815 2008
814 2007
813 2007
812 2007
811 2006
810 2006
809 2005
808 2004
807 2004
806 2003
805 2003
804 2002
803 2003
802 2003
801 2003
800 2003
799 2003
798 2002
797 2002
796 2002
795 2001
794 2001
793 2001
792 2001
791 2001
790 2001
789 2001
788 2001
787 2000
786 2000
785 2000
784 2000
783 2000
