437 710
436 711
435 711
434 711
433 711
432 712
431 712
430 712
429 712
428 713
427 713
426 713
425 713
424 714
423 714
422 714
421 714
420 715
419 715
418 716
417 716
416 716
415 717
414 717
413 717
412 718
411 718
410 719
409 720
408 720
407 721
406 721
405 721
404 721
403 721
402 721
401 722
400 722
399 723
398 724
398 725
397 726
397 727
396 728
396 729
396 730
396 731
397 732
398 733
399 734
400 735
401 735
402 736
403 736
404 737
405 737
406 738
407 739
408 739
409 739
410 739
411 740
412 740
413 740
414 740
415 740
416 740
417 741
418 741
419 741
420 742
421 742
422 742
423 743
424 743
425 744
426 744
427 744
428 744
429 744
430 744
431 745
432 745
433 745
434 745
435 745
436 745
437 745
438 745
439 745
440 745
441 745
442 745
443 746
444 746
445 746
446 746
447 747
448 747
449 747
450 748
451 748
452 748
453 748
454 747
455 747
456 746
457 745
458 744
459 743
460 742
461 741
462 740
462 739
463 738
463 737
463 736
464 735
464 734
464 733
464 732
464 731
464 730
464 729
464 728
464 727
464 726
463 725
463 724
462 723
461 722
461 721
460 720
460 719
459 718
459 717
458 716
457 715
456 714
455 713
454 713
453 712
452 712
451 711
450 711
449 710
448 710
447 710
446 710
445 710
444 710
443 710
442 710
441 710
440 710
439 710
438 710
437 710
