599 2198
598 2199
597 2199
596 2199
595 2200
594 2200
593 2200
592 2200
591 2200
590 2200
589 2201
588 2201
587 2201
586 2201
585 2201
584 2201
583 2201
582 2202
581 2202
580 2202
579 2202
578 2202
577 2202
576 2202
575 2203
574 2203
573 2204
572 2204
571 2204
570 2204
569 2204
568 2204
567 2204
566 2204
565 2204
564 2204
563 2204
562 2204
561 2204
560 2204
559 2204
558 2204
557 2204
556 2204
555 2204
554 2204
553 2204
552 2204
551 2204
550 2204
549 2204
548 2204
547 2204
546 2204
545 2204
544 2204
543 2204
542 2204
541 2204
540 2204
539 2204
538 2204
537 2204
536 2204
535 2205
534 2205
533 2205
532 2206
531 2206
530 2206
529 2206
528 2206
527 2206
526 2207
525 2208
524 2209
523 2210
522 2211
522 2212
522 2213
522 2214
522 2215
522 2216
523 2217
524 2218
525 2219
526 2220
527 2221
528 2221
529 2222
530 2223
531 2223
532 2223
533 2224
534 2224
535 2225
536 2226
537 2226
538 2227
539 2228
540 2228
541 2228
542 2229
543 2229
544 2230
545 2230
546 2231
547 2232
548 2232
549 2232
550 2233
551 2234
552 2235
553 2235
554 2236
555 2236
556 2236
557 2236
558 2236
559 2237
560 2237
561 2238
562 2238
563 2238
564 2238
565 2239
566 2239
567 2240
568 2240
569 2241
570 2241
571 2241
572 2241
573 2241
574 2241
575 2242
576 2242
577 2243
578 2243
579 2243
580 2243
581 2243
582 2243
583 2244
584 2244
585 2244
586 2244
587 2244
588 2245
589 2245
590 2245
591 2246
592 2246
593 2246
594 2246
595 2246
596 2247
597 2247
598 2247
599 2247
600 2247
601 2247
602 2247
603 2247
604 2247
605 2247
606 2247
607 2247
608 2247
609 2247
610 2246
611 2246
612 2246
613 2246
614 2246
615 2245
616 2245
617 2245
618 2244
619 2244
620 2244
621 2243
622 2242
623 2241
624 2241
625 2240
626 2240
627 2239
628 2238
629 2237
630 2237
631 2236
632 2236
633 2235
634 2234
634 2233
635 2232
635 2231
635 2230
636 2229
637 2228
637 2227
638 2226
638 2225
639 2224
639 2223
638 2222
638 2221
637 2220
636 2219
636 2218
636 2217
636 2216
635 2215
634 2214
633 2213
632 2212
631 2211
630 2210
630 2209
629 2208
628 2207
627 2207
626 2207
625 2206
624 2206
623 2205
622 2204
621 2203
620 2202
619 2201
618 2201
617 2201
616 2201
615 2200
614 2200
613 2199
612 2199
611 2199
610 2198
609 2198
608 2198
607 2198
606 2198
605 2198
604 2198
603 2198
602 2198
601 2198
600 2198
599 2198
