223 352
222 353
221 353
220 353
219 354
218 354
217 354
216 354
215 354
214 354
213 354
212 355
211 355
210 355
209 356
208 356
207 356
206 356
205 356
204 356
203 356
202 357
201 358
200 359
199 359
198 359
197 359
196 359
195 359
194 359
193 359
192 359
191 359
190 359
189 359
188 360
187 360
186 361
185 362
184 363
183 364
182 365
181 366
180 367
180 368
179 369
178 370
177 371
177 372
176 373
176 374
175 375
174 376
174 377
173 378
172 379
172 380
171 381
171 382
170 383
169 384
168 385
167 386
166 387
166 388
165 389
164 390
164 391
163 392
163 393
163 394
162 395
162 396
162 397
161 398
161 399
160 400
160 401
159 402
158 403
158 404
157 405
157 406
156 407
156 408
155 409
154 410
153 411
153 412
152 413
152 414
151 415
150 416
149 417
149 418
148 419
147 420
146 421
145 422
144 423
143 424
143 425
142 426
141 427
140 428
140 429
139 430
139 431
139 432
139 433
138 434
138 435
138 436
138 437
138 438
138 439
138 440
138 441
138 442
138 443
138 444
138 445
138 446
138 447
138 448
138 449
138 450
137 451
137 452
137 453
137 454
137 455
137 456
137 457
137 458
137 459
137 460
137 461
137 462
137 463
137 464
137 465
137 466
137 467
137 468
137 469
137 470
136 471
136 472
136 473
135 474
135 475
135 476
135 477
135 478
135 479
135 480
135 481
135 482
135 483
135 484
135 485
135 486
135 487
135 488
135 489
135 490
135 491
135 492
135 493
135 494
135 495
135 496
135 497
135 498
135 499
135 500
135 501
135 502
135 503
135 504
135 505
135 506
135 507
135 508
135 509
135 510
135 511
135 512
135 513
135 514
135 515
135 516
135 517
135 518
135 519
135 520
135 521
135 522
135 523
136 524
136 525
136 526
137 527
137 528
137 529
137 530
138 531
138 532
139 533
139 534
140 535
141 536
142 536
143 536
144 536
145 536
146 536
147 535
148 535
149 534
150 534
151 533
152 533
153 532
154 531
155 530
156 529
157 529
158 528
159 527
160 527
161 527
162 526
163 525
164 524
165 524
166 523
167 522
168 522
169 522
170 521
171 521
172 521
173 520
174 520
175 520
176 520
177 520
178 519
179 519
180 519
181 519
182 518
183 518
184 517
185 517
186 517
187 516
188 516
189 516
190 516
191 516
192 515
193 515
194 515
195 515
196 515
197 515
198 515
199 515
200 515
201 514
202 513
203 513
204 513
205 513
206 513
207 512
208 512
209 511
210 511
211 511
212 510
213 510
214 510
215 510
216 509
217 509
218 509
219 509
220 508
221 508
222 508
223 508
224 508
225 508
226 508
227 507
228 507
229 507
230 507
231 507
232 507
233 506
234 506
235 505
236 505
237 504
238 504
239 503
240 503
241 502
242 502
243 501
244 501
245 500
246 499
247 499
248 498
249 498
250 497
251 497
252 497
253 496
254 496
255 495
256 494
257 493
258 492
259 491
260 491
261 490
262 490
263 490
264 489
265 489
266 488
267 487
268 486
268 485
269 484
269 483
270 482
271 481
272 480
273 480
274 479
275 478
276 477
277 476
278 475
278 474
278 473
279 472
280 471
281 470
281 469
281 468
281 467
282 466
283 465
283 464
283 463
283 462
283 461
283 460
283 459
283 458
284 457
284 456
284 455
284 454
284 453
284 452
284 451
284 450
284 449
284 448
284 447
284 446
284 445
285 444
285 443
285 442
286 441
286 440
286 439
287 438
287 437
287 436
287 435
287 434
287 433
287 432
287 431
287 430
288 429
288 428
288 427
288 426
288 425
288 424
288 423
288 422
288 421
288 420
288 419
288 418
288 417
288 416
288 415
287 414
287 413
287 412
287 411
287 410
287 409
287 408
287 407
288 406
288 405
288 404
288 403
288 402
288 401
289 400
289 399
289 398
289 397
289 396
289 395
289 394
289 393
289 392
289 391
289 390
289 389
289 388
289 387
289 386
289 385
289 384
289 383
289 382
289 381
289 380
289 379
289 378
289 377
289 376
289 375
289 374
289 373
289 372
289 371
289 370
289 369
289 368
289 367
289 366
289 365
289 364
289 363
289 362
289 361
289 360
289 359
289 358
289 357
288 356
288 355
287 354
286 353
285 353
284 353
283 353
282 353
281 353
280 353
279 353
278 353
277 353
276 353
275 353
274 353
273 353
272 353
271 353
270 353
269 353
268 353
267 353
266 353
265 353
264 353
263 353
262 354
261 354
260 354
259 354
258 354
257 354
256 354
255 354
254 354
253 354
252 354
251 354
250 354
249 354
248 354
247 354
246 354
245 354
244 354
243 354
242 354
241 353
240 353
239 353
238 353
237 352
236 352
235 352
234 352
233 352
232 352
231 352
230 352
229 352
228 352
227 352
226 352
225 352
224 352
223 352
