681 1384
680 1385
679 1386
678 1387
677 1388
677 1389
676 1390
675 1391
675 1392
675 1393
674 1394
674 1395
674 1396
674 1397
674 1398
673 1399
673 1400
673 1401
672 1402
672 1403
672 1404
671 1405
671 1406
670 1407
669 1408
668 1409
667 1410
666 1411
665 1411
664 1412
663 1413
662 1414
662 1415
663 1416
664 1417
664 1418
665 1419
665 1420
666 1421
667 1422
667 1423
667 1424
668 1425
668 1426
669 1427
669 1428
669 1429
669 1430
669 1431
670 1432
671 1433
671 1434
672 1435
672 1436
672 1437
673 1438
674 1439
675 1440
676 1440
677 1441
678 1441
679 1441
680 1440
681 1440
682 1440
683 1439
684 1439
685 1438
686 1438
687 1438
688 1438
689 1438
690 1438
691 1438
692 1438
693 1438
694 1439
695 1439
696 1440
697 1441
697 1442
697 1443
697 1444
698 1445
698 1446
698 1447
699 1448
699 1449
699 1450
699 1451
700 1452
700 1453
701 1453
702 1454
703 1454
704 1454
705 1454
706 1454
707 1454
708 1454
709 1454
710 1454
711 1454
712 1454
713 1454
714 1454
715 1454
716 1454
717 1454
718 1454
719 1454
720 1454
721 1454
722 1455
723 1456
724 1456
725 1456
726 1457
727 1457
728 1457
729 1458
730 1458
731 1458
732 1459
733 1459
734 1460
735 1460
736 1460
737 1461
738 1461
739 1462
740 1462
741 1462
742 1463
743 1464
744 1464
745 1465
746 1466
747 1466
748 1467
749 1468
750 1469
751 1469
752 1470
752 1471
753 1471
754 1472
755 1472
756 1472
757 1472
758 1472
759 1472
760 1472
761 1471
762 1471
763 1470
764 1470
765 1469
766 1469
767 1468
768 1467
769 1466
770 1466
771 1465
772 1465
773 1465
774 1465
775 1464
776 1464
777 1463
778 1463
779 1463
780 1462
781 1462
782 1462
783 1462
784 1462
785 1461
786 1461
787 1461
788 1460
789 1460
790 1460
791 1460
792 1460
793 1460
794 1460
795 1460
796 1460
797 1460
798 1460
799 1460
800 1460
801 1460
802 1460
803 1459
804 1459
805 1458
806 1457
807 1457
808 1457
809 1456
810 1456
811 1455
812 1455
813 1454
814 1453
815 1452
816 1452
817 1451
818 1450
819 1450
820 1449
821 1448
822 1448
823 1447
824 1446
825 1446
826 1445
827 1444
828 1443
829 1442
830 1442
831 1441
832 1440
833 1439
834 1438
835 1437
836 1436
837 1436
838 1435
839 1434
840 1434
841 1433
842 1432
843 1432
844 1431
845 1430
845 1429
846 1428
846 1427
847 1426
847 1425
847 1424
848 1423
848 1422
849 1421
849 1420
849 1419
849 1418
849 1417
848 1416
848 1415
848 1414
847 1413
846 1412
846 1411
845 1410
844 1409
844 1408
843 1407
843 1406
842 1405
841 1404
840 1404
839 1403
838 1403
837 1402
836 1402
835 1402
834 1402
833 1402
832 1402
831 1401
830 1401
829 1400
828 1400
827 1400
826 1400
825 1400
824 1400
823 1400
822 1400
821 1400
820 1400
819 1400
818 1400
817 1400
816 1399
815 1399
814 1399
813 1398
812 1398
811 1397
810 1397
809 1396
808 1395
807 1395
806 1394
805 1394
804 1394
803 1394
802 1394
801 1394
800 1394
799 1394
798 1394
797 1394
796 1394
795 1395
794 1395
793 1395
792 1396
791 1396
790 1396
789 1396
788 1396
787 1396
786 1396
785 1396
784 1396
783 1396
782 1396
781 1396
780 1396
779 1396
778 1397
777 1397
776 1397
775 1397
774 1397
773 1396
772 1396
771 1396
770 1396
769 1396
768 1396
767 1396
766 1396
765 1396
764 1396
763 1396
762 1395
761 1395
760 1395
759 1394
758 1394
757 1394
756 1393
755 1393
754 1393
753 1393
752 1393
751 1393
750 1393
749 1393
748 1393
747 1393
746 1393
745 1393
744 1393
743 1393
742 1393
741 1393
740 1393
739 1393
738 1393
737 1393
736 1393
735 1393
734 1393
733 1393
732 1393
731 1393
730 1393
729 1393
728 1393
727 1393
726 1393
725 1393
724 1393
723 1393
722 1393
721 1393
720 1393
719 1393
718 1393
717 1393
716 1393
715 1393
714 1393
713 1392
712 1392
711 1392
710 1392
709 1392
708 1391
707 1391
706 1390
705 1390
704 1390
703 1389
702 1389
701 1388
700 1388
699 1388
698 1388
697 1388
696 1388
695 1387
694 1387
693 1387
692 1386
691 1386
690 1385
689 1385
688 1384
687 1384
686 1384
685 1384
684 1384
683 1384
682 1384
681 1384
