584 1539
583 1540
582 1540
581 1540
580 1540
579 1540
578 1540
577 1540
576 1540
575 1540
574 1540
573 1540
572 1540
571 1540
570 1540
569 1540
568 1540
567 1540
566 1541
565 1541
564 1542
563 1542
562 1542
561 1542
560 1542
559 1542
558 1542
557 1542
556 1542
555 1542
554 1542
553 1542
552 1542
551 1542
550 1542
549 1543
548 1543
547 1544
546 1544
545 1544
544 1545
543 1545
542 1545
541 1545
540 1545
539 1545
538 1545
537 1545
536 1546
535 1546
534 1546
533 1546
532 1546
531 1547
530 1547
529 1547
528 1547
527 1547
526 1547
525 1547
524 1547
523 1547
522 1548
521 1548
520 1548
519 1549
518 1549
517 1549
516 1549
515 1549
514 1549
513 1550
512 1550
511 1550
510 1550
509 1551
508 1552
507 1552
506 1552
505 1552
504 1552
503 1552
502 1553
501 1553
500 1553
499 1553
498 1554
497 1554
496 1554
495 1555
494 1555
493 1555
492 1556
491 1556
490 1557
489 1558
488 1558
487 1559
486 1559
485 1560
484 1560
483 1561
482 1562
481 1562
480 1563
479 1564
478 1565
478 1566
477 1567
477 1568
478 1569
479 1570
480 1570
481 1570
482 1570
483 1571
484 1572
485 1573
486 1573
487 1574
488 1574
489 1575
490 1575
491 1575
492 1575
493 1575
494 1576
495 1576
496 1576
497 1576
498 1576
499 1576
500 1576
501 1576
502 1576
503 1576
504 1576
505 1576
506 1576
507 1577
508 1577
509 1577
510 1577
511 1577
512 1577
513 1577
514 1577
515 1577
516 1577
517 1577
518 1577
519 1577
520 1577
521 1577
522 1577
523 1578
524 1578
525 1578
526 1579
527 1579
528 1579
529 1578
530 1578
531 1578
532 1577
533 1577
534 1577
535 1577
536 1577
537 1577
538 1577
539 1577
540 1577
541 1577
542 1577
543 1577
544 1577
545 1577
546 1577
547 1577
548 1577
549 1577
550 1577
551 1577
552 1577
553 1577
554 1577
555 1577
556 1577
557 1577
558 1577
559 1577
560 1577
561 1577
562 1577
563 1577
564 1577
565 1577
566 1577
567 1577
568 1577
569 1577
570 1577
571 1577
572 1577
573 1577
574 1576
575 1576
576 1576
577 1577
578 1577
579 1577
580 1577
581 1577
582 1577
583 1577
584 1577
585 1577
586 1577
587 1577
588 1577
589 1577
590 1577
591 1577
592 1577
593 1577
594 1577
595 1577
596 1577
597 1577
598 1577
599 1577
600 1577
601 1577
602 1577
603 1577
604 1578
605 1578
606 1578
607 1578
608 1578
609 1577
610 1577
611 1577
612 1577
613 1577
614 1576
615 1576
616 1576
617 1576
618 1576
619 1576
620 1576
621 1576
622 1576
623 1575
624 1575
625 1575
626 1575
627 1574
628 1574
629 1574
630 1574
631 1574
632 1573
633 1573
634 1572
635 1572
636 1572
637 1571
638 1570
639 1570
640 1570
641 1569
642 1569
643 1569
644 1569
645 1569
646 1568
647 1568
648 1568
649 1567
650 1567
650 1566
650 1565
650 1564
649 1563
648 1562
647 1561
646 1560
645 1559
644 1558
644 1557
644 1556
644 1555
644 1554
643 1553
643 1552
642 1551
641 1550
640 1549
639 1548
638 1547
637 1546
636 1545
635 1545
634 1544
633 1544
632 1543
631 1543
630 1543
629 1542
628 1542
627 1542
626 1542
625 1542
624 1541
623 1540
622 1540
621 1539
620 1539
619 1539
618 1539
617 1539
616 1539
615 1539
614 1539
613 1539
612 1539
611 1539
610 1539
609 1539
608 1539
607 1539
606 1539
605 1539
604 1539
603 1539
602 1539
601 1539
600 1539
599 1539
598 1539
597 1539
596 1539
595 1539
594 1539
593 1539
592 1539
591 1539
590 1539
589 1539
588 1539
587 1539
586 1539
585 1539
584 1539
