583 302
582 303
581 303
580 303
579 304
578 304
577 304
576 304
575 304
574 305
573 305
572 305
571 305
570 305
569 305
568 305
567 305
566 305
565 305
564 305
563 305
562 306
561 306
560 306
559 306
558 306
557 306
556 307
555 307
554 307
553 307
552 308
551 308
550 309
549 309
548 310
547 310
546 310
545 310
544 310
543 310
542 310
541 310
540 310
539 310
538 310
537 311
536 311
535 311
534 311
533 312
532 312
531 312
530 312
529 312
528 313
527 313
526 314
525 314
524 314
523 315
522 315
521 315
520 316
519 316
518 317
517 317
516 318
516 319
516 320
516 321
516 322
517 323
518 324
519 324
520 325
521 325
522 325
523 326
524 327
525 327
526 328
527 328
528 329
529 330
530 330
531 331
532 332
533 332
534 333
535 333
536 333
537 334
538 334
539 335
540 336
541 336
542 337
543 337
544 338
545 338
546 339
547 339
548 340
549 340
550 341
551 342
552 342
553 343
554 344
555 344
556 345
557 346
558 347
559 347
560 348
561 348
562 349
563 350
564 350
565 351
566 352
567 352
568 352
569 353
570 353
571 354
572 354
573 355
574 355
575 356
576 356
577 356
578 357
579 357
580 358
581 359
582 359
583 359
584 360
585 360
586 361
587 361
588 361
589 362
590 362
591 362
592 363
593 363
594 364
595 364
596 364
597 365
598 365
599 365
600 365
601 366
602 366
603 367
604 367
605 367
606 367
607 367
608 367
609 367
610 368
611 368
612 368
613 368
614 368
615 368
616 368
617 368
618 369
619 369
620 369
621 369
622 370
623 370
624 370
625 370
626 370
627 370
628 370
629 370
630 370
631 370
632 370
633 371
634 371
635 371
636 371
637 372
638 372
639 372
640 372
641 372
642 372
643 372
644 372
645 372
646 372
647 372
648 372
649 372
650 372
651 372
652 372
653 371
654 371
655 371
656 371
657 371
658 371
659 371
660 371
661 371
662 371
663 371
664 371
665 371
666 371
667 371
668 371
669 371
670 371
671 371
672 371
673 371
674 371
675 371
676 371
677 371
678 371
679 371
680 371
681 371
682 371
683 370
684 370
685 370
686 370
687 369
688 369
689 369
690 368
691 368
692 368
693 368
694 368
695 368
696 368
697 368
698 368
699 368
700 368
701 367
702 367
703 367
704 366
705 366
706 366
707 366
708 365
709 365
710 365
711 365
712 365
713 365
714 365
715 365
716 365
717 365
718 366
719 366
720 366
721 366
722 366
723 366
724 366
725 366
726 366
727 366
728 366
729 366
730 366
731 366
732 366
733 366
734 366
735 365
736 365
737 365
738 365
739 365
740 365
741 365
742 365
743 365
744 365
745 365
746 365
747 365
748 365
749 364
750 364
751 364
752 364
753 363
754 363
755 363
756 363
757 363
758 362
759 361
760 361
761 361
762 361
763 361
764 361
765 361
766 361
767 361
768 360
769 359
770 358
771 357
771 356
772 355
773 354
774 354
775 353
776 353
777 352
778 352
779 351
780 350
780 349
781 348
782 347
782 346
783 345
783 344
784 343
784 342
784 341
784 340
785 339
785 338
785 337
785 336
785 335
785 334
785 333
784 332
784 331
783 330
782 329
781 328
781 327
780 326
779 325
778 324
777 323
776 322
775 321
774 320
773 320
772 319
771 318
770 318
769 317
768 317
767 316
766 315
765 315
764 315
763 315
762 315
761 315
760 314
759 314
758 313
757 313
756 313
755 312
754 312
753 312
752 312
751 312
750 311
749 311
748 311
747 311
746 310
745 310
744 310
743 310
742 310
741 310
740 310
739 310
738 309
737 309
736 309
735 309
734 309
733 309
732 309
731 309
730 309
729 309
728 309
727 309
726 309
725 309
724 309
723 309
722 309
721 309
720 309
719 309
718 309
717 309
716 309
715 309
714 309
713 309
712 309
711 309
710 309
709 309
708 309
707 309
706 309
705 309
704 309
703 309
702 309
701 308
700 308
699 308
698 307
697 307
696 307
695 307
694 307
693 307
692 307
691 307
690 307
689 307
688 307
687 307
686 307
685 307
684 307
683 307
682 307
681 307
680 307
679 307
678 307
677 307
676 306
675 306
674 306
673 306
672 306
671 305
670 305
669 305
668 305
667 305
666 305
665 305
664 305
663 305
662 304
661 304
660 304
659 304
658 304
657 304
656 304
655 304
654 304
653 304
652 304
651 304
650 304
649 304
648 303
647 303
646 303
645 302
644 302
643 302
642 302
641 302
640 302
639 302
638 302
637 302
636 302
635 302
634 302
633 302
632 302
631 302
630 302
629 302
628 302
627 302
626 302
625 302
624 302
623 302
622 302
621 302
620 302
619 302
618 302
617 302
616 302
615 302
614 302
613 302
612 302
611 302
610 302
609 302
608 302
607 302
606 302
605 302
604 302
603 302
602 302
601 302
600 302
599 302
598 302
597 302
596 302
595 302
594 302
593 302
592 302
591 302
590 302
589 302
588 302
587 302
586 302
585 302
584 302
583 302
