321 1997
320 1998
319 1998
318 1999
317 1999
316 1999
315 2000
314 2000
313 2000
312 2001
311 2001
310 2001
309 2001
308 2001
307 2001
306 2001
305 2001
304 2001
303 2001
302 2001
301 2002
300 2002
299 2002
298 2002
297 2002
296 2002
295 2003
294 2003
293 2003
292 2004
291 2004
290 2004
289 2004
288 2004
287 2004
286 2004
285 2004
284 2005
283 2005
282 2005
281 2005
280 2005
279 2005
278 2006
277 2006
276 2006
275 2006
274 2006
273 2006
272 2006
271 2006
270 2006
269 2006
268 2006
267 2006
266 2006
265 2006
264 2006
263 2006
262 2006
261 2006
260 2005
259 2005
258 2004
257 2004
256 2004
255 2004
254 2004
253 2003
252 2002
251 2001
250 2001
249 2001
248 2001
247 2001
246 2000
245 2000
244 2000
243 2000
243 2001
243 2002
243 2003
244 2004
245 2005
245 2006
246 2007
247 2008
247 2009
248 2010
249 2010
250 2011
251 2011
252 2011
253 2012
254 2013
255 2014
256 2015
257 2016
258 2016
259 2016
260 2017
261 2018
262 2019
263 2019
264 2019
265 2020
266 2021
267 2022
268 2022
269 2023
270 2024
271 2025
272 2026
273 2027
274 2027
275 2028
276 2029
277 2029
278 2030
279 2031
280 2032
281 2033
282 2033
283 2034
284 2035
285 2036
286 2037
287 2037
288 2038
289 2039
290 2040
291 2041
292 2042
293 2042
294 2042
295 2042
296 2042
297 2042
298 2042
299 2042
300 2041
301 2040
302 2040
303 2040
304 2040
305 2040
306 2040
307 2039
308 2039
309 2038
310 2038
311 2037
312 2037
313 2037
314 2036
315 2036
316 2036
317 2035
318 2034
319 2034
320 2033
321 2032
322 2031
323 2030
324 2029
325 2028
326 2027
327 2026
328 2025
329 2024
330 2023
331 2022
332 2021
333 2020
334 2020
335 2019
336 2018
337 2018
338 2017
338 2016
338 2015
339 2014
339 2013
339 2012
339 2011
339 2010
339 2009
339 2008
339 2007
338 2006
338 2005
338 2004
337 2003
336 2002
335 2001
334 2000
333 1999
332 1998
331 1998
330 1997
329 1997
328 1997
327 1997
326 1997
325 1997
324 1997
323 1997
322 1997
321 1997
