154 1686
153 1687
152 1687
151 1688
150 1689
149 1689
148 1690
147 1690
146 1691
145 1691
144 1691
143 1691
142 1691
141 1691
140 1691
139 1691
138 1691
137 1691
136 1691
135 1691
134 1692
133 1692
132 1692
131 1692
130 1693
129 1693
128 1693
127 1693
126 1693
125 1693
124 1693
123 1693
122 1693
121 1693
120 1693
119 1693
118 1693
117 1693
116 1693
115 1693
114 1693
113 1693
112 1693
111 1693
110 1693
109 1693
108 1693
107 1693
106 1693
105 1694
104 1694
103 1694
102 1694
101 1694
100 1694
99 1694
98 1694
97 1694
96 1694
95 1694
94 1694
93 1694
92 1694
91 1694
90 1693
89 1693
88 1693
87 1693
86 1693
85 1693
84 1692
83 1692
82 1692
81 1691
80 1691
79 1691
78 1691
77 1691
76 1691
75 1690
74 1690
73 1689
72 1689
71 1689
70 1689
69 1689
68 1689
67 1689
66 1689
65 1689
64 1689
63 1689
62 1689
61 1689
60 1689
59 1689
58 1689
57 1689
56 1689
55 1689
54 1689
53 1689
52 1689
51 1689
50 1689
49 1689
48 1689
47 1689
46 1689
45 1690
44 1691
43 1692
42 1693
41 1694
41 1695
41 1696
41 1697
41 1698
42 1699
42 1700
43 1701
44 1702
44 1703
44 1704
45 1705
45 1706
46 1707
47 1708
47 1709
48 1710
49 1711
49 1712
49 1713
50 1714
51 1715
52 1716
52 1717
53 1718
54 1719
54 1720
55 1720
56 1721
56 1722
57 1723
58 1724
59 1725
60 1726
61 1727
61 1728
62 1729
63 1730
64 1731
65 1732
66 1732
67 1733
68 1734
69 1734
70 1735
71 1736
72 1736
73 1737
74 1738
75 1739
76 1739
77 1739
78 1739
79 1739
80 1739
81 1739
82 1739
83 1739
84 1739
85 1739
86 1739
87 1739
88 1739
89 1739
90 1739
91 1739
92 1738
93 1738
94 1738
95 1738
96 1738
97 1738
98 1738
99 1738
100 1738
101 1738
102 1738
103 1738
104 1738
105 1738
106 1738
107 1738
108 1739
109 1739
110 1739
111 1739
112 1739
113 1739
114 1739
115 1739
116 1740
117 1740
118 1740
119 1740
120 1740
121 1740
122 1740
123 1740
124 1740
125 1740
126 1740
127 1740
128 1740
129 1740
130 1740
131 1740
132 1740
133 1740
134 1740
135 1740
136 1740
137 1740
138 1740
139 1740
140 1740
141 1740
142 1740
143 1740
144 1740
145 1740
146 1740
147 1740
148 1740
149 1740
150 1740
151 1740
152 1740
153 1740
154 1740
155 1740
156 1740
157 1740
158 1740
159 1740
160 1740
161 1740
162 1740
163 1740
164 1740
165 1740
166 1740
167 1739
168 1739
169 1738
170 1738
171 1738
172 1737
173 1737
174 1737
175 1737
176 1736
177 1736
178 1735
179 1735
180 1734
181 1733
182 1733
183 1732
184 1731
185 1730
185 1729
186 1728
187 1727
188 1726
189 1725
189 1724
190 1723
190 1722
190 1721
190 1720
190 1719
190 1718
191 1717
191 1716
192 1715
192 1714
193 1713
193 1712
193 1711
194 1710
194 1709
194 1708
194 1707
195 1706
196 1705
196 1704
196 1703
196 1702
196 1701
196 1700
195 1699
195 1698
194 1697
194 1696
193 1695
193 1694
192 1693
191 1692
190 1692
189 1691
188 1691
187 1691
186 1691
185 1691
184 1691
183 1691
182 1691
181 1691
180 1691
179 1690
178 1690
177 1689
176 1689
175 1688
174 1688
173 1688
172 1687
171 1687
170 1687
169 1686
168 1686
167 1686
166 1686
165 1686
164 1686
163 1686
162 1686
161 1686
160 1686
159 1686
158 1686
157 1686
156 1686
155 1686
154 1686
