211 69
210 70
209 70
208 70
207 70
206 70
205 70
204 70
203 70
202 70
201 70
200 70
199 70
198 70
197 71
196 71
195 72
194 72
193 73
192 73
191 74
190 75
189 75
188 76
187 76
186 77
185 78
184 78
183 78
182 79
181 79
180 80
179 80
178 81
177 82
176 82
175 83
174 83
173 84
172 84
171 85
170 85
169 86
168 87
167 87
166 88
165 88
164 89
163 90
162 90
161 91
160 92
159 92
158 93
157 93
156 94
155 95
154 96
153 97
152 98
151 99
150 100
149 101
148 102
147 103
146 104
146 105
145 106
145 107
144 108
143 109
142 110
141 110
140 111
139 111
139 112
138 113
138 114
138 115
138 116
137 117
137 118
137 119
136 120
136 121
136 122
136 123
136 124
136 125
136 126
136 127
137 128
137 129
138 130
138 131
139 132
140 133
141 134
142 134
143 133
144 133
145 133
146 133
147 133
148 133
149 133
150 133
151 134
152 134
153 134
154 134
155 135
156 135
157 136
158 137
159 138
160 139
161 140
161 141
162 142
163 143
164 144
165 145
165 146
166 147
166 148
166 149
166 150
166 151
167 152
168 153
169 153
170 154
171 154
172 155
173 155
174 155
175 156
176 156
177 156
178 157
179 158
180 159
181 159
182 160
183 160
184 160
185 161
186 161
187 162
188 162
189 162
190 163
191 163
192 163
193 163
194 164
195 163
196 164
197 164
198 164
199 165
200 165
201 165
202 165
203 165
204 165
205 165
206 165
207 164
208 164
209 164
210 163
211 164
212 164
213 164
214 164
215 164
216 164
217 164
218 164
219 163
220 163
221 163
222 163
223 163
224 163
225 163
226 162
227 161
228 161
229 161
230 160
231 159
232 158
233 158
234 157
235 156
236 156
237 155
238 155
238 154
239 153
240 152
241 151
242 150
243 149
244 149
245 148
246 147
247 146
248 146
249 146
250 145
251 145
252 145
253 145
254 144
255 143
256 142
256 141
256 140
257 139
257 138
258 137
259 136
260 135
260 134
261 133
261 132
261 131
261 130
262 129
262 128
262 127
263 126
263 125
263 124
263 123
263 122
263 121
263 120
263 119
263 118
263 117
263 116
263 115
262 114
262 113
262 112
261 111
261 110
261 109
260 108
260 107
260 106
260 105
260 104
260 103
259 102
258 101
258 100
257 99
256 98
255 97
254 96
253 95
253 94
252 93
251 92
251 91
251 90
250 89
249 88
248 87
247 86
246 85
245 84
244 83
243 82
242 81
241 80
240 79
239 78
238 78
237 78
236 77
235 76
234 75
233 75
232 74
231 74
230 73
229 73
228 72
227 72
226 72
225 72
224 71
223 71
222 71
221 70
220 69
219 69
218 69
217 69
216 69
215 69
214 69
213 69
212 69
211 69
