774 947
773 948
772 948
771 948
770 949
769 949
768 949
767 949
766 949
765 949
764 949
763 949
762 949
761 949
760 949
759 949
758 949
757 949
756 950
755 951
754 951
753 951
752 951
751 951
750 951
749 951
748 951
747 952
746 952
745 952
744 953
743 953
742 954
741 955
740 955
739 955
738 955
737 956
736 956
735 957
734 957
733 958
732 958
731 959
730 960
729 960
728 961
727 962
727 963
726 964
726 965
726 966
725 967
725 968
725 969
726 970
726 971
726 972
727 973
727 974
727 975
728 976
728 977
728 978
728 979
728 980
729 981
730 982
731 982
732 982
733 983
734 983
735 984
736 984
737 984
738 984
739 985
740 985
741 985
742 986
743 986
744 986
745 986
746 987
747 987
748 987
749 987
750 987
751 987
752 988
753 988
754 988
755 989
756 989
757 989
758 990
759 990
760 990
761 990
762 990
763 991
764 991
765 991
766 991
767 991
768 991
769 991
770 991
771 991
772 992
773 992
774 992
775 992
776 993
777 993
778 993
779 994
780 994
781 994
782 994
783 994
784 994
785 994
786 994
787 994
788 995
789 995
790 995
791 995
792 995
793 995
794 995
795 995
796 994
797 993
798 992
799 991
800 991
801 990
802 989
803 988
803 987
803 986
804 985
804 984
804 983
804 982
804 981
804 980
803 979
803 978
803 977
803 976
803 975
802 974
802 973
802 972
802 971
802 970
802 969
802 968
802 967
802 966
802 965
802 964
801 963
801 962
801 961
801 960
801 959
800 958
800 957
799 957
798 956
797 956
796 955
795 954
794 953
793 953
792 952
791 951
790 950
789 949
788 949
787 949
786 949
785 949
784 948
783 948
782 948
781 947
780 947
779 947
778 947
777 947
776 947
775 947
774 947
