1609 2058
1608 2059
1607 2059
1606 2059
1605 2059
1604 2060
1603 2060
1602 2061
1601 2061
1600 2062
1599 2062
1598 2063
1597 2063
1596 2063
1595 2063
1594 2063
1593 2063
1592 2063
1591 2063
1590 2063
1589 2063
1588 2063
1587 2063
1586 2063
1585 2063
1584 2063
1583 2063
1582 2063
1581 2063
1580 2063
1579 2063
1578 2063
1577 2064
1576 2064
1575 2064
1574 2065
1573 2065
1572 2066
1571 2067
1570 2068
1569 2069
1568 2070
1567 2071
1566 2071
1565 2072
1564 2073
1563 2074
1562 2075
1561 2076
1561 2077
1560 2078
1560 2079
1559 2080
1558 2081
1557 2082
1556 2083
1555 2084
1554 2085
1553 2086
1552 2087
1551 2088
1550 2089
1549 2090
1548 2090
1547 2090
1546 2090
1545 2090
1544 2090
1543 2090
1542 2090
1541 2090
1540 2089
1539 2089
1538 2089
1537 2089
1536 2088
1535 2088
1534 2087
1533 2086
1532 2086
1531 2085
1530 2085
1529 2085
1528 2085
1527 2085
1526 2085
1525 2085
1524 2085
1524 2086
1524 2087
1524 2088
1524 2089
1524 2090
1524 2091
1523 2092
1523 2093
1523 2094
1522 2095
1523 2096
1523 2097
1523 2098
1524 2099
1525 2100
1526 2101
1527 2102
1528 2103
1528 2104
1528 2105
1528 2106
1529 2107
1530 2108
1531 2109
1531 2110
1531 2111
1531 2112
1532 2113
1533 2114
1534 2115
1534 2116
1535 2117
1536 2118
1536 2119
1537 2120
1538 2121
1538 2122
1539 2123
1539 2124
1540 2125
1540 2126
1541 2127
1542 2128
1542 2129
1543 2130
1543 2131
1543 2132
1544 2133
1545 2134
1546 2134
1547 2134
1548 2134
1549 2134
1550 2134
1551 2134
1552 2134
1553 2134
1554 2134
1555 2135
1556 2135
1557 2136
1558 2136
1559 2136
1560 2137
1561 2137
1562 2137
1563 2137
1564 2137
1565 2138
1566 2138
1567 2138
1568 2138
1569 2138
1570 2137
1571 2137
1572 2136
1573 2136
1574 2135
1575 2135
1576 2135
1577 2134
1578 2133
1579 2133
1580 2132
1581 2132
1582 2132
1583 2132
1584 2131
1585 2131
1586 2131
1587 2130
1588 2130
1589 2129
1590 2129
1591 2129
1592 2129
1593 2128
1594 2128
1595 2128
1596 2128
1597 2127
1598 2127
1599 2127
1600 2127
1601 2127
1602 2127
1603 2126
1604 2126
1605 2126
1606 2125
1607 2125
1608 2125
1609 2125
1610 2125
1611 2124
1612 2124
1613 2123
1614 2123
1615 2123
1616 2123
1617 2122
1618 2122
1619 2122
1620 2121
1621 2121
1622 2121
1623 2120
1624 2120
1625 2120
1626 2120
1627 2120
1628 2119
1629 2119
1630 2119
1631 2119
1632 2118
1633 2117
1634 2117
1635 2117
1636 2116
1637 2115
1638 2115
1639 2114
1640 2114
1641 2114
1642 2114
1643 2115
1644 2115
1645 2115
1646 2115
1647 2115
1648 2115
1649 2115
1650 2115
1651 2115
1652 2115
1653 2115
1654 2115
1655 2115
1656 2115
1657 2115
1658 2115
1659 2115
1660 2115
1661 2115
1662 2115
1663 2115
1664 2114
1665 2114
1666 2114
1667 2113
1668 2113
1669 2113
1670 2113
1671 2112
1672 2112
1673 2112
1674 2112
1675 2111
1676 2111
1677 2111
1678 2110
1679 2110
1680 2110
1681 2110
1682 2110
1683 2110
1684 2110
1685 2110
1686 2110
1687 2110
1688 2110
1689 2110
1690 2110
1691 2110
1692 2111
1693 2110
1694 2110
1695 2109
1696 2108
1697 2107
1698 2106
1699 2105
1700 2104
1701 2103
1702 2102
1702 2101
1703 2100
1703 2099
1704 2098
1704 2097
1704 2096
1704 2095
1704 2094
1703 2093
1703 2092
1702 2091
1702 2090
1702 2089
1701 2088
1701 2087
1700 2086
1699 2085
1699 2084
1698 2083
1697 2082
1697 2081
1697 2080
1696 2079
1696 2078
1696 2077
1695 2076
1694 2075
1693 2074
1692 2073
1691 2073
1690 2073
1689 2073
1688 2073
1687 2073
1686 2073
1685 2073
1684 2073
1683 2073
1682 2072
1681 2072
1680 2072
1679 2072
1678 2072
1677 2072
1676 2072
1675 2072
1674 2072
1673 2072
1672 2072
1671 2072
1670 2071
1669 2071
1668 2071
1667 2071
1666 2071
1665 2071
1664 2071
1663 2071
1662 2071
1661 2071
1660 2071
1659 2071
1658 2070
1657 2070
1656 2069
1655 2069
1654 2069
1653 2068
1652 2068
1651 2068
1650 2068
1649 2068
1648 2068
1647 2067
1646 2067
1645 2067
1644 2067
1643 2066
1642 2066
1641 2066
1640 2066
1639 2066
1638 2066
1637 2066
1636 2066
1635 2066
1634 2066
1633 2066
1632 2065
1631 2065
1630 2065
1629 2064
1628 2064
1627 2064
1626 2063
1625 2063
1624 2063
1623 2063
1622 2063
1621 2063
1620 2063
1619 2063
1618 2063
1617 2062
1616 2061
1615 2060
1614 2059
1613 2059
1612 2058
1611 2058
1610 2058
1609 2058
