540 106
539 107
538 107
537 107
536 108
535 108
534 108
533 108
532 108
531 108
530 108
529 108
528 108
527 108
526 108
525 107
524 108
523 108
522 108
521 108
520 109
519 109
518 109
517 109
516 110
515 111
514 111
513 112
512 113
511 113
510 113
509 114
508 114
507 114
506 114
505 114
504 114
503 114
502 114
501 115
500 115
499 115
498 115
497 115
496 115
495 115
494 115
493 115
492 115
491 115
490 115
489 115
488 115
487 115
486 115
485 115
484 115
483 115
482 115
481 116
480 117
479 117
478 117
477 117
476 117
475 117
474 117
473 116
472 116
471 116
470 116
469 116
468 115
467 115
466 115
465 115
464 115
463 116
462 116
461 117
460 118
459 119
459 120
458 121
457 122
457 123
456 124
455 125
455 126
454 127
454 128
454 129
453 130
453 131
453 132
452 133
452 134
453 135
453 136
453 137
453 138
454 139
455 140
455 141
456 142
457 143
457 144
458 145
458 146
459 147
459 148
459 149
459 150
459 151
459 152
459 153
459 154
459 155
459 156
459 157
459 158
459 159
459 160
458 161
457 162
456 163
455 164
454 165
453 166
453 167
452 168
452 169
452 170
452 171
452 172
453 173
453 174
453 175
454 176
454 177
454 178
454 179
454 180
454 181
454 182
454 183
454 184
454 185
454 186
454 187
453 188
453 189
454 190
454 191
454 192
455 193
455 194
455 195
456 196
456 197
456 198
457 199
458 200
458 201
459 202
459 203
460 204
461 205
462 206
463 207
464 207
465 208
466 209
467 209
468 210
469 211
470 212
470 213
471 214
471 215
472 216
473 217
474 218
475 219
476 220
476 221
477 222
478 223
479 224
479 225
480 226
481 227
482 228
482 229
483 230
484 231
484 232
485 233
486 234
486 235
487 236
487 237
488 238
489 239
490 240
491 241
492 242
493 243
494 243
495 244
496 245
497 245
498 245
499 246
500 246
501 247
502 247
503 247
504 248
505 248
506 248
507 248
508 248
509 248
510 248
511 248
512 248
513 248
514 248
515 248
516 248
517 248
518 248
519 248
520 248
521 248
522 248
523 248
524 248
525 248
526 248
527 248
528 248
529 248
530 248
531 248
532 248
533 247
534 247
535 247
536 247
537 247
538 247
539 246
540 246
541 246
542 246
543 246
544 247
545 247
546 247
547 247
548 247
549 247
550 247
551 247
552 247
553 247
554 247
555 247
556 247
557 247
558 247
559 247
560 248
561 248
562 249
563 249
564 249
565 249
566 249
567 249
568 250
569 250
570 250
571 250
572 250
573 250
574 250
575 250
576 250
577 250
578 249
579 249
580 249
581 249
582 249
583 249
584 249
585 249
586 249
587 249
588 249
589 249
590 249
591 249
592 249
593 249
594 249
595 249
596 249
597 248
598 248
599 248
600 248
601 248
602 248
603 249
604 249
605 249
606 250
607 250
608 250
609 250
610 250
611 250
612 250
613 250
614 251
615 251
616 251
617 252
618 252
619 252
620 252
621 252
622 252
623 252
624 253
625 253
626 253
627 253
628 253
629 253
630 254
631 254
632 254
633 254
634 254
635 254
636 254
637 255
638 255
639 255
640 255
641 255
642 256
643 256
644 256
645 257
646 257
647 257
648 258
649 258
650 259
651 259
652 259
653 259
654 259
655 260
656 260
657 260
658 261
659 261
660 262
661 262
662 262
663 263
664 263
665 263
666 262
667 262
668 262
669 262
670 262
671 262
672 261
673 260
674 260
675 259
676 259
677 259
678 259
679 258
680 257
681 256
682 255
683 254
684 253
685 252
685 251
685 250
686 249
687 248
687 247
688 246
688 245
689 244
690 243
691 242
692 241
693 240
693 239
694 238
695 237
696 236
697 235
698 234
699 234
700 233
701 233
702 233
703 233
704 233
705 232
706 232
707 232
708 232
709 233
710 233
711 232
712 232
713 232
714 232
715 232
716 232
717 232
718 232
719 232
720 232
721 231
722 231
723 231
724 231
725 230
726 231
727 230
728 230
729 230
730 230
731 230
732 230
733 230
734 230
735 230
736 230
737 230
738 230
739 230
740 229
741 229
742 229
743 229
744 229
745 229
746 229
747 228
748 228
749 228
750 228
751 228
752 228
753 228
754 228
755 228
756 228
757 228
758 227
759 227
760 227
761 227
762 227
763 227
764 227
765 226
766 226
767 226
768 226
769 226
770 227
771 227
772 228
773 229
774 229
775 229
776 230
777 230
778 230
779 231
780 231
781 231
782 231
783 230
784 229
785 228
786 227
787 226
788 225
789 225
790 224
791 224
792 224
793 223
794 223
795 222
796 222
797 221
798 221
799 221
800 220
801 219
802 219
803 219
804 218
805 217
806 216
807 215
808 214
809 213
810 213
811 212
812 212
813 212
814 212
815 212
816 212
817 212
818 212
819 212
820 212
821 212
822 212
823 212
824 212
825 212
826 212
827 212
828 212
829 212
830 212
831 213
832 213
833 213
834 213
835 213
836 213
837 213
838 213
839 213
840 213
841 213
842 212
843 212
844 212
845 212
846 212
847 212
848 212
849 212
850 212
851 212
852 212
853 212
854 212
855 211
856 211
857 211
858 211
859 210
860 210
861 209
862 209
863 209
864 208
865 208
866 207
867 206
868 205
869 205
870 205
871 204
872 204
873 203
874 202
875 201
876 201
877 200
878 199
879 199
880 198
881 198
882 197
883 196
884 195
885 194
886 194
887 193
887 192
888 191
889 190
890 190
891 189
892 188
893 188
893 187
894 186
894 185
894 184
894 183
894 182
894 181
895 180
895 179
896 178
896 177
896 176
896 175
896 174
895 173
895 172
894 171
894 170
894 169
894 168
894 167
894 166
893 165
893 164
893 163
892 162
891 161
890 160
889 159
888 159
887 158
886 158
885 157
884 157
883 157
882 156
881 156
880 155
879 154
878 153
877 153
876 153
875 152
874 152
873 151
872 150
871 150
870 150
869 150
868 150
867 150
866 150
865 150
864 150
863 150
862 149
861 149
860 148
859 148
858 147
857 147
856 147
855 146
854 146
853 146
852 145
851 145
850 145
849 144
848 144
847 144
846 143
845 143
844 143
843 142
842 142
841 142
840 141
839 141
838 141
837 141
836 141
835 141
834 141
833 141
832 140
831 140
830 140
829 140
828 140
827 139
826 139
825 139
824 138
823 138
822 137
821 137
820 137
819 137
818 137
817 137
816 136
815 136
814 136
813 136
812 135
811 135
810 135
809 134
808 134
807 134
806 134
805 134
804 133
803 133
802 133
801 132
800 132
799 132
798 132
797 132
796 132
795 132
794 131
793 131
792 131
791 131
790 131
789 130
788 130
787 130
786 130
785 130
784 130
783 129
782 129
781 128
780 128
779 127
778 127
777 127
776 127
775 127
774 127
773 127
772 127
771 127
770 127
769 127
768 127
767 127
766 127
765 127
764 127
763 127
762 127
761 128
760 128
759 128
758 129
757 129
756 129
755 130
754 130
753 130
752 130
751 130
750 130
749 130
748 129
747 129
746 129
745 129
744 129
743 128
742 128
741 128
740 127
739 127
738 127
737 127
736 127
735 126
734 126
733 126
732 126
731 126
730 125
729 125
728 125
727 125
726 125
725 125
724 124
723 124
722 124
721 124
720 124
719 124
718 124
717 124
716 124
715 124
714 124
713 123
712 123
711 123
710 122
709 122
708 122
707 122
706 122
705 121
704 121
703 121
702 121
701 121
700 120
699 120
698 120
697 120
696 120
695 120
694 120
693 120
692 120
691 119
690 119
689 119
688 119
687 118
686 118
685 118
684 117
683 117
682 117
681 117
680 117
679 117
678 117
677 116
676 116
675 116
674 116
673 116
672 116
671 115
670 114
669 114
668 114
667 114
666 114
665 114
664 113
663 113
662 113
661 112
660 112
659 112
658 112
657 112
656 112
655 112
654 112
653 112
652 112
651 112
650 112
649 112
648 112
647 112
646 112
645 112
644 112
643 112
642 112
641 112
640 112
639 112
638 112
637 112
636 112
635 112
634 113
633 113
632 113
631 114
630 114
629 114
628 114
627 114
626 115
625 115
624 115
623 115
622 115
621 115
620 116
619 116
618 116
617 117
616 117
615 117
614 117
613 117
612 117
611 117
610 117
609 117
608 116
607 115
606 115
605 115
604 115
603 115
602 115
601 115
600 115
599 115
598 115
597 115
596 115
595 115
594 115
593 115
592 115
591 115
590 115
589 115
588 116
587 116
586 116
585 116
584 116
583 116
582 116
581 116
580 116
579 116
578 116
577 116
576 117
575 117
574 118
573 118
572 118
571 119
570 119
569 118
568 118
567 117
566 116
565 116
564 115
563 114
562 113
561 112
560 112
559 111
558 111
557 110
556 109
555 109
554 109
553 108
552 108
551 108
550 107
549 107
548 106
547 106
546 106
545 106
544 106
543 106
542 106
541 106
540 106
