375 1227
374 1228
373 1228
372 1229
371 1230
370 1230
369 1231
368 1231
367 1232
366 1232
365 1233
364 1234
363 1235
363 1236
362 1237
362 1238
362 1239
362 1240
362 1241
362 1242
362 1243
362 1244
362 1245
362 1246
363 1247
363 1248
363 1249
364 1250
364 1251
364 1252
364 1253
364 1254
364 1255
365 1256
365 1257
365 1258
366 1259
366 1260
366 1261
366 1262
367 1263
368 1264
368 1265
369 1266
369 1267
370 1268
371 1269
372 1270
373 1271
374 1272
374 1273
375 1274
375 1275
376 1276
376 1277
377 1278
377 1279
378 1280
378 1281
378 1282
378 1283
378 1284
378 1285
379 1286
379 1287
379 1288
380 1289
380 1290
381 1291
381 1292
382 1293
382 1294
382 1295
383 1296
383 1297
383 1298
384 1299
385 1300
386 1301
387 1302
388 1303
389 1304
390 1305
391 1306
392 1307
393 1308
394 1309
395 1310
396 1311
397 1312
398 1313
399 1314
400 1314
401 1315
402 1316
403 1317
404 1318
405 1319
406 1320
407 1320
408 1321
409 1321
410 1322
411 1322
412 1322
413 1322
414 1322
415 1322
416 1322
417 1322
418 1322
419 1322
420 1322
421 1322
422 1322
423 1322
424 1322
425 1322
426 1322
427 1322
428 1322
429 1322
430 1322
431 1322
432 1321
433 1321
434 1321
435 1321
436 1321
437 1321
438 1321
439 1321
440 1321
441 1321
442 1321
443 1320
444 1320
445 1319
446 1319
447 1319
448 1318
449 1318
450 1318
451 1318
452 1318
453 1318
454 1318
455 1318
456 1318
457 1317
458 1317
459 1316
460 1315
461 1314
462 1313
463 1312
464 1311
465 1310
466 1309
467 1308
468 1307
469 1306
470 1305
471 1304
472 1303
473 1302
474 1301
475 1300
476 1299
477 1298
478 1297
479 1297
480 1296
481 1296
482 1296
483 1296
484 1296
485 1296
486 1295
487 1295
488 1294
489 1293
490 1292
491 1291
491 1290
491 1289
491 1288
491 1287
491 1286
491 1285
491 1284
491 1283
491 1282
491 1281
491 1280
491 1279
491 1278
491 1277
491 1276
491 1275
491 1274
491 1273
491 1272
490 1271
490 1270
490 1269
490 1268
490 1267
490 1266
490 1265
490 1264
490 1263
490 1262
490 1261
490 1260
491 1259
491 1258
491 1257
491 1256
491 1255
491 1254
491 1253
491 1252
491 1251
490 1250
489 1250
488 1250
487 1250
486 1249
485 1249
484 1248
483 1247
482 1246
481 1245
480 1244
479 1243
478 1242
477 1242
476 1242
475 1241
474 1241
473 1241
472 1241
471 1240
470 1240
469 1239
468 1239
467 1238
466 1238
465 1237
464 1237
463 1237
462 1237
461 1237
460 1236
459 1236
458 1236
457 1236
456 1236
455 1236
454 1236
453 1236
452 1236
451 1236
450 1236
449 1236
448 1236
447 1236
446 1236
445 1236
444 1236
443 1236
442 1236
441 1236
440 1236
439 1235
438 1235
437 1234
436 1233
435 1232
434 1232
433 1231
432 1231
431 1231
430 1231
429 1231
428 1231
427 1231
426 1231
425 1232
424 1232
423 1232
422 1232
421 1232
420 1232
419 1232
418 1232
417 1232
416 1233
415 1233
414 1233
413 1234
412 1234
411 1234
410 1235
409 1235
408 1235
407 1235
406 1235
405 1235
404 1235
403 1235
402 1235
401 1235
400 1234
399 1233
398 1232
397 1231
396 1231
395 1230
394 1230
393 1229
392 1229
391 1229
390 1229
389 1229
388 1229
387 1228
386 1228
385 1228
384 1228
383 1228
382 1228
381 1228
380 1228
379 1228
378 1228
377 1228
376 1228
375 1227
