775 1893
774 1894
773 1894
772 1895
771 1895
770 1895
769 1896
768 1896
767 1896
766 1896
765 1897
764 1897
763 1897
762 1897
761 1898
760 1898
759 1899
758 1899
757 1900
756 1900
755 1900
754 1901
753 1901
752 1901
751 1902
750 1902
749 1903
748 1904
747 1905
746 1906
745 1907
744 1908
743 1909
743 1910
743 1911
742 1912
742 1913
742 1914
741 1915
741 1916
741 1917
741 1918
740 1919
740 1920
740 1921
740 1922
740 1923
740 1924
741 1925
741 1926
742 1927
742 1928
743 1929
744 1930
745 1931
746 1932
747 1933
748 1934
749 1935
750 1936
751 1936
752 1937
753 1938
754 1938
755 1938
756 1938
757 1938
758 1938
759 1939
760 1939
761 1939
762 1940
763 1940
764 1940
765 1941
766 1941
767 1941
768 1942
769 1943
770 1943
771 1943
772 1943
773 1943
774 1943
775 1943
776 1943
777 1943
778 1943
779 1943
780 1943
781 1944
782 1944
783 1944
784 1944
785 1944
786 1944
787 1944
788 1944
789 1944
790 1944
791 1944
792 1944
793 1944
794 1944
795 1944
796 1944
797 1944
798 1945
799 1944
800 1944
801 1944
802 1943
803 1942
804 1942
805 1941
806 1941
807 1940
808 1940
809 1940
810 1940
811 1939
812 1939
813 1939
814 1939
815 1938
816 1938
817 1937
818 1936
819 1935
819 1934
820 1933
820 1932
820 1931
820 1930
820 1929
820 1928
820 1927
820 1926
820 1925
820 1924
820 1923
821 1922
822 1921
822 1920
822 1919
822 1918
822 1917
822 1916
822 1915
821 1914
821 1913
820 1912
819 1911
818 1910
817 1909
816 1908
815 1907
814 1906
814 1905
813 1904
812 1903
811 1902
810 1901
809 1900
808 1900
807 1900
806 1899
805 1899
804 1898
803 1897
802 1896
801 1895
800 1894
799 1894
798 1894
797 1893
796 1893
795 1893
794 1893
793 1893
792 1893
791 1893
790 1893
789 1893
788 1893
787 1893
786 1893
785 1893
784 1893
783 1893
782 1893
781 1893
780 1893
779 1893
778 1893
777 1893
776 1893
775 1893
