554 1928
553 1929
552 1929
551 1929
550 1929
549 1930
548 1930
547 1930
546 1931
545 1932
544 1933
543 1934
542 1935
541 1936
540 1937
540 1938
539 1939
539 1940
538 1941
538 1942
537 1943
536 1944
536 1945
535 1946
534 1946
533 1947
532 1948
531 1949
531 1950
530 1951
529 1952
529 1953
528 1954
527 1955
527 1956
526 1957
525 1958
524 1959
523 1960
522 1961
521 1962
521 1963
520 1964
520 1965
520 1966
520 1967
520 1968
520 1969
520 1970
520 1971
520 1972
520 1973
520 1974
520 1975
520 1976
520 1977
520 1978
520 1979
520 1980
521 1981
521 1982
521 1983
522 1984
522 1985
523 1986
524 1987
525 1988
526 1989
526 1990
527 1991
527 1992
528 1993
529 1994
530 1995
531 1996
531 1997
532 1998
533 1999
534 2000
535 2001
536 2002
537 2003
538 2003
539 2004
540 2004
541 2004
542 2004
543 2004
544 2005
545 2005
546 2005
547 2005
548 2006
549 2006
550 2007
551 2007
552 2007
553 2008
554 2008
555 2008
556 2009
557 2009
558 2010
558 2011
559 2012
559 2013
560 2014
561 2015
561 2016
562 2017
563 2018
564 2019
565 2020
566 2021
567 2022
568 2023
569 2024
570 2025
571 2025
572 2026
573 2027
574 2028
575 2028
576 2029
577 2030
578 2031
579 2032
580 2032
581 2032
582 2032
583 2032
584 2032
585 2032
586 2032
587 2031
588 2030
589 2029
590 2029
591 2028
592 2028
593 2027
594 2027
595 2027
596 2027
597 2027
598 2027
599 2027
600 2026
601 2025
602 2024
603 2023
604 2022
605 2021
606 2021
607 2021
608 2021
609 2020
610 2020
611 2019
612 2019
613 2018
614 2018
615 2018
616 2017
617 2016
618 2015
619 2014
620 2013
621 2013
622 2012
623 2012
624 2012
625 2011
626 2011
627 2011
628 2011
629 2011
630 2011
631 2010
632 2010
633 2010
634 2010
635 2010
636 2009
637 2009
638 2008
639 2007
640 2006
641 2005
642 2004
643 2003
644 2002
645 2001
646 2000
647 1999
648 1999
649 1999
650 1998
651 1997
652 1996
653 1995
654 1994
655 1994
656 1993
657 1992
658 1991
659 1990
660 1989
661 1988
662 1987
663 1986
663 1985
663 1984
663 1983
663 1982
663 1981
663 1980
664 1979
664 1978
665 1977
666 1976
667 1975
668 1974
669 1973
669 1972
669 1971
669 1970
669 1969
669 1968
669 1967
669 1966
669 1965
668 1964
668 1963
667 1962
666 1962
665 1961
664 1960
663 1959
662 1958
661 1958
660 1958
659 1957
658 1957
657 1957
656 1956
655 1956
654 1955
653 1954
652 1954
651 1953
650 1952
649 1952
648 1951
647 1950
646 1950
645 1949
644 1948
643 1947
642 1946
641 1945
640 1945
639 1944
638 1944
637 1944
636 1943
635 1943
634 1942
633 1942
632 1941
631 1941
630 1941
629 1941
628 1941
627 1941
626 1941
625 1941
624 1941
623 1940
622 1939
621 1938
620 1937
619 1936
618 1936
617 1935
616 1935
615 1935
614 1934
613 1934
612 1934
611 1934
610 1934
609 1934
608 1934
607 1934
606 1934
605 1934
604 1934
603 1934
602 1933
601 1933
600 1932
599 1931
598 1931
597 1930
596 1930
595 1930
594 1930
593 1930
592 1930
591 1930
590 1930
589 1930
588 1930
587 1930
586 1930
585 1930
584 1930
583 1930
582 1930
581 1930
580 1930
579 1930
578 1930
577 1930
576 1930
575 1930
574 1930
573 1930
572 1930
571 1930
570 1930
569 1930
568 1930
567 1930
566 1929
565 1929
564 1929
563 1928
562 1928
561 1928
560 1928
559 1928
558 1928
557 1928
556 1928
555 1928
554 1928
