221 1480
220 1481
219 1481
218 1481
217 1482
216 1482
215 1482
214 1482
213 1482
212 1483
211 1483
210 1483
209 1484
208 1484
207 1485
206 1485
205 1485
204 1486
203 1486
202 1486
201 1487
200 1487
199 1487
198 1487
197 1488
196 1488
195 1488
194 1489
193 1489
192 1490
191 1490
190 1490
189 1491
188 1491
187 1491
186 1491
185 1492
184 1492
183 1492
182 1492
181 1493
180 1493
179 1493
178 1493
177 1493
176 1493
175 1493
174 1493
173 1493
172 1493
171 1493
170 1493
169 1493
168 1493
167 1492
166 1492
165 1492
164 1492
163 1491
162 1491
161 1491
160 1491
159 1491
158 1490
157 1490
156 1490
155 1489
154 1488
153 1488
152 1488
151 1487
150 1487
149 1487
148 1486
147 1486
146 1485
145 1485
144 1485
143 1484
142 1484
141 1484
140 1484
139 1483
138 1483
137 1483
136 1483
135 1483
134 1482
133 1482
132 1482
131 1482
130 1482
129 1482
128 1482
127 1482
126 1482
125 1482
124 1482
123 1482
122 1482
121 1482
120 1482
119 1482
118 1483
117 1484
116 1485
116 1486
116 1487
115 1488
115 1489
116 1490
116 1491
116 1492
117 1493
117 1494
117 1495
117 1496
117 1497
117 1498
117 1499
118 1500
118 1501
119 1502
120 1503
120 1504
120 1505
121 1506
121 1507
122 1508
122 1509
123 1510
123 1511
123 1512
123 1513
124 1514
124 1515
125 1516
126 1517
127 1518
127 1519
128 1520
129 1521
130 1522
131 1523
132 1523
133 1524
134 1524
135 1525
136 1525
137 1526
138 1526
139 1526
140 1526
141 1526
142 1527
143 1527
144 1528
145 1528
146 1529
147 1529
148 1529
149 1530
150 1530
151 1530
152 1531
153 1531
154 1531
155 1531
156 1531
157 1531
158 1532
159 1532
160 1533
161 1533
162 1533
163 1534
164 1534
165 1534
166 1535
167 1535
168 1535
169 1536
170 1536
171 1536
172 1537
173 1537
174 1537
175 1537
176 1537
177 1538
178 1538
179 1538
180 1538
181 1538
182 1538
183 1538
184 1539
185 1539
186 1539
187 1539
188 1539
189 1540
190 1540
191 1540
192 1541
193 1541
194 1541
195 1542
196 1542
197 1542
198 1542
199 1542
200 1542
201 1543
202 1543
203 1543
204 1543
205 1543
206 1544
207 1544
208 1544
209 1544
210 1544
211 1544
212 1545
213 1545
214 1545
215 1544
216 1544
217 1544
218 1544
219 1544
220 1543
221 1543
222 1543
223 1543
224 1543
225 1543
226 1542
227 1542
228 1541
229 1541
230 1541
231 1541
232 1541
233 1540
234 1540
235 1540
236 1539
237 1539
238 1538
239 1538
240 1538
241 1538
242 1538
243 1538
244 1538
245 1538
246 1538
247 1538
248 1538
249 1538
250 1538
251 1538
252 1538
253 1537
254 1537
255 1537
256 1536
257 1536
258 1535
259 1535
260 1535
261 1534
261 1533
261 1532
261 1531
261 1530
262 1529
262 1528
263 1527
263 1526
263 1525
263 1524
263 1523
263 1522
263 1521
264 1520
264 1519
264 1518
264 1517
264 1516
265 1515
265 1514
265 1513
265 1512
266 1511
266 1510
266 1509
266 1508
266 1507
266 1506
266 1505
266 1504
266 1503
266 1502
266 1501
267 1500
267 1499
267 1498
267 1497
267 1496
266 1495
266 1494
265 1493
264 1492
263 1491
262 1490
261 1489
260 1488
259 1487
258 1487
257 1487
256 1486
255 1486
254 1485
253 1485
252 1485
251 1484
250 1484
249 1484
248 1484
247 1484
246 1484
245 1484
244 1484
243 1484
242 1484
241 1484
240 1484
239 1483
238 1483
237 1482
236 1482
235 1481
234 1481
233 1480
232 1480
231 1480
230 1480
229 1480
228 1480
227 1480
226 1480
225 1480
224 1480
223 1480
222 1480
221 1480
