117 1705
116 1706
115 1707
114 1708
113 1709
112 1710
111 1711
111 1712
110 1713
110 1714
110 1715
110 1716
110 1717
110 1718
110 1719
110 1720
110 1721
110 1722
109 1723
109 1724
109 1725
109 1726
109 1727
109 1728
109 1729
109 1730
109 1731
109 1732
109 1733
109 1734
109 1735
109 1736
109 1737
109 1738
109 1739
109 1740
109 1741
109 1742
109 1743
109 1744
109 1745
109 1746
109 1747
109 1748
109 1749
109 1750
109 1751
108 1752
108 1753
107 1754
107 1755
107 1756
107 1757
107 1758
107 1759
107 1760
107 1761
107 1762
108 1763
108 1764
108 1765
109 1766
109 1767
110 1768
111 1769
112 1770
113 1771
114 1772
115 1773
116 1773
117 1773
118 1773
119 1774
120 1774
121 1774
122 1774
123 1774
124 1774
125 1774
126 1773
127 1773
128 1773
129 1773
130 1773
131 1773
132 1773
133 1773
134 1772
135 1772
136 1771
137 1771
138 1771
139 1771
140 1771
141 1771
142 1771
143 1771
144 1771
145 1771
146 1772
147 1772
148 1773
149 1773
150 1773
151 1773
152 1773
153 1773
154 1773
155 1773
156 1774
157 1774
158 1774
159 1774
160 1774
161 1774
162 1774
163 1774
164 1774
165 1774
166 1774
167 1774
168 1775
169 1775
170 1775
171 1776
172 1776
173 1776
174 1776
175 1776
176 1777
177 1777
178 1777
179 1777
180 1777
181 1777
182 1777
183 1777
184 1778
185 1778
186 1778
187 1777
188 1777
189 1776
190 1775
191 1774
192 1774
193 1773
194 1773
195 1773
196 1773
197 1773
198 1773
199 1773
200 1774
201 1775
202 1775
203 1775
204 1775
205 1774
206 1774
207 1773
208 1772
209 1771
210 1770
211 1769
212 1769
213 1768
214 1768
215 1767
216 1766
216 1765
217 1764
217 1763
217 1762
218 1761
218 1760
218 1759
218 1758
218 1757
218 1756
218 1755
219 1754
219 1753
219 1752
220 1751
220 1750
220 1749
220 1748
220 1747
220 1746
219 1745
218 1745
217 1744
216 1744
215 1744
214 1744
213 1744
212 1744
211 1744
210 1744
209 1745
208 1746
207 1746
206 1746
205 1745
204 1744
203 1743
202 1742
202 1741
202 1740
202 1739
202 1738
202 1737
201 1736
201 1735
200 1734
199 1733
198 1733
197 1732
196 1731
195 1730
195 1729
194 1728
193 1727
192 1726
191 1725
190 1725
189 1725
188 1724
187 1724
186 1724
185 1723
184 1723
183 1723
182 1723
181 1723
180 1723
179 1723
178 1723
177 1722
176 1722
175 1722
174 1722
173 1722
172 1721
171 1721
170 1721
169 1721
168 1721
167 1721
166 1720
165 1720
164 1720
163 1719
162 1719
161 1719
160 1718
159 1718
158 1718
157 1718
156 1717
155 1716
154 1716
153 1716
152 1716
151 1716
150 1715
149 1715
148 1714
147 1713
146 1713
145 1712
144 1711
143 1711
142 1711
141 1711
140 1710
139 1710
138 1710
137 1710
136 1710
135 1709
134 1709
133 1709
132 1708
131 1708
130 1708
129 1707
128 1707
127 1706
126 1706
125 1706
124 1706
123 1706
122 1705
121 1705
120 1705
119 1705
118 1705
117 1705
