860 1198
859 1199
858 1199
857 1199
856 1199
855 1199
854 1199
853 1199
852 1199
851 1199
850 1200
849 1200
848 1200
847 1200
846 1200
845 1200
844 1200
843 1200
842 1200
841 1200
840 1200
839 1200
838 1200
837 1200
836 1200
835 1200
834 1200
833 1200
832 1200
831 1200
830 1200
829 1200
828 1200
827 1200
826 1200
825 1200
824 1200
823 1200
822 1200
821 1200
820 1200
819 1200
818 1200
817 1200
816 1200
815 1200
814 1200
813 1200
812 1200
811 1200
810 1200
809 1200
808 1200
807 1200
806 1200
805 1200
804 1200
803 1200
802 1200
801 1200
800 1200
799 1200
798 1200
797 1200
796 1200
795 1200
794 1200
793 1200
792 1200
791 1200
790 1200
789 1200
788 1201
787 1201
786 1201
785 1201
784 1201
783 1201
782 1201
781 1201
780 1201
779 1201
778 1202
777 1202
776 1202
775 1202
774 1203
773 1203
772 1203
771 1203
770 1203
769 1203
768 1204
767 1204
766 1205
765 1205
764 1205
763 1205
762 1205
761 1205
760 1205
759 1205
758 1205
757 1205
756 1205
755 1205
754 1205
753 1205
752 1205
751 1205
750 1205
749 1205
748 1205
747 1205
746 1205
745 1205
744 1205
743 1205
742 1205
741 1205
740 1205
739 1205
738 1205
737 1205
736 1205
735 1205
734 1205
733 1205
732 1205
731 1205
730 1205
729 1205
728 1205
727 1205
726 1205
725 1205
724 1205
723 1205
722 1205
721 1205
720 1205
719 1205
718 1205
717 1205
716 1205
715 1205
714 1204
713 1204
712 1204
711 1204
710 1204
709 1204
708 1204
707 1204
706 1204
705 1204
704 1204
703 1204
702 1204
701 1204
700 1204
699 1204
698 1204
697 1204
696 1205
695 1205
694 1204
693 1204
692 1204
691 1204
690 1204
689 1204
688 1204
687 1204
686 1204
685 1204
684 1204
683 1204
682 1204
681 1204
680 1204
679 1204
678 1204
677 1203
676 1203
675 1203
674 1203
673 1203
672 1203
671 1203
670 1203
669 1203
668 1203
667 1203
666 1203
665 1203
664 1203
663 1203
662 1203
661 1203
660 1203
659 1203
658 1203
657 1203
656 1203
655 1203
654 1203
653 1203
652 1203
651 1203
650 1203
649 1203
648 1203
647 1203
646 1203
645 1203
644 1203
643 1203
642 1203
641 1203
640 1203
639 1203
638 1203
637 1203
636 1203
635 1203
634 1203
633 1203
632 1203
631 1203
630 1203
629 1203
628 1203
627 1203
626 1203
625 1203
624 1203
623 1203
622 1203
621 1203
620 1203
619 1203
618 1203
617 1203
616 1203
615 1203
614 1203
613 1203
612 1203
611 1203
610 1203
609 1203
608 1203
607 1203
606 1203
605 1203
604 1203
603 1203
602 1204
601 1204
600 1204
599 1204
598 1204
597 1204
596 1204
595 1204
594 1204
593 1204
592 1204
591 1204
590 1205
589 1205
588 1205
587 1205
586 1205
585 1205
584 1206
583 1206
582 1206
581 1206
580 1206
579 1207
578 1207
577 1207
576 1208
575 1208
574 1208
573 1209
572 1209
571 1209
570 1209
569 1209
568 1210
567 1210
566 1211
565 1211
564 1211
563 1211
562 1211
561 1211
560 1211
559 1212
558 1212
557 1212
556 1212
555 1213
554 1213
553 1213
552 1214
551 1214
550 1215
549 1215
548 1215
547 1216
546 1216
545 1217
544 1218
543 1219
542 1220
541 1220
540 1221
539 1221
538 1221
537 1221
536 1221
535 1222
534 1222
533 1222
532 1222
531 1222
530 1223
529 1223
528 1223
527 1224
526 1224
525 1225
524 1225
523 1225
522 1225
521 1226
520 1227
519 1228
518 1229
517 1230
516 1231
515 1232
514 1233
513 1233
512 1234
511 1235
510 1236
509 1237
508 1237
507 1238
506 1239
506 1240
506 1241
506 1242
506 1243
506 1244
506 1245
506 1246
506 1247
507 1248
507 1249
508 1249
509 1250
510 1251
511 1251
512 1252
513 1253
514 1254
515 1255
516 1256
517 1257
518 1258
519 1258
520 1259
521 1259
522 1259
523 1260
524 1260
525 1261
526 1262
527 1262
528 1263
529 1263
530 1264
531 1264
532 1264
533 1265
534 1265
535 1266
536 1267
537 1267
538 1268
539 1269
540 1269
541 1270
542 1270
543 1270
544 1271
545 1272
546 1273
547 1273
548 1274
549 1274
550 1274
551 1275
552 1276
553 1277
554 1277
555 1277
556 1277
557 1278
558 1278
559 1279
560 1279
561 1279
562 1280
563 1280
564 1281
565 1281
566 1282
567 1282
568 1283
569 1283
570 1283
571 1283
572 1283
573 1283
574 1283
575 1283
576 1283
577 1283
578 1283
579 1283
580 1283
581 1284
582 1284
583 1285
584 1286
585 1286
586 1287
587 1287
588 1287
589 1287
590 1288
591 1288
592 1288
593 1289
594 1289
595 1289
596 1290
597 1290
598 1290
599 1290
600 1290
601 1291
602 1291
603 1291
604 1292
605 1293
606 1293
607 1293
608 1293
609 1293
610 1294
611 1294
612 1295
613 1295
614 1295
615 1296
616 1296
617 1296
618 1297
619 1298
620 1298
621 1298
622 1298
623 1298
624 1298
625 1298
626 1299
627 1299
628 1300
629 1301
630 1302
631 1303
632 1304
633 1305
634 1305
635 1305
636 1306
637 1306
638 1306
639 1307
640 1308
641 1308
642 1309
643 1310
644 1310
645 1311
646 1311
647 1312
648 1313
649 1313
650 1314
651 1314
652 1315
653 1315
654 1316
655 1316
656 1316
657 1317
658 1317
659 1317
660 1317
661 1317
662 1317
663 1317
664 1317
665 1318
666 1318
667 1319
668 1320
669 1321
670 1322
671 1323
672 1323
673 1324
674 1324
675 1325
676 1325
677 1326
678 1326
679 1327
680 1327
681 1328
682 1328
683 1329
684 1329
685 1329
686 1329
687 1330
688 1330
689 1330
690 1331
691 1331
692 1331
693 1332
694 1332
695 1332
696 1332
697 1333
698 1333
699 1333
700 1333
701 1334
702 1334
703 1334
704 1334
705 1334
706 1334
707 1334
708 1334
709 1334
710 1334
711 1334
712 1335
713 1335
714 1335
715 1336
716 1335
717 1336
718 1336
719 1336
720 1337
721 1337
722 1337
723 1338
723 1339
724 1340
725 1341
726 1342
727 1342
728 1342
729 1343
730 1343
731 1344
732 1344
733 1345
734 1345
735 1346
736 1347
737 1348
738 1349
739 1350
740 1350
741 1350
742 1351
743 1351
744 1352
745 1352
746 1353
747 1353
748 1353
749 1353
750 1353
751 1353
752 1354
753 1354
754 1354
755 1354
756 1354
757 1354
758 1355
759 1356
760 1357
761 1357
762 1358
763 1358
764 1358
765 1359
766 1359
767 1359
768 1359
769 1359
770 1359
771 1359
772 1359
773 1359
774 1360
775 1360
776 1361
777 1362
778 1362
779 1362
780 1363
781 1363
782 1363
783 1363
784 1363
785 1363
786 1363
787 1363
788 1364
789 1364
790 1364
791 1364
792 1364
793 1364
794 1364
795 1364
796 1364
797 1364
798 1364
799 1365
800 1365
801 1365
802 1365
803 1365
804 1365
805 1365
806 1365
807 1365
808 1365
809 1365
810 1365
811 1365
812 1365
813 1365
814 1366
815 1366
816 1366
817 1367
818 1368
819 1368
820 1369
821 1370
822 1370
823 1370
824 1370
825 1370
826 1370
827 1370
828 1370
829 1370
830 1370
831 1370
832 1370
833 1370
834 1369
835 1368
836 1368
837 1367
838 1367
839 1366
840 1366
841 1365
842 1364
843 1364
844 1363
845 1362
846 1361
847 1360
848 1359
849 1358
850 1357
851 1357
852 1356
853 1356
854 1355
855 1355
856 1355
857 1355
858 1355
859 1354
860 1353
861 1353
862 1353
863 1352
864 1352
865 1351
866 1351
867 1350
868 1350
869 1350
870 1349
871 1349
872 1348
873 1348
874 1347
875 1347
876 1347
877 1346
878 1345
879 1345
880 1344
881 1344
882 1343
883 1343
884 1342
885 1341
886 1340
887 1339
888 1339
889 1339
890 1339
891 1339
892 1338
893 1338
894 1338
895 1338
896 1337
897 1337
898 1336
899 1336
900 1336
901 1335
902 1335
903 1334
904 1334
905 1333
906 1332
907 1332
908 1331
909 1331
910 1330
911 1330
912 1329
913 1328
914 1327
915 1327
916 1326
917 1326
918 1326
919 1325
920 1324
921 1323
922 1323
923 1322
924 1321
925 1321
926 1320
927 1320
928 1319
929 1318
930 1318
931 1317
931 1316
931 1315
931 1314
931 1313
931 1312
931 1311
931 1310
931 1309
931 1308
931 1307
931 1306
931 1305
931 1304
931 1303
931 1302
931 1301
931 1300
931 1299
931 1298
931 1297
931 1296
931 1295
931 1294
931 1293
931 1292
931 1291
931 1290
931 1289
931 1288
931 1287
931 1286
931 1285
931 1284
931 1283
931 1282
931 1281
931 1280
931 1279
932 1278
933 1277
933 1276
934 1275
934 1274
934 1273
934 1272
934 1271
934 1270
934 1269
934 1268
934 1267
934 1266
934 1265
934 1264
934 1263
933 1262
933 1261
933 1260
932 1259
932 1258
932 1257
931 1256
931 1255
931 1254
931 1253
931 1252
931 1251
931 1250
931 1249
931 1248
931 1247
931 1246
930 1245
929 1244
928 1243
928 1242
927 1241
927 1240
927 1239
926 1238
926 1237
926 1236
926 1235
926 1234
926 1233
926 1232
926 1231
926 1230
925 1229
924 1228
923 1227
922 1226
921 1225
920 1224
920 1223
919 1222
918 1221
918 1220
917 1219
916 1218
915 1217
914 1216
914 1215
913 1214
912 1213
911 1212
910 1211
909 1210
908 1209
907 1208
906 1207
905 1206
905 1205
904 1204
903 1203
902 1203
901 1202
900 1202
899 1201
898 1201
897 1201
896 1201
895 1201
894 1201
893 1201
892 1201
891 1201
890 1201
889 1201
888 1200
887 1200
886 1200
885 1200
884 1200
883 1199
882 1199
881 1199
880 1198
879 1198
878 1198
877 1198
876 1198
875 1198
874 1198
873 1198
872 1198
871 1198
870 1198
869 1198
868 1198
867 1198
866 1198
865 1198
864 1198
863 1198
862 1198
861 1198
860 1198
