541 463
540 464
539 464
538 464
537 465
536 465
535 465
534 465
533 465
532 465
531 466
530 466
529 466
528 466
527 466
526 467
525 468
525 469
524 470
524 471
524 472
524 473
524 474
525 475
525 476
525 477
526 478
526 479
526 480
527 481
527 482
527 483
528 484
528 485
529 486
529 487
529 488
529 489
529 490
530 491
530 492
531 493
531 494
531 495
532 496
532 497
532 498
532 499
533 500
534 501
534 502
535 503
536 504
537 505
538 506
539 507
540 508
541 509
542 510
543 510
544 511
545 512
546 513
547 514
548 515
549 515
550 516
551 517
552 517
553 518
554 519
555 519
556 520
557 520
558 521
559 521
560 522
561 523
562 523
563 524
564 524
565 525
566 526
567 526
568 527
569 528
570 528
571 528
572 528
573 529
574 529
575 529
576 530
577 529
578 529
579 529
580 529
581 530
582 530
583 530
584 531
585 531
586 531
587 531
588 531
589 531
590 532
591 532
592 532
593 532
594 532
595 532
596 532
597 532
598 532
599 532
600 532
601 532
602 532
603 532
604 532
605 532
606 532
607 532
608 532
609 532
610 532
611 532
612 532
613 532
614 532
615 532
616 532
617 531
618 531
619 531
620 531
621 531
622 530
623 530
624 530
625 529
626 529
627 528
628 528
629 528
630 527
631 527
632 527
633 526
634 526
635 526
636 525
637 525
638 524
638 523
639 522
639 521
640 520
640 519
640 518
640 517
640 516
640 515
641 514
641 513
641 512
642 511
642 510
642 509
642 508
642 507
642 506
642 505
642 504
642 503
642 502
642 501
642 500
642 499
641 498
641 497
641 496
641 495
640 494
640 493
640 492
640 491
640 490
640 489
640 488
640 487
640 486
640 485
640 484
640 483
640 482
640 481
639 480
639 479
638 478
637 478
636 477
635 477
634 476
633 475
632 474
631 473
630 472
630 471
629 470
628 470
627 470
626 470
625 470
624 469
623 469
622 469
621 468
620 468
619 468
618 467
617 467
616 467
615 467
614 467
613 467
612 466
611 466
610 466
609 466
608 466
607 466
606 466
605 466
604 466
603 466
602 466
601 465
600 465
599 465
598 465
597 465
596 465
595 465
594 465
593 466
592 466
591 466
590 466
589 466
588 466
587 466
586 466
585 465
584 465
583 465
582 465
581 465
580 465
579 465
578 465
577 466
576 466
575 466
574 465
573 465
572 465
571 465
570 465
569 465
568 465
567 465
566 465
565 465
564 465
563 465
562 465
561 465
560 465
559 465
558 465
557 465
556 465
555 465
554 465
553 465
552 465
551 465
550 465
549 465
548 464
547 464
546 464
545 463
544 464
543 464
542 464
541 463
