718 1380
717 1381
716 1382
715 1382
714 1382
713 1382
712 1382
711 1382
710 1382
709 1382
708 1382
707 1382
706 1382
705 1382
704 1382
703 1382
702 1382
701 1382
700 1382
699 1382
698 1382
697 1382
696 1382
695 1382
694 1382
693 1382
692 1382
691 1382
690 1382
689 1382
688 1382
687 1382
686 1382
685 1382
684 1382
683 1382
682 1382
681 1382
680 1382
679 1382
678 1382
677 1383
676 1384
675 1385
675 1386
675 1387
675 1388
675 1389
675 1390
676 1391
676 1392
676 1393
676 1394
676 1395
677 1396
678 1397
679 1398
680 1399
681 1400
682 1400
683 1401
684 1401
685 1402
686 1403
687 1403
688 1404
689 1405
690 1405
691 1406
692 1407
693 1407
694 1408
695 1408
696 1408
697 1409
698 1409
699 1410
700 1411
701 1411
702 1412
703 1412
704 1413
705 1413
706 1413
707 1414
708 1414
709 1415
710 1415
711 1416
712 1416
713 1417
714 1417
715 1417
716 1417
717 1418
718 1418
719 1418
720 1419
721 1419
722 1419
723 1419
724 1419
725 1419
726 1419
727 1420
728 1420
729 1420
730 1421
731 1421
732 1422
733 1422
734 1423
735 1423
736 1423
737 1424
738 1424
739 1424
740 1424
741 1424
742 1424
743 1423
744 1423
745 1423
746 1423
747 1422
748 1422
749 1422
750 1422
751 1422
752 1422
753 1422
754 1422
755 1422
756 1422
757 1422
758 1422
759 1422
760 1422
761 1421
762 1421
763 1421
764 1421
765 1420
766 1420
767 1419
768 1419
769 1419
770 1418
771 1418
772 1417
773 1416
773 1415
774 1414
774 1413
774 1412
774 1411
774 1410
774 1409
775 1408
775 1407
775 1406
775 1405
775 1404
775 1403
775 1402
775 1401
775 1400
775 1399
775 1398
775 1397
774 1396
774 1395
774 1394
774 1393
774 1392
774 1391
773 1390
773 1389
772 1388
771 1387
770 1386
769 1385
768 1384
767 1383
766 1382
765 1381
764 1380
763 1380
762 1380
761 1380
760 1380
759 1380
758 1380
757 1380
756 1380
755 1380
754 1380
753 1380
752 1380
751 1380
750 1380
749 1380
748 1380
747 1380
746 1380
745 1380
744 1380
743 1380
742 1380
741 1380
740 1380
739 1380
738 1380
737 1380
736 1380
735 1380
734 1380
733 1380
732 1380
731 1380
730 1380
729 1380
728 1380
727 1380
726 1380
725 1380
724 1380
723 1380
722 1380
721 1380
720 1380
719 1380
718 1380
