383 711
382 712
381 712
380 712
379 713
378 713
377 713
376 713
375 713
374 713
373 713
372 713
371 713
370 713
369 714
368 714
367 715
366 715
365 716
364 716
363 716
362 716
361 716
360 716
359 717
358 717
357 718
357 719
356 720
356 721
356 722
356 723
356 724
355 725
354 726
353 727
352 728
352 729
351 730
350 731
350 732
350 733
350 734
349 735
349 736
349 737
349 738
348 739
348 740
347 741
347 742
347 743
346 744
346 745
346 746
346 747
346 748
346 749
346 750
347 751
347 752
347 753
347 754
348 755
348 756
349 757
350 758
351 759
352 760
353 760
354 761
355 761
356 761
357 762
358 762
359 763
360 764
361 765
362 766
363 767
364 767
365 768
366 768
367 768
368 768
369 768
370 768
371 768
372 769
373 769
374 769
375 769
376 770
377 770
378 770
379 770
380 770
381 771
382 771
383 772
384 772
385 773
386 773
387 773
388 773
389 773
390 772
391 772
392 772
393 771
394 771
395 771
396 771
397 771
398 771
399 771
400 771
401 771
402 771
403 772
404 771
405 771
406 770
407 770
408 770
409 771
410 771
411 771
412 771
413 771
414 771
415 771
416 771
417 771
418 770
419 770
420 770
421 770
422 770
423 770
424 770
425 770
426 770
427 770
428 770
429 770
430 770
431 770
432 770
433 770
434 770
435 770
436 770
437 770
438 770
439 770
440 770
441 770
442 770
443 770
444 770
445 770
446 770
447 770
448 770
449 770
450 770
451 770
452 770
453 770
454 770
455 770
456 770
457 769
458 769
459 768
460 767
461 766
462 765
463 764
463 763
464 762
464 761
464 760
464 759
464 758
464 757
464 756
464 755
464 754
464 753
464 752
464 751
464 750
464 749
464 748
464 747
463 746
463 745
463 744
463 743
463 742
463 741
463 740
463 739
463 738
463 737
462 736
462 735
462 734
462 733
462 732
462 731
462 730
462 729
462 728
461 727
461 726
460 725
459 724
458 723
457 722
456 721
455 721
454 720
453 719
452 718
451 717
450 716
449 716
448 715
447 715
446 715
445 715
444 715
443 715
442 714
441 714
440 714
439 714
438 713
437 713
436 713
435 713
434 713
433 713
432 713
431 712
430 712
429 712
428 712
427 712
426 712
425 712
424 712
423 712
422 712
421 712
420 712
419 712
418 712
417 712
416 712
415 712
414 712
413 712
412 712
411 712
410 712
409 712
408 712
407 712
406 712
405 712
404 712
403 712
402 712
401 712
400 712
399 712
398 712
397 712
396 712
395 712
394 712
393 712
392 712
391 712
390 712
389 712
388 712
387 712
386 712
385 712
384 712
383 711
