1049 218
1048 219
1047 220
1046 221
1045 222
1044 223
1044 224
1043 225
1043 226
1042 227
1041 228
1040 229
1039 230
1038 231
1038 232
1037 233
1037 234
1036 235
1036 236
1036 237
1036 238
1036 239
1035 240
1034 241
1033 242
1032 242
1031 243
1030 243
1029 243
1028 243
1027 243
1026 243
1025 243
1024 244
1023 244
1022 244
1021 244
1020 244
1019 244
1018 244
1017 244
1016 244
1015 244
1014 244
1013 244
1012 244
1011 244
1010 244
1009 244
1008 244
1007 244
1006 244
1005 244
1004 245
1003 245
1002 245
1001 245
1000 245
999 245
998 245
997 245
996 245
995 245
994 245
993 244
992 244
991 244
990 244
989 244
988 244
987 244
986 244
985 244
984 244
983 244
982 244
981 244
980 244
979 244
978 244
977 244
976 244
975 244
974 244
973 244
972 244
971 244
970 244
969 244
968 244
967 244
966 244
965 244
964 244
963 244
962 244
961 244
960 244
959 244
958 244
957 245
956 245
955 245
954 245
953 245
952 245
951 245
950 245
949 245
948 245
947 246
946 246
945 246
944 247
943 248
942 248
941 249
940 249
939 250
938 251
937 251
936 252
935 253
934 253
933 254
932 254
931 255
930 256
929 256
928 257
927 258
926 259
925 260
924 260
923 261
922 262
921 262
920 263
919 263
918 263
917 264
916 264
915 265
914 265
913 266
912 267
911 267
910 268
909 268
909 269
908 270
908 271
908 272
908 273
909 274
909 275
909 276
910 277
910 278
910 279
910 280
911 281
912 282
913 283
914 284
914 285
915 286
915 287
915 288
916 288
917 289
918 290
919 291
920 292
921 293
922 294
923 295
924 296
925 297
926 298
927 299
928 300
929 301
930 302
930 303
930 304
931 305
931 306
931 307
931 308
932 309
932 310
932 311
932 312
932 313
933 314
933 315
934 316
935 317
935 318
935 319
936 320
936 321
937 322
937 323
938 324
939 325
940 326
941 327
942 328
942 329
943 330
944 331
944 332
945 333
946 334
947 335
948 336
949 337
950 338
951 339
952 340
953 341
954 342
955 343
956 344
957 345
958 346
959 346
960 347
961 347
962 347
963 348
964 348
965 347
966 346
967 346
968 346
969 346
970 346
971 346
972 345
973 345
974 345
975 345
976 344
977 343
978 343
979 343
980 342
981 342
982 341
983 341
984 341
985 341
986 341
987 340
988 340
989 340
990 339
991 339
992 339
993 339
994 339
995 338
996 338
997 338
998 338
999 337
1000 337
1001 337
1002 336
1003 336
1004 335
1005 335
1006 335
1007 335
1008 335
1009 335
1010 335
1011 334
1012 334
1013 334
1014 333
1015 333
1016 333
1017 333
1018 332
1019 332
1020 332
1021 332
1022 332
1023 332
1024 332
1025 332
1026 332
1027 331
1028 331
1029 331
1030 330
1031 330
1032 330
1033 330
1034 329
1035 329
1036 329
1037 329
1038 329
1039 328
1040 328
1041 328
1042 328
1043 328
1044 328
1045 328
1046 328
1047 328
1048 328
1049 328
1050 327
1051 327
1052 327
1053 327
1054 327
1055 327
1056 327
1057 327
1058 327
1059 327
1060 327
1061 327
1062 327
1063 327
1064 327
1065 327
1066 327
1067 326
1068 326
1069 326
1070 326
1071 326
1072 326
1073 326
1074 327
1075 327
1076 328
1077 328
1078 328
1079 328
1080 328
1081 328
1082 328
1083 328
1084 328
1085 328
1086 328
1087 328
1088 328
1089 328
1090 328
1091 328
1092 328
1093 328
1094 328
1095 328
1096 328
1097 328
1098 328
1099 328
1100 328
1101 328
1102 328
1103 328
1104 328
1105 329
1106 328
1107 328
1108 329
1109 328
1110 328
1111 328
1112 328
1113 328
1114 328
1115 328
1116 327
1117 327
1118 327
1119 326
1120 325
1121 324
1122 323
1123 322
1124 322
1125 321
1126 320
1127 320
1128 319
1129 318
1130 317
1131 316
1131 315
1132 314
1132 313
1132 312
1132 311
1132 310
1132 309
1132 308
1132 307
1132 306
1132 305
1132 304
1132 303
1132 302
1132 301
1132 300
1132 299
1132 298
1132 297
1132 296
1132 295
1132 294
1132 293
1132 292
1132 291
1132 290
1132 289
1132 288
1132 287
1132 286
1132 285
1132 284
1133 283
1133 282
1133 281
1133 280
1133 279
1133 278
1133 277
1133 276
1133 275
1133 274
1133 273
1133 272
1133 271
1133 270
1133 269
1133 268
1132 267
1132 266
1131 265
1130 264
1130 263
1130 262
1129 261
1129 260
1129 259
1128 258
1128 257
1127 256
1127 255
1126 254
1126 253
1125 253
1124 252
1123 251
1122 250
1121 249
1120 248
1120 247
1119 247
1118 246
1117 246
1116 245
1115 245
1114 245
1113 244
1112 243
1111 243
1110 243
1109 242
1108 242
1107 241
1106 241
1105 240
1104 240
1103 239
1102 238
1101 238
1100 238
1099 237
1098 237
1097 236
1096 236
1095 235
1094 235
1093 235
1092 234
1091 234
1090 233
1089 233
1088 232
1087 232
1086 232
1085 231
1084 231
1083 230
1082 230
1081 230
1080 229
1079 228
1078 227
1077 227
1076 227
1075 227
1074 227
1073 226
1072 226
1071 226
1070 225
1069 225
1068 224
1067 223
1066 223
1065 223
1064 222
1063 222
1062 222
1061 221
1060 221
1059 220
1058 220
1057 219
1056 219
1055 218
1054 218
1053 218
1052 218
1051 218
1050 218
1049 218
