264 1550
263 1551
262 1551
261 1551
260 1552
259 1552
258 1552
257 1552
256 1552
255 1552
254 1552
253 1553
252 1553
251 1553
250 1553
249 1553
248 1553
247 1554
246 1554
245 1554
244 1555
243 1555
242 1555
241 1555
240 1555
239 1555
238 1555
237 1555
236 1555
235 1555
234 1555
233 1555
232 1556
231 1556
230 1556
229 1556
228 1556
227 1556
226 1557
225 1558
224 1558
223 1559
222 1559
221 1560
220 1560
219 1561
219 1562
218 1563
218 1564
218 1565
218 1566
218 1567
218 1568
219 1569
220 1570
221 1571
222 1571
223 1572
224 1572
225 1572
226 1572
227 1573
228 1573
229 1573
230 1574
231 1574
232 1574
233 1574
234 1574
235 1574
236 1574
237 1574
238 1574
239 1574
240 1574
241 1574
242 1574
243 1574
244 1575
245 1575
246 1575
247 1575
248 1575
249 1575
250 1575
251 1575
252 1575
253 1575
254 1575
255 1575
256 1575
257 1575
258 1575
259 1575
260 1575
261 1575
262 1575
263 1575
264 1575
265 1575
266 1575
267 1575
268 1575
269 1575
270 1575
271 1575
272 1575
273 1575
274 1575
275 1575
276 1575
277 1575
278 1575
279 1574
280 1574
281 1574
282 1574
283 1574
284 1574
285 1573
286 1573
287 1573
288 1572
289 1572
290 1572
291 1572
292 1572
293 1572
294 1572
295 1572
296 1571
297 1571
298 1570
299 1570
300 1569
301 1569
302 1569
303 1568
304 1568
305 1568
306 1567
307 1567
308 1566
309 1566
310 1565
311 1565
312 1564
313 1564
314 1563
315 1562
316 1561
316 1560
316 1559
316 1558
316 1557
315 1557
314 1557
313 1556
312 1556
311 1555
310 1554
309 1554
308 1553
307 1553
306 1553
305 1552
304 1552
303 1552
302 1551
301 1551
300 1551
299 1551
298 1551
297 1551
296 1551
295 1551
294 1551
293 1551
292 1551
291 1551
290 1551
289 1551
288 1551
287 1551
286 1551
285 1551
284 1551
283 1551
282 1551
281 1551
280 1551
279 1550
278 1550
277 1550
276 1550
275 1550
274 1550
273 1550
272 1550
271 1550
270 1550
269 1550
268 1550
267 1550
266 1550
265 1550
264 1550
