291 1769
290 1770
289 1770
288 1771
287 1771
286 1772
285 1772
284 1772
283 1772
282 1773
281 1773
280 1773
279 1773
278 1773
277 1773
276 1774
275 1774
274 1774
273 1775
272 1775
271 1775
270 1775
269 1775
268 1775
267 1776
266 1776
265 1776
264 1777
263 1777
262 1777
261 1777
260 1777
259 1777
258 1777
257 1777
256 1778
255 1778
254 1778
253 1778
252 1778
251 1778
250 1778
249 1778
248 1778
247 1779
246 1779
245 1779
244 1779
243 1779
242 1779
241 1779
240 1780
239 1781
238 1782
238 1783
238 1784
238 1785
238 1786
239 1787
239 1788
240 1789
241 1789
242 1790
243 1790
244 1791
245 1791
246 1792
247 1793
248 1793
249 1794
250 1795
251 1796
252 1797
253 1797
254 1797
255 1798
256 1799
257 1800
258 1801
259 1801
260 1802
261 1802
262 1803
263 1804
264 1804
265 1805
266 1805
267 1805
268 1806
269 1806
270 1807
271 1807
272 1808
273 1809
274 1809
275 1810
276 1811
277 1811
278 1811
279 1812
280 1812
281 1812
282 1812
283 1812
284 1812
285 1811
286 1811
287 1811
288 1810
289 1810
290 1810
291 1810
292 1810
293 1810
294 1810
295 1810
296 1810
297 1810
298 1810
299 1810
300 1810
301 1810
302 1810
303 1810
304 1810
305 1810
306 1810
307 1810
308 1810
309 1810
310 1810
311 1809
312 1808
313 1807
314 1806
315 1806
316 1805
317 1804
318 1804
319 1803
320 1802
321 1802
322 1802
323 1801
324 1801
325 1800
325 1799
325 1798
325 1797
324 1796
324 1795
323 1794
323 1793
322 1792
321 1791
321 1790
321 1789
321 1788
321 1787
320 1786
320 1785
319 1784
319 1783
319 1782
319 1781
319 1780
318 1779
317 1778
317 1777
316 1776
315 1775
314 1774
313 1774
312 1774
311 1774
310 1774
309 1774
308 1774
307 1773
306 1773
305 1773
304 1774
303 1774
302 1774
301 1774
300 1773
299 1773
298 1773
297 1772
296 1771
295 1770
294 1769
293 1769
292 1769
291 1769
