351 817
350 818
349 818
348 818
347 818
346 818
345 818
344 818
343 818
342 818
341 818
340 819
339 819
338 819
337 819
336 819
335 819
334 819
333 819
332 819
331 819
330 819
329 819
328 818
327 818
326 819
325 819
324 819
323 819
322 819
321 819
320 819
319 820
318 820
317 820
316 821
315 821
314 821
313 821
312 821
311 821
310 821
309 821
308 821
307 821
306 821
305 821
304 821
303 821
302 821
301 820
300 820
299 819
298 819
297 819
296 819
295 819
294 819
293 819
292 819
291 819
290 819
289 819
288 819
287 819
286 819
285 820
284 820
283 821
282 821
281 821
280 821
279 821
278 821
277 822
276 822
275 823
274 823
273 824
272 824
271 824
270 824
269 825
268 825
267 826
266 826
265 826
264 827
263 827
262 828
261 828
260 828
259 829
258 829
257 829
256 830
255 830
254 831
253 831
252 832
251 832
250 833
249 833
248 834
247 834
246 834
245 835
244 835
243 835
242 836
241 836
240 836
239 836
238 837
237 837
236 837
235 837
234 838
233 839
232 840
231 841
230 841
229 842
228 842
227 843
226 844
225 845
224 845
223 846
222 846
221 847
220 847
220 848
219 849
219 850
219 851
219 852
220 853
220 854
221 855
222 855
223 856
224 856
225 856
226 856
227 857
228 858
228 859
229 860
230 861
230 862
231 863
231 864
232 865
233 866
234 867
234 868
235 869
236 870
236 871
237 872
237 873
237 874
237 875
237 876
237 877
238 877
239 877
240 877
241 878
242 878
243 878
244 878
245 878
246 878
247 877
248 877
249 876
250 876
251 876
252 875
253 875
254 875
255 875
256 875
257 875
258 874
259 874
260 874
261 874
262 874
263 874
264 874
265 874
266 874
267 874
268 874
269 874
270 874
271 874
272 874
273 874
274 874
275 874
276 874
277 874
278 874
279 874
280 873
281 872
282 871
283 870
284 870
285 869
286 869
287 869
288 869
289 869
290 870
291 870
292 870
293 870
294 871
295 871
296 871
297 872
298 872
299 872
300 872
301 873
302 873
303 874
304 874
305 874
306 874
307 874
308 874
309 874
310 874
311 874
312 875
313 875
314 875
315 875
316 875
317 875
318 875
319 875
320 875
321 875
322 875
323 876
324 876
325 876
326 877
327 877
328 877
329 878
330 878
331 878
332 878
333 878
334 878
335 878
336 878
337 878
338 878
339 878
340 878
341 878
342 878
343 878
344 878
345 878
346 878
347 878
348 878
349 878
350 878
351 878
352 878
353 878
354 879
355 879
356 879
357 879
358 879
359 879
360 879
361 879
362 879
363 879
364 879
365 879
366 879
367 879
368 879
369 879
370 879
371 879
372 879
373 879
374 879
375 878
376 878
377 877
378 877
379 876
380 875
381 874
382 873
382 872
383 871
383 870
384 869
384 868
385 867
386 866
386 865
387 864
388 863
388 862
388 861
388 860
389 859
389 858
389 857
390 856
390 855
390 854
391 853
391 852
391 851
390 850
390 849
390 848
389 847
389 846
388 845
388 844
387 843
387 842
387 841
386 840
386 839
386 838
385 837
385 836
384 835
384 834
383 833
383 832
382 831
381 830
381 829
380 828
380 827
379 826
379 825
378 824
377 823
376 823
375 822
374 821
373 821
372 820
371 820
370 819
369 819
368 819
367 818
366 818
365 818
364 818
363 818
362 818
361 818
360 818
359 818
358 818
357 818
356 818
355 818
354 818
353 817
352 817
351 817
