242 847
241 848
240 849
239 850
239 851
238 852
237 853
237 854
236 855
236 856
236 857
235 858
235 859
234 860
233 861
233 862
232 863
232 864
231 865
231 866
231 867
230 868
230 869
230 870
229 871
229 872
229 873
229 874
229 875
228 876
228 877
228 878
227 879
227 880
227 881
227 882
227 883
227 884
227 885
226 886
226 887
226 888
225 889
225 890
225 891
225 892
225 893
225 894
225 895
225 896
225 897
225 898
225 899
224 900
224 901
224 902
224 903
224 904
224 905
223 906
223 907
223 908
223 909
223 910
223 911
222 912
222 913
222 914
222 915
222 916
221 917
221 918
221 919
221 920
220 921
220 922
220 923
220 924
219 925
219 926
219 927
218 928
218 929
218 930
218 931
217 932
217 933
217 934
217 935
217 936
217 937
218 938
218 939
219 940
220 940
221 940
222 940
223 939
224 938
225 937
226 937
227 936
228 935
229 934
230 934
231 933
232 932
233 931
234 930
235 929
236 928
237 927
238 927
239 926
240 926
241 926
242 925
243 924
244 923
245 923
246 922
247 922
248 922
249 921
250 921
251 920
252 919
253 919
254 919
255 918
256 918
257 918
258 918
259 917
260 917
261 916
262 916
263 916
264 915
265 915
266 914
267 914
268 914
269 914
270 914
271 914
272 913
273 913
274 913
275 913
276 913
277 913
278 913
279 913
280 914
281 914
282 914
283 914
284 915
285 915
286 915
287 915
288 915
289 915
290 915
291 915
292 914
293 914
294 913
295 912
296 912
297 911
298 910
299 909
300 908
301 907
302 906
303 906
304 905
305 904
306 903
307 903
308 902
308 901
309 900
308 899
308 898
308 897
309 896
310 895
311 894
312 893
312 892
312 891
313 890
313 889
314 888
314 887
314 886
315 885
315 884
315 883
315 882
315 881
315 880
315 879
315 878
314 877
313 876
312 875
311 874
311 873
310 872
309 871
309 870
309 869
309 868
308 867
308 866
307 865
307 864
306 863
306 862
305 861
305 860
304 859
303 858
302 857
301 856
300 856
299 855
298 855
297 855
296 855
295 855
294 855
293 854
292 854
291 854
290 854
289 853
288 853
287 853
286 853
285 853
284 853
283 853
282 852
281 852
280 852
279 852
278 852
277 852
276 852
275 852
274 851
273 851
272 851
271 850
270 850
269 850
268 850
267 850
266 850
265 850
264 849
263 849
262 849
261 849
260 849
259 849
258 849
257 849
256 849
255 849
254 849
253 849
252 849
251 848
250 848
249 848
248 848
247 848
246 847
245 847
244 847
243 847
242 847
