525 1384
524 1385
523 1386
522 1387
521 1387
520 1388
519 1389
518 1390
517 1391
516 1392
515 1393
514 1394
513 1395
512 1396
511 1397
510 1398
509 1399
508 1400
507 1401
506 1402
505 1403
504 1404
503 1405
502 1406
501 1407
500 1408
499 1409
498 1410
497 1411
496 1412
495 1413
494 1414
493 1415
492 1416
491 1417
490 1418
489 1419
489 1420
488 1421
487 1422
486 1423
485 1424
484 1425
483 1426
482 1427
481 1428
480 1428
479 1429
478 1429
477 1430
476 1431
475 1432
474 1433
473 1434
472 1435
471 1436
470 1436
469 1437
468 1438
467 1439
466 1439
465 1440
464 1441
463 1441
462 1442
461 1443
461 1444
460 1445
460 1446
460 1447
459 1448
459 1449
458 1450
458 1451
457 1452
457 1453
457 1454
458 1455
458 1456
459 1457
460 1458
461 1458
462 1458
463 1458
464 1459
465 1460
466 1460
467 1461
468 1461
469 1461
470 1461
471 1462
472 1463
473 1464
474 1464
475 1465
476 1466
477 1466
478 1467
479 1468
480 1468
481 1469
482 1469
483 1470
484 1471
485 1471
486 1471
487 1472
488 1472
489 1472
490 1472
491 1472
492 1472
493 1472
494 1473
495 1473
496 1473
497 1473
498 1474
499 1474
500 1474
501 1475
502 1475
503 1475
504 1476
505 1476
506 1476
507 1477
508 1477
509 1477
510 1476
511 1475
512 1475
513 1474
514 1474
515 1474
516 1474
517 1474
518 1474
519 1473
520 1473
521 1472
522 1472
523 1472
524 1472
525 1472
526 1472
527 1472
528 1471
529 1471
530 1471
531 1471
532 1471
533 1471
534 1471
535 1471
536 1471
537 1471
538 1471
539 1471
540 1471
541 1470
542 1470
543 1470
544 1469
545 1469
546 1469
547 1469
548 1469
549 1469
550 1469
551 1469
552 1469
553 1469
554 1469
555 1469
556 1469
557 1469
558 1469
559 1468
560 1468
561 1468
562 1468
563 1468
564 1468
565 1468
566 1468
567 1468
568 1468
569 1467
570 1467
571 1467
572 1467
573 1467
574 1467
575 1467
576 1467
577 1467
578 1467
579 1467
580 1467
581 1467
582 1467
583 1467
584 1467
585 1467
586 1467
587 1467
588 1467
589 1467
590 1467
591 1467
592 1467
593 1467
594 1467
595 1467
596 1467
597 1466
598 1466
599 1465
600 1465
601 1465
602 1464
603 1464
604 1464
605 1463
606 1463
607 1463
608 1463
609 1462
610 1462
611 1462
612 1462
613 1462
614 1461
615 1461
616 1461
617 1461
618 1461
619 1461
620 1461
621 1461
622 1461
623 1461
624 1461
625 1460
626 1460
627 1460
628 1459
629 1459
630 1459
631 1458
632 1458
633 1457
634 1457
635 1456
636 1455
637 1455
637 1454
638 1453
638 1452
638 1451
639 1450
639 1449
639 1448
640 1447
640 1446
640 1445
640 1444
640 1443
640 1442
640 1441
640 1440
640 1439
639 1438
639 1437
638 1436
637 1435
636 1434
635 1433
634 1432
633 1431
633 1430
632 1429
632 1428
631 1427
630 1426
629 1425
628 1424
627 1423
626 1422
626 1421
625 1420
624 1419
623 1418
622 1417
622 1416
621 1415
620 1414
620 1413
619 1413
618 1412
618 1411
617 1410
616 1409
615 1408
614 1408
613 1407
612 1407
611 1407
610 1406
609 1406
608 1405
607 1405
606 1405
605 1404
604 1404
603 1403
602 1402
602 1401
601 1400
600 1399
600 1398
599 1398
598 1397
597 1397
596 1397
595 1397
594 1397
593 1397
592 1397
591 1397
590 1397
589 1397
588 1397
587 1397
586 1397
585 1397
584 1397
583 1397
582 1397
581 1397
580 1397
579 1397
578 1397
577 1397
576 1397
575 1397
574 1397
573 1396
572 1396
571 1395
570 1395
569 1395
568 1395
567 1395
566 1395
565 1395
564 1395
563 1395
562 1395
561 1395
560 1395
559 1395
558 1395
557 1395
556 1395
555 1395
554 1395
553 1394
552 1394
551 1393
550 1393
549 1392
548 1392
547 1392
546 1391
545 1391
544 1391
543 1390
542 1390
541 1389
540 1389
539 1388
538 1388
537 1387
536 1387
535 1386
534 1385
533 1384
532 1384
531 1384
530 1384
529 1384
528 1384
527 1384
526 1384
525 1384
