925 304
924 305
923 305
922 306
921 306
920 306
919 306
918 307
917 307
916 308
915 308
914 309
913 309
912 309
911 309
910 310
909 311
909 312
908 313
907 314
906 315
905 316
905 317
904 318
903 319
903 320
903 321
903 322
903 323
903 324
903 325
903 326
903 327
904 328
904 329
904 330
904 331
905 332
905 333
905 334
905 335
906 336
906 337
906 338
907 339
907 340
908 341
908 342
908 343
909 344
910 345
911 346
912 347
912 348
913 349
914 350
915 350
916 351
917 351
918 351
919 351
920 351
921 351
922 351
923 351
924 351
925 351
926 351
927 351
928 351
929 351
930 352
931 352
932 352
933 352
934 352
935 352
936 352
937 352
938 352
939 352
940 352
941 352
942 353
943 353
944 353
945 354
946 354
947 354
948 354
949 354
950 355
951 355
952 355
953 355
954 355
955 355
956 354
957 354
958 354
959 354
960 354
961 354
962 354
963 354
964 354
965 354
966 354
967 353
968 353
969 353
970 352
971 352
972 352
973 351
974 351
975 351
976 351
977 351
978 350
979 349
980 348
981 347
982 347
983 346
984 345
985 344
986 343
987 342
987 341
987 340
987 339
987 338
987 337
987 336
987 335
987 334
987 333
987 332
987 331
987 330
987 329
986 328
986 327
985 326
984 325
984 324
983 323
982 322
981 321
980 320
980 319
979 318
978 317
977 316
976 315
975 314
974 314
973 314
972 314
971 314
970 313
969 313
968 312
967 311
966 310
965 309
964 308
963 308
962 307
961 307
960 307
959 307
958 307
957 307
956 307
955 306
954 306
953 306
952 306
951 306
950 306
949 306
948 306
947 305
946 305
945 305
944 305
943 304
942 304
941 304
940 304
939 304
938 304
937 304
936 304
935 304
934 304
933 304
932 304
931 304
930 304
929 304
928 304
927 304
926 304
925 304
