264 544
263 545
262 545
261 545
260 545
259 545
258 545
257 545
256 545
255 545
254 545
253 545
252 545
251 546
250 546
249 546
248 547
247 547
246 547
245 547
244 547
243 548
242 548
241 549
240 549
239 550
238 550
237 550
236 550
235 550
234 550
233 550
232 551
231 551
230 551
229 552
228 552
227 553
226 553
225 553
224 553
223 553
222 553
221 554
220 555
219 555
218 556
217 556
216 556
215 557
214 557
213 557
212 558
211 558
210 559
209 559
208 560
207 560
206 561
205 561
204 562
203 563
202 563
201 564
200 565
199 566
198 566
197 566
196 567
195 567
194 568
193 568
192 569
191 569
190 570
189 570
188 571
187 571
186 571
185 572
184 572
183 573
182 573
181 574
180 575
179 575
178 575
177 576
176 576
175 577
174 577
173 578
172 579
171 580
170 581
170 582
170 583
170 584
170 585
171 586
171 587
171 588
171 589
171 590
171 591
171 592
171 593
172 594
172 595
173 595
174 595
175 595
176 595
177 595
178 595
179 595
180 595
181 595
182 595
183 595
184 595
185 595
186 595
187 595
188 595
189 595
190 595
191 595
192 595
193 595
194 594
195 594
196 594
197 594
198 594
199 594
200 594
201 594
202 594
203 594
204 594
205 594
206 594
207 594
208 594
209 594
210 594
211 594
212 594
213 594
214 594
215 594
216 594
217 594
218 594
219 594
220 594
221 594
222 594
223 594
224 594
225 594
226 594
227 595
228 595
229 595
230 595
231 595
232 595
233 595
234 595
235 595
236 595
237 595
238 595
239 595
240 595
241 595
242 595
243 596
244 596
245 596
246 596
247 596
248 596
249 596
250 596
251 596
252 596
253 597
254 597
255 597
256 597
257 598
258 598
259 598
260 598
261 598
262 598
263 598
264 598
265 598
266 599
267 599
268 599
269 599
270 599
271 600
272 600
273 600
274 600
275 600
276 601
277 601
278 601
279 601
280 601
281 601
282 602
283 602
284 602
285 603
286 603
287 603
288 604
289 604
290 604
291 604
292 604
293 604
294 605
295 605
296 606
297 607
298 608
299 609
300 609
301 610
302 610
303 611
304 611
305 612
306 612
307 613
308 613
309 614
310 614
311 614
312 615
313 616
314 616
315 617
316 617
317 618
318 619
319 619
320 620
321 621
322 622
323 623
324 623
325 624
326 624
327 625
328 625
329 625
330 625
331 625
332 625
333 625
334 626
335 626
336 626
337 626
338 626
339 626
340 626
341 627
342 627
343 627
344 627
345 627
346 627
347 627
348 627
349 627
350 627
351 627
352 627
353 627
354 627
355 627
356 627
357 627
358 627
359 627
360 627
361 627
362 627
363 627
364 627
365 626
366 626
367 626
368 626
369 625
370 624
371 624
372 623
373 623
374 623
375 622
376 623
377 623
378 623
379 624
380 624
381 624
382 624
383 624
384 624
385 624
386 624
387 624
388 624
389 624
390 624
391 624
392 624
393 624
394 624
395 624
396 624
397 624
398 624
399 624
400 624
401 624
402 624
403 623
404 623
405 623
406 622
407 622
408 622
409 622
410 622
411 622
412 622
413 622
414 622
415 622
416 622
417 621
418 621
419 620
420 619
421 618
422 617
423 616
424 615
425 614
425 613
425 612
425 611
425 610
425 609
424 608
424 607
424 606
424 605
424 604
424 603
424 602
424 601
424 600
424 599
424 598
424 597
425 596
425 595
425 594
425 593
425 592
425 591
426 590
426 589
426 588
427 587
427 586
427 585
427 584
427 583
427 582
427 581
427 580
427 579
427 578
427 577
427 576
427 575
427 574
427 573
427 572
427 571
427 570
427 569
426 568
426 567
425 566
424 565
423 564
422 563
421 562
420 562
419 562
418 561
417 561
416 561
415 560
414 559
414 558
413 557
413 556
412 555
411 555
410 554
409 554
408 554
407 553
406 553
405 553
404 552
403 552
402 551
401 551
400 550
399 550
398 549
397 548
396 548
395 547
394 547
393 547
392 547
391 548
390 548
389 548
388 548
387 548
386 548
385 549
384 549
383 550
382 550
381 550
380 550
379 550
378 550
377 550
376 550
375 550
374 551
373 551
372 551
371 551
370 551
369 552
368 552
367 552
366 552
365 552
364 552
363 552
362 552
361 552
360 552
359 552
358 552
357 552
356 552
355 552
354 551
353 551
352 551
351 550
350 550
349 550
348 550
347 550
346 551
345 551
344 551
343 551
342 551
341 551
340 550
339 550
338 550
337 550
336 550
335 550
334 550
333 550
332 550
331 550
330 550
329 550
328 550
327 550
326 550
325 550
324 550
323 550
322 550
321 550
320 550
319 550
318 550
317 550
316 549
315 549
314 548
313 549
312 548
311 548
310 548
309 548
308 548
307 548
306 548
305 548
304 547
303 547
302 547
301 547
300 547
299 547
298 547
297 547
296 547
295 547
294 547
293 547
292 547
291 547
290 546
289 546
288 545
287 545
286 545
285 545
284 545
283 545
282 545
281 545
280 545
279 545
278 545
277 545
276 544
275 544
274 544
273 544
272 544
271 544
270 544
269 544
268 544
267 544
266 544
265 544
264 544
