203 184
202 185
201 185
200 185
199 186
198 186
197 186
196 186
195 186
194 186
193 187
192 187
191 187
190 187
189 188
188 188
187 188
186 188
185 188
184 189
183 189
182 189
181 190
180 190
179 191
178 191
177 191
176 192
175 192
174 193
173 193
172 193
171 193
170 194
169 194
168 194
167 194
166 195
165 195
164 196
163 196
162 197
161 198
160 198
159 199
158 199
157 200
156 200
155 201
154 202
153 203
152 204
151 205
150 206
149 207
148 208
147 209
146 210
145 211
144 212
143 213
143 214
143 215
143 216
143 217
144 218
145 219
146 220
147 220
148 221
149 222
150 223
151 223
152 224
153 224
154 225
155 225
156 226
157 226
158 227
159 228
160 228
161 228
162 229
163 229
164 229
165 230
166 230
167 231
168 232
169 232
170 232
171 233
172 233
173 233
174 234
175 234
176 234
177 234
178 234
179 234
180 234
181 235
182 235
183 236
184 236
185 236
186 237
187 237
188 237
189 237
190 237
191 237
192 237
193 238
194 238
195 239
196 239
197 239
198 239
199 239
200 239
201 239
202 239
203 239
204 239
205 239
206 238
207 238
208 237
209 236
210 236
211 235
212 235
213 235
214 234
215 234
216 234
217 233
218 233
219 233
220 232
221 232
222 232
223 232
224 232
225 231
226 231
227 231
228 231
229 230
230 230
231 229
232 228
232 227
233 226
233 225
233 224
233 223
233 222
233 221
233 220
233 219
233 218
233 217
233 216
233 215
233 214
233 213
233 212
233 211
233 210
233 209
233 208
233 207
233 206
233 205
233 204
233 203
233 202
233 201
233 200
232 199
231 198
231 197
230 196
229 195
228 194
227 194
226 193
225 193
224 192
223 192
222 192
221 192
220 192
219 191
218 191
217 190
216 190
215 189
214 189
213 188
212 187
211 186
210 186
209 186
208 185
207 185
206 185
205 184
204 185
203 184
