1602 1684
1601 1685
1600 1686
1599 1687
1598 1688
1597 1689
1596 1690
1596 1691
1595 1692
1595 1693
1594 1694
1594 1695
1593 1696
1593 1697
1593 1698
1593 1699
1593 1700
1593 1701
1594 1702
1594 1703
1594 1704
1595 1705
1595 1706
1596 1707
1596 1708
1597 1709
1597 1710
1598 1711
1599 1712
1600 1712
1601 1712
1602 1712
1603 1712
1604 1712
1605 1712
1606 1712
1607 1712
1608 1712
1609 1712
1610 1712
1611 1712
1612 1711
1613 1711
1614 1711
1615 1711
1616 1711
1617 1711
1618 1711
1619 1711
1620 1711
1621 1711
1622 1711
1623 1711
1624 1711
1625 1711
1626 1711
1627 1710
1628 1710
1629 1710
1630 1709
1631 1709
1632 1709
1633 1709
1634 1709
1635 1709
1636 1709
1637 1709
1638 1709
1639 1709
1640 1709
1641 1709
1642 1709
1643 1709
1644 1709
1645 1709
1646 1709
1647 1709
1648 1709
1649 1709
1650 1709
1651 1709
1652 1709
1653 1709
1654 1709
1655 1709
1656 1709
1657 1709
1658 1709
1659 1709
1660 1709
1661 1709
1662 1709
1663 1709
1664 1709
1665 1709
1666 1709
1667 1709
1668 1709
1669 1708
1670 1708
1671 1708
1672 1707
1673 1707
1674 1707
1675 1707
1676 1707
1677 1707
1678 1707
1679 1707
1680 1707
1681 1707
1682 1707
1683 1707
1684 1708
1685 1708
1686 1708
1687 1709
1688 1709
1689 1709
1690 1709
1691 1709
1692 1709
1693 1709
1694 1709
1695 1709
1696 1709
1697 1709
1698 1710
1699 1710
1700 1710
1701 1710
1702 1710
1703 1710
1704 1710
1705 1710
1706 1710
1707 1710
1708 1710
1709 1709
1710 1709
1711 1709
1712 1709
1713 1709
1714 1709
1715 1709
1716 1708
1717 1708
1718 1707
1719 1706
1720 1706
1721 1706
1722 1705
1723 1704
1723 1703
1724 1702
1723 1701
1722 1700
1721 1699
1720 1698
1720 1697
1719 1696
1718 1695
1718 1694
1718 1693
1717 1692
1717 1691
1716 1690
1715 1690
1714 1690
1713 1690
1712 1690
1711 1690
1710 1690
1709 1690
1708 1690
1707 1689
1706 1689
1705 1689
1704 1689
1703 1689
1702 1689
1701 1689
1700 1689
1699 1689
1698 1689
1697 1689
1696 1689
1695 1689
1694 1689
1693 1689
1692 1689
1691 1689
1690 1689
1689 1689
1688 1689
1687 1689
1686 1689
1685 1689
1684 1689
1683 1689
1682 1689
1681 1689
1680 1689
1679 1689
1678 1689
1677 1689
1676 1689
1675 1689
1674 1689
1673 1689
1672 1690
1671 1690
1670 1689
1669 1689
1668 1689
1667 1689
1666 1689
1665 1689
1664 1689
1663 1689
1662 1689
1661 1689
1660 1689
1659 1689
1658 1689
1657 1689
1656 1689
1655 1689
1654 1689
1653 1688
1652 1688
1651 1688
1650 1687
1649 1687
1648 1687
1647 1687
1646 1687
1645 1687
1644 1687
1643 1687
1642 1687
1641 1686
1640 1686
1639 1686
1638 1686
1637 1686
1636 1686
1635 1686
1634 1686
1633 1686
1632 1686
1631 1686
1630 1686
1629 1686
1628 1686
1627 1686
1626 1686
1625 1686
1624 1686
1623 1686
1622 1686
1621 1686
1620 1686
1619 1686
1618 1686
1617 1686
1616 1686
1615 1686
1614 1685
1613 1685
1612 1685
1611 1685
1610 1685
1609 1685
1608 1685
1607 1684
1606 1684
1605 1684
1604 1684
1603 1684
1602 1684
