116 1370
115 1371
114 1371
113 1371
112 1372
111 1372
110 1373
109 1373
108 1374
107 1374
106 1374
105 1374
104 1374
103 1374
102 1375
101 1375
100 1375
99 1375
98 1375
97 1375
96 1376
95 1376
94 1376
93 1377
92 1377
91 1377
90 1378
89 1378
88 1378
87 1378
86 1378
85 1378
84 1378
83 1378
82 1379
81 1379
80 1379
79 1379
78 1379
77 1379
76 1379
75 1379
74 1380
73 1380
72 1380
71 1381
70 1381
69 1381
68 1381
67 1381
66 1382
65 1383
64 1384
63 1385
63 1386
63 1387
64 1388
65 1389
65 1390
65 1391
66 1392
66 1393
66 1394
67 1395
68 1396
69 1397
70 1398
70 1399
71 1400
72 1401
72 1402
73 1403
74 1404
74 1405
75 1406
76 1407
77 1408
78 1409
79 1410
80 1411
81 1411
82 1411
83 1412
84 1412
85 1412
86 1413
87 1413
88 1413
89 1414
90 1414
91 1415
92 1415
93 1415
94 1415
95 1415
96 1416
97 1416
98 1416
99 1417
100 1417
101 1417
102 1418
103 1418
104 1418
105 1418
106 1419
107 1419
108 1419
109 1419
110 1419
111 1420
112 1420
113 1420
114 1420
115 1420
116 1420
117 1420
118 1420
119 1420
120 1420
121 1420
122 1420
123 1420
124 1421
125 1421
126 1421
127 1421
128 1422
129 1422
130 1422
131 1422
132 1422
133 1422
134 1422
135 1422
136 1422
137 1423
138 1423
139 1423
140 1422
141 1421
142 1421
143 1420
144 1419
145 1419
146 1419
147 1418
148 1417
149 1416
150 1415
151 1414
152 1413
153 1412
154 1411
155 1410
156 1409
157 1409
158 1409
159 1408
160 1408
161 1407
162 1407
163 1406
164 1405
165 1404
166 1403
167 1402
167 1401
167 1400
167 1399
167 1398
167 1397
167 1396
167 1395
167 1394
168 1393
168 1392
169 1391
169 1390
170 1389
170 1388
170 1387
170 1386
169 1385
169 1384
168 1383
167 1382
166 1381
165 1380
164 1380
163 1379
162 1378
161 1377
160 1376
159 1375
158 1374
157 1373
156 1373
155 1373
154 1373
153 1373
152 1374
151 1374
150 1374
149 1374
148 1374
147 1373
146 1373
145 1373
144 1373
143 1373
142 1373
141 1373
140 1373
139 1373
138 1372
137 1372
136 1372
135 1371
134 1371
133 1371
132 1371
131 1371
130 1371
129 1371
128 1371
127 1371
126 1371
125 1371
124 1371
123 1371
122 1370
121 1370
120 1370
119 1370
118 1370
117 1370
116 1370
