233 67
232 68
231 68
230 69
229 69
228 69
227 69
226 69
225 69
224 69
223 69
222 69
221 69
220 70
219 70
218 70
217 70
216 70
215 70
214 70
213 70
212 70
211 70
210 70
209 70
208 70
207 70
206 70
205 70
204 70
203 70
202 70
201 70
200 70
199 70
198 70
197 70
196 70
195 70
194 70
193 70
192 70
191 70
190 70
189 70
188 70
187 70
186 70
185 70
184 70
183 70
182 70
181 70
180 70
179 70
178 70
177 71
176 71
175 71
174 71
173 72
172 72
171 72
170 72
169 72
168 72
167 72
166 73
165 73
164 73
163 73
162 73
161 73
160 73
159 73
158 74
157 74
156 74
155 74
154 75
153 75
152 75
151 76
150 76
149 76
148 76
147 76
146 76
145 76
144 76
143 76
142 76
141 76
140 76
139 76
138 77
137 77
136 77
135 77
134 77
133 77
132 77
131 77
130 77
129 77
128 78
127 78
126 78
125 78
124 78
123 78
122 78
121 78
120 79
119 79
118 79
117 80
116 80
115 80
114 80
113 80
112 80
111 80
110 80
109 80
108 81
107 81
106 81
105 81
104 81
103 81
102 81
101 81
100 81
99 81
98 82
97 82
96 82
95 82
94 82
93 82
92 82
91 83
90 83
89 83
88 84
87 84
86 84
85 84
84 84
83 84
82 85
81 85
80 85
79 85
78 85
77 85
76 85
75 85
74 86
73 86
72 86
71 86
70 86
69 86
68 87
67 87
66 87
65 88
64 88
63 88
62 88
61 88
60 88
59 88
58 88
57 88
56 88
55 89
54 89
53 89
52 89
51 89
50 89
49 89
48 89
47 89
46 89
45 90
44 90
43 90
42 90
41 90
40 90
39 90
38 90
37 90
36 91
36 92
36 93
36 94
36 95
36 96
36 97
36 98
36 99
36 100
36 101
36 102
36 103
36 104
36 105
36 106
36 107
35 108
35 109
35 110
35 111
35 112
35 113
35 114
35 115
35 116
36 117
36 118
36 119
36 120
36 121
36 122
36 123
36 124
36 125
36 126
36 127
36 128
37 129
37 130
38 131
39 131
40 132
41 132
42 132
43 132
44 132
45 132
46 132
47 132
48 132
49 132
50 132
51 132
52 132
53 132
54 132
55 132
56 132
57 133
58 133
59 133
60 134
61 134
62 134
63 134
64 134
65 134
66 134
67 134
68 134
69 134
70 134
71 134
72 134
73 134
74 134
75 134
76 134
77 134
78 134
79 134
80 134
81 134
82 134
83 135
84 135
85 135
86 135
87 135
88 136
89 136
90 137
91 138
92 138
93 138
94 139
95 139
96 139
97 139
98 139
99 139
100 139
101 139
102 139
103 139
104 140
105 140
106 141
107 141
108 141
109 142
110 142
111 142
112 142
113 142
114 142
115 142
116 142
117 142
118 142
119 143
120 143
121 143
122 143
123 143
124 143
125 144
126 144
127 145
128 145
129 145
130 145
131 145
132 145
133 145
134 145
135 146
136 146
137 146
138 146
139 147
140 147
141 147
142 148
143 148
144 148
145 148
146 148
147 148
148 148
149 148
150 148
151 149
152 149
153 150
154 150
155 150
156 151
157 151
158 151
159 151
160 151
161 151
162 151
163 151
164 151
165 151
166 151
167 152
168 152
169 153
170 153
171 153
172 153
173 153
174 153
175 153
176 153
177 153
178 153
179 154
180 154
181 154
182 155
183 155
184 155
185 155
186 155
187 155
188 155
189 155
190 155
191 155
192 155
193 155
194 155
195 155
196 156
197 156
198 156
199 156
200 156
201 156
202 156
203 156
204 156
205 156
206 156
207 156
208 156
209 157
210 157
211 158
212 158
213 158
214 159
215 159
216 159
217 159
218 159
219 159
220 159
221 160
222 160
223 160
224 160
225 160
226 160
227 161
228 161
229 161
230 161
231 161
232 161
233 161
234 161
235 162
236 162
237 162
238 163
239 163
240 163
241 164
242 164
243 164
244 164
245 164
246 164
247 165
248 165
249 165
250 165
251 165
252 165
253 165
254 165
255 165
256 165
257 165
258 165
259 165
260 165
261 165
262 165
263 164
264 163
265 163
266 162
267 162
268 161
269 161
270 161
271 161
272 161
273 160
274 160
275 160
276 160
277 159
278 159
279 158
280 158
281 157
282 157
283 157
284 156
285 156
286 156
287 156
288 156
289 155
290 155
291 154
292 154
293 153
294 152
295 151
296 151
297 150
298 149
299 149
300 148
301 147
302 146
303 145
304 144
305 143
306 142
307 141
307 140
307 139
307 138
308 137
308 136
308 135
309 134
309 133
309 132
310 131
310 130
310 129
311 128
311 127
312 126
313 125
313 124
313 123
313 122
313 121
313 120
313 119
313 118
313 117
313 116
313 115
313 114
313 113
313 112
313 111
313 110
314 109
314 108
314 107
315 106
315 105
315 104
315 103
315 102
315 101
315 100
315 99
315 98
315 97
315 96
315 95
314 94
314 93
313 92
312 91
311 90
310 90
309 89
308 88
307 88
306 88
305 87
304 87
303 86
302 85
301 84
300 83
299 83
298 82
297 81
296 81
295 80
294 79
293 78
292 77
291 76
290 75
289 75
288 75
287 74
286 74
285 73
284 72
283 72
282 71
281 71
280 71
279 70
278 70
277 69
276 69
275 68
274 68
273 68
272 68
271 68
270 68
269 68
268 68
267 68
266 68
265 68
264 68
263 68
262 68
261 68
260 68
259 68
258 68
257 68
256 68
255 68
254 68
253 68
252 68
251 68
250 68
249 68
248 68
247 68
246 68
245 68
244 68
243 68
242 68
241 68
240 68
239 68
238 68
237 67
236 67
235 67
234 67
233 67
