168 408
168 409
168 410
169 411
169 412
169 413
170 414
170 415
171 416
171 417
172 418
173 419
173 420
174 421
174 422
175 423
175 424
176 425
176 426
177 427
178 428
178 429
179 430
179 431
179 432
180 433
180 434
180 435
181 436
181 437
182 438
183 439
183 440
184 441
185 442
185 443
185 444
186 445
187 446
188 447
189 448
190 449
190 450
191 451
192 452
192 453
193 453
194 454
194 455
195 456
196 457
197 458
198 459
199 460
199 461
200 462
201 463
202 464
203 464
204 465
205 466
206 466
207 467
208 468
209 468
210 469
211 470
212 471
213 472
214 472
215 472
216 473
217 474
218 474
219 475
220 475
221 476
222 476
223 477
224 477
225 478
226 478
227 479
228 479
229 479
230 479
231 479
232 479
233 479
234 479
235 479
236 479
237 479
238 479
239 479
240 479
241 480
242 480
243 480
244 480
245 481
246 481
247 481
248 482
249 482
250 483
251 483
252 483
253 484
254 484
255 484
256 484
257 484
258 484
259 484
260 484
261 484
262 484
263 484
264 484
265 484
266 484
267 484
268 484
269 484
270 484
271 484
272 484
273 484
274 484
275 484
276 484
277 484
278 484
279 484
280 484
281 484
282 484
283 484
284 484
285 485
286 485
287 485
288 485
289 485
290 485
291 485
292 485
293 486
294 486
295 486
296 486
297 486
298 485
299 485
300 484
301 484
302 483
303 483
304 483
305 482
306 482
307 481
308 481
309 480
310 479
311 479
312 478
313 478
314 478
315 477
316 477
317 476
318 476
319 475
320 475
321 474
322 474
323 474
324 473
325 472
326 471
327 470
328 469
329 469
330 468
330 467
330 466
331 465
331 464
332 463
332 462
332 461
332 460
332 459
332 458
332 457
332 456
332 455
332 454
332 453
332 452
332 451
332 450
332 449
332 448
332 447
332 446
332 445
332 444
332 443
331 442
331 441
331 440
331 439
331 438
331 437
330 436
330 435
329 434
329 433
328 432
327 432
326 431
325 431
324 430
323 429
322 429
321 429
320 429
319 429
318 429
317 429
316 429
315 429
314 429
313 429
312 429
311 429
310 429
309 429
308 429
307 429
306 429
305 429
304 429
303 429
302 429
301 429
300 429
299 429
298 429
297 428
296 428
295 428
294 428
293 427
292 427
291 427
290 426
289 426
288 426
287 426
286 425
285 425
284 425
283 425
282 425
281 425
280 425
279 426
278 426
277 426
276 426
275 426
274 426
273 426
272 426
271 426
270 426
269 426
268 426
267 426
266 425
265 425
264 425
263 425
262 425
261 425
260 425
259 425
258 425
257 425
256 425
255 425
254 425
253 425
252 425
251 425
250 425
249 425
248 425
247 425
246 425
245 425
244 425
243 425
242 425
241 425
240 425
239 425
238 425
237 425
236 425
235 425
234 425
233 425
232 425
231 424
230 424
229 424
228 424
227 424
226 424
225 424
224 424
223 424
222 424
221 424
220 424
219 423
218 423
217 423
216 423
215 423
214 422
213 422
212 422
211 421
210 421
209 421
208 421
207 421
206 421
205 420
204 420
203 420
202 420
201 420
200 419
199 419
198 419
197 418
196 418
195 417
194 417
193 417
192 416
191 416
190 416
189 415
188 415
187 415
186 414
185 414
184 413
183 413
182 412
181 412
180 411
179 411
178 410
177 409
176 409
175 409
174 409
173 409
172 408
171 408
170 408
169 408
168 408
