135 1603
134 1604
133 1604
132 1604
131 1605
130 1605
129 1605
128 1606
127 1606
126 1606
125 1607
124 1607
123 1607
122 1607
121 1607
120 1607
119 1608
118 1609
117 1610
117 1611
118 1612
118 1613
118 1614
119 1615
119 1616
119 1617
119 1618
119 1619
119 1620
119 1621
119 1622
119 1623
119 1624
119 1625
119 1626
119 1627
119 1628
119 1629
119 1630
119 1631
119 1632
119 1633
120 1634
120 1635
120 1636
121 1637
121 1638
122 1639
123 1640
123 1641
123 1642
124 1643
124 1644
124 1645
125 1646
126 1647
126 1648
127 1648
128 1649
129 1649
130 1649
131 1649
132 1649
133 1648
134 1648
135 1648
136 1648
137 1648
138 1648
139 1648
140 1648
141 1648
142 1648
143 1648
144 1649
145 1649
146 1649
147 1650
148 1650
149 1650
150 1651
151 1651
152 1651
153 1652
154 1652
155 1652
156 1652
157 1653
158 1653
159 1654
160 1654
161 1655
162 1655
163 1656
164 1656
165 1656
166 1657
167 1657
168 1658
169 1658
170 1658
171 1658
172 1658
173 1659
174 1659
175 1659
176 1659
177 1659
178 1659
179 1659
180 1659
181 1659
182 1659
183 1659
184 1659
185 1660
186 1660
187 1660
188 1660
189 1660
190 1660
191 1660
192 1660
193 1660
194 1660
195 1660
196 1660
197 1660
198 1660
199 1660
200 1660
201 1660
202 1660
203 1660
204 1660
205 1660
206 1660
207 1660
208 1660
209 1660
210 1660
211 1660
212 1660
213 1660
214 1660
215 1660
216 1660
217 1660
218 1660
219 1660
220 1660
221 1660
222 1660
223 1660
224 1660
225 1660
226 1659
227 1659
228 1659
229 1659
230 1659
231 1658
232 1658
233 1658
234 1658
235 1658
236 1658
237 1658
238 1657
239 1657
240 1656
241 1656
242 1655
243 1655
244 1654
245 1653
246 1652
247 1651
248 1650
249 1649
250 1648
250 1647
251 1646
251 1645
252 1644
252 1643
253 1642
253 1641
254 1640
255 1639
255 1638
255 1637
255 1636
255 1635
255 1634
255 1633
255 1632
255 1631
255 1630
255 1629
255 1628
255 1627
255 1626
254 1625
254 1624
253 1623
253 1622
252 1621
252 1620
251 1619
250 1618
249 1617
248 1616
247 1615
246 1614
246 1613
245 1612
245 1611
245 1610
245 1609
245 1608
245 1607
245 1606
244 1605
243 1604
242 1604
241 1604
240 1604
239 1604
238 1604
237 1604
236 1604
235 1604
234 1604
233 1604
232 1604
231 1604
230 1604
229 1604
228 1604
227 1604
226 1604
225 1604
224 1604
223 1604
222 1604
221 1604
220 1604
219 1604
218 1604
217 1604
216 1604
215 1604
214 1604
213 1605
212 1605
211 1605
210 1605
209 1605
208 1605
207 1605
206 1605
205 1605
204 1605
203 1605
202 1605
201 1605
200 1606
199 1606
198 1606
197 1607
196 1607
195 1607
194 1607
193 1607
192 1607
191 1607
190 1607
189 1607
188 1607
187 1607
186 1607
185 1607
184 1607
183 1607
182 1607
181 1607
180 1607
179 1607
178 1607
177 1607
176 1606
175 1606
174 1606
173 1605
172 1605
171 1605
170 1605
169 1605
168 1605
167 1605
166 1605
165 1605
164 1605
163 1605
162 1605
161 1605
160 1605
159 1605
158 1605
157 1605
156 1605
155 1605
154 1604
153 1604
152 1604
151 1604
150 1604
149 1604
148 1604
147 1604
146 1603
145 1603
144 1603
143 1603
142 1603
141 1603
140 1603
139 1603
138 1603
137 1603
136 1603
135 1603
