1514 1876
1513 1877
1512 1877
1511 1877
1510 1877
1509 1877
1508 1878
1507 1878
1506 1878
1505 1878
1504 1878
1503 1878
1502 1878
1501 1878
1500 1878
1499 1879
1498 1879
1497 1879
1496 1879
1495 1879
1494 1879
1493 1879
1492 1879
1491 1879
1490 1879
1489 1879
1488 1880
1487 1881
1486 1882
1486 1883
1486 1884
1485 1885
1485 1886
1485 1887
1485 1888
1486 1889
1487 1889
1488 1890
1489 1890
1490 1890
1491 1890
1492 1890
1493 1891
1494 1891
1495 1892
1496 1892
1497 1892
1498 1892
1499 1893
1500 1893
1501 1894
1502 1894
1503 1895
1504 1895
1505 1896
1506 1896
1507 1897
1508 1897
1509 1898
1510 1898
1511 1898
1512 1898
1513 1899
1514 1899
1515 1899
1516 1899
1517 1900
1518 1900
1519 1900
1520 1901
1521 1901
1522 1901
1523 1901
1524 1902
1525 1902
1526 1902
1527 1903
1528 1903
1529 1903
1530 1904
1531 1904
1532 1904
1533 1904
1534 1904
1535 1903
1536 1903
1537 1902
1538 1901
1539 1901
1539 1900
1540 1899
1540 1898
1540 1897
1540 1896
1540 1895
1540 1894
1541 1893
1541 1892
1542 1891
1542 1890
1542 1889
1543 1888
1543 1887
1543 1886
1542 1885
1542 1884
1541 1883
1540 1882
1540 1881
1539 1880
1538 1879
1537 1878
1536 1878
1535 1878
1534 1877
1533 1877
1532 1877
1531 1877
1530 1877
1529 1876
1528 1876
1527 1876
1526 1876
1525 1876
1524 1876
1523 1876
1522 1876
1521 1876
1520 1876
1519 1876
1518 1876
1517 1877
1516 1876
1515 1876
1514 1876
