887 566
886 567
885 567
884 567
883 568
882 568
881 568
880 568
879 568
878 568
877 568
876 568
875 568
874 568
873 569
872 569
871 569
870 570
869 570
868 570
867 570
866 570
865 570
864 571
863 571
862 571
861 571
860 571
859 571
858 572
857 572
856 572
855 573
854 573
853 574
852 574
851 575
850 576
849 577
848 578
847 578
846 579
845 580
844 581
844 582
844 583
844 584
844 585
844 586
844 587
844 588
844 589
844 590
844 591
844 592
844 593
844 594
844 595
844 596
844 597
844 598
844 599
844 600
844 601
844 602
844 603
844 604
844 605
844 606
844 607
844 608
844 609
845 610
845 611
846 612
846 613
847 614
847 615
848 616
849 617
850 618
851 619
852 620
853 621
854 622
855 623
856 624
857 625
858 625
859 626
860 626
861 626
862 627
863 627
864 628
865 628
866 629
867 629
868 630
869 630
870 631
871 632
872 632
873 632
874 632
875 632
876 632
877 632
878 632
879 632
880 632
881 633
882 633
883 633
884 634
885 634
886 634
887 634
888 634
889 634
890 634
891 634
892 634
893 634
894 634
895 634
896 634
897 634
898 634
899 634
900 634
901 634
902 634
903 634
904 634
905 634
906 634
907 634
908 634
909 634
910 634
911 634
912 634
913 635
914 635
915 635
916 635
917 635
918 635
919 636
920 636
921 636
922 636
923 636
924 636
925 636
926 636
927 636
928 636
929 636
930 636
931 636
932 636
933 636
934 636
935 635
936 635
937 635
938 635
939 635
940 634
941 634
942 633
943 633
944 632
945 632
946 631
947 630
948 629
949 628
950 628
951 627
952 627
953 627
954 626
955 625
956 624
957 623
958 622
959 622
960 622
961 621
962 620
963 619
964 618
965 617
965 616
965 615
966 614
966 613
966 612
966 611
966 610
966 609
966 608
966 607
966 606
966 605
966 604
966 603
966 602
966 601
966 600
966 599
966 598
966 597
966 596
965 595
965 594
964 593
964 592
963 591
962 590
962 589
961 588
960 587
960 586
959 585
959 584
959 583
958 582
958 581
957 580
956 579
956 578
955 577
954 576
953 575
952 574
951 573
950 572
949 571
948 571
947 570
946 570
945 569
944 569
943 569
942 568
941 568
940 568
939 567
938 567
937 567
936 566
935 566
934 566
933 566
932 566
931 566
930 566
929 566
928 566
927 566
926 566
925 566
924 566
923 566
922 566
921 566
920 566
919 566
918 566
917 566
916 566
915 566
914 566
913 566
912 566
911 566
910 566
909 566
908 566
907 566
906 566
905 566
904 566
903 566
902 566
901 566
900 567
899 567
898 567
897 567
896 567
895 566
894 566
893 566
892 566
891 566
890 566
889 566
888 566
887 566
