240 2077
239 2078
238 2078
237 2079
237 2080
237 2081
237 2082
237 2083
237 2084
237 2085
237 2086
236 2087
236 2088
236 2089
235 2090
235 2091
235 2092
235 2093
235 2094
235 2095
235 2096
235 2097
235 2098
235 2099
235 2100
235 2101
235 2102
235 2103
235 2104
235 2105
235 2106
235 2107
235 2108
235 2109
235 2110
235 2111
235 2112
235 2113
235 2114
235 2115
235 2116
235 2117
235 2118
235 2119
235 2120
235 2121
235 2122
235 2123
236 2124
236 2125
236 2126
237 2127
237 2128
237 2129
237 2130
238 2131
238 2132
239 2133
240 2134
240 2135
240 2136
241 2137
242 2138
242 2139
243 2140
244 2141
244 2142
245 2143
246 2144
247 2145
248 2146
249 2147
250 2147
251 2148
252 2149
253 2150
254 2150
255 2151
256 2152
257 2153
258 2154
259 2155
260 2155
261 2156
262 2157
263 2157
264 2158
265 2158
266 2159
267 2159
268 2160
269 2160
270 2161
271 2162
272 2162
273 2162
274 2163
275 2163
276 2163
277 2164
278 2164
279 2165
280 2165
281 2165
282 2165
283 2165
284 2165
285 2165
286 2165
287 2164
288 2164
289 2164
290 2164
291 2164
292 2165
293 2165
294 2165
295 2166
296 2166
297 2166
298 2167
299 2167
300 2167
301 2168
302 2168
303 2168
304 2168
305 2168
306 2168
307 2168
308 2169
309 2169
310 2169
311 2169
312 2169
313 2169
314 2169
315 2169
316 2169
317 2169
318 2168
319 2168
320 2168
321 2168
322 2168
323 2168
324 2168
325 2168
326 2168
327 2169
328 2169
329 2169
330 2169
331 2169
332 2169
333 2168
334 2168
335 2167
336 2166
337 2165
338 2164
339 2163
340 2162
340 2161
341 2160
342 2159
343 2159
344 2158
345 2157
346 2157
347 2156
348 2156
349 2155
350 2154
351 2153
352 2153
353 2152
354 2152
355 2151
356 2150
357 2149
358 2148
359 2147
360 2146
360 2145
360 2144
361 2143
361 2142
361 2141
362 2140
363 2139
363 2138
364 2137
364 2136
365 2135
366 2134
366 2133
367 2132
367 2131
368 2130
368 2129
368 2128
368 2127
368 2126
368 2125
368 2124
368 2123
368 2122
369 2121
369 2120
369 2119
369 2118
370 2117
370 2116
370 2115
370 2114
369 2113
369 2112
369 2111
369 2110
368 2109
368 2108
368 2107
368 2106
368 2105
368 2104
368 2103
367 2102
366 2101
365 2100
365 2099
365 2098
364 2097
364 2096
363 2095
362 2095
361 2094
360 2094
359 2093
358 2092
357 2092
356 2092
355 2092
354 2092
353 2092
352 2092
351 2092
350 2092
349 2092
348 2093
347 2093
346 2093
345 2093
344 2093
343 2093
342 2093
341 2093
340 2093
339 2093
338 2093
337 2093
336 2093
335 2093
334 2093
333 2093
332 2093
331 2093
330 2093
329 2093
328 2093
327 2093
326 2093
325 2093
324 2093
323 2093
322 2093
321 2093
320 2093
319 2093
318 2093
317 2093
316 2093
315 2093
314 2093
313 2093
312 2093
311 2093
310 2093
309 2093
308 2093
307 2093
306 2093
305 2093
304 2093
303 2093
302 2093
301 2093
300 2093
299 2093
298 2093
297 2093
296 2093
295 2093
294 2093
293 2093
292 2093
291 2093
290 2093
289 2093
288 2092
287 2092
286 2092
285 2091
284 2091
283 2091
282 2091
281 2091
280 2091
279 2091
278 2091
277 2091
276 2091
275 2091
274 2091
273 2090
272 2090
271 2090
270 2089
269 2089
268 2089
267 2088
266 2088
265 2088
264 2088
263 2088
262 2088
261 2088
260 2088
259 2088
258 2088
257 2087
256 2086
255 2085
254 2084
253 2083
252 2082
251 2081
250 2080
249 2080
248 2079
247 2079
246 2079
245 2079
244 2078
243 2078
242 2077
241 2077
240 2077
