777 798
776 799
775 799
774 799
773 800
772 800
771 800
770 800
769 800
768 800
767 800
766 800
765 800
764 800
763 800
762 801
761 801
760 802
759 802
758 802
757 802
756 802
755 802
754 803
753 803
752 803
751 804
750 805
749 806
748 807
747 808
746 809
745 810
744 811
743 811
742 812
741 813
740 814
739 815
738 816
737 816
736 817
735 817
734 817
733 818
732 818
731 819
730 819
729 820
728 820
727 821
726 821
725 822
724 823
723 824
722 825
721 826
720 826
719 827
718 828
717 829
716 830
716 831
715 832
715 833
715 834
715 835
715 836
715 837
715 838
716 839
716 840
717 841
718 842
719 843
720 844
721 845
722 846
723 847
724 848
725 848
726 849
727 849
728 850
729 850
730 851
731 852
732 852
733 853
734 854
735 855
736 856
737 857
738 858
739 859
740 859
741 860
742 860
743 860
744 861
745 861
746 862
747 862
748 862
749 862
750 862
751 862
752 862
753 862
754 862
755 862
756 862
757 862
758 862
759 862
760 862
761 862
762 862
763 862
764 862
765 862
766 862
767 862
768 862
769 862
770 862
771 862
772 862
773 862
774 862
775 862
776 862
777 862
778 862
779 862
780 862
781 862
782 862
783 862
784 862
785 862
786 862
787 862
788 862
789 862
790 862
791 862
792 862
793 862
794 862
795 862
796 862
797 862
798 862
799 861
800 861
801 861
802 861
803 861
804 861
805 860
806 859
807 859
808 858
808 857
809 856
810 855
811 854
812 853
812 852
812 851
812 850
812 849
812 848
812 847
813 846
813 845
813 844
814 843
814 842
814 841
814 840
814 839
814 838
814 837
814 836
814 835
814 834
814 833
814 832
814 831
814 830
814 829
814 828
814 827
814 826
814 825
814 824
814 823
814 822
814 821
814 820
814 819
814 818
813 817
813 816
813 815
812 814
812 813
811 812
810 811
809 810
809 809
808 808
807 807
806 806
805 805
804 804
803 804
802 803
801 802
800 802
799 801
798 801
797 801
796 801
795 801
794 801
793 801
792 800
791 800
790 800
789 800
788 800
787 800
786 800
785 800
784 800
783 800
782 800
781 800
780 799
779 799
778 799
777 798
