1209 381
1208 382
1207 382
1206 382
1205 383
1204 384
1203 384
1202 385
1201 386
1200 386
1199 387
1198 388
1197 388
1196 389
1195 390
1194 390
1193 391
1192 392
1191 393
1190 394
1189 394
1188 395
1187 395
1186 396
1185 397
1185 398
1184 399
1183 400
1182 400
1181 400
1180 400
1179 401
1178 402
1178 403
1178 404
1177 405
1178 406
1178 407
1178 408
1179 409
1180 410
1181 410
1182 411
1183 411
1184 411
1185 412
1186 412
1187 412
1188 413
1189 414
1190 415
1191 415
1192 416
1193 416
1194 417
1195 418
1196 419
1197 419
1198 420
1199 421
1200 421
1201 421
1202 422
1203 422
1204 422
1205 422
1206 422
1207 422
1208 422
1209 422
1210 422
1211 422
1212 422
1213 422
1214 422
1215 422
1216 422
1217 422
1218 422
1219 422
1220 422
1221 422
1222 422
1223 422
1224 422
1225 422
1226 422
1227 422
1228 422
1229 422
1230 422
1231 422
1232 422
1233 422
1234 422
1235 422
1236 422
1237 423
1238 423
1239 423
1240 423
1241 423
1242 423
1243 423
1244 423
1245 423
1246 422
1247 422
1248 422
1249 421
1250 421
1251 420
1252 420
1253 419
1254 419
1255 419
1256 419
1257 418
1258 418
1259 418
1260 418
1261 417
1262 417
1263 416
1264 415
1265 414
1266 413
1267 413
1268 413
1269 412
1270 411
1270 410
1270 409
1270 408
1270 407
1270 406
1270 405
1270 404
1270 403
1270 402
1270 401
1270 400
1269 399
1269 398
1268 397
1268 396
1267 395
1267 394
1266 393
1265 392
1264 391
1263 390
1262 389
1261 388
1260 388
1259 387
1258 386
1257 386
1256 385
1255 385
1254 384
1253 384
1252 383
1251 383
1250 382
1249 382
1248 382
1247 382
1246 382
1245 382
1244 382
1243 382
1242 382
1241 382
1240 382
1239 382
1238 382
1237 382
1236 382
1235 382
1234 382
1233 382
1232 382
1231 382
1230 382
1229 382
1228 382
1227 382
1226 382
1225 382
1224 382
1223 383
1222 384
1221 384
1220 384
1219 384
1218 384
1217 384
1216 384
1215 384
1214 383
1213 382
1212 381
1211 381
1210 381
1209 381
