149 1877
148 1878
147 1878
146 1879
145 1880
145 1881
146 1882
147 1883
148 1883
149 1884
150 1885
151 1885
152 1886
153 1887
154 1888
154 1889
155 1890
156 1891
157 1892
158 1893
159 1894
159 1895
160 1896
161 1897
161 1898
162 1899
163 1900
164 1901
164 1902
164 1903
165 1904
166 1905
167 1906
168 1907
169 1908
170 1909
171 1910
172 1911
172 1912
173 1913
174 1914
174 1915
175 1916
176 1917
177 1918
177 1919
178 1920
178 1921
179 1922
179 1923
180 1924
181 1925
181 1926
182 1927
183 1928
183 1929
184 1930
185 1931
186 1932
187 1933
188 1934
189 1935
190 1936
191 1937
192 1938
193 1939
194 1940
195 1941
196 1942
197 1943
198 1944
199 1944
200 1944
201 1944
202 1944
203 1944
204 1944
205 1944
206 1944
207 1944
208 1944
209 1944
210 1944
211 1944
212 1944
213 1943
214 1943
215 1942
216 1942
217 1942
218 1942
219 1942
220 1942
221 1942
222 1942
223 1942
224 1942
225 1942
226 1941
227 1941
228 1941
229 1940
230 1940
231 1939
232 1938
233 1937
234 1936
235 1935
236 1934
237 1933
238 1932
239 1931
240 1930
240 1929
240 1928
241 1927
241 1926
241 1925
242 1924
243 1923
243 1922
243 1921
244 1920
244 1919
244 1918
245 1917
245 1916
245 1915
245 1914
245 1913
245 1912
245 1911
245 1910
245 1909
245 1908
245 1907
245 1906
245 1905
245 1904
245 1903
244 1902
244 1901
244 1900
243 1899
243 1898
242 1898
241 1897
240 1897
239 1896
238 1895
237 1894
236 1893
235 1892
234 1892
233 1891
232 1891
231 1891
230 1891
229 1891
228 1890
227 1889
226 1889
225 1888
224 1887
223 1887
222 1886
221 1885
220 1885
219 1884
218 1884
217 1884
216 1883
215 1883
214 1883
213 1883
212 1883
211 1883
210 1883
209 1883
208 1883
207 1883
206 1883
205 1883
204 1883
203 1883
202 1883
201 1883
200 1883
199 1883
198 1884
197 1884
196 1884
195 1884
194 1885
193 1885
192 1885
191 1885
190 1885
189 1885
188 1885
187 1885
186 1885
185 1885
184 1885
183 1885
182 1884
181 1884
180 1884
179 1883
178 1883
177 1883
176 1883
175 1883
174 1883
173 1882
172 1882
171 1882
170 1882
169 1881
168 1881
167 1881
166 1881
165 1880
164 1880
163 1880
162 1879
161 1879
160 1879
159 1878
158 1878
157 1877
156 1877
155 1877
154 1877
153 1877
152 1877
151 1877
150 1877
149 1877
