324 1635
323 1636
322 1636
321 1637
320 1637
320 1638
319 1639
319 1640
319 1641
319 1642
319 1643
319 1644
319 1645
319 1646
319 1647
319 1648
319 1649
318 1650
318 1651
319 1652
319 1653
319 1654
319 1655
319 1656
320 1657
320 1658
321 1659
321 1660
322 1661
322 1662
322 1663
322 1664
323 1665
323 1666
324 1667
325 1668
325 1669
326 1670
327 1671
328 1672
329 1673
330 1674
330 1675
331 1676
332 1677
332 1678
333 1679
334 1679
335 1680
336 1680
337 1681
338 1681
339 1681
340 1681
341 1681
342 1681
343 1681
344 1681
345 1681
346 1681
347 1681
348 1680
349 1680
350 1680
351 1680
352 1680
353 1680
354 1680
355 1680
356 1680
357 1680
358 1680
359 1680
360 1680
361 1680
362 1680
363 1680
364 1680
365 1680
366 1681
367 1681
368 1681
369 1681
370 1681
371 1681
372 1681
373 1681
374 1681
375 1681
376 1681
377 1681
378 1681
379 1681
380 1681
381 1681
382 1681
383 1681
384 1681
385 1681
386 1681
387 1681
388 1681
389 1681
390 1681
391 1680
392 1679
393 1679
394 1678
395 1678
396 1678
397 1677
398 1677
399 1676
400 1676
401 1675
402 1675
403 1675
404 1675
405 1674
406 1674
407 1674
408 1674
409 1673
410 1672
410 1671
410 1670
410 1669
410 1668
410 1667
410 1666
410 1665
410 1664
411 1663
411 1662
411 1661
412 1660
412 1659
412 1658
412 1657
411 1656
411 1655
411 1654
410 1653
409 1652
409 1651
408 1650
407 1649
406 1648
405 1647
404 1646
403 1645
402 1645
401 1644
400 1643
399 1643
398 1642
397 1642
396 1642
395 1641
394 1640
393 1640
392 1639
391 1639
390 1638
389 1638
388 1637
387 1637
386 1636
385 1636
384 1636
383 1635
382 1635
381 1635
380 1635
379 1635
378 1635
377 1635
376 1635
375 1635
374 1635
373 1635
372 1635
371 1635
370 1635
369 1635
368 1635
367 1635
366 1635
365 1635
364 1635
363 1635
362 1635
361 1635
360 1635
359 1635
358 1635
357 1635
356 1635
355 1635
354 1635
353 1636
352 1636
351 1636
350 1636
349 1636
348 1636
347 1637
346 1637
345 1637
344 1638
343 1638
342 1638
341 1638
340 1638
339 1638
338 1638
337 1638
336 1638
335 1638
334 1638
333 1637
332 1637
331 1636
330 1636
329 1636
328 1636
327 1635
326 1635
325 1635
324 1635
