1407 503
1406 504
1405 504
1404 504
1403 504
1402 505
1401 505
1400 505
1399 505
1398 505
1397 505
1396 505
1395 505
1394 505
1393 505
1392 505
1391 505
1390 505
1389 505
1388 505
1387 505
1386 505
1385 505
1384 505
1383 505
1382 505
1381 505
1380 505
1379 505
1378 505
1377 505
1376 505
1375 505
1374 505
1373 505
1372 506
1371 506
1370 506
1369 506
1368 507
1367 507
1366 508
1365 508
1364 508
1363 508
1362 509
1361 509
1360 509
1359 509
1358 509
1357 509
1356 509
1355 509
1354 509
1353 509
1352 509
1351 509
1350 509
1349 509
1348 510
1347 510
1346 510
1345 510
1344 511
1343 511
1342 511
1341 511
1340 512
1339 512
1338 512
1337 512
1336 513
1335 513
1334 514
1333 514
1332 515
1331 515
1330 516
1329 516
1328 517
1327 517
1326 517
1325 517
1324 517
1323 517
1322 517
1321 517
1320 517
1319 517
1318 517
1317 517
1316 518
1315 518
1314 518
1313 518
1312 519
1311 520
1310 520
1309 520
1308 521
1307 522
1306 522
1305 522
1304 523
1303 524
1302 524
1301 524
1300 525
1299 526
1298 526
1297 526
1296 527
1295 527
1294 527
1293 527
1292 527
1291 527
1290 527
1289 527
1288 527
1287 527
1286 528
1285 528
1284 529
1283 529
1282 530
1281 530
1280 531
1279 532
1278 532
1277 532
1276 533
1275 533
1274 533
1273 533
1272 533
1271 533
1270 533
1269 533
1268 533
1267 533
1266 533
1265 533
1264 534
1263 534
1262 534
1261 534
1260 535
1259 536
1258 536
1257 536
1256 537
1255 537
1254 537
1253 537
1252 538
1251 538
1250 538
1249 538
1248 539
1247 539
1246 539
1245 539
1244 539
1243 539
1242 539
1241 539
1240 539
1239 539
1238 540
1237 540
1236 540
1235 540
1234 541
1233 542
1232 542
1231 542
1230 543
1229 543
1228 544
1227 544
1226 544
1225 544
1224 545
1223 545
1222 545
1221 545
1220 545
1219 545
1218 545
1217 545
1216 545
1215 545
1214 545
1213 545
1212 545
1211 545
1210 545
1209 545
1208 545
1207 545
1206 545
1205 545
1204 545
1203 545
1202 545
1201 545
1200 545
1199 545
1198 546
1197 546
1196 546
1195 546
1194 547
1193 547
1192 547
1191 547
1190 547
1189 547
1188 548
1187 548
1186 549
1185 549
1184 550
1183 550
1182 551
1181 552
1180 553
1179 553
1178 554
1177 554
1176 555
1175 555
1174 556
1173 556
1172 557
1171 557
1170 558
1169 558
1168 559
1167 560
1166 560
1165 560
1164 561
1163 561
1162 562
1161 562
1160 563
1159 563
1158 564
1157 564
1156 565
1155 565
1154 566
1153 566
1152 566
1151 566
1150 567
1149 568
1148 568
1147 568
1146 569
1145 569
1144 570
1143 570
1142 571
1141 572
1140 572
1140 573
1139 574
1138 574
1138 575
1137 576
1136 576
1136 577
1135 578
1134 578
1134 579
1133 580
1132 580
1132 581
1131 582
1130 582
1130 583
1129 584
1128 584
1127 585
1126 586
1125 586
1124 587
1123 588
1122 589
1121 590
1120 590
1120 591
1119 592
1118 593
1117 594
1116 595
1116 596
1116 597
1116 598
1115 599
1115 600
1114 601
1114 602
1114 603
1114 604
1113 605
1113 606
1113 607
1113 608
1113 609
1113 610
1113 611
1113 612
1113 613
1113 614
1113 615
1113 616
1114 617
1114 618
1115 619
1116 620
1116 621
1117 621
1118 622
1118 623
1119 623
1120 624
1121 625
1122 625
1123 626
1124 626
1125 627
1126 627
1127 627
1128 627
1129 628
1130 628
1131 628
1132 628
1133 628
1134 628
1135 628
1136 628
1137 629
1138 629
1139 629
1140 629
1141 630
1142 630
1143 631
1144 631
1145 631
1146 632
1147 633
1148 633
1149 633
1150 633
1151 634
1152 634
1153 634
1154 634
1155 634
1156 634
1157 634
1158 634
1159 634
1160 634
1161 634
1162 634
1163 634
1164 634
1165 634
1166 634
1167 633
1168 633
1169 633
1170 633
1171 632
1172 632
1173 632
1174 632
1175 631
1176 631
1177 631
1178 631
1179 630
1180 630
1181 630
1182 630
1183 630
1184 630
1185 630
1186 630
1187 630
1188 630
1189 630
1190 630
1191 630
1192 630
1193 630
1194 630
1195 630
1196 630
1197 630
1198 630
1199 630
1200 630
1201 630
1202 630
1203 630
1204 630
1205 630
1206 630
1207 630
1208 630
1209 629
1210 629
1211 629
1212 629
1213 628
1214 628
1215 628
1216 628
1217 628
1218 628
1219 628
1220 628
1221 628
1222 628
1223 629
1224 629
1225 629
1226 629
1227 630
1228 630
1229 630
1230 630
1231 629
1232 629
1233 629
1234 629
1235 628
1236 628
1237 628
1238 628
1239 628
1240 628
1241 628
1242 628
1243 628
1244 628
1245 628
1246 628
1247 628
1248 628
1249 628
1250 628
1251 627
1252 627
1253 627
1254 627
1255 626
1256 626
1257 626
1258 626
1259 626
1260 626
1261 627
1262 627
1263 627
1264 627
1265 628
1266 628
1267 628
1268 628
1269 628
1270 628
1271 628
1272 628
1273 628
1274 628
1275 628
1276 628
1277 628
1278 628
1279 628
1280 628
1281 628
1282 628
1283 628
1284 628
1285 627
1286 627
1287 627
1288 627
1289 626
1290 626
1291 626
1292 626
1293 626
1294 626
1295 626
1296 626
1297 626
1298 626
1299 626
1300 626
1301 626
1302 626
1303 625
1304 625
1305 625
1306 625
1307 624
1308 624
1309 624
1310 624
1311 624
1312 624
1313 624
1314 624
1315 624
1316 624
1317 624
1318 624
1319 624
1320 624
1321 624
1322 624
1323 624
1324 624
1325 624
1326 624
1327 624
1328 624
1329 624
1330 624
1331 624
1332 624
1333 623
1334 623
1335 623
1336 623
1337 622
1338 622
1339 622
1340 622
1341 622
1342 622
1343 622
1344 622
1345 622
1346 622
1347 622
1348 622
1349 622
1350 622
1351 621
1352 621
1353 621
1354 621
1355 620
1356 620
1357 620
1358 620
1359 620
1360 620
1361 620
1362 620
1363 620
1364 620
1365 620
1366 620
1367 620
1368 620
1369 620
1370 620
1371 620
1372 620
1373 620
1374 620
1375 620
1376 620
1377 620
1378 620
1379 620
1380 620
1381 620
1382 620
1383 620
1384 620
1385 620
1386 620
1387 620
1388 620
1389 620
1390 620
1391 620
1392 620
1393 620
1394 620
1395 620
1396 620
1397 619
1398 619
1399 619
1400 619
1401 618
1402 618
1403 618
1404 618
1405 618
1406 618
1407 618
1408 618
1409 618
1410 618
1411 618
1412 618
1413 618
1414 618
1415 618
1416 618
1417 618
1418 618
1419 618
1420 618
1421 618
1422 618
1423 618
1424 618
1425 618
1426 618
1427 618
1428 618
1429 618
1430 618
1431 618
1432 618
1433 618
1434 618
1435 618
1436 618
1437 618
1438 618
1439 618
1440 618
1441 618
1442 618
1443 618
1444 618
1445 618
1446 618
1447 618
1448 618
1449 618
1450 618
1451 618
1452 618
1453 618
1454 618
1455 618
1456 618
1457 618
1458 618
1459 618
1460 618
1461 618
1462 618
1463 618
1464 618
1465 618
1466 618
1467 618
1468 618
1469 618
1470 618
1471 618
1472 618
1473 618
1474 618
1475 618
1476 618
1477 618
1478 618
1479 618
1480 618
1481 618
1482 618
1483 618
1484 618
1485 618
1486 618
1487 617
1488 617
1489 617
1490 617
1491 616
1492 616
1493 615
1494 615
1495 615
1496 615
1497 614
1498 614
1499 614
1500 614
1501 614
1502 614
1503 614
1504 614
1505 614
1506 614
1507 614
1508 614
1509 614
1510 614
1511 614
1512 614
1513 614
1514 614
1515 614
1516 614
1517 614
1518 614
1519 613
1520 613
1521 613
1522 613
1523 612
1524 612
1525 612
1526 612
1527 612
1528 612
1529 612
1530 612
1531 612
1532 612
1533 612
1534 612
1535 611
1536 611
1537 611
1538 611
1539 610
1540 610
1541 610
1542 610
1543 610
1544 610
1545 610
1546 610
1547 609
1548 609
1549 609
1550 609
1551 608
1552 608
1553 608
1554 608
1555 608
1556 608
1557 608
1558 608
1559 607
1560 607
1561 607
1562 607
1563 606
1564 606
1565 606
1566 606
1567 605
1568 605
1569 605
1570 605
1571 604
1572 604
1573 604
1574 604
1575 604
1576 604
1577 603
1578 603
1579 602
1580 602
1581 601
1582 601
1583 600
1584 599
1585 599
1586 599
1587 598
1588 598
1589 598
1590 598
1591 598
1592 598
1593 598
1594 598
1595 597
1596 597
1597 597
1598 597
1599 596
1600 595
1601 595
1602 595
1603 594
1604 594
1605 594
1606 594
1607 593
1608 593
1609 592
1610 592
1611 591
1612 591
1613 590
1614 589
1615 589
1616 589
1617 588
1618 588
1619 587
1620 587
1621 586
1622 585
1623 585
1623 584
1624 583
1625 583
1625 582
1626 581
1627 581
1627 580
1628 579
1629 578
1629 577
1630 576
1630 575
1629 574
1629 573
1629 572
1629 571
1628 570
1628 569
1628 568
1628 567
1628 566
1628 565
1628 564
1628 563
1628 562
1628 561
1628 560
1628 559
1628 558
1628 557
1628 556
1628 555
1628 554
1628 553
1628 552
1628 551
1628 550
1628 549
1628 548
1628 547
1628 546
1628 545
1627 544
1627 543
1627 542
1627 541
1626 540
1625 539
1625 538
1625 537
1624 536
1624 535
1624 534
1624 533
1623 532
1623 531
1623 530
1623 529
1622 528
1621 527
1620 526
1619 525
1619 524
1618 524
1617 523
1617 522
1616 522
1615 521
1615 520
1614 520
1613 519
1613 518
1612 518
1611 517
1611 516
1610 516
1609 515
1609 514
1608 514
1607 513
1606 512
1605 512
1604 511
1603 511
1602 510
1601 510
1600 509
1599 509
1598 508
1597 508
1596 507
1595 507
1594 507
1593 507
1592 507
1591 507
1590 507
1589 507
1588 507
1587 507
1586 507
1585 507
1584 507
1583 507
1582 507
1581 507
1580 507
1579 507
1578 507
1577 507
1576 507
1575 507
1574 507
1573 507
1572 507
1571 507
1570 507
1569 507
1568 507
1567 507
1566 507
1565 507
1564 508
1563 508
1562 508
1561 508
1560 509
1559 509
1558 509
1557 509
1556 509
1555 509
1554 509
1553 509
1552 509
1551 509
1550 510
1549 510
1548 510
1547 510
1546 511
1545 511
1544 511
1543 511
1542 511
1541 511
1540 511
1539 511
1538 510
1537 510
1536 510
1535 510
1534 509
1533 509
1532 509
1531 509
1530 509
1529 509
1528 509
1527 509
1526 509
1525 509
1524 509
1523 509
1522 509
1521 509
1520 509
1519 509
1518 509
1517 509
1516 509
1515 509
1514 509
1513 509
1512 508
1511 508
1510 508
1509 508
1508 507
1507 507
1506 507
1505 507
1504 507
1503 507
1502 507
1501 507
1500 507
1499 507
1498 507
1497 507
1496 507
1495 507
1494 507
1493 507
1492 506
1491 506
1490 506
1489 506
1488 505
1487 505
1486 505
1485 505
1484 505
1483 505
1482 506
1481 506
1480 506
1479 506
1478 507
1477 507
1476 507
1475 507
1474 507
1473 507
1472 507
1471 507
1470 507
1469 507
1468 507
1467 507
1466 507
1465 507
1464 507
1463 507
1462 507
1461 507
1460 506
1459 506
1458 506
1457 506
1456 505
1455 505
1454 505
1453 505
1452 505
1451 505
1450 505
1449 505
1448 505
1447 505
1446 504
1445 504
1444 504
1443 504
1442 503
1441 503
1440 503
1439 503
1438 503
1437 503
1436 503
1435 503
1434 503
1433 503
1432 503
1431 503
1430 503
1429 503
1428 503
1427 503
1426 503
1425 503
1424 503
1423 503
1422 503
1421 503
1420 503
1419 503
1418 503
1417 503
1416 503
1415 503
1414 503
1413 503
1412 503
1411 503
1410 503
1409 503
1408 503
1407 503
