286 552
285 553
284 553
283 554
282 554
281 554
280 555
279 555
278 555
277 556
276 556
275 556
274 556
273 557
272 557
271 558
270 559
269 559
268 559
267 559
266 559
265 559
264 559
263 559
262 559
261 559
260 559
259 559
258 559
257 559
256 559
255 560
254 560
253 561
252 561
251 562
250 562
249 563
248 563
247 563
246 564
245 564
244 564
243 564
242 564
241 564
240 565
239 565
238 566
237 566
236 566
235 567
234 567
233 568
232 569
231 570
230 571
229 572
228 572
227 573
226 573
225 573
224 574
223 574
222 575
221 575
220 576
219 577
218 578
217 579
216 580
215 581
214 582
213 583
212 583
211 584
210 584
209 585
208 586
207 586
206 587
205 587
204 588
204 589
203 590
202 591
201 592
200 593
199 594
198 595
197 595
196 596
195 596
194 597
193 598
192 599
191 600
190 601
189 602
189 603
188 604
188 605
188 606
187 607
186 608
185 609
184 610
183 611
182 612
181 613
181 614
181 615
181 616
182 617
182 618
183 619
183 620
184 621
184 622
185 623
186 624
187 625
188 626
189 627
190 627
191 628
192 628
193 629
194 629
195 630
196 631
197 631
198 631
199 631
200 631
201 631
202 631
203 631
204 631
205 632
206 633
207 633
208 634
209 634
210 634
211 634
212 634
213 634
214 634
215 634
216 635
217 635
218 635
219 635
220 635
221 635
222 635
223 636
224 636
225 636
226 637
227 637
228 637
229 637
230 637
231 637
232 637
233 637
234 637
235 637
236 637
237 637
238 638
239 638
240 638
241 639
242 639
243 639
244 639
245 639
246 639
247 639
248 639
249 639
250 639
251 639
252 639
253 639
254 639
255 639
256 639
257 639
258 639
259 639
260 639
261 639
262 640
263 640
264 640
265 640
266 640
267 641
268 641
269 641
270 641
271 641
272 641
273 641
274 642
275 642
276 642
277 643
278 643
279 643
280 644
281 644
282 644
283 644
284 644
285 644
286 644
287 644
288 644
289 644
290 644
291 645
292 645
293 645
294 645
295 645
296 645
297 645
298 645
299 645
300 645
301 645
302 645
303 645
304 645
305 645
306 645
307 646
308 646
309 646
310 647
311 647
312 647
313 647
314 647
315 647
316 647
317 647
318 647
319 647
320 647
321 647
322 647
323 647
324 647
325 647
326 647
327 647
328 647
329 647
330 647
331 647
332 648
333 648
334 649
335 650
336 650
337 651
338 651
339 651
340 651
341 651
342 651
343 651
344 651
345 650
346 650
347 650
348 650
349 650
350 650
351 650
352 650
353 650
354 650
355 650
356 649
357 649
358 648
359 647
360 646
360 645
361 644
362 644
363 643
364 642
365 641
365 640
366 639
367 639
368 638
369 637
370 636
370 635
371 634
372 634
373 633
374 632
375 631
375 630
376 629
376 628
376 627
376 626
376 625
376 624
376 623
377 622
377 621
377 620
377 619
377 618
377 617
377 616
377 615
377 614
377 613
378 612
378 611
379 610
379 609
379 608
380 607
380 606
380 605
381 604
381 603
381 602
381 601
381 600
381 599
381 598
381 597
381 596
381 595
381 594
381 593
381 592
381 591
381 590
381 589
381 588
381 587
381 586
381 585
380 584
380 583
379 582
378 581
377 580
376 579
375 578
375 577
374 576
373 575
372 574
371 573
370 573
369 572
368 572
367 571
366 571
365 571
364 571
363 570
362 569
361 568
360 568
359 567
358 566
357 565
356 565
355 564
354 563
353 562
352 561
351 561
350 560
349 560
348 560
347 559
346 559
345 559
344 558
343 558
342 557
341 557
340 556
339 556
338 556
337 555
336 555
335 555
334 554
333 554
332 554
331 554
330 554
329 553
328 553
327 553
326 553
325 553
324 553
323 553
322 553
321 553
320 553
319 552
318 552
317 552
316 552
315 552
314 552
313 552
312 552
311 552
310 552
309 552
308 552
307 552
306 552
305 552
304 552
303 552
302 552
301 552
300 552
299 552
298 552
297 552
296 552
295 552
294 552
293 552
292 552
291 552
290 552
289 552
288 552
287 552
286 552
