506 1668
505 1669
504 1669
503 1669
502 1669
501 1670
500 1670
499 1671
498 1671
497 1671
496 1671
495 1671
494 1671
493 1671
492 1671
491 1671
490 1671
489 1670
488 1670
487 1670
486 1670
485 1670
484 1670
483 1670
482 1670
481 1669
480 1669
479 1669
478 1669
477 1669
476 1669
475 1669
474 1669
473 1670
472 1671
471 1671
470 1672
469 1672
468 1673
467 1673
466 1674
465 1675
464 1675
463 1676
462 1676
461 1676
460 1677
459 1677
458 1677
457 1678
456 1678
455 1678
454 1679
453 1679
452 1679
451 1679
450 1680
449 1680
448 1680
447 1680
446 1680
445 1680
444 1680
443 1680
442 1680
441 1680
440 1681
439 1681
438 1681
437 1681
436 1681
435 1681
434 1681
433 1682
432 1682
431 1682
430 1682
429 1683
428 1683
427 1683
426 1684
425 1685
424 1686
423 1686
422 1687
421 1688
420 1689
419 1690
418 1691
417 1692
416 1693
415 1694
415 1695
415 1696
415 1697
415 1698
415 1699
416 1700
416 1701
417 1702
418 1703
418 1704
419 1705
420 1706
420 1707
421 1708
422 1708
423 1709
424 1708
425 1708
426 1708
427 1707
428 1707
429 1706
430 1706
431 1706
432 1706
433 1707
434 1707
435 1707
436 1708
437 1708
438 1708
439 1709
440 1709
441 1709
442 1710
443 1711
444 1711
445 1711
446 1711
447 1711
448 1712
449 1712
450 1712
451 1713
452 1713
453 1713
454 1714
455 1714
456 1714
457 1715
458 1716
459 1716
460 1717
461 1717
462 1717
463 1717
464 1717
465 1717
466 1717
467 1717
468 1717
469 1717
470 1717
471 1718
472 1718
473 1718
474 1719
475 1719
476 1719
477 1720
478 1720
479 1720
480 1720
481 1721
482 1721
483 1721
484 1721
485 1722
486 1722
487 1722
488 1722
489 1722
490 1722
491 1723
492 1723
493 1723
494 1724
495 1724
496 1724
497 1724
498 1724
499 1724
500 1725
501 1725
502 1725
503 1725
504 1725
505 1725
506 1726
507 1726
508 1726
509 1726
510 1726
511 1727
512 1727
513 1727
514 1727
515 1727
516 1727
517 1727
518 1727
519 1727
520 1727
521 1727
522 1727
523 1727
524 1727
525 1727
526 1727
527 1727
528 1727
529 1727
530 1726
531 1725
531 1724
532 1723
533 1722
533 1721
534 1720
535 1719
536 1718
537 1717
537 1716
538 1715
538 1714
539 1713
539 1712
540 1711
540 1710
541 1709
542 1708
543 1707
543 1706
544 1705
545 1704
545 1703
545 1702
545 1701
545 1700
544 1699
544 1698
544 1697
543 1696
543 1695
543 1694
543 1693
543 1692
543 1691
542 1690
542 1689
541 1688
541 1687
540 1686
540 1685
539 1684
538 1683
537 1683
536 1682
535 1681
534 1681
533 1680
532 1679
531 1678
530 1677
529 1676
528 1675
527 1674
526 1673
525 1672
524 1671
523 1670
522 1669
521 1669
520 1669
519 1669
518 1668
517 1668
516 1668
515 1668
514 1668
513 1668
512 1668
511 1668
510 1668
509 1668
508 1668
507 1668
506 1668
