748 1756
747 1757
746 1757
745 1758
744 1758
743 1759
742 1760
741 1761
740 1762
739 1762
738 1763
737 1763
736 1764
735 1765
734 1766
733 1767
732 1768
731 1769
730 1770
729 1771
728 1772
728 1773
728 1774
728 1775
728 1776
728 1777
728 1778
728 1779
728 1780
728 1781
728 1782
728 1783
728 1784
728 1785
728 1786
728 1787
728 1788
728 1789
728 1790
729 1791
729 1792
730 1793
730 1794
731 1795
732 1796
733 1797
734 1798
735 1799
736 1799
737 1800
738 1801
739 1802
740 1803
741 1804
742 1805
743 1806
744 1807
745 1808
746 1809
747 1810
748 1811
749 1812
750 1813
751 1814
752 1815
753 1816
754 1817
755 1818
756 1819
757 1820
758 1821
759 1821
760 1822
761 1822
762 1823
763 1823
764 1824
765 1824
766 1824
767 1824
768 1824
769 1824
770 1824
771 1824
772 1824
773 1824
774 1824
775 1824
776 1824
777 1824
778 1824
779 1824
780 1824
781 1824
782 1824
783 1824
784 1824
785 1824
786 1824
787 1824
788 1824
789 1824
790 1824
791 1824
792 1824
793 1824
794 1824
795 1824
796 1823
797 1822
798 1822
799 1822
800 1822
801 1821
802 1821
803 1821
804 1820
805 1820
806 1820
807 1820
808 1820
809 1819
810 1819
811 1818
812 1817
813 1816
814 1815
815 1815
816 1814
817 1813
818 1812
819 1811
820 1810
821 1809
822 1808
822 1807
823 1806
824 1805
825 1804
826 1803
827 1802
828 1801
829 1800
830 1799
830 1798
831 1797
831 1796
831 1795
831 1794
831 1793
831 1792
831 1791
831 1790
830 1789
830 1788
829 1787
828 1786
827 1785
826 1785
825 1784
824 1783
823 1783
822 1782
821 1781
820 1781
819 1780
818 1780
817 1779
816 1779
815 1778
814 1778
813 1777
812 1777
811 1776
810 1775
809 1775
808 1775
807 1774
806 1774
805 1774
804 1773
803 1772
802 1772
801 1772
800 1771
799 1771
798 1771
797 1770
796 1769
795 1769
794 1768
793 1768
792 1768
791 1768
790 1768
789 1767
788 1766
787 1766
786 1766
785 1765
784 1765
783 1764
782 1763
781 1763
780 1762
779 1761
778 1760
777 1759
776 1759
775 1758
774 1758
773 1758
772 1758
771 1758
770 1758
769 1758
768 1758
767 1758
766 1758
765 1758
764 1758
763 1758
762 1757
761 1757
760 1756
759 1756
758 1756
757 1756
756 1756
755 1756
754 1756
753 1756
752 1756
751 1756
750 1756
749 1756
748 1756
