590 555
590 556
590 557
590 558
590 559
590 560
590 561
590 562
590 563
590 564
590 565
590 566
590 567
590 568
590 569
589 570
589 571
589 572
588 573
588 574
588 575
588 576
588 577
589 578
589 579
590 580
590 581
591 582
591 583
591 584
591 585
591 586
591 587
591 588
591 589
591 590
591 591
591 592
591 593
591 594
591 595
591 596
592 597
592 598
592 599
593 600
593 601
593 602
594 603
594 604
594 605
595 606
595 607
595 608
595 609
595 610
595 611
595 612
595 613
595 614
595 615
595 616
595 617
595 618
596 619
596 620
596 621
596 622
596 623
596 624
597 625
597 626
598 627
598 628
598 629
598 630
599 631
599 632
599 633
600 634
600 635
600 636
600 637
600 638
600 639
600 640
600 641
601 642
601 643
602 644
602 645
603 646
603 647
603 648
603 649
603 650
603 651
603 652
603 653
603 654
603 655
604 656
604 657
604 658
605 659
605 660
605 661
605 662
606 663
606 664
606 665
607 666
607 667
607 668
607 669
607 670
607 671
607 672
608 673
608 674
609 675
610 676
610 677
611 678
611 679
611 680
611 681
611 682
611 683
612 684
613 685
613 686
613 687
614 688
614 689
614 690
614 691
614 692
614 693
614 694
614 695
614 696
614 697
614 698
614 699
614 700
614 701
614 702
614 703
614 704
614 705
614 706
615 707
615 708
615 709
616 710
616 711
617 712
617 713
617 714
617 715
617 716
617 717
617 718
617 719
617 720
617 721
617 722
617 723
617 724
618 725
618 726
619 727
619 728
619 729
619 730
620 731
620 732
621 733
621 734
622 735
622 736
622 737
622 738
623 739
623 740
624 741
624 742
625 743
625 744
625 745
626 746
626 747
627 748
628 748
629 749
630 749
631 749
632 749
633 749
634 749
635 749
636 749
637 749
638 748
639 748
640 748
641 748
642 748
643 748
644 748
645 749
646 749
647 750
648 750
649 751
650 751
651 751
652 752
653 752
654 753
655 753
656 754
657 755
658 756
659 757
660 758
661 758
662 759
663 760
664 760
665 761
666 761
667 762
668 763
669 763
670 764
671 764
672 764
673 764
674 764
675 764
676 764
677 764
678 764
679 764
680 764
681 764
682 764
683 764
684 764
685 764
686 764
687 764
688 764
689 764
690 764
691 764
692 764
693 764
694 764
695 764
696 764
697 764
698 764
699 763
700 763
701 763
702 762
703 763
704 762
705 762
706 762
707 761
708 761
709 760
710 760
711 760
712 760
713 760
714 760
715 760
716 760
717 759
718 759
719 759
720 759
721 759
722 759
723 759
724 759
725 759
726 759
727 759
728 759
729 759
730 759
731 759
732 758
733 758
734 758
735 757
736 757
737 757
738 756
739 755
740 754
741 754
742 754
743 754
744 753
745 752
746 751
747 750
748 749
749 748
750 747
751 746
752 746
753 745
754 745
755 745
756 745
757 745
758 744
759 743
760 742
761 741
762 740
762 739
763 738
763 737
763 736
764 735
764 734
764 733
764 732
765 731
765 730
765 729
765 728
765 727
765 726
765 725
765 724
766 723
766 722
766 721
766 720
766 719
767 718
767 717
767 716
767 715
767 714
767 713
768 712
768 711
768 710
768 709
768 708
768 707
768 706
768 705
768 704
768 703
768 702
768 701
768 700
768 699
768 698
768 697
768 696
768 695
768 694
768 693
768 692
768 691
768 690
768 689
768 688
768 687
767 686
767 685
767 684
767 683
767 682
766 681
765 680
765 679
765 678
765 677
765 676
765 675
765 674
765 673
765 672
764 671
764 670
764 669
763 668
763 667
762 666
762 665
762 664
762 663
762 662
762 661
762 660
762 659
762 658
762 657
762 656
762 655
762 654
762 653
762 652
762 651
762 650
762 649
762 648
761 647
760 646
759 645
758 644
757 643
756 642
755 641
754 640
753 640
752 639
751 639
750 639
749 639
748 639
747 638
746 638
745 638
744 637
743 637
742 637
741 636
740 636
739 636
738 636
737 636
736 635
735 635
734 634
733 634
732 633
731 633
730 633
729 632
728 632
727 632
726 632
725 632
724 631
723 631
722 630
721 630
720 630
719 629
718 629
717 628
716 628
715 627
714 626
713 625
712 624
711 624
710 623
709 623
708 623
707 622
706 622
705 621
704 621
703 620
702 620
701 619
700 618
699 618
698 617
697 616
696 616
695 615
694 615
693 614
692 614
691 613
690 612
689 611
688 610
687 610
686 610
685 609
684 609
683 608
682 608
681 607
680 607
679 606
678 606
677 605
676 605
675 605
674 604
673 604
672 603
671 602
670 601
669 601
668 601
667 601
666 600
665 600
664 600
663 599
662 599
661 599
660 598
659 598
658 598
657 597
656 597
655 596
654 596
653 596
652 596
651 595
650 595
649 594
648 594
647 593
646 592
645 592
644 592
643 592
642 592
641 592
640 591
639 590
638 590
637 590
636 589
635 589
634 588
633 587
632 586
631 585
630 584
629 583
628 582
627 581
626 580
625 579
624 578
623 578
622 577
621 576
620 575
619 574
618 573
617 572
616 571
615 570
614 570
613 569
612 568
611 568
610 567
609 567
608 566
607 565
606 564
605 563
604 562
603 561
602 560
601 559
600 558
599 557
598 556
597 556
596 555
595 555
594 555
593 555
592 555
591 555
590 555
