24 460
23 461
22 462
22 463
22 464
22 465
23 466
23 467
23 468
24 469
24 470
24 471
24 472
24 473
24 474
24 475
24 476
24 477
24 478
24 479
24 480
25 481
25 482
25 483
26 484
26 485
27 486
27 487
28 488
28 489
29 490
29 491
30 492
30 493
31 494
32 495
33 496
34 497
35 498
36 499
37 500
37 501
38 502
39 503
40 503
41 504
42 505
43 505
44 505
45 506
46 506
47 505
48 505
49 506
50 507
51 507
52 508
53 509
54 509
55 509
56 510
57 510
58 511
59 512
59 513
60 514
61 515
62 516
63 516
64 517
65 518
66 518
67 519
68 519
69 519
70 519
71 520
72 520
73 520
74 520
75 520
76 520
77 520
78 520
79 520
80 520
81 520
82 520
83 520
84 520
85 520
86 520
87 519
88 519
89 519
90 519
91 519
92 519
93 518
94 518
95 518
96 519
97 519
98 519
99 519
100 519
101 519
102 519
103 519
104 519
105 519
106 520
107 520
108 520
109 520
110 520
111 520
112 521
113 520
114 520
115 520
116 519
117 519
118 518
119 518
120 517
121 517
122 517
123 518
124 518
125 518
126 518
127 518
128 518
129 518
130 518
131 517
132 517
133 516
134 515
135 515
136 515
137 514
138 513
139 512
140 512
141 511
142 510
143 509
144 508
145 507
146 506
147 505
148 504
149 504
150 503
151 502
152 501
153 500
153 499
153 498
154 497
154 496
155 495
155 494
155 493
155 492
155 491
155 490
155 489
155 488
155 487
154 486
154 485
154 484
153 483
153 482
153 481
152 480
151 479
150 478
149 477
148 476
148 475
147 474
146 473
145 473
144 472
143 471
142 471
141 470
140 469
139 469
138 468
137 467
136 466
135 466
134 466
133 466
132 466
131 465
130 465
129 465
128 465
127 465
126 465
125 466
124 466
123 466
122 466
121 467
120 467
119 468
118 468
117 469
116 469
115 470
114 470
113 471
112 471
111 471
110 471
109 471
108 471
107 471
106 471
105 471
104 471
103 471
102 471
101 471
100 471
99 471
98 471
97 471
96 471
95 471
94 472
93 472
92 472
91 472
90 472
89 472
88 472
87 472
86 472
85 472
84 472
83 471
82 471
81 471
80 471
79 471
78 471
77 471
76 471
75 471
74 470
73 470
72 470
71 470
70 470
69 470
68 470
67 469
66 469
65 469
64 469
63 468
62 468
61 468
60 468
59 468
58 468
57 468
56 467
55 467
54 467
53 467
52 467
51 467
50 466
49 466
48 466
47 466
46 466
45 465
44 465
43 465
42 464
41 464
40 464
39 463
38 463
37 463
36 462
35 462
34 462
33 462
32 461
31 461
30 461
29 460
28 460
27 460
26 460
25 460
24 460
