1443 944
1442 945
1441 945
1440 946
1439 946
1438 947
1437 947
1436 947
1435 947
1434 947
1433 948
1432 948
1431 948
1430 948
1429 948
1428 947
1427 947
1426 947
1425 947
1424 947
1423 947
1422 947
1421 947
1420 947
1419 947
1418 947
1417 948
1416 948
1415 949
1414 949
1413 949
1412 950
1411 950
1410 951
1409 951
1408 951
1407 951
1406 951
1405 952
1404 953
1403 954
1402 955
1401 956
1400 957
1399 958
1398 959
1397 960
1396 961
1395 962
1394 963
1393 964
1392 965
1391 966
1391 967
1390 968
1389 969
1389 970
1388 971
1387 972
1386 973
1385 974
1384 975
1383 976
1382 976
1381 977
1380 978
1379 978
1378 979
1377 980
1376 981
1375 982
1374 983
1373 984
1373 985
1372 986
1372 987
1371 988
1371 989
1370 990
1370 991
1370 992
1369 993
1369 994
1369 995
1369 996
1368 997
1368 998
1368 999
1367 1000
1367 1001
1367 1002
1367 1003
1367 1004
1367 1005
1367 1006
1367 1007
1367 1008
1367 1009
1367 1010
1367 1011
1368 1012
1368 1013
1369 1014
1369 1015
1370 1015
1371 1016
1372 1017
1373 1018
1374 1019
1375 1019
1376 1020
1377 1021
1378 1022
1378 1023
1379 1024
1380 1025
1381 1026
1382 1027
1383 1028
1383 1029
1384 1030
1385 1030
1386 1031
1386 1032
1387 1033
1388 1034
1388 1035
1389 1036
1390 1037
1391 1038
1392 1038
1393 1039
1394 1039
1395 1040
1396 1040
1397 1041
1398 1042
1399 1043
1400 1044
1401 1045
1402 1046
1403 1047
1404 1047
1405 1047
1406 1048
1407 1049
1408 1050
1409 1051
1410 1051
1411 1052
1412 1052
1413 1053
1414 1053
1415 1053
1416 1053
1417 1054
1418 1054
1419 1055
1420 1055
1421 1055
1422 1055
1423 1055
1424 1055
1425 1055
1426 1056
1427 1056
1428 1057
1429 1057
1430 1058
1431 1058
1432 1058
1433 1059
1434 1059
1435 1059
1436 1059
1437 1059
1438 1060
1439 1060
1440 1061
1441 1061
1442 1061
1443 1061
1444 1061
1445 1062
1446 1062
1447 1062
1448 1063
1449 1063
1450 1064
1451 1064
1452 1064
1453 1065
1454 1065
1455 1065
1456 1065
1457 1065
1458 1066
1459 1066
1460 1066
1461 1066
1462 1066
1463 1067
1464 1067
1465 1067
1466 1068
1467 1068
1468 1068
1469 1068
1470 1068
1471 1068
1472 1068
1473 1068
1474 1067
1475 1067
1476 1067
1477 1066
1478 1065
1479 1064
1480 1063
1481 1062
1482 1062
1483 1061
1484 1061
1485 1060
1486 1059
1487 1059
1488 1058
1489 1057
1490 1057
1491 1057
1492 1056
1493 1056
1494 1056
1495 1055
1496 1055
1497 1054
1498 1054
1499 1053
1500 1053
1501 1053
1502 1053
1503 1053
1504 1052
1505 1052
1506 1052
1507 1051
1508 1051
1509 1051
1510 1050
1511 1050
1512 1049
1513 1049
1514 1048
1515 1048
1516 1048
1517 1048
1518 1047
1519 1047
1520 1047
1521 1046
1522 1046
1523 1046
1524 1045
1525 1045
1526 1045
1527 1044
1528 1044
1529 1043
1530 1043
1531 1043
1532 1043
1533 1042
1534 1042
1535 1041
1536 1041
1537 1040
1538 1039
1539 1038
1540 1038
1541 1037
1542 1037
1542 1036
1543 1035
1543 1034
1543 1033
1544 1032
1544 1031
1545 1030
1545 1029
1545 1028
1545 1027
1545 1026
1546 1025
1546 1024
1546 1023
1546 1022
1547 1021
1547 1020
1547 1019
1547 1018
1548 1017
1548 1016
1548 1015
1548 1014
1548 1013
1549 1012
1549 1011
1549 1010
1549 1009
1549 1008
1549 1007
1549 1006
1549 1005
1549 1004
1549 1003
1549 1002
1549 1001
1549 1000
1549 999
1549 998
1549 997
1549 996
1549 995
1549 994
1549 993
1548 992
1548 991
1548 990
1547 989
1546 988
1546 987
1545 986
1545 985
1544 984
1544 983
1543 982
1542 981
1542 980
1541 979
1540 978
1540 977
1539 976
1539 975
1539 974
1538 973
1538 972
1537 971
1537 970
1536 969
1535 968
1534 967
1533 966
1533 965
1533 964
1533 963
1532 962
1531 961
1530 960
1529 960
1528 959
1527 959
1526 958
1525 958
1524 957
1523 956
1522 955
1521 955
1520 954
1519 954
1518 953
1517 953
1516 953
1515 953
1514 953
1513 953
1512 953
1511 953
1510 953
1509 953
1508 953
1507 953
1506 952
1505 952
1504 952
1503 952
1502 952
1501 952
1500 952
1499 952
1498 951
1497 951
1496 951
1495 951
1494 951
1493 951
1492 951
1491 951
1490 951
1489 951
1488 951
1487 951
1486 951
1485 951
1484 951
1483 951
1482 951
1481 951
1480 951
1479 952
1478 952
1477 952
1476 952
1475 952
1474 952
1473 952
1472 952
1471 952
1470 952
1469 952
1468 952
1467 952
1466 952
1465 952
1464 952
1463 952
1462 952
1461 952
1460 952
1459 952
1458 952
1457 952
1456 952
1455 952
1454 952
1453 952
1452 952
1451 952
1450 951
1449 950
1448 949
1447 948
1447 947
1447 946
1447 945
1446 944
1445 944
1444 944
1443 944
