655 983
654 984
653 984
652 984
651 984
650 984
649 984
648 984
647 984
646 984
645 984
644 984
643 984
642 984
641 984
640 984
639 984
638 984
637 984
636 984
635 984
634 984
633 984
632 985
631 985
630 985
629 986
628 986
627 986
626 986
625 986
624 986
623 986
622 986
621 987
620 987
619 987
618 987
617 988
616 988
615 988
614 988
613 988
612 988
611 989
610 989
609 989
608 990
607 990
606 990
605 991
604 991
603 991
602 991
601 992
600 992
599 992
598 992
597 992
596 992
595 992
594 993
593 993
592 993
591 993
590 993
589 993
588 993
587 993
586 994
585 994
584 994
583 994
582 994
581 995
580 996
579 997
579 998
578 999
577 1000
576 1001
575 1002
574 1003
573 1004
572 1005
571 1005
570 1006
569 1007
568 1007
567 1008
566 1009
565 1009
565 1010
564 1011
564 1012
564 1013
564 1014
565 1015
565 1016
565 1017
565 1018
566 1018
567 1018
568 1019
569 1019
570 1020
571 1021
572 1022
573 1023
573 1024
574 1025
574 1026
574 1027
575 1028
576 1029
576 1030
576 1031
577 1032
578 1032
579 1033
580 1033
581 1034
582 1034
583 1035
584 1036
585 1036
586 1037
587 1038
588 1039
589 1040
590 1040
591 1040
592 1040
593 1040
594 1040
595 1041
596 1041
597 1041
598 1042
599 1042
600 1042
601 1042
602 1042
603 1042
604 1042
605 1043
606 1043
607 1044
608 1044
609 1044
610 1044
611 1044
612 1044
613 1045
614 1045
615 1045
616 1045
617 1046
618 1046
619 1046
620 1047
621 1047
622 1047
623 1048
624 1048
625 1048
626 1048
627 1048
628 1049
629 1049
630 1049
631 1049
632 1049
633 1049
634 1049
635 1049
636 1050
637 1050
638 1050
639 1050
640 1050
641 1050
642 1050
643 1050
644 1050
645 1050
646 1050
647 1051
648 1051
649 1052
650 1052
651 1053
652 1053
653 1053
654 1053
655 1053
656 1054
657 1054
658 1054
659 1054
660 1054
661 1054
662 1054
663 1054
664 1054
665 1054
666 1054
667 1054
668 1054
669 1054
670 1054
671 1054
672 1053
673 1053
674 1053
675 1053
676 1053
677 1052
678 1052
679 1052
680 1052
681 1052
682 1051
683 1051
684 1051
685 1050
686 1050
687 1050
688 1049
689 1049
690 1049
691 1048
692 1048
693 1048
694 1047
695 1047
696 1047
697 1046
698 1046
699 1045
700 1044
701 1044
702 1043
703 1042
704 1041
705 1040
706 1039
707 1038
708 1037
709 1036
710 1035
711 1034
711 1033
712 1032
713 1031
713 1030
714 1029
714 1028
714 1027
714 1026
714 1025
714 1024
714 1023
714 1022
714 1021
714 1020
714 1019
714 1018
714 1017
714 1016
714 1015
713 1014
712 1013
712 1012
711 1011
711 1010
710 1009
709 1008
709 1007
708 1006
708 1005
708 1004
708 1003
708 1002
708 1001
707 1000
707 999
706 998
706 997
705 996
705 995
704 994
704 993
703 992
702 991
701 990
700 990
699 990
698 989
697 989
696 989
695 989
694 989
693 989
692 989
691 989
690 989
689 989
688 989
687 988
686 988
685 988
684 988
683 987
682 987
681 986
680 986
679 986
678 986
677 986
676 986
675 986
674 986
673 986
672 986
671 986
670 986
669 986
668 986
667 986
666 986
665 985
664 985
663 985
662 984
661 984
660 984
659 984
658 984
657 984
656 983
655 983
