124 507
123 508
122 509
121 509
120 509
119 509
118 509
117 510
116 510
115 510
114 511
113 511
112 512
111 512
110 512
109 513
108 513
107 513
106 513
105 512
104 512
103 511
102 511
101 511
100 511
99 512
98 513
97 514
96 515
95 516
94 517
93 518
92 519
91 520
91 521
90 522
89 523
89 524
89 525
89 526
89 527
89 528
89 529
89 530
89 531
90 532
90 533
91 534
91 535
92 536
93 537
93 538
94 539
94 540
95 541
96 542
96 543
97 543
98 544
99 545
100 546
100 547
101 547
102 546
102 545
103 544
104 543
105 542
106 542
107 542
108 542
109 542
110 542
111 541
112 540
113 540
114 540
115 540
116 541
117 541
118 541
119 541
120 541
121 541
122 541
123 541
124 541
125 541
126 541
127 541
128 541
129 542
130 542
131 542
132 542
133 542
134 542
135 542
136 542
137 542
138 542
139 542
140 542
141 543
142 543
143 543
144 544
145 544
146 544
147 544
148 544
149 544
150 544
151 545
152 545
153 545
154 545
155 545
156 545
157 545
158 546
159 546
160 547
161 547
162 547
163 547
164 548
165 548
166 549
167 549
168 549
169 549
170 549
171 549
172 549
173 550
174 550
175 550
176 551
177 551
178 552
179 552
180 552
181 552
182 552
183 552
184 552
185 552
186 552
187 552
188 552
189 552
190 553
191 553
192 553
193 553
194 553
195 553
196 553
197 553
198 553
199 553
200 553
201 553
202 553
203 553
204 554
205 554
206 553
207 554
208 554
209 554
210 555
211 555
212 555
213 555
214 555
215 555
216 556
217 556
218 556
219 556
220 556
221 556
222 557
223 557
224 557
225 557
226 558
227 558
228 559
229 559
230 560
231 560
232 560
233 559
234 559
235 558
236 559
237 559
238 559
239 559
240 558
241 557
242 556
243 555
244 555
245 554
246 554
247 554
248 553
249 553
250 552
251 551
252 550
253 549
254 549
255 548
255 547
255 546
255 545
255 544
255 543
255 542
255 541
255 540
255 539
255 538
255 537
255 536
255 535
255 534
255 533
255 532
255 531
254 530
254 529
254 528
254 527
254 526
254 525
253 524
253 523
252 522
251 521
250 521
249 520
248 520
247 520
246 520
245 519
244 519
243 518
242 517
241 517
240 517
239 516
238 516
237 516
236 515
235 515
234 515
233 515
232 515
231 515
230 516
229 516
228 516
227 517
226 517
225 517
224 517
223 517
222 517
221 518
220 518
219 518
218 518
217 518
216 518
215 518
214 518
213 518
212 518
211 518
210 518
209 517
208 517
207 517
206 517
205 517
204 517
203 517
202 516
201 516
200 516
199 515
198 515
197 515
196 515
195 515
194 515
193 515
192 515
191 514
190 514
189 514
188 514
187 514
186 514
185 513
184 513
183 513
182 513
181 513
180 512
179 512
178 512
177 512
176 512
175 512
174 512
173 512
172 512
171 512
170 511
169 511
168 511
167 510
166 510
165 510
164 510
163 510
162 510
161 510
160 510
159 510
158 510
157 509
156 509
155 509
154 509
153 509
152 509
151 509
150 508
149 508
148 508
147 508
146 508
145 508
144 508
143 508
142 508
141 508
140 508
139 508
138 508
137 507
136 507
135 507
134 507
133 507
132 507
131 507
130 507
129 507
128 507
127 507
126 507
125 507
124 507
