355 1176
354 1177
353 1177
352 1177
351 1178
350 1178
349 1178
348 1178
347 1178
346 1178
345 1178
344 1178
343 1178
342 1179
341 1179
340 1179
339 1179
338 1179
337 1179
336 1179
335 1179
334 1179
333 1179
332 1179
331 1179
330 1179
329 1179
328 1179
327 1179
326 1179
325 1179
324 1179
323 1179
322 1179
321 1179
320 1179
319 1179
318 1179
317 1179
316 1179
315 1179
314 1179
313 1179
312 1179
311 1179
310 1179
309 1179
308 1178
307 1178
306 1178
305 1178
304 1178
303 1178
302 1179
301 1179
300 1180
299 1180
298 1180
297 1180
296 1180
295 1181
294 1181
293 1181
292 1182
291 1182
290 1183
289 1184
288 1184
287 1185
286 1186
285 1186
284 1186
283 1186
282 1186
281 1186
280 1186
279 1186
278 1186
277 1186
276 1186
275 1186
274 1186
273 1185
272 1185
271 1185
270 1185
269 1185
268 1185
267 1184
266 1184
265 1184
264 1184
263 1184
262 1184
261 1184
260 1185
259 1185
258 1186
257 1187
256 1188
255 1189
255 1190
254 1191
254 1192
254 1193
254 1194
254 1195
255 1196
256 1197
257 1198
257 1199
258 1200
258 1201
258 1202
258 1203
258 1204
258 1205
258 1206
257 1207
257 1208
257 1209
256 1210
256 1211
257 1212
257 1213
258 1214
258 1215
259 1216
259 1217
259 1218
260 1219
261 1220
262 1220
263 1220
264 1220
265 1220
266 1220
267 1220
268 1220
269 1220
270 1220
271 1220
272 1220
273 1220
274 1220
275 1220
276 1220
277 1219
278 1219
279 1219
280 1219
281 1219
282 1219
283 1219
284 1220
285 1220
286 1220
287 1221
288 1221
289 1222
290 1222
291 1223
292 1223
293 1224
294 1224
295 1224
296 1224
297 1224
298 1224
299 1224
300 1224
301 1224
302 1224
303 1224
304 1224
305 1224
306 1224
307 1224
308 1224
309 1224
310 1224
311 1224
312 1224
313 1224
314 1224
315 1224
316 1224
317 1224
318 1224
319 1224
320 1224
321 1224
322 1224
323 1224
324 1224
325 1224
326 1224
327 1224
328 1224
329 1224
330 1223
331 1223
332 1223
333 1222
334 1222
335 1222
336 1221
337 1221
338 1220
339 1220
340 1220
341 1220
342 1220
343 1220
344 1220
345 1221
346 1221
347 1221
348 1221
349 1221
350 1221
351 1221
352 1221
353 1221
354 1221
355 1222
356 1222
357 1222
358 1223
359 1223
360 1223
361 1223
362 1223
363 1224
364 1224
365 1224
366 1224
367 1224
368 1224
369 1224
370 1224
371 1224
372 1224
373 1224
374 1224
375 1224
376 1224
377 1224
378 1224
379 1224
380 1224
381 1224
382 1224
383 1224
384 1223
385 1223
386 1223
387 1222
388 1222
389 1221
390 1221
391 1220
392 1219
391 1218
391 1217
391 1216
391 1215
391 1214
391 1213
391 1212
391 1211
391 1210
392 1209
392 1208
392 1207
392 1206
393 1205
393 1204
393 1203
394 1202
394 1201
394 1200
394 1199
394 1198
395 1197
395 1196
395 1195
395 1194
395 1193
395 1192
395 1191
395 1190
394 1189
394 1188
393 1187
393 1186
392 1185
392 1184
391 1183
390 1182
389 1182
388 1182
387 1181
386 1181
385 1181
384 1181
383 1180
382 1180
381 1180
380 1180
379 1180
378 1180
377 1180
376 1180
375 1179
374 1179
373 1178
372 1178
371 1178
370 1178
369 1178
368 1177
367 1177
366 1177
365 1176
364 1177
363 1177
362 1177
361 1177
360 1177
359 1177
358 1177
357 1177
356 1177
355 1176
