1154 84
1153 85
1152 85
1151 86
1150 87
1149 88
1148 89
1147 90
1146 91
1145 92
1145 93
1144 94
1144 95
1144 96
1144 97
1144 98
1143 99
1143 100
1142 101
1142 102
1142 103
1142 104
1142 105
1142 106
1142 107
1142 108
1143 109
1143 110
1144 111
1144 112
1145 113
1145 114
1145 115
1146 116
1146 117
1146 118
1146 119
1147 120
1147 121
1147 122
1147 123
1147 124
1147 125
1147 126
1148 127
1149 128
1150 129
1151 129
1152 130
1153 131
1154 132
1155 133
1156 134
1157 134
1158 134
1159 134
1160 135
1161 135
1162 136
1163 136
1164 137
1165 138
1166 139
1167 139
1168 139
1169 140
1170 141
1171 141
1172 142
1173 142
1174 143
1175 143
1176 143
1177 143
1178 143
1179 143
1180 143
1181 144
1182 144
1183 144
1184 145
1185 146
1186 147
1187 148
1188 149
1189 150
1190 151
1191 152
1192 153
1193 153
1194 154
1195 154
1196 154
1197 154
1198 154
1199 154
1200 154
1201 154
1202 154
1203 154
1204 154
1205 154
1206 154
1207 154
1208 154
1209 153
1210 153
1211 152
1212 152
1213 152
1214 151
1215 151
1216 150
1217 150
1218 149
1219 148
1220 148
1221 147
1222 147
1223 146
1224 145
1225 145
1226 144
1227 143
1228 142
1229 141
1230 141
1231 140
1232 140
1233 140
1234 139
1235 138
1236 138
1237 137
1238 136
1239 136
1240 135
1241 135
1242 134
1243 133
1244 133
1245 132
1246 132
1247 132
1248 131
1249 131
1250 131
1251 130
1252 129
1253 128
1254 127
1255 126
1256 125
1257 124
1258 124
1259 123
1260 122
1261 121
1262 121
1263 120
1263 119
1264 118
1265 117
1266 116
1267 116
1267 115
1268 114
1268 113
1269 112
1269 111
1269 110
1268 109
1268 108
1268 107
1267 106
1267 105
1266 104
1265 103
1264 103
1263 103
1262 102
1261 101
1260 101
1259 100
1258 99
1257 99
1256 99
1255 99
1254 99
1253 99
1252 99
1251 100
1250 100
1249 101
1248 102
1247 102
1246 103
1245 103
1244 103
1243 103
1242 103
1241 103
1240 103
1239 103
1238 103
1237 103
1236 103
1235 103
1234 103
1233 103
1232 103
1231 103
1230 103
1229 102
1228 102
1227 102
1226 101
1225 101
1224 101
1223 101
1222 100
1221 100
1220 100
1219 100
1218 100
1217 100
1216 100
1215 100
1214 100
1213 100
1212 99
1211 99
1210 99
1209 99
1208 99
1207 99
1206 99
1205 98
1204 98
1203 98
1202 97
1201 97
1200 97
1199 97
1198 96
1197 96
1196 96
1195 96
1194 95
1193 95
1192 95
1191 94
1190 94
1189 94
1188 94
1187 93
1186 93
1185 92
1184 92
1183 91
1182 91
1181 90
1180 90
1179 89
1178 89
1177 88
1176 88
1175 87
1174 87
1173 86
1172 86
1171 86
1170 85
1169 85
1168 85
1167 85
1166 85
1165 85
1164 85
1163 84
1162 84
1161 84
1160 84
1159 84
1158 84
1157 84
1156 84
1155 84
1154 84
