183 623
182 624
181 624
180 625
179 625
178 626
177 626
176 626
175 626
174 626
173 626
172 626
171 626
170 626
169 626
168 626
167 626
166 626
165 626
164 626
163 626
162 627
161 627
160 627
159 627
158 627
157 628
156 628
155 628
154 628
153 628
152 629
151 629
150 630
149 630
148 630
147 631
146 631
145 631
144 630
143 630
142 630
141 630
140 630
139 630
138 630
137 630
136 629
135 629
134 629
133 629
132 628
131 628
130 628
129 628
128 628
127 628
126 628
125 628
124 628
123 628
122 628
121 628
120 628
119 629
118 629
117 630
116 631
115 632
114 633
113 633
112 633
111 634
110 634
109 635
109 636
109 637
109 638
109 639
109 640
109 641
109 642
109 643
109 644
110 645
111 646
112 647
113 648
114 649
115 650
116 651
117 652
118 653
119 654
120 655
120 656
121 657
121 658
122 659
123 660
124 661
125 662
125 663
126 664
127 665
128 666
129 667
130 668
131 669
132 670
133 671
134 672
135 673
136 673
137 674
138 674
139 674
140 674
141 674
142 674
143 675
144 675
145 675
146 676
147 676
148 675
149 675
150 675
151 674
152 674
153 674
154 674
155 674
156 674
157 674
158 675
159 675
160 675
161 676
162 676
163 676
164 676
165 676
166 676
167 676
168 676
169 676
170 677
171 677
172 677
173 677
174 677
175 677
176 677
177 678
178 678
179 678
180 678
181 678
182 678
183 678
184 678
185 678
186 679
187 679
188 679
189 679
190 680
191 680
192 680
193 681
194 681
195 681
196 681
197 681
198 681
199 681
200 680
201 680
202 679
203 679
204 678
205 678
206 677
207 677
208 676
209 675
210 674
211 673
212 673
213 673
214 673
215 673
216 673
217 672
218 672
219 672
220 672
221 672
222 672
223 671
224 671
225 670
226 670
227 669
228 668
229 667
230 666
231 666
232 665
233 665
234 664
235 663
236 663
236 662
237 661
238 660
238 659
238 658
238 657
238 656
238 655
238 654
237 653
237 652
237 651
237 650
237 649
237 648
237 647
236 646
236 645
235 644
234 643
233 642
232 641
231 640
230 640
229 639
228 638
227 638
226 637
225 637
224 637
223 636
222 636
221 635
220 635
219 634
218 634
217 634
216 634
215 634
214 634
213 633
212 632
211 631
210 630
209 629
208 628
207 627
206 626
205 625
204 625
203 625
202 625
201 625
200 625
199 625
198 625
197 625
196 625
195 625
194 625
193 625
192 625
191 624
190 624
189 624
188 623
187 623
186 623
185 623
184 623
183 623
