506 1260
505 1261
504 1261
503 1261
502 1261
501 1261
500 1262
499 1262
498 1262
497 1262
496 1262
495 1262
494 1263
493 1263
492 1263
491 1263
490 1264
489 1264
488 1264
487 1264
486 1264
485 1264
484 1264
483 1264
482 1264
481 1265
480 1265
479 1265
478 1265
477 1265
476 1265
475 1265
474 1265
473 1266
472 1266
471 1266
470 1266
469 1266
468 1266
467 1267
466 1267
465 1267
464 1267
463 1267
462 1267
461 1267
460 1267
459 1267
458 1267
457 1267
456 1267
455 1267
454 1267
453 1267
452 1267
451 1267
450 1267
449 1267
448 1266
447 1266
446 1266
445 1266
444 1266
443 1266
442 1266
441 1266
440 1266
439 1266
438 1267
437 1267
436 1267
435 1267
434 1266
433 1266
432 1267
431 1267
430 1267
429 1267
428 1267
427 1267
426 1267
425 1267
424 1267
423 1267
422 1267
421 1267
420 1267
419 1267
418 1267
417 1267
416 1267
415 1267
414 1267
413 1267
412 1268
411 1268
410 1268
409 1269
408 1268
407 1269
406 1269
405 1269
404 1269
403 1270
402 1271
402 1272
402 1273
402 1274
403 1275
404 1276
405 1277
406 1278
407 1279
408 1280
409 1281
410 1281
411 1282
412 1283
413 1284
414 1284
415 1285
416 1286
417 1287
418 1288
419 1288
420 1289
421 1289
422 1290
423 1290
424 1291
425 1291
426 1291
427 1291
428 1291
429 1291
430 1292
431 1292
432 1292
433 1293
434 1294
435 1295
436 1296
437 1297
438 1298
439 1298
440 1298
441 1299
442 1299
443 1300
444 1301
445 1301
446 1302
447 1303
448 1303
449 1304
450 1304
451 1305
452 1305
453 1305
454 1305
455 1305
456 1305
457 1305
458 1305
459 1305
460 1305
461 1305
462 1305
463 1305
464 1305
465 1306
466 1307
467 1307
468 1307
469 1307
470 1307
471 1307
472 1307
473 1307
474 1308
475 1308
476 1308
477 1308
478 1308
479 1308
480 1308
481 1308
482 1308
483 1308
484 1308
485 1308
486 1308
487 1308
488 1308
489 1309
490 1309
491 1309
492 1310
493 1310
494 1311
495 1311
496 1311
497 1311
498 1311
499 1312
500 1312
501 1313
502 1313
503 1314
504 1314
505 1314
506 1315
507 1315
508 1315
509 1316
510 1316
511 1316
512 1316
513 1316
514 1316
515 1316
516 1317
517 1317
518 1317
519 1317
520 1317
521 1317
522 1317
523 1317
524 1317
525 1317
526 1317
527 1317
528 1317
529 1316
530 1316
531 1316
532 1315
533 1315
534 1314
535 1314
536 1313
537 1312
538 1311
539 1310
540 1309
541 1308
541 1307
542 1306
543 1305
543 1304
543 1303
543 1302
542 1301
542 1300
542 1299
542 1298
542 1297
542 1296
543 1295
544 1294
544 1293
544 1292
545 1291
545 1290
545 1289
546 1288
546 1287
546 1286
546 1285
546 1284
546 1283
546 1282
547 1281
547 1280
547 1279
547 1278
547 1277
546 1276
546 1275
545 1274
544 1273
543 1272
542 1271
541 1270
540 1269
539 1269
538 1268
537 1268
536 1267
535 1267
534 1266
533 1265
532 1265
531 1264
530 1264
529 1264
528 1263
527 1263
526 1263
525 1262
524 1261
523 1261
522 1261
521 1261
520 1260
519 1260
518 1260
517 1260
516 1260
515 1260
514 1260
513 1260
512 1260
511 1260
510 1260
509 1260
508 1260
507 1260
506 1260
