223 279
222 280
221 281
220 282
219 283
219 284
218 285
217 286
217 287
216 288
215 289
215 290
214 291
214 292
214 293
214 294
214 295
214 296
213 297
213 298
212 299
212 300
211 301
211 302
211 303
211 304
211 305
211 306
211 307
211 308
211 309
211 310
211 311
210 312
210 313
210 314
209 315
209 316
208 317
208 318
208 319
208 320
208 321
208 322
207 323
207 324
207 325
206 326
206 327
206 328
206 329
206 330
205 331
205 332
204 333
204 334
204 335
204 336
204 337
203 338
203 339
203 340
203 341
203 342
203 343
202 344
202 345
202 346
202 347
202 348
202 349
201 350
201 351
201 352
201 353
201 354
200 355
200 356
200 357
199 358
199 359
200 360
200 361
201 362
202 362
203 363
204 362
205 362
206 362
207 362
208 361
209 361
210 361
211 360
212 360
213 360
214 360
215 360
216 360
217 360
218 359
219 359
220 359
221 358
222 358
223 358
224 358
225 358
226 358
227 358
228 358
229 358
230 357
231 357
232 357
233 357
234 357
235 357
236 357
237 357
238 357
239 357
240 356
241 356
242 356
243 356
244 356
245 356
246 356
247 356
248 356
249 356
250 356
251 357
252 357
253 357
254 357
255 357
256 357
257 357
258 357
259 357
260 357
261 357
262 357
263 357
264 357
265 356
266 356
267 356
268 355
269 355
270 355
271 355
272 354
273 354
274 354
275 353
276 353
277 353
278 353
279 353
280 353
281 352
282 352
283 352
284 352
285 352
286 352
287 351
288 351
289 351
290 350
291 350
292 350
293 350
294 350
295 350
296 350
297 349
298 349
299 349
300 348
301 348
302 348
303 348
304 348
305 348
306 348
307 348
308 348
309 348
310 348
311 348
312 348
313 348
314 348
315 348
316 347
317 347
318 347
319 347
320 347
321 347
322 347
323 347
324 347
325 347
326 348
327 348
328 348
329 349
330 349
331 349
332 350
333 350
334 351
335 351
336 351
337 351
338 352
339 352
340 352
341 353
342 353
343 353
344 353
345 353
346 353
347 353
348 353
349 353
350 353
351 353
352 353
353 353
354 353
355 354
356 354
357 354
358 355
359 355
360 356
361 356
362 356
363 356
364 356
365 356
366 356
367 356
368 356
369 357
370 357
371 357
372 357
373 357
374 357
375 357
376 357
377 357
378 357
379 357
380 357
381 357
382 357
383 357
384 357
385 357
386 357
387 357
388 357
389 357
390 357
391 358
392 358
393 358
394 358
395 358
396 358
397 358
398 358
399 358
400 358
401 358
402 358
403 358
404 358
405 358
406 358
407 358
408 358
409 358
410 358
411 358
412 358
413 358
414 358
415 358
416 358
417 358
418 357
419 356
420 356
421 355
422 355
423 354
424 354
425 353
426 353
427 353
428 353
429 353
430 353
431 353
432 353
433 352
434 351
435 351
436 351
437 350
438 349
439 349
440 348
441 348
442 347
443 346
444 345
445 344
445 343
445 342
445 341
446 340
446 339
446 338
446 337
446 336
446 335
446 334
446 333
446 332
446 331
446 330
446 329
445 328
445 327
445 326
445 325
445 324
445 323
445 322
445 321
445 320
444 319
444 318
444 317
444 316
444 315
444 314
443 313
443 312
442 311
442 310
441 310
440 309
439 308
438 308
437 308
436 307
435 307
434 307
433 307
432 307
431 307
430 306
429 305
428 304
427 304
426 303
425 302
424 301
423 300
422 299
421 298
420 297
419 296
418 295
417 294
416 293
415 293
414 293
413 293
412 293
411 293
410 293
409 292
408 292
407 292
406 293
405 293
404 293
403 294
402 294
401 294
400 294
399 294
398 294
397 294
396 294
395 294
394 294
393 294
392 294
391 294
390 294
389 294
388 294
387 294
386 294
385 293
384 293
383 293
382 292
381 292
380 292
379 292
378 292
377 292
376 292
375 292
374 292
373 292
372 292
371 292
370 292
369 292
368 292
367 292
366 292
365 292
364 292
363 292
362 292
361 292
360 293
359 293
358 293
357 294
356 294
355 293
354 293
353 292
353 291
352 291
351 290
350 289
349 289
348 289
347 289
346 289
345 289
344 288
343 288
342 287
341 287
340 286
339 286
338 286
337 286
336 286
335 285
334 284
333 283
332 282
331 282
330 281
329 281
328 281
327 281
326 281
325 281
324 281
323 281
322 281
321 281
320 281
319 281
318 281
317 281
316 281
315 281
314 281
313 281
312 281
311 281
310 281
309 281
308 281
307 281
306 281
305 281
304 281
303 281
302 281
301 281
300 281
299 281
298 281
297 281
296 281
295 281
294 281
293 281
292 281
291 281
290 281
289 281
288 281
287 281
286 281
285 281
284 281
283 281
282 281
281 280
280 280
279 280
278 280
277 280
276 280
275 280
274 280
273 280
272 280
271 280
270 280
269 280
268 280
267 280
266 280
265 280
264 280
263 280
262 280
261 280
260 280
259 280
258 280
257 280
256 280
255 280
254 280
253 280
252 280
251 280
250 281
249 281
248 281
247 281
246 281
245 281
244 281
243 281
242 281
241 281
240 281
239 280
238 280
237 280
236 280
235 280
234 279
233 279
232 279
231 279
230 279
229 279
228 279
227 279
226 279
225 279
224 279
223 279
