287 88
286 89
285 89
284 89
283 89
282 89
281 89
280 89
279 89
278 89
277 89
276 89
275 89
274 89
273 89
272 89
271 89
270 89
269 89
268 89
267 89
266 89
265 89
264 89
263 89
262 90
261 90
260 90
259 90
258 90
257 90
256 90
255 90
254 90
253 90
252 90
251 90
250 90
249 90
248 90
247 89
246 89
245 89
244 90
243 90
242 91
241 91
240 92
239 93
238 94
237 95
237 96
236 97
236 98
235 99
235 100
235 101
234 102
234 103
233 104
233 105
232 106
231 107
230 108
229 109
228 110
227 111
226 112
225 113
224 113
223 114
222 115
221 116
221 117
220 118
220 119
220 120
220 121
220 122
220 123
219 124
218 125
217 126
217 127
216 128
216 129
216 130
215 131
216 132
216 133
216 134
216 135
216 136
215 137
216 138
216 139
216 140
217 141
217 142
218 143
218 144
218 145
218 146
218 147
218 148
218 149
218 150
218 151
219 152
219 153
219 154
220 155
220 156
221 157
221 158
221 159
222 160
222 161
222 162
223 163
224 164
224 165
224 166
225 167
225 168
225 169
226 170
226 171
227 172
228 173
228 174
229 174
230 175
231 176
232 176
233 177
234 178
235 179
236 180
237 181
238 181
239 182
240 182
241 183
242 183
243 184
244 184
245 185
246 185
247 185
248 185
249 185
250 185
251 185
252 185
253 185
254 185
255 185
256 185
257 186
258 186
259 186
260 186
261 186
262 186
263 186
264 187
265 187
266 187
267 187
268 187
269 187
270 187
271 187
272 187
273 188
274 188
275 188
276 189
277 188
278 188
279 188
280 188
281 188
282 188
283 188
284 189
285 189
286 189
287 190
288 190
289 190
290 190
291 190
292 190
293 190
294 190
295 190
296 190
297 189
298 189
299 189
300 189
301 188
302 188
303 189
304 188
305 188
306 188
307 187
308 187
309 186
310 186
311 186
312 186
313 186
314 186
315 186
316 186
317 186
318 186
319 187
320 187
321 187
322 187
323 188
324 188
325 188
326 188
327 189
328 189
329 188
330 188
331 188
332 187
333 187
334 187
335 187
336 187
337 186
338 186
339 185
340 185
341 185
342 184
343 184
344 184
345 183
346 183
347 182
348 182
349 181
350 181
351 180
352 180
353 179
354 179
355 179
356 179
357 179
358 179
359 179
360 179
361 179
362 179
363 179
364 179
365 179
366 179
367 179
368 179
369 179
370 179
371 179
372 179
373 179
374 179
375 179
376 179
377 180
378 180
379 180
380 181
381 181
382 181
383 182
384 182
385 182
386 182
387 182
388 182
389 183
390 183
391 183
392 184
393 184
394 184
395 184
396 184
397 184
398 184
399 184
400 184
401 184
402 184
403 184
404 184
405 184
406 184
407 184
408 184
409 184
410 184
411 184
412 184
413 184
414 184
415 184
416 184
417 184
418 184
419 184
420 184
421 184
422 183
423 183
424 183
425 182
426 182
427 181
428 180
429 179
430 178
430 177
431 176
431 175
432 174
433 173
434 172
435 171
436 170
436 169
437 168
437 167
437 166
438 165
438 164
438 163
438 162
438 161
438 160
439 159
439 158
439 157
439 156
439 155
439 154
439 153
439 152
439 151
439 150
439 149
439 148
439 147
439 146
439 145
439 144
439 143
439 142
439 141
439 140
439 139
438 138
438 137
438 136
437 135
437 134
436 133
435 132
434 132
433 131
432 131
431 130
430 129
429 129
428 128
427 127
427 126
426 125
425 124
424 123
423 123
422 122
421 122
420 121
419 121
418 120
417 119
416 118
415 117
414 117
413 116
412 115
411 115
410 114
409 114
408 113
407 113
406 113
405 112
404 111
403 111
402 110
401 109
400 109
399 108
398 107
397 107
396 106
395 105
394 104
393 104
392 103
391 103
390 103
389 102
388 102
387 102
386 101
385 101
384 101
383 100
382 100
381 100
380 99
379 99
378 99
377 99
376 100
375 100
374 100
373 100
372 100
371 100
370 100
369 101
368 101
367 101
366 102
365 102
364 102
363 103
362 102
361 102
360 101
359 101
358 101
357 100
356 99
355 98
354 97
353 97
352 96
351 95
350 95
349 94
348 94
347 95
346 95
345 95
344 95
343 95
342 95
341 95
340 94
339 94
338 93
337 93
336 93
335 93
334 92
333 92
332 92
331 92
330 91
329 92
328 92
327 91
326 91
325 91
324 90
323 90
322 90
321 90
320 89
319 89
318 89
317 89
316 89
315 89
314 88
313 88
312 88
311 88
310 88
309 88
308 88
307 88
306 88
305 88
304 88
303 88
302 88
301 88
300 88
299 88
298 88
297 88
296 88
295 88
294 88
293 88
292 88
291 88
290 88
289 88
288 88
287 88
