478 209
477 210
477 211
477 212
477 213
477 214
477 215
477 216
476 217
476 218
476 219
476 220
476 221
476 222
476 223
476 224
477 225
477 226
478 227
478 228
478 229
479 230
479 231
479 232
480 233
481 234
482 235
483 235
484 235
485 236
486 236
487 236
488 237
489 237
490 238
491 238
492 239
493 239
494 240
495 240
496 240
497 241
498 241
499 241
500 241
501 241
502 241
503 241
504 241
505 241
506 241
507 241
508 241
509 241
510 241
511 240
512 240
513 240
514 239
515 239
516 239
517 239
518 239
519 239
520 239
521 239
522 239
523 238
524 237
525 237
526 236
527 236
528 235
529 235
530 235
531 234
532 234
533 234
534 234
535 234
536 234
537 234
538 234
539 234
540 234
541 233
542 232
543 231
543 230
543 229
543 228
543 227
543 226
543 225
543 224
543 223
543 222
542 221
541 220
540 220
539 220
538 219
537 218
536 217
535 217
534 216
533 215
532 214
531 213
530 212
529 212
528 211
527 211
526 211
525 211
524 211
523 211
522 211
521 211
520 211
519 211
518 211
517 211
516 211
515 211
514 211
513 210
512 210
511 210
510 209
509 209
508 209
507 209
506 209
505 209
504 209
503 209
502 210
501 210
500 210
499 211
498 211
497 211
496 212
495 212
494 212
493 213
492 213
491 213
490 213
489 213
488 213
487 213
486 213
485 213
484 212
483 211
482 210
481 209
480 209
479 209
478 209
