250 1076
249 1077
248 1077
247 1077
246 1077
245 1077
244 1077
243 1077
242 1077
241 1077
240 1077
239 1078
238 1078
237 1078
236 1079
235 1079
234 1079
233 1079
232 1079
231 1079
230 1079
229 1079
228 1079
227 1079
226 1079
225 1079
224 1079
223 1079
222 1079
221 1079
220 1079
219 1079
218 1079
217 1079
216 1079
215 1079
214 1079
213 1079
212 1079
211 1080
210 1080
209 1081
208 1081
207 1081
206 1081
205 1081
204 1081
203 1082
202 1082
201 1083
200 1084
199 1085
199 1086
198 1087
198 1088
198 1089
199 1090
199 1091
200 1092
201 1093
202 1093
203 1094
204 1094
205 1094
206 1094
207 1094
208 1094
209 1095
210 1095
211 1096
212 1096
213 1097
214 1097
215 1097
216 1098
217 1098
218 1099
219 1100
220 1101
221 1102
222 1103
223 1103
224 1104
225 1104
226 1105
227 1106
228 1107
229 1107
230 1107
231 1107
232 1107
233 1107
234 1107
235 1107
236 1107
237 1107
238 1107
239 1107
240 1107
241 1107
242 1107
243 1107
244 1107
245 1107
246 1107
247 1107
248 1107
249 1107
250 1107
251 1107
252 1107
253 1107
254 1107
255 1107
256 1107
257 1107
258 1107
259 1107
260 1107
261 1106
262 1106
263 1105
264 1105
265 1105
266 1105
267 1105
268 1105
269 1105
270 1105
271 1105
272 1105
273 1104
274 1104
275 1103
276 1103
277 1102
278 1101
279 1100
280 1100
281 1099
282 1099
283 1098
284 1097
285 1096
286 1095
286 1094
286 1093
287 1092
287 1091
288 1090
288 1089
288 1088
288 1087
287 1086
286 1085
285 1085
284 1085
283 1085
282 1085
281 1084
280 1084
279 1084
278 1083
277 1083
276 1082
275 1082
274 1082
273 1081
272 1081
271 1081
270 1080
269 1080
268 1080
267 1080
266 1080
265 1079
264 1079
263 1079
262 1078
261 1078
260 1078
259 1077
258 1077
257 1077
256 1076
255 1076
254 1076
253 1076
252 1076
251 1076
250 1076
