241 916
240 917
239 917
238 917
237 917
236 918
235 918
234 918
233 919
232 919
231 919
230 919
229 919
228 919
227 920
226 920
225 920
224 920
223 921
222 921
221 921
220 921
219 921
218 921
217 921
216 921
215 921
214 921
213 921
212 921
211 921
210 920
209 920
208 920
207 921
206 921
205 922
204 923
203 924
202 925
201 926
200 927
199 928
198 929
197 930
196 931
195 932
194 933
194 934
193 935
193 936
193 937
193 938
194 939
195 940
196 940
197 940
198 940
199 940
200 941
201 941
202 942
202 943
203 944
204 945
204 946
205 947
206 948
207 948
208 949
209 949
210 949
211 949
212 949
213 949
214 949
215 949
216 949
217 949
218 950
219 951
220 951
221 951
222 951
223 951
224 952
225 951
226 951
227 951
228 951
229 951
230 950
231 950
232 950
233 950
234 951
235 951
236 951
237 951
238 951
239 951
240 951
241 951
242 951
243 951
244 951
245 951
246 951
247 951
248 951
249 951
250 951
251 951
252 952
253 952
254 952
255 952
256 952
257 952
258 952
259 952
260 951
261 951
262 950
263 950
264 950
265 949
266 949
267 949
268 949
269 949
270 948
271 948
272 948
273 947
274 947
275 947
276 946
277 946
278 945
279 945
280 944
281 943
282 942
283 941
283 940
284 939
284 938
285 937
285 936
285 935
285 934
285 933
285 932
285 931
285 930
285 929
285 928
285 927
285 926
284 925
283 924
282 924
281 923
280 923
279 922
278 922
277 921
276 921
275 921
274 921
273 921
272 921
271 921
270 921
269 921
268 921
267 920
266 920
265 920
264 920
263 920
262 920
261 920
260 919
259 919
258 919
257 919
256 918
255 918
254 918
253 917
252 917
251 917
250 917
249 917
248 916
247 916
246 916
245 916
244 916
243 916
242 916
241 916
