1079 855
1078 856
1077 856
1076 856
1075 856
1074 856
1073 856
1072 856
1071 856
1070 856
1069 856
1068 856
1067 856
1066 856
1065 856
1064 856
1063 856
1062 856
1061 857
1060 857
1059 857
1058 857
1057 858
1056 858
1055 858
1054 858
1053 858
1052 858
1051 858
1050 858
1049 859
1048 859
1047 859
1046 859
1045 859
1044 859
1043 859
1042 859
1041 860
1040 860
1039 861
1038 861
1037 861
1036 862
1035 862
1034 862
1033 862
1032 862
1031 862
1030 862
1029 862
1028 862
1027 862
1026 863
1025 863
1024 863
1023 863
1022 863
1021 863
1020 864
1019 864
1018 864
1017 864
1016 864
1015 864
1014 864
1013 864
1012 864
1011 864
1010 864
1009 864
1008 864
1007 864
1006 864
1005 864
1004 864
1003 864
1002 864
1001 864
1000 864
999 864
998 864
997 864
996 865
995 865
994 865
993 866
992 866
991 866
990 866
989 866
988 866
987 866
986 866
985 866
984 866
983 867
982 867
981 867
980 867
979 867
978 867
977 867
976 867
975 868
974 868
973 868
972 868
971 868
970 868
969 868
968 869
967 869
966 870
966 871
965 872
965 873
965 874
965 875
965 876
965 877
966 878
967 879
968 879
969 879
970 879
971 879
972 879
973 880
974 880
975 880
976 880
977 880
978 880
979 880
980 880
981 880
982 880
983 881
984 881
985 881
986 882
987 882
988 882
989 882
990 882
991 882
992 883
993 883
994 884
995 884
996 884
997 884
998 885
999 885
1000 886
1001 886
1002 886
1003 887
1004 887
1005 888
1006 888
1007 888
1008 888
1009 888
1010 888
1011 889
1012 889
1013 889
1014 890
1015 890
1016 890
1017 890
1018 890
1019 890
1020 890
1021 890
1022 890
1023 890
1024 890
1025 891
1026 892
1027 892
1028 892
1029 892
1030 892
1031 892
1032 892
1033 892
1034 892
1035 892
1036 892
1037 892
1038 892
1039 893
1040 893
1041 893
1042 894
1043 894
1044 894
1045 894
1046 894
1047 894
1048 895
1049 895
1050 895
1051 895
1052 895
1053 895
1054 895
1055 895
1056 895
1057 895
1058 895
1059 895
1060 895
1061 895
1062 895
1063 895
1064 895
1065 895
1066 895
1067 895
1068 895
1069 895
1070 895
1071 895
1072 895
1073 895
1074 895
1075 895
1076 895
1077 895
1078 895
1079 896
1080 896
1081 896
1082 896
1083 896
1084 896
1085 896
1086 896
1087 896
1088 896
1089 896
1090 896
1091 896
1092 896
1093 896
1094 896
1095 896
1096 896
1097 896
1098 896
1099 896
1100 896
1101 896
1102 896
1103 896
1104 896
1105 896
1106 896
1107 896
1108 896
1109 896
1110 896
1111 896
1112 896
1113 896
1114 896
1115 896
1116 896
1117 895
1118 895
1119 894
1120 894
1121 893
1122 892
1123 891
1124 890
1125 889
1126 888
1127 887
1128 886
1129 885
1129 884
1130 883
1131 882
1131 881
1131 880
1131 879
1131 878
1131 877
1130 876
1130 875
1129 874
1129 873
1129 872
1129 871
1129 870
1129 869
1129 868
1129 867
1129 866
1129 865
1128 864
1128 863
1127 862
1126 861
1125 861
1124 860
1123 860
1122 860
1121 859
1120 859
1119 859
1118 859
1117 859
1116 858
1115 858
1114 857
1113 857
1112 857
1111 856
1110 856
1109 856
1108 856
1107 856
1106 856
1105 856
1104 856
1103 856
1102 856
1101 856
1100 855
1099 855
1098 855
1097 855
1096 855
1095 855
1094 855
1093 855
1092 855
1091 855
1090 855
1089 855
1088 855
1087 855
1086 855
1085 855
1084 855
1083 855
1082 855
1081 855
1080 855
1079 855
