235 1241
234 1242
233 1242
232 1242
231 1242
230 1242
229 1242
228 1242
227 1243
226 1243
225 1243
224 1244
223 1244
222 1245
221 1245
220 1246
219 1246
218 1247
217 1247
216 1248
215 1249
216 1250
216 1251
216 1252
215 1253
216 1254
216 1255
217 1256
217 1257
218 1258
219 1259
220 1260
220 1261
221 1262
222 1263
223 1263
224 1264
225 1265
226 1266
227 1267
228 1267
229 1268
230 1269
231 1269
232 1270
233 1271
234 1272
235 1272
236 1273
237 1273
238 1273
239 1273
240 1274
241 1274
242 1274
243 1275
244 1275
245 1275
246 1275
247 1275
248 1275
249 1275
250 1276
251 1276
252 1276
253 1276
254 1276
255 1277
256 1277
257 1277
258 1277
259 1277
260 1277
261 1277
262 1277
263 1276
264 1276
265 1275
266 1275
267 1275
268 1275
269 1274
270 1274
271 1274
272 1274
273 1273
274 1273
275 1273
276 1272
277 1272
278 1272
279 1271
280 1270
281 1269
282 1268
283 1267
284 1266
285 1265
286 1264
286 1263
286 1262
286 1261
286 1260
285 1259
285 1258
285 1257
285 1256
285 1255
285 1254
285 1253
284 1252
284 1251
283 1250
283 1249
282 1248
281 1248
280 1247
279 1246
278 1246
277 1245
276 1245
275 1244
274 1243
273 1243
272 1242
271 1242
270 1242
269 1242
268 1242
267 1242
266 1242
265 1242
264 1242
263 1242
262 1242
261 1242
260 1242
259 1242
258 1242
257 1242
256 1242
255 1242
254 1242
253 1242
252 1242
251 1242
250 1241
249 1241
248 1241
247 1241
246 1241
245 1241
244 1241
243 1241
242 1241
241 1241
240 1241
239 1241
238 1241
237 1241
236 1241
235 1241
