544 789
543 790
542 790
541 790
540 790
539 791
538 791
537 792
536 792
535 793
534 794
533 794
532 795
531 796
530 796
529 797
528 798
527 798
526 798
525 799
524 799
523 799
522 799
521 799
520 799
519 799
518 799
517 799
516 799
515 799
514 799
513 799
512 799
511 799
510 799
509 799
508 799
507 799
506 799
505 799
504 799
503 799
502 799
501 799
500 799
499 799
498 799
497 799
496 799
495 799
494 799
493 799
492 799
491 799
490 799
489 799
488 799
487 799
486 799
485 799
484 799
483 799
482 799
481 799
480 799
479 798
478 798
477 798
476 798
475 797
474 797
473 798
472 798
471 798
470 798
469 799
468 799
467 799
466 799
465 799
464 799
463 799
462 799
461 799
460 799
459 799
458 799
457 799
456 799
455 799
454 799
453 799
452 799
451 799
450 799
449 799
448 799
447 799
446 799
445 799
444 799
443 799
442 799
441 799
440 799
439 800
438 800
437 800
436 800
435 801
434 802
433 802
432 802
431 803
430 804
429 804
428 804
427 805
426 805
425 805
424 805
423 805
422 805
421 806
420 806
419 806
418 806
417 807
416 807
415 807
414 807
413 807
412 807
411 807
410 807
409 807
408 807
407 807
406 807
405 807
404 807
403 806
402 806
401 806
400 806
399 805
398 805
397 805
396 805
395 805
394 805
393 805
392 805
391 805
390 805
389 805
388 805
387 805
386 805
385 805
384 805
383 806
382 806
381 806
380 806
379 807
378 808
377 808
376 808
375 809
374 810
373 810
372 810
371 811
370 811
369 812
368 812
367 812
366 812
365 813
364 813
363 814
362 814
361 814
360 814
359 815
358 816
357 816
356 816
355 817
354 817
353 817
352 817
351 817
350 817
349 816
348 816
347 816
346 816
345 815
344 815
343 815
342 815
341 815
340 815
339 815
338 815
337 816
336 816
335 817
334 818
333 818
333 819
332 820
331 820
331 821
330 822
329 822
329 823
328 824
327 824
327 825
326 826
325 826
324 827
323 828
322 828
321 829
320 830
319 831
318 831
317 832
316 832
315 833
314 833
313 834
312 834
311 834
310 834
309 835
308 836
307 836
306 836
305 837
304 838
303 839
302 840
301 840
301 841
300 842
299 842
299 843
298 844
297 845
297 846
296 847
296 848
296 849
296 850
295 851
295 852
295 853
295 854
294 855
294 856
294 857
294 858
295 859
295 860
296 861
297 862
298 863
299 864
300 865
301 865
302 866
303 867
304 867
305 868
305 869
306 869
307 870
307 871
308 871
309 872
310 873
311 873
312 874
313 874
314 875
315 875
316 876
317 877
318 877
319 878
319 879
320 879
321 880
321 881
322 881
323 882
323 883
324 883
325 884
325 885
326 885
327 886
328 887
329 887
330 888
331 888
332 889
333 889
334 889
335 889
336 890
337 890
338 890
339 890
340 891
341 891
342 891
343 891
344 892
345 892
346 893
347 893
348 893
349 893
350 894
351 894
352 895
353 895
354 895
355 895
356 896
357 896
358 896
359 896
360 897
361 897
362 897
363 897
364 898
365 898
366 898
367 898
368 899
369 899
370 900
371 900
372 901
373 902
374 903
375 903
376 903
377 903
378 904
379 904
380 904
381 904
382 905
383 905
384 905
385 905
386 906
387 906
388 907
389 907
390 907
391 908
392 909
393 909
394 909
395 909
396 910
397 910
398 911
399 911
400 911
401 911
402 911
403 911
404 911
405 911
406 910
407 910
408 910
409 910
410 910
411 910
412 910
413 910
414 910
415 910
416 910
417 910
418 911
419 911
420 911
421 911
422 912
423 912
424 912
425 912
426 912
427 912
428 913
429 913
430 913
431 914
432 915
433 915
434 915
435 915
436 916
437 916
438 916
439 916
440 916
441 916
442 916
443 916
444 916
445 916
446 916
447 916
448 916
449 916
450 916
451 916
452 917
453 917
454 917
455 917
456 918
457 918
458 918
459 918
460 918
461 918
462 918
463 918
464 918
465 918
466 919
467 919
468 919
469 919
470 920
471 920
472 920
473 920
474 920
475 920
476 920
477 920
478 920
479 920
480 920
481 920
482 920
483 920
484 920
485 920
486 920
487 920
488 920
489 920
490 920
491 920
492 920
493 920
494 920
495 920
496 921
497 921
498 921
499 921
500 922
501 922
502 923
503 923
504 923
505 923
506 924
507 924
508 924
509 924
510 925
511 925
512 925
513 925
514 926
515 926
516 926
517 926
518 926
519 926
520 927
521 927
522 927
523 927
524 928
525 928
526 929
527 929
528 929
529 929
530 930
531 930
532 930
533 930
534 930
535 930
536 930
537 930
538 930
539 930
540 929
541 929
542 928
543 927
544 927
545 926
546 925
547 925
548 924
549 924
550 924
551 924
552 924
553 924
554 924
555 924
556 923
557 923
558 923
559 923
560 922
561 922
562 922
563 922
564 922
565 922
566 922
567 922
568 922
569 922
570 922
571 922
572 922
573 922
574 922
575 922
576 922
577 922
578 922
579 922
580 922
581 922
582 922
583 922
584 922
585 922
586 922
587 922
588 922
589 922
590 921
591 921
592 920
593 919
594 918
594 917
595 916
596 915
597 915
598 914
599 913
600 912
601 911
602 911
603 910
604 909
605 909
606 908
607 907
608 906
609 905
610 905
611 904
612 903
613 903
614 902
615 901
616 901
617 901
618 900
619 899
620 899
621 899
622 898
623 897
624 896
625 895
626 894
626 893
627 892
627 891
627 890
627 889
628 888
628 887
628 886
629 885
630 884
630 883
630 882
630 881
631 880
631 879
632 878
632 877
632 876
632 875
633 874
633 873
633 872
633 871
634 870
634 869
634 868
634 867
635 866
635 865
635 864
635 863
635 862
635 861
635 860
635 859
635 858
635 857
635 856
635 855
635 854
635 853
635 852
635 851
634 850
634 849
634 848
634 847
633 846
633 845
632 844
632 843
632 842
632 841
631 840
630 839
630 838
630 837
629 836
629 835
629 834
629 833
628 832
628 831
628 830
628 829
627 828
626 827
625 826
625 825
624 824
624 823
623 822
622 821
621 820
621 819
620 818
620 817
619 816
618 815
617 814
616 813
616 812
615 811
614 810
614 809
613 808
612 807
611 806
610 805
609 804
608 804
607 803
606 802
605 802
604 801
603 800
602 800
601 799
600 799
599 799
598 799
597 799
596 799
595 798
594 798
593 798
592 798
591 797
590 797
589 797
588 797
587 796
586 796
585 796
584 796
583 795
582 795
581 795
580 795
579 795
578 795
577 795
576 795
575 795
574 795
573 795
572 795
571 795
570 795
569 795
568 795
567 795
566 795
565 794
564 794
563 794
562 793
561 792
560 792
559 792
558 792
557 791
556 791
555 791
554 791
553 791
552 791
551 790
550 790
549 790
548 790
547 789
546 789
545 789
544 789
