99 1855
98 1856
97 1857
96 1858
95 1859
95 1860
94 1861
94 1862
94 1863
94 1864
94 1865
94 1866
94 1867
94 1868
94 1869
94 1870
94 1871
94 1872
95 1873
95 1874
96 1875
96 1876
97 1877
97 1878
97 1879
97 1880
98 1880
99 1881
100 1882
101 1882
102 1883
103 1883
104 1884
105 1884
106 1885
107 1885
108 1886
109 1886
110 1887
111 1887
112 1888
113 1889
114 1890
115 1890
116 1891
117 1892
118 1892
119 1892
120 1892
121 1892
122 1893
123 1893
124 1893
125 1893
126 1893
127 1893
128 1892
129 1892
130 1891
131 1890
132 1890
133 1889
134 1889
135 1888
136 1887
137 1887
138 1887
139 1886
140 1886
141 1886
142 1886
143 1886
144 1886
145 1886
146 1886
147 1886
148 1886
149 1886
150 1886
151 1886
152 1886
153 1886
154 1885
155 1885
156 1885
157 1884
158 1884
159 1884
160 1884
161 1884
162 1884
163 1884
164 1884
165 1884
166 1884
167 1884
168 1884
169 1884
170 1884
171 1884
172 1884
173 1885
174 1885
175 1885
176 1885
177 1885
178 1885
179 1885
180 1885
181 1885
182 1884
183 1884
184 1883
185 1883
186 1882
187 1882
188 1882
189 1881
190 1880
191 1879
192 1878
193 1877
193 1876
194 1875
195 1874
195 1873
196 1872
196 1871
195 1870
194 1869
193 1868
192 1867
191 1866
190 1865
189 1864
188 1863
188 1862
187 1861
186 1860
185 1859
184 1858
183 1857
182 1857
181 1857
180 1857
179 1857
178 1857
177 1857
176 1857
175 1857
174 1857
173 1857
172 1857
171 1857
170 1857
169 1857
168 1857
167 1857
166 1857
165 1857
164 1856
163 1856
162 1856
161 1856
160 1856
159 1856
158 1855
157 1855
156 1855
155 1855
154 1855
153 1855
152 1855
151 1855
150 1856
149 1856
148 1856
147 1856
146 1856
145 1857
144 1857
143 1857
142 1857
141 1857
140 1858
139 1858
138 1858
137 1859
136 1859
135 1859
134 1859
133 1860
132 1860
131 1860
130 1860
129 1860
128 1860
127 1860
126 1860
125 1860
124 1860
123 1860
122 1860
121 1860
120 1860
119 1860
118 1860
117 1859
116 1859
115 1858
114 1858
113 1857
112 1857
111 1857
110 1857
109 1857
108 1857
107 1856
106 1856
105 1856
104 1856
103 1855
102 1855
101 1855
100 1855
99 1855
