2063 1443
2062 1444
2061 1444
2060 1444
2059 1444
2058 1445
2057 1445
2056 1445
2055 1445
2054 1445
2053 1445
2052 1445
2051 1445
2050 1445
2049 1445
2048 1446
2047 1446
2046 1446
2045 1446
2044 1447
2043 1447
2042 1447
2041 1447
2040 1447
2039 1447
2038 1448
2037 1448
2036 1448
2035 1448
2034 1449
2033 1449
2032 1449
2031 1449
2030 1449
2029 1449
2028 1449
2027 1449
2026 1449
2025 1449
2024 1450
2023 1450
2022 1450
2021 1450
2020 1451
2019 1451
2018 1452
2017 1452
2016 1452
2015 1452
2014 1453
2013 1454
2012 1454
2011 1454
2010 1455
2009 1455
2008 1455
2007 1455
2006 1455
2005 1455
2004 1456
2003 1456
2002 1456
2001 1456
2000 1457
1999 1458
1998 1458
1997 1458
1996 1459
1995 1459
1994 1460
1993 1460
1992 1460
1991 1460
1990 1461
1989 1461
1988 1462
1987 1462
1986 1462
1985 1462
1984 1463
1983 1464
1982 1464
1981 1464
1980 1465
1979 1466
1978 1466
1977 1466
1976 1467
1975 1468
1974 1468
1973 1468
1972 1469
1971 1470
1970 1470
1969 1470
1968 1471
1967 1472
1966 1473
1965 1473
1964 1474
1963 1474
1962 1475
1961 1476
1960 1476
1959 1476
1958 1477
1957 1478
1956 1479
1955 1480
1954 1480
1954 1481
1953 1482
1952 1482
1951 1483
1950 1484
1949 1484
1948 1485
1947 1486
1946 1486
1945 1486
1944 1487
1943 1487
1942 1488
1941 1488
1940 1488
1939 1488
1938 1489
1937 1489
1936 1489
1935 1489
1934 1490
1933 1490
1932 1490
1931 1490
1930 1491
1929 1491
1928 1491
1927 1491
1926 1491
1925 1491
1924 1491
1923 1491
1922 1491
1921 1491
1920 1492
1919 1492
1918 1493
1917 1493
1916 1494
1915 1494
1914 1495
1913 1495
1912 1495
1911 1495
1910 1496
1909 1496
1908 1496
1907 1496
1906 1497
1905 1497
1904 1497
1903 1497
1902 1496
1901 1496
1900 1496
1899 1496
1898 1495
1897 1495
1896 1495
1895 1495
1894 1495
1893 1495
1892 1495
1891 1495
1890 1495
1889 1495
1888 1495
1887 1495
1886 1495
1885 1495
1884 1495
1883 1495
1882 1495
1881 1495
1880 1495
1879 1495
1878 1496
1877 1496
1876 1496
1875 1496
1874 1497
1873 1497
1872 1497
1871 1497
1870 1497
1869 1497
1868 1497
1867 1497
1866 1498
1865 1498
1864 1498
1863 1498
1862 1499
1861 1499
1860 1499
1859 1499
1858 1499
1857 1499
1856 1499
1855 1499
1854 1499
1853 1499
1852 1499
1851 1499
1850 1499
1849 1499
1848 1499
1847 1499
1846 1500
1845 1500
1844 1501
1843 1502
1842 1502
1841 1503
1840 1504
1839 1504
1838 1505
1837 1505
1836 1505
1835 1505
1834 1505
1833 1505
1832 1505
1831 1505
1830 1506
1829 1506
1828 1506
1827 1506
1826 1507
1825 1507
1824 1507
1823 1507
1822 1507
1821 1507
1820 1507
1819 1507
1818 1507
1817 1507
1816 1507
1815 1507
1814 1507
1813 1507
1812 1508
1811 1508
1810 1508
1809 1508
1808 1509
1807 1509
1806 1509
1805 1509
1804 1509
1803 1509
1802 1509
1801 1509
1800 1509
1799 1509
1798 1509
1797 1509
1796 1509
1795 1509
1794 1509
1793 1509
1792 1509
1791 1509
1790 1509
1789 1509
1788 1510
1787 1510
1786 1510
1785 1510
1784 1511
1783 1511
1782 1511
1781 1511
1780 1512
1779 1512
1778 1512
1777 1512
1776 1513
1775 1513
1774 1513
1773 1513
1772 1513
1771 1513
1770 1513
1769 1513
1768 1513
1767 1513
1766 1513
1765 1513
1764 1514
1763 1514
1762 1514
1761 1514
1760 1515
1759 1515
1758 1515
1757 1515
1756 1515
1755 1515
1754 1515
1753 1515
1752 1515
1751 1515
1750 1515
1749 1515
1748 1516
1747 1516
1746 1516
1745 1516
1744 1517
1743 1517
1742 1517
1741 1517
1740 1517
1739 1517
1738 1517
1737 1517
1736 1517
1735 1517
1734 1517
1733 1517
1732 1517
1731 1517
1730 1517
1729 1517
1728 1517
1727 1517
1726 1517
1725 1517
1724 1518
1723 1518
1722 1518
1721 1518
1720 1519
1719 1519
1718 1519
1717 1519
1716 1519
1715 1519
1714 1519
1713 1519
1712 1519
1711 1519
1710 1519
1709 1519
1708 1519
1707 1519
1706 1519
1705 1519
1704 1520
1703 1520
1702 1520
1701 1520
1700 1521
1699 1521
1698 1521
1697 1521
1696 1522
1695 1522
1694 1522
1693 1522
1692 1523
1691 1523
1690 1523
1689 1523
1688 1523
1687 1523
1686 1523
1685 1523
1684 1524
1683 1524
1682 1524
1681 1524
1680 1525
1679 1525
1678 1526
1677 1526
1676 1526
1675 1526
1674 1527
1673 1528
1672 1528
1671 1528
1670 1529
1669 1529
1668 1530
1667 1530
1666 1530
1665 1530
1664 1531
1663 1532
1662 1532
1661 1532
1660 1533
1659 1533
1658 1533
1657 1533
1656 1534
1655 1534
1654 1535
1653 1535
1652 1536
1651 1536
1650 1537
1649 1537
1648 1537
1647 1537
1646 1538
1645 1538
1644 1538
1643 1538
1642 1539
1641 1539
1640 1539
1639 1539
1638 1540
1637 1540
1636 1540
1635 1540
1634 1541
1633 1542
1632 1542
1631 1542
1630 1543
1629 1543
1628 1544
1627 1544
1626 1544
1625 1544
1624 1545
1623 1545
1622 1545
1621 1545
1620 1545
1619 1545
1618 1545
1617 1545
1616 1545
1615 1545
1614 1545
1613 1545
1612 1545
1611 1545
1610 1545
1609 1545
1608 1545
1607 1545
1606 1545
1605 1545
1604 1545
1603 1545
1602 1546
1601 1546
1600 1547
1599 1548
1598 1548
1598 1549
1597 1550
1596 1550
1595 1551
1594 1552
1593 1552
1592 1553
1591 1554
1590 1554
1589 1554
1588 1555
1587 1555
1586 1555
1585 1555
1584 1555
1583 1555
1582 1555
1581 1555
1580 1555
1579 1555
1578 1555
1577 1555
1576 1555
1575 1555
1574 1555
1573 1555
1572 1555
1571 1555
1570 1555
1569 1555
1568 1555
1567 1555
1566 1555
1565 1555
1564 1555
1563 1555
1562 1556
1561 1556
1560 1556
1559 1556
1558 1557
1557 1557
1556 1558
1555 1558
1554 1559
1554 1560
1553 1561
1553 1562
1552 1563
1552 1564
1552 1565
1552 1566
1551 1567
1551 1568
1550 1569
1550 1570
1550 1571
1550 1572
1549 1573
1549 1574
1549 1575
1549 1576
1549 1577
1549 1578
1548 1579
1548 1580
1548 1581
1548 1582
1547 1583
1547 1584
1547 1585
1547 1586
1547 1587
1547 1588
1548 1589
1548 1590
1549 1591
1550 1592
1550 1593
1551 1593
1552 1594
1552 1595
1553 1595
1554 1596
1554 1597
1555 1597
1556 1598
1556 1599
1557 1599
1558 1600
1558 1601
1559 1601
1560 1602
1560 1603
1561 1603
1562 1604
1562 1605
1563 1605
1564 1606
1565 1607
1566 1607
1567 1608
1568 1608
1569 1608
1570 1608
1571 1609
1572 1609
1573 1609
1574 1609
1575 1610
1576 1610
1577 1610
1578 1610
1579 1611
1580 1611
1581 1611
1582 1611
1583 1612
1584 1612
1585 1612
1586 1612
1587 1612
1588 1612
1589 1613
1590 1613
1591 1613
1592 1613
1593 1614
1594 1614
1595 1615
1596 1615
1597 1616
1598 1616
1599 1617
1600 1618
1601 1619
1602 1619
1603 1619
1604 1620
1605 1621
1606 1621
1607 1622
1608 1623
1609 1623
1610 1624
1610 1625
1611 1625
1612 1626
1612 1627
1613 1627
1614 1628
1614 1629
1615 1629
1616 1630
1616 1631
1617 1631
1618 1632
1619 1633
1620 1634
1621 1635
1622 1635
1623 1636
1624 1637
1625 1637
1626 1638
1626 1639
1627 1639
1628 1640
1629 1641
1630 1641
1631 1642
1632 1642
1633 1643
1634 1643
1635 1643
1636 1644
1637 1645
1638 1645
1639 1646
1640 1646
1641 1647
1642 1647
1643 1648
1644 1648
1645 1649
1646 1649
1647 1649
1648 1649
1649 1650
1650 1650
1651 1650
1652 1650
1653 1650
1654 1650
1655 1650
1656 1650
1657 1650
1658 1650
1659 1651
1660 1651
1661 1651
1662 1651
1663 1652
1664 1652
1665 1653
1666 1653
1667 1653
1668 1653
1669 1654
1670 1654
1671 1654
1672 1654
1673 1653
1674 1653
1675 1653
1676 1653
1677 1652
1678 1652
1679 1652
1680 1652
1681 1652
1682 1652
1683 1652
1684 1652
1685 1652
1686 1652
1687 1652
1688 1652
1689 1652
1690 1652
1691 1652
1692 1652
1693 1652
1694 1652
1695 1652
1696 1652
1697 1653
1698 1653
1699 1653
1700 1653
1701 1654
1702 1654
1703 1654
1704 1654
1705 1654
1706 1654
1707 1654
1708 1654
1709 1654
1710 1654
1711 1654
1712 1654
1713 1654
1714 1654
1715 1654
1716 1654
1717 1654
1718 1654
1719 1654
1720 1654
1721 1654
1722 1654
1723 1654
1724 1654
1725 1654
1726 1654
1727 1654
1728 1654
1729 1654
1730 1654
1731 1654
1732 1654
1733 1655
1734 1655
1735 1655
1736 1655
1737 1656
1738 1656
1739 1656
1740 1656
1741 1656
1742 1656
1743 1656
1744 1656
1745 1656
1746 1656
1747 1656
1748 1656
1749 1656
1750 1656
1751 1656
1752 1656
1753 1656
1754 1656
1755 1656
1756 1656
1757 1655
1758 1655
1759 1655
1760 1655
1761 1654
1762 1654
1763 1654
1764 1654
1765 1654
1766 1654
1767 1653
1768 1653
1769 1653
1770 1653
1771 1652
1772 1652
1773 1652
1774 1652
1775 1652
1776 1652
1777 1651
1778 1651
1779 1651
1780 1651
1781 1650
1782 1650
1783 1650
1784 1650
1785 1650
1786 1650
1787 1650
1788 1650
1789 1650
1790 1650
1791 1651
1792 1651
1793 1652
1794 1653
1795 1653
1796 1654
1796 1655
1797 1655
1798 1656
1798 1657
1799 1657
1800 1658
1801 1659
1802 1660
1803 1661
1804 1661
1805 1661
1806 1662
1807 1663
1808 1663
1809 1663
1810 1663
1811 1664
1812 1664
1813 1664
1814 1664
1815 1665
1816 1665
1817 1665
1818 1665
1819 1666
1820 1666
1821 1666
1822 1666
1823 1666
1824 1666
1825 1666
1826 1666
1827 1666
1828 1666
1829 1666
1830 1666
1831 1666
1832 1666
1833 1667
1834 1667
1835 1667
1836 1668
1837 1669
1838 1669
1839 1669
1840 1669
1841 1670
1842 1670
1843 1671
1844 1671
1845 1671
1846 1671
1847 1672
1848 1672
1849 1672
1850 1672
1851 1672
1852 1672
1853 1672
1854 1672
1855 1673
1856 1673
1857 1673
1858 1673
1859 1674
1860 1674
1861 1674
1862 1674
1863 1674
1864 1674
1865 1675
1866 1675
1867 1675
1868 1675
1869 1676
1870 1676
1871 1676
1872 1676
1873 1676
1874 1676
1875 1676
1876 1676
1877 1677
1878 1677
1879 1677
1880 1677
1881 1678
1882 1678
1883 1678
1884 1678
1885 1678
1886 1678
1887 1678
1888 1678
1889 1679
1890 1679
1891 1679
1892 1679
1893 1680
1894 1680
1895 1680
1896 1680
1897 1681
1898 1681
1899 1681
1900 1681
1901 1682
1902 1682
1903 1682
1904 1682
1905 1683
1906 1683
1907 1683
1908 1683
1909 1684
1910 1684
1911 1684
1912 1684
1913 1684
1914 1684
1915 1684
1916 1684
1917 1685
1918 1685
1919 1685
1920 1685
1921 1686
1922 1686
1923 1686
1924 1686
1925 1687
1926 1687
1927 1687
1928 1687
1929 1688
1930 1688
1931 1688
1932 1688
1933 1688
1934 1688
1935 1688
1936 1688
1937 1688
1938 1688
1939 1689
1940 1689
1941 1689
1942 1689
1943 1690
1944 1690
1945 1690
1946 1690
1947 1690
1948 1690
1949 1691
1950 1691
1951 1691
1952 1691
1953 1692
1954 1692
1955 1692
1956 1692
1957 1692
1958 1692
1959 1693
1960 1693
1961 1693
1962 1693
1963 1694
1964 1694
1965 1694
1966 1694
1967 1694
1968 1694
1969 1694
1970 1694
1971 1695
1972 1695
1973 1695
1974 1695
1975 1696
1976 1696
1977 1697
1978 1697
1979 1697
1980 1697
1981 1698
1982 1698
1983 1699
1984 1699
1985 1699
1986 1699
1987 1700
1988 1700
1989 1700
1990 1700
1991 1701
1992 1701
1993 1701
1994 1701
1995 1702
1996 1702
1997 1702
1998 1702
1999 1702
2000 1702
2001 1702
2002 1702
2003 1702
2004 1702
2005 1703
2006 1703
2007 1703
2008 1704
2009 1705
2010 1705
2011 1705
2012 1706
2013 1707
2014 1707
2015 1707
2016 1707
2017 1708
2018 1708
2019 1709
2020 1709
2021 1709
2022 1710
2023 1711
2024 1711
2025 1711
2026 1711
2027 1712
2028 1712
2029 1713
2030 1713
2031 1713
2032 1713
2033 1714
2034 1714
2035 1715
2036 1715
2037 1716
2038 1716
2039 1717
2040 1717
2041 1718
2042 1718
2043 1718
2044 1718
2045 1718
2046 1718
2047 1719
2048 1719
2049 1719
2050 1719
2051 1720
2052 1720
2053 1721
2054 1721
2055 1721
2056 1721
2057 1722
2058 1722
2059 1722
2060 1722
2061 1722
2062 1722
2063 1723
2064 1723
2065 1723
2066 1723
2067 1724
2068 1724
2069 1724
2070 1724
2071 1724
2072 1724
2073 1724
2074 1724
2075 1725
2076 1725
2077 1725
2078 1725
2079 1726
2080 1726
2081 1726
2082 1726
2083 1726
2084 1726
2085 1726
2086 1726
2087 1726
2088 1726
2089 1726
2090 1726
2091 1727
2092 1727
2093 1727
2094 1727
2095 1728
2096 1728
2097 1728
2098 1728
2099 1728
2100 1728
2101 1729
2102 1729
2103 1729
2104 1730
2105 1731
2106 1731
2107 1731
2108 1731
2109 1732
2110 1732
2111 1733
2112 1733
2113 1733
2114 1733
2115 1734
2116 1734
2117 1734
2118 1734
2119 1734
2120 1734
2121 1735
2122 1735
2123 1736
2124 1737
2125 1737
2126 1738
2126 1739
2127 1739
2128 1740
2129 1741
2130 1742
2131 1743
2132 1743
2133 1743
2134 1743
2135 1744
2136 1744
2137 1745
2138 1745
2139 1745
2140 1745
2141 1746
2142 1746
2143 1747
2144 1747
2145 1748
2146 1748
2147 1749
2148 1749
2149 1750
2150 1750
2151 1751
2152 1751
2153 1751
2154 1752
2155 1753
2156 1753
2157 1754
2158 1755
2159 1755
2160 1756
2160 1757
2161 1758
2162 1759
2162 1760
2163 1761
2164 1762
2165 1763
2166 1764
2167 1765
2168 1765
2169 1766
2170 1766
2171 1766
2172 1766
2173 1766
2174 1766
2175 1765
2176 1765
2177 1764
2178 1763
2179 1763
2179 1762
2180 1761
2181 1761
2182 1760
2183 1759
2184 1759
2185 1758
2186 1758
2187 1758
2188 1758
2189 1758
2190 1758
2191 1757
2192 1757
2193 1757
2194 1757
2195 1756
2196 1756
2197 1755
2198 1755
2199 1755
2200 1755
2201 1754
2202 1754
2203 1754
2204 1754
2205 1754
2206 1754
2207 1753
2208 1753
2209 1752
2210 1752
2211 1751
2212 1751
2213 1750
2214 1749
2215 1749
2216 1749
2217 1748
2218 1747
2219 1747
2220 1747
2221 1746
2222 1745
2223 1745
2224 1745
2225 1744
2226 1743
2227 1743
2228 1743
2229 1742
2230 1741
2231 1741
2232 1741
2233 1740
2234 1739
2235 1738
2236 1738
2237 1737
2238 1737
2239 1736
2240 1735
2241 1735
2242 1735
2243 1734
2244 1734
2245 1734
2246 1734
2247 1734
2248 1734
2249 1733
2250 1733
2251 1733
2252 1733
2253 1732
2254 1732
2255 1732
2256 1732
2257 1732
2258 1732
2259 1731
2260 1731
2261 1731
2262 1731
2263 1730
2264 1730
2265 1729
2266 1729
2267 1729
2268 1729
2269 1728
2270 1727
2271 1726
2272 1726
2273 1725
2274 1725
2275 1724
2276 1724
2277 1723
2278 1723
2279 1723
2280 1723
2281 1722
2282 1722
2283 1721
2284 1721
2285 1720
2286 1719
2287 1719
2287 1718
2288 1717
2289 1717
2289 1716
2290 1715
2291 1715
2291 1714
2292 1713
2293 1713
2294 1712
2295 1711
2296 1711
2297 1710
2298 1710
2299 1709
2300 1709
2301 1709
2302 1709
2303 1708
2304 1708
2305 1707
2306 1707
2307 1706
2308 1705
2309 1705
2309 1704
2310 1703
2311 1703
2311 1702
2312 1701
2313 1701
2313 1700
2314 1699
2315 1699
2315 1698
2316 1697
2317 1697
2317 1696
2318 1695
2319 1695
2319 1694
2320 1693
2321 1693
2322 1692
2323 1691
2324 1691
2325 1690
2326 1689
2327 1688
2328 1687
2329 1687
2329 1686
2330 1685
2331 1685
2332 1684
2333 1683
2334 1683
2335 1682
2336 1682
2337 1682
2338 1682
2339 1681
2340 1681
2341 1680
2342 1679
2343 1679
2343 1678
2344 1677
2345 1677
2345 1676
2346 1675
2347 1675
2347 1674
2348 1673
2349 1673
2349 1672
2350 1671
2351 1671
2351 1670
2352 1669
2353 1669
2353 1668
2354 1667
2355 1667
2355 1666
2356 1665
2357 1665
2357 1664
2358 1663
2359 1663
2359 1662
2360 1661
2361 1661
2361 1660
2362 1659
2363 1658
2364 1657
2365 1656
2365 1655
2366 1654
2367 1653
2367 1652
2368 1651
2369 1650
2370 1649
2371 1648
2371 1647
2371 1646
2372 1645
2373 1644
2373 1643
2374 1642
2374 1641
2375 1640
2375 1639
2376 1638
2376 1637
2377 1636
2377 1635
2377 1634
2377 1633
2378 1632
2378 1631
2378 1630
2378 1629
2377 1628
2377 1627
2377 1626
2377 1625
2376 1624
2376 1623
2376 1622
2376 1621
2375 1620
2375 1619
2375 1618
2375 1617
2374 1616
2373 1615
2372 1614
2371 1613
2371 1612
2370 1611
2369 1610
2369 1609
2368 1608
2368 1607
2368 1606
2368 1605
2368 1604
2368 1603
2368 1602
2368 1601
2368 1600
2368 1599
2368 1598
2368 1597
2368 1596
2368 1595
2368 1594
2368 1593
2368 1592
2368 1591
2368 1590
2368 1589
2367 1588
2367 1587
2367 1586
2367 1585
2366 1584
2366 1583
2366 1582
2366 1581
2365 1580
2365 1579
2364 1578
2363 1577
2363 1576
2362 1576
2361 1575
2361 1574
2360 1574
2359 1573
2358 1572
2357 1571
2356 1570
2355 1570
2354 1569
2353 1568
2352 1568
2351 1567
2351 1566
2350 1565
2349 1564
2349 1563
2348 1562
2347 1561
2346 1560
2345 1559
2345 1558
2344 1558
2343 1557
2343 1556
2342 1555
2341 1554
2341 1553
2340 1552
2339 1551
2338 1550
2337 1549
2337 1548
2336 1548
2335 1547
2335 1546
2334 1546
2333 1545
2333 1544
2332 1544
2331 1543
2330 1542
2329 1541
2328 1540
2327 1540
2326 1539
2325 1538
2324 1538
2323 1537
2323 1536
2322 1536
2321 1535
2321 1534
2320 1534
2319 1533
2319 1532
2318 1532
2317 1531
2317 1530
2316 1530
2315 1529
2315 1528
2314 1528
2313 1527
2313 1526
2312 1526
2311 1525
2311 1524
2310 1524
2309 1523
2309 1522
2308 1522
2307 1521
2307 1520
2306 1520
2305 1519
2305 1518
2304 1518
2303 1517
2303 1516
2302 1516
2301 1515
2300 1514
2299 1513
2298 1512
2297 1512
2296 1511
2295 1510
2294 1510
2293 1509
2293 1508
2292 1508
2291 1507
2290 1506
2289 1505
2288 1504
2287 1504
2286 1503
2285 1502
2284 1502
2283 1501
2283 1500
2282 1500
2281 1499
2281 1498
2280 1498
2279 1497
2278 1496
2277 1495
2276 1494
2275 1494
2274 1493
2273 1492
2272 1492
2271 1491
2271 1490
2270 1490
2269 1489
2269 1488
2268 1488
2267 1487
2266 1486
2265 1485
2264 1484
2263 1484
2262 1483
2261 1482
2260 1482
2259 1481
2258 1480
2257 1480
2256 1479
2255 1479
2254 1478
2253 1478
2252 1477
2251 1477
2250 1476
2249 1475
2248 1474
2247 1474
2246 1474
2245 1474
2244 1473
2243 1473
2242 1472
2241 1472
2240 1471
2239 1470
2238 1470
2237 1469
2236 1468
2235 1468
2234 1467
2233 1467
2232 1466
2231 1466
2230 1466
2229 1465
2228 1464
2227 1464
2226 1463
2225 1463
2224 1462
2223 1461
2222 1460
2221 1460
2220 1460
2219 1460
2218 1459
2217 1459
2216 1458
2215 1458
2214 1457
2213 1457
2212 1456
2211 1455
2210 1454
2209 1454
2208 1454
2207 1454
2206 1453
2205 1453
2204 1452
2203 1452
2202 1452
2201 1452
2200 1451
2199 1451
2198 1450
2197 1450
2196 1450
2195 1449
2194 1448
2193 1448
2192 1448
2191 1448
2190 1447
2189 1447
2188 1446
2187 1446
2186 1446
2185 1446
2184 1445
2183 1445
2182 1445
2181 1445
2180 1445
2179 1445
2178 1445
2177 1445
2176 1445
2175 1445
2174 1445
2173 1445
2172 1445
2171 1445
2170 1446
2169 1446
2168 1446
2167 1446
2166 1447
2165 1447
2164 1447
2163 1447
2162 1447
2161 1447
2160 1447
2159 1447
2158 1447
2157 1447
2156 1447
2155 1447
2154 1447
2153 1447
2152 1447
2151 1447
2150 1447
2149 1447
2148 1446
2147 1446
2146 1445
2145 1445
2144 1444
2143 1444
2142 1443
2141 1443
2140 1443
2139 1443
2138 1443
2137 1443
2136 1443
2135 1443
2134 1443
2133 1443
2132 1443
2131 1443
2130 1443
2129 1443
2128 1443
2127 1443
2126 1443
2125 1443
2124 1443
2123 1443
2122 1443
2121 1443
2120 1443
2119 1443
2118 1443
2117 1443
2116 1443
2115 1443
2114 1443
2113 1443
2112 1443
2111 1443
2110 1443
2109 1443
2108 1443
2107 1443
2106 1443
2105 1443
2104 1443
2103 1443
2102 1443
2101 1443
2100 1443
2099 1443
2098 1443
2097 1443
2096 1443
2095 1443
2094 1443
2093 1443
2092 1443
2091 1443
2090 1443
2089 1443
2088 1443
2087 1443
2086 1443
2085 1443
2084 1443
2083 1443
2082 1443
2081 1443
2080 1443
2079 1443
2078 1443
2077 1443
2076 1443
2075 1443
2074 1443
2073 1443
2072 1443
2071 1443
2070 1443
2069 1443
2068 1443
2067 1443
2066 1443
2065 1443
2064 1443
2063 1443
