136 1507
135 1508
134 1508
133 1508
132 1508
131 1508
130 1508
129 1508
128 1509
127 1509
126 1509
125 1510
124 1510
123 1510
122 1510
121 1510
120 1510
119 1510
118 1510
117 1510
116 1510
115 1511
114 1511
113 1511
112 1511
111 1511
110 1511
109 1511
108 1511
107 1511
106 1511
105 1511
104 1511
103 1511
102 1512
101 1512
100 1512
99 1513
98 1513
97 1514
96 1514
95 1515
94 1515
93 1515
92 1515
91 1516
90 1516
89 1517
88 1517
87 1518
86 1519
85 1519
84 1520
83 1520
82 1521
81 1521
80 1522
79 1523
78 1523
77 1524
76 1525
75 1525
74 1525
73 1526
72 1526
71 1527
70 1527
69 1528
68 1528
67 1528
66 1528
65 1529
64 1530
63 1530
62 1531
61 1531
60 1532
59 1533
58 1534
57 1535
56 1535
55 1536
54 1537
53 1538
52 1539
51 1540
50 1541
49 1542
48 1543
48 1544
48 1545
48 1546
49 1547
50 1548
51 1548
52 1548
53 1548
54 1548
55 1548
56 1548
57 1548
58 1548
59 1547
60 1547
61 1546
62 1546
63 1546
64 1545
65 1545
66 1545
67 1545
68 1545
69 1545
70 1544
71 1544
72 1544
73 1544
74 1544
75 1544
76 1544
77 1544
78 1544
79 1544
80 1544
81 1544
82 1544
83 1544
84 1544
85 1544
86 1544
87 1544
88 1544
89 1544
90 1544
91 1544
92 1544
93 1544
94 1544
95 1544
96 1544
97 1544
98 1545
99 1545
100 1545
101 1545
102 1545
103 1545
104 1545
105 1545
106 1545
107 1546
108 1546
109 1546
110 1547
111 1547
112 1547
113 1548
114 1548
115 1548
116 1548
117 1548
118 1549
119 1549
120 1550
121 1551
122 1552
123 1553
124 1553
125 1553
126 1553
127 1553
128 1554
129 1554
130 1554
131 1555
132 1555
133 1555
134 1555
135 1555
136 1556
137 1556
138 1556
139 1556
140 1556
141 1556
142 1556
143 1556
144 1556
145 1556
146 1556
147 1556
148 1556
149 1556
150 1556
151 1556
152 1556
153 1556
154 1556
155 1556
156 1556
157 1556
158 1556
159 1556
160 1556
161 1555
162 1555
163 1554
164 1554
165 1553
166 1553
167 1553
168 1553
169 1553
170 1553
171 1553
172 1552
173 1551
174 1551
175 1551
176 1550
177 1550
178 1550
179 1549
180 1549
181 1549
182 1548
183 1548
184 1547
185 1547
186 1547
187 1547
188 1547
189 1547
190 1547
191 1546
192 1546
193 1546
194 1546
195 1545
196 1546
197 1546
198 1545
199 1545
200 1544
201 1544
202 1543
203 1543
204 1543
205 1543
206 1542
207 1542
208 1542
209 1541
210 1541
211 1541
212 1540
213 1539
214 1539
215 1538
216 1538
217 1537
218 1536
219 1536
220 1535
221 1534
222 1534
223 1533
224 1532
225 1531
226 1530
227 1529
227 1528
226 1527
226 1526
225 1526
224 1525
223 1525
222 1525
221 1525
220 1524
219 1523
218 1522
217 1522
216 1521
215 1521
214 1521
213 1520
212 1519
211 1518
210 1518
209 1518
208 1518
207 1518
206 1518
205 1518
204 1517
203 1517
202 1516
201 1516
200 1516
199 1516
198 1516
197 1516
196 1516
195 1516
194 1516
193 1515
192 1514
191 1514
190 1514
189 1514
188 1514
187 1514
186 1514
185 1513
184 1513
183 1513
182 1512
181 1512
180 1512
179 1512
178 1512
177 1512
176 1511
175 1511
174 1511
173 1511
172 1510
171 1510
170 1510
169 1509
168 1509
167 1509
166 1508
165 1508
164 1508
163 1507
162 1507
161 1507
160 1507
159 1507
158 1507
157 1507
156 1507
155 1507
154 1507
153 1507
152 1507
151 1507
150 1507
149 1508
148 1508
147 1508
146 1508
145 1508
144 1507
143 1507
142 1507
141 1507
140 1507
139 1507
138 1507
137 1507
136 1507
