508 1481
507 1482
506 1482
505 1483
504 1483
503 1484
502 1484
501 1484
500 1484
499 1484
498 1484
497 1484
496 1484
495 1484
494 1484
493 1484
492 1484
491 1484
490 1484
489 1484
488 1484
487 1484
486 1484
485 1485
484 1485
483 1485
482 1485
481 1485
480 1485
479 1485
478 1485
477 1485
476 1485
475 1485
474 1485
473 1485
472 1485
471 1485
470 1485
469 1485
468 1485
467 1485
466 1485
465 1485
464 1485
463 1486
462 1486
461 1486
460 1486
459 1486
458 1486
457 1486
456 1486
455 1486
454 1486
453 1486
452 1486
451 1486
450 1486
449 1486
448 1486
447 1486
446 1486
445 1486
444 1486
443 1486
442 1486
441 1486
440 1486
439 1486
438 1486
437 1487
436 1487
435 1487
434 1487
433 1487
432 1487
431 1487
430 1487
429 1487
428 1488
427 1488
426 1488
425 1489
424 1489
423 1489
422 1489
421 1489
420 1490
419 1490
418 1490
417 1491
416 1491
415 1491
414 1491
413 1491
412 1491
411 1491
410 1491
409 1491
408 1492
407 1492
406 1492
405 1493
404 1493
403 1493
402 1494
401 1494
400 1495
399 1496
398 1496
397 1497
396 1497
395 1497
394 1497
393 1497
392 1497
391 1497
390 1497
389 1497
388 1497
387 1497
386 1497
385 1497
384 1497
383 1498
382 1498
381 1498
380 1498
379 1498
378 1499
377 1499
376 1500
375 1500
374 1501
373 1501
372 1502
371 1502
370 1502
369 1502
368 1502
367 1502
366 1502
365 1503
364 1504
363 1505
362 1506
361 1507
360 1508
359 1509
358 1510
358 1511
358 1512
358 1513
359 1514
359 1515
359 1516
360 1517
360 1518
361 1519
362 1520
362 1521
363 1522
364 1523
365 1524
365 1525
366 1526
367 1526
368 1527
369 1528
370 1529
371 1530
372 1530
373 1531
374 1532
375 1532
376 1533
377 1533
378 1533
379 1534
380 1535
381 1536
382 1537
383 1538
384 1539
385 1540
386 1541
387 1541
388 1542
389 1542
390 1543
391 1544
392 1544
393 1544
394 1544
395 1545
396 1545
397 1546
398 1546
399 1546
400 1547
401 1548
402 1549
403 1549
404 1550
405 1550
406 1551
407 1552
408 1553
409 1553
410 1553
411 1553
412 1554
413 1554
414 1555
415 1555
416 1556
417 1556
418 1557
419 1558
420 1559
421 1560
422 1560
423 1561
424 1562
425 1562
426 1563
427 1563
428 1563
429 1564
430 1564
431 1564
432 1564
433 1565
434 1565
435 1565
436 1564
437 1564
438 1564
439 1565
440 1565
441 1565
442 1566
443 1565
444 1564
445 1564
446 1564
447 1564
448 1564
449 1564
450 1563
451 1563
452 1563
453 1563
454 1564
455 1564
456 1565
457 1565
458 1565
459 1565
460 1565
461 1565
462 1565
463 1565
464 1565
465 1565
466 1565
467 1565
468 1565
469 1565
470 1565
471 1565
472 1565
473 1565
474 1565
475 1565
476 1566
477 1566
478 1566
479 1566
480 1566
481 1566
482 1566
483 1566
484 1566
485 1566
486 1566
487 1566
488 1566
489 1566
490 1565
491 1565
492 1565
493 1565
494 1565
495 1565
496 1565
497 1565
498 1565
499 1565
500 1565
501 1565
502 1565
503 1565
504 1565
505 1565
506 1565
507 1565
508 1565
509 1565
510 1565
511 1565
512 1565
513 1565
514 1565
515 1565
516 1565
517 1565
518 1565
519 1565
520 1565
521 1565
522 1565
523 1565
524 1565
525 1564
526 1564
527 1564
528 1564
529 1564
530 1563
531 1563
532 1562
533 1562
534 1561
535 1561
536 1560
537 1559
538 1559
539 1559
540 1558
541 1558
542 1558
543 1558
544 1557
545 1557
546 1556
547 1556
548 1555
549 1555
550 1554
551 1554
552 1553
553 1553
554 1553
555 1553
556 1552
557 1551
558 1551
559 1550
560 1550
561 1549
562 1549
563 1549
564 1549
565 1549
566 1549
567 1549
568 1549
569 1549
570 1548
571 1547
572 1546
573 1545
574 1544
575 1543
575 1542
576 1541
577 1540
577 1539
578 1538
578 1537
578 1536
578 1535
579 1534
579 1533
580 1532
581 1531
582 1530
583 1529
584 1528
585 1527
586 1526
587 1525
588 1525
589 1525
590 1524
591 1524
592 1524
593 1523
594 1522
595 1521
595 1520
595 1519
595 1518
595 1517
595 1516
595 1515
595 1514
595 1513
595 1512
595 1511
595 1510
595 1509
595 1508
595 1507
595 1506
595 1505
595 1504
595 1503
594 1502
593 1501
592 1500
591 1500
590 1499
589 1499
588 1499
587 1498
586 1498
585 1497
584 1497
583 1497
582 1497
581 1496
580 1496
579 1496
578 1495
577 1495
576 1495
575 1495
574 1495
573 1495
572 1495
571 1495
570 1495
569 1495
568 1495
567 1495
566 1495
565 1495
564 1495
563 1495
562 1495
561 1495
560 1495
559 1495
558 1495
557 1495
556 1495
555 1495
554 1495
553 1495
552 1495
551 1495
550 1495
549 1494
548 1494
547 1494
546 1494
545 1494
544 1494
543 1494
542 1494
541 1494
540 1494
539 1494
538 1494
537 1494
536 1494
535 1493
534 1493
533 1493
532 1493
531 1493
530 1492
529 1492
528 1492
527 1491
526 1491
525 1491
524 1491
523 1491
522 1491
521 1490
520 1490
519 1489
518 1489
517 1488
516 1487
515 1486
514 1485
513 1484
512 1483
511 1483
510 1483
509 1482
508 1481
