96 2154
95 2155
94 2155
93 2155
92 2156
91 2156
90 2156
89 2157
88 2157
87 2157
86 2158
85 2158
84 2159
83 2160
82 2161
81 2162
80 2162
79 2163
78 2163
77 2163
76 2163
75 2163
74 2164
73 2165
72 2166
71 2167
70 2168
69 2169
68 2170
67 2171
66 2172
65 2173
65 2174
64 2175
64 2176
65 2177
66 2178
67 2178
68 2179
69 2179
70 2180
71 2180
72 2180
73 2180
74 2180
75 2180
76 2180
77 2180
78 2181
79 2181
80 2181
81 2181
82 2182
83 2182
84 2182
85 2182
86 2182
87 2182
88 2182
89 2182
90 2182
91 2182
92 2182
93 2182
94 2183
95 2183
96 2184
97 2184
98 2184
99 2184
100 2185
101 2185
102 2186
103 2187
104 2187
105 2187
106 2187
107 2187
108 2187
109 2187
110 2187
111 2187
112 2187
113 2187
114 2187
115 2187
116 2187
117 2187
118 2187
119 2186
120 2186
121 2186
122 2186
123 2186
124 2186
125 2186
126 2186
127 2186
128 2186
129 2186
130 2186
131 2186
132 2186
133 2186
134 2186
135 2185
136 2185
137 2184
138 2184
139 2183
140 2183
141 2182
142 2182
143 2182
144 2182
145 2182
146 2182
147 2182
148 2182
149 2182
150 2182
151 2182
152 2182
153 2182
154 2181
155 2181
156 2181
157 2180
158 2180
159 2179
160 2178
161 2177
162 2176
163 2175
164 2174
165 2173
165 2172
165 2171
166 2170
166 2169
166 2168
166 2167
166 2166
166 2165
165 2164
164 2163
163 2163
162 2163
161 2163
160 2163
159 2162
158 2162
157 2162
156 2162
155 2162
154 2162
153 2161
152 2161
151 2160
150 2160
149 2159
148 2159
147 2159
146 2159
145 2159
144 2159
143 2159
142 2159
141 2159
140 2159
139 2159
138 2159
137 2158
136 2158
135 2158
134 2158
133 2158
132 2158
131 2158
130 2158
129 2158
128 2157
127 2157
126 2157
125 2156
124 2156
123 2156
122 2156
121 2156
120 2156
119 2155
118 2155
117 2155
116 2155
115 2154
114 2154
113 2154
112 2154
111 2154
110 2154
109 2154
108 2154
107 2154
106 2154
105 2154
104 2154
103 2154
102 2154
101 2154
100 2154
99 2154
98 2154
97 2154
96 2154
