196 1333
195 1334
194 1334
193 1335
192 1335
191 1336
190 1336
189 1336
188 1337
187 1337
186 1337
185 1338
184 1338
183 1338
182 1339
181 1339
180 1339
179 1340
178 1340
177 1340
176 1340
175 1340
174 1340
173 1340
172 1340
171 1340
170 1340
169 1340
168 1339
167 1339
166 1339
165 1339
164 1339
163 1339
162 1339
161 1339
160 1339
159 1338
158 1338
157 1338
156 1338
155 1338
154 1338
153 1338
152 1338
151 1338
150 1338
149 1337
148 1337
147 1337
146 1336
145 1336
144 1336
143 1336
142 1336
141 1336
140 1336
139 1336
138 1336
137 1337
136 1337
135 1338
134 1339
133 1340
132 1340
131 1340
130 1341
129 1342
128 1343
128 1344
127 1345
126 1346
126 1347
125 1348
125 1349
126 1350
126 1351
126 1352
127 1353
128 1354
128 1355
129 1356
130 1357
130 1358
131 1359
131 1360
132 1361
132 1362
132 1363
133 1364
134 1365
135 1366
136 1367
136 1368
136 1369
136 1370
137 1371
137 1372
137 1373
138 1374
138 1375
138 1376
138 1377
138 1378
139 1379
139 1380
140 1381
141 1382
142 1383
143 1384
144 1385
145 1386
146 1387
147 1388
148 1389
149 1390
150 1390
151 1391
152 1391
153 1391
154 1391
155 1392
156 1392
157 1392
158 1393
159 1393
160 1393
161 1394
162 1395
163 1395
164 1396
165 1397
166 1397
167 1398
168 1398
169 1398
170 1399
171 1399
172 1399
173 1399
174 1399
175 1399
176 1399
177 1399
178 1399
179 1400
180 1400
181 1400
182 1400
183 1400
184 1400
185 1400
186 1400
187 1401
188 1401
189 1401
190 1401
191 1401
192 1402
193 1402
194 1402
195 1403
196 1403
197 1403
198 1404
199 1404
200 1404
201 1404
202 1404
203 1403
204 1403
205 1402
206 1401
207 1400
208 1399
209 1398
210 1397
211 1396
212 1395
213 1394
214 1393
215 1393
216 1393
217 1393
218 1393
219 1392
220 1392
221 1392
222 1391
223 1391
224 1391
225 1391
226 1391
227 1391
228 1391
229 1391
230 1391
231 1390
232 1389
233 1388
234 1387
235 1386
236 1386
237 1386
238 1385
239 1385
240 1384
241 1384
242 1383
243 1382
244 1381
245 1380
246 1379
247 1379
248 1378
249 1377
250 1376
251 1375
251 1374
252 1373
252 1372
253 1371
253 1370
254 1369
254 1368
254 1367
255 1366
255 1365
256 1364
256 1363
256 1362
256 1361
256 1360
256 1359
256 1358
256 1357
256 1356
256 1355
255 1354
255 1353
254 1352
253 1351
253 1350
253 1349
252 1348
251 1347
250 1346
250 1345
249 1344
248 1343
248 1342
247 1341
246 1340
245 1340
244 1340
243 1340
242 1340
241 1340
240 1340
239 1340
238 1340
237 1340
236 1340
235 1340
234 1340
233 1340
232 1340
231 1340
230 1339
229 1339
228 1338
227 1338
226 1338
225 1338
224 1337
223 1337
222 1337
221 1337
220 1336
219 1336
218 1336
217 1336
216 1336
215 1336
214 1336
213 1337
212 1337
211 1337
210 1338
209 1337
208 1337
207 1336
206 1335
205 1334
204 1333
203 1333
202 1333
201 1333
200 1333
199 1333
198 1333
197 1333
196 1333
