336 2197
335 2198
334 2198
333 2199
332 2200
331 2200
330 2200
329 2200
328 2200
327 2200
326 2200
325 2200
324 2200
323 2200
322 2200
321 2200
320 2200
319 2200
318 2200
317 2200
316 2200
315 2200
314 2200
313 2200
312 2200
311 2200
310 2200
309 2200
308 2200
307 2200
306 2200
305 2200
304 2200
303 2200
302 2200
301 2200
300 2200
299 2201
298 2201
297 2201
296 2201
295 2201
294 2202
293 2202
292 2202
291 2202
290 2203
289 2203
288 2203
287 2203
286 2203
285 2203
284 2203
283 2203
282 2203
281 2203
280 2203
279 2203
278 2203
277 2203
276 2203
275 2203
274 2203
273 2203
272 2203
271 2203
270 2202
269 2202
268 2201
267 2200
266 2200
265 2200
264 2200
263 2200
262 2200
261 2200
260 2200
259 2200
258 2200
257 2200
256 2200
255 2200
254 2200
253 2200
252 2200
251 2200
250 2200
249 2200
248 2200
247 2200
246 2200
245 2200
244 2200
243 2200
242 2200
241 2200
240 2200
239 2200
238 2201
237 2201
236 2202
235 2202
234 2202
233 2203
232 2203
231 2203
230 2203
229 2203
228 2203
227 2203
226 2203
225 2204
224 2204
223 2204
222 2204
221 2204
220 2204
219 2204
218 2205
217 2205
216 2205
215 2205
214 2205
213 2205
212 2205
211 2206
210 2206
209 2207
208 2207
207 2207
206 2207
205 2207
204 2207
203 2207
202 2207
201 2207
200 2207
199 2207
198 2207
197 2207
196 2207
195 2206
194 2206
193 2207
192 2207
191 2208
190 2209
189 2210
188 2210
187 2211
186 2212
185 2212
184 2213
183 2213
182 2214
181 2214
180 2215
179 2215
178 2216
177 2216
176 2217
175 2217
174 2218
173 2219
172 2220
171 2221
170 2222
169 2223
168 2224
167 2225
166 2225
165 2226
164 2226
163 2227
162 2227
161 2228
160 2228
159 2229
158 2230
157 2230
156 2231
155 2231
154 2232
153 2232
152 2233
151 2234
150 2235
149 2236
148 2237
147 2238
146 2239
145 2240
144 2241
144 2242
143 2243
142 2244
142 2245
141 2246
141 2247
141 2248
141 2249
141 2250
141 2251
141 2252
141 2253
141 2254
141 2255
141 2256
141 2257
140 2258
140 2259
140 2260
140 2261
140 2262
140 2263
140 2264
140 2265
140 2266
140 2267
140 2268
140 2269
140 2270
140 2271
140 2272
140 2273
140 2274
140 2275
140 2276
140 2277
140 2278
140 2279
140 2280
140 2281
140 2282
141 2283
141 2284
142 2285
143 2286
144 2287
145 2288
146 2288
147 2289
148 2289
149 2290
150 2290
151 2291
152 2291
153 2292
154 2293
155 2293
156 2294
157 2295
158 2295
159 2295
160 2295
161 2295
162 2295
163 2296
164 2296
165 2296
166 2297
167 2297
168 2297
169 2298
170 2298
171 2298
172 2299
173 2299
174 2299
175 2300
176 2300
177 2300
178 2301
179 2301
180 2301
181 2302
182 2303
183 2303
184 2304
185 2305
186 2305
187 2306
188 2306
189 2306
190 2307
191 2308
192 2308
193 2308
194 2309
195 2309
196 2309
197 2309
198 2310
199 2311
200 2311
201 2311
202 2311
203 2312
204 2312
205 2312
206 2313
207 2313
208 2313
209 2314
210 2315
211 2315
212 2316
213 2316
214 2317
215 2317
216 2317
217 2317
218 2317
219 2317
220 2317
221 2318
222 2318
223 2318
224 2318
225 2319
226 2319
227 2320
228 2320
229 2320
230 2321
231 2321
232 2321
233 2321
234 2322
235 2322
236 2322
237 2323
238 2323
239 2323
240 2324
241 2324
242 2324
243 2324
244 2324
245 2325
246 2325
247 2326
248 2326
249 2327
250 2328
251 2329
252 2330
253 2331
254 2332
255 2333
256 2333
257 2334
258 2334
259 2335
260 2334
261 2334
262 2334
263 2333
264 2333
265 2333
266 2333
267 2333
268 2333
269 2333
270 2334
271 2334
272 2334
273 2335
274 2335
275 2335
276 2335
277 2335
278 2335
279 2335
280 2335
281 2336
282 2336
283 2336
284 2337
285 2337
286 2337
287 2337
288 2337
289 2337
290 2337
291 2337
292 2337
293 2337
294 2337
295 2338
296 2338
297 2338
298 2339
299 2339
300 2339
301 2339
302 2339
303 2339
304 2339
305 2339
306 2338
307 2338
308 2338
309 2337
310 2337
311 2338
312 2338
313 2338
314 2339
315 2339
316 2339
317 2339
318 2339
319 2339
320 2339
321 2339
322 2339
323 2339
324 2339
325 2339
326 2339
327 2339
328 2339
329 2339
330 2339
331 2339
332 2339
333 2339
334 2339
335 2339
336 2339
337 2339
338 2339
339 2339
340 2339
341 2339
342 2339
343 2339
344 2339
345 2338
346 2338
347 2337
348 2336
349 2335
350 2334
351 2333
352 2332
353 2332
354 2331
355 2331
356 2330
357 2330
358 2330
359 2329
360 2329
361 2328
362 2328
363 2328
364 2327
365 2327
366 2326
367 2326
368 2326
369 2326
370 2326
371 2325
372 2325
373 2324
374 2323
375 2322
376 2321
377 2320
378 2320
379 2320
380 2319
381 2319
382 2318
383 2317
384 2317
385 2316
386 2315
387 2315
388 2314
389 2313
390 2312
391 2311
392 2311
393 2310
394 2309
395 2309
396 2308
397 2307
398 2306
399 2305
400 2304
400 2303
401 2302
402 2301
402 2300
402 2299
402 2298
403 2297
403 2296
403 2295
404 2294
404 2293
404 2292
405 2291
405 2290
405 2289
405 2288
405 2287
405 2286
405 2285
405 2284
405 2283
405 2282
405 2281
406 2280
406 2279
406 2278
406 2277
406 2276
406 2275
406 2274
406 2273
406 2272
406 2271
406 2270
406 2269
406 2268
406 2267
406 2266
406 2265
406 2264
406 2263
406 2262
406 2261
406 2260
406 2259
406 2258
406 2257
406 2256
406 2255
406 2254
406 2253
406 2252
405 2251
405 2250
405 2249
404 2248
404 2247
404 2246
404 2245
403 2244
403 2243
403 2242
403 2241
403 2240
403 2239
404 2238
403 2237
403 2236
403 2235
403 2234
402 2233
402 2232
402 2231
402 2230
402 2229
402 2228
402 2227
402 2226
402 2225
402 2224
402 2223
402 2222
402 2221
402 2220
401 2219
401 2218
400 2218
399 2218
398 2218
397 2219
396 2219
395 2220
394 2220
393 2220
392 2221
391 2221
390 2222
389 2222
388 2221
387 2220
386 2219
386 2218
386 2217
385 2216
385 2215
384 2214
383 2213
382 2212
381 2211
380 2210
379 2209
378 2208
377 2207
376 2206
375 2206
374 2205
373 2205
372 2205
371 2204
370 2204
369 2204
368 2204
367 2204
366 2204
365 2204
364 2204
363 2203
362 2203
361 2202
360 2201
359 2201
358 2201
357 2201
356 2200
355 2200
354 2200
353 2200
352 2200
351 2200
350 2200
349 2200
348 2200
347 2200
346 2199
345 2199
344 2199
343 2198
342 2198
341 2197
340 2197
339 2197
338 2197
337 2197
336 2197
