257 2226
256 2227
255 2227
254 2228
253 2228
252 2228
251 2228
250 2229
249 2229
248 2230
247 2230
246 2231
245 2231
244 2231
243 2232
242 2232
241 2232
240 2232
239 2232
238 2232
237 2232
236 2232
235 2232
234 2232
233 2232
232 2232
231 2233
230 2233
229 2234
228 2234
227 2234
226 2235
225 2235
224 2235
223 2235
222 2235
221 2235
220 2236
219 2236
218 2236
217 2237
216 2237
215 2238
214 2238
213 2238
212 2238
211 2238
210 2238
209 2238
208 2239
207 2239
206 2240
205 2241
204 2242
203 2243
203 2244
202 2245
201 2246
201 2247
201 2248
201 2249
201 2250
201 2251
202 2252
203 2253
204 2254
205 2255
205 2256
206 2257
206 2258
206 2259
207 2260
207 2261
208 2262
208 2263
209 2264
210 2265
211 2266
212 2267
213 2268
214 2269
215 2270
216 2271
216 2272
217 2273
218 2274
219 2275
220 2276
221 2277
222 2278
223 2279
224 2279
225 2280
226 2281
227 2282
228 2283
229 2284
230 2285
231 2286
232 2287
233 2287
234 2288
235 2288
236 2289
237 2289
238 2290
239 2290
240 2291
241 2291
242 2292
243 2292
244 2293
245 2293
246 2294
247 2294
248 2294
249 2294
250 2294
251 2294
252 2294
253 2294
254 2294
255 2294
256 2294
257 2293
258 2293
259 2292
260 2291
261 2290
262 2289
263 2288
264 2287
265 2287
266 2287
267 2287
268 2287
269 2287
270 2287
271 2286
272 2286
273 2285
274 2284
275 2283
276 2282
277 2281
278 2280
279 2279
280 2278
281 2277
282 2276
283 2275
284 2275
285 2274
286 2274
287 2274
288 2275
289 2275
290 2275
291 2275
292 2275
293 2275
294 2275
295 2275
296 2274
297 2273
298 2273
299 2272
300 2271
301 2271
302 2270
303 2270
304 2270
305 2269
306 2269
307 2268
308 2267
309 2267
310 2266
311 2266
312 2265
313 2264
314 2263
315 2262
316 2261
317 2261
318 2260
319 2259
320 2258
320 2257
321 2256
321 2255
321 2254
321 2253
322 2252
322 2251
322 2250
322 2249
322 2248
322 2247
322 2246
322 2245
322 2244
321 2243
320 2242
319 2241
318 2241
317 2240
316 2239
315 2239
314 2238
313 2238
312 2237
311 2237
310 2237
309 2237
308 2237
307 2237
306 2237
305 2237
304 2236
303 2236
302 2235
301 2235
300 2234
299 2234
298 2233
297 2233
296 2233
295 2233
294 2233
293 2232
292 2232
291 2232
290 2231
289 2231
288 2230
287 2230
286 2229
285 2229
284 2229
283 2229
282 2229
281 2228
280 2227
279 2227
278 2227
277 2227
276 2227
275 2226
274 2226
273 2226
272 2226
271 2226
270 2226
269 2226
268 2226
267 2226
266 2226
265 2226
264 2226
263 2226
262 2226
261 2226
260 2226
259 2226
258 2226
257 2226
