878 2243
877 2244
876 2244
875 2244
874 2245
873 2245
872 2245
871 2245
870 2245
869 2245
868 2245
867 2245
866 2245
865 2245
864 2245
863 2245
862 2245
861 2245
860 2245
859 2245
858 2245
857 2245
856 2245
855 2245
854 2245
853 2245
852 2245
851 2245
850 2245
849 2245
848 2246
847 2247
846 2247
845 2247
844 2247
843 2247
842 2247
841 2247
840 2247
839 2248
838 2248
837 2248
836 2249
835 2249
834 2249
833 2249
832 2249
831 2250
830 2250
829 2250
828 2250
827 2250
826 2250
825 2251
824 2251
823 2252
822 2253
821 2253
820 2253
819 2254
818 2254
817 2255
816 2255
815 2256
814 2256
813 2257
812 2258
811 2258
810 2259
809 2260
808 2261
807 2261
806 2262
805 2263
804 2263
803 2264
802 2265
801 2265
800 2266
800 2267
799 2268
799 2269
799 2270
800 2271
800 2272
801 2273
802 2274
803 2275
804 2275
805 2275
806 2275
807 2276
808 2276
809 2276
810 2277
811 2278
812 2278
813 2279
814 2279
815 2279
816 2280
817 2280
818 2280
819 2281
820 2281
821 2282
822 2282
823 2282
824 2282
825 2283
826 2283
827 2283
828 2284
829 2284
830 2285
831 2286
832 2286
833 2287
834 2287
835 2288
836 2288
837 2289
838 2289
839 2290
840 2290
841 2290
842 2290
843 2290
844 2290
845 2290
846 2291
847 2291
848 2291
849 2291
850 2291
851 2291
852 2291
853 2291
854 2291
855 2291
856 2292
857 2292
858 2292
859 2292
860 2292
861 2292
862 2292
863 2292
864 2292
865 2292
866 2293
867 2293
868 2293
869 2294
870 2294
871 2294
872 2294
873 2294
874 2294
875 2295
876 2295
877 2294
878 2294
879 2294
880 2294
881 2294
882 2294
883 2294
884 2294
885 2294
886 2293
887 2293
888 2292
889 2292
890 2291
891 2291
892 2290
893 2289
894 2288
895 2288
895 2287
896 2286
896 2285
897 2284
897 2283
897 2282
897 2281
898 2280
899 2279
899 2278
899 2277
900 2276
900 2275
900 2274
901 2273
901 2272
901 2271
901 2270
901 2269
901 2268
901 2267
901 2266
901 2265
902 2264
902 2263
902 2262
902 2261
902 2260
901 2259
901 2258
900 2257
900 2256
899 2255
899 2254
899 2253
898 2252
897 2251
896 2250
896 2249
895 2248
894 2247
893 2246
892 2245
892 2244
891 2244
890 2243
889 2243
888 2243
887 2243
886 2243
885 2243
884 2243
883 2243
882 2243
881 2243
880 2243
879 2243
878 2243
