1383 727
1382 728
1381 728
1380 728
1379 728
1378 729
1377 729
1376 729
1375 729
1374 729
1373 729
1372 729
1371 729
1370 729
1369 729
1368 729
1367 729
1366 729
1365 729
1364 729
1363 729
1362 729
1361 729
1360 729
1359 729
1358 729
1357 729
1356 729
1355 729
1354 729
1353 729
1352 729
1351 729
1350 729
1349 729
1348 729
1347 729
1346 729
1345 729
1344 729
1343 729
1342 729
1341 729
1340 729
1339 729
1338 729
1337 729
1336 729
1335 729
1334 730
1333 730
1332 731
1331 732
1330 732
1330 733
1329 734
1328 735
1328 736
1327 737
1327 738
1326 739
1326 740
1325 741
1324 742
1323 742
1322 743
1321 743
1320 743
1319 743
1318 743
1317 743
1316 743
1315 743
1314 744
1313 744
1312 744
1311 744
1310 745
1309 745
1308 745
1307 745
1306 745
1305 745
1304 745
1303 745
1302 745
1301 745
1300 745
1299 745
1298 745
1297 745
1296 745
1295 745
1294 745
1293 745
1292 745
1291 745
1290 746
1289 746
1288 746
1287 746
1286 747
1285 748
1284 748
1283 748
1282 749
1281 749
1280 749
1279 749
1278 749
1277 749
1276 749
1275 749
1274 749
1273 749
1272 749
1271 749
1270 749
1269 749
1268 749
1267 749
1266 749
1265 749
1264 749
1263 749
1262 749
1261 749
1260 749
1259 749
1258 749
1257 749
1256 749
1255 749
1254 749
1253 749
1252 748
1251 748
1250 748
1249 747
1248 746
1247 746
1246 746
1245 746
1244 745
1243 745
1242 744
1241 744
1240 744
1239 744
1238 743
1237 743
1236 743
1235 743
1234 742
1233 742
1232 742
1231 742
1230 741
1229 741
1228 741
1227 741
1226 741
1225 741
1224 741
1223 741
1222 741
1221 741
1220 741
1219 741
1218 741
1217 741
1216 740
1215 740
1214 740
1213 740
1212 739
1211 739
1210 739
1209 739
1208 739
1207 739
1206 739
1205 739
1204 739
1203 739
1202 739
1201 739
1200 739
1199 739
1198 739
1197 739
1196 739
1195 739
1194 739
1193 739
1192 739
1191 739
1190 740
1189 740
1188 740
1187 740
1186 741
1185 741
1184 741
1183 741
1182 741
1181 741
1180 741
1179 741
1178 741
1177 741
1176 741
1175 741
1174 742
1173 742
1172 742
1171 742
1170 743
1169 743
1168 743
1167 743
1166 743
1165 743
1164 744
1163 744
1162 744
1161 744
1160 745
1159 745
1158 746
1157 746
1156 746
1155 746
1154 747
1153 748
1152 749
1152 750
1151 751
1150 751
1149 751
1148 751
1147 751
1146 751
1145 752
1144 752
1143 753
1142 753
1141 754
1140 754
1139 755
1138 755
1137 755
1136 756
1135 756
1134 757
1133 757
1132 758
1132 759
1131 760
1131 761
1130 762
1130 763
1130 764
1130 765
1130 766
1130 767
1131 768
1131 769
1132 770
1132 771
1133 772
1134 772
1135 773
1136 773
1137 774
1138 774
1139 774
1140 774
1141 775
1142 776
1142 777
1143 778
1143 779
1144 780
1144 781
1145 782
1146 782
1147 783
1148 783
1149 784
1150 785
1150 786
1151 787
1152 788
1152 789
1153 789
1154 790
1155 791
1156 791
1157 792
1158 792
1159 793
1160 793
1161 793
1162 794
1163 795
1164 795
1165 796
1166 797
1166 798
1167 799
1168 800
1168 801
1168 802
1169 803
1170 804
1171 805
1172 806
1173 807
1174 807
1175 807
1176 807
1177 808
1178 808
1179 808
1180 808
1181 809
1182 809
1183 809
1184 809
1185 810
1186 810
1187 811
1188 811
1189 811
1190 811
1191 812
1192 812
1193 812
1194 812
1195 813
1196 813
1197 814
1198 814
1199 815
1200 815
1201 816
1202 816
1203 816
1204 816
1205 817
1206 817
1207 817
1208 818
1209 819
1210 819
1211 819
1212 819
1213 820
1214 820
1215 821
1216 821
1217 821
1218 821
1219 822
1220 822
1221 822
1222 822
1223 822
1224 822
1225 822
1226 822
1227 823
1228 823
1229 823
1230 823
1231 824
1232 824
1233 825
1234 825
1235 825
1236 825
1237 826
1238 826
1239 826
1240 826
1241 826
1242 826
1243 826
1244 826
1245 826
1246 826
1247 826
1248 826
1249 826
1250 826
1251 826
1252 826
1253 826
1254 826
1255 826
1256 826
1257 827
1258 827
1259 827
1260 827
1261 828
1262 828
1263 829
1264 829
1265 829
1266 829
1267 830
1268 830
1269 830
1270 830
1271 831
1272 831
1273 832
1274 832
1275 833
1276 833
1277 834
1278 834
1279 834
1280 834
1281 835
1282 835
1283 835
1284 835
1285 836
1286 836
1287 837
1288 837
1289 837
1290 837
1291 838
1292 838
1293 839
1294 839
1295 839
1296 839
1297 840
1298 840
1299 840
1300 840
1301 840
1302 840
1303 841
1304 841
1305 841
1306 841
1307 842
1308 842
1309 842
1310 842
1311 843
1312 843
1313 843
1314 843
1315 844
1316 844
1317 845
1318 845
1319 845
1320 845
1321 846
1322 846
1323 846
1324 846
1325 846
1326 846
1327 847
1328 847
1329 847
1330 847
1331 848
1332 848
1333 848
1334 848
1335 848
1336 848
1337 848
1338 848
1339 848
1340 848
1341 848
1342 848
1343 848
1344 848
1345 848
1346 848
1347 848
1348 848
1349 848
1350 848
1351 848
1352 848
1353 848
1354 848
1355 848
1356 848
1357 848
1358 848
1359 848
1360 848
1361 848
1362 848
1363 848
1364 848
1365 849
1366 849
1367 849
1368 849
1369 850
1370 850
1371 850
1372 850
1373 850
1374 850
1375 850
1376 850
1377 850
1378 850
1379 850
1380 850
1381 850
1382 850
1383 850
1384 850
1385 850
1386 850
1387 850
1388 850
1389 850
1390 850
1391 850
1392 850
1393 850
1394 850
1395 851
1396 851
1397 851
1398 851
1399 852
1400 852
1401 852
1402 852
1403 852
1404 852
1405 853
1406 853
1407 853
1408 853
1409 854
1410 854
1411 854
1412 854
1413 855
1414 855
1415 856
1416 856
1417 857
1418 857
1419 858
1420 858
1421 858
1422 858
1423 858
1424 858
1425 858
1426 858
1427 858
1428 858
1429 858
1430 858
1431 858
1432 858
1433 858
1434 858
1435 858
1436 858
1437 858
1438 858
1439 858
1440 858
1441 859
1442 859
1443 859
1444 859
1445 860
1446 860
1447 860
1448 860
1449 860
1450 860
1451 861
1452 861
1453 862
1454 862
1455 863
1456 863
1457 864
1458 864
1459 864
1460 864
1461 863
1462 863
1463 863
1464 863
1465 862
1466 861
1467 861
1468 861
1469 860
1470 859
1471 859
1472 859
1473 858
1474 858
1475 858
1476 858
1477 857
1478 857
1479 856
1480 856
1481 855
1482 855
1483 854
1484 853
1485 852
1486 852
1487 851
1488 851
1489 850
1490 850
1491 849
1492 849
1493 848
1494 847
1495 847
1496 846
1497 845
1498 845
1499 844
1500 844
1501 843
1502 843
1503 842
1504 841
1505 841
1505 840
1506 839
1507 838
1508 837
1509 836
1509 835
1510 834
1511 833
1512 833
1513 832
1514 831
1515 830
1516 829
1517 829
1517 828
1518 827
1519 827
1519 826
1520 825
1521 824
1521 823
1522 822
1522 821
1522 820
1522 819
1522 818
1522 817
1522 816
1522 815
1522 814
1522 813
1523 812
1523 811
1523 810
1523 809
1524 808
1524 807
1524 806
1524 805
1523 804
1523 803
1523 802
1523 801
1522 800
1521 799
1521 798
1521 797
1520 796
1520 795
1520 794
1520 793
1519 792
1519 791
1518 790
1517 789
1517 788
1516 787
1515 786
1515 785
1514 784
1513 783
1512 782
1511 781
1511 780
1510 779
1509 778
1509 777
1508 776
1507 775
1506 774
1506 773
1505 772
1505 771
1504 770
1504 769
1503 768
1503 767
1502 766
1501 765
1501 764
1500 763
1499 762
1499 761
1498 760
1497 759
1496 758
1495 757
1494 756
1493 756
1492 755
1491 755
1490 754
1489 754
1488 753
1487 753
1486 752
1485 752
1484 752
1483 751
1482 750
1481 750
1480 750
1479 749
1478 748
1477 748
1476 748
1475 747
1474 746
1473 746
1472 746
1471 745
1470 744
1469 744
1468 744
1467 744
1466 743
1465 743
1464 743
1463 743
1462 743
1461 743
1460 742
1459 742
1458 742
1457 742
1456 741
1455 741
1454 741
1453 741
1452 741
1451 741
1450 741
1449 741
1448 740
1447 740
1446 739
1445 739
1444 738
1443 738
1442 737
1441 737
1440 736
1439 736
1438 736
1437 736
1436 735
1435 735
1434 734
1433 734
1432 734
1431 734
1430 733
1429 733
1428 732
1427 732
1426 732
1425 732
1424 731
1423 731
1422 731
1421 731
1420 731
1419 731
1418 730
1417 730
1416 730
1415 730
1414 729
1413 729
1412 729
1411 729
1410 729
1409 729
1408 730
1407 730
1406 730
1405 730
1404 731
1403 731
1402 730
1401 730
1400 730
1399 729
1398 728
1397 728
1396 728
1395 728
1394 727
1393 727
1392 727
1391 727
1390 727
1389 727
1388 727
1387 727
1386 727
1385 727
1384 727
1383 727
