1042 237
1041 238
1040 238
1039 238
1038 238
1037 238
1036 238
1035 238
1034 238
1033 238
1032 239
1031 239
1030 239
1029 240
1028 240
1027 241
1026 241
1025 241
1024 242
1023 242
1022 242
1021 242
1020 242
1019 242
1018 242
1017 243
1016 243
1015 243
1014 243
1013 243
1012 243
1011 244
1010 244
1009 245
1008 245
1007 245
1006 245
1005 245
1004 245
1003 245
1002 245
1001 245
1000 245
999 245
998 245
997 245
996 245
995 245
994 245
993 245
992 245
991 245
990 245
989 245
988 245
987 246
986 246
985 246
984 247
983 247
982 247
981 247
980 247
979 247
978 247
977 247
976 247
975 247
974 246
973 247
972 247
971 247
970 248
969 248
968 248
967 248
966 248
965 248
964 248
963 248
962 248
961 248
960 248
959 248
958 248
957 248
956 248
955 248
954 248
953 248
952 248
951 248
950 248
949 247
948 247
947 247
946 247
945 246
944 246
943 246
942 245
941 245
940 245
939 245
938 245
937 245
936 245
935 245
934 245
933 245
932 245
931 245
930 245
929 245
928 245
927 245
926 246
925 246
924 246
923 247
922 247
921 247
920 247
919 247
918 247
917 247
916 248
915 248
914 248
913 248
912 248
911 249
910 249
909 249
908 249
907 249
906 249
905 250
904 250
903 250
902 250
901 251
900 251
899 252
898 252
897 252
896 253
895 253
894 253
893 254
892 254
891 254
890 255
889 255
888 255
887 255
886 256
885 256
884 257
883 257
882 258
881 258
880 259
879 259
878 260
877 261
876 262
875 263
874 263
873 264
872 264
871 265
870 266
869 266
869 267
868 268
868 269
868 270
869 271
870 272
871 273
872 274
873 275
874 275
875 276
876 277
877 278
878 278
879 278
880 279
881 279
882 280
883 280
884 281
885 281
886 282
887 282
888 283
889 283
890 284
891 285
892 285
893 286
894 287
895 287
896 288
897 288
898 289
899 289
900 290
901 290
902 290
903 291
904 292
904 293
905 294
906 295
907 296
908 296
909 297
910 297
911 298
912 298
913 299
914 299
915 299
916 299
917 300
918 301
919 301
920 301
921 302
922 302
923 303
924 304
925 305
926 305
927 305
928 306
929 306
930 307
931 307
932 308
933 308
934 309
935 309
936 309
937 310
938 311
939 311
940 311
941 312
942 312
943 312
944 313
945 313
946 314
947 314
948 315
949 315
950 315
951 315
952 315
953 315
954 315
955 315
956 315
957 315
958 315
959 315
960 314
961 314
962 314
963 313
964 313
965 313
966 312
967 312
968 312
969 312
970 312
971 312
972 312
973 312
974 312
975 312
976 312
977 312
978 312
979 312
980 313
981 313
982 313
983 314
984 314
985 314
986 314
987 314
988 315
989 316
990 316
991 317
992 317
993 317
994 318
995 318
996 318
997 319
998 319
999 320
1000 320
1001 320
1002 320
1003 320
1004 320
1005 320
1006 321
1007 321
1008 321
1009 321
1010 321
1011 321
1012 321
1013 320
1014 320
1015 319
1016 318
1017 317
1018 316
1019 316
1020 315
1021 314
1022 314
1023 313
1024 313
1025 313
1026 312
1027 312
1028 312
1029 311
1030 311
1031 311
1032 311
1033 311
1034 311
1035 310
1036 310
1037 310
1038 310
1039 310
1040 310
1041 310
1042 310
1043 310
1044 310
1045 310
1046 310
1047 310
1048 309
1049 309
1050 308
1051 308
1052 308
1053 308
1054 308
1055 308
1056 309
1057 309
1058 309
1059 309
1060 309
1061 310
1062 311
1063 311
1064 311
1065 311
1066 311
1067 311
1068 311
1069 311
1070 311
1071 311
1072 311
1073 311
1074 311
1075 311
1076 311
1077 310
1078 310
1079 310
1080 310
1081 310
1082 310
1083 310
1084 310
1085 309
1086 309
1087 308
1088 307
1089 306
1089 305
1090 304
1090 303
1090 302
1091 301
1091 300
1091 299
1091 298
1091 297
1091 296
1091 295
1091 294
1091 293
1091 292
1091 291
1090 290
1090 289
1090 288
1089 287
1089 286
1089 285
1088 284
1088 283
1088 282
1087 281
1087 280
1087 279
1086 278
1086 277
1085 276
1084 275
1084 274
1083 273
1083 272
1083 271
1083 270
1083 269
1083 268
1083 267
1082 266
1082 265
1081 264
1081 263
1080 262
1080 261
1080 260
1080 259
1080 258
1080 257
1080 256
1080 255
1079 254
1079 253
1078 252
1077 251
1076 250
1075 249
1074 248
1073 247
1072 246
1071 246
1070 245
1069 245
1068 244
1067 244
1066 243
1065 243
1064 242
1063 241
1062 241
1061 241
1060 240
1059 240
1058 239
1057 239
1056 238
1055 238
1054 238
1053 238
1052 238
1051 238
1050 237
1049 237
1048 237
1047 237
1046 237
1045 237
1044 237
1043 237
1042 237
