584 1849
583 1850
582 1850
581 1851
580 1852
579 1852
578 1853
577 1854
576 1854
575 1854
574 1854
574 1855
573 1856
573 1857
573 1858
573 1859
573 1860
573 1861
573 1862
573 1863
573 1864
573 1865
573 1866
573 1867
574 1868
575 1869
575 1870
576 1871
577 1872
578 1873
579 1874
580 1874
581 1875
582 1876
583 1877
584 1878
585 1879
586 1880
587 1881
588 1882
589 1883
590 1883
591 1884
592 1885
593 1885
594 1886
595 1886
596 1886
597 1886
598 1886
599 1886
600 1886
601 1886
602 1885
603 1885
604 1885
605 1885
606 1885
607 1884
608 1883
609 1883
610 1883
611 1883
612 1883
613 1882
614 1882
615 1881
616 1880
617 1879
618 1878
619 1877
620 1876
621 1875
622 1874
622 1873
622 1872
622 1871
622 1870
621 1869
621 1868
620 1867
620 1866
620 1865
620 1864
619 1863
618 1862
617 1861
616 1860
615 1859
614 1858
613 1857
612 1856
612 1855
611 1854
610 1853
609 1852
608 1851
607 1851
606 1851
605 1851
604 1850
603 1849
602 1849
601 1849
600 1849
599 1849
598 1849
597 1849
596 1849
595 1849
594 1849
593 1849
592 1849
591 1849
590 1849
589 1849
588 1849
587 1849
586 1849
585 1849
584 1849
