361 545
360 546
359 546
358 546
357 546
356 546
355 547
354 547
353 547
352 548
351 548
350 548
349 548
348 548
347 548
346 548
345 549
344 549
343 549
342 549
341 549
340 549
339 549
338 549
337 550
336 550
335 550
334 550
333 550
332 551
331 551
330 551
329 551
328 551
327 552
326 552
325 553
324 554
323 555
322 556
321 557
320 558
320 559
319 560
318 561
318 562
317 563
316 564
315 565
314 566
314 567
313 568
312 569
311 570
311 571
311 572
311 573
310 574
310 575
310 576
309 577
310 578
310 579
310 580
310 581
310 582
311 582
312 583
313 584
314 585
315 586
316 587
317 588
318 589
319 590
320 591
321 591
322 591
323 591
324 591
325 591
326 591
327 591
328 591
329 591
330 591
331 591
332 592
333 592
334 592
335 593
336 593
337 593
338 593
339 593
340 593
341 594
342 595
343 596
344 597
345 598
346 598
347 599
348 599
349 599
350 600
351 600
352 601
353 602
354 603
355 604
356 605
356 606
357 607
357 608
357 609
358 610
359 610
360 611
361 611
362 612
363 612
364 613
365 614
366 615
367 615
368 616
369 616
370 616
371 616
372 616
373 616
374 616
375 616
376 616
377 616
378 616
379 616
380 616
381 616
382 616
383 616
384 616
385 615
386 615
387 614
388 614
389 614
390 613
391 613
392 613
393 612
394 612
395 611
396 610
397 609
398 608
399 607
400 607
401 606
402 606
403 606
404 606
405 606
406 606
407 605
408 604
408 603
409 602
410 601
410 600
411 599
411 598
412 597
412 596
412 595
413 594
413 593
413 592
413 591
413 590
413 589
413 588
413 587
413 586
413 585
413 584
413 583
413 582
413 581
413 580
413 579
413 578
414 577
415 576
415 575
415 574
416 573
416 572
416 571
416 570
416 569
416 568
416 567
415 566
414 565
413 564
412 563
411 562
410 561
410 560
410 559
409 558
408 557
407 556
406 556
405 555
404 554
403 553
402 553
401 553
400 553
399 553
398 553
397 552
396 552
395 551
394 550
393 550
392 549
391 548
390 548
389 548
388 548
387 548
386 548
385 547
384 547
383 547
382 546
381 546
380 547
379 547
378 547
377 548
376 548
375 548
374 548
373 547
372 547
371 546
370 546
369 545
368 545
367 545
366 545
365 545
364 545
363 545
362 545
361 545
