586 1422
585 1423
584 1423
583 1423
582 1423
581 1423
580 1424
579 1424
578 1424
577 1425
576 1425
575 1425
574 1426
573 1426
572 1426
571 1426
570 1426
569 1426
568 1426
567 1426
566 1426
565 1426
564 1426
563 1426
562 1426
561 1426
560 1426
559 1426
558 1426
557 1426
556 1426
555 1426
554 1426
553 1426
552 1426
551 1427
550 1428
549 1428
548 1429
547 1430
546 1431
545 1432
544 1433
543 1433
542 1434
541 1434
540 1434
539 1435
538 1435
537 1436
536 1436
535 1436
534 1437
533 1437
532 1437
531 1437
530 1438
529 1438
528 1439
527 1439
526 1439
525 1439
524 1439
523 1439
522 1440
521 1440
520 1441
519 1441
519 1442
518 1443
518 1444
517 1445
517 1446
516 1447
516 1448
515 1449
514 1450
514 1451
513 1452
513 1453
512 1454
511 1455
511 1456
511 1457
511 1458
510 1459
510 1460
510 1461
509 1462
509 1463
510 1464
510 1465
510 1466
511 1467
512 1468
513 1469
514 1470
515 1471
516 1471
517 1471
518 1472
519 1472
520 1473
521 1473
522 1473
523 1474
524 1474
525 1475
526 1476
527 1476
528 1477
529 1477
530 1478
531 1479
532 1479
533 1479
534 1480
535 1480
536 1480
537 1481
538 1481
539 1482
540 1482
541 1482
542 1483
543 1484
544 1484
545 1485
546 1486
547 1486
548 1487
549 1486
550 1486
551 1486
552 1485
553 1485
554 1485
555 1484
556 1484
557 1484
558 1484
559 1484
560 1484
561 1484
562 1484
563 1485
564 1485
565 1486
566 1486
567 1487
568 1487
569 1488
570 1489
571 1490
572 1491
573 1492
574 1492
575 1493
576 1493
577 1493
578 1493
579 1493
580 1493
581 1493
582 1493
583 1493
584 1494
585 1494
586 1494
587 1494
588 1495
589 1496
590 1496
591 1497
592 1497
593 1497
594 1497
595 1497
596 1497
597 1497
598 1497
599 1497
600 1497
601 1498
602 1499
603 1500
604 1501
604 1502
605 1503
606 1503
607 1504
608 1504
609 1505
610 1505
611 1505
612 1505
613 1505
614 1505
615 1506
616 1506
617 1507
618 1508
619 1508
620 1508
621 1509
622 1509
623 1509
624 1510
625 1510
626 1510
627 1510
628 1510
629 1510
630 1511
631 1511
632 1511
633 1512
634 1511
635 1511
636 1511
637 1510
638 1510
639 1510
640 1510
641 1511
642 1511
643 1512
644 1512
645 1513
646 1514
647 1514
648 1514
649 1515
650 1516
651 1517
652 1517
653 1518
654 1518
655 1518
656 1518
657 1518
658 1518
659 1518
660 1518
661 1518
662 1518
663 1518
664 1518
665 1518
666 1518
667 1518
668 1518
669 1518
670 1519
671 1519
672 1519
673 1519
674 1519
675 1519
676 1519
677 1519
678 1519
679 1519
680 1519
681 1519
682 1518
683 1518
684 1517
685 1517
686 1517
687 1517
688 1517
689 1517
690 1517
691 1516
692 1516
693 1515
694 1514
694 1513
695 1512
696 1512
697 1512
698 1512
699 1512
700 1512
701 1512
702 1512
703 1513
704 1513
705 1513
706 1514
707 1514
708 1513
709 1513
710 1512
711 1511
712 1510
713 1510
714 1509
715 1508
716 1508
717 1507
718 1506
719 1506
720 1505
721 1505
722 1504
723 1503
724 1502
725 1502
726 1502
727 1503
728 1503
729 1503
730 1503
731 1503
732 1503
733 1503
734 1503
735 1502
736 1502
737 1501
738 1501
739 1500
740 1499
741 1499
742 1498
743 1498
744 1498
745 1497
746 1497
746 1496
747 1495
747 1494
747 1493
748 1492
748 1491
748 1490
748 1489
749 1488
749 1487
749 1486
750 1485
750 1484
751 1483
751 1482
751 1481
751 1480
751 1479
751 1478
751 1477
751 1476
751 1475
751 1474
751 1473
751 1472
750 1471
750 1470
750 1469
750 1468
750 1467
750 1466
749 1465
749 1464
749 1463
749 1462
749 1461
748 1460
748 1459
747 1458
746 1457
745 1456
744 1456
743 1456
742 1456
741 1455
740 1455
739 1454
738 1454
737 1453
736 1453
735 1453
734 1453
733 1453
732 1454
731 1454
730 1454
729 1454
728 1454
727 1454
726 1454
725 1454
724 1454
723 1454
722 1454
721 1454
720 1453
719 1452
718 1452
717 1452
716 1452
715 1452
714 1452
713 1452
712 1451
711 1451
710 1450
709 1450
708 1449
707 1449
706 1449
705 1449
704 1449
703 1448
702 1448
701 1448
700 1448
699 1447
698 1447
697 1446
696 1445
695 1445
694 1444
693 1444
692 1444
691 1444
690 1444
689 1444
688 1444
687 1444
686 1444
685 1444
684 1444
683 1444
682 1444
681 1444
680 1444
679 1444
678 1444
677 1444
676 1444
675 1444
674 1444
673 1444
672 1444
671 1444
670 1444
669 1444
668 1444
667 1443
666 1443
665 1443
664 1443
663 1443
662 1443
661 1443
660 1443
659 1442
658 1441
657 1441
656 1440
655 1439
654 1438
653 1437
652 1437
651 1436
650 1435
649 1434
648 1433
647 1432
646 1431
645 1431
644 1430
643 1429
642 1429
641 1428
640 1428
639 1428
638 1428
637 1428
636 1428
635 1428
634 1428
633 1428
632 1428
631 1428
630 1428
629 1428
628 1428
627 1428
626 1428
625 1428
624 1428
623 1427
622 1427
621 1426
620 1425
619 1425
618 1424
617 1425
616 1425
615 1425
614 1426
613 1426
612 1426
611 1427
610 1428
609 1428
608 1428
607 1428
606 1428
605 1428
604 1428
603 1428
602 1428
601 1428
600 1428
599 1428
598 1428
597 1427
596 1427
595 1426
594 1426
593 1425
592 1424
591 1423
590 1423
589 1422
588 1422
587 1422
586 1422
