618 1628
617 1629
616 1629
615 1630
614 1630
613 1631
612 1632
611 1632
610 1632
609 1633
608 1633
607 1633
606 1634
605 1634
604 1634
603 1634
602 1634
601 1634
600 1634
599 1634
598 1634
597 1634
596 1634
595 1634
594 1635
593 1635
592 1636
591 1637
590 1637
589 1638
588 1638
587 1638
586 1638
585 1638
584 1638
583 1638
582 1639
581 1640
580 1641
579 1642
578 1643
577 1644
577 1645
576 1646
575 1647
574 1648
574 1649
573 1650
573 1651
573 1652
573 1653
573 1654
573 1655
573 1656
573 1657
573 1658
573 1659
573 1660
573 1661
573 1662
573 1663
574 1664
575 1665
576 1665
577 1666
578 1666
579 1667
580 1667
581 1668
582 1668
583 1668
584 1668
585 1668
586 1668
587 1668
588 1668
589 1668
590 1669
591 1669
592 1670
593 1670
594 1671
595 1671
596 1672
597 1672
598 1673
599 1674
600 1675
601 1676
602 1677
603 1678
604 1679
605 1680
606 1681
607 1682
608 1682
609 1682
610 1683
611 1683
612 1683
613 1683
614 1683
615 1684
616 1684
617 1684
618 1684
619 1684
620 1684
621 1685
622 1685
623 1685
624 1686
625 1686
626 1687
627 1688
628 1688
629 1689
630 1689
631 1689
632 1689
633 1689
634 1689
635 1690
636 1690
637 1691
638 1691
639 1692
640 1692
641 1692
642 1692
643 1692
644 1693
645 1693
646 1693
647 1693
648 1693
649 1693
650 1693
651 1693
652 1693
653 1693
654 1693
655 1693
656 1693
657 1693
658 1693
659 1693
660 1692
661 1692
662 1692
663 1692
664 1692
665 1691
666 1691
667 1691
668 1690
669 1690
670 1689
671 1689
672 1689
673 1689
674 1689
675 1689
676 1688
677 1688
678 1688
679 1688
680 1688
681 1688
682 1687
683 1687
684 1686
685 1685
686 1685
687 1685
688 1684
689 1683
690 1682
691 1681
692 1681
693 1680
694 1679
695 1679
696 1678
697 1678
698 1678
699 1678
700 1678
701 1677
702 1677
703 1676
703 1675
704 1674
704 1673
705 1672
706 1672
707 1671
708 1670
709 1670
710 1669
711 1668
712 1667
712 1666
712 1665
713 1664
713 1663
713 1662
712 1661
712 1660
712 1659
712 1658
713 1657
713 1656
712 1655
711 1654
711 1653
710 1652
709 1651
709 1650
709 1649
709 1648
708 1647
707 1646
706 1645
706 1644
705 1643
704 1642
704 1641
703 1641
702 1640
701 1639
700 1638
699 1637
698 1637
697 1636
696 1635
695 1635
694 1634
693 1634
692 1634
691 1634
690 1633
689 1633
688 1633
687 1633
686 1633
685 1633
684 1633
683 1633
682 1633
681 1633
680 1633
679 1633
678 1633
677 1633
676 1633
675 1632
674 1632
673 1632
672 1632
671 1632
670 1632
669 1631
668 1631
667 1631
666 1631
665 1631
664 1631
663 1631
662 1631
661 1631
660 1631
659 1631
658 1631
657 1631
656 1631
655 1631
654 1631
653 1630
652 1630
651 1630
650 1629
649 1629
648 1629
647 1629
646 1629
645 1629
644 1629
643 1629
642 1629
641 1629
640 1629
639 1629
638 1629
637 1630
636 1631
635 1631
635 1632
634 1633
633 1633
632 1634
631 1634
630 1634
629 1634
628 1634
627 1634
626 1633
626 1632
625 1631
625 1630
625 1629
624 1629
623 1629
622 1629
621 1629
620 1628
619 1628
618 1628
