1090 868
1089 869
1088 869
1087 869
1086 869
1085 869
1084 869
1083 869
1082 869
1081 869
1080 869
1079 870
1078 870
1077 871
1076 871
1075 871
1074 871
1073 871
1072 871
1071 872
1070 872
1069 872
1068 873
1067 873
1066 873
1065 873
1064 873
1063 874
1062 874
1061 874
1060 874
1059 874
1058 875
1057 875
1056 875
1055 875
1054 876
1053 876
1052 876
1051 876
1050 877
1049 877
1048 877
1047 878
1046 879
1045 879
1044 880
1043 880
1042 880
1041 881
1040 881
1039 882
1038 882
1037 883
1036 884
1035 885
1035 886
1034 887
1034 888
1033 889
1033 890
1033 891
1033 892
1033 893
1033 894
1034 895
1035 896
1036 897
1037 898
1038 899
1039 899
1040 899
1041 899
1042 899
1043 899
1044 899
1045 899
1046 899
1047 899
1048 899
1049 899
1050 899
1051 899
1052 899
1053 899
1054 899
1055 899
1056 899
1057 899
1058 899
1059 899
1060 899
1061 899
1062 899
1063 899
1064 899
1065 899
1066 899
1067 899
1068 899
1069 898
1070 898
1071 898
1072 898
1073 898
1074 898
1075 898
1076 898
1077 898
1078 898
1079 898
1080 898
1081 898
1082 898
1083 898
1084 898
1085 898
1086 898
1087 898
1088 898
1089 899
1090 899
1091 899
1092 899
1093 899
1094 899
1095 899
1096 899
1097 899
1098 899
1099 899
1100 899
1101 899
1102 899
1103 899
1104 899
1105 899
1106 899
1107 899
1108 898
1109 898
1110 898
1111 897
1112 897
1113 897
1114 897
1115 897
1116 896
1117 896
1118 896
1119 895
1120 894
1121 893
1121 892
1122 891
1123 890
1123 889
1123 888
1123 887
1123 886
1123 885
1123 884
1123 883
1123 882
1123 881
1123 880
1123 879
1123 878
1123 877
1123 876
1122 875
1121 875
1120 874
1119 874
1118 873
1117 873
1116 872
1115 872
1114 871
1113 871
1112 870
1111 870
1110 869
1109 868
1108 868
1107 868
1106 868
1105 868
1104 868
1103 868
1102 868
1101 868
1100 868
1099 868
1098 868
1097 868
1096 868
1095 868
1094 868
1093 868
1092 868
1091 868
1090 868
