490 305
489 306
488 306
487 306
486 307
485 307
484 307
483 307
482 307
481 307
480 307
479 307
478 308
477 308
476 308
475 308
474 309
473 309
472 309
471 309
470 309
469 309
468 309
467 309
466 309
465 309
464 309
463 309
462 308
461 309
460 309
459 309
458 309
457 308
456 308
455 307
454 307
453 306
452 306
451 307
450 307
449 308
448 308
447 309
446 310
446 311
445 312
445 313
444 314
444 315
444 316
444 317
444 318
444 319
444 320
444 321
444 322
444 323
444 324
445 325
445 326
446 327
447 327
448 327
449 327
450 328
450 329
450 330
450 331
450 332
450 333
451 334
451 335
451 336
452 337
452 338
453 339
454 340
455 341
455 342
455 343
455 344
455 345
456 346
456 347
457 348
457 349
457 350
458 351
458 352
459 353
460 354
460 355
461 356
462 357
462 358
463 358
464 359
465 359
466 359
467 360
468 360
469 360
470 360
471 361
472 362
472 363
473 364
473 365
474 365
475 366
476 366
477 366
478 366
479 367
480 367
481 367
482 367
483 367
484 367
485 367
486 367
487 367
488 367
489 368
490 368
491 368
492 368
493 368
494 368
495 368
496 368
497 368
498 368
499 368
500 367
501 367
502 366
503 366
504 366
505 365
506 365
507 365
508 365
509 365
510 365
511 365
512 365
513 365
514 365
515 365
516 365
517 365
518 365
519 365
520 365
521 365
522 365
523 365
524 365
525 365
526 366
527 366
528 366
529 366
530 367
531 368
532 368
533 368
534 369
535 369
536 370
537 370
538 371
539 371
540 372
541 372
542 372
543 372
544 371
545 371
546 371
547 371
548 371
549 371
550 371
551 371
552 371
553 370
554 370
555 370
556 370
557 369
558 369
559 369
560 368
561 368
562 368
563 367
564 367
565 367
566 367
567 367
568 367
569 366
570 366
571 366
572 365
573 365
574 365
575 365
576 365
577 364
578 364
579 363
580 363
581 362
582 361
583 360
584 360
585 359
586 359
587 359
588 358
589 358
589 357
590 356
590 355
591 354
591 353
592 352
592 351
592 350
592 349
593 348
593 347
593 346
593 345
593 344
593 343
593 342
593 341
593 340
593 339
593 338
593 337
593 336
593 335
593 334
592 333
591 332
591 331
590 330
589 329
589 328
588 327
587 326
586 325
585 324
584 323
583 323
582 322
581 322
580 321
579 320
578 320
577 320
576 320
575 320
574 320
573 319
572 319
571 319
570 318
569 318
568 318
567 318
566 318
565 318
564 318
563 318
562 317
561 317
560 317
559 317
558 316
557 316
556 316
555 316
554 316
553 316
552 316
551 316
550 316
549 315
548 315
547 315
546 315
545 314
544 314
543 314
542 313
541 313
540 313
539 313
538 312
537 312
536 312
535 311
534 310
533 310
532 310
531 309
530 309
529 309
528 308
527 308
526 308
525 307
524 307
523 307
522 307
521 307
520 307
519 307
518 306
517 306
516 306
515 306
514 305
513 305
512 305
511 305
510 305
509 305
508 305
507 305
506 305
505 305
504 305
503 305
502 305
501 305
500 305
499 305
498 305
497 305
496 305
495 305
494 305
493 305
492 305
491 305
490 305
