691 1470
690 1471
689 1471
688 1471
687 1472
686 1472
685 1472
684 1473
683 1473
682 1473
681 1473
680 1473
679 1474
678 1475
677 1476
677 1477
677 1478
677 1479
677 1480
677 1481
678 1482
679 1483
680 1484
681 1484
682 1485
683 1485
684 1486
685 1487
686 1487
687 1488
688 1489
689 1489
690 1490
691 1490
692 1491
693 1491
694 1492
695 1492
696 1493
697 1493
698 1493
699 1494
700 1495
701 1496
702 1497
703 1498
704 1498
705 1499
706 1500
707 1500
708 1500
709 1501
710 1501
711 1501
712 1502
713 1502
714 1503
715 1504
716 1504
717 1504
718 1504
719 1505
720 1505
721 1506
722 1507
723 1507
724 1508
725 1508
726 1508
727 1508
728 1508
729 1508
730 1508
731 1508
732 1508
733 1509
734 1509
735 1509
736 1509
737 1509
738 1509
739 1509
740 1509
741 1509
742 1509
743 1509
744 1509
745 1509
746 1509
747 1508
748 1508
749 1507
750 1507
751 1507
752 1507
753 1507
754 1506
755 1506
756 1506
757 1505
758 1505
759 1504
760 1504
761 1503
762 1503
763 1502
763 1501
764 1500
765 1499
765 1498
766 1497
766 1496
767 1495
767 1494
768 1493
768 1492
768 1491
768 1490
768 1489
768 1488
768 1487
768 1486
767 1485
766 1484
766 1483
765 1482
765 1481
764 1480
763 1479
762 1478
761 1478
760 1477
759 1477
758 1476
757 1476
756 1476
755 1475
754 1475
753 1474
752 1474
751 1473
750 1473
749 1473
748 1473
747 1473
746 1473
745 1473
744 1473
743 1473
742 1473
741 1473
740 1473
739 1473
738 1473
737 1473
736 1473
735 1473
734 1473
733 1473
732 1473
731 1473
730 1473
729 1473
728 1473
727 1473
726 1473
725 1473
724 1473
723 1473
722 1473
721 1473
720 1473
719 1473
718 1472
717 1472
716 1472
715 1472
714 1472
713 1472
712 1472
711 1471
710 1471
709 1471
708 1470
707 1470
706 1470
705 1470
704 1470
703 1470
702 1470
701 1470
700 1470
699 1470
698 1470
697 1470
696 1470
695 1470
694 1470
693 1470
692 1470
691 1470
