883 982
882 983
881 983
880 983
879 984
878 984
877 984
876 985
875 985
874 985
873 985
872 986
871 986
870 986
869 986
868 987
867 987
866 988
865 989
864 990
863 991
862 992
861 993
861 994
861 995
860 996
860 997
860 998
859 999
859 1000
858 1001
858 1002
858 1003
858 1004
858 1005
857 1006
857 1007
856 1008
856 1009
855 1010
855 1011
855 1012
854 1013
854 1014
853 1015
852 1016
852 1017
851 1018
851 1019
851 1020
850 1021
850 1022
850 1023
850 1024
850 1025
850 1026
851 1027
851 1028
851 1029
852 1030
852 1031
852 1032
852 1033
852 1034
853 1034
854 1034
855 1034
856 1034
857 1034
858 1033
859 1033
860 1033
861 1033
862 1033
863 1033
864 1032
865 1032
866 1031
867 1031
868 1030
869 1029
870 1029
871 1028
872 1028
873 1028
874 1028
875 1028
876 1028
877 1028
878 1028
879 1028
880 1028
881 1029
882 1029
883 1029
884 1029
885 1029
886 1029
887 1029
888 1029
889 1029
890 1029
891 1029
892 1029
893 1029
894 1029
895 1029
896 1029
897 1028
898 1028
899 1028
900 1028
901 1028
902 1028
903 1029
904 1029
905 1029
906 1029
907 1029
908 1029
909 1029
910 1029
911 1029
912 1029
913 1029
914 1029
915 1029
916 1028
917 1028
918 1027
919 1027
920 1027
921 1026
922 1026
923 1026
924 1025
925 1025
926 1024
927 1024
927 1023
928 1022
929 1021
930 1021
931 1020
932 1019
933 1019
934 1018
935 1017
936 1016
937 1015
937 1014
937 1013
938 1012
938 1011
938 1010
938 1009
939 1008
939 1007
939 1006
939 1005
938 1004
938 1003
938 1002
937 1001
937 1000
936 999
935 998
934 997
934 996
933 995
933 994
932 993
931 992
930 991
929 990
928 989
927 988
926 987
925 987
924 986
923 986
922 985
921 985
920 985
919 984
918 984
917 984
916 984
915 984
914 983
913 983
912 983
911 983
910 983
909 983
908 983
907 983
906 983
905 983
904 983
903 983
902 983
901 983
900 983
899 983
898 983
897 983
896 983
895 983
894 983
893 982
892 982
891 982
890 982
889 982
888 982
887 982
886 982
885 982
884 982
883 982
