1102 849
1101 850
1100 850
1099 850
1098 850
1097 851
1097 852
1097 853
1097 854
1097 855
1098 856
1099 857
1099 858
1100 859
1101 860
1101 861
1102 862
1103 863
1103 864
1103 865
1103 866
1103 867
1103 868
1104 869
1104 870
1105 870
1106 871
1107 872
1108 873
1109 874
1110 875
1110 876
1111 877
1112 878
1112 879
1112 880
1112 881
1113 882
1113 883
1114 884
1115 885
1116 885
1117 886
1118 886
1119 886
1120 887
1121 887
1122 888
1123 889
1124 890
1125 891
1126 892
1127 893
1128 894
1129 895
1130 896
1131 897
1132 897
1133 898
1134 898
1135 899
1136 899
1137 900
1138 900
1139 900
1140 900
1141 900
1142 900
1143 901
1144 901
1145 901
1146 901
1147 901
1148 901
1149 901
1150 901
1151 901
1152 901
1153 901
1154 901
1155 902
1156 902
1157 902
1158 903
1159 903
1160 903
1161 903
1162 903
1163 903
1164 903
1165 903
1166 903
1167 903
1168 903
1169 904
1170 904
1171 904
1172 904
1173 904
1174 904
1175 905
1176 905
1177 905
1178 906
1179 906
1180 906
1181 906
1182 907
1183 907
1184 907
1185 908
1186 908
1187 908
1188 908
1189 908
1190 909
1191 910
1192 910
1193 910
1194 910
1195 910
1196 910
1197 910
1198 910
1199 909
1200 909
1201 909
1202 909
1203 909
1204 909
1205 909
1206 909
1207 909
1208 909
1209 908
1210 908
1211 908
1212 907
1213 907
1214 906
1215 905
1216 904
1217 904
1218 903
1219 902
1220 902
1221 901
1222 900
1223 899
1224 898
1225 898
1226 897
1227 896
1228 895
1229 894
1230 893
1231 892
1232 891
1233 890
1233 889
1234 888
1234 887
1235 886
1235 885
1235 884
1235 883
1235 882
1235 881
1235 880
1235 879
1235 878
1235 877
1235 876
1234 875
1234 874
1233 873
1232 872
1231 871
1230 870
1229 869
1229 868
1228 867
1227 866
1226 866
1225 865
1224 865
1223 865
1222 865
1221 864
1220 864
1219 864
1218 864
1217 863
1216 863
1215 863
1214 863
1213 863
1212 863
1211 862
1210 862
1209 862
1208 861
1207 861
1206 861
1205 860
1204 860
1203 859
1202 859
1201 858
1200 858
1199 858
1198 858
1197 858
1196 857
1195 857
1194 857
1193 857
1192 857
1191 857
1190 857
1189 857
1188 857
1187 857
1186 857
1185 857
1184 857
1183 857
1182 857
1181 858
1180 858
1179 858
1178 858
1177 858
1176 858
1175 859
1174 859
1173 860
1172 860
1171 860
1170 860
1169 860
1168 861
1167 861
1166 861
1165 862
1164 862
1163 862
1162 862
1161 862
1160 862
1159 862
1158 862
1157 862
1156 862
1155 862
1154 862
1153 862
1152 862
1151 862
1150 862
1149 862
1148 862
1147 862
1146 862
1145 862
1144 862
1143 862
1142 862
1141 862
1140 862
1139 862
1138 862
1137 862
1136 862
1135 862
1134 862
1133 862
1132 862
1131 862
1130 862
1129 862
1128 862
1127 862
1126 861
1125 861
1124 861
1123 860
1122 860
1121 860
1120 860
1119 859
1118 858
1117 858
1116 857
1115 856
1114 855
1113 854
1112 853
1111 852
1110 851
1109 850
1108 849
1107 849
1106 849
1105 849
1104 849
1103 849
1102 849
