1515 983
1514 984
1513 984
1512 985
1511 986
1510 986
1509 986
1508 985
1507 984
1506 984
1505 985
1504 986
1503 986
1502 987
1501 987
1500 988
1499 989
1498 989
1497 989
1496 990
1495 990
1494 991
1493 992
1492 992
1491 993
1490 994
1489 994
1488 995
1487 995
1486 995
1485 996
1484 996
1483 996
1482 997
1481 997
1480 997
1479 997
1478 998
1477 999
1476 1000
1475 1001
1474 1002
1473 1003
1473 1004
1472 1005
1471 1006
1470 1007
1469 1008
1468 1009
1467 1010
1466 1011
1465 1012
1464 1013
1463 1014
1462 1015
1462 1016
1461 1017
1461 1018
1461 1019
1460 1020
1461 1021
1461 1022
1462 1023
1462 1024
1463 1025
1464 1026
1465 1027
1466 1028
1467 1029
1468 1030
1469 1030
1470 1030
1471 1030
1472 1030
1473 1030
1474 1029
1475 1029
1476 1029
1477 1029
1478 1029
1479 1029
1480 1029
1481 1029
1482 1029
1483 1029
1484 1029
1485 1029
1486 1029
1487 1029
1488 1029
1489 1029
1490 1029
1491 1029
1492 1029
1493 1029
1494 1029
1495 1029
1496 1029
1497 1029
1498 1030
1499 1030
1500 1030
1501 1030
1502 1030
1503 1030
1504 1030
1505 1030
1506 1030
1507 1031
1508 1031
1509 1032
1510 1033
1510 1034
1511 1035
1511 1036
1512 1037
1513 1038
1514 1039
1515 1040
1516 1041
1517 1041
1518 1042
1519 1042
1520 1042
1521 1042
1522 1042
1523 1042
1524 1042
1525 1042
1526 1042
1527 1042
1528 1042
1529 1042
1530 1042
1531 1042
1532 1042
1533 1043
1534 1043
1535 1043
1536 1043
1537 1043
1538 1043
1539 1043
1540 1043
1541 1043
1542 1043
1543 1043
1544 1043
1545 1043
1546 1043
1547 1043
1548 1043
1549 1043
1550 1043
1551 1043
1552 1043
1553 1043
1554 1043
1555 1044
1556 1044
1557 1044
1558 1044
1559 1044
1560 1044
1561 1044
1562 1044
1563 1044
1564 1045
1565 1046
1566 1046
1567 1046
1568 1047
1569 1047
1570 1047
1571 1047
1572 1047
1573 1047
1574 1046
1575 1046
1576 1046
1577 1045
1578 1045
1579 1044
1580 1043
1581 1043
1582 1043
1583 1042
1584 1042
1584 1041
1585 1040
1585 1039
1585 1038
1586 1037
1586 1036
1587 1035
1587 1034
1588 1033
1588 1032
1589 1031
1590 1030
1590 1029
1591 1028
1592 1027
1592 1026
1593 1025
1593 1024
1594 1023
1594 1022
1595 1021
1596 1020
1596 1019
1596 1018
1596 1017
1596 1016
1596 1015
1595 1014
1594 1013
1593 1012
1592 1012
1591 1012
1590 1012
1589 1011
1588 1011
1587 1011
1586 1010
1585 1010
1584 1009
1583 1009
1582 1008
1581 1007
1580 1007
1579 1006
1578 1006
1577 1005
1576 1005
1575 1004
1574 1004
1573 1003
1572 1003
1571 1002
1570 1002
1569 1002
1568 1002
1567 1002
1566 1001
1565 1001
1564 1001
1563 1000
1562 1000
1561 1000
1560 1000
1559 1000
1558 999
1557 999
1556 999
1555 999
1554 998
1553 998
1552 998
1551 998
1550 998
1549 998
1548 997
1547 997
1546 997
1545 996
1544 996
1543 995
1542 995
1541 995
1540 994
1539 994
1538 993
1537 992
1536 991
1535 991
1534 990
1533 989
1532 989
1531 989
1530 989
1529 989
1528 989
1527 989
1526 989
1525 988
1524 987
1523 986
1522 985
1521 984
1520 984
1519 983
1518 983
1517 983
1516 983
1515 983
