269 594
268 595
267 595
266 596
265 597
264 598
263 599
262 599
261 600
260 600
259 600
258 600
257 601
256 602
255 603
255 604
254 605
254 606
254 607
253 608
253 609
252 610
252 611
253 612
253 613
252 614
252 615
253 616
253 617
253 618
253 619
253 620
253 621
253 622
254 622
255 623
256 624
257 625
257 626
258 627
259 628
259 629
259 630
260 631
261 632
262 632
263 633
264 633
265 633
266 634
267 634
268 635
269 635
270 635
271 635
272 635
273 635
274 635
275 635
276 635
277 634
278 634
279 634
280 634
281 634
282 634
283 634
284 634
285 634
286 634
287 634
288 634
289 634
290 634
291 634
292 634
293 634
294 634
295 634
296 633
297 633
298 633
299 633
300 633
301 633
302 633
303 632
304 632
305 632
306 632
307 631
308 631
309 631
310 631
311 631
312 631
313 631
314 630
315 630
316 630
317 630
318 630
319 630
320 630
321 629
322 629
323 629
324 628
325 628
326 627
327 627
328 626
329 626
330 625
331 625
332 624
333 623
334 622
335 622
336 621
336 620
337 619
337 618
338 617
338 616
338 615
338 614
338 613
338 612
337 611
336 610
336 609
335 608
334 608
333 607
332 606
331 606
330 605
329 605
328 605
327 604
326 604
325 604
324 604
323 604
322 604
321 604
320 603
319 603
318 603
317 603
316 602
315 602
314 602
313 602
312 601
311 601
310 600
309 600
308 599
307 599
306 599
305 599
304 599
303 599
302 599
301 599
300 599
299 599
298 598
297 598
296 598
295 597
294 597
293 597
292 597
291 596
290 596
289 596
288 596
287 596
286 596
285 596
284 595
283 594
282 594
281 594
280 594
279 594
278 594
277 594
276 594
275 594
274 594
273 594
272 594
271 594
270 594
269 594
