271 19
270 20
269 20
268 20
267 20
266 20
265 21
264 21
263 21
262 22
261 22
260 22
259 22
258 23
257 23
256 23
255 23
254 23
253 24
252 24
251 24
250 24
249 24
248 24
247 25
246 25
245 25
244 26
243 26
242 26
241 26
240 26
239 26
238 26
237 26
236 26
235 26
234 26
233 27
232 27
231 27
230 27
229 27
228 27
227 27
226 27
225 27
224 27
223 27
222 27
221 27
220 27
219 28
218 28
217 28
216 28
215 28
214 28
213 28
212 28
211 28
210 28
209 29
208 29
207 30
206 30
205 31
204 31
203 31
202 32
201 32
200 32
199 33
198 33
197 33
196 34
195 35
194 35
193 36
192 36
191 37
190 37
189 37
188 37
187 38
186 39
185 39
184 39
183 40
182 40
181 40
180 41
179 41
178 41
177 41
176 41
175 41
174 41
173 41
172 41
171 41
170 41
169 42
168 43
167 44
166 45
165 46
165 47
164 48
163 49
162 50
161 51
160 52
159 53
158 54
157 55
156 56
155 57
154 58
153 59
152 60
151 61
150 62
149 62
148 63
147 64
146 65
145 66
144 67
143 68
142 69
141 70
140 71
139 72
138 73
137 73
136 74
135 75
134 76
133 76
132 77
131 78
130 78
129 78
128 79
127 79
126 79
125 80
124 80
123 81
122 82
121 83
120 84
119 84
118 85
117 86
116 86
115 87
114 88
113 88
112 89
111 90
110 91
110 92
109 93
108 94
107 95
107 96
106 97
105 98
105 99
104 100
103 101
103 102
103 103
103 104
103 105
104 106
104 107
104 108
104 109
105 110
105 111
106 112
106 113
107 114
107 115
107 116
107 117
108 118
108 119
108 120
109 121
109 122
110 123
110 124
111 124
112 125
113 125
114 125
115 125
116 125
117 125
118 125
119 125
120 125
121 124
122 124
123 124
124 123
125 123
126 123
127 123
128 123
129 123
130 123
131 123
132 122
133 122
134 122
135 122
136 122
137 122
138 122
139 121
140 121
141 120
142 120
143 120
144 119
145 119
146 119
147 119
148 119
149 119
150 119
151 119
152 119
153 119
154 119
155 119
156 119
157 119
158 119
159 119
160 119
161 119
162 119
163 119
164 119
165 119
166 119
167 119
168 119
169 119
170 120
171 120
172 120
173 121
174 121
175 121
176 121
177 121
178 121
179 121
180 121
181 121
182 121
183 122
184 122
185 122
186 122
187 122
188 122
189 122
190 122
191 122
192 122
193 122
194 122
195 122
196 122
197 122
198 122
199 122
200 122
201 122
202 122
203 122
204 122
205 122
206 122
207 122
208 122
209 122
210 122
211 123
212 123
213 123
214 123
215 123
216 124
217 124
218 124
219 125
220 125
221 125
222 125
223 125
224 125
225 125
226 125
227 126
228 126
229 126
230 126
231 126
232 126
233 126
234 126
235 126
236 126
237 126
238 126
239 126
240 127
241 127
242 127
243 128
244 128
245 128
246 128
247 128
248 128
249 129
250 129
251 129
252 129
253 129
254 130
255 130
256 130
257 130
258 131
259 132
260 132
261 133
262 133
263 133
264 134
265 134
266 135
267 135
268 135
269 135
270 136
271 136
272 135
273 135
274 135
275 135
276 135
277 135
278 135
279 136
280 136
281 136
282 137
283 137
284 138
285 138
286 139
287 139
288 139
289 139
290 139
291 139
292 139
293 139
294 139
295 139
296 139
297 139
298 139
299 139
300 139
301 140
302 140
303 140
304 140
305 140
306 140
307 140
308 141
309 141
310 141
311 141
312 141
313 142
314 142
315 143
316 143
317 143
318 143
319 143
320 143
321 143
322 143
323 143
324 143
325 143
326 144
327 144
328 144
329 145
330 145
331 146
332 146
333 147
334 148
335 148
336 147
337 147
338 147
339 148
340 148
341 148
342 149
343 149
344 149
345 150
346 149
347 149
348 149
349 150
350 150
351 150
352 150
353 150
354 150
355 150
356 150
357 150
358 150
359 150
360 150
361 150
362 150
363 151
364 151
365 151
366 151
367 151
368 151
369 151
370 151
371 151
372 151
373 151
374 151
375 151
376 151
377 151
378 151
379 151
380 150
381 150
382 150
383 149
384 149
385 148
386 147
387 147
388 146
389 145
390 144
391 143
392 143
393 142
394 141
395 140
396 139
397 139
398 138
399 138
400 138
401 137
402 137
403 136
404 136
405 136
406 135
407 135
408 135
409 134
410 134
411 133
412 132
413 132
414 131
415 130
416 129
417 128
418 127
419 126
420 125
421 125
421 124
422 123
423 122
424 121
425 120
426 119
426 118
427 117
427 116
427 115
428 114
428 113
428 112
428 111
428 110
427 109
426 108
426 107
425 106
424 105
423 104
423 103
422 102
422 101
422 100
421 99
421 98
420 97
420 96
420 95
420 94
421 93
421 92
421 91
421 90
421 89
421 88
421 87
420 86
419 85
419 84
418 83
417 82
417 81
416 80
415 79
415 78
415 77
414 76
414 75
413 74
413 73
412 72
411 71
410 70
409 69
408 68
407 67
407 66
406 65
405 65
404 64
404 63
403 62
402 62
401 61
400 60
400 59
399 58
398 58
397 57
396 56
395 56
394 56
393 56
392 55
391 55
390 55
389 54
388 55
387 55
386 55
385 54
384 54
383 54
382 53
381 52
380 52
379 51
378 51
377 51
376 50
375 50
374 50
373 50
372 50
371 50
370 49
369 49
368 49
367 49
366 48
365 48
364 47
363 46
362 46
361 46
360 45
359 45
358 45
357 45
356 45
355 45
354 45
353 45
352 45
351 45
350 45
349 45
348 45
347 44
346 44
345 44
344 44
343 44
342 44
341 44
340 44
339 44
338 44
337 44
336 44
335 44
334 44
333 44
332 44
331 44
330 44
329 44
328 44
327 44
326 44
325 44
324 44
323 44
322 44
321 44
320 44
319 44
318 44
317 44
316 43
315 43
314 42
313 41
312 40
311 39
310 38
309 37
308 36
307 36
306 35
305 34
304 33
303 33
302 32
301 31
300 30
299 30
298 30
297 30
296 30
295 29
294 29
293 29
292 28
291 28
290 28
289 27
288 27
287 27
286 26
285 26
284 25
283 24
282 24
281 24
280 24
279 23
278 22
277 22
276 22
275 21
274 21
273 21
272 20
271 19
