116 871
115 872
114 872
113 872
112 872
111 872
110 872
109 872
108 872
107 872
106 872
105 872
104 872
103 872
102 872
101 872
100 872
99 872
98 872
97 872
96 873
95 873
94 873
93 874
92 874
91 874
90 874
89 874
88 874
87 874
86 875
85 875
84 875
83 875
82 875
81 875
80 875
79 875
78 875
77 875
76 875
75 875
74 875
73 875
72 875
71 875
70 875
69 875
68 876
67 876
66 877
65 878
64 878
63 879
62 879
61 879
60 880
59 880
58 880
57 880
56 880
55 880
54 881
53 881
52 882
52 883
52 884
52 885
52 886
52 887
53 888
53 889
54 889
55 890
56 890
57 891
58 892
59 893
60 894
60 895
61 896
61 897
62 898
62 899
63 900
64 901
65 901
66 901
67 902
68 902
69 902
70 903
71 903
72 904
73 904
74 904
75 904
76 904
77 904
78 905
79 906
80 906
81 907
82 908
83 908
84 909
85 910
86 910
87 910
88 911
89 911
90 911
91 911
92 911
93 912
94 912
95 912
96 912
97 912
98 912
99 912
100 912
101 912
102 912
103 912
104 912
105 913
106 913
107 913
108 913
109 913
110 913
111 913
112 913
113 913
114 914
115 914
116 914
117 915
118 915
119 915
120 915
121 915
122 915
123 915
124 915
125 915
126 915
127 916
128 916
129 916
130 916
131 916
132 916
133 916
134 916
135 916
136 916
137 916
138 916
139 916
140 916
141 916
142 916
143 916
144 916
145 916
146 916
147 916
148 916
149 916
150 916
151 916
152 916
153 916
154 916
155 916
156 916
157 916
158 916
159 916
160 916
161 916
162 916
163 916
164 916
165 916
166 916
167 916
168 916
169 916
170 916
171 916
172 916
173 916
174 916
175 915
176 915
177 915
178 915
179 915
180 915
181 914
182 914
183 914
184 913
185 913
186 913
187 913
188 913
189 913
190 913
191 913
192 913
193 913
194 912
195 912
196 912
197 912
198 912
199 912
200 911
201 911
202 911
203 911
204 910
205 910
205 909
205 908
206 907
206 906
206 905
207 904
207 903
207 902
207 901
207 900
207 899
207 898
207 897
207 896
207 895
207 894
207 893
207 892
206 891
206 890
206 889
205 888
205 887
205 886
205 885
204 884
203 883
202 882
201 881
200 880
199 879
198 878
197 877
196 877
195 876
194 876
193 876
192 876
191 875
190 875
189 875
188 875
187 874
186 874
185 874
184 873
183 873
182 872
181 872
180 872
179 872
178 872
177 872
176 872
175 873
174 873
173 873
172 874
171 874
170 874
169 874
168 874
167 874
166 874
165 874
164 874
163 874
162 875
161 875
160 875
159 875
158 875
157 875
156 875
155 875
154 875
153 875
152 875
151 875
150 874
149 874
148 874
147 873
146 873
145 872
144 872
143 872
142 872
141 872
140 872
139 872
138 871
137 871
136 871
135 871
134 871
133 871
132 871
131 871
130 871
129 871
128 871
127 871
126 871
125 871
124 871
123 871
122 871
121 871
120 871
119 871
118 871
117 871
116 871
