1133 1021
1132 1022
1131 1023
1130 1024
1129 1024
1128 1025
1127 1026
1126 1027
1125 1028
1124 1029
1123 1030
1123 1031
1122 1032
1121 1033
1120 1034
1119 1035
1119 1036
1118 1037
1117 1038
1116 1039
1115 1040
1114 1040
1114 1041
1113 1042
1112 1042
1112 1043
1111 1044
1110 1045
1109 1045
1108 1046
1107 1046
1106 1047
1105 1047
1104 1047
1103 1047
1102 1048
1101 1049
1100 1049
1099 1050
1098 1051
1097 1051
1096 1052
1095 1052
1094 1053
1093 1053
1092 1054
1091 1055
1090 1056
1089 1057
1088 1058
1087 1059
1086 1060
1085 1061
1084 1061
1083 1062
1082 1062
1081 1062
1080 1063
1079 1064
1078 1065
1077 1066
1077 1067
1077 1068
1076 1069
1075 1070
1075 1071
1075 1072
1074 1073
1074 1074
1074 1075
1074 1076
1074 1077
1074 1078
1074 1079
1074 1080
1074 1081
1074 1082
1074 1083
1074 1084
1074 1085
1074 1086
1074 1087
1074 1088
1074 1089
1075 1090
1075 1091
1075 1092
1076 1093
1076 1094
1076 1095
1076 1096
1076 1097
1076 1098
1077 1099
1077 1100
1077 1101
1078 1102
1078 1103
1078 1104
1078 1105
1078 1106
1078 1107
1078 1108
1078 1109
1078 1110
1078 1111
1078 1112
1078 1113
1078 1114
1078 1115
1078 1116
1078 1117
1078 1118
1078 1119
1078 1120
1078 1121
1078 1122
1078 1123
1078 1124
1078 1125
1078 1126
1077 1127
1077 1128
1077 1129
1076 1130
1075 1131
1075 1132
1074 1133
1074 1134
1073 1135
1072 1136
1072 1137
1072 1138
1071 1139
1071 1140
1070 1141
1070 1142
1069 1143
1068 1144
1067 1145
1067 1146
1066 1147
1066 1148
1066 1149
1065 1150
1065 1151
1064 1152
1063 1153
1062 1154
1061 1155
1061 1156
1060 1157
1060 1158
1059 1159
1059 1160
1059 1161
1059 1162
1059 1163
1059 1164
1060 1165
1060 1166
1060 1167
1060 1168
1060 1169
1060 1170
1060 1171
1060 1172
1060 1173
1061 1174
1061 1175
1062 1176
1063 1177
1063 1178
1064 1179
1064 1180
1064 1181
1064 1182
1064 1183
1064 1184
1064 1185
1064 1186
1064 1187
1064 1188
1064 1189
1064 1190
1064 1191
1064 1192
1064 1193
1064 1194
1064 1195
1064 1196
1064 1197
1065 1198
1065 1199
1066 1200
1067 1201
1067 1202
1067 1203
1067 1204
1067 1205
1067 1206
1067 1207
1067 1208
1068 1209
1068 1210
1068 1211
1069 1212
1069 1213
1069 1214
1070 1215
1070 1216
1070 1217
1071 1218
1072 1219
1072 1220
1072 1221
1073 1222
1074 1223
1074 1224
1074 1225
1075 1226
1075 1227
1075 1228
1075 1229
1076 1230
1076 1231
1077 1232
1077 1233
1077 1234
1077 1235
1078 1236
1078 1237
1078 1238
1078 1239
1078 1240
1078 1241
1078 1242
1079 1243
1079 1244
1079 1245
1079 1246
1080 1247
1080 1248
1081 1249
1081 1250
1081 1251
1081 1252
1081 1253
1081 1254
1081 1255
1081 1256
1081 1257
1081 1258
1081 1259
1081 1260
1081 1261
1081 1262
1081 1263
1081 1264
1081 1265
1081 1266
1081 1267
1081 1268
1081 1269
1081 1270
1081 1271
1082 1272
1082 1273
1082 1274
1083 1275
1083 1276
1083 1277
1083 1278
1083 1279
1084 1280
1084 1281
1085 1282
1086 1283
1087 1284
1088 1285
1089 1286
1090 1287
1091 1288
1091 1289
1092 1290
1093 1291
1093 1292
1094 1293
1095 1294
1096 1295
1097 1295
1098 1296
1099 1297
1100 1297
1101 1298
1102 1299
1103 1300
1104 1301
1105 1302
1106 1302
1107 1303
1108 1303
1109 1304
1110 1304
1111 1304
1112 1304
1113 1305
1114 1305
1115 1306
1116 1306
1117 1307
1118 1308
1119 1309
1120 1310
1121 1311
1121 1312
1122 1313
1122 1314
1122 1315
1122 1316
1122 1317
1122 1318
1123 1319
1123 1320
1124 1320
1125 1321
1126 1322
1127 1322
1128 1322
1129 1323
1130 1323
1131 1323
1132 1324
1133 1324
1134 1324
1135 1324
1136 1325
1137 1325
1138 1325
1139 1326
1140 1326
1141 1326
1142 1326
1143 1326
1144 1326
1145 1326
1146 1326
1147 1326
1148 1327
1149 1327
1150 1327
1151 1327
1152 1328
1153 1328
1154 1329
1155 1329
1156 1329
1157 1329
1158 1330
1159 1330
1160 1330
1161 1330
1162 1330
1163 1330
1164 1330
1165 1330
1166 1330
1167 1331
1168 1331
1169 1332
1170 1332
1171 1332
1172 1333
1173 1333
1174 1333
1175 1334
1176 1334
1177 1334
1178 1335
1179 1335
1180 1336
1181 1336
1182 1336
1183 1336
1184 1337
1185 1337
1186 1338
1187 1338
1188 1339
1189 1339
1190 1340
1191 1340
1192 1340
1193 1340
1194 1339
1195 1339
1196 1338
1197 1338
1198 1337
1199 1336
1200 1336
1201 1335
1202 1334
1203 1333
1204 1332
1205 1331
1206 1330
1207 1329
1208 1328
1209 1327
1210 1326
1211 1325
1212 1324
1213 1323
1214 1323
1215 1322
1216 1321
1217 1321
1218 1320
1219 1319
1220 1318
1221 1317
1222 1316
1223 1315
1224 1314
1225 1313
1226 1313
1227 1312
1228 1311
1229 1311
1230 1311
1231 1310
1232 1310
1233 1310
1234 1310
1235 1310
1236 1310
1237 1310
1238 1310
1239 1311
1240 1311
1241 1311
1242 1311
1243 1312
1244 1312
1245 1312
1246 1312
1247 1312
1248 1312
1249 1312
1250 1312
1251 1312
1252 1312
1253 1312
1254 1313
1255 1313
1256 1313
1257 1314
1258 1314
1259 1314
1260 1314
1261 1314
1262 1314
1263 1314
1264 1314
1265 1314
1266 1314
1267 1314
1268 1314
1269 1314
1270 1314
1271 1314
1272 1314
1273 1314
1274 1314
1275 1314
1276 1314
1277 1314
1278 1314
1279 1314
1280 1314
1281 1314
1282 1314
1283 1314
1284 1314
1285 1314
1286 1314
1287 1314
1288 1314
1289 1314
1290 1314
1291 1314
1292 1313
1293 1313
1294 1312
1295 1311
1296 1311
1297 1310
1298 1310
1299 1310
1300 1309
1301 1309
1302 1309
1303 1309
1304 1309
1305 1309
1306 1309
1307 1310
1308 1310
1309 1311
1310 1311
1311 1311
1312 1311
1313 1312
1314 1312
1315 1312
1316 1312
1317 1312
1318 1312
1319 1312
1320 1311
1321 1311
1322 1311
1323 1311
1324 1310
1325 1310
1326 1309
1327 1309
1328 1308
1329 1307
1330 1306
1331 1306
1332 1305
1333 1305
1334 1305
1335 1305
1336 1304
1337 1304
1338 1304
1339 1303
1340 1303
1341 1303
1342 1303
1343 1303
1344 1302
1345 1302
1346 1302
1347 1301
1348 1301
1349 1301
1350 1301
1351 1300
1352 1300
1353 1300
1354 1300
1355 1299
1356 1299
1357 1299
1358 1298
1359 1298
1360 1298
1361 1297
1362 1297
1363 1297
1364 1296
1365 1296
1366 1296
1367 1296
1368 1295
1369 1295
1370 1295
1371 1295
1372 1294
1373 1294
1374 1294
1375 1294
1376 1294
1377 1294
1378 1294
1379 1294
1380 1294
1381 1294
1382 1294
1383 1294
1384 1294
1385 1294
1386 1294
1387 1294
1388 1294
1389 1294
1390 1294
1391 1294
1392 1294
1393 1294
1394 1294
1395 1294
1396 1294
1397 1294
1398 1294
1399 1294
1400 1294
1401 1294
1402 1294
1403 1294
1404 1294
1405 1293
1406 1293
1407 1293
1408 1293
1409 1293
1410 1293
1411 1292
1412 1292
1413 1292
1414 1291
1415 1291
1416 1291
1417 1291
1418 1291
1419 1291
1420 1291
1421 1291
1422 1291
1423 1291
1424 1291
1425 1291
1426 1291
1427 1291
1428 1291
1429 1291
1430 1291
1431 1292
1432 1292
1433 1292
1434 1293
1435 1293
1436 1293
1437 1293
1438 1293
1439 1293
1440 1293
1441 1293
1442 1293
1443 1293
1444 1293
1445 1293
1446 1292
1447 1292
1448 1292
1449 1291
1450 1290
1451 1290
1452 1289
1453 1288
1453 1287
1454 1286
1454 1285
1455 1284
1455 1283
1455 1282
1455 1281
1456 1280
1456 1279
1457 1278
1457 1277
1457 1276
1458 1275
1458 1274
1458 1273
1459 1272
1460 1271
1460 1270
1461 1269
1462 1268
1462 1267
1463 1266
1464 1265
1465 1264
1466 1264
1467 1263
1468 1262
1469 1261
1470 1261
1471 1260
1472 1260
1473 1259
1474 1259
1475 1258
1476 1258
1477 1257
1478 1256
1479 1255
1480 1255
1481 1254
1482 1253
1483 1253
1484 1253
1485 1252
1486 1252
1487 1252
1488 1251
1489 1251
1490 1251
1491 1251
1492 1251
1493 1251
1494 1251
1495 1250
1496 1250
1497 1250
1498 1249
1499 1249
1500 1249
1501 1249
1502 1249
1503 1249
1504 1249
1505 1249
1506 1249
1507 1249
1508 1250
1509 1250
1510 1250
1511 1250
1512 1251
1513 1251
1514 1251
1515 1251
1516 1251
1517 1251
1518 1250
1519 1250
1520 1250
1521 1249
1522 1249
1523 1249
1524 1249
1525 1249
1526 1249
1527 1249
1528 1250
1529 1250
1530 1250
1531 1250
1532 1250
1533 1249
1534 1249
1535 1249
1536 1249
1537 1249
1538 1249
1539 1249
1540 1249
1541 1248
1542 1248
1543 1248
1544 1247
1545 1247
1546 1247
1547 1246
1548 1246
1549 1246
1550 1245
1551 1244
1552 1244
1553 1244
1554 1244
1555 1244
1556 1243
1557 1243
1558 1243
1559 1243
1560 1242
1561 1241
1562 1240
1563 1240
1564 1239
1565 1239
1566 1238
1567 1238
1568 1238
1569 1238
1570 1238
1571 1238
1572 1238
1573 1238
1574 1238
1575 1238
1576 1238
1577 1237
1578 1237
1579 1237
1580 1237
1581 1237
1582 1237
1583 1237
1584 1237
1585 1237
1586 1237
1587 1237
1588 1237
1589 1237
1590 1237
1591 1237
1592 1237
1593 1237
1594 1237
1595 1237
1596 1237
1597 1237
1598 1237
1599 1237
1600 1237
1601 1237
1602 1237
1603 1237
1604 1237
1605 1237
1606 1237
1607 1237
1608 1238
1609 1238
1610 1239
1611 1239
1612 1240
1613 1241
1614 1241
1615 1241
1616 1242
1617 1243
1618 1243
1619 1243
1620 1244
1621 1244
1622 1245
1623 1245
1624 1246
1625 1246
1626 1247
1627 1248
1628 1248
1629 1248
1630 1249
1631 1250
1632 1250
1633 1250
1634 1251
1635 1252
1636 1252
1637 1253
1638 1253
1639 1254
1640 1254
1641 1255
1642 1255
1643 1255
1644 1256
1645 1257
1646 1257
1647 1257
1648 1258
1649 1258
1650 1259
1651 1259
1652 1260
1653 1260
1654 1261
1655 1261
1656 1261
1657 1262
1658 1262
1659 1262
1660 1263
1661 1263
1662 1263
1663 1263
1664 1263
1665 1263
1666 1263
1667 1263
1668 1263
1669 1262
1670 1262
1671 1261
1672 1260
1673 1259
1674 1258
1675 1257
1676 1256
1677 1255
1678 1254
1678 1253
1679 1252
1680 1251
1681 1250
1681 1249
1682 1248
1682 1247
1682 1246
1683 1245
1683 1244
1684 1243
1685 1242
1686 1241
1687 1240
1688 1239
1689 1238
1690 1237
1691 1236
1692 1235
1692 1234
1693 1233
1693 1232
1693 1231
1693 1230
1693 1229
1694 1228
1694 1227
1694 1226
1695 1225
1695 1224
1695 1223
1695 1222
1696 1221
1696 1220
1697 1219
1697 1218
1697 1217
1698 1216
1699 1215
1699 1214
1699 1213
1700 1212
1700 1211
1701 1210
1701 1209
1701 1208
1702 1207
1702 1206
1702 1205
1703 1204
1703 1203
1703 1202
1703 1201
1703 1200
1703 1199
1704 1198
1704 1197
1704 1196
1705 1195
1706 1194
1706 1193
1706 1192
1707 1191
1707 1190
1707 1189
1707 1188
1707 1187
1707 1186
1707 1185
1707 1184
1707 1183
1707 1182
1707 1181
1707 1180
1707 1179
1707 1178
1707 1177
1707 1176
1707 1175
1707 1174
1707 1173
1707 1172
1707 1171
1707 1170
1706 1169
1705 1168
1704 1167
1704 1166
1703 1165
1702 1164
1701 1163
1700 1162
1700 1161
1699 1160
1699 1159
1699 1158
1698 1157
1698 1156
1698 1155
1698 1154
1697 1153
1697 1152
1696 1151
1695 1150
1695 1149
1694 1148
1694 1147
1694 1146
1693 1145
1693 1144
1693 1143
1692 1142
1691 1141
1691 1140
1690 1139
1690 1138
1689 1137
1688 1136
1687 1135
1686 1134
1685 1133
1684 1132
1683 1131
1682 1131
1681 1130
1680 1129
1679 1128
1678 1128
1677 1128
1676 1127
1675 1127
1674 1127
1673 1126
1672 1126
1671 1126
1670 1125
1669 1125
1668 1125
1667 1124
1666 1124
1665 1124
1664 1124
1663 1124
1662 1123
1661 1123
1660 1123
1659 1122
1658 1122
1657 1122
1656 1122
1655 1122
1654 1122
1653 1122
1652 1122
1651 1122
1650 1121
1649 1121
1648 1121
1647 1121
1646 1122
1645 1122
1644 1122
1643 1122
1642 1122
1641 1122
1640 1122
1639 1122
1638 1122
1637 1121
1636 1121
1635 1121
1634 1120
1633 1120
1632 1120
1631 1120
1630 1120
1629 1120
1628 1120
1627 1120
1626 1119
1625 1119
1624 1119
1623 1119
1622 1118
1621 1118
1620 1118
1619 1117
1618 1117
1617 1117
1616 1117
1615 1117
1614 1117
1613 1117
1612 1116
1611 1116
1610 1116
1609 1115
1608 1115
1607 1114
1606 1113
1605 1113
1604 1112
1603 1111
1602 1110
1601 1110
1600 1110
1599 1110
1598 1110
1597 1109
1596 1109
1595 1108
1594 1107
1593 1107
1592 1106
1591 1105
1590 1105
1589 1105
1588 1105
1587 1104
1586 1104
1585 1104
1584 1103
1583 1102
1582 1102
1581 1101
1580 1100
1579 1100
1578 1100
1577 1099
1576 1099
1575 1099
1574 1099
1573 1099
1572 1099
1571 1099
1570 1099
1569 1099
1568 1098
1567 1098
1566 1098
1565 1098
1564 1097
1563 1097
1562 1097
1561 1097
1560 1097
1559 1097
1558 1097
1557 1097
1556 1097
1555 1096
1554 1096
1553 1096
1552 1095
1551 1095
1550 1095
1549 1095
1548 1095
1547 1095
1546 1095
1545 1095
1544 1095
1543 1095
1542 1095
1541 1094
1540 1094
1539 1094
1538 1093
1537 1092
1536 1092
1535 1092
1534 1092
1533 1092
1532 1091
1531 1091
1530 1091
1529 1091
1528 1090
1527 1090
1526 1090
1525 1090
1524 1090
1523 1090
1522 1090
1521 1090
1520 1089
1519 1089
1518 1089
1517 1089
1516 1088
1515 1088
1514 1088
1513 1088
1512 1088
1511 1088
1510 1088
1509 1088
1508 1087
1507 1087
1506 1087
1505 1087
1504 1086
1503 1086
1502 1086
1501 1085
1500 1084
1499 1084
1498 1084
1497 1084
1496 1083
1495 1083
1494 1083
1493 1083
1492 1082
1491 1082
1490 1081
1489 1081
1488 1081
1487 1081
1486 1081
1485 1081
1484 1081
1483 1080
1482 1080
1481 1079
1480 1079
1479 1078
1478 1078
1477 1078
1476 1078
1475 1077
1474 1077
1473 1077
1472 1077
1471 1076
1470 1076
1469 1075
1468 1075
1467 1074
1466 1074
1465 1074
1464 1074
1463 1074
1462 1074
1461 1074
1460 1073
1459 1073
1458 1073
1457 1072
1456 1072
1455 1071
1454 1070
1453 1070
1452 1070
1451 1069
1450 1069
1449 1069
1448 1068
1447 1068
1446 1068
1445 1067
1444 1067
1443 1067
1442 1067
1441 1067
1440 1066
1439 1066
1438 1065
1437 1065
1436 1064
1435 1063
1434 1063
1433 1062
1432 1061
1431 1061
1430 1061
1429 1061
1428 1060
1427 1060
1426 1060
1425 1060
1424 1060
1423 1060
1422 1060
1421 1060
1420 1061
1419 1061
1418 1061
1417 1062
1416 1062
1415 1062
1414 1062
1413 1062
1412 1062
1411 1062
1410 1062
1409 1062
1408 1062
1407 1061
1406 1061
1405 1061
1404 1062
1403 1062
1402 1062
1401 1062
1400 1062
1399 1062
1398 1062
1397 1062
1396 1062
1395 1063
1394 1063
1393 1063
1392 1064
1391 1064
1390 1064
1389 1064
1388 1064
1387 1064
1386 1064
1385 1064
1384 1064
1383 1063
1382 1063
1381 1063
1380 1064
1379 1064
1378 1064
1377 1064
1376 1064
1375 1064
1374 1064
1373 1064
1372 1064
1371 1063
1370 1063
1369 1063
1368 1063
1367 1063
1366 1063
1365 1063
1364 1063
1363 1063
1362 1062
1361 1062
1360 1062
1359 1062
1358 1062
1357 1062
1356 1062
1355 1062
1354 1062
1353 1062
1352 1062
1351 1062
1350 1061
1349 1061
1348 1061
1347 1060
1346 1060
1345 1060
1344 1060
1343 1059
1342 1059
1341 1059
1340 1058
1339 1058
1338 1058
1337 1057
1336 1057
1335 1057
1334 1056
1333 1056
1332 1055
1331 1054
1330 1054
1329 1054
1328 1053
1327 1053
1326 1053
1325 1053
1324 1053
1323 1052
1322 1052
1321 1052
1320 1052
1319 1052
1318 1052
1317 1051
1316 1051
1315 1051
1314 1051
1313 1050
1312 1050
1311 1050
1310 1049
1309 1049
1308 1048
1307 1048
1306 1048
1305 1048
1304 1047
1303 1047
1302 1047
1301 1047
1300 1046
1299 1046
1298 1046
1297 1046
1296 1046
1295 1046
1294 1046
1293 1046
1292 1046
1291 1046
1290 1046
1289 1046
1288 1046
1287 1046
1286 1046
1285 1046
1284 1046
1283 1046
1282 1046
1281 1046
1280 1046
1279 1046
1278 1046
1277 1046
1276 1046
1275 1046
1274 1046
1273 1046
1272 1046
1271 1046
1270 1046
1269 1046
1268 1046
1267 1046
1266 1046
1265 1046
1264 1046
1263 1046
1262 1046
1261 1046
1260 1046
1259 1046
1258 1046
1257 1046
1256 1046
1255 1046
1254 1046
1253 1046
1252 1046
1251 1046
1250 1046
1249 1046
1248 1046
1247 1046
1246 1046
1245 1046
1244 1046
1243 1046
1242 1046
1241 1046
1240 1046
1239 1046
1238 1046
1237 1046
1236 1046
1235 1046
1234 1046
1233 1046
1232 1046
1231 1046
1230 1046
1229 1046
1228 1046
1227 1046
1226 1046
1225 1046
1224 1046
1223 1046
1222 1046
1221 1046
1220 1046
1219 1046
1218 1046
1217 1046
1216 1045
1215 1045
1214 1045
1213 1044
1212 1044
1211 1043
1210 1043
1209 1043
1208 1042
1207 1042
1206 1042
1205 1042
1204 1041
1203 1041
1202 1041
1201 1040
1200 1040
1199 1039
1198 1038
1197 1037
1196 1036
1195 1035
1194 1034
1193 1034
1192 1033
1191 1033
1190 1032
1189 1031
1188 1031
1187 1030
1186 1029
1185 1029
1184 1029
1183 1029
1182 1028
1181 1028
1180 1027
1179 1027
1178 1027
1177 1027
1176 1027
1175 1027
1174 1026
1173 1026
1172 1026
1171 1025
1170 1025
1169 1025
1168 1024
1167 1024
1166 1024
1165 1024
1164 1024
1163 1024
1162 1024
1161 1024
1160 1023
1159 1023
1158 1023
1157 1022
1156 1022
1155 1022
1154 1022
1153 1022
1152 1022
1151 1021
1150 1021
1149 1021
1148 1021
1147 1022
1146 1022
1145 1022
1144 1022
1143 1022
1142 1022
1141 1022
1140 1022
1139 1022
1138 1021
1137 1021
1136 1021
1135 1021
1134 1021
1133 1021
