227 1731
226 1732
225 1732
224 1732
223 1732
222 1732
221 1732
220 1732
219 1732
218 1732
217 1733
216 1733
215 1734
214 1735
214 1736
213 1737
213 1738
213 1739
213 1740
213 1741
213 1742
213 1743
213 1744
213 1745
213 1746
213 1747
213 1748
213 1749
213 1750
213 1751
213 1752
213 1753
213 1754
213 1755
213 1756
213 1757
214 1758
214 1759
214 1760
214 1761
214 1762
214 1763
214 1764
214 1765
215 1766
215 1767
216 1768
217 1769
218 1769
219 1770
220 1771
221 1771
222 1772
223 1773
224 1774
225 1774
226 1774
227 1775
228 1775
229 1775
230 1776
231 1776
232 1776
233 1776
234 1776
235 1776
236 1777
237 1777
238 1777
239 1777
240 1777
241 1778
242 1778
243 1778
244 1779
245 1779
246 1780
247 1780
248 1781
249 1781
250 1782
251 1782
252 1782
253 1782
254 1782
255 1782
256 1781
257 1781
258 1780
259 1780
260 1780
261 1780
262 1780
263 1780
264 1781
265 1781
266 1782
267 1782
268 1782
269 1782
270 1781
271 1780
272 1779
273 1778
274 1778
275 1777
276 1777
277 1777
278 1777
279 1777
280 1776
281 1775
282 1775
283 1775
284 1774
285 1774
286 1774
287 1773
288 1773
289 1772
290 1771
291 1770
292 1770
293 1770
294 1770
295 1769
296 1769
297 1768
298 1768
299 1768
300 1767
301 1767
302 1766
303 1766
304 1765
305 1765
306 1765
307 1764
308 1764
309 1763
309 1762
309 1761
309 1760
309 1759
309 1758
309 1757
308 1757
307 1757
306 1757
305 1756
305 1755
306 1754
306 1753
307 1752
307 1751
308 1750
309 1749
309 1748
308 1747
307 1746
306 1746
305 1746
304 1746
303 1746
302 1745
301 1745
300 1745
299 1744
298 1744
297 1744
296 1743
295 1743
294 1742
293 1742
292 1741
291 1741
290 1741
289 1741
288 1741
287 1741
286 1741
285 1741
284 1740
283 1740
282 1739
281 1738
280 1738
279 1737
278 1737
277 1737
276 1737
275 1737
274 1737
273 1736
272 1735
271 1735
270 1735
269 1735
268 1734
267 1734
266 1734
265 1733
264 1733
263 1733
262 1733
261 1733
260 1733
259 1733
258 1733
257 1733
256 1733
255 1733
254 1733
253 1733
252 1733
251 1733
250 1733
249 1733
248 1732
247 1732
246 1732
245 1732
244 1731
243 1731
242 1731
241 1731
240 1731
239 1731
238 1731
237 1731
236 1731
235 1731
234 1731
233 1731
232 1731
231 1731
230 1731
229 1731
228 1731
227 1731
