333 589
332 590
331 590
330 590
329 591
328 591
327 592
326 592
325 592
324 592
323 592
322 592
321 592
320 592
319 592
318 592
317 592
316 592
315 592
314 593
313 593
312 594
311 594
310 594
309 594
308 595
307 595
306 595
305 596
304 596
303 596
302 597
301 597
300 597
299 597
298 597
297 598
296 598
295 599
294 599
294 600
293 601
293 602
294 603
294 604
295 605
296 605
297 606
298 606
299 607
300 607
301 608
302 608
303 608
304 608
305 609
306 610
307 610
308 611
309 611
310 612
311 612
312 612
313 613
314 613
315 614
316 614
317 614
318 614
319 614
320 614
321 615
322 615
323 615
324 616
325 616
326 616
327 617
328 617
329 617
330 617
331 618
332 618
333 618
334 618
335 618
336 618
337 618
338 619
339 619
340 619
341 620
342 620
343 620
344 620
345 620
346 621
347 621
348 621
349 621
350 622
351 622
352 622
353 622
354 622
355 622
356 622
357 622
358 623
359 623
360 623
361 624
362 624
363 624
364 624
365 624
366 624
367 624
368 624
369 624
370 624
371 624
372 624
373 624
374 624
375 624
376 625
377 625
378 625
379 625
380 625
381 625
382 625
383 625
384 625
385 625
386 625
387 624
388 624
389 623
389 622
390 621
391 620
392 619
392 618
392 617
392 616
392 615
392 614
392 613
391 612
390 611
390 610
390 609
390 608
390 607
389 606
388 605
388 604
387 604
386 603
385 602
384 602
383 602
382 602
381 602
380 601
379 601
378 601
377 601
376 600
375 600
374 599
373 599
372 599
371 598
370 598
369 598
368 597
367 596
366 596
365 596
364 595
363 595
362 595
361 594
360 594
359 593
358 593
357 593
356 593
355 592
354 592
353 592
352 591
351 591
350 591
349 590
348 590
347 590
346 590
345 589
344 589
343 589
342 589
341 589
340 589
339 589
338 589
337 589
336 589
335 589
334 589
333 589
