630 1948
629 1949
628 1949
627 1949
626 1950
625 1950
624 1951
623 1952
622 1953
621 1954
620 1955
619 1956
618 1957
617 1958
616 1959
615 1959
614 1959
613 1959
612 1959
611 1959
610 1959
609 1959
608 1959
607 1959
606 1959
605 1959
604 1959
603 1959
602 1958
601 1958
600 1958
599 1958
598 1958
597 1958
596 1959
595 1960
594 1960
593 1961
592 1961
591 1961
590 1962
589 1962
588 1962
587 1962
586 1963
585 1963
584 1963
583 1963
582 1963
581 1963
580 1964
579 1964
578 1965
577 1965
576 1965
575 1965
574 1966
573 1966
572 1967
571 1967
570 1967
569 1968
568 1968
567 1968
566 1969
565 1970
564 1971
564 1972
564 1973
564 1974
564 1975
564 1976
564 1977
565 1978
565 1979
566 1980
566 1981
567 1982
567 1983
567 1984
567 1985
567 1986
568 1987
569 1988
570 1989
571 1990
572 1991
573 1992
574 1993
575 1994
575 1995
576 1996
577 1997
578 1998
579 1999
580 2000
581 2001
582 2001
583 2002
584 2003
585 2004
586 2005
587 2005
588 2005
589 2005
590 2005
591 2005
592 2005
593 2005
594 2006
595 2006
596 2007
597 2007
598 2007
599 2008
600 2008
601 2009
602 2009
603 2009
604 2009
605 2009
606 2009
607 2009
608 2009
609 2010
610 2010
611 2010
612 2010
613 2010
614 2010
615 2010
616 2010
617 2010
618 2010
619 2010
620 2010
621 2011
622 2011
623 2011
624 2011
625 2011
626 2011
627 2011
628 2012
629 2012
630 2012
631 2013
632 2013
633 2013
634 2013
635 2013
636 2013
637 2013
638 2013
639 2013
640 2013
641 2013
642 2013
643 2013
644 2014
645 2014
646 2014
647 2014
648 2014
649 2014
650 2014
651 2014
652 2014
653 2014
654 2014
655 2014
656 2014
657 2014
658 2014
659 2014
660 2014
661 2014
662 2014
663 2014
664 2014
665 2015
666 2015
667 2015
668 2015
669 2015
670 2015
671 2015
672 2015
673 2015
674 2015
675 2015
676 2015
677 2015
678 2014
679 2013
679 2012
680 2011
680 2010
680 2009
680 2008
680 2007
680 2006
680 2005
680 2004
680 2003
680 2002
680 2001
680 2000
680 1999
681 1998
681 1997
681 1996
681 1995
681 1994
681 1993
682 1992
682 1991
682 1990
682 1989
682 1988
682 1987
682 1986
682 1985
682 1984
682 1983
682 1982
682 1981
682 1980
682 1979
682 1978
682 1977
682 1976
682 1975
682 1974
682 1973
682 1972
682 1971
682 1970
682 1969
682 1968
682 1967
681 1966
680 1965
679 1964
678 1963
677 1962
676 1962
675 1961
674 1960
673 1960
672 1960
671 1959
670 1959
669 1959
668 1959
667 1959
666 1959
665 1958
664 1957
663 1957
662 1956
661 1955
660 1955
659 1954
658 1953
657 1953
656 1953
655 1953
654 1953
653 1953
652 1952
651 1952
650 1951
649 1950
648 1950
647 1950
646 1949
645 1949
644 1949
643 1948
642 1948
641 1948
640 1948
639 1948
638 1948
637 1948
636 1948
635 1948
634 1948
633 1948
632 1948
631 1948
630 1948
