285 1034
284 1035
283 1035
282 1035
281 1035
280 1035
279 1035
278 1035
277 1035
276 1035
275 1035
274 1035
273 1035
272 1035
271 1035
270 1035
269 1035
268 1035
267 1035
266 1035
265 1036
264 1036
263 1037
262 1037
261 1037
260 1038
259 1038
258 1038
257 1038
256 1038
255 1038
254 1038
253 1038
252 1038
251 1038
250 1038
249 1039
248 1039
247 1039
246 1039
245 1040
244 1040
243 1040
242 1040
241 1040
240 1040
239 1041
238 1041
237 1042
236 1043
235 1044
234 1045
233 1045
232 1045
231 1045
230 1046
229 1047
228 1047
227 1047
226 1048
225 1048
224 1048
223 1049
222 1049
221 1050
220 1051
219 1052
218 1053
217 1054
216 1055
215 1056
214 1057
213 1058
213 1059
213 1060
213 1061
213 1062
213 1063
213 1064
213 1065
213 1066
213 1067
213 1068
213 1069
214 1070
214 1071
214 1072
214 1073
215 1074
215 1075
216 1076
216 1077
217 1078
218 1079
219 1079
220 1080
221 1081
222 1081
223 1082
224 1082
225 1083
226 1084
227 1084
228 1084
229 1085
230 1086
231 1086
232 1086
233 1087
234 1087
235 1088
236 1088
237 1088
238 1089
239 1089
240 1089
241 1090
242 1090
243 1090
244 1090
245 1091
246 1091
247 1091
248 1092
249 1092
250 1092
251 1092
252 1092
253 1093
254 1093
255 1093
256 1094
257 1094
258 1094
259 1095
260 1095
261 1095
262 1095
263 1095
264 1095
265 1095
266 1095
267 1095
268 1095
269 1095
270 1095
271 1095
272 1095
273 1095
274 1095
275 1094
276 1094
277 1093
278 1093
279 1092
280 1092
281 1092
282 1091
283 1091
284 1091
285 1092
286 1092
287 1093
288 1093
289 1094
290 1094
291 1094
292 1093
293 1093
294 1093
295 1092
296 1092
297 1091
298 1091
299 1091
300 1090
301 1090
302 1090
303 1090
304 1091
305 1091
306 1091
307 1091
308 1090
309 1090
310 1089
311 1089
312 1089
313 1089
314 1089
315 1090
316 1091
317 1092
318 1092
319 1092
320 1092
321 1092
322 1092
323 1093
324 1093
325 1093
326 1094
327 1094
328 1094
329 1094
330 1094
331 1094
332 1094
333 1094
334 1094
335 1094
336 1094
337 1094
338 1094
339 1094
340 1094
341 1094
342 1094
343 1094
344 1094
345 1094
346 1094
347 1094
348 1094
349 1094
350 1094
351 1094
352 1094
353 1094
354 1094
355 1094
356 1094
357 1094
358 1094
359 1094
360 1095
361 1095
362 1095
363 1095
364 1095
365 1095
366 1095
367 1095
368 1095
369 1095
370 1095
371 1095
372 1095
373 1095
374 1096
375 1096
376 1096
377 1096
378 1096
379 1096
380 1096
381 1096
382 1097
383 1097
384 1097
385 1097
386 1097
387 1097
388 1097
389 1097
390 1097
391 1096
392 1096
393 1096
394 1096
395 1096
396 1096
397 1096
398 1095
399 1095
400 1095
401 1094
402 1094
403 1094
404 1093
405 1093
406 1092
407 1091
408 1090
409 1089
410 1088
411 1088
412 1087
413 1086
414 1085
415 1084
416 1084
417 1083
418 1082
419 1081
420 1080
421 1079
422 1078
423 1077
424 1076
425 1075
426 1074
427 1073
428 1072
429 1071
429 1070
429 1069
429 1068
429 1067
429 1066
429 1065
429 1064
429 1063
429 1062
429 1061
429 1060
429 1059
429 1058
429 1057
429 1056
429 1055
429 1054
429 1053
428 1052
428 1051
427 1050
427 1049
426 1048
425 1047
425 1046
424 1046
423 1045
422 1044
421 1044
420 1043
419 1043
418 1042
417 1041
416 1041
415 1041
414 1040
413 1040
412 1039
411 1039
410 1038
409 1038
408 1038
407 1037
406 1037
405 1037
404 1036
403 1036
402 1036
401 1036
400 1036
399 1036
398 1036
397 1036
396 1036
395 1036
394 1036
393 1036
392 1035
391 1035
390 1035
389 1035
388 1035
387 1035
386 1035
385 1035
384 1035
383 1035
382 1035
381 1035
380 1035
379 1035
378 1035
377 1035
376 1035
375 1035
374 1035
373 1035
372 1035
371 1035
370 1035
369 1035
368 1035
367 1035
366 1035
365 1035
364 1035
363 1035
362 1035
361 1035
360 1035
359 1035
358 1035
357 1035
356 1035
355 1035
354 1035
353 1035
352 1036
351 1036
350 1036
349 1037
348 1037
347 1037
346 1038
345 1038
344 1038
343 1038
342 1038
341 1038
340 1038
339 1038
338 1038
337 1038
336 1038
335 1037
334 1037
333 1036
332 1036
331 1035
330 1035
329 1035
328 1035
327 1035
326 1035
325 1035
324 1035
323 1035
322 1035
321 1035
320 1035
319 1035
318 1035
317 1035
316 1035
315 1035
314 1035
313 1035
312 1035
311 1035
310 1035
309 1035
308 1035
307 1035
306 1035
305 1035
304 1035
303 1035
302 1035
301 1035
300 1035
299 1035
298 1035
297 1035
296 1035
295 1035
294 1035
293 1034
292 1034
291 1034
290 1034
289 1034
288 1034
287 1034
286 1034
285 1034
