923 1199
922 1200
921 1200
920 1200
919 1200
918 1200
917 1200
916 1200
915 1200
914 1200
913 1200
912 1200
911 1200
910 1200
909 1201
908 1201
907 1201
906 1201
905 1202
904 1202
903 1202
902 1202
901 1202
900 1201
899 1202
898 1202
897 1202
896 1203
895 1203
894 1203
893 1203
892 1204
891 1204
890 1204
889 1204
888 1204
887 1204
886 1204
885 1205
884 1205
883 1205
882 1205
881 1205
880 1205
879 1205
878 1205
877 1205
876 1206
875 1206
874 1206
873 1207
872 1207
871 1207
870 1207
869 1207
868 1207
867 1208
866 1209
865 1209
864 1209
863 1209
862 1210
861 1210
860 1210
859 1211
858 1211
857 1211
856 1212
855 1213
855 1214
854 1215
855 1216
855 1217
856 1217
857 1218
858 1218
859 1219
860 1220
861 1220
862 1221
863 1221
864 1222
865 1222
866 1222
867 1222
868 1222
869 1223
870 1223
871 1223
872 1224
873 1224
874 1225
875 1225
876 1225
877 1226
878 1226
879 1227
880 1227
881 1227
882 1227
883 1228
884 1228
885 1229
886 1229
887 1230
888 1230
889 1231
890 1231
891 1231
892 1231
893 1231
894 1232
895 1232
896 1233
897 1233
898 1234
899 1234
900 1234
901 1235
902 1235
903 1235
904 1235
905 1235
906 1236
907 1236
908 1236
909 1236
910 1237
911 1237
912 1237
913 1237
914 1237
915 1237
916 1237
917 1237
918 1237
919 1237
920 1238
921 1238
922 1238
923 1239
924 1239
925 1239
926 1239
927 1239
928 1239
929 1239
930 1239
931 1239
932 1239
933 1239
934 1239
935 1239
936 1239
937 1239
938 1239
939 1239
940 1239
941 1239
942 1239
943 1240
944 1240
945 1240
946 1240
947 1240
948 1240
949 1240
950 1240
951 1240
952 1240
953 1240
954 1240
955 1240
956 1240
957 1240
958 1240
959 1239
960 1239
961 1239
962 1239
963 1238
964 1238
965 1238
966 1237
967 1237
968 1237
969 1237
970 1236
971 1236
972 1235
973 1235
974 1235
975 1235
976 1235
977 1234
978 1234
979 1234
980 1233
981 1233
982 1233
983 1232
984 1231
985 1231
986 1230
987 1229
988 1229
989 1229
990 1228
991 1228
992 1228
993 1227
994 1226
995 1226
996 1225
997 1224
997 1223
998 1222
999 1221
999 1220
999 1219
1000 1218
999 1217
999 1216
999 1215
999 1214
1000 1213
999 1212
999 1211
999 1210
998 1209
998 1208
997 1207
996 1207
995 1206
994 1206
993 1206
992 1205
991 1205
990 1204
989 1203
988 1203
987 1203
986 1203
985 1203
984 1203
983 1203
982 1203
981 1202
980 1202
979 1202
978 1202
977 1202
976 1202
975 1202
974 1202
973 1202
972 1202
971 1201
970 1201
969 1201
968 1200
967 1200
966 1200
965 1200
964 1200
963 1200
962 1200
961 1200
960 1200
959 1200
958 1200
957 1200
956 1200
955 1200
954 1199
953 1199
952 1199
951 1199
950 1199
949 1199
948 1199
947 1199
946 1199
945 1199
944 1199
943 1199
942 1199
941 1199
940 1199
939 1199
938 1199
937 1199
936 1199
935 1199
934 1199
933 1199
932 1199
931 1199
930 1199
929 1199
928 1199
927 1199
926 1199
925 1199
924 1199
923 1199
