419 980
418 981
417 981
416 982
416 983
416 984
417 985
418 986
419 987
420 988
421 988
422 989
423 990
424 991
425 991
426 992
427 992
428 992
429 993
430 993
431 993
432 993
433 993
434 993
435 993
436 993
437 993
438 993
439 992
440 992
441 992
442 992
443 992
444 992
445 991
446 991
447 990
448 989
448 988
448 987
447 987
446 987
445 986
444 986
443 985
442 984
442 983
442 982
441 981
440 981
439 981
438 981
437 981
436 981
435 981
434 981
433 980
432 980
431 980
430 980
429 980
428 980
427 980
426 980
425 981
424 981
423 980
422 980
421 980
420 980
419 980
