1255 1911
1254 1912
1253 1912
1252 1912
1251 1912
1250 1913
1249 1913
1248 1913
1247 1913
1246 1913
1245 1913
1244 1914
1243 1914
1242 1914
1241 1914
1240 1915
1239 1915
1238 1915
1237 1915
1236 1915
1235 1915
1234 1916
1233 1916
1232 1916
1231 1916
1230 1917
1229 1917
1228 1917
1227 1917
1226 1918
1225 1918
1224 1918
1223 1918
1222 1919
1221 1919
1220 1919
1219 1919
1218 1919
1217 1919
1216 1920
1215 1920
1214 1921
1213 1921
1212 1922
1211 1922
1210 1923
1209 1923
1208 1923
1207 1923
1206 1924
1205 1924
1204 1924
1203 1924
1202 1925
1201 1926
1200 1926
1199 1926
1198 1927
1197 1928
1196 1928
1195 1928
1194 1929
1193 1930
1192 1930
1191 1930
1190 1931
1189 1932
1188 1933
1187 1933
1186 1934
1185 1934
1184 1935
1183 1936
1182 1937
1181 1938
1180 1938
1180 1939
1179 1940
1178 1940
1178 1941
1177 1942
1176 1942
1175 1943
1174 1944
1173 1944
1172 1945
1171 1946
1170 1946
1169 1946
1168 1947
1167 1948
1166 1949
1165 1950
1164 1951
1163 1952
1162 1953
1162 1954
1161 1955
1160 1956
1160 1957
1159 1958
1158 1958
1158 1959
1157 1960
1156 1961
1156 1962
1155 1963
1155 1964
1156 1965
1156 1966
1157 1967
1158 1968
1159 1969
1160 1969
1161 1969
1162 1969
1163 1970
1164 1970
1165 1970
1166 1970
1167 1970
1168 1970
1169 1970
1170 1970
1171 1971
1172 1971
1173 1972
1174 1973
1175 1973
1176 1974
1176 1975
1177 1975
1178 1976
1178 1977
1179 1977
1180 1978
1181 1979
1182 1979
1183 1980
1184 1980
1185 1980
1186 1980
1187 1980
1188 1980
1189 1980
1190 1980
1191 1981
1192 1981
1193 1982
1194 1983
1195 1983
1196 1984
1197 1985
1198 1986
1199 1987
1200 1987
1201 1988
1202 1988
1203 1989
1204 1989
1205 1990
1206 1990
1207 1991
1208 1991
1209 1991
1210 1991
1211 1992
1212 1992
1213 1992
1214 1992
1215 1993
1216 1993
1217 1993
1218 1993
1219 1994
1220 1994
1221 1994
1222 1994
1223 1994
1224 1994
1225 1994
1226 1994
1227 1994
1228 1994
1229 1994
1230 1994
1231 1994
1232 1994
1233 1994
1234 1994
1235 1995
1236 1995
1237 1995
1238 1995
1239 1996
1240 1996
1241 1997
1242 1997
1243 1997
1244 1997
1245 1998
1246 1998
1247 1998
1248 1998
1249 1998
1250 1998
1251 1998
1252 1998
1253 1998
1254 1998
1255 1999
1256 1999
1257 1999
1258 1999
1259 2000
1260 2000
1261 2000
1262 2000
1263 2000
1264 2000
1265 2000
1266 2000
1267 2000
1268 2000
1269 2000
1270 2000
1271 1999
1272 1999
1273 1999
1274 1999
1275 1998
1276 1998
1277 1998
1278 1998
1279 1998
1280 1998
1281 1998
1282 1998
1283 1998
1284 1998
1285 1998
1286 1998
1287 1998
1288 1998
1289 1998
1290 1998
1291 1998
1292 1998
1293 1998
1294 1998
1295 1998
1296 1998
1297 1998
1298 1998
1299 1998
1300 1998
1301 1998
1302 1998
1303 1998
1304 1998
1305 1998
1306 1998
1307 1998
1308 1998
1309 1998
1310 1998
1311 1998
1312 1998
1313 1998
1314 1998
1315 1998
1316 1998
1317 1998
1318 1998
1319 1998
1320 1998
1321 1999
1322 1999
1323 1999
1324 1999
1325 2000
1326 2000
1327 2000
1328 2000
1329 2000
1330 2000
1331 2000
1332 2000
1333 1999
1334 1999
1335 1998
1336 1997
1337 1997
1337 1996
1338 1995
1339 1994
1340 1993
1341 1992
1341 1991
1341 1990
1342 1989
1343 1988
1343 1987
1344 1986
1345 1985
1345 1984
1346 1983
1347 1983
1348 1982
1349 1981
1350 1981
1351 1980
1352 1979
1353 1978
1354 1977
1355 1976
1355 1975
1356 1974
1356 1973
1356 1972
1356 1971
1356 1970
1356 1969
1356 1968
1356 1967
1356 1966
1356 1965
1356 1964
1356 1963
1355 1962
1355 1961
1355 1960
1355 1959
1354 1958
1354 1957
1354 1956
1354 1955
1353 1954
1353 1953
1353 1952
1353 1951
1352 1950
1352 1949
1352 1948
1352 1947
1352 1946
1352 1945
1351 1944
1351 1943
1350 1942
1350 1941
1349 1940
1349 1939
1348 1938
1347 1937
1346 1936
1346 1935
1345 1934
1345 1933
1344 1932
1343 1931
1343 1930
1343 1929
1342 1928
1341 1927
1340 1926
1339 1925
1338 1924
1337 1924
1336 1923
1335 1923
1334 1922
1333 1922
1332 1922
1331 1922
1330 1921
1329 1921
1328 1921
1327 1921
1326 1920
1325 1920
1324 1920
1323 1919
1322 1918
1321 1918
1320 1918
1319 1918
1318 1917
1317 1917
1316 1917
1315 1917
1314 1917
1313 1917
1312 1917
1311 1917
1310 1917
1309 1917
1308 1916
1307 1916
1306 1916
1305 1915
1304 1914
1303 1914
1302 1914
1301 1914
1300 1913
1299 1913
1298 1912
1297 1912
1296 1912
1295 1912
1294 1911
1293 1911
1292 1911
1291 1911
1290 1911
1289 1911
1288 1911
1287 1911
1286 1911
1285 1911
1284 1911
1283 1911
1282 1911
1281 1911
1280 1911
1279 1911
1278 1911
1277 1911
1276 1911
1275 1911
1274 1911
1273 1911
1272 1911
1271 1911
1270 1911
1269 1911
1268 1911
1267 1911
1266 1911
1265 1911
1264 1911
1263 1911
1262 1911
1261 1911
1260 1911
1259 1911
1258 1911
1257 1911
1256 1911
1255 1911
