597 234
596 235
595 235
594 235
593 235
592 235
591 235
590 235
589 235
588 235
587 235
586 235
585 235
584 235
583 235
582 236
581 236
580 236
579 236
578 237
577 238
576 238
575 238
574 239
573 239
572 239
571 239
570 239
569 239
568 239
567 239
566 239
565 239
564 239
563 239
562 239
561 239
560 239
559 239
558 240
557 240
556 240
555 240
554 241
553 241
552 241
551 241
550 240
549 240
548 240
547 240
546 239
545 239
544 239
543 239
542 239
541 239
540 240
539 240
538 240
537 240
536 241
535 241
534 241
533 241
532 242
531 242
530 242
529 242
528 243
527 243
526 243
525 243
524 244
523 244
522 244
521 244
520 245
519 245
518 245
517 245
516 245
515 245
514 245
513 245
512 245
511 245
510 245
509 245
508 245
507 245
506 246
505 246
504 246
503 246
502 247
501 247
500 248
499 248
498 249
497 250
496 250
495 251
494 252
493 252
492 253
491 253
490 252
489 252
488 252
487 252
486 251
485 251
484 251
483 251
482 251
481 251
480 252
479 252
478 252
477 252
476 253
475 253
474 254
473 254
472 254
471 254
470 255
469 255
468 255
467 255
466 255
465 255
464 256
463 256
462 257
461 258
460 258
460 259
459 260
458 260
458 261
457 262
456 262
455 263
454 264
453 264
452 265
451 265
450 265
449 265
448 265
447 265
446 264
445 264
444 264
443 264
442 264
441 264
440 264
439 264
438 264
437 265
436 265
435 265
434 266
433 266
432 266
431 266
430 267
429 267
428 268
427 268
426 269
425 269
424 270
423 270
422 271
421 271
420 272
419 272
418 273
417 273
416 273
415 273
414 274
413 274
412 274
411 274
410 274
409 275
408 275
407 276
406 276
405 276
404 277
403 277
402 277
401 278
400 278
399 279
398 279
397 279
396 280
395 280
394 280
393 280
392 280
391 280
390 280
389 280
388 280
387 280
386 280
385 280
384 280
383 280
382 281
381 281
380 281
379 281
378 281
377 282
376 282
375 282
374 282
373 282
372 283
371 283
370 283
369 283
368 283
367 284
366 284
365 284
364 284
363 284
362 285
361 285
360 286
359 286
358 286
357 287
356 287
355 288
354 288
353 289
352 290
351 291
350 292
349 292
348 293
347 293
346 294
345 294
344 295
344 296
343 297
343 298
342 299
342 300
341 301
341 302
340 303
340 304
340 305
340 306
340 307
340 308
341 309
341 310
342 311
342 312
343 313
344 313
345 314
345 315
345 316
346 317
347 318
348 319
349 319
350 319
351 320
352 320
353 320
354 321
355 322
356 322
357 322
358 323
359 323
360 324
361 324
362 325
363 325
364 325
365 326
366 326
367 327
368 327
369 328
370 328
371 328
372 329
373 329
374 329
375 329
376 330
377 330
378 330
379 331
380 331
381 332
382 332
383 332
384 332
385 333
386 333
387 334
388 334
389 334
390 335
391 335
392 336
393 336
394 336
395 336
396 337
397 337
398 337
399 337
400 337
401 337
402 337
403 337
404 337
405 337
406 338
407 338
408 338
409 338
410 338
411 338
412 338
413 337
414 337
415 337
416 337
417 336
418 336
419 336
420 336
421 336
422 336
423 336
424 336
425 336
426 336
427 336
428 337
429 337
430 338
431 338
432 338
433 338
434 338
435 339
436 339
437 340
438 341
438 342
439 343
440 343
441 344
442 344
443 344
444 344
445 344
446 344
447 345
448 345
449 345
450 345
451 346
452 346
453 346
454 346
455 346
456 346
457 346
458 346
459 346
460 346
461 347
462 347
463 347
464 347
465 348
466 348
467 348
468 348
469 348
470 348
471 348
472 348
473 349
474 349
475 349
476 350
477 351
478 351
479 351
480 351
481 352
482 352
483 352
484 352
485 352
486 352
487 352
488 352
489 352
490 352
491 353
492 353
493 353
494 353
495 354
496 354
497 354
498 354
499 354
500 354
501 354
502 354
503 354
504 354
505 354
506 354
507 354
508 354
509 355
510 355
511 355
512 355
513 356
514 356
515 357
516 357
517 357
518 357
519 358
520 358
521 358
522 358
523 358
524 358
525 358
526 358
527 359
528 359
529 360
530 360
531 361
532 361
533 362
534 362
535 362
536 362
537 363
538 363
539 363
540 363
541 364
542 364
543 365
544 365
545 365
546 365
547 366
548 366
549 366
550 366
551 367
552 367
553 367
554 367
555 368
556 368
557 368
558 368
559 369
560 369
561 369
562 369
563 370
564 370
565 370
566 370
567 370
568 370
569 370
570 370
571 371
572 371
573 372
574 372
575 373
576 373
577 374
578 374
579 374
580 374
581 374
582 374
583 374
584 374
585 375
586 375
587 375
588 376
589 377
590 377
591 377
592 378
593 379
594 379
595 379
596 379
597 380
598 380
599 381
600 381
601 381
602 381
603 382
604 382
605 383
606 383
607 383
608 383
609 384
610 384
611 384
612 384
613 384
614 384
615 384
616 384
617 384
618 384
619 384
620 384
621 385
622 385
623 385
624 385
625 386
626 386
627 386
628 386
629 387
630 387
631 388
632 388
633 389
634 389
635 390
636 390
637 391
638 391
639 391
640 392
641 393
642 393
643 393
644 393
645 394
646 394
647 394
648 394
649 394
650 394
651 395
652 395
653 395
654 395
655 396
656 396
657 396
658 396
659 397
660 397
661 397
662 397
663 398
664 398
665 398
666 398
667 399
668 399
669 400
670 400
671 401
672 401
673 402
674 402
675 403
676 403
677 403
678 403
679 404
680 404
681 404
682 404
683 405
684 405
685 405
686 405
687 406
688 406
689 406
690 406
691 406
692 406
693 406
694 406
695 406
696 406
697 406
698 406
699 406
700 406
701 406
702 406
703 407
704 407
705 407
706 408
707 409
708 409
709 409
710 409
711 410
712 410
713 410
714 410
715 410
716 410
717 410
718 410
719 410
720 410
721 410
722 410
723 411
724 411
725 411
726 411
727 412
728 412
729 413
730 413
731 413
732 413
733 414
734 414
735 414
736 414
737 414
738 414
739 414
740 414
741 414
742 414
743 415
744 415
745 415
746 416
747 417
748 417
749 417
750 417
751 418
752 418
753 418
754 418
755 418
756 418
757 418
758 418
759 418
760 418
761 418
762 418
763 418
764 418
765 419
766 419
767 419
768 419
769 420
770 420
771 420
772 420
773 421
774 421
775 421
776 421
777 422
778 422
779 422
780 422
781 422
782 422
783 422
784 422
785 422
786 422
787 422
788 422
789 423
790 423
791 423
792 423
793 424
794 424
795 424
796 424
797 424
798 424
799 424
800 424
801 424
802 424
803 424
804 424
805 424
806 424
807 424
808 424
809 424
810 424
811 424
812 424
813 424
814 424
815 424
816 424
817 424
818 424
819 424
820 424
821 424
822 424
823 424
824 424
825 424
826 424
827 424
828 424
829 424
830 424
831 425
832 425
833 425
834 425
835 426
836 426
837 426
838 426
839 426
840 426
841 426
842 426
843 426
844 426
845 426
846 426
847 426
848 426
849 426
850 426
851 426
852 426
853 426
854 426
855 426
856 426
857 426
858 426
859 426
860 426
861 425
862 425
863 425
864 425
865 424
866 424
867 423
868 423
869 423
870 423
871 422
872 421
873 421
874 421
875 420
876 420
877 419
878 419
879 419
880 419
881 418
882 418
883 418
884 418
885 418
886 418
887 418
888 418
889 417
890 417
891 416
892 416
893 415
894 415
895 414
896 414
897 413
898 413
899 412
900 411
901 411
901 410
902 409
903 409
904 408
905 407
906 407
907 406
908 405
909 404
910 403
911 402
911 401
912 400
912 399
913 398
913 397
914 396
914 395
914 394
914 393
914 392
914 391
915 390
915 389
915 388
916 387
917 386
917 385
917 384
917 383
918 382
918 381
918 380
918 379
918 378
918 377
918 376
918 375
918 374
918 373
918 372
918 371
918 370
918 369
918 368
918 367
918 366
918 365
918 364
918 363
918 362
918 361
918 360
918 359
918 358
918 357
918 356
918 355
918 354
918 353
918 352
918 351
918 350
918 349
918 348
918 347
918 346
918 345
918 344
918 343
918 342
918 341
917 340
917 339
916 338
915 337
915 336
914 336
913 335
913 334
912 333
911 332
911 331
910 330
909 329
908 328
907 327
907 326
906 326
905 325
905 324
904 323
903 322
903 321
902 320
902 319
901 318
901 317
900 316
899 315
899 314
898 314
897 313
896 312
895 311
894 310
893 310
892 310
891 310
890 309
889 309
888 308
887 308
886 307
885 306
884 306
883 305
883 304
882 304
881 303
881 302
880 302
879 301
879 300
878 300
877 299
877 298
876 298
875 297
874 296
873 295
872 294
871 294
870 293
869 293
868 292
867 291
866 290
865 290
864 289
863 288
862 288
861 287
860 286
859 285
858 284
857 284
856 283
855 283
854 282
853 281
852 280
851 280
850 279
849 279
848 278
847 278
846 277
845 277
844 276
843 276
842 276
841 276
840 275
839 275
838 274
837 274
836 274
835 273
834 272
833 272
832 272
831 271
830 270
829 270
828 269
827 269
826 268
825 267
824 266
823 266
822 266
821 265
820 264
819 264
818 264
817 263
816 262
815 262
814 262
813 262
812 261
811 261
810 261
809 261
808 261
807 261
806 261
805 261
804 260
803 260
802 260
801 260
800 259
799 259
798 259
797 259
796 259
795 259
794 259
793 259
792 259
791 259
790 259
789 259
788 259
787 259
786 259
785 259
784 259
783 259
782 259
781 259
780 259
779 259
778 259
777 259
776 259
775 259
774 259
773 259
772 259
771 259
770 258
769 258
768 258
767 258
766 257
765 257
764 257
763 257
762 257
761 257
760 256
759 256
758 256
757 256
756 255
755 255
754 254
753 254
752 254
751 254
750 253
749 253
748 253
747 253
746 253
745 253
744 253
743 253
742 253
741 253
740 253
739 253
738 253
737 253
736 253
735 253
734 252
733 252
732 252
731 252
730 251
729 251
728 250
727 250
726 250
725 250
724 249
723 249
722 249
721 249
720 249
719 249
718 248
717 248
716 248
715 248
714 247
713 247
712 247
711 247
710 246
709 246
708 246
707 246
706 245
705 245
704 244
703 244
702 244
701 244
700 243
699 243
698 243
697 243
696 243
695 243
694 242
693 242
692 241
691 241
690 240
689 240
688 239
687 239
686 239
685 239
684 239
683 239
682 239
681 239
680 238
679 238
678 238
677 238
676 237
675 237
674 237
673 237
672 237
671 237
670 236
669 236
668 236
667 236
666 235
665 235
664 235
663 235
662 235
661 235
660 235
659 235
658 235
657 235
656 235
655 235
654 235
653 235
652 235
651 235
650 235
649 235
648 235
647 235
646 235
645 235
644 235
643 235
642 235
641 235
640 235
639 235
638 235
637 235
636 235
635 235
634 235
633 235
632 235
631 235
630 235
629 235
628 235
627 235
626 235
625 235
624 235
623 235
622 235
621 235
620 235
619 235
618 235
617 235
616 235
615 235
614 235
613 235
612 235
611 235
610 235
609 235
608 235
607 235
606 235
605 235
604 234
603 234
602 234
601 234
600 234
599 234
598 234
597 234
