1456 97
1455 98
1454 98
1453 98
1452 98
1451 99
1450 98
1449 98
1448 99
1447 100
1446 100
1445 100
1444 100
1443 101
1442 101
1441 102
1440 102
1439 103
1438 103
1437 104
1436 104
1435 104
1434 104
1433 104
1432 105
1431 105
1430 105
1429 106
1428 106
1427 106
1426 106
1425 106
1424 107
1423 108
1422 108
1421 109
1420 110
1419 111
1419 112
1418 113
1418 114
1418 115
1419 115
1420 115
1421 116
1422 116
1423 117
1424 117
1425 117
1426 118
1427 118
1428 119
1429 120
1430 121
1431 122
1432 122
1433 123
1434 123
1435 124
1436 124
1437 125
1438 125
1439 126
1440 126
1441 127
1442 127
1443 128
1444 128
1445 128
1446 128
1447 128
1448 128
1449 129
1450 129
1451 129
1452 130
1453 130
1454 130
1455 130
1456 130
1457 130
1458 130
1459 130
1460 130
1461 130
1462 130
1463 129
1464 129
1465 129
1466 128
1467 128
1468 128
1469 127
1469 126
1470 125
1470 124
1471 123
1472 122
1472 121
1472 120
1473 119
1473 118
1473 117
1474 116
1474 115
1474 114
1474 113
1474 112
1474 111
1473 110
1473 109
1472 108
1471 107
1470 106
1469 105
1468 104
1467 103
1466 102
1465 101
1464 100
1463 99
1462 99
1461 98
1460 98
1459 98
1458 98
1457 98
1456 97
