512 2358
511 2359
510 2359
509 2360
508 2360
507 2361
506 2361
505 2362
504 2363
503 2363
502 2363
501 2364
500 2364
499 2364
498 2365
497 2365
496 2366
495 2366
494 2366
493 2367
492 2368
492 2369
491 2370
490 2371
490 2372
489 2373
489 2374
488 2375
488 2376
487 2377
486 2378
485 2379
485 2380
485 2381
485 2382
485 2383
485 2384
485 2385
485 2386
485 2387
485 2388
485 2389
485 2390
484 2391
484 2392
483 2393
483 2394
483 2395
483 2396
483 2397
483 2398
483 2399
483 2400
483 2401
484 2402
485 2403
486 2404
487 2405
488 2405
489 2405
490 2406
491 2406
492 2406
493 2406
494 2406
495 2406
496 2406
497 2406
498 2406
499 2406
500 2406
501 2406
502 2406
503 2405
504 2405
505 2405
506 2404
507 2404
508 2404
509 2404
510 2404
511 2404
512 2405
513 2405
514 2406
515 2407
516 2407
517 2407
518 2407
519 2407
520 2407
521 2408
522 2408
523 2408
524 2408
525 2409
526 2409
527 2410
528 2410
529 2410
530 2411
531 2411
532 2410
533 2410
534 2410
535 2410
536 2409
537 2409
538 2409
539 2409
540 2409
541 2409
542 2409
543 2409
544 2409
545 2409
546 2409
547 2409
548 2409
549 2409
550 2408
551 2408
552 2408
553 2408
554 2408
555 2408
556 2408
557 2407
558 2407
559 2406
560 2405
561 2404
562 2403
563 2402
564 2401
565 2401
566 2400
567 2399
568 2398
569 2397
569 2396
569 2395
569 2394
569 2393
569 2392
569 2391
569 2390
569 2389
569 2388
569 2387
569 2386
569 2385
568 2384
568 2383
568 2382
568 2381
568 2380
568 2379
567 2378
567 2377
567 2376
567 2375
567 2374
567 2373
567 2372
566 2371
566 2370
565 2369
565 2368
564 2367
564 2366
564 2365
563 2364
562 2363
561 2362
560 2362
559 2361
558 2361
557 2360
556 2360
555 2360
554 2359
553 2359
552 2359
551 2359
550 2359
549 2359
548 2359
547 2359
546 2360
545 2360
544 2360
543 2361
542 2361
541 2361
540 2361
539 2362
538 2362
537 2362
536 2362
535 2362
534 2362
533 2361
532 2361
531 2360
530 2360
529 2360
528 2359
527 2359
526 2359
525 2359
524 2359
523 2359
522 2358
521 2358
520 2358
519 2358
518 2358
517 2358
516 2358
515 2358
514 2358
513 2358
512 2358
