813 1031
812 1032
811 1032
810 1032
809 1033
808 1033
807 1033
806 1033
805 1033
804 1033
803 1033
802 1034
801 1034
800 1034
799 1034
798 1034
797 1034
796 1033
795 1033
794 1033
793 1033
792 1033
791 1033
790 1033
789 1033
788 1033
787 1033
786 1033
785 1033
784 1033
783 1033
782 1034
781 1034
780 1034
779 1034
778 1034
777 1034
776 1034
775 1034
774 1034
773 1034
772 1034
771 1035
770 1035
769 1035
768 1035
767 1035
766 1035
765 1035
764 1035
763 1035
762 1035
761 1035
760 1035
759 1035
758 1035
757 1036
756 1036
755 1036
754 1037
753 1037
752 1037
751 1037
750 1037
749 1037
748 1037
747 1037
746 1037
745 1037
744 1037
743 1037
742 1037
741 1037
740 1037
739 1037
738 1037
737 1037
736 1037
735 1037
734 1037
733 1037
732 1037
731 1037
730 1037
729 1037
728 1037
727 1037
726 1037
725 1037
724 1037
723 1037
722 1038
721 1038
720 1039
719 1039
718 1039
717 1040
716 1040
715 1041
714 1041
713 1042
712 1043
711 1043
710 1043
709 1043
708 1044
707 1044
706 1045
705 1045
704 1045
703 1046
702 1046
701 1047
700 1048
699 1048
698 1048
697 1049
696 1049
695 1049
694 1050
693 1050
692 1050
691 1050
690 1051
689 1052
689 1053
688 1054
688 1055
689 1056
689 1057
690 1058
691 1059
692 1060
693 1061
694 1062
695 1062
696 1063
697 1064
698 1064
699 1064
700 1065
701 1065
702 1065
703 1066
704 1066
705 1066
706 1066
707 1066
708 1067
709 1067
710 1068
711 1068
712 1069
713 1069
714 1069
715 1070
716 1070
717 1070
718 1070
719 1070
720 1071
721 1071
722 1072
723 1072
724 1072
725 1073
726 1073
727 1073
728 1074
729 1074
730 1074
731 1074
732 1074
733 1074
734 1075
735 1075
736 1076
737 1077
738 1077
739 1078
740 1078
741 1079
742 1079
743 1080
744 1080
745 1081
746 1081
747 1081
748 1081
749 1081
750 1081
751 1081
752 1082
753 1082
754 1082
755 1083
756 1083
757 1083
758 1083
759 1084
760 1084
761 1085
762 1086
763 1086
764 1086
765 1087
766 1087
767 1086
768 1086
769 1086
770 1085
771 1085
772 1085
773 1085
774 1084
775 1084
776 1084
777 1084
778 1085
779 1085
780 1085
781 1085
782 1085
783 1085
784 1084
785 1084
786 1084
787 1084
788 1083
789 1083
790 1083
791 1083
792 1083
793 1082
794 1081
795 1080
796 1079
797 1078
798 1078
799 1078
800 1077
801 1077
802 1077
803 1077
804 1077
805 1077
806 1077
807 1077
808 1078
809 1078
810 1078
811 1078
812 1079
813 1079
814 1079
815 1079
816 1079
817 1079
818 1079
819 1079
820 1079
821 1079
822 1079
823 1079
824 1079
825 1079
826 1079
827 1080
828 1080
829 1081
830 1081
831 1081
832 1082
833 1082
834 1082
835 1083
836 1083
837 1083
838 1083
839 1083
840 1082
841 1082
842 1081
842 1080
842 1079
843 1078
843 1077
843 1076
843 1075
843 1074
843 1073
843 1072
843 1071
843 1070
843 1069
843 1068
843 1067
843 1066
844 1065
844 1064
844 1063
845 1062
845 1061
845 1060
845 1059
846 1058
846 1057
846 1056
845 1055
845 1054
845 1053
845 1052
845 1051
845 1050
845 1049
845 1048
845 1047
844 1046
844 1045
843 1044
842 1043
841 1042
840 1041
840 1040
840 1039
839 1038
838 1037
838 1036
837 1035
836 1034
836 1033
835 1033
834 1032
833 1032
832 1032
831 1031
830 1031
829 1031
828 1031
827 1031
826 1031
825 1031
824 1031
823 1031
822 1031
821 1031
820 1031
819 1031
818 1031
817 1031
816 1031
815 1031
814 1031
813 1031
