1581 563
1580 564
1579 564
1578 565
1577 565
1576 566
1575 566
1574 566
1573 566
1572 566
1571 566
1570 566
1569 566
1568 566
1567 566
1566 566
1565 566
1564 566
1563 566
1562 566
1561 566
1560 566
1559 566
1558 566
1557 566
1556 566
1555 566
1554 567
1553 567
1552 567
1551 568
1550 568
1549 568
1548 568
1547 568
1546 568
1545 569
1544 569
1543 570
1542 570
1541 570
1540 570
1539 571
1538 571
1537 571
1536 572
1535 572
1534 573
1533 573
1532 573
1531 574
1530 574
1529 575
1528 575
1527 576
1526 576
1525 577
1524 577
1523 578
1522 578
1521 579
1520 579
1519 580
1519 581
1519 582
1519 583
1519 584
1519 585
1519 586
1520 587
1520 588
1521 589
1522 590
1523 591
1524 591
1525 592
1526 592
1527 593
1528 593
1529 593
1530 593
1531 593
1532 594
1533 595
1534 595
1535 595
1536 596
1537 596
1538 596
1539 597
1540 597
1541 597
1542 598
1543 598
1544 599
1545 599
1546 599
1547 600
1548 600
1549 600
1550 601
1551 601
1552 602
1553 602
1554 602
1555 603
1556 603
1557 604
1558 604
1559 605
1560 605
1561 606
1562 606
1563 606
1564 607
1565 607
1566 608
1567 608
1568 609
1569 609
1570 609
1571 610
1572 610
1573 610
1574 611
1575 611
1576 612
1577 612
1578 612
1579 613
1580 613
1581 613
1582 612
1583 612
1584 611
1585 611
1586 610
1587 609
1588 608
1589 607
1589 606
1590 605
1591 604
1591 603
1592 602
1593 601
1593 600
1594 599
1594 598
1595 597
1595 596
1595 595
1596 594
1597 593
1597 592
1598 591
1598 590
1599 589
1599 588
1600 587
1600 586
1601 585
1602 584
1603 583
1604 582
1604 581
1605 580
1605 579
1605 578
1605 577
1605 576
1604 575
1603 574
1602 573
1601 572
1600 571
1600 570
1599 569
1599 568
1598 567
1597 566
1596 565
1596 564
1595 563
1594 563
1593 563
1592 563
1591 563
1590 563
1589 563
1588 563
1587 563
1586 563
1585 563
1584 563
1583 563
1582 563
1581 563
