235 1512
234 1513
235 1514
235 1515
235 1516
235 1517
235 1518
235 1519
235 1520
235 1521
236 1522
236 1523
237 1524
237 1525
238 1526
238 1527
239 1528
239 1529
239 1530
239 1531
240 1532
240 1533
241 1534
241 1535
241 1536
242 1537
242 1538
242 1539
243 1540
243 1541
243 1542
243 1543
243 1544
243 1545
243 1546
244 1547
244 1548
245 1549
245 1550
245 1551
245 1552
246 1553
246 1554
246 1555
246 1556
247 1557
247 1558
247 1559
248 1560
248 1561
248 1562
248 1563
249 1564
250 1565
250 1566
250 1567
250 1568
250 1569
251 1570
251 1571
251 1572
252 1573
252 1574
252 1575
253 1576
253 1577
254 1577
255 1577
256 1577
257 1577
258 1576
259 1576
260 1575
261 1575
262 1574
263 1574
264 1574
265 1574
266 1574
267 1573
268 1573
269 1573
270 1572
271 1572
272 1571
273 1571
274 1571
275 1571
276 1571
277 1570
278 1570
279 1570
280 1570
281 1570
282 1570
283 1569
284 1569
285 1569
286 1569
287 1568
288 1568
289 1568
290 1567
291 1567
292 1567
293 1567
294 1566
295 1565
296 1565
297 1565
298 1566
299 1566
300 1566
301 1566
302 1566
303 1566
304 1566
305 1566
306 1566
307 1566
308 1566
309 1566
310 1566
311 1566
312 1566
313 1566
314 1566
315 1566
316 1566
317 1566
318 1566
319 1566
320 1566
321 1566
322 1566
323 1566
324 1566
325 1566
326 1566
327 1566
328 1566
329 1566
330 1566
331 1566
332 1566
333 1566
334 1566
335 1566
336 1566
337 1566
338 1566
339 1566
340 1566
341 1566
342 1566
343 1566
344 1566
345 1566
346 1566
347 1566
348 1566
349 1566
350 1565
351 1565
352 1565
353 1565
354 1565
355 1565
356 1564
357 1564
358 1564
359 1564
360 1564
361 1564
362 1563
363 1563
364 1562
365 1562
366 1561
367 1561
368 1561
369 1560
370 1559
371 1558
372 1557
373 1556
374 1555
374 1554
375 1553
376 1552
377 1551
378 1550
379 1549
379 1548
379 1547
379 1546
379 1545
379 1544
379 1543
379 1542
379 1541
379 1540
379 1539
379 1538
379 1537
378 1536
377 1535
376 1534
375 1533
374 1532
373 1531
372 1530
371 1529
370 1528
369 1528
368 1527
367 1527
366 1527
365 1526
364 1526
363 1525
362 1525
361 1525
360 1525
359 1525
358 1525
357 1525
356 1525
355 1525
354 1525
353 1525
352 1524
351 1524
350 1523
349 1523
348 1522
347 1522
346 1522
345 1522
344 1522
343 1522
342 1521
341 1521
340 1521
339 1521
338 1521
337 1521
336 1521
335 1521
334 1521
333 1520
332 1520
331 1520
330 1520
329 1520
328 1520
327 1520
326 1519
325 1519
324 1519
323 1519
322 1519
321 1519
320 1519
319 1519
318 1519
317 1519
316 1518
315 1518
314 1518
313 1517
312 1518
311 1518
310 1518
309 1518
308 1518
307 1518
306 1518
305 1518
304 1518
303 1518
302 1517
301 1517
300 1517
299 1516
298 1516
297 1516
296 1516
295 1516
294 1516
293 1515
292 1515
291 1514
290 1514
289 1514
288 1513
287 1513
286 1513
285 1513
284 1513
283 1513
282 1513
281 1513
280 1513
279 1513
278 1513
277 1513
276 1513
275 1513
274 1513
273 1513
272 1513
271 1513
270 1513
269 1513
268 1513
267 1513
266 1513
265 1513
264 1513
263 1513
262 1513
261 1513
260 1513
259 1513
258 1513
257 1513
256 1513
255 1513
254 1513
253 1513
252 1513
251 1513
250 1513
249 1513
248 1513
247 1513
246 1513
245 1513
244 1513
243 1513
242 1513
241 1513
240 1513
239 1513
238 1513
237 1513
236 1513
235 1512
