260 1065
259 1066
258 1066
257 1067
256 1068
255 1068
254 1069
253 1069
252 1070
251 1071
250 1072
249 1072
248 1072
247 1072
246 1073
245 1073
244 1074
243 1075
242 1076
241 1077
240 1078
239 1078
238 1079
237 1079
236 1080
235 1080
234 1080
233 1080
232 1080
231 1080
230 1080
229 1080
228 1080
227 1080
226 1080
225 1080
224 1080
223 1080
222 1080
221 1080
220 1080
219 1080
218 1080
217 1080
216 1080
215 1081
214 1081
213 1081
212 1081
211 1082
210 1082
209 1083
208 1083
207 1084
206 1084
205 1084
204 1084
203 1083
202 1083
201 1083
200 1082
199 1082
198 1082
197 1082
196 1082
195 1082
194 1083
193 1083
192 1083
191 1084
190 1084
189 1084
188 1084
187 1084
186 1084
185 1085
184 1085
183 1086
182 1086
181 1086
180 1086
179 1086
178 1086
177 1086
176 1087
175 1087
174 1088
173 1088
172 1089
171 1089
170 1090
169 1090
168 1091
167 1092
167 1093
167 1094
168 1095
169 1096
170 1097
171 1098
172 1099
173 1100
174 1101
174 1102
175 1103
175 1104
176 1105
176 1106
177 1107
177 1108
178 1109
179 1110
180 1111
181 1112
182 1113
183 1114
184 1115
185 1115
186 1116
187 1117
188 1118
189 1118
190 1119
191 1120
192 1120
193 1121
194 1122
195 1122
196 1122
197 1122
198 1122
199 1122
200 1122
201 1122
202 1123
203 1123
204 1123
205 1123
206 1123
207 1123
208 1123
209 1123
210 1123
211 1123
212 1123
213 1123
214 1123
215 1123
216 1123
217 1123
218 1123
219 1123
220 1123
221 1123
222 1123
223 1123
224 1123
225 1123
226 1123
227 1123
228 1123
229 1123
230 1123
231 1123
232 1123
233 1123
234 1123
235 1123
236 1123
237 1123
238 1123
239 1124
240 1124
241 1124
242 1125
243 1125
244 1125
245 1125
246 1125
247 1125
248 1125
249 1126
250 1126
251 1126
252 1126
253 1126
254 1127
255 1127
256 1127
257 1128
258 1128
259 1128
260 1128
261 1128
262 1128
263 1128
264 1128
265 1128
266 1128
267 1128
268 1127
269 1127
270 1127
271 1127
272 1127
273 1127
274 1127
275 1126
276 1125
277 1124
278 1123
279 1122
280 1121
281 1120
282 1119
283 1118
284 1117
284 1116
284 1115
284 1114
284 1113
284 1112
284 1111
284 1110
284 1109
284 1108
284 1107
284 1106
284 1105
283 1104
283 1103
282 1102
282 1101
281 1100
281 1099
281 1098
281 1097
281 1096
281 1095
281 1094
281 1093
281 1092
281 1091
282 1090
283 1089
284 1088
285 1087
286 1086
286 1085
287 1084
288 1083
288 1082
289 1081
289 1080
288 1079
287 1078
286 1077
285 1076
284 1075
283 1074
282 1073
281 1072
280 1071
279 1070
278 1070
277 1070
276 1070
275 1070
274 1070
273 1069
272 1069
271 1068
270 1068
269 1067
268 1067
267 1067
266 1067
265 1066
264 1065
263 1065
262 1065
261 1065
260 1065
