990 1338
989 1339
988 1339
987 1339
986 1339
985 1339
984 1339
983 1340
982 1340
981 1340
980 1340
979 1340
978 1340
977 1340
976 1340
975 1340
974 1341
973 1342
973 1343
972 1344
973 1345
973 1346
973 1347
974 1348
974 1349
975 1350
976 1351
977 1352
978 1352
979 1353
980 1353
981 1353
982 1353
983 1353
984 1353
985 1354
986 1355
987 1355
988 1355
989 1355
990 1355
991 1355
992 1356
993 1356
994 1356
995 1357
996 1357
997 1357
998 1358
999 1358
1000 1358
1001 1358
1002 1359
1003 1359
1004 1359
1005 1359
1006 1359
1007 1359
1008 1360
1009 1360
1010 1360
1011 1360
1012 1360
1013 1361
1014 1361
1015 1361
1016 1362
1017 1362
1018 1362
1019 1363
1020 1363
1021 1363
1022 1363
1023 1363
1024 1363
1025 1363
1026 1363
1027 1363
1028 1363
1029 1363
1030 1364
1031 1365
1032 1365
1033 1366
1034 1366
1035 1367
1036 1367
1037 1367
1038 1368
1039 1368
1040 1368
1041 1368
1042 1368
1043 1368
1044 1368
1045 1369
1046 1370
1047 1370
1048 1370
1049 1371
1050 1371
1051 1372
1052 1373
1053 1373
1054 1373
1055 1374
1056 1374
1057 1375
1058 1375
1059 1376
1060 1376
1061 1377
1062 1377
1063 1377
1064 1378
1065 1378
1066 1379
1067 1380
1068 1380
1069 1381
1070 1381
1071 1382
1072 1382
1073 1382
1074 1383
1075 1383
1076 1383
1077 1383
1078 1383
1079 1383
1080 1382
1081 1382
1082 1381
1083 1380
1083 1379
1084 1378
1085 1377
1085 1376
1086 1375
1087 1375
1088 1374
1089 1374
1090 1374
1091 1374
1092 1374
1093 1374
1094 1374
1095 1374
1096 1374
1097 1374
1098 1374
1099 1374
1100 1374
1101 1373
1102 1373
1103 1373
1104 1373
1105 1372
1106 1372
1107 1372
1108 1371
1109 1371
1110 1371
1111 1370
1112 1370
1113 1370
1114 1369
1115 1369
1116 1368
1117 1368
1118 1368
1119 1367
1120 1367
1121 1366
1122 1365
1123 1364
1124 1363
1124 1362
1125 1361
1126 1360
1127 1359
1128 1358
1128 1357
1128 1356
1128 1355
1127 1354
1126 1353
1125 1353
1124 1353
1123 1352
1122 1352
1121 1351
1120 1351
1119 1351
1118 1351
1117 1351
1116 1350
1115 1350
1114 1350
1113 1350
1112 1350
1111 1350
1110 1349
1109 1349
1108 1349
1107 1348
1106 1348
1105 1348
1104 1347
1103 1347
1102 1347
1101 1346
1100 1346
1099 1346
1098 1346
1097 1346
1096 1346
1095 1346
1094 1346
1093 1345
1092 1345
1091 1345
1090 1344
1089 1344
1088 1344
1087 1344
1086 1344
1085 1344
1084 1344
1083 1344
1082 1343
1081 1343
1080 1343
1079 1343
1078 1342
1077 1342
1076 1342
1075 1341
1074 1341
1073 1341
1072 1341
1071 1341
1070 1341
1069 1341
1068 1341
1067 1341
1066 1341
1065 1340
1064 1340
1063 1340
1062 1340
1061 1340
1060 1341
1059 1341
1058 1341
1057 1341
1056 1341
1055 1341
1054 1341
1053 1341
1052 1341
1051 1341
1050 1341
1049 1340
1048 1340
1047 1339
1046 1339
1045 1339
1044 1339
1043 1339
1042 1339
1041 1339
1040 1339
1039 1339
1038 1339
1037 1339
1036 1339
1035 1339
1034 1339
1033 1339
1032 1339
1031 1339
1030 1338
1029 1338
1028 1338
1027 1338
1026 1338
1025 1338
1024 1338
1023 1338
1022 1338
1021 1338
1020 1338
1019 1338
1018 1338
1017 1338
1016 1338
1015 1338
1014 1338
1013 1338
1012 1338
1011 1338
1010 1338
1009 1338
1008 1338
1007 1338
1006 1338
1005 1338
1004 1338
1003 1338
1002 1338
1001 1338
1000 1338
999 1338
998 1338
997 1338
996 1338
995 1338
994 1338
993 1338
992 1338
991 1338
990 1338
