387 183
386 184
385 184
384 184
383 185
382 185
381 186
380 186
379 186
378 187
377 187
376 187
375 187
374 187
373 187
372 187
371 187
370 187
369 187
368 187
367 187
366 188
365 188
364 188
363 188
362 188
361 188
360 188
359 188
358 188
357 189
356 189
355 189
354 189
353 190
352 190
351 190
350 191
349 191
348 191
347 192
346 192
345 193
344 194
343 194
342 195
341 196
341 197
340 198
340 199
339 200
339 201
338 202
338 203
338 204
338 205
337 206
337 207
337 208
337 209
337 210
338 211
338 212
338 213
338 214
338 215
338 216
338 217
338 218
338 219
338 220
339 221
339 222
339 223
340 224
340 225
340 226
341 227
341 228
342 229
343 229
344 229
345 229
346 229
347 228
348 227
349 227
350 227
351 227
352 227
353 227
354 227
355 227
356 227
357 227
358 227
359 228
360 228
361 229
362 229
363 230
364 230
365 230
366 231
367 230
368 230
369 230
370 230
371 230
372 230
373 230
374 230
375 230
376 231
377 230
378 230
379 230
380 229
381 229
382 229
383 229
384 229
385 229
386 229
387 229
388 228
389 228
390 228
391 228
392 228
393 228
394 228
395 228
396 228
397 228
398 228
399 228
400 228
401 228
402 228
403 228
404 229
405 229
406 230
407 230
408 230
409 230
410 230
411 229
412 228
413 227
413 226
414 225
415 224
415 223
415 222
415 221
415 220
415 219
416 218
416 217
416 216
416 215
416 214
416 213
416 212
416 211
416 210
416 209
416 208
416 207
416 206
415 205
414 204
414 203
413 202
412 201
411 200
410 199
409 198
409 197
408 196
407 195
406 194
405 193
404 192
403 191
402 191
401 190
400 189
399 189
398 188
397 187
396 187
395 186
394 185
393 185
392 184
391 184
390 184
389 183
388 183
387 183
