334 2392
333 2393
332 2393
331 2394
330 2394
329 2395
328 2395
327 2395
326 2395
325 2395
324 2396
323 2396
322 2396
321 2396
320 2396
319 2396
318 2397
317 2397
316 2397
315 2398
314 2398
313 2398
312 2399
311 2399
310 2400
309 2400
308 2400
307 2400
306 2400
305 2401
304 2401
303 2402
302 2403
301 2403
300 2403
299 2404
298 2404
297 2405
296 2406
295 2407
294 2407
293 2408
292 2408
291 2409
290 2410
289 2410
288 2411
287 2411
286 2412
286 2413
286 2414
286 2415
287 2416
288 2416
289 2417
290 2418
291 2419
292 2420
293 2420
294 2421
295 2421
296 2422
297 2423
298 2423
299 2424
300 2425
301 2425
302 2425
303 2425
304 2425
305 2425
306 2426
307 2426
308 2426
309 2427
310 2427
311 2427
312 2427
313 2427
314 2428
315 2429
316 2430
317 2431
318 2431
319 2432
320 2432
321 2432
322 2432
323 2432
324 2432
325 2432
326 2431
327 2431
328 2431
329 2431
330 2432
331 2432
332 2432
333 2432
334 2432
335 2432
336 2432
337 2432
338 2432
339 2432
340 2432
341 2432
342 2432
343 2432
344 2432
345 2432
346 2431
347 2431
348 2431
349 2430
350 2429
351 2429
351 2428
352 2427
353 2426
354 2426
354 2425
355 2424
356 2423
356 2422
356 2421
357 2420
358 2419
358 2418
358 2417
358 2416
358 2415
358 2414
358 2413
358 2412
358 2411
358 2410
358 2409
358 2408
358 2407
358 2406
358 2405
358 2404
357 2403
356 2402
355 2402
354 2401
353 2400
352 2399
351 2398
350 2398
349 2397
348 2397
347 2396
346 2396
345 2395
344 2395
343 2395
342 2394
341 2394
340 2393
339 2393
338 2393
337 2392
336 2392
335 2392
334 2392
