280 1954
279 1955
278 1955
277 1955
276 1955
275 1955
274 1955
273 1955
272 1955
271 1956
270 1956
269 1956
268 1957
267 1957
266 1957
265 1957
264 1957
263 1958
262 1958
261 1959
260 1960
259 1960
258 1960
257 1961
256 1961
255 1962
254 1963
253 1964
252 1965
251 1966
251 1967
250 1968
250 1969
250 1970
250 1971
249 1972
248 1973
248 1974
248 1975
247 1976
247 1977
247 1978
246 1979
246 1980
246 1981
245 1982
244 1983
244 1984
243 1985
242 1986
242 1987
241 1988
241 1989
241 1990
240 1991
239 1992
238 1993
238 1994
237 1995
236 1996
235 1997
234 1998
233 1999
232 2000
231 2001
230 2002
229 2003
228 2004
227 2005
227 2006
227 2007
227 2008
227 2009
227 2010
227 2011
227 2012
227 2013
227 2014
227 2015
227 2016
228 2017
228 2018
229 2019
229 2020
230 2021
231 2022
232 2023
233 2024
234 2024
235 2025
236 2025
237 2026
238 2026
239 2027
240 2027
241 2027
242 2028
243 2028
244 2028
245 2028
246 2029
247 2029
248 2029
249 2029
250 2029
251 2030
252 2030
253 2031
254 2031
255 2031
256 2031
257 2031
258 2031
259 2032
260 2032
261 2032
262 2033
263 2033
264 2033
265 2034
266 2034
267 2034
268 2035
269 2035
270 2035
271 2035
272 2035
273 2035
274 2035
275 2035
276 2035
277 2036
278 2036
279 2036
280 2036
281 2036
282 2036
283 2036
284 2036
285 2036
286 2036
287 2035
288 2035
289 2034
290 2034
291 2034
292 2034
293 2034
294 2034
295 2033
296 2033
297 2032
298 2032
299 2032
300 2031
301 2031
302 2030
303 2030
304 2029
305 2029
306 2028
307 2028
308 2028
309 2028
310 2028
311 2028
312 2028
313 2029
314 2029
315 2028
316 2028
317 2027
318 2027
319 2027
320 2026
321 2026
322 2026
323 2026
324 2026
325 2026
326 2026
327 2025
328 2025
329 2025
330 2025
331 2025
332 2025
333 2025
334 2025
335 2025
336 2026
337 2026
338 2026
339 2026
340 2026
341 2026
342 2027
343 2027
344 2027
345 2028
346 2028
347 2028
348 2028
349 2029
350 2029
351 2028
352 2028
353 2028
354 2029
355 2030
356 2031
357 2031
358 2032
359 2032
360 2032
361 2033
362 2033
363 2034
364 2034
365 2034
366 2035
367 2036
368 2036
369 2037
370 2037
371 2037
372 2037
373 2037
374 2037
375 2037
376 2036
377 2036
378 2036
379 2035
380 2034
381 2033
382 2032
383 2031
384 2030
385 2029
386 2028
387 2027
388 2026
389 2025
390 2024
391 2023
391 2022
392 2021
393 2020
394 2019
395 2018
396 2017
397 2016
398 2015
399 2014
399 2013
399 2012
398 2011
397 2010
397 2009
397 2008
397 2007
396 2006
396 2005
396 2004
396 2003
395 2002
395 2001
394 2000
393 1999
392 1998
391 1997
390 1996
389 1995
389 1994
388 1993
388 1992
388 1991
388 1990
388 1989
388 1988
388 1987
388 1986
388 1985
388 1984
387 1983
386 1982
386 1981
386 1980
385 1979
385 1978
384 1977
383 1976
382 1975
381 1974
380 1973
379 1972
378 1971
377 1970
376 1969
375 1969
374 1968
373 1967
372 1967
371 1966
370 1965
369 1964
368 1963
367 1962
366 1961
365 1961
364 1960
363 1960
362 1960
361 1959
360 1959
359 1958
358 1958
357 1958
356 1958
355 1958
354 1958
353 1959
352 1959
351 1959
350 1959
349 1959
348 1960
347 1960
346 1960
345 1960
344 1960
343 1960
342 1960
341 1961
340 1961
339 1961
338 1962
337 1962
336 1962
335 1962
334 1962
333 1962
332 1963
331 1964
330 1964
329 1964
328 1964
327 1965
326 1965
325 1966
324 1967
323 1968
322 1968
321 1967
320 1966
319 1966
318 1966
317 1967
316 1967
315 1966
314 1965
314 1964
314 1963
313 1962
312 1962
311 1962
310 1962
309 1962
308 1962
307 1962
306 1962
305 1961
304 1960
303 1959
302 1959
301 1959
300 1958
299 1958
298 1957
297 1956
296 1956
295 1955
294 1955
293 1955
292 1955
291 1955
290 1954
289 1954
288 1954
287 1954
286 1954
285 1954
284 1954
283 1954
282 1954
281 1954
280 1954
