533 1952
533 1953
533 1954
533 1955
533 1956
533 1957
533 1958
533 1959
533 1960
533 1961
533 1962
533 1963
533 1964
533 1965
533 1966
533 1967
533 1968
533 1969
533 1970
533 1971
533 1972
533 1973
533 1974
533 1975
533 1976
533 1977
533 1978
533 1979
534 1980
534 1981
534 1982
534 1983
534 1984
534 1985
534 1986
534 1987
534 1988
535 1989
535 1990
535 1991
535 1992
535 1993
535 1994
535 1995
536 1996
536 1997
537 1998
537 1999
538 2000
539 2001
540 2002
541 2003
542 2004
543 2004
544 2005
545 2005
546 2005
547 2005
548 2006
549 2006
550 2006
551 2007
552 2007
553 2007
554 2007
555 2007
556 2007
557 2007
558 2007
559 2007
560 2007
561 2007
562 2007
563 2008
564 2008
565 2008
566 2008
567 2008
568 2008
569 2008
570 2008
571 2008
572 2009
573 2010
574 2010
575 2011
576 2011
577 2012
578 2012
579 2013
580 2013
581 2014
582 2015
583 2016
584 2017
585 2018
586 2018
587 2019
588 2019
589 2019
590 2019
591 2020
592 2020
593 2020
594 2021
595 2021
596 2022
597 2023
598 2024
599 2024
600 2025
601 2025
602 2026
603 2027
604 2027
605 2028
606 2028
607 2028
608 2028
609 2028
610 2028
611 2027
612 2027
612 2026
613 2025
614 2024
615 2023
616 2022
617 2021
618 2020
619 2020
620 2020
621 2020
622 2020
623 2020
624 2020
625 2020
626 2021
627 2021
628 2021
629 2021
630 2021
631 2021
632 2021
633 2021
634 2022
635 2022
636 2022
637 2023
638 2023
639 2023
640 2023
641 2022
642 2022
643 2021
644 2020
645 2020
646 2020
647 2020
648 2020
649 2020
650 2020
651 2019
652 2018
653 2018
654 2018
655 2018
656 2018
657 2017
658 2017
659 2016
660 2016
661 2016
662 2015
663 2014
664 2013
665 2012
666 2011
667 2010
667 2009
668 2008
668 2007
668 2006
669 2005
669 2004
670 2003
670 2002
671 2001
671 2000
671 1999
671 1998
671 1997
671 1996
671 1995
672 1994
672 1993
672 1992
672 1991
671 1990
671 1989
671 1988
670 1987
670 1986
670 1985
670 1984
670 1983
670 1982
670 1981
670 1980
670 1979
670 1978
670 1977
670 1976
670 1975
670 1974
670 1973
670 1972
669 1971
669 1970
668 1969
667 1969
666 1968
665 1967
665 1966
664 1965
663 1964
662 1963
661 1962
660 1961
659 1961
658 1960
657 1959
656 1959
655 1958
654 1958
653 1958
652 1958
651 1958
650 1959
649 1960
648 1960
647 1960
646 1960
645 1959
644 1959
643 1959
642 1958
641 1957
640 1956
639 1955
639 1954
638 1953
637 1953
636 1953
635 1953
634 1953
633 1953
632 1953
631 1953
630 1953
629 1953
628 1953
627 1953
626 1953
625 1953
624 1953
623 1953
622 1954
621 1954
620 1954
619 1954
618 1954
617 1954
616 1953
615 1952
614 1952
613 1952
612 1952
611 1952
610 1952
609 1952
608 1952
607 1952
606 1952
605 1952
604 1953
603 1954
602 1954
601 1954
600 1953
599 1953
598 1953
597 1953
596 1953
595 1953
594 1953
593 1953
592 1952
591 1952
590 1952
589 1952
588 1952
587 1952
586 1952
585 1952
584 1952
583 1952
582 1952
581 1952
580 1952
579 1952
578 1953
577 1953
576 1953
575 1953
574 1953
573 1954
572 1954
571 1954
570 1954
569 1954
568 1954
567 1954
566 1954
565 1954
564 1954
563 1954
562 1954
561 1954
560 1954
559 1954
558 1954
557 1954
556 1954
555 1954
554 1954
553 1954
552 1954
551 1954
550 1954
549 1953
548 1953
547 1953
546 1953
545 1953
544 1953
543 1953
542 1953
541 1953
540 1953
539 1952
538 1952
537 1952
536 1952
535 1952
534 1952
533 1952
