1044 1911
1043 1912
1042 1912
1041 1912
1040 1912
1039 1912
1038 1912
1037 1912
1036 1912
1035 1912
1034 1912
1033 1912
1032 1912
1031 1912
1030 1913
1029 1913
1028 1914
1027 1914
1026 1915
1025 1915
1024 1915
1023 1915
1022 1916
1021 1916
1020 1916
1019 1916
1018 1917
1017 1917
1016 1917
1015 1918
1014 1918
1013 1919
1012 1919
1011 1919
1010 1919
1009 1919
1008 1919
1007 1920
1006 1920
1005 1920
1004 1921
1003 1922
1002 1923
1001 1924
1000 1925
1000 1926
999 1927
998 1928
997 1929
996 1930
995 1931
995 1932
994 1933
994 1934
994 1935
994 1936
993 1937
993 1938
993 1939
993 1940
993 1941
993 1942
993 1943
993 1944
993 1945
993 1946
994 1947
994 1948
994 1949
995 1950
995 1951
996 1952
997 1953
997 1954
998 1955
998 1956
998 1957
999 1957
1000 1957
1001 1957
1002 1957
1003 1957
1004 1958
1005 1958
1006 1959
1007 1959
1008 1959
1009 1959
1010 1959
1011 1959
1012 1959
1013 1960
1014 1960
1015 1961
1016 1961
1017 1961
1018 1962
1019 1962
1020 1962
1021 1962
1022 1963
1023 1963
1024 1963
1025 1963
1026 1963
1027 1964
1028 1964
1029 1964
1030 1965
1031 1965
1032 1965
1033 1965
1034 1965
1035 1965
1036 1965
1037 1965
1038 1965
1039 1966
1040 1966
1041 1966
1042 1967
1043 1967
1044 1967
1045 1967
1046 1968
1047 1968
1048 1968
1049 1968
1050 1969
1051 1970
1052 1970
1053 1970
1054 1971
1055 1971
1056 1972
1057 1972
1058 1973
1059 1973
1060 1974
1061 1974
1062 1975
1063 1975
1064 1976
1065 1976
1066 1976
1067 1977
1068 1977
1069 1977
1070 1977
1071 1977
1072 1977
1073 1977
1074 1977
1075 1977
1076 1978
1077 1978
1078 1978
1079 1978
1080 1978
1081 1978
1082 1978
1083 1978
1084 1978
1085 1978
1086 1978
1087 1978
1088 1978
1089 1978
1090 1978
1091 1978
1092 1977
1093 1977
1094 1977
1095 1977
1096 1977
1097 1977
1098 1977
1099 1977
1100 1977
1101 1977
1102 1976
1103 1976
1104 1976
1105 1975
1106 1975
1107 1974
1108 1973
1109 1972
1110 1971
1111 1970
1112 1969
1113 1968
1114 1967
1115 1966
1115 1965
1115 1964
1116 1963
1116 1962
1117 1961
1117 1960
1117 1959
1117 1958
1117 1957
1117 1956
1117 1955
1117 1954
1117 1953
1116 1952
1116 1951
1116 1950
1116 1949
1116 1948
1116 1947
1115 1946
1115 1945
1115 1944
1115 1943
1115 1942
1115 1941
1115 1940
1115 1939
1115 1938
1115 1937
1115 1936
1115 1935
1114 1934
1114 1933
1114 1932
1114 1931
1113 1930
1113 1929
1113 1928
1112 1927
1111 1926
1110 1925
1109 1924
1108 1923
1107 1922
1106 1922
1105 1921
1104 1920
1103 1919
1102 1918
1101 1917
1100 1916
1099 1916
1098 1915
1097 1915
1096 1914
1095 1914
1094 1914
1093 1914
1092 1914
1091 1914
1090 1914
1089 1914
1088 1914
1087 1914
1086 1914
1085 1915
1084 1915
1083 1915
1082 1915
1081 1915
1080 1915
1079 1914
1078 1914
1077 1914
1076 1914
1075 1914
1074 1914
1073 1914
1072 1914
1071 1914
1070 1914
1069 1914
1068 1914
1067 1914
1066 1914
1065 1914
1064 1914
1063 1913
1062 1913
1061 1913
1060 1913
1059 1913
1058 1913
1057 1912
1056 1912
1055 1912
1054 1912
1053 1912
1052 1912
1051 1912
1050 1912
1049 1912
1048 1911
1047 1911
1046 1911
1045 1911
1044 1911
