718 816
717 817
716 818
716 819
715 820
715 821
714 822
713 823
712 823
711 823
710 822
709 822
708 822
707 822
706 823
705 824
704 825
704 826
703 827
703 828
702 829
701 830
700 831
699 832
698 833
697 834
696 835
695 836
694 837
694 838
693 839
693 840
693 841
694 842
694 843
695 844
696 845
697 846
698 847
699 848
699 849
700 850
701 851
702 851
703 852
704 853
705 853
706 854
707 854
708 855
709 855
710 855
711 856
712 856
713 856
714 856
715 856
716 856
717 857
718 857
719 857
720 858
721 858
722 858
723 858
724 858
725 858
726 858
727 858
728 859
729 859
730 859
731 859
732 859
733 859
734 859
735 860
736 860
737 860
738 861
739 861
740 861
741 861
742 861
743 861
744 861
745 861
746 861
747 861
748 861
749 861
750 861
751 861
752 861
753 861
754 862
755 862
756 862
757 862
758 862
759 862
760 862
761 862
762 862
763 861
764 861
765 860
766 860
767 860
768 859
769 859
770 859
771 859
772 859
773 859
774 859
775 859
776 859
777 859
778 858
779 858
780 858
781 858
782 857
783 856
784 855
785 854
786 854
787 853
788 853
789 852
790 852
791 851
792 851
793 850
794 850
795 849
796 848
797 848
798 847
799 846
800 846
800 845
801 844
801 843
802 842
802 841
802 840
803 839
803 838
803 837
803 836
803 835
802 834
802 833
802 832
801 831
800 830
800 829
799 828
798 827
797 827
796 826
795 825
794 825
793 824
792 824
791 824
790 823
789 824
788 824
787 824
786 824
785 824
784 824
783 824
782 824
781 824
780 824
779 824
778 824
777 824
776 824
775 824
774 824
773 824
772 824
771 824
770 824
769 824
768 823
767 822
766 821
765 820
764 819
763 818
762 818
761 817
760 816
759 816
758 816
757 816
756 816
755 816
754 816
753 816
752 816
751 816
750 817
749 817
748 818
747 818
746 818
745 818
744 818
743 819
742 820
741 821
740 822
739 822
738 822
737 821
736 821
735 821
734 821
733 821
732 821
731 821
730 821
729 821
728 820
727 820
726 819
725 819
724 818
723 817
722 816
721 816
720 816
719 816
718 816
