802 704
801 705
800 705
799 705
798 705
797 706
796 706
795 706
794 706
793 706
792 706
791 706
790 706
789 706
788 706
787 706
786 706
785 705
784 705
783 705
782 705
781 705
780 705
779 705
778 705
777 705
776 705
775 705
774 705
773 705
772 705
771 705
770 705
769 705
768 705
767 705
766 705
765 705
764 705
763 705
762 705
761 705
760 705
759 705
758 706
757 706
756 706
755 706
754 706
753 707
752 707
751 707
750 707
749 707
748 707
747 707
746 707
745 707
744 707
743 707
742 707
741 707
740 707
739 707
738 707
737 707
736 708
735 708
734 709
733 709
732 710
731 710
730 710
729 710
728 710
727 710
726 710
725 710
724 710
723 710
722 710
721 710
720 710
719 710
718 710
717 710
716 711
715 711
714 712
713 713
712 714
711 714
710 714
709 714
708 714
707 714
706 714
705 715
704 715
703 716
702 716
701 716
700 716
699 716
698 716
697 716
696 717
695 717
694 717
693 717
692 717
691 717
690 717
689 717
688 717
687 716
686 716
685 716
684 716
683 716
682 716
681 716
680 715
679 715
678 715
677 714
676 714
675 713
674 713
673 712
672 712
671 712
670 712
669 711
668 711
667 711
666 710
665 710
664 709
663 709
662 708
661 708
660 707
659 707
658 707
657 707
656 706
655 706
654 705
653 705
652 705
651 705
650 705
649 705
648 705
647 705
646 705
645 705
644 706
643 707
642 708
641 708
641 709
640 710
639 711
638 712
637 713
637 714
637 715
636 716
635 717
634 718
634 719
633 720
632 721
633 722
633 723
633 724
634 725
634 726
635 727
636 728
636 729
636 730
637 731
637 732
637 733
637 734
638 735
638 736
639 737
639 738
639 739
639 740
639 741
640 742
640 743
641 744
641 745
641 746
642 747
643 748
644 749
645 750
646 751
647 752
648 752
649 753
650 754
651 755
652 756
653 757
654 758
655 758
656 759
657 760
658 761
659 762
660 762
661 763
662 763
663 764
664 765
665 765
666 766
667 766
668 767
669 767
670 768
671 768
672 768
673 768
674 768
675 768
676 768
677 768
678 768
679 768
680 768
681 768
682 768
683 769
684 769
685 769
686 769
687 770
688 769
689 770
690 770
691 770
692 771
693 772
694 772
695 772
696 772
697 773
698 773
699 773
700 774
701 774
702 774
703 775
704 775
705 775
706 776
707 776
708 776
709 776
710 776
711 776
712 776
713 776
714 776
715 776
716 776
717 776
718 776
719 776
720 775
721 775
722 775
723 775
724 775
725 775
726 775
727 775
728 775
729 774
730 774
731 774
732 774
733 774
734 774
735 774
736 774
737 774
738 774
739 774
740 774
741 774
742 774
743 774
744 774
745 774
746 774
747 774
748 774
749 774
750 774
751 774
752 774
753 774
754 774
755 774
756 774
757 774
758 774
759 774
760 774
761 774
762 774
763 774
764 774
765 774
766 774
767 774
768 774
769 774
770 774
771 774
772 774
773 774
774 774
775 774
776 774
777 774
778 774
779 774
780 774
781 774
782 774
783 774
784 774
785 774
786 774
787 774
788 774
789 774
790 774
791 774
792 774
793 774
794 774
795 774
796 774
797 774
798 774
799 774
800 774
801 774
802 774
803 774
804 775
805 775
806 775
807 775
808 775
809 775
810 775
811 775
812 775
813 776
814 776
815 776
816 776
817 777
818 777
819 777
820 778
821 778
822 778
823 778
824 778
825 779
826 779
827 779
828 779
829 779
830 780
831 780
832 780
833 780
834 780
835 780
836 780
837 780
838 780
839 780
840 780
841 780
842 780
843 780
844 779
845 778
846 778
847 777
848 777
849 776
850 776
851 776
852 776
853 775
854 774
855 774
856 773
857 772
858 772
859 772
860 772
861 771
862 771
863 770
864 769
865 768
865 767
866 766
867 765
867 764
867 763
867 762
867 761
867 760
867 759
867 758
867 757
867 756
867 755
867 754
867 753
867 752
867 751
866 750
865 749
865 748
865 747
865 746
865 745
865 744
865 743
865 742
865 741
864 740
864 739
863 738
863 737
862 737
861 736
860 735
860 734
859 733
858 733
857 732
857 731
856 730
855 729
854 728
854 727
853 726
852 725
851 724
850 723
849 722
848 721
847 720
846 719
845 718
844 717
843 716
842 715
841 714
840 713
839 712
838 712
837 711
836 710
835 709
834 709
833 708
832 707
831 707
830 707
829 706
828 706
827 706
826 706
825 706
824 705
823 705
822 705
821 705
820 705
819 705
818 705
817 705
816 705
815 705
814 705
813 705
812 705
811 705
810 705
809 705
808 705
807 704
806 704
805 704
804 704
803 704
802 704
