1549 1403
1548 1404
1547 1404
1546 1404
1545 1404
1544 1405
1543 1405
1542 1405
1541 1405
1540 1405
1539 1405
1538 1406
1537 1406
1536 1406
1535 1406
1534 1407
1533 1407
1532 1407
1531 1407
1530 1407
1529 1407
1528 1407
1527 1407
1526 1407
1525 1407
1524 1408
1523 1408
1522 1408
1521 1408
1520 1409
1519 1409
1518 1409
1517 1409
1516 1409
1515 1409
1514 1410
1513 1410
1512 1410
1511 1410
1510 1411
1509 1411
1508 1411
1507 1411
1506 1411
1505 1411
1504 1411
1503 1411
1502 1411
1501 1411
1500 1411
1499 1411
1498 1411
1497 1411
1496 1411
1495 1411
1494 1411
1493 1411
1492 1411
1491 1411
1490 1412
1489 1412
1488 1412
1487 1412
1486 1413
1485 1413
1484 1413
1483 1413
1482 1414
1481 1414
1480 1415
1479 1415
1478 1416
1477 1416
1476 1417
1475 1417
1474 1417
1473 1417
1472 1416
1471 1416
1470 1416
1469 1416
1468 1416
1467 1416
1466 1416
1465 1416
1464 1417
1463 1417
1462 1417
1461 1417
1460 1417
1459 1417
1458 1417
1457 1417
1456 1417
1455 1417
1454 1417
1453 1417
1452 1417
1451 1417
1450 1417
1449 1417
1448 1417
1447 1417
1446 1417
1445 1417
1444 1417
1443 1417
1442 1417
1441 1417
1440 1417
1439 1417
1438 1418
1437 1418
1436 1418
1435 1418
1434 1419
1433 1419
1432 1419
1431 1419
1430 1419
1429 1419
1428 1419
1427 1419
1426 1418
1425 1418
1424 1418
1423 1418
1422 1417
1421 1417
1420 1417
1419 1417
1418 1417
1417 1417
1416 1417
1415 1417
1414 1417
1413 1417
1412 1417
1411 1417
1410 1417
1409 1417
1408 1417
1407 1417
1406 1417
1405 1417
1404 1417
1403 1417
1402 1417
1401 1417
1400 1417
1399 1417
1398 1417
1397 1417
1396 1417
1395 1417
1394 1417
1393 1417
1392 1417
1391 1417
1390 1417
1389 1417
1388 1417
1387 1417
1386 1417
1385 1417
1384 1417
1383 1417
1382 1417
1381 1417
1380 1417
1379 1417
1378 1418
1377 1418
1376 1419
1375 1419
1374 1420
1373 1420
1372 1421
1371 1421
1370 1421
1369 1421
1368 1421
1367 1421
1366 1421
1365 1421
1364 1421
1363 1421
1362 1421
1361 1421
1360 1421
1359 1421
1358 1421
1357 1421
1356 1420
1355 1420
1354 1420
1353 1420
1352 1419
1351 1419
1350 1419
1349 1419
1348 1419
1347 1419
1346 1419
1345 1419
1344 1419
1343 1419
1342 1419
1341 1419
1340 1419
1339 1419
1338 1419
1337 1419
1336 1419
1335 1419
1334 1419
1333 1419
1332 1419
1331 1419
1330 1419
1329 1419
1328 1420
1327 1420
1326 1420
1325 1420
1324 1421
1323 1421
1322 1421
1321 1421
1320 1421
1319 1421
1318 1422
1317 1422
1316 1422
1315 1422
1314 1423
1313 1424
1312 1425
1311 1426
1310 1426
1309 1427
1308 1428
1307 1428
1306 1429
1305 1429
1304 1430
1303 1430
1302 1431
1301 1431
1300 1432
1299 1432
1298 1433
1297 1434
1296 1435
1295 1435
1294 1436
1293 1437
1292 1438
1291 1439
1290 1440
1290 1441
1289 1442
1288 1443
1288 1444
1288 1445
1288 1446
1287 1447
1287 1448
1287 1449
1287 1450
1287 1451
1287 1452
1288 1453
1288 1454
1288 1455
1288 1456
1289 1457
1289 1458
1289 1459
1289 1460
1289 1461
1289 1462
1289 1463
1289 1464
1289 1465
1289 1466
1290 1467
1290 1468
1290 1469
1290 1470
1291 1471
1291 1472
1291 1473
1291 1474
1292 1475
1292 1476
1292 1477
1292 1478
1293 1479
1293 1480
1293 1481
1293 1482
1293 1483
1293 1484
1294 1485
1294 1486
1295 1487
1296 1488
1296 1489
1297 1489
1298 1490
1299 1491
1300 1491
1301 1492
1302 1492
1303 1493
1304 1493
1305 1494
1306 1494
1307 1495
1308 1495
1309 1496
1310 1496
1311 1497
1312 1497
1313 1497
1314 1498
1315 1499
1316 1499
1317 1499
1318 1500
1319 1501
1320 1501
1321 1502
1322 1503
1323 1503
1324 1504
1324 1505
1325 1505
1326 1506
1327 1507
1328 1508
1329 1509
1330 1509
1331 1510
1332 1511
1333 1512
1334 1513
1335 1514
1336 1515
1337 1516
1338 1517
1339 1518
1340 1518
1341 1519
1342 1520
1343 1521
1344 1521
1345 1522
1346 1522
1347 1523
1348 1524
1349 1525
1350 1525
1351 1525
1352 1526
1353 1527
1354 1527
1355 1528
1356 1529
1357 1530
1358 1531
1358 1532
1359 1533
1360 1534
1361 1535
1362 1536
1362 1537
1363 1537
1364 1538
1364 1539
1365 1539
1366 1540
1367 1541
1368 1542
1369 1543
1370 1543
1371 1544
1372 1545
1373 1546
1374 1547
1374 1548
1375 1549
1376 1550
1377 1551
1377 1552
1378 1553
1378 1554
1379 1555
1379 1556
1379 1557
1379 1558
1380 1559
1380 1560
1380 1561
1380 1562
1381 1563
1381 1564
1381 1565
1381 1566
1381 1567
1381 1568
1381 1569
1381 1570
1382 1570
1383 1570
1384 1570
1385 1570
1386 1570
1387 1570
1388 1570
1389 1571
1390 1571
1391 1572
1392 1573
1393 1573
1394 1574
1394 1575
1395 1575
1396 1576
1396 1577
1397 1577
1398 1578
1398 1579
1399 1580
1400 1581
1400 1582
1401 1583
1401 1584
1402 1585
1402 1586
1403 1587
1404 1588
1404 1589
1405 1589
1406 1590
1407 1591
1408 1591
1409 1592
1410 1592
1411 1592
1412 1592
1413 1593
1414 1593
1415 1594
1416 1595
1417 1595
1418 1596
1419 1597
1420 1598
1421 1599
1422 1599
1423 1599
1424 1599
1425 1600
1426 1600
1427 1601
1428 1601
1429 1602
1430 1603
1431 1603
1432 1604
1432 1605
1433 1605
1434 1606
1434 1607
1435 1607
1436 1608
1437 1609
1438 1609
1439 1610
1440 1610
1441 1610
1442 1610
1443 1611
1444 1611
1445 1611
1446 1612
1447 1613
1448 1613
1449 1614
1450 1614
1451 1615
1452 1615
1453 1616
1454 1616
1455 1616
1456 1616
1457 1617
1458 1617
1459 1617
1460 1617
1461 1618
1462 1618
1463 1619
1464 1619
1465 1619
1466 1620
1467 1621
1468 1621
1469 1621
1470 1621
1471 1622
1472 1622
1473 1622
1474 1622
1475 1622
1476 1622
1477 1623
1478 1623
1479 1624
1480 1624
1481 1625
1482 1625
1483 1626
1484 1626
1485 1626
1486 1626
1487 1626
1488 1626
1489 1626
1490 1626
1491 1626
1492 1626
1493 1626
1494 1626
1495 1626
1496 1626
1497 1626
1498 1626
1499 1627
1500 1627
1501 1627
1502 1627
1503 1628
1504 1628
1505 1628
1506 1628
1507 1628
1508 1628
1509 1628
1510 1628
1511 1629
1512 1629
1513 1629
1514 1629
1515 1630
1516 1630
1517 1630
1518 1630
1519 1631
1520 1631
1521 1631
1522 1632
1523 1633
1524 1633
1525 1633
1526 1633
1527 1634
1528 1634
1529 1635
1530 1635
1531 1635
1532 1635
1533 1636
1534 1636
1535 1636
1536 1636
1537 1637
1538 1637
1539 1637
1540 1637
1541 1638
1542 1638
1543 1638
1544 1638
1545 1638
1546 1638
1547 1639
1548 1639
1549 1639
1550 1639
1551 1640
1552 1640
1553 1641
1554 1641
1555 1641
1556 1641
1557 1642
1558 1642
1559 1642
1560 1642
1561 1643
1562 1643
1563 1643
1564 1643
1565 1644
1566 1644
1567 1644
1568 1644
1569 1644
1570 1644
1571 1645
1572 1645
1573 1645
1574 1645
1575 1646
1576 1646
1577 1646
1578 1646
1579 1646
1580 1646
1581 1646
1582 1646
1583 1646
1584 1646
1585 1646
1586 1646
1587 1646
1588 1646
1589 1646
1590 1646
1591 1646
1592 1646
1593 1646
1594 1646
1595 1646
1596 1646
1597 1646
1598 1646
1599 1646
1600 1646
1601 1646
1602 1646
1603 1646
1604 1646
1605 1646
1606 1646
1607 1646
1608 1646
1609 1646
1610 1646
1611 1646
1612 1646
1613 1646
1614 1646
1615 1646
1616 1646
1617 1646
1618 1646
1619 1646
1620 1646
1621 1646
1622 1646
1623 1646
1624 1646
1625 1646
1626 1646
1627 1646
1628 1646
1629 1646
1630 1646
1631 1645
1632 1645
1633 1645
1634 1645
1635 1644
1636 1644
1637 1644
1638 1644
1639 1644
1640 1644
1641 1644
1642 1644
1643 1644
1644 1644
1645 1644
1646 1644
1647 1644
1648 1644
1649 1644
1650 1644
1651 1644
1652 1644
1653 1644
1654 1644
1655 1644
1656 1644
1657 1644
1658 1644
1659 1644
1660 1644
1661 1644
1662 1644
1663 1644
1664 1644
1665 1644
1666 1644
1667 1644
1668 1644
1669 1644
1670 1644
1671 1644
1672 1644
1673 1644
1674 1644
1675 1644
1676 1644
1677 1644
1678 1644
1679 1644
1680 1644
1681 1644
1682 1644
1683 1644
1684 1644
1685 1644
1686 1644
1687 1644
1688 1644
1689 1644
1690 1644
1691 1644
1692 1644
1693 1644
1694 1644
1695 1644
1696 1644
1697 1644
1698 1644
1699 1644
1700 1644
1701 1644
1702 1644
1703 1644
1704 1644
1705 1644
1706 1644
1707 1644
1708 1644
1709 1644
1710 1644
1711 1644
1712 1644
1713 1643
1714 1643
1715 1643
1716 1643
1717 1642
1718 1642
1719 1642
1720 1642
1721 1642
1722 1642
1723 1642
1724 1642
1725 1642
1726 1642
1727 1642
1728 1642
1729 1642
1730 1642
1731 1642
1732 1642
1733 1641
1734 1641
1735 1641
1736 1641
1737 1640
1738 1640
1739 1639
1740 1639
1741 1639
1742 1639
1743 1638
1744 1638
1745 1638
1746 1638
1747 1637
1748 1637
1749 1637
1750 1637
1751 1636
1752 1636
1753 1636
1754 1636
1755 1635
1756 1635
1757 1635
1758 1635
1759 1634
1760 1634
1761 1634
1762 1634
1763 1634
1764 1634
1765 1634
1766 1634
1767 1633
1768 1633
1769 1633
1770 1633
1771 1632
1772 1631
1773 1631
1774 1631
1775 1630
1776 1629
1777 1629
1778 1629
1779 1628
1780 1627
1781 1627
1782 1627
1783 1626
1784 1625
1785 1625
1786 1625
1787 1624
1788 1624
1789 1623
1790 1623
1791 1623
1792 1623
1793 1622
1794 1622
1795 1621
1796 1621
1797 1621
1798 1621
1799 1620
1800 1620
1801 1619
1802 1619
1803 1619
1804 1619
1805 1618
1806 1618
1807 1617
1808 1617
1809 1617
1810 1617
1811 1616
1812 1616
1813 1615
1814 1615
1815 1615
1816 1615
1817 1614
1818 1614
1819 1613
1820 1613
1821 1613
1822 1613
1823 1612
1824 1612
1825 1612
1826 1612
1827 1611
1828 1611
1829 1611
1830 1611
1831 1610
1832 1610
1833 1609
1834 1609
1835 1609
1836 1609
1837 1608
1838 1608
1839 1607
1840 1607
1841 1607
1842 1607
1843 1606
1844 1605
1845 1604
1846 1603
1847 1602
1847 1601
1847 1600
1848 1599
1849 1598
1849 1597
1850 1596
1851 1595
1851 1594
1852 1593
1853 1592
1854 1591
1855 1590
1855 1589
1856 1588
1857 1587
1858 1587
1859 1586
1860 1585
1861 1585
1862 1585
1863 1584
1864 1583
1865 1582
1866 1581
1867 1580
1867 1579
1868 1578
1868 1577
1868 1576
1868 1575
1869 1574
1869 1573
1870 1572
1871 1571
1872 1571
1873 1570
1874 1569
1875 1568
1875 1567
1876 1566
1876 1565
1876 1564
1876 1563
1876 1562
1876 1561
1876 1560
1876 1559
1876 1558
1876 1557
1877 1556
1877 1555
1877 1554
1877 1553
1878 1552
1878 1551
1878 1550
1878 1549
1879 1548
1879 1547
1879 1546
1879 1545
1880 1544
1880 1543
1880 1542
1880 1541
1880 1540
1880 1539
1880 1538
1880 1537
1880 1536
1880 1535
1880 1534
1880 1533
1880 1532
1880 1531
1880 1530
1880 1529
1880 1528
1880 1527
1880 1526
1880 1525
1880 1524
1880 1523
1880 1522
1880 1521
1880 1520
1880 1519
1880 1518
1880 1517
1879 1516
1879 1515
1879 1514
1879 1513
1878 1512
1877 1511
1877 1510
1877 1509
1876 1508
1876 1507
1875 1506
1875 1505
1875 1504
1875 1503
1874 1502
1873 1501
1873 1500
1873 1499
1872 1498
1872 1497
1871 1496
1871 1495
1871 1494
1871 1493
1870 1492
1869 1491
1869 1490
1869 1489
1868 1488
1867 1487
1867 1486
1867 1485
1866 1484
1866 1483
1866 1482
1866 1481
1865 1480
1865 1479
1864 1478
1864 1477
1863 1476
1863 1475
1862 1474
1862 1473
1861 1472
1861 1471
1860 1470
1860 1469
1859 1468
1859 1467
1858 1466
1857 1465
1857 1464
1857 1463
1856 1462
1856 1461
1855 1460
1855 1459
1854 1458
1854 1457
1853 1456
1853 1455
1852 1454
1851 1453
1851 1452
1851 1451
1850 1450
1850 1449
1849 1448
1849 1447
1848 1446
1847 1445
1847 1444
1846 1444
1845 1443
1845 1442
1844 1442
1843 1441
1843 1440
1842 1440
1841 1439
1841 1438
1840 1438
1839 1437
1838 1436
1837 1436
1836 1435
1835 1435
1834 1435
1833 1435
1832 1435
1831 1435
1830 1435
1829 1435
1828 1435
1827 1435
1826 1435
1825 1435
1824 1435
1823 1435
1822 1434
1821 1434
1820 1433
1819 1432
1818 1432
1817 1431
1817 1430
1816 1430
1815 1429
1814 1428
1813 1427
1812 1426
1811 1426
1810 1426
1809 1425
1808 1424
1807 1424
1806 1423
1805 1422
1804 1422
1803 1421
1802 1420
1801 1419
1800 1418
1799 1418
1798 1417
1797 1417
1796 1416
1795 1415
1794 1414
1793 1414
1792 1414
1791 1414
1790 1413
1789 1413
1788 1413
1787 1413
1786 1413
1785 1413
1784 1413
1783 1413
1782 1413
1781 1413
1780 1413
1779 1413
1778 1413
1777 1413
1776 1413
1775 1413
1774 1413
1773 1413
1772 1413
1771 1413
1770 1412
1769 1412
1768 1412
1767 1412
1766 1411
1765 1411
1764 1411
1763 1411
1762 1410
1761 1410
1760 1410
1759 1410
1758 1409
1757 1409
1756 1409
1755 1409
1754 1409
1753 1409
1752 1409
1751 1409
1750 1409
1749 1409
1748 1409
1747 1409
1746 1409
1745 1409
1744 1408
1743 1408
1742 1408
1741 1408
1740 1407
1739 1407
1738 1407
1737 1407
1736 1407
1735 1407
1734 1407
1733 1407
1732 1407
1731 1407
1730 1407
1729 1407
1728 1407
1727 1407
1726 1407
1725 1407
1724 1407
1723 1407
1722 1407
1721 1407
1720 1407
1719 1407
1718 1407
1717 1407
1716 1407
1715 1407
1714 1407
1713 1407
1712 1407
1711 1407
1710 1408
1709 1408
1708 1408
1707 1408
1706 1409
1705 1409
1704 1409
1703 1409
1702 1410
1701 1410
1700 1410
1699 1410
1698 1411
1697 1411
1696 1411
1695 1411
1694 1411
1693 1411
1692 1411
1691 1411
1690 1411
1689 1411
1688 1411
1687 1411
1686 1411
1685 1411
1684 1411
1683 1411
1682 1411
1681 1411
1680 1411
1679 1411
1678 1411
1677 1411
1676 1411
1675 1411
1674 1411
1673 1411
1672 1411
1671 1411
1670 1411
1669 1411
1668 1411
1667 1411
1666 1411
1665 1411
1664 1411
1663 1411
1662 1411
1661 1411
1660 1411
1659 1411
1658 1411
1657 1411
1656 1411
1655 1411
1654 1411
1653 1411
1652 1411
1651 1411
1650 1411
1649 1411
1648 1411
1647 1411
1646 1411
1645 1411
1644 1411
1643 1411
1642 1411
1641 1411
1640 1411
1639 1411
1638 1411
1637 1411
1636 1411
1635 1411
1634 1411
1633 1411
1632 1411
1631 1411
1630 1410
1629 1410
1628 1409
1627 1408
1626 1408
1625 1408
1624 1408
1623 1409
1622 1410
1621 1410
1620 1411
1619 1411
1618 1411
1617 1412
1616 1412
1615 1412
1614 1412
1613 1413
1612 1413
1611 1413
1610 1413
1609 1413
1608 1413
1607 1413
1606 1413
1605 1413
1604 1413
1603 1412
1602 1412
1601 1413
1600 1413
1599 1413
1598 1413
1597 1413
1596 1413
1595 1413
1594 1413
1593 1413
1592 1413
1591 1412
1590 1412
1589 1412
1588 1412
1587 1411
1586 1411
1585 1411
1584 1410
1583 1410
1582 1409
1581 1408
1580 1408
1579 1407
1578 1406
1577 1405
1576 1404
1575 1403
1574 1403
1573 1403
1572 1403
1571 1403
1570 1403
1569 1403
1568 1403
1567 1403
1566 1403
1565 1403
1564 1403
1563 1403
1562 1403
1561 1403
1560 1403
1559 1403
1558 1403
1557 1403
1556 1403
1555 1403
1554 1403
1553 1403
1552 1403
1551 1403
1550 1403
1549 1403
