586 210
585 211
584 211
583 211
582 212
581 212
580 212
579 213
578 213
577 214
576 215
575 215
574 216
573 216
572 216
571 217
570 218
569 218
568 219
567 220
566 221
565 221
564 222
563 222
562 223
561 223
560 223
559 224
558 224
557 224
556 225
555 226
554 226
553 227
552 228
551 228
551 229
550 230
549 230
548 230
547 230
546 231
545 232
544 233
543 233
542 234
541 234
540 234
539 235
538 236
537 237
536 238
535 239
534 240
533 241
533 242
532 243
531 244
531 245
530 246
529 247
529 248
530 249
530 250
531 251
531 252
532 253
533 254
534 254
535 254
536 255
537 255
538 255
539 255
540 255
541 255
542 255
543 255
544 255
545 255
546 255
547 255
548 255
549 255
550 255
551 256
552 256
553 256
554 257
555 257
556 258
557 258
558 258
559 258
560 258
561 258
562 258
563 258
564 258
565 258
566 258
567 258
568 258
569 258
570 258
571 259
572 259
573 259
574 259
575 259
576 259
577 260
578 260
579 260
580 261
581 261
582 262
583 262
584 262
585 263
586 263
587 264
588 265
589 265
590 266
591 266
592 267
593 267
594 268
595 268
596 268
597 268
598 268
599 268
600 268
601 268
602 268
603 268
604 268
605 268
606 269
607 269
608 269
609 269
610 269
611 268
612 268
613 267
614 266
615 265
616 264
617 263
618 262
618 261
619 260
619 259
619 258
619 257
619 256
619 255
619 254
619 253
619 252
619 251
620 250
620 249
620 248
620 247
620 246
620 245
620 244
620 243
620 242
620 241
620 240
620 239
620 238
620 237
621 236
621 235
622 234
623 233
623 232
623 231
623 230
623 229
623 228
622 227
622 226
622 225
621 224
620 223
619 222
619 221
618 221
617 220
616 220
615 220
614 220
613 220
612 220
611 221
610 221
609 222
608 222
607 223
606 223
605 223
604 223
603 223
602 224
601 224
600 224
599 224
598 223
597 223
596 223
595 223
594 222
593 222
592 221
592 220
592 219
591 218
591 217
591 216
590 215
590 214
589 213
589 212
589 211
588 211
587 210
586 210
