798 563
797 564
796 564
795 564
794 564
793 564
792 564
791 564
790 565
789 565
788 565
787 565
786 566
785 566
784 566
783 567
782 567
781 567
780 567
779 567
778 567
777 568
776 568
775 568
774 568
773 568
772 569
771 569
770 569
769 569
768 569
767 569
766 569
765 570
764 570
763 570
762 570
761 570
760 571
759 571
758 571
757 572
756 572
755 572
754 572
753 572
752 572
751 573
750 573
749 573
748 574
747 575
746 576
745 576
744 576
743 577
742 577
741 577
740 577
739 577
738 577
737 576
736 577
735 577
734 578
733 579
732 580
732 581
731 582
731 583
730 584
730 585
729 586
729 587
730 588
730 589
731 590
731 591
731 592
732 593
732 594
733 595
733 596
734 597
735 598
735 599
736 600
737 601
737 602
738 603
738 604
739 605
739 606
740 607
741 608
742 609
742 610
743 610
744 611
745 612
746 612
747 612
748 613
749 613
750 613
751 614
752 614
753 614
754 614
755 614
756 615
757 616
758 616
759 617
760 618
761 618
762 619
763 620
764 620
765 621
766 622
767 622
768 622
769 623
770 623
771 623
772 623
773 623
774 623
775 623
776 623
777 623
778 623
779 623
780 623
781 623
782 623
783 622
784 622
785 622
786 621
787 621
788 621
789 621
790 621
791 621
792 621
793 621
794 622
795 622
796 622
797 623
798 623
799 623
800 623
801 623
802 623
803 624
804 624
805 624
806 624
807 624
808 624
809 624
810 624
811 624
812 625
813 625
814 625
815 625
816 625
817 625
818 625
819 625
820 624
821 624
822 623
823 623
824 622
825 622
826 621
827 620
828 619
829 618
830 617
831 616
831 615
831 614
832 613
832 612
832 611
832 610
833 609
833 608
833 607
834 606
834 605
835 604
835 603
835 602
836 601
836 600
836 599
836 598
836 597
836 596
836 595
836 594
836 593
836 592
836 591
836 590
836 589
836 588
836 587
836 586
836 585
836 584
835 583
835 582
835 581
834 580
833 579
832 578
831 577
830 576
830 575
829 574
829 573
828 572
827 571
826 571
825 570
824 570
823 569
822 568
821 567
820 566
819 565
818 564
817 564
816 564
815 564
814 563
813 563
812 563
811 563
810 563
809 563
808 563
807 563
806 563
805 563
804 563
803 563
802 563
801 563
800 563
799 563
798 563
