563 609
562 610
561 610
560 610
559 611
558 611
557 612
556 612
555 613
554 613
553 614
552 614
551 615
550 615
549 615
548 615
547 616
546 617
545 617
544 617
543 617
542 617
541 618
540 618
539 618
538 619
537 619
536 619
535 619
534 620
534 621
533 622
533 623
533 624
533 625
534 626
534 627
535 628
535 629
536 630
537 631
538 632
539 633
540 633
541 634
542 634
543 634
544 634
545 634
546 634
547 634
548 634
549 635
550 635
551 635
552 635
553 635
554 635
555 635
556 635
557 635
558 636
559 636
560 636
561 636
562 637
563 637
564 638
565 638
566 638
567 639
568 639
569 639
570 640
571 640
572 640
573 640
574 640
575 641
576 641
577 642
578 642
579 642
580 642
581 642
582 642
583 642
584 642
585 642
586 642
587 642
588 642
589 642
590 641
591 641
592 640
593 640
594 639
595 639
596 639
597 638
598 638
599 637
600 637
600 636
601 635
602 634
603 633
603 632
604 631
604 630
604 629
604 628
604 627
604 626
604 625
604 624
604 623
604 622
604 621
604 620
604 619
603 618
602 617
601 617
600 617
599 616
598 615
597 614
596 613
595 612
594 611
593 610
592 610
591 610
590 610
589 610
588 610
587 610
586 610
585 610
584 610
583 610
582 610
581 610
580 609
579 609
578 609
577 609
576 609
575 609
574 609
573 609
572 609
571 609
570 609
569 609
568 609
567 609
566 609
565 609
564 609
563 609
