531 1095
530 1096
529 1097
528 1097
527 1098
526 1098
525 1099
524 1100
523 1101
522 1102
521 1103
520 1104
520 1105
519 1106
518 1107
517 1108
516 1108
515 1108
514 1108
513 1108
512 1108
511 1108
510 1108
509 1108
508 1108
507 1108
506 1109
505 1109
504 1110
503 1110
502 1111
501 1111
500 1111
499 1111
498 1111
497 1112
496 1112
495 1112
494 1113
493 1113
492 1114
491 1114
490 1115
489 1116
488 1116
487 1116
486 1116
485 1116
484 1116
483 1116
482 1117
481 1118
480 1119
479 1119
478 1120
477 1121
476 1122
475 1123
474 1123
473 1123
472 1123
471 1124
470 1124
469 1125
468 1125
467 1126
466 1127
465 1128
464 1129
463 1130
462 1130
461 1131
460 1131
459 1131
458 1132
457 1132
456 1133
455 1134
454 1134
453 1135
453 1136
452 1137
452 1138
451 1139
451 1140
450 1141
450 1142
450 1143
450 1144
450 1145
450 1146
451 1147
451 1148
451 1149
451 1150
452 1151
452 1152
452 1153
453 1154
453 1155
453 1156
454 1157
454 1158
454 1159
454 1160
454 1161
454 1162
455 1163
455 1164
455 1165
456 1166
456 1167
457 1168
457 1169
457 1170
458 1171
458 1172
459 1173
459 1174
459 1175
459 1176
459 1177
460 1178
460 1179
461 1180
462 1181
463 1182
464 1183
465 1183
466 1183
467 1184
468 1184
469 1184
470 1185
471 1185
472 1185
473 1186
474 1186
475 1187
476 1188
477 1189
478 1190
479 1190
480 1190
481 1190
482 1190
483 1190
484 1190
485 1190
486 1190
487 1190
488 1190
489 1190
490 1191
491 1191
492 1191
493 1192
494 1192
495 1193
496 1194
497 1195
498 1196
499 1197
500 1198
501 1199
502 1199
503 1199
504 1199
505 1199
506 1199
507 1199
508 1199
509 1199
510 1199
511 1200
512 1200
513 1200
514 1200
515 1200
516 1200
517 1200
518 1201
519 1201
520 1201
521 1202
522 1202
523 1202
524 1202
525 1202
526 1202
527 1202
528 1202
529 1202
530 1202
531 1202
532 1202
533 1202
534 1202
535 1202
536 1201
537 1201
538 1201
539 1200
540 1200
541 1200
542 1200
543 1200
544 1200
545 1200
546 1199
547 1199
548 1199
549 1199
550 1199
551 1199
552 1199
553 1199
554 1199
555 1199
556 1198
557 1198
558 1198
559 1198
560 1197
561 1197
562 1196
563 1196
564 1195
565 1195
566 1194
567 1194
568 1194
569 1194
570 1194
571 1194
572 1194
573 1194
574 1194
575 1194
576 1194
577 1194
578 1194
579 1194
580 1193
581 1193
582 1192
583 1191
584 1190
585 1189
585 1188
586 1187
587 1186
588 1185
588 1184
589 1183
589 1182
589 1181
589 1180
589 1179
589 1178
589 1177
589 1176
589 1175
590 1174
590 1173
591 1172
592 1171
593 1170
594 1169
595 1168
596 1168
597 1167
598 1167
599 1167
600 1167
601 1167
602 1167
603 1167
604 1167
605 1167
606 1167
607 1167
608 1167
609 1167
610 1167
611 1167
612 1167
613 1167
614 1167
615 1167
616 1166
617 1166
618 1165
618 1164
619 1163
619 1162
619 1161
619 1160
619 1159
619 1158
619 1157
619 1156
619 1155
619 1154
618 1153
618 1152
617 1151
617 1150
616 1149
615 1148
614 1147
613 1147
612 1146
611 1145
610 1144
609 1143
608 1142
607 1141
606 1140
605 1139
604 1139
603 1138
602 1137
601 1137
600 1136
599 1136
598 1136
597 1135
596 1135
595 1135
594 1134
593 1134
592 1133
591 1132
590 1132
589 1131
588 1130
587 1129
586 1129
585 1128
584 1128
583 1128
582 1127
581 1126
580 1125
579 1124
578 1124
577 1123
577 1122
576 1121
575 1120
574 1119
573 1119
572 1118
572 1117
571 1116
570 1115
569 1114
568 1114
567 1113
566 1112
565 1112
564 1111
563 1110
563 1109
562 1108
561 1107
561 1106
560 1105
559 1104
558 1103
557 1102
556 1101
556 1100
555 1099
555 1098
554 1098
553 1097
552 1097
551 1097
550 1097
549 1096
548 1096
547 1095
546 1095
545 1095
544 1095
543 1095
542 1095
541 1095
540 1095
539 1095
538 1095
537 1095
536 1095
535 1095
534 1095
533 1095
532 1095
531 1095
