4413 2949
4412 2950
4411 2950
4410 2950
4409 2950
4408 2951
4407 2951
4406 2951
4405 2951
4404 2952
4403 2952
4402 2952
4401 2952
4400 2953
4399 2953
4398 2953
4397 2953
4396 2953
4395 2953
4394 2953
4393 2953
4392 2953
4391 2953
4390 2952
4389 2952
4388 2952
4387 2952
4386 2951
4385 2951
4384 2951
4383 2951
4382 2951
4381 2951
4380 2951
4379 2951
4378 2951
4377 2951
4376 2951
4375 2951
4374 2951
4373 2951
4372 2951
4371 2951
4370 2951
4369 2951
4368 2951
4367 2951
4366 2951
4365 2951
4364 2951
4363 2951
4362 2951
4361 2951
4360 2951
4359 2951
4358 2951
4357 2951
4356 2951
4355 2951
4354 2951
4353 2951
4352 2951
4351 2951
4350 2951
4349 2951
4348 2951
4347 2951
4346 2951
4345 2951
4344 2951
4343 2951
4342 2951
4341 2951
4340 2951
4339 2951
4338 2951
4337 2951
4336 2951
4335 2951
4334 2951
4333 2951
4332 2951
4331 2951
4330 2951
4329 2951
4328 2951
4327 2951
4326 2951
4325 2951
4324 2951
4323 2951
4322 2951
4321 2951
4320 2951
4319 2951
4318 2951
4317 2951
4316 2952
4315 2952
4314 2952
4313 2952
4312 2953
4311 2953
4310 2953
4309 2953
4308 2953
4307 2953
4306 2953
4305 2953
4304 2953
4303 2953
4302 2953
4301 2953
4300 2953
4299 2953
4298 2953
4297 2953
4296 2953
4295 2953
4294 2953
4293 2953
4292 2953
4291 2953
4290 2953
4289 2953
4288 2953
4287 2953
4286 2953
4285 2953
4284 2953
4283 2953
4282 2953
4281 2953
4280 2953
4279 2953
4278 2953
4277 2953
4276 2953
4275 2953
4274 2953
4273 2953
4272 2953
4271 2953
4270 2953
4269 2953
4268 2953
4267 2953
4266 2954
4265 2954
4264 2954
4263 2954
4262 2955
4261 2955
4260 2955
4259 2955
4258 2955
4257 2955
4256 2956
4255 2956
4254 2956
4253 2956
4252 2957
4251 2957
4250 2957
4249 2957
4248 2958
4247 2958
4246 2958
4245 2958
4244 2959
4243 2960
4242 2960
4241 2960
4240 2961
4239 2962
4238 2962
4237 2962
4236 2963
4235 2964
4234 2965
4233 2966
4232 2966
4231 2967
4230 2968
4229 2968
4228 2969
4227 2970
4226 2970
4225 2970
4224 2971
4223 2971
4222 2972
4221 2972
4220 2972
4219 2972
4218 2973
4217 2973
4216 2974
4215 2974
4214 2974
4213 2974
4212 2975
4211 2976
4210 2976
4209 2976
4208 2977
4207 2977
4206 2978
4205 2978
4204 2978
4203 2978
4202 2979
4201 2979
4200 2980
4199 2980
4198 2980
4197 2980
4196 2981
4195 2981
4194 2982
4193 2982
4192 2982
4191 2982
4190 2983
4189 2983
4188 2983
4187 2983
4186 2984
4185 2984
4184 2984
4183 2984
4182 2985
4181 2985
4180 2985
4179 2985
4178 2985
4177 2985
4176 2986
4175 2986
4174 2986
4173 2986
4172 2987
4171 2987
4170 2987
4169 2987
4168 2987
4167 2987
4166 2988
4165 2988
4164 2988
4163 2988
4162 2989
4161 2989
4160 2989
4159 2989
4158 2989
4157 2989
4156 2989
4155 2989
4154 2989
4153 2989
4152 2989
4151 2989
4150 2989
4149 2989
4148 2990
4147 2990
4146 2990
4145 2990
4144 2991
4143 2991
4142 2991
4141 2991
4140 2991
4139 2991
4138 2991
4137 2991
4136 2991
4135 2991
4134 2991
4133 2991
4132 2992
4131 2992
4130 2992
4129 2992
4128 2993
4127 2993
4126 2993
4125 2993
4124 2993
4123 2993
4122 2993
4121 2993
4120 2993
4119 2993
4118 2993
4117 2993
4116 2993
4115 2993
4114 2994
4113 2994
4112 2994
4111 2994
4110 2995
4109 2995
4108 2995
4107 2995
4106 2995
4105 2995
4104 2995
4103 2995
4102 2995
4101 2995
4100 2995
4099 2995
4098 2995
4097 2995
4096 2996
4095 2996
4094 2996
4093 2996
4092 2997
4091 2997
4090 2998
4089 2998
4088 2998
4087 2998
4086 2999
4085 2999
4084 3000
4083 3000
4082 3000
4081 3000
4080 3001
4079 3001
4078 3001
4077 3001
4076 3002
4075 3002
4074 3002
4073 3002
4072 3003
4071 3003
4070 3003
4069 3003
4068 3003
4067 3003
4066 3003
4065 3003
4064 3002
4063 3001
4062 3000
4061 2999
4061 2998
4061 2997
4060 2996
4060 2995
4059 2994
4059 2993
4059 2992
4059 2991
4058 2990
4058 2989
4057 2988
4056 2987
4056 2986
4055 2985
4054 2985
4053 2984
4052 2983
4051 2983
4050 2982
4049 2982
4048 2982
4047 2982
4046 2981
4045 2981
4044 2981
4043 2981
4042 2982
4041 2982
4040 2982
4039 2982
4038 2983
4037 2983
4036 2984
4035 2985
4034 2985
4033 2986
4033 2987
4032 2988
4031 2989
4031 2990
4030 2991
4030 2992
4030 2993
4030 2994
4029 2995
4029 2996
4029 2997
4029 2998
4029 2999
4029 3000
4029 3001
4029 3002
4028 3003
4027 3003
4026 3003
4025 3003
4024 3003
4023 3003
4022 3003
4021 3003
4020 3003
4019 3003
4018 3003
4017 3003
4016 3003
4015 3003
4014 3003
4013 3003
4012 3003
4011 3003
4010 3003
4009 3003
4008 3003
4007 3003
4006 3003
4005 3003
4004 3003
4003 3003
4002 3003
4001 3003
4000 3003
3999 3003
3998 3003
3997 3003
3996 3003
3995 3003
3994 3003
3993 3003
3992 3003
3991 3003
3990 3003
3989 3003
3988 3003
3987 3003
3986 3003
3985 3003
3984 3003
3983 3003
3982 3003
3981 3003
3980 3003
3979 3003
3978 3003
3977 3003
3976 3003
3975 3003
3974 3003
3973 3003
3972 3003
3971 3003
3970 3003
3969 3003
3968 3003
3967 3003
3966 3003
3965 3003
3964 3003
3963 3003
3962 3003
3961 3003
3960 3003
3959 3003
3958 3003
3957 3003
3956 3003
3955 3003
3954 3003
3953 3003
3952 3003
3951 3003
3950 3003
3949 3003
3948 3004
3947 3004
3946 3004
3945 3004
3944 3005
3943 3005
3942 3005
3941 3005
3940 3005
3939 3005
3938 3005
3937 3005
3936 3006
3935 3006
3934 3006
3933 3006
3932 3007
3931 3007
3930 3007
3929 3007
3928 3008
3927 3008
3926 3008
3925 3008
3924 3009
3923 3009
3922 3009
3921 3009
3920 3009
3919 3009
3918 3009
3917 3009
3916 3009
3915 3009
3914 3009
3913 3009
3912 3009
3911 3009
3910 3009
3909 3009
3908 3009
3907 3009
3906 3009
3905 3009
3904 3009
3903 3009
3902 3009
3901 3009
3900 3010
3899 3010
3898 3010
3897 3010
3896 3011
3895 3011
3894 3011
3893 3011
3892 3011
3891 3011
3890 3011
3889 3011
3888 3011
3887 3011
3886 3012
3885 3012
3884 3012
3883 3012
3882 3013
3881 3014
3880 3014
3879 3014
3878 3015
3877 3015
3876 3015
3875 3015
3874 3015
3873 3015
3872 3016
3871 3016
3870 3016
3869 3016
3868 3017
3867 3017
3866 3018
3865 3018
3864 3018
3863 3018
3862 3019
3861 3019
3860 3020
3859 3020
3858 3020
3857 3020
3856 3021
3855 3022
3854 3022
3853 3022
3852 3023
3851 3023
3850 3024
3849 3024
3848 3024
3847 3024
3846 3025
3845 3025
3844 3025
3843 3025
3842 3026
3841 3026
3840 3026
3839 3026
3838 3027
3837 3027
3836 3027
3835 3027
3834 3028
3833 3028
3832 3028
3831 3028
3830 3029
3829 3029
3828 3029
3827 3029
3826 3029
3825 3029
3824 3030
3823 3030
3822 3030
3821 3030
3820 3031
3819 3031
3818 3031
3817 3031
3816 3031
3815 3031
3814 3032
3813 3032
3812 3032
3811 3032
3810 3033
3809 3033
3808 3033
3807 3033
3806 3033
3805 3033
3804 3033
3803 3033
3802 3034
3801 3034
3800 3034
3799 3034
3798 3035
3797 3035
3796 3035
3795 3035
3794 3036
3793 3036
3792 3036
3791 3036
3790 3037
3789 3037
3788 3037
3787 3037
3786 3038
3785 3038
3784 3038
3783 3038
3782 3039
3781 3039
3780 3039
3779 3039
3778 3040
3777 3040
3776 3040
3775 3040
3774 3041
3773 3041
3772 3041
3771 3041
3770 3041
3769 3041
3768 3041
3767 3041
3766 3041
3765 3041
3764 3041
3763 3041
3762 3041
3761 3041
3760 3042
3759 3042
3758 3042
3757 3042
3756 3043
3755 3043
3754 3043
3753 3043
3752 3043
3751 3043
3750 3043
3749 3043
3748 3043
3747 3043
3746 3044
3745 3044
3744 3044
3743 3044
3742 3045
3741 3045
3740 3045
3739 3045
3738 3045
3737 3045
3736 3045
3735 3045
3734 3046
3733 3046
3732 3046
3731 3046
3730 3047
3729 3047
3728 3047
3727 3047
3726 3047
3725 3047
3724 3047
3723 3047
3722 3048
3721 3048
3720 3048
3719 3048
3718 3049
3717 3049
3716 3049
3715 3049
3714 3049
3713 3049
3712 3050
3711 3050
3710 3050
3709 3050
3708 3051
3707 3051
3706 3051
3705 3051
3704 3051
3703 3051
3702 3051
3701 3051
3700 3052
3699 3052
3698 3052
3697 3052
3696 3053
3695 3053
3694 3054
3693 3054
3692 3054
3691 3054
3690 3055
3689 3055
3688 3055
3687 3055
3686 3056
3685 3056
3684 3056
3683 3056
3682 3057
3681 3057
3680 3058
3679 3058
3678 3058
3677 3058
3676 3059
3675 3059
3674 3060
3673 3060
3672 3060
3671 3060
3670 3061
3669 3061
3668 3062
3667 3062
3666 3062
3665 3062
3664 3063
3663 3063
3662 3063
3661 3063
3660 3064
3659 3064
3658 3064
3657 3064
3656 3065
3655 3065
3654 3066
3653 3066
3652 3066
3651 3066
3650 3067
3649 3067
3648 3067
3647 3067
3646 3068
3645 3068
3644 3068
3643 3068
3642 3069
3641 3069
3640 3069
3639 3069
3638 3070
3637 3070
3636 3070
3635 3070
3634 3071
3633 3071
3632 3071
3631 3071
3630 3071
3629 3071
3628 3071
3627 3071
3626 3071
3625 3071
3624 3071
3623 3071
3622 3072
3621 3072
3620 3072
3619 3072
3618 3073
3617 3073
3616 3073
3615 3073
3614 3073
3613 3073
3612 3073
3611 3073
3610 3073
3609 3073
3608 3073
3607 3073
3606 3073
3605 3073
3604 3073
3603 3073
3602 3073
3601 3073
3600 3073
3599 3073
3598 3073
3597 3073
3596 3073
3595 3073
3594 3073
3593 3073
3592 3073
3591 3073
3590 3073
3589 3073
3588 3073
3587 3073
3586 3073
3585 3073
3584 3073
3583 3073
3582 3073
3581 3073
3580 3073
3579 3073
3578 3073
3577 3073
3576 3073
3575 3073
3574 3073
3573 3073
3572 3073
3571 3073
3570 3072
3569 3072
3568 3072
3567 3072
3566 3071
3565 3071
3564 3071
3563 3071
3562 3071
3561 3071
3560 3071
3559 3071
3558 3071
3557 3071
3556 3071
3555 3071
3554 3071
3553 3071
3552 3071
3551 3071
3550 3071
3549 3071
3548 3071
3547 3071
3546 3071
3545 3071
3544 3071
3543 3071
3542 3070
3541 3070
3540 3070
3539 3070
3538 3069
3537 3069
3536 3069
3535 3069
3534 3069
3533 3069
3532 3069
3531 3069
3530 3069
3529 3069
3528 3069
3527 3069
3526 3069
3525 3069
3524 3069
3523 3069
3522 3068
3521 3068
3520 3068
3519 3067
3518 3066
3517 3066
3516 3066
3515 3066
3514 3065
3513 3065
3512 3065
3511 3065
3510 3065
3509 3065
3508 3065
3507 3065
3506 3064
3505 3064
3504 3064
3503 3064
3502 3063
3501 3063
3500 3063
3499 3063
3498 3063
3497 3063
3496 3063
3495 3063
3494 3063
3493 3063
3492 3063
3491 3063
3490 3063
3489 3063
3488 3063
3487 3063
3486 3063
3485 3063
3484 3063
3483 3063
3482 3063
3481 3063
3480 3063
3479 3063
3478 3063
3477 3063
3476 3063
3475 3063
3474 3063
3473 3063
3472 3064
3471 3064
3470 3064
3469 3064
3468 3065
3467 3065
3466 3065
3465 3065
3464 3065
3463 3065
3462 3066
3461 3066
3460 3066
3459 3066
3458 3067
3457 3067
3456 3067
3455 3067
3454 3068
3453 3068
3452 3068
3451 3068
3450 3069
3449 3069
3448 3069
3447 3069
3446 3070
3445 3070
3444 3070
3443 3070
3442 3071
3441 3071
3440 3072
3439 3072
3438 3072
3437 3072
3436 3073
3435 3073
3434 3074
3433 3074
3432 3074
3431 3074
3430 3075
3429 3075
3428 3076
3427 3076
3426 3076
3425 3076
3424 3077
3423 3078
3422 3078
3421 3078
3420 3079
3419 3080
3418 3080
3417 3080
3416 3081
3415 3081
3414 3082
3413 3082
3412 3082
3411 3082
3410 3083
3409 3084
3408 3084
3407 3084
3406 3085
3405 3085
3404 3086
3403 3086
3402 3086
3401 3086
3400 3087
3399 3087
3398 3088
3397 3088
3396 3088
3395 3088
3394 3089
3393 3089
3392 3090
3391 3090
3390 3090
3389 3090
3388 3091
3387 3092
3386 3092
3385 3092
3384 3093
3383 3093
3382 3093
3381 3093
3380 3093
3379 3093
3378 3094
3377 3094
3376 3094
3375 3094
3374 3095
3373 3095
3372 3095
3371 3095
3370 3096
3369 3096
3368 3096
3367 3096
3366 3097
3365 3097
3364 3097
3363 3097
3362 3097
3361 3097
3360 3097
3359 3097
3358 3097
3357 3097
3356 3097
3355 3097
3354 3097
3353 3097
3352 3097
3351 3097
3350 3097
3349 3097
3348 3097
3347 3097
3346 3097
3345 3097
3344 3098
3343 3098
3342 3098
3341 3098
3340 3099
3339 3099
3338 3099
3337 3099
3336 3099
3335 3099
3334 3099
3333 3099
3332 3099
3331 3099
3330 3099
3329 3099
3328 3099
3327 3099
3326 3099
3325 3099
3324 3099
3323 3099
3322 3099
3321 3099
3320 3099
3319 3099
3318 3099
3317 3099
3316 3099
3315 3099
3314 3099
3313 3099
3312 3099
3311 3099
3310 3099
3309 3099
3308 3098
3307 3098
3306 3098
3305 3098
3304 3097
3303 3097
3302 3097
3301 3097
3300 3097
3299 3097
3298 3097
3297 3097
3296 3097
3295 3097
3294 3097
3293 3097
3292 3097
3291 3097
3290 3097
3289 3097
3288 3097
3287 3097
3286 3097
3285 3097
3284 3097
3283 3097
3282 3097
3281 3097
3280 3097
3279 3097
3278 3097
3277 3097
3276 3097
3275 3097
3274 3097
3273 3097
3272 3097
3271 3097
3270 3097
3269 3097
3268 3097
3267 3097
3266 3097
3265 3097
3264 3098
3263 3098
3262 3098
3261 3098
3260 3099
3259 3099
3258 3099
3257 3099
3256 3099
3255 3099
3254 3099
3253 3099
3252 3099
3251 3099
3250 3099
3249 3099
3248 3099
3247 3099
3246 3100
3245 3100
3244 3100
3243 3100
3242 3101
3241 3101
3240 3101
3239 3101
3238 3101
3237 3101
3236 3101
3235 3101
3234 3101
3233 3101
3232 3101
3231 3101
3230 3101
3229 3101
3228 3101
3227 3101
3226 3101
3225 3101
3224 3101
3223 3101
3222 3101
3221 3101
3220 3101
3219 3101
3218 3101
3217 3101
3216 3101
3215 3101
3214 3101
3213 3101
3212 3101
3211 3101
3210 3101
3209 3101
3208 3101
3207 3101
3206 3101
3205 3101
3204 3101
3203 3101
3202 3101
3201 3101
3200 3101
3199 3101
3198 3101
3197 3101
3196 3101
3195 3101
3194 3101
3193 3101
3192 3102
3191 3102
3190 3102
3189 3102
3188 3103
3187 3103
3186 3103
3185 3103
3184 3103
3183 3103
3182 3103
3181 3103
3180 3103
3179 3103
3178 3103
3177 3103
3176 3104
3175 3104
3174 3104
3173 3104
3172 3105
3171 3105
3170 3105
3169 3105
3168 3105
3167 3105
3166 3106
3165 3106
3164 3106
3163 3106
3162 3107
3161 3107
3160 3107
3159 3107
3158 3107
3157 3107
3156 3108
3155 3108
3154 3108
3153 3108
3152 3109
3151 3109
3150 3110
3149 3110
3148 3110
3147 3110
3146 3111
3145 3111
3144 3111
3143 3111
3142 3112
3141 3112
3140 3112
3139 3112
3138 3113
3137 3113
3136 3114
3135 3114
3134 3114
3133 3114
3132 3115
3131 3115
3130 3116
3129 3116
3128 3116
3127 3116
3126 3117
3125 3118
3124 3118
3123 3118
3122 3119
3121 3119
3120 3120
3119 3120
3118 3120
3117 3120
3116 3121
3115 3122
3114 3122
3113 3122
3112 3123
3111 3123
3110 3123
3109 3123
3108 3124
3107 3124
3106 3124
3105 3124
3104 3125
3103 3125
3102 3125
3101 3125
3100 3126
3099 3126
3098 3127
3097 3127
3096 3128
3095 3128
3094 3129
3093 3129
3092 3129
3091 3129
3090 3130
3089 3130
3088 3130
3087 3130
3086 3131
3085 3131
3084 3131
3083 3131
3082 3131
3081 3131
3080 3131
3079 3131
3078 3132
3077 3132
3076 3132
3075 3132
3074 3133
3073 3133
3072 3133
3071 3133
3070 3133
3069 3133
3068 3133
3067 3133
3066 3133
3065 3133
3064 3133
3063 3133
3062 3133
3061 3133
3060 3133
3059 3133
3058 3133
3057 3133
3056 3134
3055 3134
3054 3134
3053 3134
3052 3135
3051 3135
3050 3135
3049 3135
3048 3135
3047 3135
3046 3136
3045 3136
3044 3136
3043 3136
3042 3137
3041 3137
3040 3137
3039 3137
3038 3137
3037 3137
3036 3137
3035 3137
3034 3137
3033 3137
3032 3137
3031 3137
3030 3138
3029 3138
3028 3138
3027 3138
3026 3139
3025 3139
3024 3139
3023 3139
3022 3139
3021 3139
3020 3140
3019 3140
3018 3140
3017 3140
3016 3141
3015 3141
3014 3141
3013 3141
3012 3141
3011 3141
3010 3141
3009 3141
3008 3142
3007 3142
3006 3142
3005 3142
3004 3143
3003 3143
3002 3143
3001 3143
3000 3143
2999 3143
2998 3143
2997 3143
2996 3143
2995 3143
2994 3143
2993 3143
2992 3143
2991 3143
2990 3143
2989 3143
2988 3143
2987 3143
2986 3143
2985 3143
2984 3143
2983 3143
2982 3143
2981 3143
2980 3143
2979 3143
2978 3143
2977 3143
2976 3144
2975 3144
2974 3144
2973 3144
2972 3145
2971 3145
2970 3145
2969 3145
2968 3146
2967 3146
2966 3146
2965 3146
2964 3147
2963 3148
2962 3148
2961 3148
2960 3149
2959 3149
2958 3149
2957 3149
2956 3149
2955 3149
2954 3150
2953 3150
2952 3150
2951 3150
2950 3151
2949 3152
2948 3152
2947 3152
2946 3153
2945 3153
2944 3154
2943 3154
2942 3154
2941 3154
2940 3155
2939 3156
2938 3156
2937 3156
2936 3157
2935 3157
2934 3158
2933 3158
2932 3158
2931 3158
2930 3159
2929 3160
2928 3160
2927 3160
2926 3161
2925 3162
2924 3162
2923 3162
2922 3163
2921 3164
2920 3164
2919 3164
2918 3165
2917 3166
2916 3167
2915 3168
2914 3168
2914 3169
2913 3170
2912 3170
2912 3171
2911 3172
2910 3172
2910 3173
2909 3174
2908 3175
2907 3176
2906 3177
2906 3178
2905 3179
2905 3180
2904 3181
2903 3182
2902 3183
2902 3184
2902 3185
2901 3186
2900 3187
2900 3188
2899 3189
2899 3190
2898 3191
2897 3192
2896 3193
2896 3194
2896 3195
2896 3196
2895 3197
2895 3198
2894 3199
2894 3200
2894 3201
2894 3202
2893 3203
2893 3204
2893 3205
2893 3206
2892 3207
2892 3208
2892 3209
2892 3210
2891 3211
2891 3212
2891 3213
2891 3214
2891 3215
2891 3216
2891 3217
2891 3218
2891 3219
2891 3220
2891 3221
2891 3222
2891 3223
2891 3224
2891 3225
2891 3226
2891 3227
2891 3228
2891 3229
2891 3230
2891 3231
2891 3232
2891 3233
2891 3234
2891 3235
2891 3236
2891 3237
2891 3238
2891 3239
2891 3240
2890 3241
2890 3242
2890 3243
2890 3244
2889 3245
2889 3246
2889 3247
2889 3248
2889 3249
2889 3250
2889 3251
2889 3252
2889 3253
2889 3254
2889 3255
2889 3256
2889 3257
2889 3258
2889 3259
2889 3260
2889 3261
2889 3262
2889 3263
2889 3264
2889 3265
2889 3266
2889 3267
2889 3268
2889 3269
2889 3270
2889 3271
2889 3272
2889 3273
2889 3274
2889 3275
2889 3276
2889 3277
2889 3278
2889 3279
2889 3280
2888 3281
2888 3282
2888 3283
2888 3284
2887 3285
2887 3286
2887 3287
2887 3288
2886 3289
2886 3290
2886 3291
2886 3292
2885 3293
2885 3294
2885 3295
2885 3296
2885 3297
2885 3298
2885 3299
2885 3300
2885 3301
2885 3302
2885 3303
2885 3304
2885 3305
2885 3306
2885 3307
2885 3308
2885 3309
2885 3310
2885 3311
2885 3312
2885 3313
2885 3314
2885 3315
2885 3316
2884 3317
2884 3318
2884 3319
2884 3320
2883 3321
2883 3322
2883 3323
2883 3324
2882 3325
2882 3326
2882 3327
2882 3328
2881 3329
2881 3330
2880 3331
2880 3332
2880 3333
2879 3334
2878 3335
2878 3336
2878 3337
2878 3338
2877 3339
2877 3340
2877 3341
2877 3342
2876 3343
2876 3344
2876 3345
2876 3346
2875 3347
2875 3348
2875 3349
2875 3350
2875 3351
2875 3352
2875 3353
2875 3354
2875 3355
2875 3356
2875 3357
2875 3358
2875 3359
2875 3360
2875 3361
2875 3362
2875 3363
2875 3364
2875 3365
2875 3366
2875 3367
2875 3368
2875 3369
2875 3370
2875 3371
2875 3372
2875 3373
2875 3374
2875 3375
2875 3376
2875 3377
2875 3378
2875 3379
2875 3380
2875 3381
2875 3382
2875 3383
2875 3384
2875 3385
2875 3386
2875 3387
2875 3388
2876 3389
2876 3390
2876 3391
2876 3392
2877 3393
2877 3394
2877 3395
2877 3396
2877 3397
2877 3398
2877 3399
2877 3400
2877 3401
2877 3402
2878 3403
2878 3404
2878 3405
2878 3406
2879 3407
2879 3408
2880 3409
2880 3410
2880 3411
2880 3412
2881 3413
2882 3414
2882 3415
2882 3416
2883 3417
2884 3418
2884 3419
2884 3420
2885 3421
2886 3422
2886 3423
2886 3424
2887 3425
2888 3426
2888 3427
2888 3428
2889 3429
2890 3430
2890 3431
2890 3432
2891 3433
2891 3434
2891 3435
2891 3436
2892 3437
2892 3438
2892 3439
2892 3440
2893 3441
2893 3442
2894 3443
2894 3444
2894 3445
2894 3446
2895 3447
2896 3448
2896 3449
2896 3450
2897 3451
2897 3452
2898 3453
2898 3454
2898 3455
2898 3456
2899 3457
2900 3458
2900 3459
2900 3460
2901 3461
2902 3462
2902 3463
2902 3464
2903 3465
2903 3466
2904 3467
2904 3468
2904 3469
2904 3470
2905 3471
2906 3472
2906 3473
2906 3474
2907 3475
2907 3476
2907 3477
2907 3478
2908 3479
2908 3480
2908 3481
2908 3482
2909 3483
2909 3484
2910 3485
2910 3486
2910 3487
2910 3488
2911 3489
2912 3490
2912 3491
2912 3492
2913 3493
2913 3494
2913 3495
2913 3496
2913 3497
2913 3498
2913 3499
2913 3500
2913 3501
2913 3502
2914 3503
2914 3504
2914 3505
2914 3506
2915 3507
2915 3508
2916 3509
2916 3510
2916 3511
2916 3512
2917 3513
2918 3514
2918 3515
2918 3516
2919 3517
2919 3518
2919 3519
2919 3520
2919 3521
2919 3522
2920 3523
2920 3524
2920 3525
2920 3526
2921 3527
2921 3528
2922 3529
2922 3530
2922 3531
2922 3532
2923 3533
2923 3534
2924 3535
2924 3536
2924 3537
2924 3538
2925 3539
2925 3540
2926 3541
2926 3542
2926 3543
2926 3544
2927 3545
2928 3546
2928 3547
2928 3548
2929 3549
2929 3550
2929 3551
2929 3552
2930 3553
2930 3554
2931 3555
2931 3556
2932 3557
2932 3558
2933 3559
2934 3560
2934 3561
2934 3562
2935 3563
2936 3564
2937 3565
2938 3566
2938 3567
2939 3567
2940 3568
2940 3569
2941 3569
2942 3570
2942 3571
2943 3572
2944 3573
2944 3574
2945 3575
2946 3576
2947 3577
2947 3578
2948 3579
2948 3580
2949 3581
2950 3582
2951 3583
2952 3584
2952 3585
2953 3585
2954 3586
2954 3587
2955 3587
2956 3588
2956 3589
2957 3589
2958 3590
2959 3591
2960 3592
2961 3593
2962 3593
2963 3594
2964 3594
2965 3595
2966 3596
2967 3597
2968 3597
2969 3597
2970 3598
2971 3599
2972 3599
2973 3600
2974 3600
2975 3601
2976 3601
2977 3602
2978 3602
2979 3603
2980 3603
2981 3603
2982 3604
2983 3605
2984 3605
2985 3605
2986 3606
2987 3607
2988 3607
2989 3607
2990 3607
2991 3608
2992 3608
2993 3609
2994 3609
2995 3609
2996 3609
2997 3610
2998 3610
2999 3611
3000 3611
3001 3611
3002 3611
3003 3612
3004 3612
3005 3612
3006 3612
3007 3612
3008 3612
3009 3612
3010 3612
3011 3612
3012 3612
3013 3613
3014 3613
3015 3613
3016 3613
3017 3614
3018 3614
3019 3614
3020 3614
3021 3614
3022 3614
3023 3614
3024 3614
3025 3614
3026 3614
3027 3614
3028 3614
3029 3614
3030 3614
3031 3614
3032 3614
3033 3614
3034 3614
3035 3614
3036 3614
3037 3614
3038 3614
3039 3614
3040 3614
3041 3614
3042 3614
3043 3615
3044 3615
3045 3615
3046 3615
3047 3616
3048 3616
3049 3616
3050 3616
3051 3616
3052 3616
3053 3616
3054 3616
3055 3616
3056 3616
3057 3616
3058 3616
3059 3616
3060 3616
3061 3616
3062 3616
3063 3616
3064 3616
3065 3616
3066 3616
3067 3616
3068 3616
3069 3616
3070 3616
3071 3616
3072 3616
3073 3616
3074 3616
3075 3616
3076 3616
3077 3617
3078 3617
3079 3617
3080 3617
3081 3618
3082 3618
3083 3618
3084 3618
3085 3618
3086 3618
3087 3618
3088 3618
3089 3618
3090 3618
3091 3618
3092 3618
3093 3618
3094 3618
3095 3618
3096 3618
3097 3618
3098 3618
3099 3619
3100 3619
3101 3619
3102 3619
3103 3620
3104 3620
3105 3620
3106 3620
3107 3620
3108 3620
3109 3620
3110 3620
3111 3621
3112 3621
3113 3621
3114 3621
3115 3622
3116 3622
3117 3622
3118 3622
3119 3622
3120 3622
3121 3622
3122 3622
3123 3622
3124 3622
3125 3622
3126 3622
3127 3622
3128 3622
3129 3623
3130 3623
3131 3623
3132 3623
3133 3624
3134 3624
3135 3624
3136 3624
3137 3624
3138 3624
3139 3624
3140 3624
3141 3624
3142 3624
3143 3625
3144 3625
3145 3625
3146 3625
3147 3626
3148 3626
3149 3626
3150 3626
3151 3626
3152 3626
3153 3626
3154 3626
3155 3626
3156 3626
3157 3626
3158 3626
3159 3626
3160 3626
3161 3626
3162 3626
3163 3626
3164 3626
3165 3626
3166 3626
3167 3626
3168 3626
3169 3626
3170 3626
3171 3626
3172 3626
3173 3626
3174 3626
3175 3626
3176 3626
3177 3626
3178 3626
3179 3626
3180 3626
3181 3626
3182 3626
3183 3626
3184 3626
3185 3627
3186 3627
3187 3627
3188 3627
3189 3628
3190 3628
3191 3628
3192 3628
3193 3628
3194 3628
3195 3628
3196 3628
3197 3629
3198 3629
3199 3629
3200 3629
3201 3630
3202 3630
3203 3630
3204 3630
3205 3630
3206 3630
3207 3631
3208 3631
3209 3631
3210 3631
3211 3632
3212 3632
3213 3633
3214 3633
3215 3633
3216 3633
3217 3634
3218 3634
3219 3635
3220 3635
3221 3635
3222 3635
3223 3636
3224 3636
3225 3637
3226 3637
3227 3637
3228 3638
3229 3639
3230 3639
3231 3639
3232 3640
3233 3641
3234 3641
3235 3641
3236 3641
3237 3642
3238 3642
3239 3643
3240 3643
3241 3643
3242 3644
3243 3645
3244 3645
3245 3645
3246 3645
3247 3646
3248 3646
3249 3647
3250 3647
3251 3647
3252 3648
3253 3649
3254 3649
3255 3649
3256 3650
3257 3651
3258 3651
3259 3651
3260 3652
3261 3653
3262 3653
3263 3654
3264 3654
3265 3655
3266 3656
3267 3657
3268 3657
3269 3658
3270 3658
3271 3659
3272 3660
3273 3661
3274 3661
3275 3661
3276 3662
3277 3663
3278 3663
3279 3664
3280 3664
3281 3665
3282 3666
3283 3667
3284 3667
3285 3667
3286 3668
3287 3669
3288 3669
3289 3669
3290 3670
3291 3671
3292 3671
3293 3671
3294 3672
3295 3673
3296 3673
3297 3673
3298 3673
3299 3674
3300 3674
3301 3675
3302 3675
3303 3675
3304 3675
3305 3676
3306 3676
3307 3677
3308 3677
3309 3677
3310 3678
3311 3679
3312 3679
3313 3679
3314 3679
3315 3680
3316 3680
3317 3680
3318 3680
3319 3680
3320 3680
3321 3681
3322 3681
3323 3681
3324 3682
3325 3683
3326 3683
3327 3683
3328 3684
3329 3685
3330 3685
3331 3685
3332 3686
3333 3687
3334 3687
3335 3687
3336 3688
3337 3689
3338 3689
3339 3690
3340 3690
3341 3691
3342 3692
3343 3693
3344 3693
3345 3693
3346 3694
3347 3695
3348 3695
3349 3695
3350 3696
3351 3697
3352 3697
3353 3698
3354 3698
3355 3699
3356 3700
3357 3701
3358 3701
3359 3702
3360 3702
3361 3703
3362 3704
3363 3705
3364 3705
3365 3705
3366 3706
3367 3707
3368 3707
3369 3707
3370 3708
3371 3709
3372 3709
3373 3710
3374 3710
3375 3711
3376 3712
3377 3713
3378 3713
3379 3713
3380 3714
3381 3715
3382 3715
3383 3715
3384 3716
3385 3717
3386 3717
3387 3717
3388 3718
3389 3719
3390 3719
3391 3719
3392 3720
3393 3721
3394 3721
3395 3722
3396 3722
3397 3723
3398 3723
3399 3724
3400 3724
3401 3725
3402 3725
3403 3725
3404 3726
3405 3727
3406 3727
3407 3727
3408 3728
3409 3729
3410 3729
3411 3729
3412 3729
3413 3730
3414 3730
3415 3731
3416 3731
3417 3731
3418 3732
3419 3733
3420 3733
3421 3733
3422 3733
3423 3734
3424 3734
3425 3734
3426 3734
3427 3735
3428 3735
3429 3735
3430 3735
3431 3736
3432 3736
3433 3737
3434 3737
3435 3737
3436 3737
3437 3738
3438 3738
3439 3738
3440 3738
3441 3738
3442 3738
3443 3739
3444 3739
3445 3739
3446 3739
3447 3740
3448 3740
3449 3740
3450 3740
3451 3740
3452 3740
3453 3741
3454 3741
3455 3741
3456 3741
3457 3742
3458 3742
3459 3742
3460 3742
3461 3743
3462 3743
3463 3743
3464 3743
3465 3744
3466 3744
3467 3744
3468 3744
3469 3744
3470 3744
3471 3745
3472 3745
3473 3745
3474 3745
3475 3746
3476 3746
3477 3746
3478 3746
3479 3747
3480 3747
3481 3747
3482 3747
3483 3748
3484 3748
3485 3748
3486 3748
3487 3748
3488 3748
3489 3748
3490 3748
3491 3749
3492 3749
3493 3749
3494 3749
3495 3750
3496 3750
3497 3751
3498 3751
3499 3751
3500 3751
3501 3752
3502 3752
3503 3753
3504 3753
3505 3753
3506 3753
3507 3754
3508 3754
3509 3755
3510 3755
3511 3755
3512 3755
3513 3756
3514 3756
3515 3757
3516 3757
3517 3757
3518 3757
3519 3758
3520 3758
3521 3759
3522 3759
3523 3759
3524 3759
3525 3760
3526 3760
3527 3760
3528 3760
3529 3760
3530 3760
3531 3761
3532 3761
3533 3761
3534 3761
3535 3762
3536 3762
3537 3762
3538 3762
3539 3762
3540 3762
3541 3762
3542 3762
3543 3762
3544 3762
3545 3762
3546 3762
3547 3762
3548 3762
3549 3762
3550 3762
3551 3763
3552 3763
3553 3763
3554 3763
3555 3764
3556 3764
3557 3764
3558 3764
3559 3764
3560 3764
3561 3764
3562 3764
3563 3764
3564 3764
3565 3764
3566 3764
3567 3764
3568 3764
3569 3764
3570 3764
3571 3764
3572 3764
3573 3764
3574 3764
3575 3764
3576 3764
3577 3764
3578 3764
3579 3764
3580 3764
3581 3764
3582 3764
3583 3764
3584 3764
3585 3764
3586 3764
3587 3764
3588 3764
3589 3764
3590 3764
3591 3764
3592 3764
3593 3764
3594 3764
3595 3764
3596 3764
3597 3764
3598 3764
3599 3764
3600 3764
3601 3764
3602 3764
3603 3764
3604 3764
3605 3764
3606 3764
3607 3764
3608 3764
3609 3763
3610 3763
3611 3763
3612 3763
3613 3762
3614 3762
3615 3762
3616 3762
3617 3762
3618 3762
3619 3762
3620 3762
3621 3761
3622 3761
3623 3761
3624 3761
3625 3760
3626 3760
3627 3760
3628 3760
3629 3760
3630 3760
3631 3760
3632 3760
3633 3760
3634 3760
3635 3760
3636 3760
3637 3760
3638 3760
3639 3760
3640 3760
3641 3760
3642 3760
3643 3760
3644 3760
3645 3760
3646 3760
3647 3760
3648 3760
3649 3759
3650 3759
3651 3759
3652 3759
3653 3758
3654 3758
3655 3758
3656 3758
3657 3758
3658 3758
3659 3758
3660 3758
3661 3757
3662 3757
3663 3757
3664 3757
3665 3756
3666 3756
3667 3756
3668 3756
3669 3756
3670 3756
3671 3755
3672 3755
3673 3755
3674 3755
3675 3754
3676 3754
3677 3753
3678 3753
3679 3753
3680 3753
3681 3752
3682 3752
3683 3752
3684 3752
3685 3752
3686 3752
3687 3751
3688 3751
3689 3751
3690 3751
3691 3750
3692 3750
3693 3749
3694 3749
3695 3749
3696 3749
3697 3748
3698 3748
3699 3748
3700 3748
3701 3747
3702 3747
3703 3747
3704 3747
3705 3746
3706 3746
3707 3746
3708 3746
3709 3746
3710 3746
3711 3746
3712 3746
3713 3745
3714 3745
3715 3745
3716 3745
3717 3744
3718 3744
3719 3744
3720 3744
3721 3744
3722 3744
3723 3744
3724 3744
3725 3743
3726 3743
3727 3743
3728 3743
3729 3742
3730 3742
3731 3742
3732 3742
3733 3741
3734 3741
3735 3741
3736 3741
3737 3740
3738 3740
3739 3740
3740 3740
3741 3740
3742 3740
3743 3740
3744 3740
3745 3740
3746 3740
3747 3740
3748 3740
3749 3739
3750 3739
3751 3739
3752 3739
3753 3738
3754 3738
3755 3738
3756 3738
3757 3737
3758 3737
3759 3737
3760 3737
3761 3736
3762 3736
3763 3736
3764 3736
3765 3736
3766 3736
3767 3736
3768 3736
3769 3735
3770 3735
3771 3735
3772 3735
3773 3734
3774 3734
3775 3734
3776 3734
3777 3734
3778 3734
3779 3734
3780 3734
3781 3734
3782 3734
3783 3734
3784 3734
3785 3734
3786 3734
3787 3734
3788 3734
3789 3734
3790 3734
3791 3734
3792 3734
3793 3734
3794 3734
3795 3733
3796 3733
3797 3733
3798 3733
3799 3732
3800 3732
3801 3732
3802 3732
3803 3732
3804 3732
3805 3732
3806 3732
3807 3732
3808 3732
3809 3732
3810 3732
3811 3732
3812 3732
3813 3732
3814 3732
3815 3732
3816 3732
3817 3732
3818 3732
3819 3732
3820 3732
3821 3731
3822 3731
3823 3731
3824 3731
3825 3730
3826 3730
3827 3730
3828 3730
3829 3730
3830 3730
3831 3730
3832 3730
3833 3730
3834 3730
3835 3730
3836 3730
3837 3729
3838 3729
3839 3729
3840 3729
3841 3728
3842 3728
3843 3728
3844 3728
3845 3728
3846 3728
3847 3728
3848 3728
3849 3728
3850 3728
3851 3728
3852 3728
3853 3727
3854 3727
3855 3727
3856 3727
3857 3726
3858 3726
3859 3726
3860 3726
3861 3726
3862 3726
3863 3726
3864 3726
3865 3726
3866 3726
3867 3726
3868 3726
3869 3726
3870 3726
3871 3726
3872 3726
3873 3726
3874 3726
3875 3726
3876 3726
3877 3726
3878 3726
3879 3726
3880 3726
3881 3726
3882 3726
3883 3726
3884 3726
3885 3726
3886 3726
3887 3727
3888 3727
3889 3727
3890 3727
3891 3728
3892 3728
3893 3728
3894 3728
3895 3728
3896 3728
3897 3728
3898 3728
3899 3728
3900 3728
3901 3728
3902 3728
3903 3728
3904 3728
3905 3728
3906 3728
3907 3729
3908 3729
3909 3729
3910 3729
3911 3730
3912 3730
3913 3730
3914 3730
3915 3730
3916 3730
3917 3730
3918 3730
3919 3730
3920 3730
3921 3730
3922 3730
3923 3730
3924 3730
3925 3730
3926 3730
3927 3731
3928 3731
3929 3731
3930 3731
3931 3732
3932 3732
3933 3732
3934 3732
3935 3732
3936 3732
3937 3732
3938 3732
3939 3732
3940 3732
3941 3732
3942 3732
3943 3732
3944 3732
3945 3732
3946 3732
3947 3732
3948 3732
3949 3732
3950 3732
3951 3732
3952 3732
3953 3733
3954 3733
3955 3733
3956 3733
3957 3734
3958 3734
3959 3734
3960 3734
3961 3734
3962 3734
3963 3734
3964 3734
3965 3734
3966 3734
3967 3735
3968 3735
3969 3735
3970 3735
3971 3736
3972 3736
3973 3736
3974 3736
3975 3736
3976 3736
3977 3736
3978 3736
3979 3736
3980 3736
3981 3736
3982 3736
3983 3736
3984 3736
3985 3735
3986 3735
3987 3735
3988 3735
3989 3734
3990 3734
3991 3734
3992 3734
3993 3734
3994 3734
3995 3734
3996 3734
3997 3734
3998 3734
3999 3734
4000 3734
4001 3734
4002 3734
4003 3734
4004 3734
4005 3734
4006 3734
4007 3734
4008 3734
4009 3734
4010 3734
4011 3734
4012 3734
4013 3734
4014 3734
4015 3734
4016 3734
4017 3734
4018 3734
4019 3734
4020 3734
4021 3735
4022 3735
4023 3735
4024 3735
4025 3736
4026 3736
4027 3736
4028 3736
4029 3736
4030 3736
4031 3736
4032 3736
4033 3736
4034 3736
4035 3736
4036 3736
4037 3736
4038 3736
4039 3736
4040 3736
4041 3736
4042 3736
4043 3736
4044 3736
4045 3736
4046 3736
4047 3736
4048 3736
4049 3736
4050 3736
4051 3736
4052 3736
4053 3736
4054 3736
4055 3736
4056 3736
4057 3736
4058 3736
4059 3736
4060 3736
4061 3736
4062 3736
4063 3736
4064 3736
4065 3736
4066 3736
4067 3736
4068 3736
4069 3736
4070 3736
4071 3736
4072 3736
4073 3736
4074 3736
4075 3736
4076 3736
4077 3736
4078 3736
4079 3736
4080 3736
4081 3736
4082 3736
4083 3736
4084 3736
4085 3736
4086 3736
4087 3736
4088 3736
4089 3736
4090 3736
4091 3736
4092 3736
4093 3736
4094 3736
4095 3736
4096 3736
4097 3736
4098 3736
4099 3736
4100 3736
4101 3735
4102 3735
4103 3735
4104 3735
4105 3734
4106 3734
4107 3734
4108 3734
4109 3734
4110 3734
4111 3734
4112 3734
4113 3734
4114 3734
4115 3734
4116 3734
4117 3734
4118 3734
4119 3734
4120 3734
4121 3733
4122 3733
4123 3733
4124 3733
4125 3732
4126 3732
4127 3732
4128 3732
4129 3732
4130 3732
4131 3732
4132 3732
4133 3732
4134 3732
4135 3732
4136 3732
4137 3732
4138 3732
4139 3731
4140 3731
4141 3731
4142 3731
4143 3730
4144 3730
4145 3730
4146 3730
4147 3730
4148 3730
4149 3730
4150 3730
4151 3730
4152 3730
4153 3730
4154 3730
4155 3730
4156 3730
4157 3730
4158 3730
4159 3731
4160 3731
4161 3731
4162 3731
4163 3732
4164 3732
4165 3732
4166 3732
4167 3732
4168 3732
4169 3732
4170 3732
4171 3732
4172 3732
4173 3732
4174 3732
4175 3732
4176 3732
4177 3732
4178 3732
4179 3731
4180 3731
4181 3731
4182 3731
4183 3730
4184 3730
4185 3730
4186 3730
4187 3730
4188 3730
4189 3730
4190 3730
4191 3731
4192 3731
4193 3731
4194 3731
4195 3732
4196 3732
4197 3732
4198 3732
4199 3732
4200 3732
4201 3732
4202 3732
4203 3732
4204 3732
4205 3732
4206 3732
4207 3732
4208 3732
4209 3732
4210 3732
4211 3732
4212 3732
4213 3732
4214 3732
4215 3732
4216 3732
4217 3732
4218 3732
4219 3732
4220 3732
4221 3732
4222 3732
4223 3732
4224 3732
4225 3732
4226 3732
4227 3731
4228 3731
4229 3731
4230 3731
4231 3730
4232 3730
4233 3730
4234 3730
4235 3730
4236 3730
4237 3729
4238 3729
4239 3729
4240 3729
4241 3728
4242 3728
4243 3728
4244 3728
4245 3728
4246 3728
4247 3728
4248 3728
4249 3728
4250 3728
4251 3728
4252 3728
4253 3728
4254 3728
4255 3727
4256 3727
4257 3727
4258 3727
4259 3726
4260 3726
4261 3726
4262 3726
4263 3726
4264 3726
4265 3726
4266 3726
4267 3726
4268 3726
4269 3726
4270 3726
4271 3726
4272 3726
4273 3725
4274 3725
4275 3725
4276 3725
4277 3724
4278 3724
4279 3724
4280 3724
4281 3724
4282 3724
4283 3724
4284 3724
4285 3724
4286 3724
4287 3724
4288 3724
4289 3724
4290 3724
4291 3724
4292 3724
4293 3724
4294 3724
4295 3724
4296 3724
4297 3724
4298 3724
4299 3724
4300 3724
4301 3724
4302 3724
4303 3724
4304 3724
4305 3724
4306 3724
4307 3724
4308 3724
4309 3724
4310 3724
4311 3724
4312 3724
4313 3724
4314 3724
4315 3724
4316 3724
4317 3724
4318 3724
4319 3724
4320 3724
4321 3723
4322 3723
4323 3723
4324 3723
4325 3722
4326 3722
4327 3722
4328 3722
4329 3722
4330 3722
4331 3722
4332 3722
4333 3722
4334 3722
4335 3722
4336 3722
4337 3722
4338 3722
4339 3722
4340 3722
4341 3722
4342 3722
4343 3722
4344 3722
4345 3722
4346 3722
4347 3721
4348 3721
4349 3721
4350 3721
4351 3720
4352 3720
4353 3720
4354 3720
4355 3720
4356 3720
4357 3720
4358 3720
4359 3720
4360 3720
4361 3720
4362 3720
4363 3720
4364 3720
4365 3720
4366 3720
4367 3720
4368 3720
4369 3719
4370 3719
4371 3719
4372 3719
4373 3718
4374 3718
4375 3718
4376 3718
4377 3718
4378 3718
4379 3717
4380 3717
4381 3717
4382 3717
4383 3716
4384 3716
4385 3716
4386 3716
4387 3716
4388 3716
4389 3715
4390 3715
4391 3715
4392 3715
4393 3714
4394 3714
4395 3714
4396 3714
4397 3714
4398 3714
4399 3714
4400 3714
4401 3713
4402 3713
4403 3713
4404 3713
4405 3712
4406 3712
4407 3712
4408 3712
4409 3712
4410 3712
4411 3712
4412 3712
4413 3712
4414 3712
4415 3712
4416 3712
4417 3712
4418 3712
4419 3712
4420 3712
4421 3712
4422 3712
4423 3712
4424 3712
4425 3712
4426 3712
4427 3712
4428 3712
4429 3713
4430 3713
4431 3713
4432 3713
4433 3714
4434 3714
4435 3714
4436 3714
4437 3714
4438 3714
4439 3715
4440 3715
4441 3715
4442 3715
4443 3716
4444 3716
4445 3716
4446 3716
4447 3716
4448 3716
4449 3717
4450 3717
4451 3717
4452 3717
4453 3718
4454 3718
4455 3718
4456 3718
4457 3718
4458 3718
4459 3718
4460 3718
4461 3718
4462 3718
4463 3718
4464 3718
4465 3718
4466 3718
4467 3718
4468 3718
4469 3718
4470 3718
4471 3718
4472 3718
4473 3718
4474 3718
4475 3718
4476 3718
4477 3718
4478 3718
4479 3718
4480 3718
4481 3718
4482 3718
4483 3718
4484 3718
4485 3718
4486 3718
4487 3718
4488 3718
4489 3718
4490 3718
4491 3718
4492 3718
4493 3718
4494 3718
4495 3718
4496 3718
4497 3718
4498 3718
4499 3718
4500 3718
4501 3718
4502 3718
4503 3718
4504 3718
4505 3718
4506 3718
4507 3718
4508 3718
4509 3717
4510 3717
4511 3717
4512 3717
4513 3716
4514 3716
4515 3716
4516 3716
4517 3716
4518 3716
4519 3716
4520 3716
4521 3716
4522 3716
4523 3716
4524 3716
4525 3716
4526 3716
4527 3715
4528 3715
4529 3715
4530 3715
4531 3714
4532 3714
4533 3714
4534 3714
4535 3713
4536 3713
4537 3713
4538 3713
4539 3712
4540 3712
4541 3712
4542 3712
4543 3712
4544 3712
4545 3711
4546 3711
4547 3711
4548 3711
4549 3710
4550 3709
4551 3709
4552 3709
4553 3708
4554 3708
4555 3708
4556 3708
4557 3708
4558 3708
4559 3708
4560 3708
4561 3708
4562 3708
4563 3708
4564 3708
4565 3708
4566 3708
4567 3708
4568 3708
4569 3708
4570 3708
4571 3707
4572 3707
4573 3707
4574 3707
4575 3706
4576 3706
4577 3706
4578 3706
4579 3706
4580 3706
4581 3706
4582 3706
4583 3706
4584 3706
4585 3706
4586 3706
4587 3706
4588 3706
4589 3705
4590 3705
4591 3705
4592 3705
4593 3704
4594 3704
4595 3704
4596 3704
4597 3704
4598 3704
4599 3704
4600 3704
4601 3704
4602 3704
4603 3704
4604 3704
4605 3704
4606 3704
4607 3704
4608 3704
4609 3704
4610 3704
4611 3703
4612 3703
4613 3703
4614 3703
4615 3702
4616 3702
4617 3702
4618 3702
4619 3702
4620 3702
4621 3702
4622 3702
4623 3702
4624 3702
4625 3702
4626 3702
4627 3703
4628 3703
4629 3703
4630 3703
4631 3704
4632 3704
4633 3704
4634 3704
4635 3705
4636 3705
4637 3705
4638 3705
4639 3706
4640 3706
4641 3706
4642 3706
4643 3706
4644 3706
4645 3706
4646 3706
4647 3706
4648 3706
4649 3706
4650 3706
4651 3706
4652 3706
4653 3706
4654 3706
4655 3706
4656 3706
4657 3706
4658 3706
4659 3706
4660 3706
4661 3705
4662 3705
4663 3705
4664 3705
4665 3704
4666 3704
4667 3704
4668 3704
4669 3704
4670 3704
4671 3704
4672 3704
4673 3704
4674 3704
4675 3704
4676 3704
4677 3704
4678 3704
4679 3704
4680 3704
4681 3704
4682 3704
4683 3704
4684 3704
4685 3704
4686 3704
4687 3704
4688 3704
4689 3704
4690 3704
4691 3704
4692 3704
4693 3704
4694 3704
4695 3704
4696 3704
4697 3704
4698 3704
4699 3704
4700 3704
4701 3704
4702 3704
4703 3704
4704 3704
4705 3704
4706 3704
4707 3704
4708 3704
4709 3704
4710 3704
4711 3704
4712 3704
4713 3704
4714 3704
4715 3704
4716 3704
4717 3704
4718 3704
4719 3704
4720 3704
4721 3704
4722 3704
4723 3704
4724 3704
4725 3703
4726 3703
4727 3703
4728 3703
4729 3702
4730 3702
4731 3702
4732 3702
4733 3702
4734 3702
4735 3702
4736 3702
4737 3702
4738 3702
4739 3702
4740 3702
4741 3702
4742 3702
4743 3702
4744 3702
4745 3702
4746 3702
4747 3702
4748 3702
4749 3702
4750 3702
4751 3702
4752 3702
4753 3702
4754 3702
4755 3702
4756 3702
4757 3702
4758 3702
4759 3702
4760 3702
4761 3702
4762 3702
4763 3702
4764 3702
4765 3701
4766 3701
4767 3701
4768 3701
4769 3700
4770 3700
4771 3700
4772 3700
4773 3700
4774 3700
4775 3700
4776 3700
4777 3700
4778 3700
4779 3699
4780 3699
4781 3699
4782 3699
4783 3698
4784 3698
4785 3697
4786 3697
4787 3697
4788 3697
4789 3696
4790 3696
4791 3696
4792 3696
4793 3696
4794 3696
4795 3695
4796 3695
4797 3695
4798 3695
4799 3694
4800 3694
4801 3694
4802 3694
4803 3694
4804 3694
4805 3694
4806 3694
4807 3694
4808 3694
4809 3694
4810 3694
4811 3694
4812 3694
4813 3694
4814 3694
4815 3694
4816 3694
4817 3694
4818 3694
4819 3694
4820 3694
4821 3694
4822 3694
4823 3694
4824 3694
4825 3694
4826 3694
4827 3694
4828 3694
4829 3694
4830 3694
4831 3694
4832 3694
4833 3694
4834 3694
4835 3694
4836 3694
4837 3693
4838 3693
4839 3693
4840 3693
4841 3692
4842 3692
4843 3691
4844 3691
4845 3691
4846 3691
4847 3690
4848 3690
4849 3689
4850 3689
4851 3689
4852 3689
4853 3688
4854 3687
4855 3687
4856 3687
4857 3686
4858 3685
4859 3685
4860 3685
4861 3684
4862 3683
4863 3683
4864 3683
4865 3682
4866 3682
4867 3681
4868 3681
4869 3681
4870 3681
4871 3680
4872 3679
4873 3679
4874 3679
4875 3678
4876 3678
4877 3678
4878 3678
4879 3677
4880 3677
4881 3677
4882 3677
4883 3676
4884 3676
4885 3676
4886 3676
4887 3676
4888 3676
4889 3676
4890 3676
4891 3676
4892 3676
4893 3675
4894 3675
4895 3675
4896 3675
4897 3674
4898 3674
4899 3674
4900 3674
4901 3674
4902 3674
4903 3674
4904 3674
4905 3674
4906 3674
4907 3673
4908 3673
4909 3673
4910 3673
4911 3672
4912 3672
4913 3671
4914 3671
4915 3671
4916 3671
4917 3670
4918 3670
4919 3669
4920 3669
4921 3669
4922 3669
4923 3668
4924 3668
4925 3668
4926 3668
4927 3668
4928 3668
4929 3667
4930 3667
4931 3667
4932 3667
4933 3666
4934 3666
4935 3666
4936 3666
4937 3666
4938 3666
4939 3666
4940 3666
4941 3666
4942 3666
4943 3666
4944 3666
4945 3666
4946 3666
4947 3666
4948 3666
4949 3666
4950 3666
4951 3666
4952 3666
4953 3665
4954 3665
4955 3665
4956 3665
4957 3664
4958 3664
4959 3664
4960 3664
4961 3664
4962 3664
4963 3664
4964 3664
4965 3664
4966 3664
4967 3663
4968 3663
4969 3663
4970 3663
4971 3662
4972 3662
4973 3662
4974 3662
4975 3662
4976 3662
4977 3662
4978 3662
4979 3662
4980 3662
4981 3662
4982 3662
4983 3662
4984 3662
4985 3662
4986 3662
4987 3661
4988 3661
4989 3661
4990 3661
4991 3660
4992 3660
4993 3660
4994 3660
4995 3660
4996 3660
4997 3660
4998 3660
4999 3660
5000 3660
5001 3660
5002 3660
5003 3660
5004 3660
5005 3660
5006 3660
5007 3660
5008 3660
5009 3660
5010 3660
5011 3660
5012 3660
5013 3660
5014 3660
5015 3660
5016 3660
5017 3660
5018 3660
5019 3660
5020 3660
5021 3660
5022 3660
5023 3660
5024 3660
5025 3659
5026 3659
5027 3659
5028 3659
5029 3658
5030 3658
5031 3658
5032 3658
5033 3658
5034 3658
5035 3657
5036 3657
5037 3657
5038 3657
5039 3656
5040 3655
5041 3655
5042 3655
5043 3654
5044 3654
5045 3653
5046 3653
5047 3653
5048 3653
5049 3652
5050 3651
5051 3651
5052 3651
5053 3650
5054 3650
5055 3650
5056 3650
5057 3650
5058 3650
5059 3649
5060 3649
5061 3649
5062 3649
5063 3648
5064 3647
5065 3647
5066 3647
5067 3646
5068 3646
5069 3646
5070 3646
5071 3646
5072 3646
5073 3645
5074 3645
5075 3645
5076 3645
5077 3644
5078 3644
5079 3644
5080 3644
5081 3643
5082 3643
5083 3643
5084 3643
5085 3642
5086 3642
5087 3642
5088 3642
5089 3641
5090 3641
5091 3641
5092 3641
5093 3640
5094 3640
5095 3640
5096 3640
5097 3640
5098 3640
5099 3639
5100 3639
5101 3639
5102 3639
5103 3638
5104 3637
5105 3637
5106 3637
5107 3636
5108 3636
5109 3635
5110 3635
5111 3635
5112 3635
5113 3634
5114 3633
5115 3633
5116 3633
5117 3632
5118 3631
5119 3631
5120 3631
5121 3630
5122 3629
5123 3629
5124 3629
5125 3628
5126 3627
5127 3626
5128 3625
5129 3625
5129 3624
5130 3623
5131 3623
5131 3622
5132 3621
5133 3621
5133 3620
5134 3619
5135 3618
5136 3617
5137 3616
5137 3615
5137 3614
5138 3613
5139 3612
5139 3611
5140 3610
5140 3609
5141 3608
5142 3607
5143 3606
5143 3605
5144 3604
5145 3603
5145 3602
5146 3601
5147 3601
5147 3600
5148 3599
5149 3599
5150 3598
5151 3597
5152 3597
5153 3596
5154 3595
5155 3595
5156 3595
5157 3594
5158 3594
5159 3593
5160 3593
5161 3593
5162 3593
5163 3592
5164 3592
5165 3592
5166 3592
5167 3592
5168 3592
5169 3592
5170 3592
5171 3591
5172 3591
5173 3591
5174 3591
5175 3590
5176 3590
5177 3590
5178 3590
5179 3590
5180 3590
5181 3589
5182 3589
5183 3589
5184 3589
5185 3588
5186 3588
5187 3587
5188 3587
5189 3587
5190 3587
5191 3586
5192 3586
5193 3586
5194 3586
5195 3586
5196 3586
5197 3586
5198 3586
5199 3586
5200 3586
5201 3586
5202 3586
5203 3586
5204 3586
5205 3586
5206 3586
5207 3586
5208 3586
5209 3586
5210 3586
5211 3587
5212 3587
5213 3587
5214 3587
5215 3588
5216 3588
5217 3588
5218 3588
5219 3588
5220 3588
5221 3588
5222 3588
5223 3588
5224 3588
5225 3588
5226 3588
5227 3588
5228 3588
5229 3588
5230 3588
5231 3588
5232 3588
5233 3588
5234 3588
5235 3589
5236 3589
5237 3589
5238 3589
5239 3590
5240 3590
5241 3590
5242 3590
5243 3590
5244 3590
5245 3590
5246 3590
5247 3590
5248 3590
5249 3590
5250 3590
5251 3590
5252 3590
5253 3590
5254 3590
5255 3590
5256 3590
5257 3589
5258 3589
5259 3589
5260 3589
5261 3588
5262 3588
5263 3588
5264 3588
5265 3587
5266 3587
5267 3587
5268 3587
5269 3586
5270 3585
5271 3584
5272 3583
5273 3583
5273 3582
5274 3581
5275 3581
5275 3580
5276 3579
5277 3579
5277 3578
5278 3577
5279 3576
5280 3575
5281 3574
5281 3573
5282 3572
5282 3571
5283 3570
5284 3569
5285 3568
5285 3567
5285 3566
5286 3565
5287 3564
5287 3563
5287 3562
5288 3561
5289 3560
5289 3559
5289 3558
5290 3557
5291 3556
5291 3555
5291 3554
5291 3553
5292 3552
5292 3551
5293 3550
5293 3549
5293 3548
5293 3547
5294 3546
5294 3545
5294 3544
5294 3543
5294 3542
5294 3541
5294 3540
5294 3539
5295 3538
5295 3537
5295 3536
5295 3535
5296 3534
5296 3533
5296 3532
5296 3531
5296 3530
5296 3529
5297 3528
5297 3527
5297 3526
5297 3525
5298 3524
5298 3523
5298 3522
5298 3521
5298 3520
5298 3519
5299 3518
5299 3517
5299 3516
5299 3515
5300 3514
5300 3513
5300 3512
5300 3511
5300 3510
5300 3509
5300 3508
5300 3507
5300 3506
5300 3505
5300 3504
5300 3503
5300 3502
5300 3501
5300 3500
5300 3499
5301 3498
5301 3497
5301 3496
5301 3495
5302 3494
5302 3493
5302 3492
5302 3491
5302 3490
5302 3489
5302 3488
5302 3487
5302 3486
5302 3485
5302 3484
5302 3483
5302 3482
5302 3481
5302 3480
5302 3479
5302 3478
5302 3477
5302 3476
5302 3475
5302 3474
5302 3473
5302 3472
5302 3471
5302 3470
5302 3469
5302 3468
5302 3467
5302 3466
5302 3465
5302 3464
5302 3463
5302 3462
5302 3461
5302 3460
5302 3459
5302 3458
5302 3457
5302 3456
5302 3455
5302 3454
5302 3453
5302 3452
5302 3451
5302 3450
5302 3449
5302 3448
5302 3447
5302 3446
5302 3445
5302 3444
5302 3443
5302 3442
5302 3441
5302 3440
5302 3439
5302 3438
5302 3437
5302 3436
5302 3435
5302 3434
5302 3433
5302 3432
5302 3431
5302 3430
5302 3429
5302 3428
5302 3427
5302 3426
5302 3425
5302 3424
5302 3423
5302 3422
5302 3421
5302 3420
5302 3419
5302 3418
5302 3417
5302 3416
5302 3415
5302 3414
5302 3413
5302 3412
5302 3411
5302 3410
5302 3409
5303 3408
5303 3407
5303 3406
5303 3405
5304 3404
5304 3403
5304 3402
5304 3401
5304 3400
5304 3399
5304 3398
5304 3397
5304 3396
5304 3395
5304 3394
5304 3393
5304 3392
5304 3391
5304 3390
5304 3389
5304 3388
5304 3387
5304 3386
5304 3385
5304 3384
5304 3383
5304 3382
5304 3381
5304 3380
5304 3379
5303 3378
5303 3377
5303 3376
5303 3375
5302 3374
5302 3373
5302 3372
5302 3371
5302 3370
5302 3369
5302 3368
5302 3367
5302 3366
5302 3365
5302 3364
5302 3363
5302 3362
5302 3361
5302 3360
5302 3359
5302 3358
5302 3357
5302 3356
5302 3355
5302 3354
5302 3353
5302 3352
5302 3351
5302 3350
5302 3349
5302 3348
5302 3347
5302 3346
5302 3345
5302 3344
5302 3343
5302 3342
5302 3341
5302 3340
5302 3339
5302 3338
5302 3337
5302 3336
5302 3335
5302 3334
5302 3333
5302 3332
5302 3331
5302 3330
5302 3329
5302 3328
5302 3327
5302 3326
5302 3325
5302 3324
5302 3323
5302 3322
5302 3321
5302 3320
5302 3319
5302 3318
5302 3317
5302 3316
5302 3315
5302 3314
5302 3313
5302 3312
5302 3311
5302 3310
5302 3309
5302 3308
5302 3307
5302 3306
5302 3305
5302 3304
5302 3303
5302 3302
5302 3301
5302 3300
5302 3299
5302 3298
5302 3297
5302 3296
5302 3295
5302 3294
5302 3293
5302 3292
5302 3291
5302 3290
5302 3289
5302 3288
5302 3287
5302 3286
5302 3285
5302 3284
5302 3283
5302 3282
5302 3281
5302 3280
5302 3279
5302 3278
5302 3277
5302 3276
5302 3275
5302 3274
5302 3273
5301 3272
5301 3271
5301 3270
5301 3269
5300 3268
5300 3267
5300 3266
5300 3265
5300 3264
5300 3263
5300 3262
5300 3261
5300 3260
5300 3259
5300 3258
5300 3257
5300 3256
5300 3255
5300 3254
5300 3253
5299 3252
5299 3251
5299 3250
5299 3249
5298 3248
5298 3247
5297 3246
5297 3245
5297 3244
5297 3243
5296 3242
5296 3241
5296 3240
5296 3239
5296 3238
5296 3237
5296 3236
5296 3235
5295 3234
5295 3233
5295 3232
5295 3231
5294 3230
5294 3229
5293 3228
5293 3227
5293 3226
5293 3225
5292 3224
5291 3223
5291 3222
5291 3221
5290 3220
5289 3219
5289 3218
5289 3217
5288 3216
5287 3215
5287 3214
5287 3213
5286 3212
5286 3211
5285 3210
5285 3209
5285 3208
5285 3207
5284 3206
5283 3205
5283 3204
5283 3203
5282 3202
5281 3201
5281 3200
5281 3199
5280 3198
5280 3197
5280 3196
5280 3195
5280 3194
5280 3193
5279 3192
5279 3191
5278 3190
5278 3189
5277 3188
5277 3187
5276 3186
5275 3185
5274 3184
5274 3183
5273 3182
5273 3181
5272 3180
5271 3179
5271 3178
5271 3177
5270 3176
5269 3175
5269 3174
5269 3173
5268 3172
5267 3171
5266 3170
5265 3169
5265 3168
5264 3168
5263 3167
5263 3166
5262 3166
5261 3165
5261 3164
5260 3164
5259 3163
5259 3162
5258 3162
5257 3161
5257 3160
5256 3160
5255 3159
5254 3158
5253 3157
5252 3156
5251 3156
5250 3156
5249 3155
5248 3154
5247 3154
5246 3154
5245 3153
5244 3152
5243 3152
5242 3152
5241 3151
5240 3150
5239 3150
5238 3149
5237 3149
5236 3148
5235 3147
5234 3146
5233 3146
5232 3145
5231 3144
5230 3144
5229 3143
5228 3142
5227 3141
5226 3140
5225 3140
5224 3140
5223 3139
5222 3138
5221 3138
5220 3137
5219 3137
5218 3136
5217 3135
5216 3134
5215 3134
5214 3133
5213 3133
5212 3132
5211 3131
5210 3130
5209 3130
5208 3129
5207 3128
5206 3128
5205 3127
5205 3126
5204 3126
5203 3125
5202 3124
5201 3123
5200 3122
5199 3122
5198 3121
5197 3120
5196 3120
5195 3119
5194 3118
5193 3117
5192 3116
5191 3116
5190 3115
5189 3115
5188 3114
5187 3113
5186 3112
5185 3112
5184 3111
5183 3110
5182 3110
5181 3109
5180 3108
5179 3107
5178 3106
5177 3106
5176 3106
5175 3105
5174 3104
5173 3104
5172 3103
5171 3102
5170 3102
5169 3101
5169 3100
5168 3100
5167 3099
5167 3098
5166 3098
5165 3097
5164 3096
5163 3095
5162 3094
5161 3094
5160 3093
5159 3092
5158 3092
5157 3091
5156 3090
5155 3089
5154 3088
5153 3088
5152 3088
5151 3087
5150 3086
5149 3086
5148 3086
5147 3086
5146 3085
5145 3085
5144 3084
5143 3084
5142 3084
5141 3084
5140 3083
5139 3083
5138 3083
5137 3083
5136 3082
5135 3082
5134 3082
5133 3082
5132 3081
5131 3081
5130 3080
5129 3080
5128 3080
5127 3079
5126 3078
5125 3078
5124 3078
5123 3077
5122 3076
5121 3076
5120 3076
5119 3075
5118 3074
5117 3074
5116 3074
5115 3074
5114 3073
5113 3073
5112 3072
5111 3072
5110 3072
5109 3072
5108 3071
5107 3071
5106 3071
5105 3071
5104 3071
5103 3071
5102 3071
5101 3071
5100 3071
5099 3071
5098 3070
5097 3070
5096 3070
5095 3070
5094 3069
5093 3069
5092 3069
5091 3069
5090 3069
5089 3069
5088 3068
5087 3068
5086 3068
5085 3067
5084 3066
5083 3066
5082 3066
5081 3065
5080 3064
5079 3064
5078 3064
5077 3063
5076 3062
5075 3062
5074 3061
5073 3061
5072 3060
5071 3059
5070 3058
5069 3058
5068 3058
5067 3057
5066 3056
5065 3056
5064 3055
5063 3055
5062 3054
5061 3054
5060 3053
5059 3053
5058 3052
5057 3052
5056 3052
5055 3052
5054 3051
5053 3051
5052 3050
5051 3050
5050 3050
5049 3050
5048 3049
5047 3049
5046 3049
5045 3049
5044 3049
5043 3049
5042 3048
5041 3048
5040 3048
5039 3048
5038 3047
5037 3047
5036 3046
5035 3046
5034 3046
5033 3045
5032 3044
5031 3044
5030 3044
5029 3044
5028 3043
5027 3043
5026 3043
5025 3043
5024 3042
5023 3042
5022 3042
5021 3042
5020 3041
5019 3041
5018 3041
5017 3041
5016 3041
5015 3041
5014 3041
5013 3041
5012 3041
5011 3041
5010 3041
5009 3041
5008 3041
5007 3041
5006 3041
5005 3041
5004 3041
5003 3041
5002 3040
5001 3040
5000 3040
4999 3040
4998 3039
4997 3039
4996 3039
4995 3039
4994 3038
4993 3038
4992 3038
4991 3038
4990 3037
4989 3037
4988 3037
4987 3037
4986 3036
4985 3036
4984 3036
4983 3036
4982 3035
4981 3035
4980 3034
4979 3034
4978 3034
4977 3034
4976 3033
4975 3033
4974 3033
4973 3033
4972 3032
4971 3032
4970 3032
4969 3032
4968 3031
4967 3031
4966 3030
4965 3030
4964 3030
4963 3029
4962 3028
4961 3028
4960 3028
4959 3027
4958 3026
4957 3026
4956 3026
4955 3026
4954 3025
4953 3025
4952 3024
4951 3024
4950 3024
4949 3024
4948 3023
4947 3023
4946 3023
4945 3023
4944 3023
4943 3023
4942 3023
4941 3023
4940 3023
4939 3023
4938 3023
4937 3023
4936 3023
4935 3023
4934 3023
4933 3023
4932 3023
4931 3023
4930 3023
4929 3023
4928 3023
4927 3023
4926 3023
4925 3023
4924 3023
4923 3023
4922 3023
4921 3023
4920 3023
4919 3023
4918 3023
4917 3023
4916 3023
4915 3023
4914 3023
4913 3023
4912 3023
4911 3023
4910 3023
4909 3023
4908 3023
4907 3023
4906 3023
4905 3023
4904 3022
4903 3022
4902 3022
4901 3022
4900 3021
4899 3021
4898 3020
4897 3020
4896 3020
4895 3020
4894 3019
4893 3019
4892 3018
4891 3018
4890 3018
4889 3017
4888 3016
4887 3016
4886 3016
4885 3015
4884 3014
4883 3014
4882 3014
4881 3014
4880 3013
4879 3013
4878 3012
4877 3012
4876 3012
4875 3011
4874 3010
4873 3010
4872 3010
4871 3009
4870 3008
4869 3008
4868 3007
4867 3007
4866 3006
4865 3005
4864 3004
4863 3004
4862 3003
4861 3003
4860 3002
4859 3001
4858 3000
4857 3000
4856 2999
4855 2998
4854 2998
4853 2997
4852 2996
4851 2995
4850 2994
4849 2994
4848 2994
4847 2993
4846 2992
4845 2992
4844 2992
4843 2992
4842 2991
4841 2991
4840 2990
4839 2990
4838 2990
4837 2990
4836 2989
4835 2989
4834 2988
4833 2988
4832 2988
4831 2988
4830 2987
4829 2987
4828 2987
4827 2987
4826 2987
4825 2987
4824 2987
4823 2987
4822 2987
4821 2987
4820 2987
4819 2987
4818 2987
4817 2987
4816 2987
4815 2987
4814 2987
4813 2987
4812 2987
4811 2987
4810 2987
4809 2987
4808 2986
4807 2986
4806 2986
4805 2986
4804 2985
4803 2985
4802 2985
4801 2985
4800 2985
4799 2985
4798 2985
4797 2985
4796 2985
4795 2985
4794 2985
4793 2985
4792 2985
4791 2985
4790 2985
4789 2985
4788 2985
4787 2985
4786 2985
4785 2985
4784 2985
4783 2985
4782 2985
4781 2985
4780 2984
4779 2984
4778 2984
4777 2984
4776 2983
4775 2983
4774 2983
4773 2983
4772 2983
4771 2983
4770 2982
4769 2982
4768 2982
4767 2982
4766 2981
4765 2981
4764 2981
4763 2981
4762 2981
4761 2981
4760 2981
4759 2981
4758 2980
4757 2980
4756 2980
4755 2980
4754 2979
4753 2979
4752 2979
4751 2979
4750 2979
4749 2979
4748 2979
4747 2979
4746 2979
4745 2979
4744 2979
4743 2979
4742 2978
4741 2978
4740 2978
4739 2978
4738 2977
4737 2977
4736 2977
4735 2977
4734 2977
4733 2977
4732 2977
4731 2977
4730 2977
4729 2977
4728 2977
4727 2977
4726 2977
4725 2977
4724 2977
4723 2977
4722 2977
4721 2977
4720 2977
4719 2977
4718 2977
4717 2977
4716 2977
4715 2977
4714 2976
4713 2976
4712 2976
4711 2975
4710 2974
4709 2974
4708 2974
4707 2974
4706 2973
4705 2973
4704 2973
4703 2973
4702 2973
4701 2973
4700 2973
4699 2973
4698 2973
4697 2973
4696 2973
4695 2973
4694 2973
4693 2973
4692 2973
4691 2973
4690 2973
4689 2973
4688 2973
4687 2973
4686 2973
4685 2973
4684 2973
4683 2973
4682 2973
4681 2973
4680 2973
4679 2973
4678 2973
4677 2973
4676 2973
4675 2973
4674 2973
4673 2973
4672 2973
4671 2973
4670 2973
4669 2973
4668 2973
4667 2973
4666 2973
4665 2973
4664 2973
4663 2973
4662 2974
4661 2974
4660 2974
4659 2974
4658 2975
4657 2975
4656 2975
4655 2975
4654 2975
4653 2975
4652 2975
4651 2975
4650 2975
4649 2975
4648 2975
4647 2975
4646 2975
4645 2975
4644 2975
4643 2975
4642 2975
4641 2975
4640 2975
4639 2975
4638 2975
4637 2975
4636 2975
4635 2975
4634 2975
4633 2975
4632 2975
4631 2975
4630 2975
4629 2975
4628 2975
4627 2975
4626 2975
4625 2975
4624 2975
4623 2975
4622 2975
4621 2975
4620 2975
4619 2975
4618 2975
4617 2975
4616 2975
4615 2975
4614 2975
4613 2975
4612 2974
4611 2974
4610 2974
4609 2974
4608 2973
4607 2973
4606 2973
4605 2973
4604 2973
4603 2973
4602 2973
4601 2973
4600 2973
4599 2973
4598 2972
4597 2972
4596 2972
4595 2971
4594 2970
4593 2970
4592 2970
4591 2969
4590 2968
4589 2968
4588 2968
4587 2968
4586 2967
4585 2967
4584 2966
4583 2966
4582 2966
4581 2966
4580 2965
4579 2965
4578 2964
4577 2964
4576 2964
4575 2964
4574 2963
4573 2963
4572 2963
4571 2963
4570 2963
4569 2963
4568 2962
4567 2962
4566 2962
4565 2962
4564 2961
4563 2961
4562 2961
4561 2961
4560 2961
4559 2961
4558 2961
4557 2961
4556 2961
4555 2961
4554 2960
4553 2960
4552 2960
4551 2960
4550 2959
4549 2959
4548 2959
4547 2959
4546 2959
4545 2959
4544 2959
4543 2959
4542 2959
4541 2959
4540 2959
4539 2959
4538 2958
4537 2958
4536 2958
4535 2958
4534 2957
4533 2957
4532 2957
4531 2957
4530 2957
4529 2957
4528 2957
4527 2957
4526 2957
4525 2957
4524 2957
4523 2957
4522 2957
4521 2957
4520 2957
4519 2957
4518 2957
4517 2957
4516 2957
4515 2957
4514 2957
4513 2957
4512 2957
4511 2957
4510 2957
4509 2957
4508 2956
4507 2956
4506 2956
4505 2956
4504 2955
4503 2955
4502 2955
4501 2955
4500 2955
4499 2955
4498 2955
4497 2955
4496 2955
4495 2955
4494 2955
4493 2955
4492 2955
4491 2955
4490 2955
4489 2955
4488 2955
4487 2955
4486 2955
4485 2955
4484 2955
4483 2955
4482 2955
4481 2955
4480 2955
4479 2955
4478 2955
4477 2955
4476 2954
4475 2954
4474 2954
4473 2954
4472 2953
4471 2953
4470 2953
4469 2953
4468 2953
4467 2953
4466 2953
4465 2953
4464 2953
4463 2953
4462 2953
4461 2953
4460 2953
4459 2953
4458 2952
4457 2952
4456 2952
4455 2952
4454 2951
4453 2951
4452 2950
4451 2950
4450 2950
4449 2950
4448 2949
4447 2949
4446 2949
4445 2949
4444 2949
4443 2949
4442 2949
4441 2949
4440 2949
4439 2949
4438 2949
4437 2949
4436 2949
4435 2949
4434 2949
4433 2949
4432 2949
4431 2949
4430 2949
4429 2949
4428 2949
4427 2949
4426 2949
4425 2949
4424 2949
4423 2949
4422 2949
4421 2949
4420 2949
4419 2949
4418 2949
4417 2949
4416 2949
4415 2949
4414 2949
4413 2949
