212 477
211 478
210 478
209 479
208 480
207 480
206 481
205 481
204 481
203 480
202 480
201 479
200 480
199 480
198 480
197 481
196 482
195 482
194 482
193 482
192 482
191 482
190 482
189 482
188 482
187 482
186 481
185 480
184 480
183 480
182 480
181 480
180 480
179 481
178 481
177 481
176 481
175 481
174 481
173 481
172 482
171 482
170 483
169 484
168 485
167 486
166 487
165 488
164 489
163 490
162 491
161 492
160 493
159 494
158 495
157 496
156 497
155 498
154 499
153 500
152 501
151 502
150 503
149 504
148 505
147 506
146 507
145 508
144 509
143 510
142 511
141 512
141 513
140 514
140 515
139 516
139 517
140 518
139 519
140 520
141 521
141 522
142 523
143 524
143 525
144 526
144 527
145 528
145 529
146 530
146 531
147 532
148 533
148 534
149 535
150 535
151 536
152 537
152 538
153 539
154 539
155 540
156 541
157 541
158 541
159 541
160 542
161 542
162 542
163 542
164 542
165 543
166 543
167 543
168 543
169 543
170 543
171 543
172 543
173 543
174 543
175 543
176 543
177 543
178 543
179 543
180 543
181 543
182 543
183 543
184 543
185 543
186 543
187 544
188 544
189 544
190 544
191 544
192 544
193 544
194 544
195 544
196 544
197 544
198 544
199 544
200 544
201 544
202 544
203 544
204 545
205 545
206 546
207 546
208 547
209 547
210 547
211 547
212 547
213 547
214 547
215 547
216 547
217 547
218 547
219 547
220 547
221 547
222 547
223 547
224 547
225 547
226 547
227 547
228 547
229 547
230 547
231 546
232 546
233 546
234 546
235 545
236 545
237 544
238 544
239 543
240 543
241 542
242 542
243 542
244 542
245 542
246 542
247 542
248 542
249 542
250 542
251 542
252 542
253 542
254 542
255 542
256 542
257 542
258 542
259 542
260 542
261 542
262 542
263 542
264 542
265 542
266 542
267 541
268 541
269 541
270 540
271 540
272 540
273 539
274 539
275 539
276 539
277 539
278 539
279 538
280 538
281 538
282 538
283 537
284 537
285 537
286 537
287 536
288 536
289 535
290 534
291 533
292 532
293 531
294 530
295 529
296 528
297 527
298 526
298 525
299 524
300 523
300 522
300 521
300 520
300 519
300 518
300 517
299 516
299 515
298 514
297 513
297 512
296 511
295 510
294 509
294 508
293 507
293 506
292 505
291 504
290 503
289 502
288 502
287 502
286 502
285 502
284 502
283 501
282 501
281 501
280 501
279 501
278 500
277 500
276 499
275 499
274 499
273 498
272 498
271 497
270 496
269 496
268 495
267 495
266 495
265 494
264 494
263 494
262 493
261 493
260 493
259 493
258 493
257 493
256 492
255 492
254 491
253 490
252 489
252 488
251 487
250 486
250 485
249 484
248 483
248 482
248 481
247 480
246 480
245 479
244 479
243 479
242 478
241 478
240 477
239 477
238 477
237 477
236 477
235 477
234 477
233 477
232 477
231 477
230 477
229 477
228 477
227 477
226 477
225 477
224 477
223 477
222 477
221 477
220 477
219 477
218 477
217 477
216 477
215 477
214 477
213 477
212 477
