702 2245
701 2246
700 2246
699 2246
698 2247
697 2247
696 2247
695 2247
694 2247
693 2247
692 2247
691 2247
690 2247
689 2247
688 2247
687 2247
686 2247
685 2247
684 2247
683 2247
682 2247
681 2247
680 2247
679 2247
678 2247
677 2247
676 2247
675 2247
674 2247
673 2247
672 2247
672 2248
671 2249
671 2250
671 2251
671 2252
671 2253
671 2254
671 2255
671 2256
672 2257
672 2258
672 2259
672 2260
672 2261
672 2262
672 2263
672 2264
672 2265
673 2266
674 2266
675 2267
676 2267
677 2267
678 2267
679 2267
680 2267
681 2266
682 2266
683 2266
684 2265
685 2265
686 2265
687 2265
688 2265
689 2265
690 2266
691 2267
691 2268
691 2269
691 2270
691 2271
691 2272
691 2273
692 2274
693 2275
694 2275
695 2276
696 2276
697 2276
698 2277
699 2277
700 2277
701 2277
702 2277
703 2278
704 2278
705 2278
706 2278
707 2279
708 2280
709 2280
710 2280
711 2280
712 2280
713 2280
714 2280
715 2280
716 2280
717 2281
718 2281
719 2282
720 2282
721 2282
722 2282
723 2282
724 2282
725 2282
726 2282
727 2282
728 2282
729 2282
730 2282
731 2283
732 2283
733 2283
734 2283
735 2283
736 2283
737 2283
738 2283
739 2283
740 2283
741 2283
742 2283
743 2283
744 2283
745 2282
746 2282
747 2282
748 2282
749 2282
750 2282
751 2282
752 2282
753 2282
754 2282
755 2281
756 2281
757 2280
758 2280
759 2279
760 2279
761 2279
762 2280
763 2280
764 2280
765 2280
766 2280
767 2280
768 2280
769 2280
770 2280
771 2280
772 2280
773 2280
774 2280
775 2281
776 2281
777 2281
778 2282
779 2282
780 2281
781 2281
782 2280
782 2279
783 2278
783 2277
783 2276
783 2275
783 2274
783 2273
783 2272
784 2271
785 2270
785 2269
786 2268
786 2267
786 2266
786 2265
786 2264
785 2263
784 2262
783 2261
782 2260
781 2259
780 2258
779 2257
778 2256
777 2255
777 2254
776 2253
776 2252
776 2251
775 2250
774 2249
773 2249
772 2249
771 2249
770 2249
769 2249
768 2249
767 2249
766 2249
765 2249
764 2249
763 2249
762 2249
761 2248
760 2248
759 2247
758 2246
757 2246
756 2246
755 2245
754 2245
753 2245
752 2245
751 2245
750 2245
749 2245
748 2245
747 2245
746 2245
745 2245
744 2245
743 2245
742 2245
741 2245
740 2245
739 2245
738 2245
737 2245
736 2245
735 2245
734 2245
733 2245
732 2245
731 2245
730 2245
729 2245
728 2245
727 2245
726 2245
725 2245
724 2245
723 2245
722 2245
721 2245
720 2245
719 2245
718 2245
717 2245
716 2245
715 2245
714 2245
713 2245
712 2245
711 2245
710 2245
709 2245
708 2245
707 2245
706 2245
705 2245
704 2245
703 2245
702 2245
