185 74
184 75
183 75
182 76
181 76
180 76
179 76
178 76
177 77
176 77
175 77
174 77
173 78
172 78
171 78
170 79
169 79
168 80
167 80
166 81
165 81
164 82
163 82
162 82
161 82
160 82
159 82
158 82
157 82
156 82
155 82
154 83
153 83
152 83
151 84
150 84
149 84
148 84
147 85
146 85
145 85
144 85
143 85
142 85
141 85
140 85
139 85
138 85
137 85
136 85
135 85
134 85
133 85
132 85
131 85
130 85
129 85
128 85
127 85
126 85
125 85
124 85
123 85
122 85
121 85
120 85
119 85
118 85
117 85
116 85
115 85
114 85
113 84
112 84
111 84
110 84
109 84
108 84
107 84
106 84
105 84
104 84
103 84
102 83
101 83
100 83
99 82
98 82
97 82
96 82
95 82
94 82
93 81
92 81
91 81
90 81
89 81
88 81
87 81
86 81
85 81
84 80
83 80
82 80
81 80
80 79
79 79
78 79
77 79
76 79
75 79
74 79
73 79
72 78
71 78
70 78
69 77
68 77
67 77
66 77
65 77
64 77
63 77
62 77
61 77
60 77
59 77
58 77
57 77
56 77
55 76
54 76
53 76
52 75
51 75
50 75
49 75
48 75
47 75
46 75
45 76
44 76
43 77
42 78
41 79
41 80
41 81
40 82
40 83
40 84
39 85
39 86
39 87
38 88
38 89
38 90
38 91
38 92
38 93
38 94
38 95
38 96
38 97
38 98
39 99
40 99
41 99
42 100
43 101
44 101
45 102
46 102
47 103
48 103
49 104
50 104
51 105
52 106
53 107
53 108
54 109
55 110
56 111
57 112
58 113
59 114
60 115
60 116
61 117
61 118
62 119
63 120
63 121
64 122
65 122
66 123
67 123
68 124
69 125
70 125
71 126
72 127
73 128
74 128
75 129
76 129
77 130
78 131
78 132
79 133
79 134
79 135
80 136
80 137
81 138
82 139
83 140
84 141
84 142
85 143
86 144
87 145
88 145
89 146
90 147
91 147
92 148
93 148
94 149
95 149
96 150
97 150
98 150
99 151
100 152
101 152
102 153
103 153
104 154
105 154
106 154
107 155
108 155
109 155
110 155
111 155
112 155
113 155
114 156
115 156
116 156
117 156
118 156
119 156
120 156
121 156
122 156
123 156
124 156
125 156
126 156
127 156
128 157
129 157
130 157
131 157
132 158
133 158
134 158
135 159
136 159
137 159
138 160
139 160
140 161
141 162
142 162
143 163
144 164
145 164
146 165
147 166
148 166
149 166
150 166
151 166
152 166
153 166
154 166
155 166
156 166
157 166
158 166
159 166
160 166
161 166
162 166
163 166
164 166
165 166
166 166
167 165
168 165
169 165
170 165
171 165
172 165
173 165
174 165
175 165
176 165
177 165
178 165
179 165
180 165
181 165
182 165
183 165
184 164
185 164
186 164
187 163
188 162
189 162
190 161
191 160
192 159
193 158
194 157
195 156
196 155
197 154
198 153
199 152
200 151
201 150
202 149
203 149
204 148
205 147
206 146
207 145
208 144
209 143
210 142
211 141
212 140
213 139
214 138
215 137
216 136
217 135
218 134
219 133
220 132
221 131
222 130
223 129
224 128
225 127
225 126
226 125
227 124
227 123
228 122
228 121
228 120
228 119
228 118
228 117
228 116
228 115
228 114
228 113
227 112
227 111
227 110
227 109
227 108
227 107
227 106
227 105
227 104
226 103
226 102
225 101
225 100
224 99
223 98
223 97
222 96
221 96
220 95
219 94
218 93
217 92
216 91
216 90
215 89
214 88
213 88
212 87
211 87
210 87
209 86
208 86
207 85
206 85
205 85
204 85
203 85
202 84
201 83
200 82
200 81
199 80
199 79
198 78
197 77
196 76
195 75
194 74
193 74
192 74
191 74
190 74
189 74
188 74
187 74
186 74
185 74
