333 9
332 10
331 10
330 10
329 10
328 10
327 11
326 11
325 11
324 11
323 11
322 11
321 11
320 11
319 11
318 11
317 11
316 11
315 11
314 11
313 11
312 12
311 12
310 13
309 13
308 13
307 14
306 14
305 15
304 15
303 16
302 16
301 17
300 17
299 18
298 18
297 18
296 19
295 19
294 20
293 20
292 21
291 21
290 22
289 22
288 23
287 23
286 23
285 24
284 24
283 25
282 25
281 26
280 27
279 27
278 28
277 29
276 29
275 30
274 30
273 31
272 31
271 32
270 33
269 33
268 34
267 34
266 35
265 35
264 36
263 36
262 37
261 37
260 38
259 39
258 39
257 40
256 40
255 41
254 42
253 42
252 43
251 43
250 44
249 44
248 45
247 46
246 46
245 47
244 48
243 48
242 49
241 49
241 50
240 51
240 52
240 53
239 54
240 55
241 56
242 56
243 56
244 56
245 56
246 56
247 55
248 55
249 55
250 55
251 55
252 55
253 55
254 55
255 55
256 55
257 55
258 55
259 55
260 55
261 55
262 55
263 55
264 55
265 54
266 54
267 53
268 54
269 54
270 53
271 53
272 52
273 52
274 52
275 52
276 52
277 52
278 51
279 51
280 50
281 50
282 49
283 49
284 48
285 48
286 47
287 47
288 46
289 46
290 45
291 45
292 45
293 45
294 45
295 45
296 45
297 45
298 45
299 45
300 45
301 45
302 45
303 45
304 45
305 45
306 45
307 45
308 45
309 45
310 44
311 44
312 44
313 44
314 44
315 44
316 44
317 44
318 43
319 43
320 43
321 43
322 44
323 44
324 44
325 45
326 45
327 44
328 44
329 45
330 45
331 45
332 45
333 46
334 46
335 46
336 46
337 47
338 47
339 47
340 48
341 48
342 49
343 49
344 49
345 50
346 50
347 50
348 50
349 50
350 50
351 50
352 50
353 49
354 49
355 50
356 50
357 50
358 50
359 50
360 50
361 50
362 51
363 51
364 51
365 51
366 50
367 49
368 48
369 48
370 47
371 47
372 47
373 46
374 46
375 46
376 45
377 44
377 43
378 42
379 41
380 40
379 39
379 38
379 37
379 36
378 35
378 34
377 33
376 32
375 31
375 30
374 29
374 28
373 27
372 26
372 25
371 24
371 23
370 22
369 21
368 21
367 20
366 20
365 19
364 18
363 18
362 17
361 17
360 17
359 17
358 16
357 15
356 14
355 13
354 13
353 12
352 12
351 12
350 12
349 11
348 11
347 11
346 11
345 10
344 10
343 10
342 9
341 9
340 9
339 9
338 9
337 9
336 9
335 9
334 9
333 9
