291 443
290 444
289 444
288 444
287 444
286 444
285 444
284 444
283 445
282 445
281 445
280 445
279 445
278 446
277 446
276 446
275 446
274 446
273 446
272 446
271 447
270 447
269 447
268 447
267 448
266 448
265 448
264 448
264 449
263 450
264 451
265 450
266 450
267 451
268 451
269 451
270 451
271 451
272 451
273 452
274 452
275 453
276 454
277 455
278 455
279 456
280 456
281 457
282 457
283 458
284 458
285 459
286 460
286 461
287 462
288 462
289 462
290 462
291 463
292 463
293 463
294 463
295 463
296 463
297 463
298 463
299 463
300 463
301 463
302 463
303 463
304 462
305 462
306 462
307 462
308 462
309 462
310 462
311 462
312 462
313 462
314 462
315 462
316 462
317 461
318 461
319 461
320 461
321 461
322 461
323 461
324 460
325 460
326 460
327 460
328 460
329 459
330 459
331 459
332 458
333 458
334 458
335 458
336 457
337 457
338 457
339 457
340 457
341 457
342 457
343 457
344 457
345 457
346 457
347 456
348 456
348 455
348 454
349 453
350 452
350 451
349 450
348 449
347 449
346 448
345 448
344 448
343 447
342 447
341 447
340 446
339 446
338 446
337 446
336 445
335 445
334 444
333 444
332 443
331 443
330 443
329 443
328 443
327 443
326 443
325 443
324 443
323 443
322 443
321 443
320 443
319 443
318 443
317 443
316 443
315 443
314 443
313 443
312 443
311 443
310 443
309 443
308 443
307 443
306 443
305 443
304 443
303 443
302 443
301 443
300 443
299 443
298 443
297 443
296 443
295 443
294 443
293 443
292 443
291 443
