832 1251
831 1252
830 1252
829 1252
828 1252
827 1252
826 1252
825 1252
824 1252
823 1253
822 1253
821 1254
820 1254
819 1254
818 1255
817 1255
816 1255
815 1256
814 1256
813 1256
812 1257
811 1257
810 1257
809 1257
808 1257
807 1257
806 1257
805 1257
804 1257
803 1257
802 1257
801 1257
800 1257
799 1257
798 1257
797 1257
796 1257
795 1257
794 1257
793 1257
792 1257
791 1257
790 1258
789 1258
788 1258
787 1258
786 1258
785 1258
784 1257
783 1257
782 1258
781 1258
780 1259
779 1259
778 1259
777 1260
776 1260
775 1260
774 1260
773 1260
772 1260
771 1260
770 1260
769 1260
768 1260
767 1260
766 1260
765 1260
764 1260
763 1260
762 1260
761 1260
760 1260
759 1260
758 1260
757 1260
756 1260
755 1260
754 1260
753 1260
752 1259
751 1259
750 1259
749 1259
748 1259
747 1259
746 1259
745 1259
744 1259
743 1259
742 1259
741 1259
740 1260
739 1260
738 1260
737 1260
736 1260
735 1260
734 1260
733 1260
732 1260
731 1260
730 1260
729 1260
728 1260
727 1260
726 1260
725 1260
724 1260
723 1260
722 1260
721 1260
720 1260
719 1259
718 1259
717 1259
716 1259
715 1259
714 1259
713 1259
712 1259
711 1259
710 1259
709 1259
708 1259
707 1259
706 1259
705 1259
704 1259
703 1259
702 1259
701 1259
700 1259
699 1259
698 1258
697 1258
696 1258
695 1257
694 1257
693 1257
692 1257
691 1257
690 1257
689 1257
688 1257
687 1257
686 1257
685 1257
684 1257
683 1257
682 1257
681 1257
680 1257
679 1257
678 1257
677 1257
676 1257
675 1257
674 1257
673 1257
672 1257
671 1257
670 1256
669 1256
668 1256
667 1256
666 1256
665 1256
664 1256
663 1256
662 1256
661 1256
660 1256
659 1256
658 1256
657 1256
656 1256
655 1256
654 1256
653 1256
652 1256
651 1256
650 1256
649 1255
648 1255
647 1255
646 1255
645 1255
644 1255
643 1255
642 1255
641 1255
640 1255
639 1255
638 1255
637 1255
636 1255
635 1255
634 1255
633 1255
632 1255
631 1255
630 1255
629 1255
628 1255
627 1255
626 1255
625 1255
624 1255
623 1255
622 1254
621 1254
620 1254
619 1253
618 1253
617 1253
616 1253
615 1253
614 1253
613 1253
612 1254
611 1255
611 1256
610 1257
611 1258
611 1259
611 1260
612 1261
612 1262
613 1263
613 1264
614 1265
615 1266
615 1267
616 1268
617 1269
617 1270
618 1271
619 1272
620 1273
621 1274
622 1275
623 1276
624 1277
625 1278
626 1279
626 1280
627 1281
627 1282
628 1283
629 1284
629 1285
629 1286
630 1287
630 1288
630 1289
631 1290
632 1291
633 1292
634 1292
635 1293
636 1293
637 1293
638 1293
639 1294
640 1293
641 1293
642 1293
643 1293
644 1293
645 1293
646 1293
647 1293
648 1293
649 1293
650 1293
651 1293
652 1293
653 1293
654 1293
655 1293
656 1293
657 1293
658 1293
659 1293
660 1293
661 1293
662 1293
663 1293
664 1293
665 1293
666 1294
667 1293
668 1293
669 1293
670 1293
671 1292
672 1292
673 1292
674 1292
675 1292
676 1292
677 1292
678 1293
679 1293
680 1293
681 1294
682 1294
683 1293
684 1293
685 1293
686 1294
687 1294
688 1294
689 1294
690 1295
691 1295
692 1295
693 1295
694 1295
695 1295
696 1295
697 1295
698 1295
699 1295
700 1295
701 1295
702 1295
703 1295
704 1295
705 1295
706 1295
707 1295
708 1295
709 1295
710 1295
711 1295
712 1295
713 1295
714 1295
715 1295
716 1295
717 1296
718 1296
719 1296
720 1296
721 1296
722 1296
723 1296
724 1296
725 1296
726 1296
727 1297
728 1296
729 1296
730 1296
731 1296
732 1296
733 1296
734 1296
735 1296
736 1296
737 1296
738 1296
739 1295
740 1295
741 1295
742 1295
743 1295
744 1295
745 1295
746 1295
747 1296
748 1296
749 1296
750 1296
751 1297
752 1296
753 1296
754 1296
755 1296
756 1296
757 1296
758 1296
759 1296
760 1296
761 1295
762 1295
763 1295
764 1295
765 1295
766 1295
767 1295
768 1295
769 1295
770 1295
771 1295
772 1295
773 1295
774 1295
775 1295
776 1295
777 1295
778 1295
779 1295
780 1295
781 1295
782 1295
783 1295
784 1294
785 1294
786 1294
787 1294
788 1294
789 1294
790 1295
791 1295
792 1295
793 1294
794 1294
795 1294
796 1294
797 1294
798 1294
799 1293
800 1293
801 1292
802 1291
803 1291
804 1291
805 1291
806 1291
807 1290
808 1290
809 1290
810 1289
811 1289
812 1289
813 1288
814 1288
815 1287
816 1287
817 1287
818 1287
819 1286
820 1286
821 1286
822 1285
823 1285
824 1285
825 1285
826 1285
827 1285
828 1284
829 1284
830 1283
831 1283
832 1283
833 1282
834 1282
835 1281
836 1280
837 1280
838 1280
839 1280
840 1279
841 1279
842 1278
843 1278
844 1278
845 1277
846 1277
847 1277
848 1276
849 1276
850 1275
851 1275
852 1274
853 1274
854 1274
855 1273
856 1273
857 1272
858 1271
859 1270
860 1269
861 1268
862 1267
863 1266
864 1265
864 1264
865 1263
865 1262
864 1261
864 1260
864 1259
863 1258
862 1257
861 1256
860 1256
859 1255
858 1255
857 1255
856 1254
855 1254
854 1253
853 1253
852 1252
851 1251
850 1251
849 1251
848 1251
847 1251
846 1251
845 1251
844 1251
843 1251
842 1251
841 1251
840 1251
839 1251
838 1251
837 1251
836 1251
835 1251
834 1251
833 1251
832 1251
