851 1236
850 1237
849 1237
848 1237
847 1237
846 1238
845 1238
844 1238
843 1238
842 1239
841 1239
840 1239
839 1239
838 1240
837 1240
836 1241
835 1242
834 1243
833 1244
832 1244
831 1245
830 1245
829 1245
828 1245
827 1245
826 1245
825 1245
824 1245
823 1245
822 1245
821 1245
820 1245
819 1245
818 1246
817 1247
816 1248
816 1249
816 1250
815 1251
815 1252
814 1253
814 1254
813 1255
812 1256
811 1257
810 1258
809 1259
808 1260
808 1261
807 1262
807 1263
806 1264
806 1265
805 1266
805 1267
804 1268
803 1269
802 1270
801 1271
800 1272
799 1273
798 1274
797 1275
796 1276
796 1277
795 1278
795 1279
795 1280
795 1281
795 1282
795 1283
795 1284
795 1285
795 1286
795 1287
795 1288
796 1289
796 1290
796 1291
797 1292
797 1293
798 1294
799 1294
800 1295
801 1295
802 1295
803 1295
804 1295
805 1296
806 1296
807 1296
808 1297
809 1298
810 1299
811 1300
812 1301
813 1302
814 1302
815 1303
816 1304
817 1304
818 1304
819 1305
820 1305
821 1306
822 1306
823 1307
824 1308
825 1308
826 1308
827 1308
828 1308
829 1308
830 1308
831 1309
832 1309
833 1309
834 1309
835 1309
836 1309
837 1309
838 1309
839 1310
840 1310
841 1310
842 1311
843 1311
844 1312
845 1312
846 1313
847 1313
848 1313
849 1313
850 1313
851 1313
852 1313
853 1313
854 1313
855 1313
856 1314
857 1314
858 1314
859 1314
860 1314
861 1314
862 1315
863 1315
864 1315
865 1316
866 1316
867 1316
868 1316
869 1316
870 1316
871 1317
872 1317
873 1317
874 1318
875 1318
876 1318
877 1318
878 1318
879 1318
880 1318
881 1318
882 1318
883 1318
884 1318
885 1318
886 1318
887 1318
888 1318
889 1318
890 1318
891 1317
892 1317
893 1317
894 1317
895 1316
896 1316
897 1316
898 1315
899 1315
900 1314
901 1314
902 1313
903 1313
904 1312
905 1311
906 1311
907 1311
908 1310
909 1309
910 1308
911 1308
912 1307
913 1307
914 1306
915 1306
916 1305
917 1304
918 1303
919 1302
919 1301
920 1300
921 1299
922 1298
922 1297
923 1296
924 1295
925 1294
926 1293
926 1292
927 1291
927 1290
928 1289
929 1288
930 1287
931 1286
932 1285
932 1284
933 1283
932 1282
932 1281
932 1280
931 1279
931 1278
930 1277
930 1276
929 1275
929 1274
928 1273
928 1272
928 1271
927 1270
927 1269
927 1268
926 1267
926 1266
925 1265
924 1264
923 1263
922 1262
921 1261
920 1260
919 1259
918 1258
917 1257
916 1256
915 1255
914 1255
913 1254
912 1254
911 1254
910 1253
909 1252
908 1251
907 1250
906 1249
905 1249
904 1248
903 1248
902 1247
901 1247
900 1246
899 1246
898 1246
897 1245
896 1245
895 1244
894 1244
893 1244
892 1243
891 1243
890 1243
889 1242
888 1242
887 1242
886 1242
885 1241
884 1240
883 1240
882 1240
881 1240
880 1240
879 1239
878 1239
877 1239
876 1238
875 1239
874 1239
873 1239
872 1239
871 1239
870 1238
869 1238
868 1237
867 1237
866 1236
865 1236
864 1236
863 1236
862 1236
861 1236
860 1236
859 1236
858 1236
857 1236
856 1236
855 1236
854 1236
853 1236
852 1236
851 1236
