203 2154
202 2155
201 2155
200 2155
199 2155
198 2155
197 2155
196 2155
195 2155
194 2155
193 2155
192 2155
191 2155
190 2155
189 2155
188 2155
187 2155
186 2156
185 2156
184 2156
183 2156
182 2156
181 2156
180 2156
179 2156
178 2157
177 2157
176 2158
175 2158
174 2158
173 2159
172 2159
171 2159
170 2160
169 2160
168 2161
167 2162
166 2162
165 2163
164 2164
163 2165
163 2166
162 2167
161 2168
161 2169
160 2170
159 2171
158 2172
157 2173
156 2174
155 2175
154 2176
153 2177
152 2178
151 2179
150 2180
149 2181
149 2182
149 2183
148 2184
147 2185
147 2186
146 2187
146 2188
146 2189
146 2190
145 2191
145 2192
145 2193
145 2194
145 2195
145 2196
145 2197
146 2198
147 2199
147 2200
148 2201
149 2202
149 2203
150 2204
150 2205
150 2206
150 2207
150 2208
150 2209
150 2210
150 2211
150 2212
150 2213
150 2214
150 2215
151 2215
152 2215
153 2215
154 2215
155 2215
156 2215
157 2216
158 2216
159 2216
160 2216
161 2216
162 2216
163 2216
164 2216
165 2216
166 2216
167 2216
168 2216
169 2216
170 2216
171 2215
172 2215
173 2215
174 2215
175 2215
176 2215
177 2215
178 2215
179 2215
180 2215
181 2215
182 2216
183 2216
184 2216
185 2216
186 2216
187 2216
188 2216
189 2216
190 2216
191 2216
192 2216
193 2216
194 2216
195 2216
196 2216
197 2215
198 2215
199 2215
200 2215
201 2215
202 2215
203 2215
204 2215
205 2215
206 2215
207 2215
208 2215
209 2215
210 2215
211 2215
212 2215
213 2214
214 2214
215 2214
216 2213
217 2213
218 2213
219 2213
220 2213
221 2213
222 2213
223 2213
224 2212
225 2212
226 2212
227 2212
228 2212
229 2211
230 2211
231 2210
232 2210
233 2209
234 2209
235 2209
236 2208
237 2208
238 2208
239 2208
240 2207
241 2207
242 2207
243 2207
244 2206
245 2206
246 2206
247 2206
248 2206
249 2206
250 2206
251 2206
252 2205
253 2205
254 2205
255 2204
256 2204
257 2204
258 2203
259 2203
260 2202
261 2202
262 2202
263 2202
264 2202
265 2201
266 2201
267 2200
268 2200
269 2199
270 2199
271 2199
272 2199
273 2199
274 2199
275 2199
276 2199
277 2199
278 2199
279 2199
280 2199
281 2198
282 2198
283 2198
284 2197
285 2197
286 2196
286 2195
287 2194
287 2193
288 2192
288 2191
288 2190
288 2189
289 2188
289 2187
289 2186
290 2185
290 2184
290 2183
290 2182
290 2181
290 2180
290 2179
290 2178
290 2177
291 2176
291 2175
291 2174
291 2173
291 2172
292 2171
292 2170
292 2169
292 2168
292 2167
292 2166
293 2165
293 2164
293 2163
293 2162
293 2161
293 2160
292 2160
291 2159
290 2159
289 2158
288 2158
287 2157
286 2157
285 2157
284 2157
283 2157
282 2157
281 2157
280 2157
279 2156
278 2155
277 2155
276 2155
275 2155
274 2155
273 2155
272 2155
271 2155
270 2155
269 2155
268 2155
267 2155
266 2155
265 2155
264 2155
263 2155
262 2155
261 2155
260 2155
259 2155
258 2155
257 2155
256 2155
255 2155
254 2155
253 2155
252 2155
251 2155
250 2155
249 2155
248 2155
247 2155
246 2155
245 2155
244 2155
243 2155
242 2155
241 2155
240 2155
239 2155
238 2155
237 2155
236 2155
235 2155
234 2155
233 2155
232 2155
231 2155
230 2155
229 2155
228 2155
227 2155
226 2154
225 2154
224 2154
223 2154
222 2154
221 2154
220 2154
219 2154
218 2154
217 2154
216 2154
215 2154
214 2154
213 2154
212 2154
211 2154
210 2154
209 2154
208 2154
207 2154
206 2154
205 2154
204 2154
203 2154
