649 882
648 883
647 883
646 884
645 885
644 885
643 885
642 886
641 886
640 886
639 887
638 888
637 888
636 889
635 889
634 890
633 891
632 892
631 892
630 893
629 893
628 894
627 894
626 894
625 895
624 895
623 895
622 896
621 896
620 896
619 897
618 898
617 898
616 899
615 899
614 900
613 900
612 901
612 902
612 903
612 904
612 905
612 906
612 907
611 908
611 909
610 910
609 911
608 912
608 913
608 914
608 915
608 916
608 917
608 918
608 919
607 920
607 921
606 922
605 923
604 923
603 924
602 924
601 924
600 925
599 925
598 925
597 925
596 926
595 926
594 926
593 926
592 926
591 927
590 928
589 928
588 928
587 929
586 930
585 930
584 931
583 932
583 933
584 934
584 935
584 936
585 937
586 938
586 939
587 940
588 941
588 942
589 943
589 944
589 945
590 946
590 947
591 948
591 949
592 950
592 951
592 952
593 953
593 954
594 955
594 956
594 957
595 958
596 958
597 959
598 959
599 959
600 959
601 959
602 959
603 959
604 959
605 959
606 960
607 960
608 960
609 960
610 960
611 960
612 961
613 961
614 961
615 962
616 962
617 962
618 962
619 962
620 962
621 962
622 962
623 962
624 961
625 961
626 961
627 960
628 960
629 960
630 959
631 959
632 959
633 959
634 958
635 958
636 958
637 957
638 957
639 957
640 957
641 957
642 957
643 957
644 956
645 956
646 956
647 956
648 955
649 955
650 955
651 955
652 955
653 955
654 954
655 954
656 954
657 953
658 953
659 953
660 953
661 953
662 953
663 953
664 953
665 952
666 952
667 952
668 952
669 952
670 951
671 951
672 951
673 951
674 951
675 951
676 951
677 951
678 951
679 951
680 951
681 951
682 951
683 951
684 950
685 950
686 950
687 949
688 949
689 949
690 949
691 949
692 949
693 949
694 949
695 949
696 949
697 949
698 949
699 948
700 948
701 948
702 948
703 948
704 948
705 948
706 948
707 947
708 947
709 947
710 946
711 946
712 946
713 946
714 946
715 946
716 946
717 946
718 946
719 946
720 946
721 946
722 946
723 946
724 945
725 945
726 945
727 945
728 945
729 945
730 945
731 945
732 944
733 944
734 944
735 944
736 944
737 944
738 944
739 944
740 945
741 945
742 945
743 945
744 945
745 945
746 945
747 945
748 945
749 945
750 945
751 945
752 945
753 945
754 945
755 945
756 945
757 945
758 945
759 944
760 944
761 944
762 944
763 944
764 944
765 944
766 944
767 944
768 944
769 945
770 945
771 945
772 945
773 945
774 945
775 945
776 945
777 945
778 945
779 945
780 945
781 945
782 945
783 945
784 945
785 945
786 945
787 945
788 946
789 946
790 947
791 946
792 946
793 945
794 945
795 945
796 945
797 945
798 945
799 945
800 945
801 945
802 945
803 945
804 945
805 945
806 945
807 945
808 945
809 945
810 945
811 945
812 945
813 945
814 944
815 944
816 944
817 944
818 944
819 944
820 944
821 944
822 944
823 944
824 944
825 944
826 944
827 944
828 944
829 944
830 944
831 944
832 944
833 943
834 943
835 943
836 942
837 942
838 942
839 942
840 942
841 942
842 942
843 941
844 941
845 940
846 940
847 940
848 940
849 940
850 939
851 939
852 939
853 938
854 938
855 938
856 938
857 937
858 937
859 937
860 936
861 936
862 935
863 935
864 934
865 934
866 933
867 933
868 932
869 932
870 931
871 931
872 930
873 930
874 930
875 930
876 929
877 928
878 928
879 927
880 926
881 926
882 925
883 925
884 925
885 925
886 925
887 925
888 925
889 925
890 925
891 925
892 925
893 925
894 925
895 925
896 925
897 925
898 924
899 925
900 925
901 925
902 925
903 926
904 926
905 926
906 926
907 925
908 925
909 924
910 924
910 923
911 922
911 921
911 920
911 919
910 918
909 917
908 916
907 916
906 915
905 915
904 915
903 915
902 915
901 915
900 915
899 915
898 915
897 914
896 914
895 914
894 913
893 913
892 913
891 913
890 913
889 913
888 913
887 913
886 912
885 912
884 912
883 912
882 912
881 911
880 911
879 911
878 910
877 910
876 910
875 909
874 908
873 908
872 908
871 908
870 908
869 907
868 907
867 907
866 906
865 906
864 905
863 905
862 905
861 905
860 904
859 904
858 903
857 903
856 903
855 902
854 902
853 902
852 902
851 901
850 901
849 900
848 900
847 900
846 899
845 899
844 899
843 898
842 897
841 897
840 897
839 897
838 897
837 897
836 896
835 896
834 896
833 895
832 895
831 895
830 895
829 895
828 894
827 894
826 893
825 893
824 893
823 893
822 893
821 893
820 893
819 893
818 892
817 892
816 891
815 890
814 890
813 890
812 890
811 889
810 889
809 889
808 888
807 888
806 888
805 888
804 888
803 888
802 888
801 888
800 888
799 888
798 888
797 888
796 888
795 888
794 888
793 888
792 888
791 888
790 888
789 887
788 887
787 887
786 887
785 887
784 887
783 887
782 887
781 887
780 887
779 887
778 887
777 887
776 887
775 887
774 887
773 887
772 887
771 887
770 887
769 887
768 887
767 887
766 887
765 887
764 887
763 887
762 887
761 887
760 887
759 887
758 887
757 887
756 887
755 887
754 887
753 887
752 887
751 888
750 888
749 888
748 888
747 888
746 888
745 888
744 888
743 888
742 888
741 888
740 888
739 888
738 888
737 888
736 888
735 888
734 888
733 888
732 888
731 888
730 888
729 888
728 888
727 888
726 888
725 888
724 888
723 888
722 888
721 888
720 888
719 888
718 888
717 888
716 888
715 888
714 888
713 888
712 888
711 888
710 888
709 888
708 888
707 888
706 888
705 888
704 888
703 888
702 888
701 888
700 888
699 888
698 888
697 888
696 888
695 887
694 887
693 887
692 887
691 887
690 887
689 887
688 887
687 887
686 886
685 886
684 886
683 886
682 886
681 886
680 886
679 885
678 885
677 884
676 884
675 884
674 883
673 883
672 883
671 883
670 883
669 883
668 883
667 883
666 883
665 882
664 882
663 882
662 882
661 882
660 882
659 882
658 882
657 882
656 882
655 882
654 882
653 882
652 882
651 882
650 882
649 882
