437 821
436 822
435 822
434 822
433 822
432 823
431 823
430 823
429 823
428 823
427 823
426 823
425 823
424 823
423 823
422 823
421 823
420 823
419 823
418 823
417 823
416 823
415 823
414 823
413 823
412 823
411 823
410 824
409 824
408 824
407 824
406 825
405 825
404 825
403 825
402 826
401 826
400 826
399 826
398 827
397 827
396 827
395 827
394 827
393 827
392 827
391 827
390 827
389 827
388 827
387 827
386 827
385 827
384 827
383 827
382 827
381 827
380 827
379 827
378 827
377 827
376 827
375 827
374 827
373 827
372 827
371 827
370 827
369 827
368 827
367 827
366 827
365 827
364 827
363 827
362 828
361 828
360 828
359 828
358 829
357 829
356 829
355 829
354 829
353 829
352 829
351 829
350 829
349 829
348 829
347 829
346 829
345 829
344 829
343 829
342 830
341 830
340 830
339 830
338 831
337 831
336 831
335 831
334 832
333 832
332 832
331 832
330 833
329 833
328 833
327 833
326 833
325 833
324 833
323 833
322 833
321 833
320 833
319 833
318 833
317 833
316 833
315 833
314 833
313 833
312 833
311 833
310 833
309 833
308 833
307 833
306 833
305 833
304 833
303 833
302 833
301 833
300 833
299 833
298 833
297 833
296 833
295 833
294 833
293 833
292 833
291 833
290 833
289 833
288 834
287 834
286 834
285 834
284 835
283 835
282 835
281 835
280 835
279 835
278 836
277 836
276 837
275 837
274 838
273 838
272 839
271 839
270 840
269 840
268 840
267 840
266 841
265 841
264 841
263 841
262 841
261 841
260 841
259 841
258 841
257 841
256 841
255 841
254 841
253 841
252 841
251 841
250 841
249 841
248 841
247 841
246 841
245 841
244 841
243 841
242 841
241 841
240 841
239 841
238 841
237 841
236 841
235 841
234 841
233 841
232 841
231 841
230 842
229 842
228 843
227 843
226 844
225 844
224 845
223 845
222 846
221 846
220 846
219 846
218 847
217 847
216 847
215 847
214 847
213 847
212 847
211 847
210 848
209 848
208 848
207 848
206 849
205 849
204 849
203 849
202 849
201 849
200 849
199 849
198 850
197 850
196 850
195 850
194 851
193 851
192 851
191 851
190 852
189 852
188 853
187 853
186 854
185 854
184 855
183 855
182 855
181 855
180 855
179 855
178 856
177 856
176 856
175 856
174 857
173 858
172 859
171 859
170 860
169 860
168 861
167 861
166 861
165 861
164 862
163 862
162 863
161 864
160 864
160 865
159 866
158 866
157 867
156 868
155 868
154 869
153 869
152 870
151 870
150 871
149 871
148 872
147 872
146 873
145 873
144 874
143 874
142 874
141 874
140 875
139 875
138 875
137 875
136 875
135 875
134 875
133 875
132 875
131 875
130 875
129 875
128 876
127 876
126 877
125 877
124 878
123 878
122 879
121 879
120 879
119 879
118 880
117 880
116 881
115 882
114 882
113 883
112 884
111 884
110 885
109 885
108 886
107 886
106 887
105 887
104 888
103 888
102 889
101 890
100 891
99 892
98 892
98 893
97 894
96 895
95 896
94 897
94 898
94 899
93 900
92 901
92 902
92 903
92 904
91 905
91 906
91 907
91 908
92 909
92 910
93 911
94 912
94 913
95 913
96 914
96 915
97 915
98 916
98 917
99 917
100 918
100 919
101 919
102 920
102 921
103 921
104 922
104 923
105 923
106 924
107 925
108 926
109 927
110 927
111 928
112 928
113 929
114 929
115 930
116 930
117 931
118 931
119 932
120 932
121 933
122 933
123 934
124 934
125 934
126 934
127 935
128 935
129 936
130 937
131 937
132 938
133 939
134 939
135 940
136 940
137 941
138 941
139 941
140 941
141 942
142 942
143 943
144 943
145 944
146 944
147 945
148 945
149 946
150 946
151 946
152 946
153 946
154 946
155 946
156 946
157 946
158 946
159 947
160 947
161 947
162 947
163 948
164 948
165 948
166 948
167 948
168 948
169 948
170 948
171 948
172 948
173 948
174 948
175 948
176 948
177 948
178 948
179 949
180 949
181 949
182 949
183 950
184 950
185 950
186 950
187 950
188 950
189 950
190 950
191 950
192 950
193 950
194 950
195 950
196 950
197 950
198 950
199 950
200 950
201 950
202 950
203 950
204 950
205 950
206 950
207 950
208 950
209 950
210 950
211 950
212 950
213 950
214 950
215 950
216 950
217 950
218 950
219 950
220 950
221 950
222 950
223 950
224 950
225 950
226 950
227 950
228 950
229 950
230 950
231 950
232 950
233 950
234 950
235 950
236 950
237 950
238 950
239 950
240 950
241 950
242 950
243 950
244 950
245 950
246 950
247 950
248 950
249 950
250 950
251 950
252 950
253 950
254 950
255 950
256 950
257 950
258 950
259 950
260 950
261 950
262 950
263 950
264 950
265 950
266 950
267 950
268 950
269 950
270 950
271 950
272 950
273 950
274 950
275 950
276 950
277 950
278 950
279 950
280 950
281 950
282 950
283 950
284 950
285 950
286 950
287 950
288 950
289 950
290 950
291 950
292 950
293 950
294 950
295 950
296 950
297 950
298 950
299 950
300 950
301 950
302 950
303 950
304 950
305 950
306 950
307 950
308 950
309 950
310 950
311 950
312 950
313 950
314 950
315 950
316 950
317 950
318 950
319 950
320 950
321 950
322 950
323 950
324 950
325 950
326 950
327 950
328 950
329 950
330 950
331 950
332 950
333 950
334 950
335 950
336 950
337 950
338 950
339 950
340 950
341 950
342 950
343 950
344 950
345 950
346 950
347 950
348 950
349 950
350 950
351 950
352 950
353 950
354 950
355 950
356 950
357 950
358 950
359 950
360 950
361 950
362 950
363 950
364 950
365 950
366 950
367 950
368 950
369 950
370 950
371 950
372 950
373 950
374 950
375 950
376 950
377 950
378 950
379 950
380 950
381 950
382 950
383 950
384 950
385 950
386 950
387 950
388 950
389 950
390 950
391 950
392 950
393 950
394 950
395 950
396 950
397 950
398 950
399 950
400 950
401 950
402 950
403 950
404 950
405 950
406 950
407 950
408 950
409 950
410 950
411 950
412 950
413 950
414 950
415 950
416 950
417 950
418 950
419 950
420 950
421 950
422 950
423 950
424 950
425 950
426 950
427 950
428 950
429 950
430 950
431 950
432 950
433 949
434 949
435 949
436 949
437 948
438 948
439 948
440 948
441 949
442 949
443 949
444 949
445 950
446 950
447 950
448 950
449 950
450 950
451 950
452 950
453 951
454 951
455 951
456 951
457 952
458 952
459 952
460 952
461 952
462 952
463 952
464 952
465 952
466 952
467 952
468 952
469 952
470 952
471 952
472 952
473 952
474 952
475 952
476 952
477 952
478 952
479 952
480 952
481 952
482 952
483 952
484 952
485 952
486 952
487 952
488 952
489 952
490 952
491 952
492 952
493 952
494 952
495 952
496 952
497 952
498 952
499 952
500 952
501 952
502 952
503 952
504 952
505 952
506 952
507 952
508 952
509 952
510 952
511 952
512 952
513 952
514 952
515 952
516 952
517 952
518 952
519 952
520 952
521 952
522 952
523 951
524 951
525 951
526 951
527 950
528 950
529 950
530 950
531 950
532 950
533 950
534 950
535 950
536 950
537 950
538 950
539 950
540 950
541 950
542 950
543 950
544 950
545 950
546 950
547 949
548 949
549 949
550 949
551 948
552 948
553 948
554 948
555 949
556 949
557 949
558 949
559 950
560 950
561 950
562 950
563 950
564 950
565 950
566 950
567 950
568 950
569 949
570 949
571 949
572 949
573 948
574 948
575 948
576 948
577 948
578 948
579 948
580 948
581 948
582 948
583 948
584 948
585 948
586 948
587 947
588 947
589 947
590 947
591 946
592 946
593 946
594 946
595 946
596 946
597 946
598 946
599 946
600 946
601 946
602 946
603 946
604 946
605 946
606 946
607 945
608 945
609 945
610 945
611 944
612 944
613 943
614 943
615 943
616 943
617 942
618 942
619 942
620 942
621 941
622 941
623 940
624 939
625 938
626 937
627 936
627 935
628 934
628 933
629 932
630 931
631 930
631 929
632 928
632 927
633 926
633 925
634 924
634 923
634 922
634 921
634 920
634 919
634 918
634 917
634 916
634 915
634 914
634 913
634 912
634 911
635 910
635 909
635 908
635 907
636 906
636 905
636 904
636 903
636 902
636 901
636 900
636 899
636 898
636 897
636 896
636 895
636 894
636 893
636 892
636 891
636 890
636 889
636 888
636 887
636 886
636 885
636 884
636 883
636 882
636 881
636 880
636 879
636 878
636 877
635 876
635 875
634 874
633 873
633 872
632 872
631 871
631 870
630 870
629 869
628 868
627 867
626 866
625 866
624 865
623 865
622 864
621 864
620 863
619 863
618 862
617 862
616 862
615 862
614 861
613 861
612 861
611 861
610 860
609 860
608 860
607 860
606 859
605 859
604 859
603 859
602 858
601 858
600 857
599 857
598 856
597 856
596 855
595 855
594 855
593 855
592 855
591 855
590 855
589 855
588 854
587 854
586 853
585 853
584 852
583 852
582 851
581 851
580 851
579 851
578 851
577 851
576 851
575 851
574 850
573 850
572 850
571 850
570 849
569 849
568 849
567 849
566 848
565 848
564 847
563 846
562 846
561 845
560 844
559 844
558 843
557 843
556 843
555 843
554 843
553 843
552 843
551 843
550 842
549 842
548 842
547 842
546 841
545 841
544 840
543 840
542 840
541 840
540 839
539 839
538 839
537 839
536 838
535 838
534 838
533 838
532 837
531 837
530 836
529 836
528 836
527 836
526 835
525 835
524 835
523 835
522 834
521 834
520 834
519 834
518 833
517 833
516 833
515 833
514 833
513 833
512 833
511 833
510 833
509 833
508 833
507 833
506 833
505 833
504 832
503 832
502 832
501 831
500 830
499 830
498 830
497 830
496 829
495 829
494 829
493 829
492 829
491 829
490 828
489 828
488 828
487 828
486 827
485 827
484 827
483 827
482 827
481 827
480 827
479 827
478 826
477 826
476 826
475 826
474 825
473 825
472 825
471 825
470 824
469 824
468 824
467 824
466 823
465 823
464 823
463 823
462 823
461 823
460 823
459 823
458 823
457 823
456 823
455 823
454 823
453 823
452 823
451 823
450 823
449 823
448 822
447 822
446 822
445 822
444 821
443 821
442 821
441 821
440 821
439 821
438 821
437 821
