1351 941
1350 942
1349 942
1348 942
1347 942
1346 943
1345 943
1344 943
1343 944
1342 944
1341 944
1340 945
1339 945
1338 945
1337 945
1336 945
1335 945
1334 945
1333 945
1332 946
1331 946
1330 946
1329 947
1328 947
1327 947
1326 947
1325 947
1324 947
1323 947
1322 948
1321 948
1320 948
1319 948
1318 948
1317 948
1316 948
1315 948
1314 948
1313 949
1312 949
1311 949
1310 950
1309 950
1308 950
1307 950
1306 950
1305 951
1304 951
1303 951
1302 951
1301 952
1300 952
1299 952
1298 952
1297 952
1296 952
1295 952
1294 952
1293 952
1292 952
1291 952
1290 952
1289 952
1288 952
1287 952
1286 952
1285 952
1284 952
1283 952
1282 952
1281 952
1280 952
1279 952
1278 952
1277 952
1276 952
1275 952
1274 952
1273 952
1272 952
1271 952
1270 952
1269 952
1268 952
1267 952
1266 952
1265 952
1264 952
1263 952
1262 952
1261 952
1260 951
1259 951
1258 951
1257 951
1256 951
1255 951
1254 951
1253 951
1252 951
1251 951
1250 951
1249 951
1248 951
1247 951
1246 952
1245 952
1244 953
1243 953
1242 953
1241 954
1240 954
1239 954
1238 954
1237 954
1236 954
1235 953
1234 953
1233 953
1232 953
1231 953
1230 952
1229 952
1228 952
1227 952
1226 953
1225 953
1224 953
1223 953
1222 953
1221 953
1220 953
1219 953
1218 953
1217 954
1216 954
1215 954
1214 954
1213 955
1212 955
1211 955
1210 955
1209 956
1208 956
1207 957
1206 958
1205 959
1205 960
1206 961
1206 962
1207 963
1207 964
1207 965
1208 966
1209 967
1209 968
1210 969
1211 970
1211 971
1212 972
1213 973
1213 974
1214 975
1215 976
1215 977
1216 978
1217 979
1218 980
1218 981
1219 982
1220 983
1221 984
1222 985
1222 986
1223 987
1223 988
1224 989
1225 990
1226 991
1226 992
1227 993
1228 994
1228 995
1229 996
1229 997
1230 998
1231 999
1232 1000
1232 1001
1233 1002
1234 1003
1234 1004
1235 1005
1236 1005
1237 1006
1238 1007
1239 1008
1239 1009
1240 1009
1241 1010
1242 1011
1243 1011
1244 1012
1245 1012
1246 1013
1247 1014
1248 1014
1249 1015
1250 1015
1251 1016
1252 1016
1253 1016
1254 1016
1255 1017
1256 1017
1257 1017
1258 1018
1259 1018
1260 1018
1261 1019
1262 1019
1263 1019
1264 1019
1265 1019
1266 1019
1267 1019
1268 1019
1269 1019
1270 1019
1271 1020
1272 1020
1273 1020
1274 1021
1275 1021
1276 1021
1277 1021
1278 1021
1279 1021
1280 1021
1281 1021
1282 1021
1283 1021
1284 1021
1285 1021
1286 1021
1287 1020
1288 1020
1289 1020
1290 1020
1291 1019
1292 1019
1293 1019
1294 1019
1295 1018
1296 1018
1297 1018
1298 1018
1299 1018
1300 1018
1301 1018
1302 1018
1303 1018
1304 1018
1305 1018
1306 1018
1307 1019
1308 1019
1309 1019
1310 1020
1311 1020
1312 1020
1313 1020
1314 1021
1315 1021
1316 1021
1317 1021
1318 1022
1319 1022
1320 1022
1321 1022
1322 1022
1323 1022
1324 1023
1325 1023
1326 1023
1327 1023
1328 1024
1329 1024
1330 1024
1331 1024
1332 1024
1333 1024
1334 1024
1335 1025
1336 1025
1337 1025
1338 1025
1339 1025
1340 1025
1341 1026
1342 1026
1343 1026
1344 1027
1345 1027
1346 1027
1347 1027
1348 1028
1349 1029
1350 1029
1351 1030
1352 1030
1353 1030
1354 1030
1355 1030
1356 1031
1357 1031
1358 1031
1359 1032
1360 1032
1361 1032
1362 1032
1363 1032
1364 1032
1365 1032
1366 1032
1367 1032
1368 1032
1369 1032
1370 1032
1371 1032
1372 1032
1373 1032
1374 1032
1375 1033
1376 1033
1377 1033
1378 1033
1379 1033
1380 1033
1381 1033
1382 1033
1383 1033
1384 1033
1385 1032
1386 1032
1387 1032
1388 1032
1389 1032
1390 1032
1391 1031
1392 1031
1393 1031
1394 1030
1395 1030
1396 1030
1397 1030
1398 1029
1399 1029
1400 1029
1401 1029
1402 1029
1403 1028
1404 1027
1405 1027
1406 1027
1407 1027
1408 1026
1409 1026
1410 1026
1411 1026
1412 1025
1413 1025
1414 1025
1415 1025
1416 1025
1417 1025
1418 1025
1419 1025
1420 1025
1421 1025
1422 1025
1423 1025
1424 1025
1425 1025
1426 1024
1427 1023
1427 1022
1427 1021
1428 1020
1429 1019
1430 1019
1431 1019
1432 1019
1432 1018
1433 1017
1433 1016
1433 1015
1434 1014
1435 1013
1436 1012
1437 1011
1438 1011
1439 1010
1439 1009
1440 1008
1440 1007
1440 1006
1440 1005
1440 1004
1440 1003
1440 1002
1440 1001
1440 1000
1440 999
1440 998
1440 997
1440 996
1441 995
1441 994
1441 993
1441 992
1441 991
1441 990
1442 989
1443 988
1443 987
1443 986
1443 985
1444 984
1444 983
1444 982
1445 981
1445 980
1445 979
1445 978
1445 977
1445 976
1445 975
1445 974
1445 973
1444 972
1444 971
1443 970
1443 969
1443 968
1442 967
1442 966
1442 965
1442 964
1443 963
1443 962
1443 961
1443 960
1443 959
1443 958
1443 957
1443 956
1443 955
1443 954
1443 953
1442 952
1441 951
1441 950
1441 949
1440 948
1440 947
1439 946
1438 945
1437 945
1436 945
1435 945
1434 945
1433 945
1432 945
1431 945
1430 946
1429 946
1428 946
1427 946
1426 947
1425 948
1424 949
1423 949
1422 950
1421 950
1420 950
1419 951
1418 952
1417 952
1416 953
1415 953
1414 954
1413 954
1412 954
1411 955
1410 955
1409 955
1408 955
1407 955
1406 956
1405 956
1404 956
1403 956
1402 956
1401 956
1400 956
1399 956
1398 956
1397 956
1396 956
1395 956
1394 956
1393 956
1392 955
1391 955
1390 955
1389 955
1388 954
1387 954
1386 954
1385 953
1384 953
1383 953
1382 953
1381 953
1380 953
1379 952
1378 952
1377 951
1376 951
1375 950
1374 950
1373 949
1372 949
1371 948
1370 948
1369 948
1368 948
1367 948
1366 948
1365 947
1364 946
1363 946
1362 945
1361 944
1360 943
1359 942
1358 942
1357 941
1356 941
1355 941
1354 941
1353 941
1352 941
1351 941
