198 1447
197 1448
196 1448
195 1449
194 1450
194 1451
193 1452
193 1453
192 1454
191 1455
190 1456
189 1457
188 1458
187 1459
186 1460
185 1461
184 1462
183 1463
182 1464
181 1465
180 1466
179 1467
178 1468
177 1469
176 1470
175 1471
174 1472
173 1472
172 1473
171 1474
170 1474
169 1475
168 1476
167 1476
166 1477
165 1478
164 1479
163 1479
162 1480
161 1481
160 1482
159 1483
158 1484
157 1485
156 1485
155 1485
154 1485
153 1486
152 1486
151 1486
150 1487
149 1488
148 1489
147 1490
146 1490
145 1491
144 1491
143 1492
142 1492
141 1493
140 1494
139 1495
138 1496
137 1497
136 1498
136 1499
135 1500
135 1501
135 1502
135 1503
135 1504
135 1505
135 1506
135 1507
135 1508
135 1509
135 1510
136 1511
136 1512
137 1513
138 1514
139 1515
140 1515
141 1516
142 1517
143 1518
144 1519
145 1520
146 1521
147 1522
148 1523
149 1524
150 1525
151 1526
152 1527
153 1528
154 1528
155 1529
156 1529
157 1529
158 1529
159 1529
160 1530
161 1530
162 1530
163 1530
164 1531
165 1531
166 1531
167 1532
168 1532
169 1533
170 1533
171 1534
172 1535
173 1535
174 1536
175 1536
176 1537
177 1537
178 1537
179 1538
180 1538
181 1539
182 1539
183 1540
184 1541
185 1541
186 1542
187 1543
188 1544
189 1545
190 1546
191 1546
192 1546
193 1547
194 1548
195 1549
196 1550
197 1551
198 1552
199 1553
200 1554
201 1555
202 1556
203 1557
204 1558
204 1559
205 1560
206 1561
207 1562
208 1563
209 1564
209 1565
210 1566
211 1567
212 1568
213 1569
214 1569
215 1570
216 1570
217 1571
218 1572
219 1572
220 1573
221 1573
222 1574
223 1574
224 1575
225 1575
226 1576
227 1576
228 1576
229 1576
230 1576
231 1577
232 1577
233 1577
234 1577
235 1577
236 1577
237 1577
238 1577
239 1577
240 1577
241 1577
242 1577
243 1577
244 1577
245 1576
246 1575
247 1575
248 1574
249 1573
249 1572
250 1571
250 1570
251 1569
251 1568
251 1567
251 1566
251 1565
251 1564
251 1563
252 1562
252 1561
253 1560
254 1559
255 1558
256 1557
257 1556
258 1555
259 1554
260 1554
261 1554
262 1554
263 1554
264 1553
265 1553
266 1553
267 1552
268 1551
269 1551
270 1550
271 1549
272 1549
273 1549
274 1549
275 1549
276 1548
277 1548
278 1548
279 1548
280 1548
281 1548
282 1548
283 1548
284 1547
285 1547
286 1547
287 1546
288 1546
289 1545
290 1544
291 1543
292 1542
293 1541
294 1541
295 1540
296 1540
297 1539
298 1539
299 1539
300 1539
301 1539
302 1538
303 1538
304 1538
305 1537
306 1537
307 1537
308 1536
309 1535
310 1534
310 1533
310 1532
311 1531
311 1530
311 1529
312 1528
312 1527
312 1526
312 1525
312 1524
312 1523
312 1522
312 1521
312 1520
312 1519
312 1518
312 1517
312 1516
312 1515
312 1514
312 1513
311 1512
311 1511
311 1510
310 1509
310 1508
310 1507
310 1506
309 1505
309 1504
309 1503
308 1502
308 1501
308 1500
308 1499
308 1498
308 1497
307 1496
306 1495
305 1494
304 1493
303 1492
302 1492
301 1491
300 1491
299 1490
298 1490
297 1490
296 1490
295 1490
294 1489
293 1488
292 1487
291 1486
290 1486
289 1485
288 1485
287 1484
286 1483
285 1483
284 1483
283 1483
282 1482
281 1482
280 1482
279 1482
278 1482
277 1482
276 1482
275 1482
274 1482
273 1482
272 1481
271 1481
270 1480
269 1479
268 1478
267 1478
266 1477
265 1477
264 1476
263 1475
262 1474
261 1473
260 1472
259 1471
258 1470
257 1469
256 1469
255 1468
254 1467
253 1467
252 1466
251 1466
250 1466
249 1465
248 1465
247 1465
246 1465
245 1464
244 1464
243 1464
242 1464
241 1464
240 1464
239 1463
238 1463
237 1462
236 1462
235 1462
234 1462
233 1462
232 1462
231 1461
230 1461
229 1461
228 1460
227 1460
226 1460
225 1459
224 1459
223 1459
222 1458
221 1457
220 1457
219 1457
218 1456
217 1456
216 1455
215 1455
214 1455
213 1455
212 1454
211 1454
210 1453
209 1452
208 1452
207 1452
206 1452
205 1451
204 1451
203 1450
202 1450
201 1449
200 1448
199 1447
198 1447
