561 68
560 69
559 69
558 70
557 71
556 72
555 72
554 73
553 74
552 75
551 76
550 77
549 77
548 78
547 79
546 79
546 80
545 81
545 82
545 83
544 84
544 85
544 86
544 87
544 88
543 89
543 90
543 91
543 92
543 93
543 94
543 95
544 96
544 97
544 98
544 99
545 100
545 101
546 102
546 103
547 104
547 105
547 106
548 107
548 108
548 109
549 110
549 111
549 112
549 113
549 114
550 115
550 116
550 117
550 118
550 119
551 120
551 121
551 122
551 123
551 124
551 125
551 126
551 127
552 128
552 129
552 130
553 131
553 132
554 133
554 134
554 135
554 136
554 137
554 138
555 139
556 140
556 141
557 142
558 143
559 144
559 145
559 146
560 147
561 148
561 149
562 150
563 149
564 148
565 147
565 146
566 145
566 144
567 143
567 142
568 141
568 140
569 139
569 138
570 137
570 136
571 135
571 134
572 133
573 132
574 131
575 131
576 131
577 131
578 132
579 132
580 132
581 133
582 133
583 134
584 135
584 136
584 137
584 138
584 139
585 140
586 141
587 141
588 142
589 142
590 142
591 143
592 142
593 143
594 143
595 143
596 143
597 144
598 144
599 144
600 144
601 144
602 144
603 144
604 144
605 144
606 144
607 144
608 144
609 143
610 143
611 143
612 143
613 143
614 142
615 142
616 143
617 143
618 143
619 143
620 144
621 144
622 144
623 144
624 144
625 145
626 145
627 145
628 145
629 145
630 145
631 145
632 145
633 146
634 146
635 146
636 146
637 145
638 146
639 146
640 146
641 145
642 146
643 146
644 146
645 146
646 145
647 145
648 144
649 144
650 143
651 142
652 141
652 140
653 139
653 138
654 137
654 136
655 135
655 134
656 133
656 132
657 131
657 130
658 129
658 128
659 127
659 126
659 125
660 124
660 123
660 122
661 121
661 120
661 119
661 118
661 117
661 116
661 115
660 114
660 113
660 112
659 111
659 110
658 109
658 108
657 107
656 106
656 105
655 104
655 103
654 102
653 101
652 100
651 99
650 98
649 97
648 96
647 96
646 95
645 94
644 94
643 93
642 92
641 92
640 91
639 91
638 90
637 90
636 89
635 89
634 88
633 88
632 88
631 88
630 87
629 87
628 87
627 86
626 86
625 85
624 85
623 84
622 83
621 83
620 83
619 82
618 82
617 82
616 81
615 81
614 81
613 81
612 81
611 80
610 80
609 80
608 80
607 79
606 79
605 79
604 79
603 79
602 79
601 79
600 79
599 79
598 79
597 79
596 79
595 78
594 78
593 78
592 77
591 77
590 76
589 76
588 75
587 75
586 75
585 75
584 74
583 73
582 73
581 73
580 72
579 72
578 72
577 72
576 71
575 71
574 71
573 70
572 70
571 70
570 70
569 69
568 69
567 68
566 68
565 68
564 68
563 68
562 68
561 68
