767 534
766 535
765 535
764 535
763 536
762 536
761 536
760 537
759 537
758 537
757 537
756 537
755 537
754 537
753 537
752 537
751 537
750 537
749 537
748 537
747 538
747 539
746 540
746 541
746 542
746 543
746 544
747 545
747 546
748 547
748 548
749 549
749 550
750 551
751 552
752 553
753 554
754 555
755 556
756 556
757 557
758 557
759 557
760 557
761 557
762 557
763 558
764 558
765 558
766 558
767 559
768 559
769 559
770 559
771 560
772 560
773 560
774 560
775 560
776 560
777 560
778 560
779 560
780 560
781 560
782 560
783 560
784 560
785 560
786 560
787 560
788 560
789 560
790 560
791 560
792 560
793 560
794 560
795 560
796 560
797 560
798 560
799 560
800 560
801 559
802 559
803 558
804 558
805 557
806 556
807 555
808 554
809 553
810 552
810 551
810 550
811 549
811 548
812 547
812 546
812 545
811 544
811 543
810 542
809 542
808 541
807 540
806 539
805 538
804 537
804 536
803 536
802 535
801 535
800 535
799 535
798 535
797 535
796 535
795 535
794 535
793 534
792 534
791 534
790 534
789 535
788 535
787 535
786 535
785 535
784 535
783 535
782 535
781 535
780 535
779 534
778 534
777 534
776 534
775 534
774 534
773 534
772 534
771 534
770 534
769 534
768 534
767 534
