1565 2034
1564 2035
1563 2035
1562 2036
1561 2036
1560 2037
1559 2037
1558 2037
1557 2037
1556 2037
1555 2037
1554 2037
1553 2037
1552 2037
1551 2037
1550 2037
1549 2037
1548 2037
1547 2037
1546 2037
1545 2037
1544 2037
1543 2036
1542 2036
1541 2036
1540 2036
1539 2036
1538 2036
1537 2036
1536 2036
1535 2036
1534 2036
1533 2036
1532 2036
1531 2036
1530 2036
1529 2036
1528 2036
1527 2036
1526 2036
1525 2036
1524 2036
1523 2036
1522 2036
1521 2036
1520 2036
1519 2036
1518 2036
1517 2036
1516 2036
1515 2036
1514 2036
1513 2036
1512 2036
1511 2036
1510 2036
1509 2036
1508 2036
1507 2036
1506 2036
1505 2036
1504 2037
1503 2037
1502 2038
1501 2039
1500 2040
1499 2041
1498 2042
1497 2043
1496 2043
1495 2044
1494 2045
1493 2045
1492 2046
1491 2046
1490 2046
1489 2046
1488 2046
1487 2047
1486 2047
1485 2047
1484 2048
1483 2049
1482 2049
1481 2050
1481 2051
1480 2052
1479 2053
1479 2054
1478 2055
1477 2056
1476 2057
1475 2058
1474 2059
1473 2060
1472 2061
1471 2062
1470 2063
1469 2063
1468 2064
1467 2064
1466 2064
1465 2064
1464 2064
1463 2064
1462 2064
1461 2064
1460 2064
1459 2064
1458 2064
1457 2064
1456 2064
1455 2064
1454 2064
1453 2065
1452 2065
1451 2065
1450 2066
1449 2066
1448 2066
1447 2066
1446 2066
1445 2066
1444 2066
1443 2066
1442 2066
1441 2065
1440 2065
1439 2065
1438 2065
1437 2064
1436 2064
1435 2063
1434 2062
1434 2061
1433 2061
1432 2060
1431 2059
1430 2058
1429 2057
1428 2056
1427 2055
1426 2054
1425 2053
1424 2052
1423 2052
1422 2051
1421 2050
1420 2049
1419 2048
1418 2047
1417 2046
1416 2046
1415 2045
1414 2045
1413 2044
1412 2044
1411 2044
1410 2044
1409 2044
1408 2044
1407 2044
1406 2044
1405 2044
1404 2044
1403 2044
1402 2044
1401 2044
1400 2044
1399 2045
1398 2045
1397 2045
1396 2045
1395 2046
1394 2046
1393 2046
1392 2046
1391 2046
1390 2046
1389 2047
1388 2047
1387 2048
1386 2049
1385 2049
1384 2050
1383 2050
1382 2050
1381 2050
1380 2050
1379 2050
1378 2050
1377 2050
1376 2050
1375 2050
1374 2050
1373 2050
1372 2051
1371 2051
1370 2051
1369 2052
1368 2052
1367 2052
1366 2053
1365 2054
1364 2054
1363 2055
1362 2055
1361 2055
1360 2055
1359 2055
1358 2055
1357 2055
1356 2055
1355 2055
1354 2055
1353 2055
1352 2055
1351 2055
1350 2055
1349 2055
1348 2055
1347 2056
1346 2056
1345 2057
1344 2057
1343 2058
1342 2059
1341 2059
1340 2060
1339 2061
1338 2062
1337 2063
1336 2064
1335 2064
1334 2065
1333 2066
1332 2066
1332 2067
1331 2068
1330 2069
1330 2070
1330 2071
1329 2072
1328 2073
1327 2074
1327 2075
1326 2076
1325 2077
1324 2078
1323 2079
1322 2080
1322 2081
1322 2082
1322 2083
1322 2084
1321 2085
1321 2086
1321 2087
1320 2088
1319 2089
1319 2090
1319 2091
1318 2092
1318 2093
1317 2094
1317 2095
1317 2096
1317 2097
1316 2098
1316 2099
1316 2100
1316 2101
1316 2102
1317 2103
1317 2104
1317 2105
1318 2106
1319 2107
1320 2108
1321 2109
1322 2110
1323 2111
1324 2112
1324 2113
1325 2114
1326 2115
1326 2116
1326 2117
1327 2118
1328 2119
1329 2120
1330 2121
1331 2122
1332 2123
1333 2124
1333 2125
1334 2125
1335 2126
1336 2127
1337 2128
1338 2129
1339 2130
1340 2131
1340 2132
1341 2133
1342 2134
1343 2135
1344 2136
1344 2137
1345 2138
1346 2139
1347 2140
1348 2141
1349 2142
1349 2143
1350 2144
1351 2145
1351 2146
1352 2147
1353 2148
1354 2149
1354 2150
1355 2151
1356 2152
1356 2153
1357 2154
1358 2155
1359 2156
1360 2157
1361 2158
1362 2159
1363 2160
1364 2161
1365 2162
1366 2163
1367 2164
1368 2165
1369 2166
1370 2167
1371 2168
1372 2169
1373 2170
1374 2170
1375 2171
1376 2171
1377 2171
1378 2171
1379 2171
1380 2171
1381 2171
1382 2171
1383 2171
1384 2172
1385 2172
1386 2172
1387 2172
1388 2173
1389 2173
1390 2174
1391 2174
1392 2174
1393 2175
1394 2176
1395 2176
1396 2176
1397 2177
1398 2177
1399 2177
1400 2177
1401 2177
1402 2177
1403 2178
1404 2178
1405 2179
1405 2180
1406 2181
1407 2182
1408 2183
1409 2183
1410 2184
1411 2184
1412 2184
1413 2184
1414 2184
1415 2184
1416 2184
1417 2185
1418 2185
1419 2185
1420 2185
1421 2185
1422 2185
1423 2185
1424 2186
1425 2186
1426 2186
1427 2186
1428 2187
1429 2188
1430 2188
1431 2189
1432 2190
1433 2191
1434 2192
1435 2193
1436 2193
1437 2194
1438 2194
1439 2194
1440 2194
1441 2195
1442 2195
1443 2195
1444 2196
1445 2197
1446 2197
1447 2197
1448 2198
1449 2199
1450 2199
1451 2199
1452 2199
1453 2200
1454 2200
1455 2200
1456 2200
1457 2200
1458 2201
1459 2201
1460 2201
1461 2201
1462 2201
1463 2201
1464 2201
1465 2201
1466 2201
1467 2202
1468 2202
1469 2202
1470 2203
1471 2203
1472 2203
1473 2202
1474 2202
1475 2202
1476 2201
1477 2201
1478 2201
1479 2201
1480 2201
1481 2201
1482 2200
1483 2200
1484 2199
1485 2198
1486 2197
1487 2197
1488 2196
1489 2195
1490 2195
1491 2195
1492 2194
1493 2194
1494 2195
1495 2195
1496 2195
1497 2196
1498 2197
1499 2197
1500 2197
1501 2197
1502 2196
1502 2195
1503 2194
1504 2194
1505 2193
1506 2193
1507 2192
1508 2193
1509 2193
1510 2193
1511 2193
1512 2193
1513 2193
1514 2193
1515 2193
1516 2192
1517 2193
1518 2193
1519 2193
1520 2193
1521 2194
1522 2194
1523 2194
1524 2194
1525 2194
1526 2194
1527 2194
1528 2194
1529 2194
1530 2194
1531 2194
1532 2194
1533 2194
1534 2194
1535 2194
1536 2194
1537 2194
1538 2194
1539 2194
1540 2194
1541 2194
1542 2194
1543 2194
1544 2194
1545 2194
1546 2194
1547 2194
1548 2194
1549 2194
1550 2194
1551 2194
1552 2194
1553 2195
1554 2195
1555 2195
1556 2196
1557 2196
1558 2196
1559 2196
1560 2196
1561 2196
1562 2196
1563 2196
1564 2196
1565 2196
1566 2196
1567 2196
1568 2196
1569 2196
1570 2196
1571 2196
1572 2196
1573 2196
1574 2196
1575 2196
1576 2196
1577 2196
1578 2196
1579 2196
1580 2196
1581 2196
1582 2196
1583 2196
1584 2196
1585 2196
1586 2196
1587 2196
1588 2196
1589 2196
1590 2196
1591 2196
1592 2196
1593 2196
1594 2196
1595 2196
1596 2196
1597 2196
1598 2196
1599 2196
1600 2196
1601 2195
1602 2195
1603 2194
1604 2193
1605 2193
1606 2192
1607 2192
1608 2192
1609 2192
1610 2191
1611 2191
1612 2190
1613 2189
1614 2188
1615 2187
1616 2186
1617 2185
1618 2184
1619 2183
1620 2182
1621 2182
1622 2181
1623 2180
1624 2180
1625 2180
1626 2179
1627 2179
1628 2178
1629 2177
1630 2176
1631 2176
1632 2175
1633 2175
1634 2174
1635 2174
1636 2174
1637 2173
1638 2172
1639 2172
1640 2171
1641 2170
1642 2169
1643 2169
1644 2168
1645 2168
1646 2167
1647 2167
1648 2167
1649 2166
1650 2165
1651 2164
1652 2163
1653 2162
1654 2161
1655 2160
1656 2160
1657 2159
1658 2158
1659 2157
1660 2156
1661 2155
1662 2154
1663 2153
1664 2152
1665 2151
1666 2150
1667 2149
1667 2148
1668 2147
1668 2146
1669 2145
1669 2144
1670 2143
1671 2142
1671 2141
1672 2140
1672 2139
1672 2138
1673 2137
1673 2136
1673 2135
1673 2134
1674 2133
1674 2132
1674 2131
1675 2130
1676 2129
1676 2128
1677 2127
1678 2126
1678 2125
1678 2124
1679 2123
1679 2122
1679 2121
1679 2120
1679 2119
1679 2118
1679 2117
1679 2116
1679 2115
1679 2114
1679 2113
1679 2112
1679 2111
1679 2110
1678 2109
1678 2108
1677 2107
1677 2106
1676 2105
1675 2104
1674 2103
1673 2102
1672 2101
1671 2100
1670 2099
1669 2098
1668 2097
1667 2096
1666 2095
1665 2094
1665 2093
1664 2092
1664 2091
1663 2090
1662 2089
1662 2088
1662 2087
1661 2086
1661 2085
1661 2084
1660 2083
1660 2082
1660 2081
1659 2080
1658 2079
1657 2078
1656 2078
1655 2078
1654 2077
1653 2077
1652 2076
1651 2075
1650 2074
1650 2073
1649 2072
1648 2071
1647 2070
1647 2069
1646 2068
1645 2067
1644 2066
1643 2065
1642 2064
1641 2063
1640 2062
1639 2061
1638 2060
1637 2059
1637 2058
1636 2057
1635 2056
1634 2055
1633 2054
1632 2053
1631 2052
1630 2051
1629 2051
1628 2050
1627 2049
1626 2049
1625 2048
1624 2047
1623 2047
1622 2046
1621 2045
1620 2045
1619 2044
1618 2044
1617 2044
1616 2043
1615 2043
1614 2043
1613 2043
1612 2043
1611 2043
1610 2043
1609 2043
1608 2043
1607 2043
1606 2043
1605 2042
1604 2042
1603 2041
1602 2040
1601 2039
1600 2038
1599 2037
1598 2037
1597 2036
1596 2036
1595 2036
1594 2036
1593 2036
1592 2036
1591 2035
1590 2035
1589 2035
1588 2034
1587 2034
1586 2034
1585 2034
1584 2034
1583 2034
1582 2034
1581 2034
1580 2034
1579 2034
1578 2034
1577 2034
1576 2034
1575 2034
1574 2034
1573 2034
1572 2034
1571 2034
1570 2034
1569 2034
1568 2034
1567 2034
1566 2034
1565 2034
