981 477
980 478
979 478
978 478
977 478
976 479
975 479
974 479
973 479
972 479
971 479
970 479
969 479
968 479
967 479
966 479
965 479
964 480
963 480
962 480
961 480
960 481
959 482
958 482
957 482
956 483
955 483
954 483
953 483
952 483
951 483
950 483
949 483
948 483
947 483
946 483
945 483
944 483
943 483
942 483
941 483
940 483
939 483
938 483
937 483
936 483
935 483
934 483
933 483
932 484
931 484
930 484
929 484
928 485
927 486
926 486
925 486
924 487
923 487
922 487
921 487
920 487
919 487
918 487
917 487
916 487
915 487
914 487
913 487
912 487
911 487
910 487
909 487
908 487
907 487
906 487
905 487
904 488
903 488
902 488
901 488
900 489
899 490
898 490
897 490
896 491
895 491
894 491
893 491
892 491
891 491
890 491
889 491
888 491
887 491
886 491
885 491
884 491
883 491
882 492
881 492
880 492
879 492
878 493
877 493
876 493
875 493
874 493
873 493
872 493
871 493
870 493
869 493
868 493
867 493
866 493
865 493
864 493
863 493
862 494
861 494
860 494
859 494
858 495
857 495
856 495
855 495
854 496
853 496
852 496
851 496
850 497
849 498
848 498
847 498
846 499
845 499
844 499
843 499
842 500
841 500
840 500
839 500
838 501
837 501
836 501
835 501
834 501
833 501
832 501
831 501
830 501
829 501
828 501
827 501
826 501
825 501
824 501
823 501
822 501
821 501
820 501
819 501
818 501
817 501
816 502
815 502
814 502
813 502
812 503
811 504
810 505
809 505
808 506
807 506
806 507
805 507
804 507
803 507
802 507
801 507
800 507
799 507
798 507
797 507
796 507
795 507
794 507
793 507
792 507
791 507
790 507
789 507
788 507
787 507
786 507
785 507
784 507
783 507
782 507
781 507
780 508
779 508
778 508
777 508
776 509
775 509
774 509
773 509
772 509
771 509
770 510
769 510
768 511
767 512
766 512
766 513
765 514
764 514
764 515
763 516
762 516
761 517
760 518
759 518
758 519
757 519
756 519
755 519
754 520
753 520
752 521
751 521
750 522
749 522
748 523
747 523
746 524
745 524
744 524
743 524
742 525
741 526
740 527
739 527
738 528
737 528
736 529
735 530
734 530
733 530
732 531
731 532
730 532
729 532
728 533
727 534
726 534
725 534
724 535
723 536
722 537
721 538
720 539
720 540
719 541
719 542
718 543
718 544
717 545
717 546
717 547
717 548
717 549
717 550
717 551
717 552
718 553
718 554
719 555
720 556
721 557
722 558
723 559
724 559
725 559
726 559
727 560
728 560
729 560
730 560
731 560
732 560
733 559
734 559
735 559
736 559
737 558
738 558
739 558
740 558
741 558
742 558
743 558
744 558
745 558
746 558
747 558
748 558
749 558
750 558
751 558
752 558
753 558
754 558
755 559
756 559
757 559
758 559
759 560
760 560
761 560
762 560
763 560
764 560
765 560
766 560
767 561
768 561
769 561
770 561
771 562
772 562
773 562
774 562
775 562
776 562
777 562
778 562
779 562
780 562
781 562
782 562
783 562
784 562
785 562
786 562
787 562
788 562
789 562
790 562
791 562
792 562
793 562
794 562
795 562
796 562
797 562
798 562
799 562
800 562
801 563
802 563
803 563
804 564
805 565
806 565
807 565
808 565
809 566
810 566
811 566
812 566
813 566
814 566
815 566
816 566
817 566
818 566
819 567
820 567
821 567
822 567
823 568
824 568
825 569
826 569
827 569
828 569
829 570
830 570
831 570
832 570
833 570
834 570
835 570
836 570
837 570
838 570
839 570
840 570
841 569
842 569
843 569
844 569
845 568
846 568
847 568
848 568
849 568
850 568
851 568
852 568
853 568
854 568
855 568
856 568
857 568
858 568
859 568
860 568
861 568
862 568
863 568
864 568
865 568
866 568
867 568
868 568
869 568
870 568
871 568
872 568
873 568
874 568
875 568
876 568
877 568
878 568
879 568
880 568
881 568
882 568
883 568
884 568
885 568
886 568
887 568
888 568
889 568
890 568
891 568
892 568
893 568
894 568
895 568
896 568
897 569
898 569
899 569
900 569
901 570
902 570
903 570
904 570
905 570
906 570
907 570
908 570
909 570
910 570
911 570
912 570
913 570
914 570
915 570
916 570
917 570
918 570
919 570
920 570
921 570
922 570
923 570
924 570
925 570
926 570
927 570
928 570
929 570
930 570
931 570
932 570
933 570
934 570
935 570
936 570
937 570
938 570
939 570
940 570
941 570
942 570
943 570
944 570
945 570
946 570
947 570
948 570
949 570
950 570
951 569
952 569
953 569
954 569
955 568
956 568
957 568
958 568
959 568
960 568
961 568
962 568
963 568
964 568
965 567
966 567
967 567
968 567
969 566
970 566
971 566
972 566
973 566
974 566
975 566
976 566
977 566
978 566
979 566
980 566
981 566
982 566
983 566
984 566
985 566
986 566
987 566
988 566
989 566
990 566
991 566
992 566
993 566
994 566
995 566
996 566
997 566
998 566
999 566
1000 566
1001 566
1002 566
1003 566
1004 566
1005 566
1006 566
1007 566
1008 566
1009 566
1010 566
1011 566
1012 566
1013 566
1014 566
1015 566
1016 566
1017 566
1018 566
1019 566
1020 566
1021 566
1022 566
1023 566
1024 566
1025 567
1026 567
1027 567
1028 568
1029 569
1030 569
1031 569
1032 569
1033 570
1034 570
1035 570
1036 570
1037 571
1038 571
1039 571
1040 571
1041 572
1042 572
1043 573
1044 573
1045 573
1046 573
1047 574
1048 574
1049 574
1050 574
1051 574
1052 574
1053 574
1054 574
1055 574
1056 574
1057 574
1058 574
1059 575
1060 575
1061 576
1062 576
1063 577
1064 577
1065 578
1066 578
1067 578
1068 578
1069 578
1070 578
1071 578
1072 578
1073 579
1074 579
1075 579
1076 580
1077 581
1078 581
1079 581
1080 581
1081 582
1082 582
1083 582
1084 582
1085 582
1086 582
1087 582
1088 582
1089 582
1090 582
1091 583
1092 583
1093 583
1094 583
1095 584
1096 584
1097 584
1098 584
1099 585
1100 585
1101 585
1102 585
1103 586
1104 586
1105 586
1106 586
1107 586
1108 586
1109 586
1110 586
1111 587
1112 587
1113 587
1114 587
1115 588
1116 588
1117 588
1118 588
1119 588
1120 588
1121 589
1122 589
1123 589
1124 589
1125 590
1126 590
1127 590
1128 590
1129 590
1130 590
1131 590
1132 590
1133 590
1134 590
1135 590
1136 590
1137 590
1138 590
1139 590
1140 590
1141 590
1142 590
1143 590
1144 590
1145 590
1146 590
1147 590
1148 590
1149 591
1150 591
1151 592
1152 592
1153 593
1154 593
1155 594
1156 594
1157 594
1158 594
1159 595
1160 595
1161 595
1162 595
1163 596
1164 596
1165 596
1166 596
1167 596
1168 596
1169 596
1170 596
1171 596
1172 596
1173 596
1174 596
1175 596
1176 596
1177 596
1178 596
1179 597
1180 597
1181 597
1182 597
1183 598
1184 598
1185 598
1186 598
1187 598
1188 598
1189 598
1190 598
1191 598
1192 598
1193 598
1194 598
1195 598
1196 598
1197 598
1198 598
1199 598
1200 598
1201 597
1202 597
1203 597
1204 597
1205 596
1206 596
1207 596
1208 596
1209 596
1210 596
1211 596
1212 596
1213 596
1214 596
1215 596
1216 596
1217 597
1218 597
1219 597
1220 597
1221 598
1222 598
1223 598
1224 598
1225 598
1226 598
1227 598
1228 598
1229 598
1230 598
1231 597
1232 597
1233 596
1234 596
1235 595
1236 595
1237 594
1238 594
1239 593
1240 593
1241 593
1242 593
1243 592
1244 591
1245 591
1246 591
1247 590
1248 589
1249 588
1250 587
1251 587
1251 586
1252 585
1253 585
1253 584
1254 583
1255 583
1256 582
1257 581
1258 581
1259 580
1260 579
1261 578
1262 577
1263 576
1264 575
1265 574
1265 573
1266 572
1266 571
1267 570
1267 569
1268 568
1268 567
1268 566
1268 565
1267 564
1267 563
1267 562
1267 561
1266 560
1265 559
1265 558
1265 557
1264 556
1263 555
1263 554
1263 553
1262 552
1261 551
1261 550
1261 549
1260 548
1259 547
1258 546
1258 545
1257 544
1257 543
1256 542
1255 541
1255 540
1255 539
1254 538
1253 537
1252 536
1252 535
1251 534
1251 533
1250 532
1249 531
1249 530
1249 529
1248 528
1247 527
1247 526
1247 525
1246 524
1245 523
1244 522
1243 521
1243 520
1242 520
1241 519
1240 518
1239 517
1238 516
1237 516
1236 515
1235 514
1234 514
1233 513
1233 512
1232 512
1231 511
1231 510
1230 510
1229 509
1229 508
1228 508
1227 507
1227 506
1226 506
1225 505
1224 504
1223 503
1222 502
1221 502
1220 501
1219 501
1218 500
1217 500
1216 499
1215 499
1214 499
1213 499
1212 499
1211 499
1210 499
1209 499
1208 499
1207 499
1206 498
1205 498
1204 497
1203 497
1202 496
1201 496
1200 495
1199 495
1198 495
1197 495
1196 495
1195 495
1194 495
1193 495
1192 494
1191 494
1190 494
1189 493
1188 492
1187 492
1186 491
1185 491
1184 490
1183 489
1182 488
1181 488
1180 488
1179 488
1178 487
1177 487
1176 487
1175 487
1174 487
1173 487
1172 487
1171 487
1170 487
1169 487
1168 487
1167 487
1166 487
1165 487
1164 487
1163 487
1162 487
1161 487
1160 487
1159 487
1158 487
1157 487
1156 487
1155 487
1154 487
1153 487
1152 487
1151 487
1150 487
1149 487
1148 487
1147 487
1146 487
1145 487
1144 487
1143 487
1142 487
1141 487
1140 487
1139 487
1138 486
1137 486
1136 486
1135 486
1134 485
1133 485
1132 485
1131 485
1130 484
1129 484
1128 484
1127 484
1126 483
1125 483
1124 483
1123 483
1122 483
1121 483
1120 483
1119 483
1118 483
1117 483
1116 483
1115 483
1114 483
1113 483
1112 483
1111 483
1110 483
1109 483
1108 483
1107 483
1106 483
1105 483
1104 483
1103 483
1102 483
1101 483
1100 483
1099 483
1098 483
1097 483
1096 483
1095 483
1094 483
1093 483
1092 483
1091 483
1090 483
1089 483
1088 483
1087 483
1086 483
1085 483
1084 483
1083 483
1082 483
1081 483
1080 483
1079 483
1078 482
1077 482
1076 482
1075 482
1074 481
1073 481
1072 480
1071 480
1070 480
1069 480
1068 479
1067 479
1066 479
1065 479
1064 479
1063 479
1062 479
1061 479
1060 479
1059 479
1058 479
1057 479
1056 479
1055 479
1054 479
1053 479
1052 479
1051 479
1050 480
1049 480
1048 480
1047 480
1046 481
1045 481
1044 481
1043 481
1042 481
1041 481
1040 481
1039 481
1038 481
1037 481
1036 481
1035 481
1034 481
1033 481
1032 480
1031 480
1030 480
1029 480
1028 479
1027 479
1026 478
1025 478
1024 478
1023 478
1022 477
1021 477
1020 477
1019 477
1018 477
1017 477
1016 477
1015 477
1014 477
1013 477
1012 477
1011 477
1010 477
1009 477
1008 477
1007 477
1006 477
1005 477
1004 477
1003 477
1002 477
1001 477
1000 477
999 477
998 477
997 477
996 477
995 477
994 477
993 477
992 477
991 477
990 477
989 477
988 477
987 477
986 477
985 477
984 477
983 477
982 477
981 477
