1482 738
1481 739
1480 739
1479 739
1478 739
1477 739
1476 739
1475 739
1474 739
1473 739
1472 739
1471 739
1470 739
1469 739
1468 739
1467 739
1466 739
1465 739
1464 739
1463 739
1462 739
1461 739
1460 739
1459 739
1458 740
1457 740
1456 740
1455 740
1454 741
1453 741
1452 741
1451 742
1450 742
1449 743
1448 743
1447 744
1446 745
1445 746
1444 746
1443 746
1442 746
1441 746
1440 746
1439 746
1438 747
1437 747
1436 748
1435 748
1434 748
1433 749
1432 749
1431 749
1430 749
1429 749
1428 749
1427 749
1426 749
1425 749
1424 749
1423 749
1422 749
1421 749
1420 749
1419 750
1418 750
1417 750
1416 750
1415 750
1414 751
1413 751
1412 751
1411 751
1410 752
1409 752
1408 752
1407 753
1406 753
1405 754
1404 754
1403 754
1402 755
1401 756
1400 757
1399 757
1398 758
1397 759
1396 760
1395 760
1394 761
1393 762
1392 762
1391 762
1390 763
1389 763
1388 764
1387 764
1386 765
1385 766
1384 767
1383 768
1382 769
1381 770
1380 771
1379 772
1378 772
1377 773
1376 774
1375 775
1374 776
1373 777
1372 778
1371 779
1370 780
1369 781
1369 782
1368 783
1368 784
1367 785
1367 786
1366 787
1365 788
1365 789
1364 790
1364 791
1363 792
1363 793
1363 794
1362 795
1361 795
1360 796
1359 796
1358 796
1357 797
1356 797
1355 797
1354 798
1353 798
1352 799
1351 800
1350 800
1349 801
1348 801
1347 801
1346 802
1345 803
1344 803
1343 804
1342 804
1341 805
1341 806
1340 807
1340 808
1339 809
1338 810
1338 811
1337 812
1336 813
1336 814
1335 815
1335 816
1334 817
1333 818
1333 819
1332 820
1332 821
1332 822
1332 823
1332 824
1331 825
1331 826
1330 827
1330 828
1329 829
1329 830
1329 831
1329 832
1329 833
1329 834
1328 835
1328 836
1327 837
1327 838
1326 839
1326 840
1326 841
1325 842
1325 843
1325 844
1326 845
1326 846
1327 847
1328 848
1328 849
1329 850
1330 851
1331 852
1332 852
1333 852
1334 853
1335 853
1336 853
1337 853
1338 853
1339 853
1340 853
1341 853
1342 853
1343 853
1344 853
1345 853
1346 853
1347 854
1348 855
1348 856
1348 857
1348 858
1348 859
1348 860
1348 861
1348 862
1348 863
1348 864
1348 865
1348 866
1348 867
1348 868
1349 869
1350 870
1351 871
1352 871
1353 872
1354 872
1355 872
1356 873
1357 873
1358 873
1359 874
1360 874
1361 874
1362 874
1363 874
1364 875
1365 875
1366 875
1367 875
1368 876
1369 876
1370 876
1371 877
1372 877
1373 877
1374 877
1375 877
1376 877
1377 878
1378 878
1379 878
1380 878
1381 879
1382 879
1383 879
1384 880
1385 880
1386 880
1387 880
1388 880
1389 880
1390 880
1391 880
1392 880
1393 880
1394 881
1395 881
1396 881
1397 882
1398 882
1399 882
1400 882
1401 882
1402 882
1403 882
1404 882
1405 882
1406 882
1407 882
1408 881
1409 881
1410 880
1410 879
1411 878
1412 877
1413 876
1414 875
1415 875
1416 874
1417 874
1418 873
1419 872
1420 872
1421 871
1422 871
1423 870
1424 870
1425 870
1426 869
1427 869
1428 869
1429 869
1430 869
1431 869
1432 869
1433 869
1434 869
1435 868
1436 868
1437 868
1438 868
1439 868
1440 868
1441 868
1442 868
1443 868
1444 868
1445 868
1446 868
1447 868
1448 868
1449 868
1450 868
1451 868
1452 869
1453 869
1454 869
1455 869
1456 869
1457 869
1458 870
1459 870
1460 870
1461 870
1462 870
1463 870
1464 870
1465 870
1466 871
1467 871
1468 871
1469 872
1470 872
1471 872
1472 871
1473 871
1474 871
1475 871
1476 871
1477 872
1478 872
1479 872
1480 872
1481 872
1482 872
1483 871
1484 871
1485 871
1486 870
1487 870
1488 870
1489 870
1490 870
1491 871
1492 870
1493 870
1494 870
1495 869
1496 869
1497 869
1498 869
1499 869
1500 869
1501 869
1502 870
1503 871
1503 872
1503 873
1503 874
1504 875
1505 875
1506 875
1507 876
1508 876
1509 876
1510 877
1511 877
1512 877
1513 877
1514 877
1515 877
1516 878
1517 879
1518 879
1519 879
1520 879
1521 879
1522 879
1523 879
1524 879
1525 879
1526 879
1527 879
1528 879
1529 880
1530 880
1531 880
1532 880
1533 880
1534 880
1535 880
1536 880
1537 880
1538 880
1539 880
1540 880
1541 879
1542 879
1543 879
1544 879
1545 879
1546 879
1547 878
1548 877
1549 876
1550 876
1551 875
1552 875
1553 874
1554 874
1555 873
1556 872
1557 871
1557 870
1558 869
1559 868
1560 867
1561 867
1562 866
1563 865
1564 865
1565 864
1566 864
1567 863
1568 862
1569 862
1570 861
1571 861
1572 861
1573 861
1574 860
1575 860
1576 859
1577 858
1578 857
1579 856
1580 855
1580 854
1581 853
1582 853
1583 852
1584 852
1585 852
1586 851
1587 851
1588 850
1589 850
1590 850
1591 849
1592 849
1593 848
1594 848
1595 847
1596 846
1597 846
1598 846
1599 845
1600 845
1601 845
1602 844
1603 844
1604 843
1605 843
1606 843
1607 843
1608 843
1609 843
1610 843
1611 843
1612 843
1613 843
1614 842
1615 841
1616 840
1616 839
1615 838
1615 837
1615 836
1615 835
1615 834
1616 833
1616 832
1616 831
1617 830
1617 829
1617 828
1616 827
1616 826
1615 825
1614 824
1614 823
1613 822
1613 821
1612 820
1611 819
1610 818
1609 817
1609 816
1608 815
1607 814
1606 813
1605 812
1605 811
1604 810
1603 809
1603 808
1602 807
1601 806
1600 805
1599 804
1598 803
1597 802
1596 801
1595 800
1594 799
1593 799
1592 798
1591 797
1590 796
1589 795
1588 794
1587 794
1586 793
1585 792
1584 792
1583 791
1582 790
1581 790
1580 789
1579 788
1578 787
1577 786
1576 785
1575 785
1574 784
1573 784
1572 783
1571 782
1570 781
1569 780
1568 779
1567 778
1566 777
1565 777
1564 776
1563 775
1562 774
1561 773
1560 773
1559 772
1558 772
1557 771
1556 770
1555 770
1554 769
1553 769
1552 768
1551 767
1550 766
1549 765
1548 764
1547 763
1546 762
1545 761
1544 760
1543 759
1542 758
1541 757
1540 756
1539 756
1538 755
1537 754
1536 753
1535 753
1534 752
1533 752
1532 751
1531 750
1530 749
1529 749
1528 748
1527 748
1526 747
1525 747
1524 746
1523 746
1522 745
1521 745
1520 744
1519 744
1518 744
1517 744
1516 743
1515 743
1514 743
1513 742
1512 743
1511 743
1510 742
1509 742
1508 741
1507 741
1506 740
1505 740
1504 740
1503 740
1502 740
1501 740
1500 740
1499 740
1498 740
1497 739
1496 739
1495 739
1494 739
1493 739
1492 738
1491 738
1490 738
1489 738
1488 738
1487 738
1486 738
1485 738
1484 738
1483 738
1482 738
