883 1826
882 1827
881 1827
880 1827
879 1827
878 1828
877 1827
876 1828
875 1828
874 1828
873 1829
872 1829
871 1829
870 1829
869 1829
868 1829
867 1829
866 1829
865 1830
864 1830
863 1830
862 1830
861 1830
860 1830
859 1831
858 1831
857 1831
856 1832
855 1832
854 1832
853 1832
852 1832
851 1833
850 1833
849 1834
848 1834
847 1835
846 1835
845 1836
844 1836
843 1837
842 1837
841 1837
840 1838
839 1838
838 1839
837 1840
836 1841
835 1842
834 1842
833 1842
832 1843
831 1843
830 1843
829 1844
828 1844
827 1844
826 1845
825 1845
824 1845
823 1845
822 1845
821 1845
820 1845
819 1845
818 1846
817 1846
816 1846
815 1846
814 1846
813 1847
812 1847
811 1848
810 1849
810 1850
810 1851
809 1852
810 1853
810 1854
811 1855
812 1856
813 1857
814 1858
815 1859
816 1860
817 1861
818 1862
819 1863
820 1864
821 1864
822 1864
823 1865
824 1865
825 1865
826 1866
827 1866
828 1867
829 1867
830 1867
831 1868
832 1868
833 1868
834 1869
835 1869
836 1869
837 1869
838 1870
839 1870
840 1871
841 1871
842 1872
843 1872
844 1873
845 1873
846 1873
847 1874
848 1874
849 1874
850 1874
851 1875
852 1875
853 1875
854 1875
855 1875
856 1875
857 1875
858 1875
859 1875
860 1875
861 1875
862 1875
863 1875
864 1876
865 1876
866 1876
867 1877
868 1877
869 1877
870 1877
871 1877
872 1877
873 1877
874 1877
875 1877
876 1878
877 1878
878 1878
879 1879
880 1879
881 1879
882 1879
883 1879
884 1879
885 1879
886 1879
887 1880
888 1880
889 1880
890 1880
891 1880
892 1881
893 1881
894 1882
895 1882
896 1882
897 1883
898 1883
899 1883
900 1884
901 1884
902 1884
903 1884
904 1884
905 1884
906 1884
907 1884
908 1884
909 1884
910 1884
911 1884
912 1884
913 1884
914 1884
915 1884
916 1884
917 1884
918 1884
919 1884
920 1884
921 1884
922 1884
923 1884
924 1884
925 1884
926 1884
927 1884
928 1883
929 1883
930 1883
931 1882
932 1882
933 1882
934 1882
935 1882
936 1881
937 1880
937 1879
938 1878
938 1877
938 1876
939 1875
939 1874
940 1873
941 1872
941 1871
941 1870
942 1869
942 1868
942 1867
942 1866
943 1865
943 1864
943 1863
944 1862
944 1861
944 1860
944 1859
944 1858
944 1857
943 1856
943 1855
942 1854
942 1853
942 1852
941 1851
941 1850
940 1849
939 1848
938 1847
937 1846
936 1845
935 1844
934 1843
933 1842
932 1841
931 1840
930 1839
929 1838
928 1837
927 1836
926 1835
925 1834
924 1834
923 1834
922 1834
921 1833
920 1833
919 1833
918 1832
917 1832
916 1832
915 1831
914 1831
913 1830
912 1830
911 1829
910 1829
909 1829
908 1829
907 1829
906 1829
905 1828
904 1828
903 1827
902 1826
901 1826
900 1826
899 1826
898 1826
897 1826
896 1826
895 1826
894 1826
893 1826
892 1826
891 1826
890 1826
889 1826
888 1826
887 1826
886 1826
885 1826
884 1826
883 1826
