1502 826
1501 827
1500 827
1499 828
1498 828
1497 828
1496 829
1495 829
1494 829
1493 830
1492 830
1491 831
1490 831
1489 832
1488 832
1487 832
1486 832
1485 833
1484 833
1483 834
1482 834
1481 834
1480 834
1479 835
1478 835
1477 836
1476 836
1475 837
1474 837
1473 837
1472 838
1471 839
1470 839
1469 840
1468 840
1467 840
1466 840
1465 840
1464 841
1463 841
1462 842
1461 842
1460 843
1459 844
1458 844
1457 845
1456 846
1455 847
1454 847
1453 847
1452 848
1451 848
1450 848
1449 849
1448 849
1447 850
1446 850
1445 851
1444 852
1443 852
1442 853
1441 854
1440 854
1439 855
1438 856
1437 857
1436 858
1435 859
1434 859
1433 860
1432 861
1431 861
1430 861
1429 862
1428 862
1427 862
1426 863
1425 863
1424 863
1423 863
1422 863
1421 862
1420 862
1419 862
1418 862
1417 862
1416 862
1415 862
1414 862
1413 862
1412 862
1411 862
1410 863
1409 863
1408 864
1407 864
1406 865
1405 866
1404 866
1403 867
1402 866
1401 866
1400 865
1399 864
1398 863
1397 862
1396 861
1395 860
1394 860
1393 859
1392 859
1391 859
1390 859
1389 859
1388 859
1387 860
1386 860
1385 860
1384 860
1383 860
1382 860
1381 860
1380 860
1379 860
1378 861
1377 861
1376 862
1375 862
1374 863
1373 864
1372 864
1371 865
1370 865
1369 866
1368 866
1367 867
1366 868
1365 869
1364 870
1364 871
1363 872
1362 873
1362 874
1361 875
1360 876
1360 877
1359 878
1358 879
1357 880
1357 881
1356 882
1356 883
1356 884
1355 885
1354 886
1354 887
1353 888
1353 889
1352 890
1351 891
1350 892
1350 893
1349 894
1348 895
1348 896
1347 897
1346 898
1346 899
1345 900
1345 901
1344 902
1343 903
1343 904
1342 905
1342 906
1341 907
1341 908
1340 909
1339 910
1338 911
1337 912
1337 913
1336 914
1336 915
1336 916
1336 917
1336 918
1336 919
1336 920
1335 921
1335 922
1335 923
1334 924
1333 925
1333 926
1333 927
1333 928
1332 929
1332 930
1332 931
1331 932
1332 933
1332 934
1332 935
1332 936
1332 937
1332 938
1332 939
1332 940
1332 941
1332 942
1332 943
1332 944
1332 945
1332 946
1332 947
1332 948
1332 949
1332 950
1332 951
1332 952
1332 953
1332 954
1332 955
1333 956
1333 957
1334 957
1335 958
1336 958
1337 959
1338 960
1339 960
1340 961
1341 962
1342 963
1342 964
1343 965
1343 966
1343 967
1343 968
1343 969
1343 970
1343 971
1343 972
1343 973
1343 974
1343 975
1344 976
1345 977
1346 978
1346 979
1346 980
1346 981
1346 982
1346 983
1345 984
1345 985
1345 986
1345 987
1345 988
1345 989
1345 990
1345 991
1345 992
1345 993
1345 994
1345 995
1345 996
1345 997
1346 998
1346 999
1346 1000
1347 1001
1347 1002
1348 1003
1348 1004
1349 1005
1350 1006
1350 1007
1351 1008
1352 1009
1352 1010
1353 1011
1353 1012
1353 1013
1353 1014
1354 1015
1355 1016
1356 1016
1357 1017
1358 1017
1359 1017
1360 1017
1361 1017
1362 1018
1363 1019
1364 1020
1365 1021
1365 1022
1366 1022
1367 1023
1368 1023
1369 1023
1370 1024
1371 1024
1372 1025
1373 1025
1374 1025
1375 1025
1376 1025
1377 1026
1378 1026
1379 1026
1380 1027
1381 1027
1382 1027
1383 1027
1384 1028
1385 1028
1386 1028
1387 1028
1388 1028
1389 1028
1390 1028
1391 1028
1392 1028
1393 1028
1394 1028
1395 1027
1396 1027
1397 1026
1398 1026
1399 1025
1400 1025
1401 1024
1402 1024
1403 1024
1404 1024
1405 1023
1406 1022
1407 1021
1408 1020
1409 1019
1410 1018
1411 1017
1412 1016
1413 1015
1414 1014
1415 1014
1416 1013
1417 1012
1418 1011
1419 1010
1420 1009
1421 1008
1422 1007
1423 1006
1424 1005
1425 1005
1426 1004
1427 1003
1428 1002
1429 1001
1430 1000
1431 1000
1432 999
1433 999
1434 999
1435 999
1436 999
1437 999
1438 999
1439 998
1440 998
1441 998
1442 998
1443 998
1444 998
1445 998
1446 998
1447 997
1448 997
1449 997
1450 996
1451 996
1452 996
1453 996
1454 996
1455 996
1456 995
1457 995
1458 994
1459 994
1460 993
1461 993
1462 993
1463 993
1464 993
1465 993
1466 993
1467 993
1468 993
1469 992
1470 992
1471 992
1472 992
1473 992
1474 992
1475 992
1476 992
1477 992
1478 991
1479 991
1480 991
1481 991
1482 991
1483 991
1484 991
1485 991
1486 991
1487 991
1488 991
1489 991
1490 991
1491 991
1492 991
1493 991
1494 991
1495 991
1496 991
1497 991
1498 991
1499 991
1500 991
1501 991
1502 991
1503 991
1504 991
1505 991
1506 991
1507 991
1508 991
1509 991
1510 991
1511 991
1512 991
1513 991
1514 991
1515 991
1516 991
1517 991
1518 991
1519 992
1520 992
1521 992
1522 992
1523 992
1524 992
1525 992
1526 992
1527 992
1528 992
1529 992
1530 992
1531 992
1532 992
1533 992
1534 992
1535 992
1536 992
1537 992
1538 992
1539 992
1540 992
1541 992
1542 992
1543 992
1544 992
1545 992
1546 992
1547 992
1548 992
1549 993
1550 993
1551 993
1552 993
1553 993
1554 993
1555 993
1556 993
1557 993
1558 993
1559 993
1560 993
1561 993
1562 993
1563 993
1564 993
1565 993
1566 993
1567 993
1568 993
1569 993
1570 993
1571 993
1572 993
1573 993
1574 993
1575 993
1576 993
1577 993
1578 993
1579 993
1580 993
1581 993
1582 993
1583 994
1584 994
1585 994
1586 994
1587 994
1588 994
1589 994
1590 994
1591 994
1592 995
1593 995
1594 995
1595 995
1596 996
1597 996
1598 996
1599 996
1600 996
1601 996
1602 996
1603 996
1604 997
1605 997
1606 997
1607 997
1608 997
1609 998
1610 998
1611 998
1612 998
1613 998
1614 999
1615 999
1616 999
1617 999
1618 999
1619 999
1620 999
1621 1000
1622 1000
1623 1000
1624 1001
1625 1001
1626 1001
1627 1001
1628 1001
1629 1001
1630 1001
1631 1001
1632 1002
1633 1002
1634 1002
1635 1002
1636 1002
1637 1002
1638 1002
1639 1002
1640 1002
1641 1002
1642 1002
1643 1002
1644 1002
1645 1002
1646 1002
1647 1002
1648 1003
1649 1003
1650 1003
1651 1003
1652 1003
1653 1003
1654 1003
1655 1003
1656 1003
1657 1003
1658 1003
1659 1003
1660 1003
1661 1003
1662 1003
1663 1003
1664 1003
1665 1003
1666 1003
1667 1003
1668 1003
1669 1003
1670 1003
1671 1003
1672 1003
1673 1003
1674 1003
1675 1003
1676 1003
1677 1003
1678 1003
1679 1003
1680 1002
1681 1002
1682 1002
1683 1002
1684 1002
1685 1001
1686 1001
1687 1001
1688 1001
1689 1001
1690 1001
1691 1001
1692 1001
1693 1001
1694 1001
1695 1000
1696 1000
1697 1000
1698 999
1699 999
1700 999
1701 999
1702 999
1703 999
1704 999
1705 999
1706 999
1707 999
1708 999
1709 999
1710 998
1711 998
1711 997
1711 996
1711 995
1711 994
1711 993
1711 992
1711 991
1710 990
1709 989
1709 988
1709 987
1708 986
1708 985
1707 984
1707 983
1706 982
1706 981
1706 980
1706 979
1705 978
1705 977
1705 976
1705 975
1705 974
1705 973
1705 972
1704 971
1703 971
1702 970
1701 969
1700 968
1699 967
1698 966
1697 965
1697 964
1697 963
1696 962
1696 961
1695 960
1694 959
1693 958
1692 957
1691 956
1691 955
1690 954
1690 953
1689 952
1689 951
1688 950
1687 949
1686 948
1686 947
1685 946
1684 945
1683 944
1682 943
1681 942
1680 941
1679 940
1678 939
1677 938
1676 937
1675 936
1674 935
1673 934
1672 933
1671 932
1671 931
1670 930
1669 929
1669 928
1668 927
1667 926
1667 925
1666 924
1666 923
1665 922
1665 921
1665 920
1665 919
1664 918
1664 917
1663 916
1663 915
1662 914
1661 913
1661 912
1660 911
1660 910
1659 909
1658 908
1657 907
1656 906
1655 905
1654 904
1653 903
1652 903
1651 902
1650 901
1649 900
1648 899
1647 898
1646 897
1645 896
1644 895
1643 894
1642 893
1641 892
1640 891
1639 890
1638 889
1637 888
1636 887
1635 886
1634 886
1633 885
1632 884
1631 884
1630 884
1629 884
1628 884
1627 884
1626 884
1625 883
1624 883
1623 883
1622 882
1621 882
1620 881
1619 880
1618 879
1617 879
1616 879
1615 879
1614 879
1613 878
1612 878
1611 878
1610 877
1609 877
1608 877
1607 876
1606 876
1605 875
1604 875
1603 875
1602 875
1601 875
1600 875
1599 875
1598 875
1597 875
1596 875
1595 875
1594 875
1593 876
1592 876
1591 876
1590 876
1589 877
1588 877
1587 877
1586 878
1585 878
1584 878
1583 878
1582 878
1581 878
1580 878
1579 879
1578 879
1577 879
1576 879
1575 879
1574 879
1573 879
1572 879
1571 878
1570 878
1569 877
1568 876
1567 875
1567 874
1566 873
1565 872
1565 871
1564 870
1564 869
1563 868
1563 867
1562 866
1562 865
1562 864
1561 863
1561 862
1560 861
1559 860
1558 859
1557 858
1557 857
1556 856
1555 856
1554 855
1553 854
1552 853
1552 852
1551 852
1550 851
1549 851
1548 850
1547 850
1546 849
1545 849
1544 848
1543 847
1542 847
1541 847
1540 846
1539 846
1538 845
1537 845
1536 845
1535 844
1534 844
1533 843
1532 842
1531 841
1530 840
1529 839
1528 838
1527 837
1527 836
1526 835
1526 834
1526 833
1525 832
1524 832
1523 831
1522 831
1521 830
1520 830
1519 829
1518 829
1517 829
1516 829
1515 828
1514 827
1513 827
1512 826
1511 826
1510 826
1509 826
1508 826
1507 826
1506 826
1505 826
1504 826
1503 826
1502 826
