233 2152
232 2153
231 2153
230 2153
229 2154
228 2154
227 2154
226 2154
225 2155
224 2155
223 2155
222 2155
221 2155
220 2155
219 2155
218 2155
217 2156
216 2156
215 2156
214 2156
213 2156
212 2157
211 2157
210 2158
209 2158
208 2159
207 2159
206 2159
205 2160
204 2160
203 2160
202 2161
201 2162
200 2162
199 2162
198 2163
197 2163
196 2164
195 2164
194 2165
193 2165
192 2165
191 2166
190 2166
189 2166
188 2166
187 2166
186 2166
185 2166
184 2166
183 2167
182 2167
181 2167
180 2168
179 2168
178 2168
177 2169
176 2169
175 2169
174 2169
173 2169
172 2170
171 2171
170 2172
169 2172
168 2173
167 2173
166 2173
165 2174
164 2174
163 2174
162 2175
161 2176
160 2176
159 2176
158 2177
157 2177
156 2177
155 2177
154 2177
153 2178
152 2178
151 2178
150 2178
149 2178
148 2178
147 2178
146 2178
145 2178
144 2178
143 2178
142 2179
141 2179
140 2180
139 2181
139 2182
139 2183
139 2184
139 2185
139 2186
139 2187
139 2188
139 2189
140 2190
141 2191
142 2191
143 2191
144 2192
145 2192
146 2193
147 2193
148 2194
149 2195
150 2196
151 2197
152 2198
153 2199
154 2199
155 2200
156 2200
157 2200
158 2200
159 2200
160 2200
161 2200
162 2200
163 2201
164 2201
165 2201
166 2201
167 2201
168 2201
169 2201
170 2201
171 2201
172 2201
173 2201
174 2202
175 2202
176 2202
177 2202
178 2202
179 2203
180 2203
181 2203
182 2204
183 2203
184 2203
185 2203
186 2203
187 2204
188 2204
189 2204
190 2205
191 2205
192 2205
193 2205
194 2206
195 2207
196 2207
197 2207
198 2207
199 2207
200 2207
201 2207
202 2207
203 2207
204 2206
205 2206
206 2206
207 2206
208 2206
209 2206
210 2206
211 2206
212 2206
213 2206
214 2206
215 2207
216 2207
217 2207
218 2207
219 2207
220 2207
221 2207
222 2208
223 2208
224 2208
225 2208
226 2208
227 2208
228 2208
229 2208
230 2209
231 2209
232 2209
233 2210
234 2210
235 2210
236 2210
237 2210
238 2210
239 2210
240 2210
241 2210
242 2210
243 2210
244 2210
245 2210
246 2210
247 2210
248 2211
249 2211
250 2211
251 2211
252 2211
253 2211
254 2211
255 2211
256 2211
257 2211
258 2211
259 2211
260 2211
261 2211
262 2211
263 2211
264 2211
265 2211
266 2211
267 2211
268 2211
269 2211
270 2211
271 2211
272 2211
273 2211
274 2211
275 2211
276 2211
277 2211
278 2211
279 2211
280 2211
281 2211
282 2211
283 2211
284 2210
285 2210
286 2209
286 2208
287 2207
287 2206
288 2205
289 2204
289 2203
290 2202
290 2201
290 2200
290 2199
291 2198
291 2197
291 2196
292 2195
292 2194
293 2193
293 2192
293 2191
294 2190
294 2189
294 2188
294 2187
294 2186
294 2185
294 2184
294 2183
294 2182
294 2181
295 2180
295 2179
295 2178
295 2177
295 2176
294 2175
293 2174
293 2173
292 2172
291 2171
291 2170
291 2169
290 2168
290 2167
290 2166
290 2165
290 2164
290 2163
290 2162
289 2162
288 2161
287 2160
286 2160
285 2159
284 2159
283 2159
282 2159
281 2158
280 2158
279 2158
278 2157
277 2157
276 2157
275 2157
274 2157
273 2157
272 2157
271 2156
270 2156
269 2156
268 2156
267 2155
266 2155
265 2154
264 2154
263 2154
262 2154
261 2154
260 2154
259 2154
258 2153
257 2153
256 2153
255 2152
254 2152
253 2152
252 2152
251 2152
250 2152
249 2152
248 2152
247 2152
246 2152
245 2152
244 2152
243 2152
242 2152
241 2152
240 2152
239 2152
238 2152
237 2152
236 2152
235 2152
234 2152
233 2152
