374 338
373 339
372 340
371 341
371 342
370 343
370 344
370 345
369 346
369 347
369 348
368 349
368 350
368 351
369 352
369 353
370 354
370 355
371 355
372 356
373 357
374 358
375 359
376 360
376 361
377 362
378 363
379 364
380 365
381 365
382 366
383 367
384 368
385 369
386 370
387 371
388 372
388 373
389 374
390 375
391 376
392 377
393 378
394 379
395 380
396 381
397 382
398 383
399 383
400 384
401 385
402 386
402 387
403 388
404 389
405 390
406 390
407 391
408 392
409 393
410 394
411 394
412 394
413 395
414 395
415 395
416 395
417 395
418 396
419 396
420 396
421 396
422 396
423 396
424 396
425 396
426 396
427 396
428 396
429 396
430 396
431 396
432 396
433 396
434 396
435 396
436 396
437 396
438 396
439 396
440 396
441 396
442 396
443 396
444 396
445 395
446 395
447 395
448 395
449 394
450 394
451 394
452 393
453 393
454 393
455 392
456 391
457 391
458 391
459 390
460 390
461 389
462 389
463 388
464 387
465 387
466 386
467 385
468 385
469 384
470 383
471 382
472 382
473 381
474 380
474 379
475 378
476 377
476 376
477 375
477 374
477 373
478 372
478 371
478 370
478 369
478 368
477 367
477 366
477 365
476 364
476 363
476 362
476 361
475 360
474 359
473 359
472 358
471 357
470 357
469 357
468 357
467 357
466 357
465 357
464 357
463 357
462 357
461 356
460 356
459 356
458 356
457 356
456 356
455 356
454 355
453 355
452 355
451 354
450 354
449 354
448 353
447 353
446 352
445 351
444 351
443 351
442 351
441 351
440 351
439 351
438 351
437 350
436 350
435 350
434 349
433 349
432 349
431 349
430 349
429 349
428 349
427 348
426 348
425 348
424 348
423 347
422 347
421 347
420 347
419 347
418 347
417 346
416 346
415 346
414 345
413 345
412 345
411 344
410 344
409 344
408 344
407 344
406 344
405 344
404 344
403 344
402 344
401 344
400 344
399 344
398 344
397 343
396 343
395 343
394 343
393 343
392 343
391 343
390 342
389 342
388 341
387 341
386 341
385 341
384 341
383 340
382 340
381 340
380 339
379 339
378 339
377 338
376 338
375 338
374 338
