415 493
414 494
413 495
412 496
412 497
411 498
411 499
410 500
410 501
410 502
410 503
409 504
408 505
408 506
408 507
408 508
408 509
409 510
410 511
411 512
412 513
413 514
414 514
415 515
416 515
417 515
418 516
419 516
420 517
421 518
422 519
423 520
424 520
425 521
426 522
427 522
428 522
429 522
430 522
431 522
432 522
433 523
433 524
433 525
434 526
435 526
436 527
437 528
438 528
439 529
440 529
441 529
442 530
443 530
444 531
445 531
446 531
447 532
448 532
449 533
450 533
451 533
452 533
453 533
454 533
455 533
456 534
457 534
458 534
459 535
460 535
461 535
462 536
463 536
464 536
465 536
466 536
467 536
468 536
469 535
470 535
471 535
472 535
473 534
474 534
475 534
476 533
477 533
478 533
479 532
480 532
481 531
482 531
483 530
484 530
485 530
486 530
487 529
488 529
489 529
490 528
491 528
492 528
493 527
494 527
495 526
496 526
497 526
498 526
499 526
500 526
501 526
502 525
503 525
504 525
505 524
506 524
507 524
508 524
509 524
510 524
511 523
512 523
513 522
514 522
515 521
516 521
517 520
518 520
519 520
520 519
521 518
522 518
523 517
524 517
525 516
525 515
526 514
526 513
526 512
526 511
526 510
526 509
526 508
526 507
526 506
526 505
525 504
524 503
523 502
522 502
521 502
520 502
519 501
518 501
517 501
516 500
515 500
514 500
513 500
512 500
511 500
510 500
509 500
508 500
507 500
506 500
505 500
504 500
503 500
502 500
501 500
500 500
499 499
498 499
497 499
496 499
495 499
494 499
493 499
492 499
491 499
490 499
489 499
488 498
487 498
486 498
485 498
484 498
483 498
482 498
481 498
480 498
479 498
478 498
477 497
476 497
475 497
474 496
473 497
472 496
471 496
470 496
469 496
468 495
467 495
466 495
465 495
464 494
463 494
462 494
461 494
460 494
459 494
458 494
457 494
456 494
455 494
454 494
453 494
452 494
451 494
450 494
449 494
448 494
447 494
446 494
445 494
444 493
443 493
442 493
441 493
440 493
439 493
438 493
437 493
436 493
435 493
434 493
433 493
432 493
431 493
430 493
429 493
428 493
427 493
426 493
425 493
424 493
423 493
422 493
421 493
420 493
419 493
418 493
417 493
416 493
415 493
