572 499
571 500
570 500
569 501
568 501
567 502
566 503
565 504
564 504
563 505
562 506
561 507
560 508
559 508
558 509
557 510
556 510
555 510
554 511
553 511
552 511
551 511
550 511
549 511
548 511
547 511
546 511
545 511
544 511
543 511
542 511
541 511
540 511
539 511
538 511
537 511
536 511
535 511
534 511
533 511
532 512
531 512
530 513
530 514
529 515
529 516
529 517
528 518
528 519
529 520
529 521
529 522
529 523
530 524
530 525
531 526
532 527
533 528
534 529
535 530
536 530
537 531
538 531
539 531
540 531
541 531
542 531
543 531
544 531
545 531
546 530
547 530
548 530
549 529
550 530
551 530
552 530
553 531
554 531
555 531
556 531
557 531
558 531
559 532
560 532
561 532
562 532
563 532
564 533
565 534
566 534
567 534
568 535
569 535
570 535
571 536
572 536
573 536
574 536
575 536
576 536
577 536
578 536
579 536
580 536
581 537
582 537
583 537
584 537
585 537
586 537
587 537
588 537
589 537
590 537
591 537
592 537
593 537
594 537
595 537
596 537
597 537
598 537
599 537
600 537
601 536
602 535
603 534
603 533
603 532
603 531
603 530
604 529
604 528
604 527
604 526
604 525
604 524
604 523
604 522
604 521
604 520
604 519
604 518
604 517
603 516
602 515
602 514
601 513
601 512
601 511
600 510
600 509
600 508
599 507
598 506
597 505
596 505
595 504
594 504
593 504
592 504
591 504
590 503
589 503
588 502
587 502
586 501
585 501
584 501
583 501
582 500
581 500
580 500
579 499
578 499
577 499
576 499
575 499
574 499
573 499
572 499
