582 1983
581 1984
580 1984
579 1984
578 1984
577 1984
576 1984
575 1984
574 1984
573 1984
572 1984
571 1984
570 1984
569 1984
568 1984
567 1984
566 1985
565 1985
564 1985
563 1985
562 1986
561 1986
560 1986
559 1986
558 1986
557 1986
556 1986
555 1987
554 1987
553 1988
552 1988
551 1989
550 1989
549 1989
548 1989
547 1989
546 1989
545 1989
544 1990
543 1990
542 1990
541 1990
540 1990
539 1990
538 1990
537 1990
536 1991
535 1991
534 1992
533 1992
532 1992
531 1993
530 1993
529 1994
528 1994
527 1994
526 1994
525 1994
524 1994
523 1995
522 1995
521 1996
520 1997
519 1998
518 1999
517 2000
516 2001
515 2002
515 2003
514 2004
514 2005
513 2006
514 2007
514 2008
515 2009
516 2010
517 2011
518 2011
519 2011
520 2012
521 2012
522 2013
523 2013
524 2014
525 2014
526 2014
527 2015
528 2015
529 2015
530 2016
531 2016
532 2016
533 2016
534 2017
535 2017
536 2018
537 2018
538 2018
539 2018
540 2018
541 2019
542 2019
543 2019
544 2020
545 2020
546 2020
547 2020
548 2021
549 2021
550 2021
551 2021
552 2021
553 2021
554 2022
555 2022
556 2022
557 2022
558 2022
559 2022
560 2022
561 2023
562 2023
563 2023
564 2024
565 2024
566 2024
567 2025
568 2025
569 2025
570 2025
571 2025
572 2026
573 2027
574 2027
575 2027
576 2028
577 2028
578 2028
579 2028
580 2028
581 2028
582 2029
583 2029
584 2029
585 2030
586 2030
587 2031
588 2031
589 2032
590 2032
591 2032
592 2032
593 2032
594 2032
595 2031
596 2031
597 2031
598 2031
599 2030
600 2030
601 2030
602 2030
603 2030
604 2030
605 2030
606 2030
607 2030
608 2030
609 2030
610 2030
611 2030
612 2031
613 2031
614 2031
615 2032
616 2032
617 2032
618 2032
619 2032
620 2032
621 2032
622 2032
623 2031
624 2031
625 2031
626 2030
627 2030
628 2030
629 2030
630 2030
631 2030
632 2030
633 2030
634 2030
635 2030
636 2030
637 2030
638 2029
639 2028
640 2027
641 2027
642 2026
643 2026
644 2026
645 2026
646 2026
647 2026
648 2026
649 2025
650 2024
651 2023
651 2022
652 2021
652 2020
653 2019
653 2018
654 2017
654 2016
654 2015
654 2014
654 2013
654 2012
654 2011
654 2010
655 2009
655 2008
655 2007
655 2006
656 2005
656 2004
656 2003
656 2002
656 2001
655 2000
655 1999
654 1998
653 1998
652 1997
651 1996
650 1995
649 1994
648 1993
647 1992
647 1991
647 1990
646 1989
645 1988
644 1987
643 1986
642 1986
641 1985
640 1985
639 1985
638 1985
637 1985
636 1985
635 1985
634 1985
633 1985
632 1985
631 1985
630 1985
629 1985
628 1985
627 1985
626 1985
625 1985
624 1985
623 1985
622 1985
621 1985
620 1985
619 1985
618 1985
617 1985
616 1985
615 1985
614 1985
613 1985
612 1985
611 1985
610 1985
609 1985
608 1985
607 1985
606 1985
605 1985
604 1985
603 1985
602 1985
601 1985
600 1985
599 1985
598 1985
597 1985
596 1984
595 1984
594 1983
593 1983
592 1983
591 1983
590 1983
589 1983
588 1983
587 1983
586 1983
585 1983
584 1983
583 1983
582 1983
