863 667
862 668
861 669
861 670
860 671
860 672
861 673
861 674
862 675
862 676
863 677
863 678
864 679
865 680
866 681
866 682
867 683
867 684
868 685
868 686
869 687
870 688
871 689
871 690
871 691
872 692
873 693
873 694
874 695
875 696
875 697
876 698
877 699
878 700
878 701
878 702
879 703
879 704
880 705
880 706
881 707
881 708
882 709
882 710
882 711
883 712
883 713
883 714
884 715
885 716
885 717
885 718
886 719
886 720
886 721
887 722
887 723
887 724
888 725
888 726
889 727
890 728
890 729
891 730
891 731
892 732
893 733
893 734
894 735
895 736
896 736
897 737
898 737
899 738
900 739
901 740
902 741
903 741
904 742
905 742
906 743
907 744
908 744
909 745
910 746
911 747
912 748
913 749
914 749
915 749
916 749
917 749
918 749
919 749
920 749
921 749
922 749
923 749
924 749
925 749
926 749
927 749
928 750
929 750
930 750
931 750
932 750
933 750
934 750
935 749
936 748
937 748
938 747
939 747
940 746
941 746
942 745
943 745
944 744
945 743
946 743
947 743
948 743
949 743
950 742
951 742
952 742
953 742
954 742
955 742
956 742
957 742
958 742
959 743
960 744
961 744
962 744
963 744
964 744
965 744
966 744
967 744
968 744
969 744
970 744
971 744
972 744
973 744
974 744
975 743
976 742
977 742
978 741
979 740
980 740
981 740
982 740
983 740
984 740
985 740
986 740
987 740
988 740
989 740
990 740
991 740
992 740
993 740
994 740
995 740
996 740
997 740
998 739
999 739
1000 738
1001 738
1002 738
1003 738
1004 737
1005 737
1006 736
1007 735
1008 734
1008 733
1009 732
1010 731
1011 730
1012 729
1013 728
1014 727
1015 726
1016 726
1017 725
1018 724
1019 723
1020 722
1021 721
1022 720
1022 719
1023 718
1023 717
1023 716
1023 715
1023 714
1023 713
1023 712
1023 711
1023 710
1023 709
1023 708
1023 707
1023 706
1023 705
1023 704
1023 703
1023 702
1023 701
1023 700
1023 699
1023 698
1023 697
1023 696
1023 695
1023 694
1023 693
1023 692
1023 691
1022 690
1021 689
1020 688
1019 687
1018 686
1017 686
1016 686
1015 685
1014 685
1013 684
1012 684
1011 683
1010 683
1009 683
1008 683
1007 683
1006 683
1005 683
1004 683
1003 683
1002 683
1001 683
1000 683
999 683
998 683
997 683
996 683
995 683
994 683
993 683
992 683
991 683
990 683
989 683
988 683
987 683
986 683
985 683
984 683
983 683
982 683
981 683
980 683
979 683
978 683
977 683
976 683
975 683
974 683
973 682
972 682
971 682
970 682
969 682
968 682
967 681
966 681
965 681
964 680
963 681
962 681
961 681
960 681
959 681
958 681
957 681
956 681
955 681
954 681
953 681
952 681
951 681
950 681
949 681
948 681
947 681
946 681
945 681
944 681
943 681
942 680
941 680
940 680
939 679
938 679
937 679
936 679
935 678
934 678
933 678
932 677
931 677
930 677
929 676
928 676
927 675
926 674
926 673
925 672
924 671
923 670
922 670
921 669
920 669
919 669
918 669
917 669
916 669
915 669
914 670
913 670
912 671
911 671
910 672
909 672
908 672
907 672
906 672
905 672
904 672
903 671
902 671
901 671
900 671
899 671
898 671
897 671
896 671
895 671
894 671
893 671
892 671
891 671
890 671
889 670
888 670
887 670
886 669
885 669
884 669
883 669
882 668
881 668
880 668
879 668
878 668
877 667
876 667
875 667
874 667
873 667
872 667
871 667
870 667
869 667
868 667
867 667
866 667
865 667
864 667
863 667
