214 1490
213 1491
212 1491
211 1491
210 1491
209 1491
208 1491
207 1491
206 1491
205 1491
204 1491
203 1491
202 1491
201 1491
200 1492
199 1492
198 1492
197 1493
196 1493
195 1493
194 1493
193 1494
192 1495
191 1495
190 1496
189 1496
188 1497
187 1497
186 1497
185 1498
184 1498
183 1499
182 1499
181 1499
180 1499
179 1500
178 1500
177 1501
176 1501
175 1502
174 1502
173 1502
172 1503
171 1503
170 1503
169 1503
168 1504
167 1504
166 1505
165 1506
164 1506
163 1507
162 1507
161 1508
160 1508
159 1509
158 1509
157 1510
156 1511
155 1512
154 1512
153 1513
152 1513
151 1514
150 1514
149 1515
148 1516
147 1517
146 1518
145 1519
144 1520
143 1521
143 1522
143 1523
144 1524
145 1524
146 1524
147 1524
148 1524
149 1524
150 1524
151 1524
152 1524
153 1525
154 1525
155 1525
156 1525
157 1525
158 1525
159 1526
160 1526
161 1526
162 1526
163 1526
164 1526
165 1526
166 1526
167 1527
168 1527
169 1527
170 1528
171 1528
172 1528
173 1528
174 1528
175 1528
176 1528
177 1528
178 1529
179 1529
180 1529
181 1529
182 1529
183 1529
184 1529
185 1529
186 1529
187 1529
188 1529
189 1529
190 1529
191 1529
192 1529
193 1529
194 1529
195 1529
196 1529
197 1529
198 1529
199 1529
200 1529
201 1529
202 1529
203 1529
204 1529
205 1529
206 1529
207 1529
208 1529
209 1529
210 1529
211 1529
212 1529
213 1529
214 1529
215 1529
216 1530
217 1530
218 1530
219 1530
220 1530
221 1530
222 1530
223 1530
224 1530
225 1530
226 1530
227 1530
228 1530
229 1531
230 1531
231 1531
232 1531
233 1531
234 1531
235 1531
236 1531
237 1531
238 1531
239 1531
240 1531
241 1531
242 1531
243 1531
244 1531
245 1531
246 1531
247 1531
248 1531
249 1531
250 1531
251 1530
252 1530
253 1530
254 1530
255 1530
256 1529
257 1529
258 1529
259 1529
260 1529
261 1529
262 1530
263 1530
264 1531
265 1531
266 1531
267 1532
268 1532
269 1533
270 1534
271 1535
272 1536
273 1536
274 1537
275 1537
276 1538
277 1539
278 1540
279 1541
280 1542
281 1543
282 1543
283 1543
284 1544
285 1544
286 1544
287 1545
288 1545
289 1546
290 1546
291 1547
292 1547
293 1547
294 1548
295 1548
296 1548
297 1548
298 1548
299 1549
300 1549
301 1549
302 1550
303 1550
304 1550
305 1550
306 1550
307 1550
308 1550
309 1549
310 1549
311 1549
312 1548
313 1548
314 1547
315 1547
316 1546
317 1546
318 1545
319 1544
320 1544
321 1543
322 1542
323 1541
324 1540
325 1539
326 1538
327 1537
328 1537
329 1536
330 1535
331 1534
332 1533
333 1532
333 1531
334 1530
334 1529
334 1528
334 1527
334 1526
334 1525
334 1524
334 1523
334 1522
334 1521
334 1520
334 1519
334 1518
333 1517
333 1516
332 1515
331 1514
330 1513
329 1512
328 1511
327 1510
326 1509
325 1508
324 1508
323 1508
322 1507
321 1506
320 1506
319 1505
318 1504
317 1504
316 1503
315 1503
314 1502
313 1501
312 1500
311 1499
310 1498
309 1498
308 1497
307 1497
306 1497
305 1496
304 1495
303 1495
302 1494
302 1493
301 1493
300 1492
299 1492
298 1491
297 1491
296 1491
295 1491
294 1491
293 1491
292 1491
291 1491
290 1491
289 1491
288 1491
287 1491
286 1491
285 1491
284 1491
283 1491
282 1491
281 1491
280 1491
279 1491
278 1491
277 1492
276 1492
275 1492
274 1493
273 1493
272 1493
271 1493
270 1493
269 1493
268 1493
267 1493
266 1493
265 1493
264 1493
263 1493
262 1493
261 1493
260 1493
259 1493
258 1493
257 1493
256 1493
255 1493
254 1493
253 1493
252 1493
251 1493
250 1493
249 1493
248 1493
247 1493
246 1493
245 1493
244 1492
243 1492
242 1492
241 1491
240 1491
239 1491
238 1491
237 1491
236 1491
235 1491
234 1491
233 1491
232 1491
231 1491
230 1491
229 1491
228 1490
227 1490
226 1490
225 1490
224 1490
223 1490
222 1490
221 1490
220 1490
219 1490
218 1490
217 1490
216 1490
215 1490
214 1490
