216 952
215 953
214 953
213 953
212 954
211 954
210 955
209 955
208 955
207 955
206 956
205 957
204 958
203 959
202 960
202 961
202 962
202 963
202 964
202 965
202 966
201 967
201 968
201 969
201 970
201 971
201 972
201 973
201 974
202 975
203 976
204 977
204 978
204 979
204 980
205 981
206 982
207 983
208 983
209 984
210 985
211 986
212 987
213 988
214 988
215 989
216 988
217 988
218 988
219 988
220 988
221 988
222 988
223 988
224 988
225 988
226 988
227 989
228 989
229 989
230 990
231 990
232 990
233 990
234 990
235 990
236 990
237 990
238 990
239 989
240 989
241 989
242 988
243 987
244 986
245 985
246 984
247 984
248 984
249 984
250 983
251 983
252 983
253 982
254 981
255 980
255 979
255 978
256 977
256 976
257 975
258 974
258 973
259 972
259 971
259 970
259 969
259 968
259 967
259 966
259 965
259 964
258 963
257 962
257 961
256 960
255 959
254 958
253 957
252 956
251 956
250 955
249 955
248 955
247 955
246 955
245 955
244 954
243 954
242 954
241 953
240 954
239 954
238 954
237 954
236 954
235 954
234 954
233 954
232 954
231 954
230 954
229 954
228 954
227 954
226 953
225 953
224 953
223 952
222 952
221 952
220 952
219 952
218 952
217 952
216 952
