621 1393
620 1394
619 1394
618 1394
617 1395
616 1395
615 1395
614 1395
613 1395
612 1396
611 1396
610 1396
609 1396
608 1396
607 1397
606 1397
605 1397
604 1397
603 1397
602 1397
601 1397
600 1397
599 1397
598 1397
597 1397
596 1397
595 1398
594 1398
593 1398
592 1398
591 1398
590 1398
589 1398
588 1398
587 1398
586 1398
585 1398
584 1398
583 1398
582 1398
581 1398
580 1398
579 1398
578 1398
577 1398
576 1399
575 1399
574 1399
573 1400
572 1400
571 1400
570 1400
569 1400
568 1400
567 1400
566 1400
565 1400
564 1400
563 1400
562 1400
561 1400
560 1400
559 1400
558 1400
557 1400
556 1400
555 1400
554 1401
553 1401
552 1402
551 1402
550 1403
549 1403
548 1403
547 1403
546 1403
545 1403
544 1403
543 1403
542 1404
541 1404
540 1405
539 1406
539 1407
539 1408
538 1409
538 1410
538 1411
538 1412
538 1413
538 1414
538 1415
538 1416
539 1417
540 1418
541 1419
542 1420
543 1420
544 1421
545 1421
546 1422
547 1423
548 1424
549 1424
550 1425
551 1425
552 1426
553 1427
554 1427
555 1428
556 1428
557 1428
558 1428
559 1428
560 1428
561 1429
562 1429
563 1429
564 1430
565 1430
566 1430
567 1430
568 1430
569 1431
570 1431
571 1431
572 1432
573 1432
574 1433
575 1433
576 1434
577 1434
578 1434
579 1435
580 1435
581 1435
582 1436
583 1436
584 1437
585 1437
586 1437
587 1438
588 1438
589 1439
590 1439
591 1440
592 1440
593 1441
594 1442
595 1442
596 1442
597 1442
598 1442
599 1442
600 1442
601 1442
602 1443
603 1443
604 1444
605 1444
606 1444
607 1444
608 1444
609 1444
610 1444
611 1444
612 1444
613 1444
614 1443
615 1443
616 1442
617 1442
618 1442
619 1441
620 1441
621 1441
622 1440
623 1440
624 1440
625 1439
626 1439
627 1439
628 1439
629 1439
630 1438
631 1438
632 1438
633 1437
634 1437
635 1437
636 1437
637 1437
638 1437
639 1437
640 1436
641 1435
642 1434
643 1433
643 1432
643 1431
644 1430
644 1429
644 1428
645 1427
645 1426
645 1425
645 1424
645 1423
645 1422
645 1421
645 1420
645 1419
645 1418
645 1417
645 1416
644 1415
644 1414
644 1413
643 1412
643 1411
643 1410
643 1409
643 1408
642 1407
641 1406
640 1405
639 1405
638 1404
637 1404
636 1403
635 1402
634 1401
633 1401
632 1400
631 1399
630 1399
629 1398
628 1397
627 1396
626 1395
625 1394
624 1394
623 1393
622 1393
621 1393
