648 1225
647 1226
646 1226
645 1227
644 1227
643 1228
642 1228
641 1229
640 1229
639 1229
638 1229
637 1229
636 1230
635 1230
634 1230
633 1230
632 1230
631 1230
630 1230
629 1230
628 1230
627 1230
626 1230
625 1230
624 1231
623 1231
622 1231
621 1231
620 1232
619 1232
618 1232
617 1232
616 1232
615 1232
614 1232
613 1232
612 1232
611 1232
610 1232
609 1232
608 1232
607 1232
606 1232
605 1232
604 1232
603 1232
602 1232
601 1232
600 1232
599 1232
598 1232
597 1232
596 1232
595 1232
594 1232
593 1232
592 1232
591 1232
590 1232
589 1232
588 1232
587 1232
586 1232
585 1232
584 1232
583 1232
582 1232
581 1232
580 1232
579 1232
578 1232
577 1232
576 1232
575 1233
574 1233
573 1233
572 1234
571 1234
570 1234
569 1234
568 1234
567 1235
566 1236
565 1237
564 1238
564 1239
563 1240
562 1241
562 1242
561 1243
561 1244
561 1245
560 1246
560 1247
560 1248
559 1249
558 1250
558 1251
557 1252
557 1253
556 1254
555 1255
554 1256
553 1257
552 1258
551 1259
550 1260
549 1261
548 1262
548 1263
548 1264
548 1265
547 1266
547 1267
547 1268
547 1269
547 1270
547 1271
547 1272
547 1273
548 1274
548 1275
548 1276
549 1277
550 1277
551 1277
552 1278
553 1278
554 1278
555 1278
556 1278
557 1279
558 1279
559 1280
560 1281
561 1282
562 1282
563 1283
564 1283
565 1283
566 1283
567 1283
568 1283
569 1283
570 1283
571 1283
572 1283
573 1283
574 1284
575 1284
576 1285
577 1286
578 1287
579 1288
580 1289
581 1289
582 1290
583 1291
584 1292
585 1293
586 1294
587 1295
588 1296
589 1297
590 1297
591 1297
592 1297
593 1297
594 1297
595 1297
596 1297
597 1297
598 1297
599 1297
600 1298
601 1298
602 1298
603 1298
604 1298
605 1298
606 1298
607 1298
608 1298
609 1298
610 1298
611 1298
612 1299
613 1299
614 1299
615 1300
616 1300
617 1300
618 1300
619 1300
620 1300
621 1301
622 1301
623 1301
624 1301
625 1301
626 1301
627 1301
628 1301
629 1301
630 1301
631 1300
632 1300
633 1300
634 1300
635 1300
636 1300
637 1300
638 1299
639 1299
640 1299
641 1298
642 1298
643 1298
644 1297
645 1297
646 1297
647 1297
648 1296
649 1296
650 1296
651 1295
652 1295
653 1295
654 1294
655 1294
656 1294
657 1293
658 1293
659 1293
660 1292
661 1292
662 1292
663 1291
664 1291
665 1290
666 1290
667 1289
668 1289
669 1288
670 1287
671 1286
672 1285
673 1284
674 1284
675 1283
676 1283
677 1283
678 1282
679 1281
680 1280
681 1279
682 1278
683 1277
684 1276
684 1275
684 1274
685 1273
685 1272
685 1271
686 1270
686 1269
686 1268
686 1267
686 1266
686 1265
686 1264
686 1263
686 1262
686 1261
686 1260
686 1259
686 1258
686 1257
686 1256
686 1255
685 1254
685 1253
685 1252
685 1251
684 1250
684 1249
684 1248
684 1247
684 1246
684 1245
684 1244
684 1243
683 1242
682 1241
681 1240
680 1239
679 1238
678 1237
677 1236
676 1235
675 1234
674 1233
673 1232
672 1231
671 1231
670 1230
669 1229
668 1229
667 1229
666 1228
665 1228
664 1228
663 1227
662 1227
661 1227
660 1226
659 1226
658 1226
657 1226
656 1225
655 1225
654 1225
653 1225
652 1225
651 1225
650 1225
649 1225
648 1225
