924 283
923 284
922 285
921 286
920 287
919 287
918 287
917 288
916 288
915 288
914 289
913 289
912 289
911 289
910 289
909 289
908 289
907 289
906 289
905 289
904 290
904 291
903 292
903 293
902 294
901 295
900 296
899 297
899 298
898 299
898 300
898 301
897 302
898 303
897 304
898 305
898 306
898 307
899 308
899 309
900 310
901 311
901 312
902 313
903 314
904 314
905 315
906 315
907 316
908 316
909 316
910 316
911 316
912 316
913 316
914 316
915 316
916 316
917 316
918 316
919 316
920 316
921 316
922 317
923 317
924 317
925 317
926 317
927 317
928 317
929 317
930 317
931 317
932 317
933 317
934 318
935 318
936 318
937 319
938 319
939 319
940 319
941 319
942 319
943 319
944 319
945 319
946 319
947 319
948 319
949 319
950 319
951 319
952 319
953 319
954 320
955 320
956 320
957 319
958 319
959 319
960 319
961 319
962 319
963 319
964 319
965 319
966 319
967 319
968 318
969 318
970 317
971 317
972 316
973 315
974 314
974 313
975 312
975 311
975 310
975 309
976 308
977 307
977 306
977 305
977 304
977 303
977 302
977 301
977 300
977 299
977 298
977 297
976 296
975 295
975 294
975 293
974 292
973 291
972 290
971 289
970 288
969 288
968 288
967 287
966 287
965 287
964 287
963 287
962 287
961 287
960 287
959 287
958 287
957 287
956 286
955 286
954 286
953 286
952 286
951 286
950 286
949 286
948 286
947 286
946 286
945 286
944 286
943 286
942 286
941 286
940 286
939 286
938 286
937 285
936 285
935 285
934 285
933 285
932 284
931 284
930 284
929 283
928 283
927 283
926 283
925 283
924 283
