276 853
275 854
274 854
273 855
272 855
271 855
270 855
269 855
268 856
267 856
266 856
265 857
264 857
263 858
262 858
261 858
260 858
259 858
258 858
257 859
256 860
255 861
254 861
253 862
252 862
251 863
250 864
249 865
248 866
247 867
246 868
245 869
244 870
243 870
242 871
241 871
240 871
239 871
238 871
237 871
236 871
235 871
234 872
233 872
232 872
231 873
230 873
229 874
228 874
227 874
226 875
225 876
224 876
223 876
222 876
221 876
220 876
219 877
218 877
217 877
216 878
215 878
214 879
213 880
212 880
211 880
210 880
209 880
208 881
207 881
206 882
205 882
204 883
203 883
202 884
201 884
200 885
199 885
198 885
197 886
196 886
196 887
196 888
195 889
195 890
194 891
193 892
193 893
192 894
192 895
192 896
193 897
194 898
195 899
195 900
196 901
196 902
196 903
197 904
198 905
199 906
200 907
201 908
201 909
202 910
203 911
204 912
204 913
204 914
205 915
205 916
206 917
207 918
208 919
209 920
210 921
211 922
212 923
213 923
214 924
215 925
216 925
217 926
218 927
219 928
220 929
221 930
222 931
223 931
224 932
225 933
226 934
227 935
228 935
229 935
230 935
231 935
232 936
233 936
234 936
235 937
236 937
237 937
238 938
239 938
240 939
241 939
242 940
243 941
244 941
245 942
246 942
247 943
248 944
249 945
250 946
251 947
252 948
253 949
254 950
255 950
256 951
257 952
258 952
259 953
260 953
261 954
262 954
263 955
264 955
265 956
266 956
267 956
268 956
269 955
270 955
271 954
272 954
273 953
274 953
275 952
276 952
277 952
278 952
279 953
280 953
281 954
281 955
282 956
282 957
283 958
283 959
283 960
284 961
285 962
286 963
287 963
288 964
289 965
290 965
291 966
292 967
293 968
294 968
295 968
296 968
297 968
298 968
299 968
300 968
301 968
302 968
303 968
304 968
305 968
306 968
307 968
308 968
309 967
310 966
311 965
312 964
313 963
314 962
315 961
316 960
317 959
318 958
319 957
320 956
321 955
322 954
322 953
323 952
324 951
325 950
326 949
327 948
328 948
329 947
330 947
331 946
332 945
333 944
334 943
335 942
336 941
337 940
337 939
337 938
338 937
339 936
340 935
341 934
342 933
343 933
344 932
345 932
346 932
347 931
348 931
349 931
350 931
351 930
352 929
353 928
354 928
355 928
356 928
357 927
358 927
359 927
360 926
361 926
362 925
363 924
363 923
363 922
364 921
364 920
364 919
365 918
365 917
365 916
365 915
365 914
365 913
364 912
364 911
364 910
363 909
363 908
363 907
363 906
363 905
362 904
361 903
361 902
360 901
360 900
360 899
359 898
359 897
359 896
358 895
358 894
357 893
357 892
356 891
356 890
355 889
355 888
355 887
354 886
354 885
353 884
352 883
352 882
351 881
350 880
350 879
350 878
349 877
349 876
348 875
347 874
346 874
345 874
344 873
343 872
342 871
341 870
340 870
339 869
338 868
337 868
336 868
335 868
334 868
333 868
332 868
331 867
330 867
329 867
328 867
327 866
326 866
325 866
324 865
323 865
322 864
321 863
320 863
319 863
318 863
317 862
316 861
315 860
314 860
313 859
312 858
311 858
310 857
309 856
308 856
307 855
306 855
305 855
304 855
303 855
302 855
301 855
300 855
299 855
298 855
297 855
296 855
295 855
294 855
293 854
292 854
291 854
290 854
289 854
288 854
287 854
286 854
285 854
284 853
283 853
282 853
281 853
280 853
279 853
278 853
277 853
276 853
