135 2308
134 2309
133 2310
132 2310
131 2310
130 2310
129 2310
128 2310
127 2310
126 2311
125 2311
124 2311
123 2311
122 2312
121 2312
120 2312
119 2313
118 2313
117 2313
116 2313
115 2313
114 2313
113 2313
112 2314
111 2314
110 2314
109 2314
108 2314
107 2315
106 2315
105 2315
104 2316
103 2316
102 2316
101 2316
100 2316
99 2316
98 2316
97 2317
96 2317
95 2317
94 2317
93 2318
92 2318
91 2318
90 2319
89 2319
88 2319
87 2320
86 2321
86 2322
86 2323
85 2324
85 2325
85 2326
86 2327
86 2328
87 2329
87 2330
88 2330
89 2331
90 2332
91 2333
92 2333
93 2334
94 2334
95 2334
96 2335
97 2335
98 2336
99 2336
100 2337
101 2338
102 2338
103 2338
104 2339
105 2339
106 2340
107 2340
108 2341
109 2341
110 2341
111 2341
112 2341
113 2341
114 2341
115 2341
116 2342
117 2342
118 2343
119 2343
120 2343
121 2344
122 2344
123 2344
124 2344
125 2344
126 2344
127 2344
128 2344
129 2344
130 2345
131 2345
132 2345
133 2345
134 2346
135 2346
136 2346
137 2347
138 2347
139 2347
140 2348
141 2348
142 2347
143 2347
144 2346
145 2346
146 2345
147 2344
148 2343
149 2342
150 2341
151 2340
152 2339
152 2338
153 2337
153 2336
153 2335
154 2334
154 2333
154 2332
154 2331
154 2330
154 2329
154 2328
154 2327
153 2326
153 2325
153 2324
152 2323
152 2322
152 2321
151 2320
151 2319
150 2318
149 2317
148 2316
147 2315
146 2314
145 2313
144 2312
143 2311
142 2310
141 2309
140 2309
139 2308
138 2308
137 2308
136 2308
135 2308
