590 1741
589 1742
588 1742
587 1742
586 1742
585 1742
584 1742
583 1742
582 1742
581 1743
580 1743
579 1744
578 1744
577 1745
576 1746
575 1747
574 1747
573 1748
572 1749
572 1750
571 1751
571 1752
570 1753
570 1754
570 1755
570 1756
570 1757
570 1758
570 1759
570 1760
570 1761
571 1762
571 1763
572 1764
573 1765
573 1766
574 1767
574 1768
574 1769
575 1770
575 1771
576 1772
576 1773
577 1774
577 1775
578 1776
578 1777
578 1778
578 1779
578 1780
578 1781
578 1782
578 1783
579 1784
579 1785
580 1786
581 1787
582 1788
583 1789
584 1789
585 1789
586 1790
587 1790
588 1790
589 1790
590 1790
591 1790
592 1790
593 1790
594 1790
595 1790
596 1791
597 1792
598 1792
599 1793
600 1794
601 1795
602 1796
603 1797
604 1797
605 1797
606 1797
607 1797
608 1797
609 1796
610 1796
611 1796
612 1796
613 1796
614 1796
615 1796
616 1795
617 1795
618 1795
619 1794
620 1794
621 1794
622 1794
623 1794
624 1794
625 1794
626 1794
627 1794
628 1794
629 1794
630 1794
631 1793
632 1793
633 1792
634 1792
635 1791
636 1790
637 1790
638 1789
639 1789
640 1788
641 1788
642 1787
643 1786
644 1785
645 1784
646 1783
647 1782
648 1781
648 1780
649 1779
649 1778
650 1777
650 1776
649 1775
649 1774
649 1773
649 1772
649 1771
649 1770
649 1769
649 1768
648 1767
648 1766
648 1765
647 1764
646 1763
645 1763
644 1762
643 1761
642 1760
641 1760
640 1759
639 1758
638 1757
637 1756
636 1756
635 1755
634 1754
633 1753
632 1753
631 1752
630 1751
629 1751
628 1750
627 1749
626 1749
625 1748
624 1747
623 1746
622 1745
621 1744
620 1743
619 1743
618 1743
617 1743
616 1743
615 1743
614 1743
613 1742
612 1742
611 1742
610 1742
609 1742
608 1741
607 1741
606 1741
605 1741
604 1741
603 1741
602 1741
601 1741
600 1741
599 1741
598 1741
597 1741
596 1741
595 1741
594 1741
593 1741
592 1741
591 1741
590 1741
