1322 1382
1321 1383
1320 1383
1319 1383
1318 1384
1317 1384
1316 1384
1315 1384
1314 1384
1313 1384
1312 1384
1311 1385
1310 1385
1309 1386
1308 1386
1307 1387
1306 1388
1305 1388
1304 1389
1303 1390
1302 1391
1301 1392
1300 1393
1299 1394
1298 1395
1297 1396
1297 1397
1296 1398
1295 1399
1294 1400
1293 1400
1292 1401
1292 1402
1292 1403
1291 1404
1291 1405
1291 1406
1291 1407
1291 1408
1291 1409
1291 1410
1291 1411
1291 1412
1291 1413
1292 1414
1293 1414
1294 1415
1295 1415
1296 1415
1297 1415
1298 1415
1299 1415
1300 1415
1301 1416
1302 1416
1303 1417
1304 1417
1305 1418
1306 1418
1307 1418
1308 1419
1309 1418
1310 1418
1311 1418
1312 1417
1313 1417
1314 1417
1315 1417
1316 1417
1317 1417
1318 1417
1319 1417
1320 1417
1321 1417
1322 1417
1323 1417
1324 1417
1325 1418
1326 1419
1327 1419
1328 1420
1329 1420
1330 1420
1331 1420
1332 1420
1333 1421
1334 1421
1335 1421
1336 1421
1337 1421
1338 1421
1339 1421
1340 1421
1341 1421
1342 1421
1343 1420
1344 1420
1345 1420
1346 1420
1347 1420
1348 1419
1349 1419
1350 1419
1351 1419
1352 1419
1353 1419
1354 1419
1355 1419
1356 1419
1357 1419
1358 1419
1359 1419
1360 1419
1361 1419
1362 1419
1363 1418
1364 1418
1365 1418
1366 1417
1367 1417
1368 1417
1369 1417
1370 1417
1371 1417
1372 1416
1373 1416
1374 1416
1375 1416
1376 1416
1377 1415
1378 1414
1379 1413
1380 1412
1381 1411
1382 1410
1383 1409
1384 1408
1384 1407
1384 1406
1384 1405
1384 1404
1384 1403
1383 1402
1383 1401
1382 1400
1382 1399
1382 1398
1381 1397
1381 1396
1381 1395
1380 1394
1380 1393
1379 1392
1378 1391
1377 1390
1376 1390
1375 1390
1374 1390
1373 1389
1372 1389
1371 1389
1370 1389
1369 1388
1368 1388
1367 1387
1366 1387
1365 1387
1364 1386
1363 1385
1362 1385
1361 1384
1360 1383
1359 1383
1358 1382
1357 1382
1356 1382
1355 1383
1354 1383
1353 1384
1352 1384
1351 1384
1350 1384
1349 1384
1348 1384
1347 1384
1346 1384
1345 1384
1344 1384
1343 1384
1342 1384
1341 1384
1340 1384
1339 1384
1338 1384
1337 1384
1336 1384
1335 1384
1334 1384
1333 1384
1332 1383
1331 1383
1330 1383
1329 1382
1328 1382
1327 1382
1326 1382
1325 1382
1324 1382
1323 1382
1322 1382
