263 440
262 441
261 441
260 441
259 441
258 441
257 441
256 441
255 441
254 441
253 441
252 442
251 442
250 442
249 442
248 442
247 442
246 443
245 443
244 443
243 444
242 444
241 444
240 445
239 445
238 445
237 445
236 445
235 445
234 445
233 445
232 445
231 445
230 446
229 446
228 446
227 447
226 447
225 447
224 447
223 447
222 447
221 447
220 447
219 447
218 447
217 447
216 448
215 448
214 448
213 449
212 449
211 449
210 449
209 449
208 449
207 449
206 449
205 449
204 449
203 449
202 450
201 450
200 450
199 450
198 450
197 450
196 450
195 450
194 450
193 450
192 450
191 451
190 451
189 451
188 452
187 452
186 453
185 453
184 454
183 454
182 454
181 454
180 455
179 455
178 455
177 455
176 456
176 457
175 458
175 459
175 460
175 461
175 462
175 463
175 464
176 465
176 466
176 467
176 468
176 469
176 470
176 471
177 472
178 473
178 474
179 475
180 476
181 477
182 477
183 477
184 477
185 477
186 477
187 478
188 478
189 479
190 480
191 481
192 481
193 482
194 482
195 483
196 483
197 483
198 484
199 484
200 485
201 485
202 485
203 485
204 485
205 486
206 486
207 486
208 486
209 486
210 486
211 486
212 486
213 486
214 486
215 486
216 486
217 487
218 487
219 487
220 487
221 487
222 487
223 487
224 488
225 488
226 488
227 489
228 489
229 489
230 489
231 489
232 489
233 489
234 490
235 490
236 491
237 491
238 492
239 492
240 492
241 492
242 492
243 492
244 492
245 493
246 493
247 493
248 494
249 495
250 495
251 496
252 496
253 497
254 497
255 498
256 498
257 498
258 499
259 499
260 499
261 500
262 500
263 501
264 501
265 501
266 501
267 501
268 502
269 502
270 502
271 502
272 502
273 502
274 503
275 503
276 503
277 503
278 504
279 504
280 504
281 505
282 505
283 506
284 506
285 506
286 506
287 506
288 506
289 506
290 506
291 506
292 505
293 505
294 505
295 504
296 504
297 504
298 503
299 503
300 503
301 503
302 502
303 502
304 501
305 501
306 500
307 500
308 500
309 500
310 499
311 499
312 498
313 498
314 497
315 497
316 497
317 496
318 496
319 496
320 495
321 495
322 494
323 494
324 494
325 493
326 493
327 492
328 492
329 492
330 492
331 492
332 492
333 492
334 492
335 492
336 492
337 491
338 491
339 490
340 489
341 488
342 488
343 487
344 487
345 486
346 485
347 484
348 484
349 483
350 483
351 482
352 482
353 482
354 481
355 480
356 479
356 478
357 477
357 476
357 475
357 474
357 473
357 472
357 471
357 470
357 469
357 468
356 467
355 466
355 465
354 464
353 463
353 462
352 462
351 461
350 461
349 460
348 460
347 459
346 459
345 459
344 458
343 458
342 457
341 457
340 456
339 455
338 455
337 455
336 454
335 454
334 454
333 453
332 453
331 452
330 452
329 451
328 451
327 450
326 450
325 449
324 449
323 449
322 448
321 448
320 447
319 447
318 446
317 446
316 446
315 446
314 446
313 445
312 445
311 444
310 444
309 444
308 444
307 444
306 444
305 443
304 443
303 443
302 442
301 442
300 442
299 442
298 442
297 442
296 442
295 441
294 441
293 441
292 441
291 441
290 441
289 441
288 440
287 440
286 440
285 440
284 440
283 440
282 440
281 440
280 440
279 440
278 440
277 440
276 440
275 440
274 440
273 440
272 440
271 440
270 440
269 440
268 440
267 440
266 440
265 440
264 440
263 440
