535 1115
534 1116
533 1116
532 1116
531 1116
530 1117
529 1117
528 1117
527 1117
526 1118
525 1118
524 1118
523 1118
522 1119
521 1119
520 1119
519 1119
518 1120
517 1120
516 1120
515 1120
514 1121
513 1121
512 1121
511 1121
510 1122
509 1122
508 1122
507 1122
506 1123
505 1124
504 1125
503 1126
502 1126
501 1127
500 1128
499 1128
498 1128
497 1128
496 1128
495 1128
494 1127
493 1127
492 1127
491 1127
490 1127
489 1127
488 1128
487 1128
486 1128
485 1128
484 1129
483 1129
482 1130
481 1130
480 1130
479 1130
478 1131
477 1131
476 1131
475 1131
474 1131
473 1131
472 1131
471 1131
470 1131
469 1131
468 1132
467 1132
466 1132
465 1132
464 1133
463 1133
462 1133
461 1133
460 1133
459 1133
458 1134
457 1134
456 1134
455 1134
454 1135
453 1135
452 1135
451 1135
450 1135
449 1135
448 1136
447 1136
446 1136
445 1136
444 1137
443 1137
442 1137
441 1137
440 1138
439 1138
438 1138
437 1138
436 1139
435 1139
434 1139
433 1139
432 1139
431 1139
430 1140
429 1140
428 1140
427 1140
426 1141
425 1141
424 1142
423 1142
422 1142
421 1142
420 1143
419 1143
418 1143
417 1143
416 1144
415 1144
414 1144
413 1144
412 1145
411 1146
410 1147
409 1147
408 1148
407 1148
406 1149
405 1149
404 1150
403 1150
402 1151
401 1152
400 1153
400 1154
399 1155
398 1156
398 1157
397 1158
396 1158
396 1159
395 1160
394 1160
394 1161
393 1162
392 1162
392 1163
391 1164
390 1164
390 1165
389 1166
388 1166
388 1167
387 1168
386 1168
386 1169
385 1170
384 1170
384 1171
383 1172
382 1172
382 1173
381 1174
380 1174
380 1175
379 1176
378 1176
377 1177
376 1178
375 1178
374 1179
373 1180
372 1181
371 1181
370 1182
369 1182
368 1183
367 1184
366 1185
365 1185
364 1186
363 1187
362 1188
361 1189
361 1190
360 1191
360 1192
360 1193
360 1194
359 1195
359 1196
358 1197
358 1198
358 1199
358 1200
357 1201
357 1202
357 1203
357 1204
357 1205
357 1206
356 1207
356 1208
356 1209
356 1210
355 1211
355 1212
355 1213
355 1214
355 1215
355 1216
355 1217
355 1218
356 1219
356 1220
356 1221
356 1222
357 1223
358 1224
358 1225
358 1226
359 1227
360 1228
361 1229
362 1230
363 1231
364 1231
365 1232
366 1232
367 1233
368 1234
369 1235
370 1235
371 1236
372 1237
373 1237
374 1238
374 1239
375 1240
376 1241
376 1242
377 1243
377 1244
377 1245
377 1246
377 1247
377 1248
378 1249
378 1250
379 1251
380 1251
381 1252
382 1252
383 1253
384 1253
385 1253
386 1253
387 1254
388 1254
389 1254
390 1254
391 1254
392 1254
393 1254
394 1254
395 1254
396 1254
397 1254
398 1254
399 1254
400 1254
401 1254
402 1254
403 1254
404 1254
405 1254
406 1254
407 1254
408 1254
409 1254
410 1254
411 1254
412 1254
413 1254
414 1254
415 1254
416 1254
417 1254
418 1254
419 1254
420 1254
421 1254
422 1254
423 1254
424 1254
425 1254
426 1254
427 1254
428 1254
429 1254
430 1254
431 1253
432 1253
433 1253
434 1253
435 1252
436 1252
437 1252
438 1252
439 1252
440 1252
441 1251
442 1251
443 1251
444 1251
445 1250
446 1250
447 1250
448 1250
449 1250
450 1250
451 1250
452 1250
453 1250
454 1250
455 1250
456 1250
457 1250
458 1250
459 1250
460 1250
461 1250
462 1250
463 1250
464 1250
465 1250
466 1250
467 1250
468 1250
469 1250
470 1250
471 1250
472 1250
473 1250
474 1250
475 1249
476 1249
477 1249
478 1249
479 1248
480 1248
481 1248
482 1248
483 1248
484 1248
485 1248
486 1248
487 1248
488 1248
489 1247
490 1247
491 1247
492 1247
493 1246
494 1246
495 1246
496 1246
497 1246
498 1246
499 1246
500 1246
501 1246
502 1246
503 1246
504 1246
505 1246
506 1246
507 1246
508 1246
509 1246
510 1246
511 1246
512 1246
513 1246
514 1246
515 1246
516 1246
517 1246
518 1246
519 1246
520 1246
521 1246
522 1246
523 1246
524 1246
525 1246
526 1246
527 1246
528 1246
529 1246
530 1246
531 1246
532 1246
533 1246
534 1246
535 1246
536 1246
537 1246
538 1246
539 1246
540 1246
541 1247
542 1247
543 1247
544 1247
545 1248
546 1248
547 1249
548 1249
549 1249
550 1249
551 1250
552 1250
553 1250
554 1250
555 1250
556 1250
557 1250
558 1250
559 1250
560 1250
561 1250
562 1250
563 1250
564 1250
565 1250
566 1250
567 1250
568 1250
569 1250
570 1250
571 1250
572 1250
573 1250
574 1250
575 1250
576 1250
577 1250
578 1250
579 1250
580 1250
581 1250
582 1250
583 1250
584 1250
585 1250
586 1250
587 1250
588 1250
589 1250
590 1250
591 1250
592 1250
593 1250
594 1250
595 1250
596 1250
597 1250
598 1250
599 1250
600 1250
601 1250
602 1250
603 1250
604 1250
605 1250
606 1250
607 1250
608 1250
609 1250
610 1250
611 1250
612 1250
613 1250
614 1250
615 1250
616 1250
617 1250
618 1250
619 1250
620 1250
621 1250
622 1250
623 1250
624 1250
625 1250
626 1250
627 1250
628 1250
629 1250
630 1250
631 1249
632 1249
633 1249
634 1249
635 1248
636 1248
637 1248
638 1248
639 1248
640 1248
641 1248
642 1248
643 1248
644 1248
645 1248
646 1248
647 1248
648 1248
649 1248
650 1248
651 1248
652 1248
653 1248
654 1248
655 1248
656 1248
657 1248
658 1248
659 1248
660 1248
661 1248
662 1248
663 1248
664 1248
665 1247
666 1247
667 1247
668 1247
669 1246
670 1246
671 1246
672 1246
673 1246
674 1246
675 1246
676 1246
677 1246
678 1246
679 1246
680 1246
681 1246
682 1246
683 1246
684 1246
685 1246
686 1246
687 1246
688 1246
689 1246
690 1246
691 1246
692 1246
693 1246
694 1246
695 1246
696 1246
697 1246
698 1246
699 1246
700 1246
701 1246
702 1246
703 1246
704 1246
705 1246
706 1246
707 1246
708 1246
709 1246
710 1246
711 1246
712 1246
713 1246
714 1246
715 1246
716 1246
717 1246
718 1246
719 1246
720 1246
721 1246
722 1246
723 1246
724 1246
725 1246
726 1246
727 1246
728 1246
729 1247
730 1247
731 1247
732 1247
733 1248
734 1248
735 1248
736 1248
737 1248
738 1248
739 1248
740 1248
741 1248
742 1248
743 1248
744 1248
745 1247
746 1247
747 1247
748 1247
749 1246
750 1246
751 1246
752 1246
753 1246
754 1246
755 1246
756 1246
757 1246
758 1246
759 1246
760 1246
761 1247
762 1247
763 1247
764 1247
765 1248
766 1248
767 1248
768 1248
769 1248
770 1248
771 1248
772 1248
773 1248
774 1248
775 1248
776 1248
777 1247
778 1247
779 1247
780 1247
781 1246
782 1246
783 1246
784 1246
785 1246
786 1246
787 1246
788 1246
789 1245
790 1245
791 1245
792 1245
793 1244
794 1243
795 1243
796 1243
797 1242
798 1242
799 1241
800 1241
801 1240
802 1240
803 1239
804 1239
805 1238
806 1237
807 1236
808 1236
809 1235
810 1235
811 1234
812 1234
813 1233
814 1233
815 1232
816 1231
817 1231
817 1230
818 1229
819 1229
819 1228
820 1227
821 1227
821 1226
822 1225
823 1224
823 1223
824 1222
824 1221
824 1220
824 1219
824 1218
824 1217
824 1216
824 1215
824 1214
824 1213
824 1212
824 1211
824 1210
824 1209
823 1208
823 1207
822 1206
821 1205
821 1204
820 1203
819 1202
819 1201
818 1200
818 1199
818 1198
818 1197
818 1196
818 1195
818 1194
818 1193
818 1192
818 1191
818 1190
818 1189
818 1188
818 1187
818 1186
818 1185
818 1184
818 1183
818 1182
818 1181
818 1180
818 1179
818 1178
818 1177
817 1176
817 1175
817 1174
817 1173
816 1172
815 1171
815 1170
815 1169
814 1168
813 1167
813 1166
813 1165
812 1164
811 1163
810 1162
809 1161
809 1160
808 1160
807 1159
807 1158
806 1158
805 1157
804 1156
803 1156
802 1155
801 1155
800 1154
799 1154
798 1153
797 1152
796 1152
795 1151
795 1150
794 1150
793 1149
793 1148
792 1148
791 1147
790 1146
789 1146
788 1145
787 1145
786 1145
785 1145
784 1145
783 1145
782 1145
781 1145
780 1145
779 1145
778 1145
777 1145
776 1145
775 1145
774 1145
773 1145
772 1144
771 1144
770 1143
769 1143
768 1142
767 1142
766 1141
765 1141
764 1141
763 1141
762 1141
761 1141
760 1141
759 1141
758 1140
757 1140
756 1140
755 1140
754 1139
753 1139
752 1139
751 1139
750 1138
749 1138
748 1138
747 1138
746 1137
745 1137
744 1137
743 1137
742 1137
741 1137
740 1137
739 1137
738 1137
737 1137
736 1137
735 1137
734 1137
733 1137
732 1137
731 1137
730 1137
729 1137
728 1137
727 1137
726 1137
725 1137
724 1137
723 1137
722 1137
721 1137
720 1137
719 1137
718 1137
717 1137
716 1136
715 1136
714 1136
713 1136
712 1135
711 1135
710 1135
709 1135
708 1135
707 1135
706 1135
705 1135
704 1135
703 1135
702 1135
701 1135
700 1134
699 1134
698 1134
697 1134
696 1133
695 1133
694 1133
693 1133
692 1133
691 1133
690 1132
689 1132
688 1132
687 1131
686 1130
685 1130
684 1130
683 1130
682 1129
681 1129
680 1128
679 1128
678 1128
677 1128
676 1127
675 1127
674 1126
673 1126
672 1126
671 1125
670 1124
669 1124
668 1124
667 1124
666 1123
665 1123
664 1123
663 1123
662 1123
661 1123
660 1122
659 1122
658 1122
657 1122
656 1121
655 1121
654 1120
653 1120
652 1120
651 1120
650 1119
649 1119
648 1119
647 1119
646 1118
645 1118
644 1118
643 1118
642 1117
641 1117
640 1117
639 1117
638 1116
637 1116
636 1116
635 1116
634 1115
633 1115
632 1115
631 1115
630 1115
629 1115
628 1115
627 1115
626 1115
625 1115
624 1116
623 1116
622 1116
621 1116
620 1117
619 1117
618 1117
617 1117
616 1117
615 1117
614 1117
613 1117
612 1116
611 1116
610 1116
609 1116
608 1115
607 1115
606 1115
605 1115
604 1115
603 1115
602 1115
601 1115
600 1115
599 1115
598 1116
597 1116
596 1116
595 1116
594 1117
593 1117
592 1117
591 1117
590 1117
589 1117
588 1117
587 1117
586 1117
585 1117
584 1118
583 1118
582 1118
581 1118
580 1119
579 1119
578 1119
577 1119
576 1119
575 1119
574 1119
573 1119
572 1119
571 1119
570 1119
569 1119
568 1118
567 1118
566 1118
565 1118
564 1117
563 1117
562 1117
561 1117
560 1117
559 1117
558 1117
557 1117
556 1117
555 1117
554 1117
553 1117
552 1117
551 1117
550 1116
549 1116
548 1116
547 1116
546 1115
545 1115
544 1115
543 1115
542 1115
541 1115
540 1115
539 1115
538 1115
537 1115
536 1115
535 1115
