382 1135
381 1136
380 1136
379 1136
378 1137
377 1137
376 1137
375 1137
374 1137
373 1137
372 1137
371 1138
370 1138
369 1138
368 1138
367 1138
366 1138
365 1138
364 1138
363 1138
362 1139
361 1139
360 1139
359 1140
358 1140
357 1141
356 1141
355 1142
354 1142
353 1143
352 1143
351 1144
350 1144
349 1145
348 1146
348 1147
348 1148
348 1149
348 1150
348 1151
348 1152
348 1153
348 1154
348 1155
348 1156
349 1157
350 1158
351 1158
352 1158
353 1157
354 1157
355 1157
356 1157
357 1157
358 1157
359 1157
360 1157
361 1157
362 1157
363 1157
364 1157
365 1156
366 1156
367 1156
368 1156
369 1156
370 1156
371 1156
372 1156
373 1156
374 1156
375 1156
376 1156
377 1156
378 1156
379 1156
380 1156
381 1156
382 1156
383 1156
384 1156
385 1156
386 1156
387 1156
388 1155
389 1155
390 1155
391 1154
392 1154
393 1154
394 1154
395 1154
396 1154
397 1154
398 1154
399 1154
400 1154
401 1154
402 1154
403 1154
404 1155
405 1155
406 1156
407 1157
408 1157
409 1157
410 1157
411 1157
412 1157
413 1157
414 1157
415 1157
416 1156
417 1156
418 1155
418 1154
419 1153
419 1152
419 1151
419 1150
419 1149
419 1148
419 1147
419 1146
419 1145
419 1144
418 1143
418 1142
417 1141
416 1140
415 1140
414 1139
413 1139
412 1139
411 1139
410 1140
409 1140
408 1140
407 1140
406 1140
405 1140
404 1140
403 1140
402 1139
401 1139
400 1138
399 1138
398 1137
397 1137
396 1136
395 1136
394 1135
393 1135
392 1135
391 1135
390 1135
389 1135
388 1135
387 1135
386 1135
385 1135
384 1135
383 1135
382 1135
