186 73
185 74
184 74
183 74
182 74
181 74
180 75
179 75
178 75
177 75
176 75
175 75
174 75
173 75
172 75
171 75
170 75
169 75
168 76
167 76
166 76
165 77
164 77
163 77
162 77
161 77
160 77
159 77
158 77
157 77
156 77
155 76
154 75
153 75
152 74
151 74
150 74
149 75
148 75
147 76
146 77
145 78
144 79
143 79
142 80
141 81
140 81
139 82
138 82
137 83
136 83
135 83
134 83
133 83
132 83
131 83
130 84
129 85
128 85
127 86
126 87
126 88
125 89
125 90
125 91
125 92
125 93
125 94
125 95
125 96
125 97
126 98
126 99
126 100
127 101
127 102
127 103
127 104
128 105
128 106
129 107
130 108
130 109
131 110
132 110
133 111
134 112
135 112
136 113
137 114
138 114
139 115
140 116
141 117
142 118
143 119
144 120
145 121
146 121
147 122
148 122
149 122
150 123
151 124
152 124
153 125
154 126
155 126
156 127
157 127
158 127
159 128
160 128
161 129
162 129
163 130
164 130
165 131
166 131
167 131
168 131
169 131
170 131
171 131
172 131
173 131
174 131
175 131
176 131
177 131
178 131
179 131
180 131
181 131
182 131
183 131
184 131
185 130
186 130
187 130
188 129
189 129
190 128
191 128
192 127
193 127
194 126
195 126
196 126
197 126
198 126
199 127
200 126
201 126
202 125
203 125
204 124
204 123
205 122
205 121
205 120
205 119
206 118
207 117
208 117
209 117
210 117
211 117
212 116
213 116
214 115
215 115
216 114
217 114
218 113
219 112
220 111
221 110
221 109
221 108
221 107
221 106
221 105
222 104
222 103
222 102
222 101
222 100
222 99
222 98
222 97
222 96
222 95
221 94
221 93
220 92
219 91
218 91
217 90
216 89
215 88
214 87
213 86
212 85
211 84
210 83
209 82
208 81
207 80
206 80
205 79
204 79
203 79
202 79
201 78
200 77
199 77
198 77
197 77
196 76
195 76
194 75
193 74
192 74
191 73
190 73
189 73
188 73
187 73
186 73
