432 488
431 489
430 490
429 491
428 492
427 492
426 492
425 493
424 493
423 494
422 494
421 495
420 496
419 496
418 496
417 496
416 497
415 498
414 498
414 499
413 500
413 501
413 502
413 503
413 504
412 505
412 506
412 507
411 508
411 509
411 510
411 511
411 512
411 513
412 514
412 515
413 516
414 517
415 518
416 519
417 520
418 521
419 522
420 523
421 523
422 523
423 524
424 524
425 524
426 525
427 525
428 526
429 526
430 526
431 527
432 527
433 527
434 527
435 527
436 527
437 527
438 527
439 527
440 527
441 527
442 527
443 527
444 527
445 527
446 527
447 527
448 527
449 527
450 527
451 527
452 527
453 526
454 526
455 526
456 526
457 526
458 525
459 524
460 523
461 522
462 521
463 520
464 519
464 518
464 517
464 516
465 515
466 514
466 513
466 512
466 511
466 510
467 509
467 508
467 507
467 506
468 505
467 504
468 503
467 502
467 501
467 500
466 499
466 498
465 497
464 496
464 495
463 494
462 493
461 493
460 492
459 491
459 490
459 489
458 488
457 489
456 489
455 489
454 489
453 489
452 489
451 490
450 490
449 490
448 490
447 490
446 490
445 490
444 489
443 489
442 489
441 489
440 489
439 489
438 489
437 489
436 488
435 488
434 488
433 488
432 488
