352 1960
351 1961
350 1961
349 1961
348 1961
347 1961
346 1961
345 1961
344 1961
343 1961
342 1961
341 1962
340 1962
339 1963
338 1963
337 1964
336 1965
335 1965
334 1966
333 1967
332 1967
331 1967
330 1967
329 1968
328 1968
327 1969
326 1970
325 1970
324 1971
323 1971
322 1971
321 1971
320 1971
319 1971
318 1971
317 1971
316 1971
315 1971
314 1971
313 1971
312 1971
311 1971
310 1971
309 1971
308 1972
307 1973
306 1974
306 1975
305 1976
305 1977
305 1978
305 1979
305 1980
305 1981
305 1982
306 1983
307 1984
308 1985
308 1986
309 1987
310 1988
311 1989
311 1990
312 1991
312 1992
313 1993
314 1994
315 1995
316 1995
317 1995
318 1995
319 1996
320 1997
321 1997
322 1998
323 1999
324 1999
325 2000
326 2001
327 2002
328 2002
329 2003
330 2003
331 2003
332 2004
333 2004
334 2005
335 2005
336 2005
337 2005
338 2005
339 2006
340 2007
341 2007
342 2008
343 2008
344 2009
345 2009
346 2009
347 2009
348 2009
349 2009
350 2010
351 2011
352 2011
353 2011
354 2011
355 2011
356 2012
357 2012
358 2012
359 2012
360 2013
361 2013
362 2013
363 2014
364 2014
365 2015
366 2015
367 2014
368 2014
369 2014
370 2013
371 2013
372 2013
373 2012
374 2012
375 2012
376 2011
377 2011
378 2011
379 2010
380 2010
381 2009
382 2008
383 2007
384 2006
384 2005
385 2004
385 2003
385 2002
385 2001
385 2000
385 1999
385 1998
386 1997
386 1996
386 1995
387 1994
387 1993
388 1992
388 1991
389 1990
389 1989
390 1988
390 1987
391 1986
391 1985
392 1984
392 1983
392 1982
392 1981
392 1980
392 1979
392 1978
392 1977
392 1976
391 1975
391 1974
391 1973
390 1972
390 1971
390 1970
390 1969
389 1968
389 1967
389 1966
389 1965
388 1964
387 1964
386 1964
385 1964
384 1964
383 1964
382 1964
381 1964
380 1964
379 1963
378 1963
377 1963
376 1962
375 1962
374 1962
373 1961
372 1961
371 1961
370 1961
369 1961
368 1961
367 1961
366 1961
365 1961
364 1961
363 1961
362 1961
361 1960
360 1960
359 1960
358 1960
357 1960
356 1960
355 1960
354 1960
353 1960
352 1960
