602 734
601 735
600 735
599 735
598 735
597 735
596 736
595 736
594 736
593 736
592 737
591 737
590 737
589 738
588 738
587 738
586 738
585 738
584 738
583 738
582 738
581 738
580 737
579 737
578 737
577 736
576 736
575 736
574 735
573 735
572 735
571 735
570 735
569 735
568 736
567 736
566 737
565 738
564 739
563 740
562 741
562 742
561 743
560 744
559 745
559 746
558 747
558 748
557 749
557 750
556 751
556 752
555 753
555 754
555 755
555 756
555 757
554 758
553 759
553 760
553 761
552 762
552 763
552 764
552 765
551 766
551 767
550 768
550 769
549 770
549 771
549 772
549 773
549 774
549 775
549 776
549 777
549 778
549 779
549 780
550 781
550 782
550 783
551 784
551 785
552 786
552 787
553 788
554 788
555 789
555 790
556 791
557 792
558 793
559 793
560 794
560 795
561 796
562 797
563 798
564 799
565 800
566 801
567 802
568 803
569 804
570 804
571 805
572 805
573 805
574 805
575 805
576 805
577 805
578 805
579 805
580 805
581 805
582 805
583 805
584 805
585 805
586 805
587 805
588 805
589 805
590 804
591 804
592 804
593 804
594 804
595 804
596 804
597 804
598 804
599 804
600 804
601 804
602 804
603 804
604 804
605 804
606 804
607 804
608 804
609 804
610 804
611 803
612 803
613 803
614 802
615 802
616 802
617 802
618 802
619 802
620 801
621 801
622 800
623 800
624 800
625 799
626 799
627 799
628 799
629 799
630 798
631 798
632 798
633 797
634 797
635 796
636 795
637 794
638 793
638 792
639 791
639 790
639 789
639 788
639 787
639 786
639 785
640 784
640 783
641 782
641 781
641 780
641 779
641 778
641 777
641 776
641 775
641 774
641 773
641 772
641 771
641 770
641 769
641 768
641 767
641 766
640 765
639 764
638 763
637 762
636 761
635 760
634 759
633 758
632 757
631 756
630 755
629 754
628 753
628 752
627 751
627 750
626 749
626 748
625 747
624 746
624 745
623 744
622 743
621 742
620 742
619 741
618 741
617 740
616 739
615 738
614 737
613 736
612 735
611 734
610 734
609 734
608 734
607 734
606 734
605 734
604 734
603 734
602 734
