535 1671
534 1672
533 1672
532 1672
531 1673
530 1673
529 1673
528 1674
527 1674
526 1675
525 1676
524 1676
523 1676
522 1676
521 1676
520 1676
519 1676
518 1677
517 1677
516 1677
515 1678
514 1678
513 1678
512 1679
511 1679
510 1680
509 1681
508 1682
507 1682
506 1683
505 1684
504 1684
503 1684
502 1684
501 1685
500 1685
499 1686
498 1687
497 1687
496 1687
495 1688
494 1688
493 1689
492 1689
491 1690
490 1690
489 1690
488 1690
487 1691
486 1692
485 1692
484 1693
483 1694
482 1695
481 1696
480 1697
480 1698
480 1699
479 1700
479 1701
479 1702
478 1703
478 1704
478 1705
477 1706
477 1707
476 1708
477 1709
477 1710
478 1711
479 1711
480 1712
481 1712
482 1712
483 1713
484 1713
485 1713
486 1714
487 1714
488 1714
489 1714
490 1714
491 1714
492 1714
493 1714
494 1714
495 1714
496 1714
497 1715
498 1715
499 1715
500 1715
501 1715
502 1715
503 1715
504 1716
505 1716
506 1716
507 1716
508 1717
509 1717
510 1717
511 1717
512 1717
513 1717
514 1717
515 1717
516 1717
517 1717
518 1718
519 1718
520 1719
521 1719
522 1719
523 1720
524 1720
525 1720
526 1720
527 1720
528 1720
529 1720
530 1720
531 1720
532 1720
533 1720
534 1720
535 1720
536 1720
537 1720
538 1720
539 1720
540 1720
541 1720
542 1720
543 1720
544 1720
545 1720
546 1721
547 1721
548 1721
549 1721
550 1721
551 1721
552 1721
553 1721
554 1721
555 1721
556 1721
557 1721
558 1721
559 1721
560 1721
561 1721
562 1721
563 1721
564 1721
565 1721
566 1721
567 1721
568 1721
569 1721
570 1721
571 1721
572 1721
573 1721
574 1721
575 1721
576 1721
577 1721
578 1721
579 1721
580 1721
581 1721
582 1721
583 1722
584 1722
585 1723
586 1723
587 1723
588 1724
589 1724
590 1724
591 1724
592 1724
593 1724
594 1724
595 1724
596 1724
597 1724
598 1724
599 1724
600 1724
601 1724
602 1724
603 1724
604 1724
605 1723
606 1723
607 1723
608 1722
609 1722
610 1722
611 1722
612 1722
613 1721
614 1721
615 1721
616 1721
617 1721
618 1721
619 1720
620 1719
621 1719
622 1718
623 1717
623 1716
624 1715
624 1714
625 1713
626 1712
626 1711
627 1710
628 1709
629 1708
629 1707
630 1706
631 1705
631 1704
632 1703
633 1702
634 1701
634 1700
635 1699
635 1698
635 1697
635 1696
635 1695
636 1694
636 1693
636 1692
636 1691
636 1690
636 1689
635 1688
634 1687
633 1686
632 1685
631 1684
630 1683
629 1682
628 1681
627 1680
626 1679
625 1679
624 1679
623 1679
622 1679
621 1678
620 1678
619 1677
618 1676
617 1676
616 1676
615 1676
614 1676
613 1676
612 1676
611 1676
610 1676
609 1676
608 1676
607 1676
606 1676
605 1676
604 1676
603 1676
602 1676
601 1676
600 1676
599 1676
598 1676
597 1676
596 1676
595 1676
594 1676
593 1676
592 1676
591 1676
590 1676
589 1676
588 1676
587 1676
586 1676
585 1676
584 1676
583 1675
582 1675
581 1674
580 1674
579 1674
578 1674
577 1674
576 1674
575 1674
574 1674
573 1674
572 1674
571 1674
570 1674
569 1674
568 1674
567 1674
566 1674
565 1673
564 1673
563 1673
562 1672
561 1673
560 1672
559 1672
558 1672
557 1671
556 1671
555 1671
554 1671
553 1671
552 1671
551 1671
550 1671
549 1671
548 1671
547 1671
546 1671
545 1671
544 1671
543 1671
542 1671
541 1671
540 1671
539 1671
538 1671
537 1671
536 1671
535 1671
