114 1543
113 1544
112 1544
111 1544
110 1545
109 1545
108 1545
107 1545
106 1545
105 1545
104 1544
103 1544
102 1544
101 1544
100 1545
99 1545
98 1545
97 1546
96 1546
95 1546
94 1547
93 1547
92 1547
91 1547
90 1547
89 1547
88 1547
87 1548
86 1548
85 1548
84 1548
83 1548
82 1549
81 1550
80 1551
80 1552
79 1553
79 1554
79 1555
79 1556
79 1557
79 1558
79 1559
79 1560
79 1561
79 1562
79 1563
79 1564
79 1565
79 1566
80 1567
81 1568
81 1569
82 1570
83 1570
84 1571
85 1572
86 1572
87 1573
88 1574
89 1574
90 1575
91 1575
92 1576
93 1576
94 1576
95 1577
96 1577
97 1578
98 1578
99 1578
100 1578
101 1579
102 1579
103 1579
104 1580
105 1580
106 1580
107 1581
108 1581
109 1581
110 1581
111 1582
112 1582
113 1582
114 1582
115 1582
116 1582
117 1582
118 1582
119 1582
120 1582
121 1582
122 1582
123 1582
124 1582
125 1582
126 1582
127 1582
128 1582
129 1582
130 1581
131 1580
132 1580
133 1579
134 1579
135 1579
136 1578
137 1578
138 1578
139 1577
140 1577
141 1576
142 1576
143 1575
144 1574
145 1573
146 1572
147 1571
148 1570
149 1569
149 1568
150 1567
150 1566
150 1565
150 1564
150 1563
150 1562
150 1561
150 1560
150 1559
151 1558
151 1557
151 1556
151 1555
151 1554
151 1553
151 1552
150 1551
149 1550
148 1550
147 1550
146 1549
145 1549
144 1549
143 1548
142 1547
141 1547
140 1546
139 1545
138 1545
137 1544
136 1544
135 1544
134 1544
133 1544
132 1544
131 1544
130 1544
129 1544
128 1544
127 1544
126 1544
125 1544
124 1544
123 1544
122 1544
121 1544
120 1544
119 1543
118 1543
117 1543
116 1543
115 1543
114 1543
