741 229
740 230
739 230
738 230
737 230
736 230
735 230
734 230
733 231
732 231
731 232
730 232
729 233
728 233
727 234
726 234
725 235
724 235
723 236
722 236
721 237
720 237
719 237
718 238
717 238
716 239
715 240
714 240
713 241
712 241
711 242
710 243
709 243
708 243
707 244
706 245
705 246
704 246
703 247
702 248
701 248
700 249
699 250
698 250
697 251
696 251
695 251
694 252
693 253
692 253
691 254
690 255
689 255
688 255
687 256
686 256
685 257
684 257
683 258
682 259
681 259
680 260
679 261
678 261
677 262
676 262
675 263
674 264
673 265
672 265
671 266
670 266
669 266
668 266
667 267
666 267
665 268
664 268
663 268
662 269
661 270
660 271
659 271
658 272
657 272
656 273
655 274
654 274
653 275
652 276
651 276
650 277
649 277
648 278
647 278
646 279
645 280
644 280
643 281
642 282
641 282
640 283
639 283
638 284
637 285
636 286
635 286
634 287
633 288
632 289
631 289
630 290
629 291
628 292
627 293
626 293
625 294
624 294
623 295
622 296
621 296
620 297
619 298
618 298
617 299
616 299
615 300
614 301
613 302
612 302
611 303
610 304
609 304
608 305
607 306
606 306
605 307
604 308
603 308
602 309
601 310
600 310
599 311
598 312
597 312
596 313
595 314
594 314
593 315
592 316
591 316
590 317
589 317
588 317
587 317
586 318
585 318
584 319
583 319
582 320
581 320
580 321
579 322
578 322
577 323
576 324
575 325
574 325
573 326
572 327
571 328
570 329
569 330
568 331
567 332
566 333
565 334
564 335
563 335
562 336
561 337
560 338
559 339
559 340
558 341
557 342
556 343
555 344
555 345
555 346
554 347
554 348
554 349
553 350
553 351
553 352
554 353
555 353
556 353
557 354
558 354
559 354
560 355
561 355
562 356
563 357
564 358
565 358
566 359
567 360
568 360
569 361
570 361
571 362
572 362
573 362
574 363
575 363
576 364
576 365
576 366
577 367
578 368
579 368
580 369
581 369
582 369
583 370
584 370
585 371
586 371
587 372
588 373
589 373
590 374
591 375
592 376
593 376
594 377
595 378
596 379
597 380
598 381
599 381
600 382
601 382
602 383
603 384
604 385
605 386
606 387
607 388
608 389
608 390
609 391
610 391
611 392
612 393
613 393
614 394
615 395
616 395
617 395
618 396
619 396
620 396
621 397
622 397
623 398
624 398
625 398
626 399
627 399
628 400
629 400
630 401
631 401
632 402
633 402
634 403
635 403
636 404
637 404
638 405
639 406
640 407
641 407
642 408
643 409
644 409
645 409
646 409
647 409
648 409
649 409
650 410
651 410
652 411
653 411
654 412
655 413
656 414
656 415
657 416
658 417
658 418
659 419
660 420
661 421
662 421
663 422
664 423
665 424
665 425
666 426
666 427
667 428
668 429
669 430
670 431
671 431
672 432
673 432
674 433
675 433
676 433
677 433
678 433
679 433
680 433
681 433
682 433
683 433
684 433
685 434
686 435
687 435
688 435
689 435
690 435
691 436
692 437
693 437
694 438
695 438
696 438
697 438
698 438
699 439
700 439
701 440
702 441
703 441
704 442
705 442
706 442
707 443
708 443
709 443
710 443
711 444
712 445
713 445
714 445
715 446
716 446
717 446
718 447
719 447
720 448
721 448
722 449
723 449
724 450
725 450
726 450
727 451
728 451
729 451
730 452
731 452
732 452
733 453
734 453
735 453
736 454
737 455
738 455
739 456
740 456
741 456
742 456
743 456
744 457
745 457
746 458
747 458
748 458
749 459
750 459
751 459
752 459
753 460
754 460
755 460
756 460
757 460
758 460
759 460
760 461
761 461
762 462
763 463
764 464
765 464
766 465
767 465
768 465
769 466
770 466
771 467
772 467
773 467
774 468
775 468
776 468
777 469
778 469
779 469
780 469
781 469
782 469
783 469
784 469
785 470
786 470
787 470
788 470
789 470
790 470
791 470
792 470
793 470
794 471
795 472
796 472
797 473
798 474
799 475
800 476
801 477
802 477
803 478
804 478
805 479
806 479
807 479
808 479
809 479
810 479
811 479
812 478
813 478
814 477
815 477
816 476
817 476
818 476
819 475
820 475
821 476
822 476
823 477
824 477
825 477
826 477
827 477
828 478
829 478
830 478
831 479
832 479
833 479
834 479
835 480
836 480
837 481
838 482
839 482
840 483
841 484
842 485
843 486
844 487
845 488
846 488
847 489
848 489
849 489
850 490
851 490
852 490
853 490
854 490
855 490
856 491
857 491
858 492
859 492
860 492
861 492
862 492
863 492
864 493
865 493
866 493
867 494
868 494
869 494
870 495
871 495
872 496
873 497
874 497
875 497
876 498
877 498
878 498
879 499
880 499
881 500
882 500
883 501
884 501
885 502
886 502
887 502
888 503
889 503
890 504
891 504
892 505
893 505
894 505
895 506
896 506
897 506
898 506
899 506
900 506
901 506
902 506
903 507
904 507
905 507
906 508
907 508
908 508
909 508
910 508
911 508
912 508
913 508
914 508
915 508
916 507
917 507
918 507
919 507
920 507
921 507
922 507
923 507
924 507
925 507
926 507
927 507
928 507
929 506
930 505
931 505
932 504
933 504
934 503
935 502
936 501
937 500
938 499
939 498
940 498
941 497
942 496
943 495
944 494
945 493
946 492
947 492
948 491
949 490
950 490
951 489
952 488
953 488
954 487
955 486
956 485
957 484
958 484
959 484
960 483
961 483
962 482
963 482
964 482
965 482
966 482
967 482
968 481
969 481
970 481
971 480
972 480
973 480
974 480
975 480
976 480
977 480
978 480
979 480
980 480
981 479
982 479
983 479
984 479
985 479
986 479
987 479
988 479
989 479
990 478
991 478
992 478
993 477
994 477
995 477
996 477
997 477
998 477
999 477
1000 477
1001 477
1002 477
1003 477
1004 476
1005 476
1006 476
1007 476
1008 476
1009 476
1010 476
1011 476
1012 476
1013 475
1014 475
1015 475
1016 475
1017 475
1018 474
1019 474
1020 473
1021 472
1022 472
1023 472
1024 471
1025 471
1026 470
1027 470
1028 469
1029 468
1030 467
1031 467
1032 467
1033 466
1034 466
1035 466
1036 466
1037 466
1038 466
1039 467
1040 467
1041 467
1042 467
1043 467
1044 467
1045 466
1046 466
1047 466
1048 465
1049 464
1050 464
1051 464
1052 464
1053 463
1054 463
1055 463
1056 463
1057 462
1058 462
1059 462
1060 461
1061 460
1062 460
1063 459
1064 458
1065 458
1066 457
1067 457
1068 456
1069 456
1070 455
1071 455
1072 454
1073 454
1074 453
1075 453
1076 452
1077 452
1078 451
1079 450
1080 449
1081 449
1082 449
1083 448
1084 447
1085 446
1086 446
1087 445
1088 445
1089 444
1090 444
1091 443
1092 442
1093 442
1094 441
1095 441
1096 440
1097 439
1098 438
1099 438
1100 437
1101 437
1102 436
1103 436
1104 435
1105 434
1106 433
1107 433
1108 432
1109 431
1109 430
1110 429
1111 428
1112 427
1113 426
1114 425
1115 424
1116 423
1117 422
1118 421
1119 420
1120 419
1120 418
1121 417
1121 416
1122 415
1122 414
1123 413
1123 412
1123 411
1124 410
1124 409
1124 408
1125 407
1125 406
1126 405
1127 404
1128 403
1129 402
1130 401
1131 400
1132 399
1133 398
1134 397
1135 396
1136 395
1137 394
1138 394
1139 393
1140 393
1141 393
1142 393
1143 393
1144 392
1145 391
1146 390
1147 389
1148 388
1149 387
1150 386
1151 385
1151 384
1152 383
1153 382
1154 381
1155 380
1156 379
1157 378
1158 377
1158 376
1159 375
1159 374
1160 373
1160 372
1161 371
1161 370
1161 369
1161 368
1161 367
1162 366
1162 365
1162 364
1162 363
1162 362
1162 361
1162 360
1162 359
1163 358
1163 357
1163 356
1163 355
1163 354
1162 353
1161 352
1161 351
1160 350
1160 349
1159 348
1158 347
1157 346
1156 345
1156 344
1156 343
1155 342
1155 341
1155 340
1154 339
1154 338
1154 337
1153 336
1153 335
1153 334
1153 333
1153 332
1152 331
1151 330
1150 329
1149 329
1148 328
1147 328
1146 327
1145 326
1144 325
1143 324
1142 323
1141 323
1140 322
1140 321
1139 320
1138 320
1137 319
1136 319
1135 318
1134 318
1133 318
1132 317
1131 317
1130 316
1129 315
1128 315
1127 314
1126 314
1125 314
1124 313
1123 313
1122 312
1121 311
1120 310
1119 309
1118 308
1118 307
1117 306
1116 305
1115 305
1114 304
1113 304
1112 303
1111 302
1110 301
1109 301
1108 300
1107 300
1106 300
1105 300
1104 300
1103 300
1102 300
1101 299
1100 299
1099 299
1098 298
1097 298
1096 297
1095 297
1094 296
1093 295
1092 295
1091 294
1090 293
1089 292
1088 291
1087 291
1086 290
1085 290
1084 290
1083 291
1082 291
1081 291
1080 291
1079 292
1078 292
1077 292
1076 292
1075 292
1074 292
1073 292
1072 292
1071 292
1070 292
1069 291
1068 291
1067 290
1066 290
1065 290
1064 290
1063 290
1062 290
1061 290
1060 289
1059 289
1058 289
1057 288
1056 288
1055 288
1054 287
1053 286
1052 286
1051 285
1050 284
1049 284
1048 283
1047 283
1046 282
1045 282
1044 281
1043 281
1042 281
1041 280
1040 280
1039 280
1038 280
1037 280
1036 280
1035 280
1034 280
1033 280
1032 280
1031 280
1030 280
1029 280
1028 280
1027 280
1026 280
1025 280
1024 280
1023 280
1022 280
1021 280
1020 280
1019 280
1018 280
1017 280
1016 280
1015 279
1014 279
1013 279
1012 279
1011 279
1010 279
1009 279
1008 279
1007 279
1006 279
1005 279
1004 279
1003 279
1002 279
1001 279
1000 279
999 279
998 279
997 278
996 278
995 278
994 278
993 278
992 278
991 278
990 278
989 278
988 277
987 277
986 277
985 276
984 276
983 276
982 276
981 276
980 276
979 276
978 275
977 275
976 275
975 274
974 274
973 274
972 274
971 274
970 274
969 275
968 275
967 275
966 275
965 275
964 275
963 275
962 275
961 275
960 275
959 275
958 275
957 274
956 274
955 274
954 274
953 273
952 273
951 273
950 273
949 272
948 272
947 271
946 270
945 269
944 268
943 268
942 268
941 268
940 267
939 267
938 267
937 266
936 266
935 265
934 264
933 263
932 262
931 261
930 260
929 259
928 258
927 257
926 256
925 256
924 255
923 255
922 254
921 254
920 254
919 254
918 255
917 255
916 255
915 255
914 255
913 255
912 255
911 255
910 255
909 255
908 254
907 254
906 253
905 252
904 252
903 251
902 250
901 250
900 250
899 250
898 250
897 250
896 251
895 252
894 252
893 253
892 254
892 255
891 256
890 257
889 257
888 258
887 259
886 259
885 260
884 260
883 260
882 260
881 260
880 260
879 260
878 260
877 260
876 260
875 259
874 259
873 258
872 258
871 258
870 258
869 257
868 257
867 256
866 256
865 256
864 255
863 255
862 255
861 254
860 253
859 253
858 252
857 252
856 251
855 251
854 251
853 250
852 250
851 250
850 250
849 251
848 251
847 251
846 252
845 251
844 251
843 251
842 251
841 251
840 251
839 251
838 251
837 251
836 251
835 251
834 252
833 251
832 251
831 251
830 250
829 250
828 250
827 250
826 250
825 250
824 250
823 250
822 250
821 250
820 250
819 250
818 250
817 250
816 250
815 249
814 249
813 249
812 248
811 248
810 248
809 247
808 246
807 246
806 245
805 245
804 245
803 245
802 245
801 245
800 245
799 244
798 244
797 243
796 242
795 241
794 240
793 240
792 240
791 240
790 240
789 240
788 240
787 240
786 240
785 240
784 240
783 239
782 239
781 239
780 238
779 238
778 237
777 237
776 236
775 235
774 234
773 233
772 233
771 233
770 233
769 232
768 232
767 232
766 231
765 231
764 230
763 230
762 229
761 229
760 229
759 229
758 229
757 229
756 229
755 229
754 229
753 229
752 229
751 229
750 229
749 229
748 229
747 229
746 229
745 229
744 229
743 229
742 229
741 229
