1669 1074
1668 1075
1667 1075
1666 1076
1665 1077
1664 1077
1663 1078
1662 1079
1661 1079
1660 1079
1659 1080
1658 1080
1657 1081
1656 1082
1655 1082
1654 1082
1653 1083
1652 1083
1651 1084
1650 1084
1649 1085
1648 1085
1647 1086
1646 1086
1645 1087
1644 1087
1643 1087
1642 1088
1641 1088
1640 1088
1639 1088
1638 1089
1637 1089
1636 1089
1635 1089
1634 1090
1633 1090
1632 1090
1631 1091
1630 1091
1629 1091
1628 1091
1627 1091
1626 1091
1625 1091
1624 1091
1623 1091
1622 1092
1621 1092
1620 1093
1619 1093
1618 1093
1617 1093
1616 1093
1615 1093
1614 1093
1613 1093
1612 1093
1611 1093
1610 1093
1609 1093
1608 1093
1607 1093
1606 1094
1605 1094
1604 1094
1603 1095
1602 1095
1601 1095
1600 1095
1599 1095
1598 1095
1597 1095
1596 1095
1595 1095
1594 1095
1593 1095
1592 1095
1591 1095
1590 1095
1589 1095
1588 1095
1587 1095
1586 1095
1585 1095
1584 1095
1583 1095
1582 1095
1581 1095
1580 1095
1579 1095
1578 1095
1577 1095
1576 1095
1575 1095
1574 1095
1573 1095
1572 1095
1571 1095
1570 1095
1569 1095
1568 1095
1567 1095
1566 1094
1565 1094
1564 1094
1563 1093
1562 1093
1561 1093
1560 1093
1559 1093
1558 1093
1557 1093
1556 1093
1555 1093
1554 1093
1553 1093
1552 1093
1551 1093
1550 1093
1549 1093
1548 1093
1547 1093
1546 1093
1545 1093
1544 1093
1543 1093
1542 1093
1541 1093
1540 1093
1539 1093
1538 1093
1537 1093
1536 1093
1535 1093
1534 1093
1533 1093
1532 1094
1531 1094
1530 1094
1529 1095
1528 1095
1527 1095
1526 1095
1525 1094
1524 1094
1523 1094
1522 1093
1521 1093
1520 1093
1519 1093
1518 1093
1517 1093
1516 1093
1515 1093
1514 1093
1513 1093
1512 1093
1511 1093
1510 1093
1509 1093
1508 1093
1507 1093
1506 1093
1505 1093
1504 1093
1503 1093
1502 1093
1501 1093
1500 1093
1499 1093
1498 1093
1497 1093
1496 1093
1495 1093
1494 1092
1493 1092
1492 1092
1491 1092
1490 1092
1489 1092
1488 1092
1487 1092
1486 1092
1485 1092
1484 1092
1483 1092
1482 1092
1481 1092
1480 1091
1479 1091
1478 1091
1477 1091
1476 1090
1475 1090
1474 1090
1473 1090
1472 1089
1471 1089
1470 1089
1469 1088
1468 1088
1467 1088
1466 1088
1465 1088
1464 1088
1463 1087
1462 1087
1461 1086
1460 1085
1459 1085
1458 1085
1457 1085
1456 1085
1455 1085
1454 1085
1453 1085
1452 1085
1451 1085
1450 1084
1449 1084
1448 1084
1447 1083
1446 1083
1445 1082
1444 1082
1443 1082
1442 1082
1441 1082
1440 1082
1439 1082
1438 1082
1437 1082
1436 1081
1435 1081
1434 1081
1433 1081
1432 1082
1431 1082
1430 1083
1430 1084
1429 1085
1428 1086
1427 1087
1426 1088
1425 1089
1425 1090
1425 1091
1425 1092
1425 1093
1426 1094
1427 1095
1428 1096
1428 1097
1429 1098
1429 1099
1429 1100
1430 1101
1430 1102
1430 1103
1431 1104
1432 1105
1433 1106
1434 1107
1434 1108
1434 1109
1435 1110
1435 1111
1436 1112
1436 1113
1437 1113
1438 1114
1439 1115
1440 1116
1440 1117
1441 1118
1442 1119
1442 1120
1443 1121
1443 1122
1444 1123
1445 1123
1446 1124
1447 1124
1448 1125
1449 1125
1450 1126
1451 1127
1452 1127
1453 1127
1454 1128
1455 1128
1456 1128
1457 1128
1458 1128
1459 1128
1460 1129
1461 1129
1462 1130
1463 1130
1464 1131
1465 1131
1466 1132
1467 1132
1468 1132
1469 1132
1470 1131
1471 1131
1472 1131
1473 1131
1474 1131
1475 1131
1476 1131
1477 1131
1478 1131
1479 1131
1480 1131
1481 1131
1482 1131
1483 1132
1484 1132
1485 1132
1486 1132
1487 1133
1488 1133
1489 1133
1490 1134
1491 1134
1492 1134
1493 1135
1494 1136
1495 1137
1496 1138
1497 1139
1498 1140
1499 1141
1500 1142
1501 1143
1502 1143
1503 1143
1504 1143
1505 1143
1506 1144
1507 1144
1508 1144
1509 1145
1510 1145
1511 1146
1512 1146
1513 1146
1514 1146
1515 1146
1516 1146
1517 1146
1518 1146
1519 1147
1520 1147
1521 1148
1522 1148
1523 1148
1524 1149
1525 1149
1526 1149
1527 1150
1528 1149
1529 1149
1530 1149
1531 1149
1532 1150
1533 1150
1534 1150
1535 1151
1536 1151
1537 1152
1538 1152
1539 1152
1540 1153
1541 1153
1542 1154
1543 1154
1544 1154
1545 1154
1546 1154
1547 1154
1548 1154
1549 1155
1550 1155
1551 1156
1552 1156
1553 1157
1554 1157
1555 1158
1556 1158
1557 1158
1558 1158
1559 1158
1560 1159
1561 1159
1562 1159
1563 1160
1564 1160
1565 1160
1566 1161
1567 1161
1568 1162
1569 1162
1570 1162
1571 1162
1572 1162
1573 1162
1574 1162
1575 1162
1576 1162
1577 1161
1578 1161
1579 1161
1580 1161
1581 1161
1582 1161
1583 1161
1584 1160
1585 1160
1586 1160
1587 1159
1588 1159
1589 1159
1590 1159
1591 1159
1592 1159
1593 1158
1594 1158
1595 1158
1596 1158
1597 1158
1598 1158
1599 1158
1600 1158
1601 1157
1602 1157
1603 1157
1604 1157
1605 1157
1606 1157
1607 1156
1608 1156
1609 1156
1610 1156
1611 1156
1612 1156
1613 1156
1614 1155
1615 1155
1616 1155
1617 1154
1618 1154
1619 1154
1620 1154
1621 1154
1622 1154
1623 1154
1624 1153
1625 1153
1626 1153
1627 1153
1628 1153
1629 1153
1630 1153
1631 1153
1632 1152
1633 1152
1634 1152
1635 1151
1636 1151
1637 1151
1638 1151
1639 1150
1640 1150
1641 1150
1642 1149
1643 1149
1644 1149
1645 1149
1646 1149
1647 1149
1648 1149
1649 1148
1650 1148
1651 1148
1652 1148
1653 1148
1654 1148
1655 1147
1656 1147
1657 1146
1658 1146
1659 1146
1660 1146
1661 1146
1662 1146
1663 1146
1664 1146
1665 1146
1666 1147
1667 1147
1668 1147
1669 1147
1670 1147
1671 1147
1672 1147
1673 1147
1674 1147
1675 1147
1676 1147
1677 1147
1678 1147
1679 1147
1680 1147
1681 1147
1682 1147
1683 1147
1684 1147
1685 1147
1686 1147
1687 1148
1688 1148
1689 1148
1690 1149
1691 1149
1692 1150
1693 1150
1694 1151
1695 1151
1696 1151
1697 1151
1698 1151
1699 1151
1700 1152
1701 1153
1702 1153
1703 1153
1704 1153
1705 1153
1706 1153
1707 1153
1708 1152
1709 1152
1710 1151
1710 1150
1711 1149
1712 1148
1712 1147
1713 1146
1714 1145
1715 1144
1716 1143
1717 1142
1718 1141
1719 1140
1720 1139
1721 1138
1721 1137
1722 1136
1723 1135
1724 1134
1725 1133
1726 1132
1727 1131
1728 1130
1729 1129
1729 1128
1730 1127
1730 1126
1730 1125
1730 1124
1730 1123
1730 1122
1730 1121
1730 1120
1731 1119
1732 1118
1732 1117
1732 1116
1732 1115
1732 1114
1732 1113
1731 1112
1730 1111
1729 1110
1728 1109
1727 1108
1726 1107
1726 1106
1725 1105
1724 1104
1724 1103
1723 1102
1723 1101
1722 1100
1722 1099
1722 1098
1721 1097
1721 1096
1720 1095
1719 1094
1718 1093
1717 1092
1716 1091
1715 1090
1714 1089
1713 1088
1712 1087
1711 1086
1710 1085
1709 1085
1708 1084
1707 1083
1706 1082
1705 1082
1704 1081
1703 1081
1702 1081
1701 1081
1700 1081
1699 1081
1698 1081
1697 1081
1696 1081
1695 1081
1694 1081
1693 1081
1692 1081
1691 1081
1690 1081
1689 1081
1688 1080
1687 1080
1686 1080
1685 1080
1684 1080
1683 1079
1682 1079
1681 1078
1680 1077
1679 1077
1678 1076
1677 1075
1676 1075
1675 1075
1674 1074
1673 1074
1672 1074
1671 1074
1670 1074
1669 1074
