259 103
258 104
257 104
256 104
255 104
254 104
253 104
252 104
251 104
250 104
249 104
248 104
247 104
246 104
245 104
244 104
243 104
242 104
241 104
240 105
239 105
238 105
237 105
236 105
235 106
234 106
233 106
232 106
231 106
230 106
229 106
228 107
227 107
226 108
225 109
224 109
223 110
222 111
221 111
220 111
219 112
218 113
217 113
216 114
215 114
214 115
213 116
212 117
212 118
211 119
211 120
211 121
211 122
210 123
210 124
210 125
209 126
209 127
209 128
209 129
209 130
210 131
211 132
212 133
213 134
214 135
214 136
215 137
216 137
217 138
218 138
219 138
220 138
221 138
222 138
223 139
224 139
225 139
226 139
227 139
228 139
229 140
230 141
231 142
231 143
232 144
233 145
234 145
235 146
236 147
237 148
238 149
239 150
240 150
241 151
242 151
243 151
244 151
245 151
246 151
247 152
248 152
249 152
250 152
251 153
252 153
253 153
254 153
255 153
256 153
257 153
258 153
259 153
260 153
261 153
262 153
263 153
264 153
265 153
266 153
267 153
268 153
269 153
270 153
271 153
272 153
273 153
274 153
275 154
276 154
277 154
278 155
279 155
280 155
281 155
282 155
283 155
284 155
285 155
286 155
287 155
288 155
289 155
290 155
291 155
292 155
293 155
294 154
295 154
296 154
297 154
298 154
299 153
300 153
301 153
302 153
303 153
304 152
305 152
306 152
307 151
308 151
309 151
310 151
311 150
312 150
313 150
314 149
315 149
316 149
317 149
318 149
319 149
320 149
321 148
322 148
323 148
324 147
325 147
326 147
327 146
328 145
329 145
329 144
330 143
330 142
330 141
329 140
329 139
328 138
328 137
327 136
326 135
325 134
324 133
323 132
322 131
321 130
321 129
320 128
320 127
319 126
319 125
318 124
318 123
317 122
316 121
316 120
315 119
314 118
313 117
312 116
311 115
310 114
309 113
308 112
307 111
306 110
305 109
304 109
303 109
302 109
301 109
300 108
299 108
298 108
297 108
296 108
295 108
294 108
293 107
292 107
291 107
290 106
289 106
288 106
287 106
286 106
285 105
284 105
283 105
282 105
281 104
280 104
279 104
278 104
277 104
276 104
275 104
274 104
273 104
272 104
271 104
270 104
269 104
268 104
267 104
266 103
265 103
264 103
263 103
262 103
261 103
260 103
259 103
