967 1203
966 1204
966 1205
965 1206
965 1207
966 1208
966 1209
966 1210
967 1211
967 1212
968 1213
968 1214
969 1215
969 1216
970 1216
971 1217
972 1218
973 1219
974 1220
974 1221
975 1222
976 1223
977 1223
978 1223
979 1224
980 1225
981 1225
982 1226
983 1226
984 1226
985 1226
986 1226
987 1227
988 1227
989 1227
990 1227
991 1228
992 1228
993 1228
994 1229
995 1229
996 1230
997 1231
998 1231
999 1231
1000 1232
1001 1232
1002 1232
1003 1232
1004 1232
1005 1231
1006 1231
1007 1231
1008 1230
1009 1229
1010 1229
1011 1229
1012 1229
1013 1228
1014 1227
1015 1227
1016 1226
1017 1225
1018 1225
1019 1224
1020 1223
1021 1223
1022 1223
1023 1222
1024 1221
1025 1220
1026 1219
1026 1218
1027 1217
1026 1216
1026 1215
1026 1214
1027 1213
1026 1212
1026 1211
1025 1210
1024 1209
1023 1209
1022 1209
1021 1209
1020 1209
1019 1208
1018 1208
1017 1207
1016 1206
1015 1205
1014 1205
1013 1205
1012 1205
1011 1205
1010 1205
1009 1205
1008 1205
1007 1205
1006 1205
1005 1205
1004 1205
1003 1205
1002 1205
1001 1205
1000 1205
999 1205
998 1205
997 1205
996 1205
995 1205
994 1205
993 1205
992 1205
991 1205
990 1206
989 1206
988 1207
987 1207
986 1207
985 1207
984 1207
983 1207
982 1207
981 1207
980 1206
979 1206
978 1206
977 1205
976 1205
975 1205
974 1205
973 1204
972 1204
971 1203
970 1203
969 1203
968 1203
967 1203
