227 2051
226 2052
225 2053
224 2054
223 2055
222 2056
222 2057
222 2058
222 2059
222 2060
222 2061
223 2062
224 2063
225 2064
226 2065
226 2066
227 2067
228 2068
229 2069
230 2070
231 2071
232 2072
233 2072
234 2072
235 2072
236 2072
237 2073
238 2073
239 2074
240 2074
241 2074
242 2075
243 2076
244 2077
245 2078
246 2078
247 2079
248 2079
249 2079
250 2080
251 2080
252 2081
253 2081
254 2081
255 2082
256 2082
257 2083
258 2083
259 2083
260 2083
261 2083
262 2083
263 2083
264 2083
265 2084
266 2084
267 2084
268 2085
269 2086
270 2086
271 2087
272 2087
273 2087
274 2087
275 2087
276 2088
277 2088
278 2089
279 2089
280 2089
281 2089
282 2089
283 2089
284 2089
285 2089
286 2089
287 2089
288 2089
289 2089
290 2089
291 2089
292 2089
293 2089
294 2089
295 2089
296 2089
297 2089
298 2089
299 2089
300 2089
301 2089
302 2089
303 2089
304 2089
305 2089
306 2089
307 2089
308 2089
309 2089
310 2089
311 2089
312 2089
313 2089
314 2089
315 2089
316 2088
317 2088
318 2088
319 2088
320 2087
321 2087
322 2087
323 2087
324 2087
325 2087
326 2087
327 2086
328 2086
329 2086
330 2086
331 2085
332 2085
333 2084
333 2083
334 2082
334 2081
334 2080
335 2079
336 2078
336 2077
336 2076
336 2075
336 2074
336 2073
336 2072
336 2071
335 2070
335 2069
334 2068
334 2067
334 2066
334 2065
334 2064
334 2063
334 2062
334 2061
334 2060
333 2059
333 2058
332 2057
331 2056
330 2055
329 2054
328 2054
327 2053
326 2052
325 2052
324 2051
323 2051
322 2051
321 2051
320 2051
319 2051
318 2051
317 2051
316 2051
315 2051
314 2051
313 2051
312 2052
311 2052
310 2052
309 2052
308 2052
307 2052
306 2053
305 2053
304 2053
303 2053
302 2054
301 2054
300 2054
299 2055
298 2055
297 2055
296 2056
295 2056
294 2057
293 2057
292 2058
291 2059
290 2059
289 2059
288 2059
287 2059
286 2059
285 2059
284 2059
283 2059
282 2059
281 2059
280 2059
279 2059
278 2059
277 2058
276 2058
275 2058
274 2058
273 2058
272 2058
271 2058
270 2058
269 2058
268 2058
267 2057
266 2057
265 2056
264 2056
263 2056
262 2056
261 2056
260 2056
259 2056
258 2056
257 2056
256 2055
255 2055
254 2054
253 2054
252 2053
251 2053
250 2053
249 2053
248 2053
247 2053
246 2052
245 2052
244 2051
243 2051
242 2051
241 2051
240 2051
239 2051
238 2051
237 2051
236 2051
235 2051
234 2051
233 2051
232 2051
231 2051
230 2051
229 2051
228 2051
227 2051
