897 827
896 828
895 828
894 828
893 828
892 828
891 828
890 829
889 829
888 830
887 830
886 830
885 831
884 832
883 833
882 834
881 835
880 835
879 836
878 836
877 836
876 837
875 838
874 839
873 839
872 840
871 841
870 841
869 842
868 842
867 843
866 844
865 844
864 845
863 845
862 846
861 846
860 847
859 847
858 848
857 848
856 848
855 848
854 849
853 849
852 850
851 851
850 852
849 852
848 853
847 854
846 855
845 856
844 857
843 858
842 859
842 860
841 861
842 862
842 863
843 863
844 863
845 863
846 863
847 863
848 863
849 863
850 864
851 865
852 865
853 865
854 866
855 866
856 866
857 866
858 867
859 867
860 868
861 869
862 869
863 870
864 871
865 871
866 872
867 873
868 874
869 874
870 875
871 875
872 876
873 876
874 877
875 877
876 878
877 879
878 879
879 879
880 880
881 880
882 880
883 881
884 881
885 882
886 882
887 882
888 882
889 882
890 882
891 883
892 883
893 883
894 884
895 885
896 885
897 886
897 887
898 887
899 887
900 888
901 888
902 888
903 888
904 889
905 889
906 889
907 889
908 889
909 889
910 890
911 890
912 891
913 891
914 892
915 891
916 891
917 891
918 891
919 892
920 892
921 892
922 892
923 892
924 892
925 892
926 892
927 892
928 892
929 892
930 892
931 892
932 892
933 891
934 891
935 891
936 890
937 890
938 889
939 888
940 888
940 887
941 886
942 885
943 884
944 883
945 882
946 881
947 881
948 880
949 880
950 880
951 879
952 878
953 877
954 876
955 875
956 874
956 873
956 872
956 871
956 870
957 869
957 868
957 867
957 866
957 865
957 864
957 863
957 862
956 861
956 860
956 859
956 858
956 857
956 856
956 855
956 854
956 853
956 852
956 851
956 850
956 849
955 848
955 847
955 846
954 845
953 844
952 843
951 842
950 841
949 841
948 840
948 839
947 838
946 837
945 836
944 836
943 836
942 835
941 835
940 834
939 834
938 833
937 832
936 832
935 831
934 831
933 831
932 830
931 830
930 830
929 829
928 829
927 829
926 829
925 829
924 828
923 828
922 828
921 828
920 828
919 828
918 828
917 828
916 828
915 828
914 828
913 828
912 827
911 827
910 827
909 827
908 827
907 827
906 827
905 827
904 827
903 827
902 827
901 827
900 827
899 827
898 827
897 827
