602 285
601 286
600 286
599 286
598 287
597 287
596 287
595 287
594 288
593 288
592 288
591 288
590 289
589 289
588 289
587 289
586 290
585 290
584 290
583 290
582 290
581 290
580 290
579 291
578 291
577 291
576 292
575 292
574 292
573 292
572 293
571 293
570 294
569 295
568 296
567 296
566 297
565 297
564 297
563 298
562 299
561 299
560 300
559 300
558 300
557 301
556 302
555 303
554 304
554 305
554 306
554 307
555 308
555 309
556 310
557 311
558 312
559 313
560 313
561 314
562 314
563 314
564 315
565 315
566 316
567 316
568 317
569 317
570 317
571 318
572 318
573 319
574 320
575 320
576 321
577 322
578 322
579 323
580 323
581 324
582 325
583 325
584 326
585 327
586 327
587 327
588 328
589 328
590 328
591 329
592 329
593 329
594 329
595 329
596 329
597 329
598 329
599 329
600 329
601 329
602 329
603 329
604 329
605 329
606 328
607 328
608 327
609 326
610 325
611 324
612 323
613 322
614 321
615 321
616 320
617 319
618 318
619 317
620 317
621 316
622 315
623 315
624 314
624 313
625 312
625 311
625 310
625 309
626 308
626 307
626 306
626 305
627 304
627 303
627 302
627 301
627 300
626 299
626 298
625 297
624 296
623 295
623 294
622 293
622 292
621 291
620 290
619 289
618 288
617 287
616 286
615 285
614 285
613 285
612 285
611 285
610 285
609 285
608 285
607 285
606 285
605 285
604 285
603 285
602 285
