621 1097
620 1098
619 1098
618 1099
617 1099
616 1099
615 1100
614 1100
613 1100
612 1100
611 1100
610 1100
609 1100
608 1100
607 1100
606 1100
605 1100
604 1100
603 1100
602 1100
601 1100
600 1100
599 1100
598 1100
597 1100
596 1101
595 1101
594 1102
593 1103
592 1104
591 1105
590 1106
589 1107
588 1108
587 1109
586 1110
585 1111
584 1112
583 1112
582 1113
581 1113
580 1114
579 1114
578 1115
577 1115
577 1116
576 1117
575 1118
574 1119
573 1119
572 1120
572 1121
571 1122
570 1123
570 1124
569 1125
568 1126
567 1127
566 1128
565 1129
564 1130
563 1131
562 1132
562 1133
562 1134
562 1135
562 1136
562 1137
562 1138
562 1139
563 1140
564 1141
565 1142
566 1143
567 1144
568 1145
569 1146
570 1146
571 1147
572 1148
573 1148
574 1149
575 1149
576 1150
577 1151
578 1151
579 1152
580 1152
581 1153
582 1153
583 1154
584 1155
585 1155
586 1156
587 1156
588 1156
589 1157
590 1157
591 1157
592 1158
593 1159
594 1159
595 1160
596 1161
597 1161
598 1162
599 1162
600 1162
601 1162
602 1162
603 1162
604 1162
605 1162
606 1162
607 1162
608 1162
609 1162
610 1162
611 1162
612 1162
613 1162
614 1162
615 1162
616 1162
617 1162
618 1162
619 1162
620 1162
621 1162
622 1162
623 1161
624 1161
625 1161
626 1161
627 1161
628 1161
629 1161
630 1161
631 1161
632 1161
633 1161
634 1160
635 1160
636 1160
637 1160
638 1160
639 1160
640 1160
641 1160
642 1160
643 1160
644 1160
645 1160
646 1160
647 1160
648 1160
649 1160
650 1160
651 1160
652 1160
653 1160
654 1159
655 1159
656 1158
657 1158
658 1157
659 1157
660 1156
661 1156
662 1155
663 1155
664 1155
665 1154
666 1153
667 1152
668 1151
669 1150
669 1149
670 1148
670 1147
671 1146
671 1145
671 1144
671 1143
671 1142
671 1141
671 1140
671 1139
671 1138
671 1137
671 1136
671 1135
671 1134
671 1133
671 1132
670 1131
670 1130
669 1129
668 1128
667 1127
666 1126
665 1125
664 1124
663 1123
663 1122
662 1121
661 1120
660 1119
659 1118
658 1117
657 1116
656 1115
655 1114
654 1113
653 1113
652 1112
651 1112
650 1112
649 1111
648 1110
647 1109
646 1108
645 1108
644 1107
643 1107
642 1106
641 1105
640 1105
639 1104
638 1104
637 1103
636 1102
635 1101
634 1100
633 1100
632 1099
631 1099
630 1098
629 1098
628 1098
627 1097
626 1097
625 1097
624 1097
623 1097
622 1097
621 1097
