338 984
337 985
336 985
335 986
334 987
333 988
332 989
331 989
330 990
329 990
328 990
327 990
326 990
326 991
326 992
326 993
326 994
326 995
326 996
327 997
327 998
326 999
326 1000
325 1001
325 1002
324 1003
324 1004
324 1005
323 1006
322 1007
322 1008
321 1009
321 1010
321 1011
321 1012
321 1013
321 1014
322 1015
322 1016
323 1017
323 1018
324 1019
324 1020
325 1021
325 1022
326 1023
327 1024
328 1025
329 1026
329 1027
330 1028
331 1029
332 1029
333 1029
334 1029
335 1029
336 1029
337 1029
338 1029
339 1029
340 1028
341 1028
342 1028
343 1028
344 1028
345 1029
346 1029
347 1030
348 1030
349 1030
350 1030
351 1030
352 1031
353 1031
354 1032
355 1032
356 1032
357 1033
358 1033
359 1033
360 1034
361 1034
362 1034
363 1034
364 1034
365 1035
366 1035
367 1035
368 1035
369 1035
370 1036
371 1036
372 1036
373 1037
374 1037
375 1038
376 1038
377 1038
378 1038
379 1038
380 1038
381 1038
382 1039
383 1039
384 1039
385 1039
386 1040
387 1040
388 1040
389 1040
390 1040
391 1040
392 1040
393 1040
394 1040
395 1040
396 1040
397 1040
398 1040
399 1040
400 1040
401 1040
402 1040
403 1040
404 1040
405 1040
406 1040
407 1040
408 1041
409 1041
410 1041
411 1041
412 1041
413 1041
414 1041
415 1041
416 1041
417 1041
418 1041
419 1041
420 1041
421 1041
422 1041
423 1041
424 1041
425 1041
426 1041
427 1041
428 1041
429 1041
430 1041
431 1041
432 1041
433 1041
434 1041
435 1041
436 1041
437 1041
438 1041
439 1041
440 1041
441 1041
442 1041
443 1041
444 1040
445 1040
446 1039
447 1038
448 1037
449 1036
450 1035
451 1034
452 1033
453 1032
454 1031
455 1030
456 1029
457 1028
458 1027
459 1027
459 1026
460 1025
460 1024
460 1023
460 1022
460 1021
460 1020
460 1019
459 1018
459 1017
459 1016
458 1015
457 1014
456 1013
455 1012
454 1012
453 1012
452 1011
451 1010
450 1010
449 1009
448 1008
447 1008
446 1007
445 1007
444 1006
443 1005
442 1004
441 1003
440 1003
439 1003
438 1002
437 1001
436 1000
435 1000
434 999
433 998
432 997
431 997
430 996
429 996
428 995
427 994
426 994
425 994
424 994
423 993
422 992
421 992
420 992
419 992
418 991
417 991
416 991
415 990
414 990
413 989
412 988
411 987
410 986
409 985
408 985
407 985
406 985
405 985
404 985
403 985
402 985
401 985
400 985
399 985
398 985
397 985
396 985
395 985
394 985
393 985
392 985
391 985
390 985
389 985
388 985
387 985
386 985
385 985
384 985
383 985
382 985
381 985
380 985
379 985
378 985
377 985
376 985
375 986
374 986
373 986
372 987
371 987
370 987
369 987
368 987
367 987
366 988
365 988
364 988
363 988
362 988
361 988
360 988
359 988
358 988
357 988
356 988
355 988
354 988
353 988
352 987
351 987
350 987
349 987
348 987
347 986
346 986
345 985
344 985
343 984
342 984
341 984
340 984
339 984
338 984
