115 5
114 6
113 6
112 6
111 7
110 7
109 7
108 7
107 7
106 7
105 7
104 7
103 7
102 7
101 7
100 7
99 8
98 8
97 8
96 8
95 8
94 8
93 9
92 9
91 9
90 8
89 8
88 8
87 8
86 8
85 8
84 8
83 8
82 7
81 7
80 7
79 7
78 7
77 7
76 7
75 7
74 7
73 7
72 7
71 8
70 7
69 7
68 7
67 7
66 7
65 7
64 7
63 8
62 9
61 9
60 10
59 10
58 10
57 11
56 11
55 12
55 13
54 14
54 15
53 16
52 17
51 17
50 17
49 18
48 18
47 19
46 20
45 20
45 21
44 22
43 23
42 23
41 24
41 25
40 26
40 27
40 28
40 29
40 30
39 31
38 32
37 33
36 33
35 34
34 35
33 35
32 36
31 37
30 37
29 37
28 38
27 38
26 38
25 38
24 38
23 38
22 38
21 38
20 38
19 38
18 38
17 38
16 38
15 39
15 40
15 41
14 42
15 43
15 44
14 45
14 46
14 47
13 48
13 49
13 50
12 51
12 52
13 53
14 53
15 53
16 53
17 53
18 54
19 55
20 55
21 55
22 56
23 57
24 57
25 57
26 58
27 58
28 58
29 58
30 58
31 58
32 58
33 58
34 58
35 58
36 58
37 59
38 59
39 59
40 59
41 60
42 60
43 60
44 60
45 61
46 61
47 61
48 61
49 62
50 62
51 62
52 63
53 63
54 64
55 64
56 64
57 65
58 66
59 66
60 66
61 67
62 67
63 68
64 68
65 68
66 69
67 69
68 69
69 69
70 70
71 70
72 70
73 71
74 71
75 71
76 72
77 72
78 73
79 73
80 73
81 74
82 74
83 75
84 75
85 75
86 76
87 76
88 76
89 77
90 77
91 77
92 78
93 78
94 78
95 78
96 79
97 79
98 79
99 79
100 80
101 80
102 80
103 80
104 81
105 81
106 81
107 81
108 81
109 80
110 80
111 80
112 81
113 81
114 81
115 81
116 81
117 81
118 82
119 82
120 82
121 82
122 82
123 82
124 82
125 82
126 82
127 82
128 82
129 81
130 81
131 81
132 81
133 81
134 81
135 80
136 80
137 80
138 80
139 79
140 79
141 79
142 78
143 78
144 78
145 77
146 77
147 76
148 76
149 76
150 75
151 74
152 73
153 73
154 72
155 71
156 71
157 71
158 70
159 70
160 70
161 69
162 69
163 68
164 68
165 67
166 67
167 66
168 66
169 66
170 66
171 66
172 65
173 65
174 64
175 64
176 63
177 63
178 62
179 62
180 61
181 61
182 60
183 59
184 58
185 57
186 56
187 56
188 56
189 55
190 55
191 54
191 53
191 52
192 51
192 50
192 49
192 48
192 47
191 46
191 45
191 44
191 43
191 42
190 41
190 40
189 39
189 38
189 37
189 36
189 35
189 34
188 33
188 32
188 31
187 30
187 29
187 28
187 27
186 26
186 25
186 24
185 23
185 22
184 21
183 21
182 21
181 20
180 20
179 19
178 19
177 18
176 18
175 18
174 18
173 18
172 18
171 18
170 18
169 18
168 18
167 18
166 18
165 18
164 18
163 17
162 17
161 17
160 17
159 17
158 17
157 17
156 17
155 17
154 16
153 16
152 16
151 16
150 16
149 16
148 15
147 15
146 15
145 15
144 14
143 13
142 13
141 13
140 12
139 12
138 11
137 11
136 10
135 10
134 9
133 9
132 8
131 7
130 7
129 7
128 6
127 6
126 5
125 5
124 5
123 5
122 5
121 5
120 5
119 5
118 6
117 6
116 5
115 5
