206 1842
205 1843
204 1843
204 1844
203 1845
203 1846
203 1847
202 1848
202 1849
201 1850
200 1851
200 1852
199 1853
199 1854
199 1855
199 1856
199 1857
198 1858
198 1859
198 1860
198 1861
198 1862
198 1863
197 1864
197 1865
197 1866
197 1867
197 1868
197 1869
197 1870
197 1871
197 1872
197 1873
196 1874
196 1875
196 1876
196 1877
196 1878
196 1879
195 1880
195 1881
194 1882
194 1883
193 1884
193 1885
193 1886
193 1887
193 1888
193 1889
192 1890
191 1891
191 1892
191 1893
191 1894
191 1895
191 1896
190 1897
190 1898
189 1899
189 1900
189 1901
188 1902
187 1903
186 1904
186 1905
186 1906
185 1907
185 1908
185 1909
184 1910
184 1911
185 1912
185 1913
185 1914
185 1915
186 1916
186 1917
186 1918
186 1919
186 1920
186 1921
186 1922
186 1923
186 1924
186 1925
186 1926
185 1927
185 1928
185 1929
184 1930
185 1931
185 1932
185 1933
185 1934
185 1935
184 1936
184 1937
184 1938
183 1939
182 1940
182 1941
181 1942
180 1943
180 1944
180 1945
179 1946
179 1947
179 1948
178 1949
178 1950
178 1951
177 1952
177 1953
176 1954
176 1955
175 1956
174 1957
174 1958
173 1959
173 1960
172 1961
172 1962
171 1963
170 1964
170 1965
169 1966
169 1967
168 1968
168 1969
168 1970
168 1971
168 1972
168 1973
168 1974
168 1975
168 1976
168 1977
168 1978
168 1979
168 1980
169 1981
169 1982
169 1983
170 1984
170 1985
170 1986
170 1987
170 1988
170 1989
170 1990
170 1991
170 1992
170 1993
170 1994
170 1995
170 1996
170 1997
170 1998
170 1999
170 2000
170 2001
170 2002
170 2003
170 2004
170 2005
169 2006
169 2007
169 2008
168 2009
168 2010
168 2011
168 2012
168 2013
168 2014
168 2015
168 2016
168 2017
168 2018
168 2019
168 2020
168 2021
168 2022
169 2023
169 2024
169 2025
170 2026
170 2027
171 2028
171 2029
171 2030
171 2031
171 2032
171 2033
171 2034
171 2035
171 2036
171 2037
171 2038
171 2039
172 2040
172 2041
172 2042
172 2043
173 2044
173 2045
173 2046
173 2047
173 2048
173 2049
173 2050
174 2051
174 2052
174 2053
175 2054
175 2055
175 2056
176 2057
177 2058
178 2058
179 2058
180 2058
181 2058
182 2058
183 2058
184 2058
185 2059
186 2059
187 2060
188 2060
189 2061
190 2062
191 2062
192 2062
193 2062
194 2062
195 2062
196 2061
197 2061
198 2060
199 2059
200 2058
201 2057
201 2056
202 2055
203 2054
204 2053
204 2052
205 2051
205 2050
205 2049
206 2048
207 2047
208 2046
209 2045
210 2045
211 2044
212 2043
213 2042
214 2041
215 2040
216 2040
217 2039
218 2039
219 2038
220 2038
221 2037
222 2036
223 2035
224 2035
225 2035
226 2035
227 2035
228 2035
229 2035
230 2035
231 2034
232 2033
233 2032
234 2032
235 2031
236 2031
237 2030
238 2030
239 2029
240 2029
241 2028
242 2027
243 2027
244 2026
245 2026
246 2025
247 2025
248 2025
249 2025
250 2025
251 2025
252 2025
253 2024
254 2024
255 2024
256 2023
257 2023
258 2022
259 2021
260 2021
261 2020
262 2019
263 2018
264 2018
265 2017
266 2016
267 2016
268 2016
269 2016
270 2016
271 2016
272 2016
273 2016
274 2016
275 2016
276 2015
277 2014
278 2014
279 2014
280 2014
281 2013
282 2013
283 2013
284 2013
285 2013
286 2013
287 2012
288 2012
289 2012
290 2011
291 2011
292 2010
293 2010
294 2010
295 2010
296 2010
297 2009
298 2008
299 2008
300 2008
301 2008
302 2008
303 2008
304 2007
305 2007
306 2007
307 2006
308 2006
309 2005
310 2005
311 2005
312 2005
313 2005
314 2004
315 2004
316 2003
317 2003
318 2003
319 2003
320 2003
321 2003
322 2002
323 2002
324 2002
325 2001
326 2001
327 2000
328 2000
329 2000
330 1999
331 1999
332 1998
333 1998
334 1997
335 1997
336 1997
337 1996
338 1996
339 1996
340 1996
341 1995
342 1995
343 1995
344 1995
345 1994
346 1993
347 1993
348 1992
349 1992
350 1992
351 1991
352 1991
353 1990
354 1990
355 1989
356 1989
357 1989
358 1989
359 1988
360 1988
361 1987
362 1987
363 1987
364 1986
365 1986
366 1986
367 1985
368 1985
369 1984
370 1984
371 1983
372 1983
373 1982
374 1981
375 1980
376 1980
377 1979
378 1978
379 1977
380 1977
381 1976
382 1976
383 1976
384 1975
385 1975
386 1974
387 1973
388 1973
389 1972
390 1972
391 1972
392 1971
393 1971
394 1970
395 1970
396 1970
397 1969
398 1969
399 1968
400 1968
401 1968
402 1967
403 1967
404 1966
405 1966
406 1965
407 1965
408 1965
409 1964
410 1964
411 1963
412 1962
413 1961
414 1960
415 1960
416 1959
416 1958
417 1957
418 1956
419 1955
419 1954
420 1953
421 1952
421 1951
421 1950
422 1949
423 1948
424 1947
425 1946
425 1945
426 1944
426 1943
427 1942
427 1941
428 1940
429 1939
430 1938
430 1937
430 1936
430 1935
430 1934
430 1933
430 1932
430 1931
430 1930
430 1929
430 1928
430 1927
431 1926
431 1925
431 1924
432 1923
432 1922
432 1921
432 1920
432 1919
432 1918
432 1917
432 1916
432 1915
432 1914
432 1913
432 1912
431 1911
431 1910
430 1909
429 1908
429 1907
428 1906
427 1905
426 1904
425 1903
424 1902
423 1901
422 1901
421 1900
420 1900
419 1899
418 1899
417 1899
416 1898
415 1897
414 1897
413 1896
412 1896
411 1895
410 1894
409 1894
408 1893
407 1893
406 1893
405 1893
404 1893
403 1893
402 1893
401 1893
400 1894
399 1894
398 1895
397 1895
396 1896
395 1896
394 1895
393 1894
392 1894
391 1893
390 1892
390 1891
389 1891
388 1890
387 1889
386 1889
385 1888
384 1888
383 1888
382 1887
381 1886
380 1885
379 1885
378 1885
377 1885
376 1884
375 1884
374 1884
373 1883
372 1883
371 1883
370 1882
369 1882
368 1882
367 1882
366 1881
365 1880
364 1880
363 1879
362 1878
361 1877
360 1876
360 1875
359 1874
358 1873
357 1872
356 1872
355 1871
354 1870
353 1869
352 1869
351 1868
350 1867
349 1867
348 1866
347 1865
346 1864
345 1864
344 1863
343 1863
342 1862
341 1861
340 1860
339 1860
338 1860
337 1859
336 1859
335 1858
334 1857
333 1857
332 1856
331 1855
330 1855
329 1854
328 1854
327 1854
326 1854
325 1853
324 1853
323 1852
322 1852
321 1852
320 1851
319 1851
318 1851
317 1850
316 1850
315 1850
314 1850
313 1850
312 1850
311 1850
310 1850
309 1850
308 1851
307 1851
306 1852
305 1853
304 1853
303 1853
302 1854
301 1854
300 1854
299 1854
298 1854
297 1854
296 1854
295 1854
294 1854
293 1854
292 1854
291 1854
290 1854
289 1854
288 1854
287 1854
286 1853
285 1853
284 1853
283 1852
282 1852
281 1852
280 1852
279 1852
278 1852
277 1852
276 1852
275 1852
274 1852
273 1852
272 1852
271 1852
270 1852
269 1852
268 1852
267 1851
266 1851
265 1850
264 1850
263 1850
262 1850
261 1850
260 1850
259 1850
258 1850
257 1850
256 1850
255 1850
254 1851
253 1851
252 1851
251 1851
250 1851
249 1851
248 1851
247 1851
246 1850
245 1850
244 1850
243 1850
242 1850
241 1850
240 1850
239 1850
238 1851
237 1851
236 1851
235 1851
234 1850
233 1850
232 1850
231 1850
230 1850
229 1850
228 1850
227 1849
226 1849
225 1848
224 1847
223 1847
222 1846
221 1845
220 1845
219 1844
218 1844
217 1843
216 1843
215 1843
214 1842
213 1842
212 1842
211 1842
210 1842
209 1842
208 1842
207 1842
206 1842
