229 1890
228 1891
227 1891
226 1891
225 1891
224 1892
223 1893
222 1893
221 1893
220 1893
219 1893
218 1893
217 1894
216 1894
215 1894
214 1895
213 1895
212 1896
211 1896
210 1896
209 1897
208 1898
207 1898
206 1898
205 1898
204 1899
203 1899
202 1899
201 1899
200 1900
199 1900
198 1901
197 1902
196 1902
195 1903
194 1903
193 1904
192 1904
191 1904
190 1905
189 1905
188 1905
187 1906
186 1906
185 1906
184 1906
183 1907
183 1908
182 1909
182 1910
183 1911
184 1912
185 1912
186 1913
187 1913
188 1914
189 1914
190 1914
191 1915
192 1915
193 1915
194 1915
195 1915
196 1916
197 1916
198 1916
199 1917
200 1917
201 1918
202 1918
203 1918
204 1918
205 1918
206 1918
207 1918
208 1918
209 1918
210 1918
211 1918
212 1919
213 1919
214 1919
215 1920
216 1920
217 1920
218 1920
219 1920
220 1920
221 1920
222 1920
223 1920
224 1920
225 1920
226 1920
227 1920
228 1920
229 1920
230 1921
231 1921
232 1921
233 1921
234 1921
235 1921
236 1922
237 1922
238 1922
239 1922
240 1922
241 1923
242 1923
243 1923
244 1923
245 1924
246 1924
247 1924
248 1925
249 1925
250 1925
251 1925
252 1926
253 1926
254 1926
255 1927
256 1928
257 1928
258 1929
259 1929
260 1930
261 1930
262 1930
263 1931
264 1931
265 1931
266 1932
267 1932
268 1933
269 1933
270 1933
271 1934
272 1934
273 1934
274 1934
275 1934
276 1934
277 1934
278 1934
279 1934
280 1933
281 1933
282 1932
283 1931
284 1931
285 1930
286 1930
287 1929
288 1929
289 1929
290 1928
291 1928
292 1927
293 1927
294 1926
295 1926
296 1926
297 1926
298 1925
298 1924
298 1923
298 1922
299 1921
299 1920
299 1919
300 1918
300 1917
301 1916
301 1915
301 1914
301 1913
302 1912
302 1911
302 1910
303 1909
303 1908
303 1907
303 1906
303 1905
302 1905
301 1904
300 1904
299 1904
298 1904
297 1903
296 1903
295 1902
294 1902
293 1902
292 1901
291 1901
290 1900
289 1900
288 1899
287 1899
286 1898
285 1897
284 1897
283 1896
282 1895
281 1895
280 1894
279 1894
278 1894
277 1894
276 1893
275 1893
274 1893
273 1892
272 1892
271 1892
270 1892
269 1892
268 1892
267 1892
266 1892
265 1892
264 1892
263 1892
262 1892
261 1892
260 1892
259 1892
258 1892
257 1892
256 1892
255 1892
254 1892
253 1892
252 1892
251 1891
250 1891
249 1891
248 1891
247 1890
246 1890
245 1890
244 1890
243 1890
242 1890
241 1890
240 1890
239 1890
238 1890
237 1890
236 1890
235 1890
234 1890
233 1890
232 1890
231 1890
230 1890
229 1890
