1512 702
1511 703
1510 703
1509 704
1508 705
1507 706
1506 707
1505 708
1504 709
1503 710
1502 711
1501 711
1500 712
1499 712
1498 712
1497 712
1496 712
1495 712
1494 711
1493 711
1492 711
1491 711
1490 710
1489 710
1488 710
1487 711
1486 711
1485 711
1484 712
1483 713
1482 713
1481 714
1480 714
1479 715
1478 715
1477 716
1476 717
1475 718
1474 719
1473 720
1472 721
1472 722
1471 723
1471 724
1470 725
1470 726
1469 727
1468 728
1467 729
1467 730
1467 731
1466 732
1465 733
1465 734
1464 735
1464 736
1463 737
1463 738
1463 739
1463 740
1463 741
1463 742
1463 743
1463 744
1463 745
1464 746
1465 747
1466 747
1467 747
1468 748
1469 748
1470 748
1471 749
1472 749
1473 750
1474 750
1475 751
1476 752
1477 752
1478 753
1479 753
1480 753
1481 754
1482 754
1483 754
1484 755
1485 755
1486 756
1487 756
1488 756
1489 756
1490 756
1491 757
1492 757
1493 757
1494 758
1495 758
1496 758
1497 758
1498 758
1499 758
1500 759
1501 760
1502 760
1503 760
1504 761
1505 761
1506 761
1507 762
1508 762
1509 762
1510 763
1511 764
1512 764
1513 765
1514 766
1515 766
1516 766
1517 766
1518 766
1519 766
1520 766
1521 766
1522 766
1523 766
1524 766
1525 766
1526 765
1527 764
1527 763
1528 762
1529 762
1530 761
1531 762
1532 762
1533 763
1534 764
1535 765
1536 765
1537 766
1538 766
1539 766
1540 766
1541 766
1542 766
1543 765
1544 765
1545 765
1546 765
1547 765
1548 765
1549 765
1550 765
1551 765
1552 765
1553 765
1554 765
1555 765
1556 765
1557 764
1558 764
1559 764
1560 764
1561 764
1562 764
1563 764
1564 764
1565 764
1566 764
1567 764
1568 764
1569 764
1570 764
1571 763
1572 763
1573 763
1574 763
1575 763
1576 763
1577 762
1578 762
1579 761
1580 761
1581 760
1582 759
1582 758
1583 757
1584 756
1585 755
1586 755
1587 755
1588 755
1589 755
1590 755
1591 755
1592 755
1593 755
1594 755
1595 754
1596 753
1597 753
1598 753
1599 752
1600 752
1601 751
1601 750
1602 749
1602 748
1602 747
1603 746
1603 745
1604 744
1604 743
1605 742
1605 741
1605 740
1605 739
1605 738
1605 737
1604 736
1604 735
1604 734
1603 733
1602 732
1602 731
1601 730
1601 729
1601 728
1601 727
1600 726
1600 725
1599 724
1599 723
1598 722
1597 721
1596 720
1596 719
1595 718
1594 717
1593 716
1592 716
1591 715
1590 715
1589 715
1588 715
1587 715
1586 715
1585 715
1584 715
1583 715
1582 715
1581 715
1580 715
1579 715
1578 715
1577 715
1576 715
1575 715
1574 715
1573 714
1572 714
1571 714
1570 714
1569 713
1568 713
1567 713
1566 713
1565 712
1564 712
1563 712
1562 712
1561 711
1560 711
1559 711
1558 710
1557 710
1556 710
1555 709
1554 709
1553 709
1552 709
1551 708
1550 708
1549 708
1548 707
1547 707
1546 706
1545 706
1544 706
1543 705
1542 705
1541 705
1540 704
1539 704
1538 704
1537 704
1536 704
1535 704
1534 704
1533 703
1532 703
1531 703
1530 703
1529 703
1528 703
1527 703
1526 703
1525 703
1524 703
1523 703
1522 703
1521 702
1520 702
1519 702
1518 702
1517 702
1516 702
1515 702
1514 702
1513 702
1512 702
