210 1691
209 1692
208 1692
207 1692
206 1692
205 1693
204 1693
203 1693
202 1694
201 1694
200 1695
199 1695
198 1695
197 1695
196 1695
195 1695
194 1695
193 1696
192 1697
191 1697
190 1698
189 1698
188 1698
187 1699
186 1700
185 1700
184 1701
183 1701
182 1702
181 1702
180 1703
179 1703
178 1703
177 1704
176 1704
175 1704
174 1704
173 1704
172 1704
171 1704
170 1704
169 1704
168 1704
167 1703
166 1704
165 1704
164 1704
163 1704
162 1705
161 1705
160 1706
159 1707
158 1708
158 1709
157 1710
157 1711
157 1712
157 1713
157 1714
157 1715
157 1716
157 1717
158 1718
158 1719
158 1720
158 1721
158 1722
158 1723
159 1724
159 1725
159 1726
160 1727
160 1728
160 1729
160 1730
160 1731
161 1732
162 1733
163 1734
163 1735
163 1736
164 1737
164 1738
165 1739
165 1740
166 1741
167 1742
167 1743
167 1744
168 1745
168 1746
169 1747
169 1748
169 1749
170 1750
170 1751
171 1752
172 1753
173 1754
173 1755
173 1756
174 1757
174 1758
175 1759
175 1760
176 1761
176 1762
177 1763
178 1764
179 1765
179 1766
180 1767
180 1768
181 1769
181 1770
182 1771
183 1772
184 1773
185 1773
186 1774
187 1775
188 1775
189 1776
190 1777
191 1778
192 1779
193 1780
194 1781
195 1782
196 1783
197 1783
198 1784
199 1784
200 1785
201 1785
202 1786
203 1786
204 1786
205 1786
206 1786
207 1786
208 1786
209 1786
210 1786
211 1786
212 1785
213 1785
214 1784
215 1784
216 1784
217 1785
218 1786
219 1786
220 1787
221 1787
222 1788
223 1788
224 1789
225 1789
226 1789
227 1790
228 1790
229 1790
230 1791
231 1791
232 1791
233 1791
234 1792
235 1792
236 1792
237 1792
238 1793
239 1793
240 1793
241 1793
242 1793
243 1794
244 1794
245 1794
246 1795
247 1795
248 1795
249 1795
250 1796
251 1796
252 1796
253 1796
254 1796
255 1796
256 1796
257 1796
258 1796
259 1797
260 1797
261 1797
262 1797
263 1797
264 1797
265 1797
266 1797
267 1797
268 1798
269 1798
270 1798
271 1798
272 1798
273 1798
274 1798
275 1798
276 1798
277 1798
278 1798
279 1798
280 1798
281 1798
282 1798
283 1798
284 1798
285 1798
286 1798
287 1798
288 1798
289 1798
290 1798
291 1798
292 1798
293 1798
294 1798
295 1798
296 1798
297 1798
298 1798
299 1798
300 1798
301 1798
302 1798
303 1798
304 1798
305 1798
306 1798
307 1798
308 1798
309 1797
310 1797
311 1797
312 1797
313 1797
314 1797
315 1796
316 1796
317 1795
318 1795
319 1795
320 1794
321 1794
322 1793
323 1793
324 1792
325 1792
326 1792
327 1792
328 1792
329 1791
330 1790
331 1790
332 1789
333 1789
334 1789
335 1789
336 1788
337 1788
338 1787
339 1787
340 1787
341 1787
342 1787
343 1786
344 1786
345 1786
346 1785
347 1785
348 1784
349 1784
350 1784
351 1783
352 1783
353 1782
354 1781
355 1780
356 1779
357 1778
358 1777
358 1776
358 1775
358 1774
358 1773
359 1772
359 1771
359 1770
360 1769
360 1768
360 1767
360 1766
360 1765
360 1764
360 1763
360 1762
360 1761
360 1760
360 1759
360 1758
361 1757
361 1756
361 1755
360 1754
360 1753
360 1752
360 1751
359 1750
359 1749
358 1748
357 1747
356 1746
355 1745
355 1744
354 1743
353 1742
352 1741
352 1740
351 1739
351 1738
350 1737
350 1736
349 1735
348 1734
347 1734
346 1733
345 1733
344 1732
343 1731
342 1731
341 1730
340 1729
339 1728
338 1727
337 1726
337 1725
336 1724
335 1723
335 1722
334 1721
333 1720
333 1719
332 1718
331 1717
330 1716
329 1715
328 1714
327 1713
326 1712
325 1712
324 1711
323 1710
322 1710
321 1709
320 1709
319 1708
318 1708
317 1708
316 1707
315 1707
314 1706
313 1706
312 1705
311 1705
310 1705
309 1705
308 1705
307 1705
306 1705
305 1705
304 1705
303 1705
302 1705
301 1704
300 1704
299 1703
298 1702
297 1701
296 1701
295 1700
294 1700
293 1700
292 1700
291 1700
290 1700
289 1700
288 1700
287 1700
286 1700
285 1701
284 1701
283 1701
282 1702
281 1702
280 1702
279 1702
278 1702
277 1702
276 1702
275 1702
274 1703
273 1703
272 1704
271 1704
270 1704
269 1705
268 1705
267 1705
266 1705
265 1705
264 1705
263 1705
262 1705
261 1705
260 1706
259 1706
258 1706
257 1706
256 1706
255 1706
254 1706
253 1706
252 1706
251 1706
250 1706
249 1706
248 1706
247 1706
246 1706
245 1705
244 1705
243 1705
242 1704
241 1704
240 1704
239 1703
238 1703
237 1703
236 1702
235 1702
234 1701
233 1700
232 1700
231 1699
230 1698
229 1697
228 1696
227 1695
226 1695
225 1694
224 1693
223 1692
222 1692
221 1691
220 1691
219 1691
218 1691
217 1691
216 1691
215 1691
214 1691
213 1691
212 1691
211 1691
210 1691
