689 2054
688 2055
687 2055
686 2056
685 2057
684 2058
683 2058
682 2059
681 2059
680 2060
679 2061
679 2062
678 2063
678 2064
678 2065
678 2066
678 2067
678 2068
678 2069
678 2070
678 2071
678 2072
678 2073
678 2074
678 2075
678 2076
678 2077
678 2078
678 2079
678 2080
678 2081
678 2082
678 2083
679 2084
680 2085
680 2086
681 2087
682 2088
683 2089
684 2089
685 2090
686 2091
687 2091
688 2092
689 2093
690 2094
691 2095
692 2096
693 2097
694 2098
695 2098
696 2099
697 2099
698 2099
699 2099
700 2099
701 2099
702 2100
703 2100
704 2100
705 2100
706 2101
707 2101
708 2102
709 2102
710 2103
711 2104
712 2105
713 2105
714 2106
715 2106
716 2107
717 2108
718 2109
719 2109
720 2110
721 2110
722 2110
723 2111
724 2112
725 2112
726 2113
727 2113
728 2114
729 2115
730 2115
731 2115
732 2115
733 2116
734 2116
735 2116
736 2117
737 2117
738 2118
739 2119
740 2120
741 2120
742 2121
743 2121
744 2122
745 2122
746 2122
747 2122
748 2123
749 2123
750 2124
751 2124
752 2125
753 2125
754 2125
755 2126
756 2127
757 2127
758 2127
759 2127
760 2127
761 2127
762 2127
763 2127
764 2127
765 2127
766 2128
767 2128
768 2128
769 2129
770 2129
771 2129
772 2129
773 2129
774 2129
775 2129
776 2130
777 2130
778 2130
779 2130
780 2130
781 2130
782 2130
783 2130
784 2130
785 2130
786 2130
787 2130
788 2130
789 2130
790 2130
791 2129
792 2129
793 2128
794 2128
795 2127
796 2127
797 2126
798 2126
799 2126
800 2126
801 2126
802 2126
803 2126
804 2126
805 2126
806 2125
807 2125
808 2125
809 2125
810 2125
811 2125
812 2125
813 2126
814 2127
815 2127
816 2127
817 2128
818 2127
819 2127
820 2127
821 2126
822 2125
823 2124
824 2123
825 2122
825 2121
826 2120
827 2119
827 2118
828 2117
828 2116
828 2115
829 2114
830 2113
830 2112
831 2111
831 2110
832 2109
833 2108
833 2107
833 2106
833 2105
833 2104
833 2103
834 2102
834 2101
834 2100
835 2099
834 2098
834 2097
834 2096
834 2095
834 2094
834 2093
833 2092
833 2091
833 2090
833 2089
833 2088
833 2087
833 2086
833 2085
833 2084
832 2083
832 2082
831 2081
831 2080
831 2079
830 2078
830 2077
830 2076
830 2075
830 2074
830 2073
830 2072
830 2071
829 2070
828 2069
827 2068
826 2067
825 2066
824 2066
823 2065
822 2065
821 2065
820 2064
819 2064
818 2064
817 2064
816 2064
815 2064
814 2064
813 2064
812 2065
811 2065
810 2066
809 2066
808 2066
807 2067
806 2067
805 2068
804 2068
803 2068
802 2068
801 2068
800 2068
799 2068
798 2068
797 2068
796 2068
795 2068
794 2068
793 2068
792 2068
791 2068
790 2068
789 2068
788 2069
787 2069
786 2069
785 2069
784 2070
783 2069
782 2069
781 2069
780 2069
779 2069
778 2069
777 2069
776 2069
775 2070
774 2070
773 2070
772 2071
771 2071
770 2071
769 2071
768 2071
767 2071
766 2071
765 2071
764 2071
763 2071
762 2071
761 2071
760 2071
759 2071
758 2071
757 2071
756 2071
755 2071
754 2071
753 2071
752 2071
751 2071
750 2071
749 2071
748 2071
747 2071
746 2071
745 2070
744 2069
743 2068
742 2068
741 2068
740 2068
739 2068
738 2068
737 2068
736 2068
735 2068
734 2068
733 2068
732 2068
731 2068
730 2068
729 2068
728 2068
727 2067
726 2067
725 2066
724 2066
723 2065
722 2065
721 2065
720 2065
719 2065
718 2064
717 2063
716 2063
715 2063
714 2063
713 2063
712 2063
711 2063
710 2063
709 2063
708 2063
707 2063
706 2063
705 2063
704 2062
703 2062
702 2061
701 2060
700 2060
699 2060
698 2060
697 2059
696 2059
695 2058
694 2057
693 2056
692 2055
691 2055
690 2054
689 2054
