822 2021
821 2022
820 2022
819 2022
818 2022
817 2023
816 2023
815 2024
814 2025
813 2026
812 2027
811 2028
810 2028
809 2029
808 2029
807 2030
806 2030
805 2030
804 2030
803 2030
802 2031
801 2032
800 2032
799 2033
798 2033
797 2033
796 2033
795 2033
794 2033
793 2034
792 2034
791 2034
790 2035
789 2035
788 2036
787 2036
786 2036
785 2037
784 2038
783 2039
782 2040
781 2040
780 2041
779 2041
778 2041
777 2041
776 2042
775 2043
774 2044
773 2044
772 2045
771 2045
770 2045
769 2046
768 2046
767 2047
766 2047
765 2048
764 2048
763 2048
762 2048
761 2049
760 2049
759 2050
758 2050
757 2051
756 2051
755 2052
754 2053
754 2054
753 2055
752 2056
751 2057
750 2058
749 2058
748 2059
747 2059
747 2060
747 2061
747 2062
748 2062
749 2063
750 2064
751 2064
752 2065
753 2066
754 2066
755 2067
756 2067
757 2068
758 2068
759 2069
760 2069
761 2070
762 2070
763 2071
764 2071
765 2072
766 2072
767 2073
768 2074
769 2074
770 2075
771 2075
772 2076
773 2076
774 2077
775 2078
776 2078
777 2079
778 2079
779 2079
780 2079
781 2080
782 2080
783 2080
784 2080
785 2081
786 2081
787 2081
788 2081
789 2082
790 2082
791 2082
792 2082
793 2083
794 2083
795 2083
796 2083
797 2083
798 2083
799 2083
800 2083
801 2083
802 2083
803 2083
804 2083
805 2084
806 2084
807 2084
808 2084
809 2084
810 2085
811 2085
812 2085
813 2086
814 2086
815 2086
816 2086
817 2087
818 2087
819 2088
820 2088
821 2088
822 2088
823 2088
824 2088
825 2088
826 2088
827 2088
828 2088
829 2087
830 2087
831 2087
832 2086
833 2086
834 2086
835 2086
836 2086
837 2086
838 2086
839 2086
840 2085
841 2085
842 2085
843 2084
844 2084
845 2083
846 2083
847 2083
848 2083
849 2083
850 2082
851 2082
852 2082
853 2081
854 2081
855 2081
856 2081
857 2081
858 2081
859 2081
860 2081
861 2081
862 2080
863 2080
864 2080
865 2079
866 2078
866 2077
867 2076
867 2075
868 2074
869 2073
869 2072
869 2071
870 2070
870 2069
870 2068
871 2067
871 2066
871 2065
871 2064
871 2063
871 2062
870 2061
870 2060
870 2059
870 2058
870 2057
870 2056
870 2055
870 2054
871 2053
870 2052
870 2051
870 2050
869 2049
868 2048
867 2047
867 2046
867 2045
867 2044
866 2043
866 2042
865 2041
865 2040
864 2039
863 2039
862 2038
861 2038
860 2037
859 2036
858 2036
857 2035
856 2035
855 2035
854 2035
853 2034
852 2034
851 2033
850 2033
849 2032
848 2031
847 2030
846 2029
845 2028
844 2027
843 2026
842 2025
841 2024
840 2024
839 2023
838 2023
837 2023
836 2022
835 2022
834 2022
833 2022
832 2022
831 2021
830 2021
829 2021
828 2021
827 2021
826 2021
825 2021
824 2021
823 2021
822 2021
