930 1458
929 1459
928 1459
927 1459
926 1460
925 1460
924 1461
923 1461
922 1461
921 1461
920 1461
919 1461
918 1461
917 1461
916 1461
915 1462
914 1462
913 1463
912 1463
911 1463
910 1463
909 1464
908 1464
907 1464
906 1464
905 1464
904 1465
903 1465
902 1465
901 1466
900 1466
899 1466
898 1467
897 1467
896 1467
895 1467
894 1468
893 1468
892 1469
891 1470
890 1471
889 1472
889 1473
889 1474
889 1475
889 1476
889 1477
889 1478
889 1479
889 1480
890 1481
890 1482
891 1483
892 1484
893 1485
894 1486
895 1487
896 1488
897 1489
898 1490
899 1491
900 1492
901 1493
902 1493
903 1494
904 1494
905 1495
906 1495
907 1496
908 1496
909 1496
910 1497
911 1497
912 1497
913 1497
914 1497
915 1498
916 1498
917 1499
918 1500
919 1500
920 1501
921 1501
922 1501
923 1501
924 1502
925 1502
926 1502
927 1502
928 1502
929 1502
930 1503
931 1503
932 1504
933 1504
934 1505
935 1505
936 1505
937 1506
938 1506
939 1506
940 1506
941 1506
942 1506
943 1507
944 1507
945 1507
946 1507
947 1507
948 1507
949 1507
950 1507
951 1507
952 1506
953 1506
954 1505
955 1505
956 1504
957 1503
958 1502
959 1501
960 1500
961 1499
962 1498
962 1497
962 1496
962 1495
962 1494
962 1493
962 1492
962 1491
962 1490
962 1489
962 1488
962 1487
962 1486
962 1485
962 1484
962 1483
962 1482
961 1481
961 1480
960 1479
960 1478
960 1477
960 1476
960 1475
960 1474
960 1473
959 1472
959 1471
959 1470
959 1469
959 1468
958 1467
958 1466
957 1465
957 1464
956 1463
956 1462
955 1461
954 1460
953 1460
952 1459
951 1459
950 1458
949 1458
948 1458
947 1458
946 1458
945 1458
944 1458
943 1458
942 1458
941 1458
940 1458
939 1458
938 1458
937 1458
936 1458
935 1458
934 1458
933 1458
932 1458
931 1458
930 1458
