592 242
591 243
590 243
589 244
588 245
587 245
586 246
585 247
584 247
583 248
582 249
581 249
580 250
579 251
578 251
577 252
576 253
575 254
574 255
573 255
572 255
571 256
570 257
569 258
568 258
567 259
566 260
565 260
564 261
563 261
562 262
561 263
560 263
559 264
558 265
557 265
556 266
555 267
554 267
553 268
552 269
551 270
550 270
549 271
548 272
547 272
546 273
545 274
544 275
543 276
542 276
541 277
540 277
539 277
538 278
537 279
537 280
538 281
539 282
540 283
541 284
542 285
543 286
544 287
545 287
546 287
547 288
548 288
549 288
550 288
551 288
552 287
553 287
554 287
555 286
556 286
557 286
558 286
559 286
560 286
561 286
562 286
563 285
564 285
565 285
566 285
567 285
568 285
569 285
570 285
571 285
572 285
573 285
574 285
575 285
576 285
577 285
578 285
579 285
580 286
581 286
582 286
583 286
584 286
585 286
586 286
587 287
588 287
589 287
590 288
591 288
592 288
593 288
594 288
595 288
596 288
597 288
598 288
599 288
600 288
601 288
602 288
603 288
604 288
605 289
606 289
607 289
608 289
609 289
610 289
611 289
612 290
613 290
614 290
615 291
616 291
617 291
618 291
619 291
620 291
621 292
622 292
623 292
624 293
625 293
626 293
627 294
628 294
629 294
630 294
631 295
632 295
633 295
634 296
635 296
636 296
637 296
638 297
639 297
640 297
641 298
642 298
643 298
644 298
645 298
646 299
647 299
648 299
649 299
650 299
651 299
652 299
653 299
654 299
655 299
656 299
657 299
658 299
659 299
660 299
661 299
662 299
663 299
664 299
665 299
666 299
667 298
668 298
669 297
670 296
671 295
672 294
673 293
673 292
674 291
674 290
675 289
675 288
676 287
676 286
676 285
676 284
676 283
676 282
676 281
676 280
676 279
676 278
676 277
676 276
676 275
676 274
676 273
676 272
676 271
675 270
675 269
674 268
673 267
673 266
672 265
672 264
672 263
671 262
670 261
669 260
668 259
667 258
666 257
665 257
664 256
663 256
662 255
661 255
660 254
659 254
658 253
657 253
656 253
655 253
654 252
653 252
652 252
651 251
650 250
649 250
648 249
647 248
646 248
645 247
644 247
643 247
642 247
641 247
640 247
639 247
638 247
637 247
636 246
635 246
634 246
633 246
632 245
631 245
630 245
629 245
628 245
627 245
626 245
625 245
624 245
623 245
622 245
621 245
620 245
619 245
618 245
617 245
616 245
615 245
614 245
613 245
612 245
611 245
610 245
609 245
608 245
607 245
606 245
605 245
604 244
603 244
602 244
601 244
600 243
599 243
598 243
597 243
596 242
595 242
594 242
593 242
592 242
