501 1117
500 1118
499 1118
498 1119
497 1119
496 1120
495 1120
494 1120
493 1120
492 1120
491 1121
490 1121
489 1122
488 1122
487 1122
486 1122
485 1123
484 1123
483 1123
482 1123
481 1123
480 1123
479 1123
478 1123
477 1123
476 1124
475 1124
474 1125
473 1125
472 1125
471 1126
470 1126
469 1126
468 1126
467 1126
466 1126
465 1126
464 1126
463 1126
462 1126
461 1126
460 1126
459 1126
458 1126
457 1126
456 1126
455 1126
454 1126
453 1126
452 1126
451 1126
450 1126
449 1127
448 1127
447 1127
446 1127
445 1127
444 1127
443 1127
442 1127
441 1127
440 1127
439 1126
438 1126
437 1126
436 1126
435 1126
434 1126
433 1126
432 1126
431 1126
430 1126
429 1127
428 1127
427 1127
426 1127
425 1127
424 1127
423 1127
422 1127
421 1127
420 1128
419 1128
418 1129
417 1129
416 1129
415 1130
414 1131
414 1132
414 1133
414 1134
414 1135
414 1136
414 1137
414 1138
414 1139
415 1140
416 1141
417 1142
418 1143
419 1143
420 1144
421 1145
422 1145
423 1145
424 1145
425 1146
426 1146
427 1147
428 1147
429 1148
430 1148
431 1148
432 1149
433 1149
434 1149
435 1150
436 1150
437 1151
438 1152
439 1152
440 1153
441 1153
442 1153
443 1154
444 1154
445 1155
446 1155
447 1155
448 1156
449 1157
450 1157
451 1158
452 1158
453 1159
454 1159
455 1159
456 1160
457 1160
458 1160
459 1161
460 1162
461 1163
462 1163
463 1163
464 1164
465 1164
466 1165
467 1165
468 1166
469 1166
470 1167
471 1168
472 1168
473 1169
474 1169
475 1170
476 1170
477 1171
478 1171
479 1172
480 1172
481 1173
482 1174
483 1175
484 1175
485 1175
486 1176
487 1177
488 1177
489 1178
490 1179
491 1179
492 1179
493 1179
494 1180
495 1180
496 1180
497 1181
498 1181
499 1181
500 1182
501 1183
502 1183
503 1183
504 1184
505 1184
506 1184
507 1184
508 1184
509 1184
510 1184
511 1184
512 1184
513 1184
514 1184
515 1184
516 1183
517 1182
518 1182
519 1182
520 1183
521 1183
522 1183
523 1183
524 1182
525 1181
526 1180
527 1180
528 1179
529 1179
530 1179
531 1179
532 1179
533 1179
534 1178
535 1178
536 1178
537 1177
538 1176
539 1176
540 1176
541 1175
542 1175
543 1174
544 1174
545 1173
546 1173
547 1173
548 1173
549 1172
550 1172
551 1171
552 1170
552 1169
552 1168
552 1167
552 1166
552 1165
552 1164
552 1163
552 1162
552 1161
552 1160
552 1159
552 1158
552 1157
551 1156
551 1155
551 1154
550 1153
549 1152
548 1151
547 1150
546 1149
545 1148
544 1147
543 1146
542 1145
541 1144
540 1144
539 1143
538 1142
537 1141
536 1140
535 1139
534 1138
533 1137
532 1136
531 1135
530 1134
529 1133
528 1132
527 1131
526 1130
525 1129
524 1128
523 1127
522 1126
521 1126
520 1125
519 1124
518 1124
517 1123
516 1122
515 1122
514 1121
513 1121
512 1120
511 1120
510 1119
509 1119
508 1118
507 1118
506 1117
505 1117
504 1117
503 1117
502 1117
501 1117
