1356 1524
1356 1525
1356 1526
1356 1527
1356 1528
1355 1529
1354 1530
1353 1531
1352 1531
1351 1532
1350 1533
1349 1533
1348 1534
1347 1534
1346 1535
1345 1535
1344 1536
1343 1537
1342 1537
1341 1538
1340 1539
1339 1539
1338 1540
1337 1541
1336 1541
1335 1542
1334 1542
1333 1543
1332 1543
1331 1544
1330 1545
1329 1546
1328 1547
1327 1547
1326 1548
1325 1548
1324 1549
1323 1549
1322 1550
1321 1550
1320 1551
1319 1552
1318 1552
1317 1553
1316 1554
1315 1554
1314 1554
1313 1555
1312 1556
1311 1556
1310 1557
1309 1558
1308 1558
1307 1559
1306 1559
1305 1560
1304 1560
1303 1560
1302 1561
1301 1561
1300 1562
1299 1562
1298 1563
1297 1563
1296 1564
1295 1564
1294 1565
1293 1565
1292 1566
1291 1567
1290 1567
1289 1568
1288 1568
1287 1569
1286 1569
1285 1569
1284 1570
1283 1570
1282 1571
1281 1571
1280 1572
1279 1573
1278 1573
1277 1573
1276 1574
1275 1574
1274 1574
1273 1575
1272 1575
1271 1576
1270 1576
1269 1577
1268 1578
1267 1578
1266 1578
1265 1579
1264 1579
1263 1579
1262 1580
1261 1580
1260 1581
1259 1581
1258 1582
1257 1582
1256 1583
1255 1583
1254 1583
1253 1583
1252 1583
1251 1584
1250 1584
1249 1584
1248 1585
1247 1585
1246 1585
1245 1586
1244 1586
1243 1586
1242 1587
1241 1587
1240 1587
1239 1587
1238 1587
1237 1587
1236 1587
1235 1587
1234 1588
1233 1588
1232 1588
1231 1588
1230 1588
1229 1589
1228 1589
1227 1590
1226 1590
1225 1591
1224 1591
1223 1591
1222 1591
1221 1591
1220 1591
1219 1592
1218 1592
1217 1593
1216 1593
1215 1593
1214 1593
1213 1594
1212 1594
1211 1594
1210 1594
1209 1595
1208 1595
1207 1596
1206 1596
1206 1597
1205 1598
1205 1599
1205 1600
1205 1601
1205 1602
1205 1603
1205 1604
1205 1605
1205 1606
1206 1607
1206 1608
1207 1609
1208 1610
1209 1611
1210 1612
1211 1613
1212 1613
1213 1613
1214 1613
1215 1614
1216 1614
1217 1614
1218 1615
1219 1615
1220 1615
1221 1616
1222 1616
1223 1617
1224 1617
1225 1618
1226 1618
1227 1618
1228 1618
1229 1618
1230 1619
1231 1619
1232 1619
1233 1620
1234 1620
1235 1620
1236 1621
1237 1621
1238 1621
1239 1621
1240 1621
1241 1622
1242 1622
1243 1622
1244 1622
1245 1623
1246 1623
1247 1623
1248 1624
1249 1624
1250 1624
1251 1624
1252 1625
1253 1625
1254 1625
1255 1626
1256 1626
1257 1626
1258 1627
1259 1627
1260 1627
1261 1627
1262 1628
1263 1628
1264 1628
1265 1628
1266 1629
1267 1629
1268 1630
1269 1630
1270 1630
1271 1631
1272 1631
1273 1631
1274 1631
1275 1632
1276 1632
1277 1633
1278 1633
1279 1633
1280 1633
1281 1634
1282 1634
1283 1634
1284 1635
1285 1635
1286 1635
1287 1636
1288 1636
1289 1636
1290 1637
1291 1637
1292 1637
1293 1637
1294 1638
1295 1638
1296 1639
1297 1639
1298 1639
1299 1640
1300 1640
1301 1640
1302 1641
1303 1641
1304 1642
1305 1642
1306 1642
1307 1642
1308 1642
1309 1643
1310 1643
1311 1644
1312 1644
1313 1645
1314 1645
1315 1646
1316 1646
1317 1646
1318 1647
1319 1647
1320 1647
1321 1647
1322 1648
1323 1648
1324 1648
1325 1649
1326 1649
1327 1649
1328 1650
1329 1650
1330 1651
1331 1651
1332 1651
1333 1652
1334 1652
1335 1652
1336 1653
1337 1654
1338 1654
1339 1654
1340 1655
1341 1655
1342 1655
1343 1655
1344 1655
1345 1656
1346 1656
1347 1657
1348 1657
1349 1657
1350 1658
1351 1658
1352 1658
1353 1658
1354 1658
1355 1659
1356 1659
1357 1659
1358 1659
1359 1660
1360 1660
1361 1660
1362 1660
1363 1660
1364 1660
1365 1660
1366 1660
1367 1660
1368 1660
1369 1660
1370 1660
1371 1660
1372 1661
1373 1661
1374 1661
1375 1662
1376 1662
1377 1662
1378 1662
1379 1662
1380 1662
1381 1662
1382 1662
1383 1662
1384 1662
1385 1662
1386 1663
1387 1663
1388 1663
1389 1664
1390 1664
1391 1664
1392 1664
1393 1664
1394 1664
1395 1664
1396 1664
1397 1664
1398 1664
1399 1664
1400 1664
1401 1664
1402 1664
1403 1664
1404 1664
1405 1664
1406 1664
1407 1664
1408 1664
1409 1664
1410 1664
1411 1664
1412 1664
1413 1664
1414 1664
1415 1664
1416 1664
1417 1664
1418 1664
1419 1663
1420 1663
1421 1663
1422 1663
1423 1664
1424 1664
1425 1664
1426 1664
1427 1664
1428 1664
1429 1664
1430 1664
1431 1664
1432 1664
1433 1664
1434 1664
1435 1664
1436 1664
1437 1664
1438 1664
1439 1664
1440 1664
1441 1664
1442 1664
1443 1664
1444 1664
1445 1663
1446 1663
1447 1663
1448 1663
1449 1663
1450 1663
1451 1663
1452 1663
1453 1662
1454 1662
1455 1662
1456 1662
1457 1662
1458 1662
1459 1662
1460 1662
1461 1662
1462 1662
1463 1662
1464 1662
1465 1662
1466 1662
1467 1662
1468 1662
1469 1663
1470 1663
1471 1663
1472 1663
1473 1663
1474 1663
1475 1663
1476 1663
1477 1663
1478 1663
1479 1663
1480 1663
1481 1663
1482 1663
1483 1663
1484 1663
1485 1663
1486 1663
1487 1663
1488 1663
1489 1662
1490 1662
1491 1662
1492 1662
1493 1662
1494 1662
1495 1662
1496 1661
1497 1661
1498 1661
1499 1660
1500 1660
1501 1660
1502 1660
1503 1660
1504 1660
1505 1660
1506 1659
1507 1659
1508 1660
1509 1660
1510 1660
1511 1660
1512 1660
1513 1660
1514 1660
1515 1660
1516 1661
1517 1661
1518 1661
1519 1662
1520 1662
1521 1662
1522 1662
1523 1662
1524 1662
1525 1662
1526 1662
1527 1662
1528 1663
1529 1663
1530 1663
1531 1662
1532 1662
1533 1661
1534 1660
1535 1660
1536 1659
1537 1658
1538 1657
1539 1656
1540 1655
1540 1654
1541 1653
1542 1652
1543 1651
1544 1650
1544 1649
1544 1648
1545 1647
1546 1646
1546 1645
1547 1644
1547 1643
1547 1642
1548 1641
1548 1640
1548 1639
1548 1638
1548 1637
1548 1636
1548 1635
1547 1634
1547 1633
1547 1632
1546 1631
1545 1630
1544 1629
1543 1628
1543 1627
1542 1626
1541 1625
1541 1624
1541 1623
1540 1622
1540 1621
1539 1620
1539 1619
1538 1618
1538 1617
1538 1616
1537 1615
1537 1614
1537 1613
1536 1612
1535 1611
1535 1610
1534 1609
1533 1608
1533 1607
1533 1606
1532 1605
1532 1604
1531 1603
1530 1602
1530 1601
1529 1600
1528 1599
1528 1598
1527 1597
1527 1596
1526 1595
1526 1594
1526 1593
1526 1592
1525 1591
1525 1590
1524 1589
1524 1588
1524 1587
1524 1586
1524 1585
1523 1584
1523 1583
1523 1582
1523 1581
1522 1580
1522 1579
1522 1578
1521 1577
1520 1576
1519 1575
1518 1574
1517 1573
1517 1572
1516 1571
1516 1570
1515 1569
1514 1568
1514 1567
1513 1566
1513 1565
1512 1564
1511 1563
1510 1562
1509 1561
1508 1560
1507 1560
1506 1560
1505 1560
1504 1560
1503 1560
1502 1560
1501 1560
1500 1560
1499 1560
1498 1560
1497 1560
1496 1560
1495 1560
1494 1560
1493 1560
1492 1560
1491 1560
1490 1560
1489 1560
1488 1560
1487 1560
1486 1560
1485 1560
1484 1560
1483 1559
1482 1559
1481 1559
1480 1558
1479 1558
1478 1558
1477 1558
1476 1558
1475 1558
1474 1557
1473 1557
1472 1557
1471 1557
1470 1557
1469 1557
1468 1557
1467 1557
1466 1557
1465 1557
1464 1557
1463 1557
1462 1557
1461 1557
1460 1556
1459 1555
1458 1555
1457 1554
1456 1554
1455 1554
1454 1553
1453 1553
1452 1553
1451 1553
1450 1553
1449 1553
1448 1552
1447 1552
1446 1552
1445 1552
1444 1552
1443 1552
1442 1552
1441 1551
1440 1551
1439 1551
1438 1550
1437 1550
1436 1550
1435 1549
1434 1549
1433 1549
1432 1549
1431 1549
1430 1548
1429 1548
1428 1548
1427 1547
1426 1547
1425 1546
1424 1546
1423 1545
1422 1545
1421 1544
1420 1544
1419 1543
1418 1543
1417 1542
1416 1541
1415 1541
1414 1540
1413 1540
1412 1539
1411 1539
1410 1538
1409 1538
1408 1537
1407 1537
1406 1536
1405 1536
1404 1535
1403 1534
1402 1534
1401 1533
1400 1533
1399 1532
1398 1531
1397 1531
1396 1531
1395 1530
1394 1530
1393 1529
1392 1529
1391 1529
1390 1528
1389 1528
1388 1527
1387 1527
1386 1527
1385 1526
1384 1526
1383 1526
1382 1526
1381 1525
1380 1525
1379 1525
1378 1525
1377 1525
1376 1525
1375 1524
1374 1524
1373 1524
1372 1524
1371 1524
1370 1524
1369 1524
1368 1524
1367 1524
1366 1524
1365 1524
1364 1524
1363 1524
1362 1524
1361 1524
1360 1524
1359 1524
1358 1524
1357 1524
1356 1524
