1136 45
1135 46
1134 46
1133 46
1132 47
1131 47
1130 48
1129 48
1128 48
1127 48
1126 48
1125 48
1124 49
1123 49
1122 49
1121 49
1120 49
1119 49
1118 49
1117 49
1116 49
1115 49
1114 49
1113 49
1112 49
1111 49
1110 49
1109 50
1108 50
1107 50
1106 50
1105 50
1104 50
1103 50
1102 50
1101 50
1100 50
1099 50
1098 50
1097 50
1096 50
1095 50
1094 51
1093 51
1092 51
1091 52
1090 52
1089 52
1088 52
1087 52
1086 53
1085 53
1084 54
1083 54
1082 55
1081 55
1080 56
1079 56
1078 57
1077 57
1076 58
1075 59
1074 60
1073 60
1072 60
1071 61
1070 61
1069 62
1068 63
1067 63
1066 63
1065 63
1064 64
1063 64
1062 65
1061 65
1060 65
1059 66
1058 66
1057 67
1056 67
1055 68
1054 68
1053 69
1052 69
1052 70
1051 71
1050 72
1050 73
1050 74
1050 75
1050 76
1051 76
1052 77
1053 78
1054 78
1055 79
1056 80
1057 80
1058 81
1059 81
1060 82
1061 83
1062 84
1063 84
1064 84
1065 85
1066 85
1067 86
1068 86
1069 87
1070 88
1071 89
1072 89
1073 90
1074 90
1075 91
1076 91
1077 91
1078 92
1079 92
1080 92
1081 92
1082 93
1083 94
1084 95
1085 96
1086 96
1087 97
1088 98
1089 99
1090 99
1091 100
1092 101
1093 101
1094 102
1095 102
1096 103
1097 104
1098 105
1099 106
1100 107
1101 107
1102 107
1103 108
1104 109
1105 109
1106 110
1107 111
1108 111
1109 111
1110 112
1111 111
1112 111
1113 111
1114 111
1115 111
1116 111
1117 111
1118 111
1119 111
1120 111
1121 112
1122 111
1123 111
1124 111
1125 110
1126 110
1127 110
1128 110
1129 110
1130 110
1131 109
1132 109
1133 109
1134 109
1135 109
1136 109
1137 109
1138 109
1139 109
1140 109
1141 109
1142 109
1143 110
1144 110
1145 110
1146 110
1147 110
1148 110
1149 110
1150 110
1151 110
1152 110
1153 109
1154 109
1155 109
1156 109
1157 109
1158 109
1159 109
1160 109
1161 108
1162 107
1163 106
1164 105
1165 104
1166 103
1167 102
1168 102
1169 102
1170 101
1171 101
1172 100
1172 99
1173 98
1173 97
1173 96
1174 95
1175 94
1176 93
1177 92
1177 91
1177 90
1178 89
1178 88
1179 87
1179 86
1179 85
1180 84
1181 83
1181 82
1181 81
1182 80
1182 79
1183 78
1183 77
1183 76
1183 75
1183 74
1182 73
1182 72
1181 71
1180 70
1179 69
1178 68
1177 67
1176 66
1176 65
1176 64
1175 63
1174 62
1173 61
1172 60
1171 59
1170 58
1169 57
1168 57
1167 56
1166 55
1165 54
1164 53
1163 52
1162 51
1161 50
1160 50
1159 49
1158 49
1157 49
1156 49
1155 49
1154 49
1153 49
1152 48
1151 47
1150 46
1149 46
1148 45
1147 45
1146 45
1145 45
1144 45
1143 46
1142 46
1141 46
1140 46
1139 46
1138 46
1137 46
1136 45
