1779 1081
1778 1082
1777 1082
1776 1082
1775 1082
1774 1083
1773 1083
1772 1083
1771 1083
1770 1083
1769 1083
1768 1083
1767 1083
1766 1083
1765 1083
1764 1083
1763 1083
1762 1083
1761 1083
1760 1083
1759 1083
1758 1083
1757 1083
1756 1083
1755 1083
1754 1083
1753 1083
1752 1083
1751 1083
1750 1083
1749 1083
1748 1083
1747 1083
1746 1083
1745 1083
1744 1083
1743 1083
1742 1083
1741 1083
1740 1083
1739 1083
1738 1083
1737 1083
1736 1083
1735 1083
1734 1083
1733 1083
1732 1083
1731 1084
1730 1084
1729 1084
1728 1085
1727 1085
1726 1085
1725 1085
1724 1085
1723 1085
1722 1085
1721 1085
1720 1085
1719 1085
1718 1085
1717 1085
1716 1085
1715 1085
1714 1085
1713 1085
1712 1085
1711 1085
1710 1085
1709 1085
1708 1085
1707 1085
1706 1085
1705 1085
1704 1085
1703 1086
1702 1086
1701 1086
1700 1086
1699 1087
1698 1087
1697 1087
1696 1087
1695 1087
1694 1087
1693 1087
1692 1087
1691 1087
1690 1087
1689 1087
1688 1087
1687 1087
1686 1087
1685 1087
1684 1087
1683 1087
1682 1087
1681 1087
1680 1087
1679 1087
1678 1087
1677 1087
1676 1087
1675 1087
1674 1087
1673 1087
1672 1087
1671 1087
1670 1087
1669 1087
1668 1087
1667 1087
1666 1087
1665 1087
1664 1087
1663 1087
1662 1087
1661 1087
1660 1087
1659 1087
1658 1087
1657 1088
1656 1088
1655 1089
1654 1090
1653 1091
1652 1091
1651 1092
1650 1092
1649 1092
1648 1092
1647 1092
1646 1092
1645 1092
1644 1092
1643 1092
1642 1092
1641 1092
1640 1092
1639 1092
1638 1092
1637 1092
1636 1092
1635 1092
1634 1092
1633 1093
1632 1093
1631 1093
1630 1093
1629 1094
1628 1094
1627 1094
1626 1094
1625 1094
1624 1094
1623 1094
1622 1094
1621 1094
1620 1094
1619 1094
1618 1094
1617 1094
1616 1094
1615 1094
1614 1094
1613 1094
1612 1094
1611 1094
1610 1094
1609 1094
1608 1094
1607 1094
1606 1094
1605 1093
1604 1093
1603 1092
1602 1091
1601 1091
1600 1090
1599 1090
1598 1090
1597 1090
1596 1090
1595 1090
1594 1090
1593 1090
1592 1090
1591 1091
1590 1092
1589 1092
1588 1093
1588 1094
1587 1095
1586 1095
1585 1095
1584 1095
1583 1095
1582 1095
1581 1096
1580 1096
1579 1096
1578 1097
1577 1097
1576 1097
1575 1097
1574 1097
1573 1097
1572 1097
1571 1097
1570 1098
1569 1098
1568 1098
1567 1099
1566 1099
1565 1099
1564 1099
1563 1099
1562 1099
1561 1099
1560 1099
1559 1099
1558 1099
1557 1099
1556 1099
1555 1099
1554 1099
1553 1099
1552 1100
1551 1100
1550 1100
1549 1101
1548 1101
1547 1101
1546 1101
1545 1101
1544 1101
1543 1101
1542 1101
1541 1101
1540 1101
1539 1101
1538 1101
1537 1101
1536 1101
1535 1101
1534 1101
1533 1101
1532 1102
1531 1102
1530 1102
1529 1103
1528 1103
1527 1103
1526 1103
1525 1103
1524 1103
1523 1103
1522 1103
1521 1103
1520 1103
1519 1103
1518 1103
1517 1103
1516 1103
1515 1103
1514 1103
1513 1103
1512 1103
1511 1103
1510 1103
1509 1102
1508 1102
1507 1102
1506 1101
1505 1101
1504 1101
1503 1101
1502 1101
1501 1101
1500 1101
1499 1101
1498 1101
1497 1101
1496 1101
1495 1101
1494 1101
1493 1101
1492 1101
1491 1101
1490 1101
1489 1101
1488 1101
1487 1100
1486 1100
1485 1100
1484 1099
1483 1099
1482 1099
1481 1099
1480 1099
1479 1099
1478 1099
1477 1099
1476 1099
1475 1099
1474 1099
1473 1099
1472 1099
1471 1099
1470 1099
1469 1099
1468 1099
1467 1099
1466 1099
1465 1099
1464 1099
1463 1099
1462 1099
1461 1099
1460 1099
1459 1099
1458 1099
1457 1099
1456 1099
1455 1099
1454 1099
1453 1099
1452 1099
1451 1099
1450 1099
1449 1099
1448 1099
1447 1099
1446 1099
1445 1099
1444 1099
1443 1099
1442 1099
1441 1099
1440 1099
1439 1099
1438 1099
1437 1099
1436 1099
1435 1099
1434 1100
1433 1100
1432 1101
1431 1102
1430 1102
1429 1103
1428 1103
1427 1103
1426 1103
1425 1102
1424 1102
1423 1102
1422 1101
1421 1101
1420 1101
1419 1101
1418 1101
1417 1101
1416 1101
1415 1101
1414 1101
1413 1101
1412 1101
1411 1101
1410 1101
1409 1100
1408 1100
1407 1100
1406 1100
1405 1099
1404 1099
1403 1099
1402 1099
1401 1099
1400 1099
1399 1099
1398 1099
1397 1099
1396 1099
1395 1099
1394 1099
1393 1099
1392 1099
1391 1098
1390 1098
1389 1098
1388 1098
1387 1097
1386 1097
1385 1097
1384 1097
1383 1097
1382 1097
1381 1097
1380 1097
1379 1097
1378 1096
1377 1096
1376 1095
1375 1095
1374 1094
1373 1094
1372 1093
1371 1093
1370 1093
1369 1093
1368 1092
1367 1092
1366 1091
1365 1091
1364 1091
1363 1090
1362 1090
1361 1090
1360 1090
1359 1090
1358 1090
1357 1090
1356 1090
1355 1090
1354 1090
1353 1090
1352 1090
1351 1090
1350 1090
1349 1090
1348 1090
1347 1090
1346 1090
1345 1090
1344 1090
1343 1090
1342 1090
1341 1090
1340 1090
1339 1090
1338 1091
1337 1091
1336 1091
1335 1092
1334 1092
1333 1092
1332 1092
1331 1092
1330 1092
1329 1092
1328 1092
1327 1092
1326 1092
1325 1092
1324 1092
1323 1092
1322 1092
1321 1092
1320 1092
1319 1092
1318 1092
1317 1092
1316 1092
1315 1092
1314 1092
1313 1092
1312 1092
1311 1092
1310 1092
1309 1092
1308 1092
1307 1092
1306 1092
1305 1092
1304 1092
1303 1092
1302 1092
1301 1092
1300 1092
1299 1092
1298 1092
1297 1092
1296 1092
1295 1092
1294 1093
1293 1093
1292 1093
1291 1094
1290 1094
1289 1094
1288 1094
1287 1094
1286 1094
1285 1094
1284 1094
1283 1094
1282 1094
1281 1094
1280 1095
1279 1095
1278 1095
1277 1095
1276 1095
1275 1095
1274 1095
1273 1095
1272 1095
1271 1095
1270 1095
1269 1095
1268 1095
1267 1095
1266 1095
1265 1095
1264 1095
1263 1095
1262 1095
1261 1095
1260 1095
1259 1095
1258 1095
1257 1096
1256 1096
1255 1096
1254 1096
1253 1097
1252 1097
1251 1097
1250 1097
1249 1097
1248 1097
1247 1097
1246 1097
1245 1097
1244 1097
1243 1097
1242 1097
1241 1097
1240 1098
1239 1098
1238 1098
1237 1099
1236 1099
1235 1099
1234 1099
1233 1099
1232 1099
1231 1099
1230 1099
1229 1099
1228 1099
1227 1099
1226 1099
1225 1099
1224 1099
1223 1099
1222 1099
1221 1099
1220 1099
1219 1099
1218 1099
1217 1099
1216 1099
1215 1099
1214 1099
1213 1099
1212 1099
1211 1099
1210 1099
1209 1099
1208 1099
1207 1099
1206 1100
1205 1100
1204 1100
1203 1101
1202 1101
1201 1101
1200 1101
1199 1101
1198 1101
1197 1101
1196 1101
1195 1101
1194 1101
1193 1101
1192 1101
1191 1101
1190 1101
1189 1101
1188 1101
1187 1101
1186 1101
1185 1102
1184 1102
1183 1102
1182 1102
1181 1103
1180 1103
1179 1103
1178 1103
1177 1103
1176 1103
1175 1103
1174 1103
1173 1103
1172 1103
1171 1103
1170 1103
1169 1103
1168 1103
1167 1103
1166 1104
1165 1104
1165 1105
1164 1106
1163 1107
1162 1108
1161 1109
1160 1110
1159 1111
1158 1112
1157 1113
1156 1114
1155 1115
1154 1116
1153 1117
1152 1117
1151 1118
1150 1119
1149 1119
1148 1120
1147 1121
1146 1121
1145 1122
1144 1123
1143 1124
1142 1124
1141 1125
1140 1126
1139 1126
1138 1126
1137 1127
1136 1128
1135 1128
1134 1129
1133 1130
1132 1130
1131 1131
1130 1131
1129 1131
1128 1131
1127 1131
1126 1131
1125 1131
1124 1131
1123 1131
1122 1131
1121 1131
1120 1131
1119 1131
1118 1131
1117 1131
1116 1131
1115 1131
1114 1131
1113 1131
1112 1131
1111 1131
1110 1131
1109 1131
1108 1132
1107 1132
1106 1132
1105 1132
1104 1132
1103 1132
1102 1132
1101 1132
1100 1132
1099 1132
1098 1133
1097 1133
1096 1133
1095 1134
1094 1134
1093 1134
1092 1134
1091 1134
1090 1134
1089 1134
1088 1134
1087 1134
1086 1135
1085 1135
1084 1136
1083 1136
1082 1137
1081 1137
1080 1138
1079 1138
1078 1138
1077 1138
1076 1138
1075 1138
1074 1138
1073 1138
1072 1138
1071 1138
1070 1138
1069 1138
1068 1138
1067 1138
1066 1138
1065 1138
1064 1138
1063 1138
1062 1138
1061 1138
1060 1138
1059 1138
1058 1138
1057 1139
1056 1139
1055 1140
1054 1141
1054 1142
1053 1143
1053 1144
1053 1145
1053 1146
1053 1147
1053 1148
1053 1149
1053 1150
1053 1151
1053 1152
1053 1153
1053 1154
1053 1155
1053 1156
1053 1157
1053 1158
1053 1159
1053 1160
1053 1161
1054 1162
1054 1163
1054 1164
1055 1165
1055 1166
1055 1167
1055 1168
1055 1169
1055 1170
1056 1171
1056 1172
1056 1173
1057 1174
1057 1175
1057 1176
1057 1177
1057 1178
1057 1179
1057 1180
1057 1181
1057 1182
1057 1183
1057 1184
1058 1185
1058 1186
1058 1187
1058 1188
1059 1189
1059 1190
1059 1191
1059 1192
1059 1193
1059 1194
1059 1195
1059 1196
1059 1197
1059 1198
1059 1199
1059 1200
1059 1201
1059 1202
1059 1203
1059 1204
1059 1205
1059 1206
1059 1207
1059 1208
1060 1209
1060 1210
1061 1211
1061 1212
1061 1213
1062 1214
1063 1215
1063 1216
1063 1217
1064 1218
1065 1219
1065 1220
1065 1221
1066 1222
1067 1223
1068 1224
1068 1225
1069 1226
1069 1227
1069 1228
1070 1229
1070 1230
1070 1231
1071 1232
1072 1233
1072 1234
1072 1235
1073 1236
1074 1237
1074 1238
1075 1239
1075 1240
1075 1241
1076 1242
1077 1243
1077 1244
1077 1245
1078 1246
1079 1247
1079 1248
1079 1249
1080 1250
1081 1251
1081 1252
1082 1253
1082 1254
1083 1255
1084 1256
1085 1257
1086 1258
1087 1259
1088 1260
1089 1261
1090 1262
1091 1263
1092 1264
1093 1265
1094 1266
1095 1267
1096 1268
1097 1269
1098 1270
1099 1271
1100 1272
1101 1273
1102 1273
1103 1274
1104 1274
1105 1275
1106 1276
1107 1276
1108 1276
1109 1277
1110 1277
1111 1277
1112 1277
1113 1277
1114 1277
1115 1277
1116 1277
1117 1277
1118 1277
1119 1277
1120 1277
1121 1278
1122 1278
1123 1278
1124 1279
1125 1279
1126 1279
1127 1279
1128 1279
1129 1278
1130 1278
1131 1277
1132 1276
1133 1275
1134 1274
1135 1273
1136 1273
1137 1272
1138 1272
1139 1272
1140 1273
1141 1273
1142 1274
1143 1275
1144 1276
1145 1277
1146 1278
1147 1279
1148 1280
1149 1281
1150 1282
1151 1283
1152 1284
1153 1285
1154 1286
1155 1287
1156 1288
1156 1289
1157 1290
1158 1291
1159 1292
1160 1293
1161 1294
1162 1294
1163 1294
1164 1294
1165 1294
1166 1294
1167 1295
1168 1296
1169 1297
1170 1298
1171 1299
1172 1300
1173 1301
1174 1302
1175 1302
1176 1302
1177 1303
1178 1304
1179 1304
1180 1304
1181 1305
1182 1305
1183 1305
1184 1306
1185 1306
1186 1307
1187 1308
1188 1309
1189 1309
1190 1309
1191 1310
1192 1310
1193 1310
1194 1311
1195 1311
1196 1312
1197 1313
1198 1314
1199 1315
1200 1316
1201 1317
1202 1318
1203 1319
1204 1320
1205 1320
1206 1321
1207 1322
1208 1322
1209 1323
1210 1323
1211 1323
1212 1324
1213 1325
1214 1325
1215 1325
1216 1326
1217 1327
1218 1327
1219 1327
1220 1328
1221 1328
1222 1329
1223 1329
1224 1329
1225 1329
1226 1330
1227 1330
1228 1331
1229 1331
1230 1332
1231 1332
1232 1333
1233 1334
1234 1334
1235 1334
1236 1335
1237 1336
1238 1336
1239 1336
1240 1337
1241 1337
1242 1337
1243 1337
1244 1338
1245 1338
1246 1338
1247 1338
1248 1338
1249 1338
1250 1338
1251 1337
1252 1337
1253 1336
1254 1336
1255 1336
1256 1335
1257 1335
1258 1335
1259 1335
1260 1335
1261 1335
1262 1335
1263 1335
1264 1334
1265 1334
1266 1334
1267 1333
1268 1333
1269 1333
1270 1333
1271 1333
1272 1333
1273 1333
1274 1333
1275 1333
1276 1333
1277 1333
1278 1333
1279 1333
1280 1333
1281 1333
1282 1333
1283 1333
1284 1333
1285 1333
1286 1333
1287 1332
1288 1332
1289 1332
1290 1331
1291 1331
1292 1331
1293 1331
1294 1331
1295 1331
1296 1331
1297 1332
1298 1332
1299 1332
1300 1333
1301 1333
1302 1333
1303 1334
1304 1334
1305 1334
1306 1335
1307 1335
1308 1335
1309 1335
1310 1335
1311 1335
1312 1335
1313 1335
1314 1335
1315 1335
1316 1335
1317 1335
1318 1335
1319 1335
1320 1335
1321 1336
1322 1336
1323 1337
1324 1338
1325 1339
1326 1339
1327 1339
1328 1340
1329 1340
1330 1340
1331 1340
1332 1340
1333 1340
1334 1340
1335 1340
1336 1340
1337 1340
1338 1340
1339 1340
1340 1340
1341 1340
1342 1340
1343 1340
1344 1340
1345 1340
1346 1340
1347 1341
1348 1341
1349 1341
1350 1342
1351 1343
1352 1343
1353 1343
1354 1344
1355 1344
1356 1344
1357 1344
1358 1344
1359 1344
1360 1344
1361 1344
1362 1344
1363 1344
1364 1344
1365 1344
1366 1344
1367 1344
1368 1344
1369 1344
1370 1344
1371 1344
1372 1344
1373 1345
1374 1345
1375 1345
1376 1345
1377 1345
1378 1345
1379 1345
1380 1345
1381 1345
1382 1345
1383 1345
1384 1345
1385 1345
1386 1345
1387 1345
1388 1345
1389 1345
1390 1345
1391 1345
1392 1345
1393 1346
1394 1346
1395 1346
1396 1346
1397 1347
1398 1347
1399 1347
1400 1347
1401 1348
1402 1348
1403 1349
1403 1350
1404 1351
1405 1352
1406 1352
1407 1352
1408 1352
1409 1352
1410 1352
1411 1352
1412 1352
1413 1353
1414 1353
1415 1353
1416 1354
1417 1355
1418 1355
1419 1355
1420 1356
1421 1356
1422 1355
1423 1355
1424 1355
1425 1354
1426 1354
1427 1354
1428 1354
1429 1354
1430 1354
1431 1354
1432 1354
1433 1354
1434 1354
1435 1354
1436 1354
1437 1354
1438 1354
1439 1354
1440 1354
1441 1354
1442 1354
1443 1354
1444 1354
1445 1354
1446 1354
1447 1353
1448 1353
1449 1353
1450 1352
1451 1352
1452 1352
1453 1352
1454 1352
1455 1352
1456 1352
1457 1353
1458 1353
1459 1353
1460 1354
1461 1354
1462 1354
1463 1354
1464 1354
1465 1354
1466 1354
1467 1354
1468 1354
1469 1354
1470 1354
1471 1354
1472 1354
1473 1354
1474 1354
1475 1354
1476 1354
1477 1354
1478 1355
1479 1355
1480 1355
1481 1356
1482 1356
1483 1356
1484 1356
1485 1356
1486 1356
1487 1357
1488 1357
1489 1357
1490 1357
1491 1358
1492 1358
1493 1358
1494 1358
1495 1358
1496 1358
1497 1358
1498 1359
1499 1359
1500 1360
1501 1360
1502 1360
1503 1360
1504 1361
1505 1362
1506 1363
1507 1364
1508 1365
1509 1366
1510 1367
1511 1367
1512 1368
1513 1368
1514 1368
1515 1368
1516 1368
1517 1369
1518 1369
1519 1369
1520 1370
1521 1371
1522 1371
1523 1371
1524 1372
1525 1372
1526 1372
1527 1372
1528 1372
1529 1372
1530 1372
1531 1372
1532 1372
1533 1372
1534 1372
1535 1372
1536 1372
1537 1372
1538 1372
1539 1371
1540 1371
1541 1371
1542 1370
1543 1370
1544 1370
1545 1370
1546 1370
1547 1370
1548 1370
1549 1370
1550 1370
1551 1370
1552 1370
1553 1370
1554 1370
1555 1370
1556 1370
1557 1370
1558 1370
1559 1369
1560 1369
1561 1369
1562 1368
1563 1368
1564 1368
1565 1368
1566 1368
1567 1368
1568 1368
1569 1368
1570 1368
1571 1368
1572 1368
1573 1368
1574 1368
1575 1368
1576 1369
1577 1369
1578 1369
1579 1370
1580 1370
1581 1370
1582 1370
1583 1370
1584 1370
1585 1370
1586 1370
1587 1370
1588 1370
1589 1371
1590 1371
1591 1371
1592 1372
1593 1373
1594 1373
1595 1373
1596 1373
1597 1373
1598 1373
1599 1373
1600 1373
1601 1373
1602 1373
1603 1373
1604 1373
1605 1372
1606 1372
1607 1371
1608 1371
1609 1371
1610 1371
1611 1370
1612 1369
1613 1369
1614 1368
1615 1367
1616 1367
1617 1367
1618 1367
1619 1366
1620 1367
1621 1367
1622 1367
1623 1368
1624 1368
1625 1368
1626 1368
1627 1368
1628 1368
1629 1368
1630 1368
1631 1368
1632 1368
1633 1368
1634 1368
1635 1368
1636 1368
1637 1368
1638 1367
1639 1367
1640 1367
1641 1366
1642 1366
1643 1366
1644 1365
1645 1365
1646 1365
1647 1365
1648 1365
1649 1365
1650 1365
1651 1365
1652 1365
1653 1365
1654 1365
1655 1365
1656 1365
1657 1366
1658 1366
1659 1366
1660 1366
1661 1366
1662 1366
1663 1367
1664 1367
1665 1367
1666 1367
1667 1368
1668 1368
1669 1368
1670 1368
1671 1369
1672 1369
1673 1369
1674 1370
1675 1371
1676 1371
1677 1371
1678 1372
1679 1372
1680 1372
1681 1372
1682 1373
1683 1373
1684 1374
1685 1375
1686 1376
1687 1377
1688 1378
1689 1378
1690 1379
1691 1379
1692 1379
1693 1379
1694 1379
1695 1379
1696 1379
1697 1379
1698 1379
1699 1378
1700 1378
1701 1378
1702 1377
1703 1377
1704 1377
1705 1377
1706 1377
1707 1377
1708 1377
1709 1377
1710 1377
1711 1377
1712 1377
1713 1378
1714 1378
1715 1378
1716 1378
1717 1379
1718 1379
1719 1379
1720 1378
1721 1378
1722 1378
1723 1377
1724 1377
1725 1376
1726 1376
1727 1375
1728 1374
1729 1373
1730 1373
1731 1372
1732 1371
1733 1371
1734 1371
1735 1370
1736 1370
1737 1370
1738 1370
1739 1370
1740 1370
1741 1370
1742 1370
1743 1370
1744 1370
1745 1370
1746 1370
1747 1370
1748 1369
1749 1369
1750 1369
1751 1368
1752 1368
1753 1368
1754 1367
1755 1367
1756 1367
1757 1366
1758 1366
1759 1366
1760 1366
1761 1366
1762 1366
1763 1366
1764 1366
1765 1366
1766 1366
1767 1366
1768 1366
1769 1365
1770 1365
1771 1365
1772 1365
1773 1365
1774 1366
1775 1366
1776 1366
1777 1366
1778 1366
1779 1367
1780 1367
1781 1367
1782 1367
1783 1367
1784 1367
1785 1367
1786 1366
1787 1365
1788 1364
1789 1364
1790 1364
1791 1363
1792 1363
1793 1363
1794 1362
1795 1362
1796 1362
1797 1361
1798 1361
1799 1361
1800 1361
1801 1361
1802 1361
1803 1361
1804 1361
1805 1361
1806 1361
1807 1361
1808 1361
1809 1361
1810 1361
1811 1361
1812 1360
1813 1360
1814 1360
1815 1359
1816 1360
1817 1360
1818 1360
1819 1361
1820 1361
1821 1361
1822 1361
1823 1361
1824 1361
1825 1361
1826 1361
1827 1361
1828 1361
1829 1361
1830 1361
1831 1361
1832 1361
1833 1361
1834 1361
1835 1361
1836 1362
1837 1362
1838 1362
1839 1363
1840 1363
1841 1363
1842 1363
1843 1363
1844 1363
1845 1363
1846 1362
1847 1362
1848 1362
1849 1362
1850 1361
1851 1361
1852 1361
1853 1361
1854 1361
1855 1361
1856 1360
1857 1359
1858 1358
1859 1357
1860 1356
1860 1355
1861 1354
1862 1353
1863 1352
1863 1351
1864 1350
1865 1349
1865 1348
1866 1347
1867 1346
1868 1345
1869 1344
1870 1343
1871 1343
1872 1342
1873 1342
1874 1342
1875 1342
1876 1341
1877 1341
1878 1341
1879 1340
1880 1339
1881 1339
1882 1338
1883 1337
1884 1336
1885 1336
1886 1335
1887 1335
1888 1334
1889 1334
1890 1333
1891 1332
1892 1332
1892 1331
1893 1330
1894 1329
1895 1329
1896 1328
1897 1327
1898 1327
1899 1326
1900 1325
1901 1324
1902 1324
1903 1323
1904 1323
1905 1323
1906 1323
1907 1323
1908 1323
1909 1323
1910 1323
1911 1323
1912 1323
1913 1323
1914 1323
1915 1322
1916 1322
1917 1322
1918 1322
1919 1321
1920 1320
1921 1320
1922 1320
1923 1319
1924 1319
1925 1319
1926 1319
1927 1319
1928 1319
1929 1319
1930 1319
1931 1319
1932 1319
1933 1319
1934 1319
1935 1319
1936 1320
1937 1320
1938 1320
1939 1321
1940 1321
1941 1321
1942 1321
1943 1321
1944 1321
1945 1321
1946 1320
1947 1320
1948 1320
1949 1319
1950 1319
1951 1319
1952 1319
1953 1319
1954 1319
1955 1319
1956 1319
1957 1319
1958 1319
1959 1319
1960 1319
1961 1319
1962 1319
1963 1319
1964 1319
1965 1319
1966 1319
1967 1319
1968 1319
1969 1319
1970 1319
1971 1319
1972 1319
1973 1319
1974 1319
1975 1320
1976 1320
1977 1320
1978 1320
1979 1320
1980 1320
1981 1319
1982 1319
1983 1319
1984 1319
1985 1319
1986 1319
1987 1319
1988 1319
1989 1319
1990 1319
1991 1319
1992 1319
1993 1319
1994 1319
1995 1319
1996 1319
1997 1319
1998 1319
1999 1319
2000 1319
2001 1319
2002 1319
2003 1319
2004 1319
2005 1319
2006 1319
2007 1319
2008 1320
2009 1320
2010 1320
2011 1321
2012 1321
2013 1321
2014 1321
2015 1321
2016 1321
2017 1321
2018 1321
2019 1321
2020 1321
2021 1321
2022 1321
2023 1321
2024 1321
2025 1321
2026 1321
2027 1321
2028 1321
2029 1321
2030 1321
2031 1321
2032 1321
2033 1322
2034 1322
2035 1322
2036 1322
2037 1323
2038 1323
2039 1323
2040 1323
2041 1323
2042 1324
2043 1324
2044 1324
2045 1324
2046 1324
2047 1324
2048 1324
2049 1324
2050 1324
2051 1324
2052 1324
2053 1324
2054 1324
2055 1324
2056 1324
2057 1324
2058 1324
2059 1324
2060 1325
2061 1325
2062 1325
2063 1326
2064 1326
2065 1326
2066 1326
2067 1326
2068 1326
2069 1326
2070 1326
2071 1326
2072 1326
2073 1326
2074 1326
2075 1326
2076 1326
2077 1326
2078 1326
2079 1326
2080 1327
2081 1327
2082 1327
2083 1328
2084 1329
2085 1329
2086 1329
2087 1330
2088 1330
2089 1330
2090 1330
2091 1330
2092 1330
2093 1330
2094 1331
2095 1331
2096 1331
2097 1331
2098 1330
2099 1330
2100 1330
2101 1329
2102 1328
2103 1327
2104 1327
2105 1326
2106 1325
2107 1325
2108 1324
2109 1324
2110 1323
2111 1323
2112 1322
2113 1321
2114 1320
2115 1320
2116 1319
2117 1319
2118 1319
2119 1319
2120 1319
2121 1319
2122 1319
2123 1319
2124 1319
2125 1319
2126 1319
2127 1319
2128 1319
2129 1319
2130 1319
2131 1319
2132 1319
2133 1319
2134 1319
2135 1319
2136 1319
2137 1319
2138 1319
2139 1319
2140 1319
2141 1319
2142 1319
2143 1319
2144 1319
2145 1319
2146 1319
2147 1319
2148 1319
2149 1319
2150 1319
2151 1319
2152 1319
2153 1319
2154 1319
2155 1320
2156 1320
2157 1320
2158 1321
2159 1321
2160 1321
2161 1321
2162 1320
2163 1320
2164 1320
2165 1319
2166 1319
2167 1319
2168 1319
2169 1320
2170 1320
2171 1320
2172 1320
2173 1321
2174 1321
2175 1322
2176 1322
2177 1322
2178 1322
2179 1323
2180 1323
2181 1323
2182 1323
2183 1323
2184 1323
2185 1323
2186 1323
2187 1323
2188 1323
2189 1323
2190 1323
2191 1323
2192 1323
2193 1323
2194 1323
2195 1323
2196 1322
2197 1322
2198 1322
2199 1322
2200 1321
2201 1321
2202 1321
2203 1321
2204 1320
2205 1320
2206 1320
2207 1319
2208 1319
2209 1319
2210 1319
2211 1319
2212 1319
2213 1319
2214 1319
2215 1319
2216 1319
2217 1319
2218 1319
2219 1319
2220 1319
2221 1319
2222 1319
2223 1319
2224 1319
2225 1320
2226 1320
2227 1320
2228 1321
2229 1322
2230 1322
2231 1323
2232 1324
2233 1325
2234 1325
2235 1326
2236 1326
2237 1326
2238 1326
2239 1326
2240 1326
2241 1326
2242 1326
2243 1326
2244 1326
2245 1326
2246 1326
2247 1325
2248 1325
2249 1325
2250 1324
2251 1324
2252 1324
2253 1324
2254 1324
2255 1324
2256 1324
2257 1324
2258 1324
2259 1324
2260 1324
2261 1324
2262 1324
2263 1324
2264 1324
2265 1324
2266 1324
2267 1324
2268 1324
2269 1324
2270 1324
2271 1324
2272 1324
2273 1324
2274 1324
2275 1324
2276 1324
2277 1324
2278 1324
2279 1324
2280 1324
2281 1324
2282 1324
2283 1324
2284 1324
2285 1324
2286 1324
2287 1324
2288 1324
2289 1324
2290 1324
2291 1324
2292 1324
2293 1324
2294 1324
2295 1324
2296 1324
2297 1324
2298 1324
2299 1324
2300 1324
2301 1324
2302 1324
2303 1324
2304 1324
2305 1324
2306 1324
2307 1324
2308 1323
2309 1323
2310 1322
2311 1321
2312 1320
2313 1320
2314 1319
2315 1318
2316 1318
2317 1318
2318 1317
2319 1317
2320 1317
2321 1317
2322 1317
2323 1317
2324 1317
2325 1317
2326 1317
2327 1317
2328 1317
2329 1317
2330 1317
2331 1317
2332 1317
2333 1316
2334 1316
2335 1316
2336 1316
2337 1315
2338 1316
2339 1316
2340 1315
2341 1315
2342 1314
2343 1314
2344 1313
2345 1312
2346 1311
2347 1310
2348 1309
2349 1309
2350 1308
2351 1308
2352 1307
2353 1306
2354 1306
2355 1305
2356 1304
2357 1303
2358 1302
2359 1301
2360 1300
2361 1299
2362 1298
2363 1297
2364 1296
2365 1295
2366 1294
2367 1293
2368 1292
2369 1292
2370 1291
2371 1291
2372 1291
2373 1291
2374 1290
2375 1290
2376 1289
2377 1288
2378 1287
2379 1286
2380 1285
2381 1284
2381 1283
2381 1282
2382 1281
2382 1280
2382 1279
2382 1278
2382 1277
2382 1276
2383 1275
2383 1274
2383 1273
2383 1272
2384 1271
2384 1270
2384 1269
2384 1268
2385 1267
2385 1266
2385 1265
2386 1264
2386 1263
2386 1262
2386 1261
2387 1260
2388 1259
2388 1258
2388 1257
2389 1256
2390 1255
2390 1254
2391 1253
2392 1252
2392 1251
2392 1250
2393 1249
2393 1248
2394 1247
2395 1246
2396 1245
2397 1244
2397 1243
2398 1242
2398 1241
2398 1240
2398 1239
2398 1238
2398 1237
2399 1236
2399 1235
2399 1234
2399 1233
2400 1232
2400 1231
2400 1230
2401 1229
2401 1228
2401 1227
2402 1226
2402 1225
2403 1224
2404 1224
2405 1223
2406 1222
2407 1221
2408 1220
2408 1219
2408 1218
2409 1217
2409 1216
2410 1215
2411 1214
2412 1213
2413 1212
2413 1211
2414 1210
2415 1209
2415 1208
2416 1207
2417 1206
2418 1206
2419 1205
2420 1204
2421 1204
2422 1203
2423 1202
2423 1201
2424 1200
2425 1199
2425 1198
2425 1197
2426 1196
2426 1195
2425 1194
2425 1193
2425 1192
2424 1191
2424 1190
2424 1189
2424 1188
2423 1187
2423 1186
2422 1185
2422 1184
2421 1183
2420 1182
2420 1181
2420 1180
2419 1179
2419 1178
2419 1177
2419 1176
2419 1175
2419 1174
2419 1173
2419 1172
2419 1171
2418 1170
2418 1169
2418 1168
2417 1167
2416 1166
2416 1165
2416 1164
2415 1163
2415 1162
2415 1161
2415 1160
2414 1159
2414 1158
2413 1157
2412 1156
2411 1155
2410 1154
2409 1154
2408 1153
2407 1153
2406 1153
2405 1153
2404 1153
2403 1153
2402 1153
2401 1153
2400 1153
2399 1153
2398 1153
2397 1153
2396 1153
2395 1153
2394 1153
2393 1153
2392 1153
2391 1153
2390 1153
2389 1153
2388 1153
2387 1153
2386 1153
2385 1152
2384 1152
2383 1152
2382 1152
2381 1151
2380 1151
2379 1151
2378 1151
2377 1150
2376 1149
2375 1149
2374 1148
2373 1147
2372 1147
2371 1147
2370 1147
2369 1146
2368 1146
2367 1145
2366 1145
2365 1145
2364 1144
2363 1144
2362 1144
2361 1143
2360 1143
2359 1142
2358 1142
2357 1142
2356 1141
2355 1140
2354 1140
2353 1140
2352 1139
2351 1138
2350 1138
2349 1137
2348 1136
2347 1135
2346 1135
2345 1134
2344 1134
2343 1134
2342 1134
2341 1133
2340 1133
2339 1132
2338 1132
2337 1131
2336 1131
2335 1130
2334 1130
2333 1130
2332 1129
2331 1129
2330 1129
2329 1128
2328 1128
2327 1128
2326 1127
2325 1127
2324 1128
2323 1128
2322 1128
2321 1129
2320 1129
2319 1129
2318 1129
2317 1129
2316 1129
2315 1129
2314 1129
2313 1130
2312 1130
2311 1130
2310 1130
2309 1131
2308 1131
2307 1131
2306 1131
2305 1131
2304 1131
2303 1131
2302 1131
2301 1131
2300 1131
2299 1132
2298 1132
2297 1132
2296 1132
2295 1132
2294 1132
2293 1133
2292 1133
2291 1133
2290 1133
2289 1134
2288 1134
2287 1134
2286 1134
2285 1134
2284 1134
2283 1134
2282 1135
2281 1135
2280 1135
2279 1136
2278 1136
2277 1136
2276 1136
2275 1136
2274 1136
2273 1136
2272 1136
2271 1137
2270 1137
2269 1137
2268 1137
2267 1138
2266 1138
2265 1138
2264 1138
2263 1138
2262 1139
2261 1139
2260 1139
2259 1139
2258 1139
2257 1139
2256 1139
2255 1139
2254 1140
2253 1140
2252 1140
2251 1141
2250 1141
2249 1141
2248 1142
2247 1142
2246 1142
2245 1143
2244 1143
2243 1143
2242 1143
2241 1143
2240 1143
2239 1144
2238 1144
2237 1144
2236 1145
2235 1145
2234 1145
2233 1145
2232 1146
2231 1146
2230 1146
2229 1146
2228 1146
2227 1146
2226 1146
2225 1146
2224 1147
2223 1147
2222 1147
2221 1148
2220 1148
2219 1148
2218 1148
2217 1148
2216 1148
2215 1148
2214 1148
2213 1148
2212 1149
2211 1149
2210 1149
2209 1149
2208 1150
2207 1150
2206 1150
2205 1150
2204 1150
2203 1150
2202 1150
2201 1150
2200 1150
2199 1150
2198 1150
2197 1150
2196 1150
2195 1150
2194 1150
2193 1150
2192 1150
2191 1150
2190 1150
2189 1150
2188 1151
2187 1151
2186 1151
2185 1152
2184 1152
2183 1152
2182 1152
2181 1152
2180 1152
2179 1152
2178 1152
2177 1152
2176 1152
2175 1152
2174 1152
2173 1152
2172 1152
2171 1152
2170 1152
2169 1152
2168 1153
2167 1153
2166 1153
2165 1153
2164 1153
2163 1153
2162 1153
2161 1153
2160 1153
2159 1153
2158 1153
2157 1153
2156 1153
2155 1153
2154 1153
2153 1153
2152 1153
2151 1153
2150 1153
2149 1154
2148 1154
2147 1154
2146 1155
2145 1155
2144 1155
2143 1155
2142 1155
2141 1155
2140 1155
2139 1155
2138 1155
2137 1155
2136 1155
2135 1155
2134 1155
2133 1155
2132 1155
2131 1155
2130 1155
2129 1155
2128 1155
2127 1155
2126 1155
2125 1155
2124 1155
2123 1155
2122 1155
2121 1155
2120 1156
2119 1156
2118 1156
2117 1157
2116 1157
2115 1157
2114 1157
2113 1157
2112 1157
2111 1157
2110 1157
2109 1157
2108 1157
2107 1157
2106 1157
2105 1157
2104 1157
2103 1157
2102 1157
2101 1157
2100 1157
2099 1158
2098 1158
2097 1159
2096 1159
2095 1160
2094 1160
2093 1160
2092 1160
2091 1160
2090 1160
2089 1160
2088 1160
2087 1160
2086 1160
2085 1160
2084 1160
2083 1160
2082 1160
2081 1160
2080 1160
2079 1160
2078 1160
2077 1160
2076 1160
2075 1160
2074 1160
2073 1160
2072 1160
2071 1160
2070 1160
2069 1160
2068 1160
2067 1160
2066 1160
2065 1160
2064 1160
2063 1159
2062 1159
2061 1159
2060 1159
2059 1159
2058 1159
2057 1159
2056 1159
2055 1159
2054 1159
2053 1159
2052 1159
2051 1159
2050 1159
2049 1159
2048 1159
2047 1159
2046 1159
2045 1159
2044 1159
2043 1159
2042 1159
2041 1159
2040 1158
2039 1158
2038 1158
2037 1157
2036 1157
2035 1157
2034 1157
2033 1157
2032 1157
2031 1157
2030 1157
2029 1157
2028 1157
2027 1156
2026 1156
2025 1155
2024 1154
2023 1154
2022 1153
2021 1153
2020 1153
2019 1153
2018 1153
2017 1153
2016 1153
2015 1153
2014 1153
2013 1153
2012 1153
2011 1153
2010 1153
2009 1153
2008 1153
2007 1153
2006 1153
2005 1153
2004 1153
2003 1152
2002 1152
2001 1152
2000 1152
1999 1152
1998 1152
1997 1152
1996 1152
1995 1152
1994 1152
1993 1152
1992 1152
1991 1152
1990 1152
1989 1152
1988 1152
1987 1152
1986 1152
1985 1152
1984 1152
1983 1152
1982 1152
1981 1152
1980 1152
1979 1152
1978 1153
1977 1153
1976 1153
1975 1153
1974 1153
1973 1153
1972 1153
1971 1153
1970 1152
1969 1152
1968 1152
1967 1152
1966 1152
1965 1152
1964 1152
1963 1151
1962 1151
1961 1151
1960 1150
1959 1150
1958 1150
1957 1150
1956 1150
1955 1150
1954 1149
1953 1149
1952 1149
1951 1148
1950 1148
1949 1148
1948 1148
1947 1148
1946 1148
1945 1148
1944 1148
1943 1148
1942 1148
1941 1148
1940 1148
1939 1148
1938 1148
1937 1148
1936 1148
1935 1148
1934 1148
1933 1148
1932 1148
1931 1148
1930 1148
1929 1147
1928 1147
1927 1147
1926 1146
1925 1145
1924 1145
1923 1145
1922 1144
1921 1143
1920 1143
1919 1142
1918 1141
1917 1140
1916 1139
1915 1139
1914 1138
1913 1137
1912 1137
1911 1136
1910 1135
1909 1135
1908 1134
1907 1133
1906 1133
1905 1132
1904 1132
1903 1132
1902 1132
1901 1132
1900 1132
1899 1132
1898 1132
1897 1132
1896 1132
1895 1132
1894 1132
1893 1132
1892 1132
1891 1132
1890 1131
1889 1131
1888 1130
1887 1129
1886 1128
1885 1127
1884 1126
1883 1125
1882 1124
1881 1123
1880 1123
1879 1122
1878 1121
1877 1121
1876 1121
1875 1120
1874 1119
1873 1118
1872 1118
1871 1117
1870 1116
1869 1116
1868 1116
1867 1115
1866 1114
1865 1114
1864 1113
1863 1112
1862 1111
1861 1110
1860 1109
1859 1108
1858 1107
1857 1106
1856 1105
1855 1104
1854 1103
1853 1103
1852 1102
1851 1102
1850 1102
1849 1101
1848 1100
1847 1100
1846 1099
1845 1098
1844 1098
1843 1098
1842 1097
1841 1097
1840 1097
1839 1097
1838 1097
1837 1096
1837 1095
1836 1094
1836 1093
1836 1092
1836 1091
1836 1090
1835 1089
1835 1088
1834 1088
1833 1088
1832 1087
1831 1087
1830 1087
1829 1087
1828 1087
1827 1087
1826 1087
1825 1087
1824 1087
1823 1087
1822 1087
1821 1087
1820 1088
1819 1088
1818 1088
1817 1088
1816 1088
1815 1088
1814 1088
1813 1088
1812 1088
1811 1088
1810 1088
1809 1088
1808 1088
1807 1088
1806 1088
1805 1087
1804 1086
1803 1085
1802 1084
1801 1084
1800 1083
1799 1082
1798 1082
1797 1082
1796 1082
1795 1081
1794 1081
1793 1081
1792 1081
1791 1081
1790 1081
1789 1081
1788 1081
1787 1081
1786 1081
1785 1081
1784 1081
1783 1081
1782 1081
1781 1081
1780 1081
1779 1081
