439 536
438 537
437 537
436 538
435 538
434 539
433 540
432 540
431 541
430 542
429 542
428 543
427 544
426 544
425 545
424 545
423 545
422 545
421 545
420 545
419 545
418 545
417 545
416 545
415 544
414 545
413 545
412 545
411 546
410 547
409 548
408 548
407 549
407 550
406 551
405 551
404 552
404 553
404 554
403 555
402 556
401 557
400 558
399 559
398 560
398 561
397 562
398 563
398 564
399 565
400 565
401 565
402 565
403 565
404 565
405 565
406 564
407 564
408 563
409 563
410 563
411 562
412 562
413 562
414 561
415 561
416 561
417 560
418 560
419 560
420 559
421 559
422 559
423 558
424 558
425 558
426 558
427 558
428 558
429 557
430 557
431 557
432 557
433 557
434 557
435 557
436 556
437 556
438 556
439 556
440 556
441 556
442 556
443 556
444 556
445 556
446 556
447 556
448 556
449 556
450 556
451 556
452 556
453 556
454 556
455 556
456 556
457 556
458 556
459 557
460 557
461 557
462 557
463 557
464 557
465 557
466 557
467 557
468 557
469 557
470 557
471 556
472 556
473 555
474 555
475 555
476 555
477 554
477 553
478 552
478 551
479 550
479 549
479 548
479 547
479 546
478 545
477 545
476 544
475 543
475 542
474 541
473 540
472 540
471 539
470 539
469 539
468 538
467 538
466 538
465 538
464 538
463 538
462 538
461 538
460 538
459 538
458 537
457 537
456 537
455 537
454 537
453 537
452 537
451 536
450 536
449 536
448 536
447 536
446 536
445 536
444 536
443 536
442 536
441 536
440 536
439 536
