558 490
557 491
556 491
555 491
554 491
553 491
552 491
551 491
550 492
549 492
548 492
547 492
546 492
545 492
544 492
543 492
542 492
541 493
540 494
539 495
538 496
537 497
536 497
535 498
534 498
533 498
532 498
531 499
530 499
529 499
528 500
527 500
526 501
525 501
524 502
523 502
522 502
521 502
520 502
519 503
518 503
517 503
516 504
515 504
514 504
513 504
512 504
511 504
510 505
509 505
508 505
507 506
506 506
505 507
504 508
503 508
502 508
501 508
500 509
499 509
498 509
497 509
496 510
495 510
494 510
493 511
492 511
491 511
490 512
489 512
488 512
487 513
486 514
485 514
484 514
483 515
482 516
481 516
480 517
479 517
478 517
477 518
476 518
475 519
474 519
473 519
472 519
471 520
470 520
469 521
468 522
467 522
467 523
466 524
465 525
465 526
465 527
465 528
465 529
465 530
465 531
466 532
467 533
467 534
467 535
468 536
469 537
469 538
470 539
471 540
471 541
472 541
473 542
474 542
475 542
476 542
477 543
478 543
479 543
480 543
481 543
482 542
483 543
484 543
485 543
486 544
487 544
488 544
489 545
490 545
491 545
492 546
493 547
494 548
495 549
496 550
497 550
498 551
499 552
500 553
500 554
501 555
502 555
503 556
504 557
505 558
506 559
506 560
507 560
508 561
509 562
510 563
511 564
511 565
512 565
513 566
514 567
515 567
516 567
517 567
518 567
519 567
520 568
521 568
522 569
523 569
524 570
525 570
526 571
527 571
528 571
529 572
530 572
531 572
532 572
533 572
534 573
535 573
536 574
537 574
538 574
539 574
540 574
541 575
542 575
543 575
544 575
545 576
546 576
547 576
548 577
549 577
550 577
551 577
552 577
553 578
554 578
555 578
556 578
557 578
558 578
559 578
560 578
561 578
562 578
563 578
564 578
565 578
566 578
567 578
568 578
569 578
570 578
571 578
572 578
573 578
574 577
575 577
576 577
577 576
578 576
579 576
580 575
581 575
582 575
583 575
584 574
585 574
586 574
587 573
588 573
589 573
590 573
591 573
592 573
593 573
594 573
595 573
596 572
597 572
598 571
599 570
600 570
601 569
602 569
603 569
604 568
605 567
606 567
607 566
608 565
609 564
610 563
611 562
611 561
612 560
612 559
613 558
613 557
613 556
613 555
613 554
613 553
613 552
613 551
613 550
613 549
613 548
613 547
613 546
613 545
613 544
613 543
614 542
615 541
616 540
616 539
616 538
616 537
615 536
615 535
615 534
615 533
615 532
615 531
615 530
615 529
615 528
615 527
615 526
614 525
614 524
613 523
612 522
612 521
611 520
610 519
609 519
608 518
607 518
606 517
605 517
604 516
603 516
602 516
601 516
600 516
599 516
598 515
597 515
596 514
595 513
594 512
593 511
593 510
592 509
591 508
590 507
589 506
588 506
587 506
586 505
585 504
584 503
583 502
582 501
581 500
580 499
579 499
578 498
577 497
576 496
575 496
574 495
573 494
572 494
571 493
570 493
569 492
568 491
567 491
566 491
565 491
564 491
563 491
562 490
561 490
560 490
559 490
558 490
