75 644
74 645
73 645
72 645
71 646
70 646
69 646
68 647
67 648
66 648
65 649
64 650
63 650
62 651
61 651
60 652
59 652
58 653
57 654
56 655
55 655
54 655
53 656
52 655
51 655
50 655
49 655
48 656
47 657
47 658
47 659
47 660
47 661
47 662
47 663
47 664
47 665
47 666
47 667
47 668
47 669
47 670
47 671
48 672
49 672
50 673
51 673
52 674
53 675
54 676
55 677
55 678
56 679
57 679
58 678
59 678
60 677
61 677
62 677
63 676
64 676
65 676
66 676
67 675
68 675
69 675
70 675
71 675
72 675
73 675
74 675
75 675
76 674
77 674
78 674
79 674
80 674
81 673
82 673
83 673
84 673
85 673
86 673
87 673
88 673
89 673
90 673
91 673
92 673
93 673
94 673
95 673
96 673
97 673
98 673
99 673
100 673
101 673
102 673
103 673
104 673
105 673
106 672
107 672
108 672
109 672
110 672
111 671
112 671
113 671
114 671
115 671
116 671
117 671
118 671
119 671
120 671
121 671
122 670
123 670
124 670
125 671
126 671
127 671
128 671
129 671
130 671
131 671
132 671
133 671
134 672
135 672
136 672
137 672
138 672
139 672
140 672
141 671
142 671
143 671
144 671
145 671
146 671
147 670
148 670
149 669
150 669
151 668
152 667
152 666
153 665
154 664
155 663
155 662
155 661
155 660
155 659
155 658
155 657
155 656
155 655
155 654
155 653
154 652
153 651
152 651
151 651
150 651
149 650
148 650
147 650
146 650
145 650
144 650
143 650
142 650
141 650
140 650
139 650
138 650
137 649
136 649
135 650
134 650
133 650
132 650
131 650
130 650
129 650
128 650
127 649
126 649
125 649
124 649
123 648
122 647
121 647
120 647
119 646
118 646
117 646
116 647
115 646
114 646
113 646
112 646
111 646
110 646
109 646
108 646
107 646
106 646
105 646
104 646
103 646
102 646
101 646
100 646
99 646
98 646
97 646
96 646
95 646
94 645
93 645
92 645
91 645
90 645
89 645
88 645
87 645
86 644
85 644
84 644
83 644
82 644
81 644
80 644
79 644
78 644
77 644
76 644
75 644
