238 561
237 562
236 562
235 562
234 563
233 563
232 563
231 563
230 563
229 564
228 564
227 564
226 564
225 565
224 566
223 567
222 568
222 569
221 570
221 571
220 572
219 572
218 573
217 574
216 575
216 576
215 577
215 578
214 579
214 580
213 581
213 582
213 583
214 584
214 585
215 586
216 587
217 588
218 589
219 590
219 591
219 592
220 593
221 594
222 594
223 594
224 594
225 593
226 593
227 593
228 593
229 593
230 592
231 592
232 592
233 592
234 591
235 591
236 591
237 591
238 591
239 591
240 591
241 591
242 591
243 591
244 591
245 591
246 591
247 591
248 591
249 591
250 591
251 591
252 591
253 591
254 591
255 591
256 591
257 591
258 592
259 591
260 591
261 591
262 591
263 590
264 590
265 590
266 590
267 590
268 590
269 590
270 590
271 590
272 590
273 590
274 590
275 590
276 590
277 590
278 590
279 590
280 590
281 590
282 589
283 589
284 588
285 588
286 587
287 587
288 587
289 586
290 585
291 584
292 583
293 582
294 581
294 580
294 579
294 578
294 577
293 576
293 575
292 574
292 573
292 572
291 571
291 570
290 569
289 568
288 567
287 567
286 566
285 566
284 565
283 565
282 564
281 564
280 563
279 563
278 563
277 563
276 563
275 563
274 563
273 563
272 563
271 563
270 563
269 563
268 563
267 563
266 563
265 563
264 563
263 563
262 563
261 563
260 563
259 563
258 563
257 563
256 563
255 563
254 563
253 563
252 563
251 563
250 563
249 563
248 562
247 562
246 562
245 561
244 561
243 561
242 561
241 561
240 561
239 561
238 561
