1124 522
1123 523
1122 523
1121 524
1120 524
1119 524
1118 524
1117 524
1116 524
1115 524
1114 524
1113 524
1112 525
1111 525
1110 525
1109 525
1108 525
1107 525
1106 525
1105 525
1104 526
1103 526
1102 526
1101 526
1100 526
1099 526
1098 526
1097 526
1096 526
1095 527
1094 527
1093 527
1092 527
1091 527
1090 527
1089 527
1088 527
1087 527
1086 527
1085 527
1084 527
1083 527
1082 527
1081 527
1080 527
1079 527
1078 527
1077 527
1076 527
1075 527
1074 527
1073 528
1072 528
1071 529
1070 529
1069 530
1068 530
1067 530
1066 530
1065 530
1064 530
1063 530
1062 530
1061 530
1060 531
1059 531
1058 531
1057 532
1056 533
1055 534
1054 535
1054 536
1054 537
1054 538
1055 539
1056 540
1057 540
1058 541
1059 541
1060 542
1061 542
1062 543
1063 543
1064 543
1065 543
1066 544
1067 544
1068 544
1069 545
1070 546
1071 546
1072 547
1073 547
1074 547
1075 547
1076 548
1077 549
1078 549
1079 549
1080 550
1081 550
1082 551
1083 551
1084 551
1085 552
1086 552
1087 552
1088 552
1089 553
1090 553
1091 554
1092 554
1093 554
1094 555
1095 555
1096 556
1097 556
1098 556
1099 556
1100 557
1101 557
1102 557
1103 557
1104 557
1105 558
1106 558
1107 558
1108 559
1109 559
1110 559
1111 560
1112 560
1113 560
1114 561
1115 561
1116 561
1117 562
1118 562
1119 562
1120 562
1121 562
1122 562
1123 562
1124 562
1125 562
1126 562
1127 562
1128 562
1129 562
1130 562
1131 562
1132 561
1133 561
1134 560
1135 560
1136 559
1137 559
1138 558
1139 557
1140 557
1141 557
1142 557
1143 556
1144 556
1145 556
1146 555
1147 554
1147 553
1148 552
1148 551
1148 550
1148 549
1148 548
1147 547
1146 546
1145 545
1145 544
1145 543
1145 542
1145 541
1146 540
1147 539
1148 538
1149 537
1149 536
1150 535
1149 534
1149 533
1149 532
1150 531
1149 530
1149 529
1148 528
1147 527
1146 526
1145 525
1144 525
1143 525
1142 524
1141 524
1140 524
1139 523
1138 523
1137 523
1136 523
1135 523
1134 523
1133 523
1132 522
1131 522
1130 522
1129 522
1128 522
1127 522
1126 522
1125 522
1124 522
