270 1716
269 1717
268 1717
267 1717
266 1717
265 1718
264 1718
263 1718
262 1718
261 1718
260 1718
259 1718
258 1718
257 1719
256 1719
255 1719
254 1720
253 1720
252 1721
251 1721
250 1721
249 1721
248 1721
247 1721
246 1721
245 1721
244 1721
243 1721
242 1721
241 1721
240 1721
239 1721
238 1721
237 1721
236 1721
235 1721
234 1721
233 1721
232 1721
231 1721
230 1721
229 1721
228 1721
227 1721
226 1721
225 1721
224 1721
223 1722
222 1722
221 1722
220 1722
219 1722
218 1722
217 1722
216 1721
215 1720
214 1720
213 1720
212 1720
211 1720
210 1720
209 1720
208 1720
207 1720
206 1720
205 1720
204 1720
203 1720
202 1720
201 1720
200 1720
199 1720
198 1720
197 1720
196 1720
195 1720
194 1720
193 1720
192 1720
191 1720
190 1720
189 1720
188 1720
187 1721
186 1722
186 1723
186 1724
186 1725
186 1726
186 1727
186 1728
187 1729
187 1730
188 1731
189 1732
190 1733
191 1734
192 1735
193 1736
194 1737
195 1738
196 1739
197 1740
198 1741
199 1742
200 1743
201 1744
201 1745
202 1746
203 1747
204 1748
205 1748
206 1749
207 1749
208 1749
209 1750
210 1750
211 1751
212 1751
213 1752
214 1753
215 1754
216 1754
217 1755
218 1755
219 1755
220 1755
221 1756
222 1756
223 1757
224 1757
225 1757
226 1758
227 1758
228 1758
229 1758
230 1759
231 1759
232 1759
233 1760
234 1760
235 1760
236 1760
237 1760
238 1760
239 1760
240 1760
241 1760
242 1760
243 1760
244 1760
245 1760
246 1760
247 1760
248 1760
249 1761
250 1761
251 1761
252 1761
253 1762
254 1762
255 1762
256 1762
257 1762
258 1762
259 1762
260 1762
261 1762
262 1762
263 1763
264 1763
265 1763
266 1763
267 1763
268 1763
269 1763
270 1762
271 1762
272 1762
273 1762
274 1762
275 1762
276 1762
277 1763
278 1763
279 1763
280 1763
281 1763
282 1764
283 1764
284 1764
285 1764
286 1765
287 1765
288 1765
289 1765
290 1765
291 1766
292 1766
293 1766
294 1766
295 1766
296 1766
297 1765
298 1765
299 1764
300 1763
301 1762
302 1761
302 1760
303 1759
304 1758
305 1757
306 1756
306 1755
306 1754
307 1753
307 1752
308 1751
308 1750
309 1749
309 1748
310 1747
311 1746
311 1745
311 1744
311 1743
311 1742
311 1741
311 1740
311 1739
311 1738
311 1737
311 1736
311 1735
311 1734
311 1733
311 1732
311 1731
311 1730
311 1729
311 1728
311 1727
311 1726
311 1725
311 1724
311 1723
311 1722
311 1721
310 1720
309 1719
308 1718
307 1717
306 1717
305 1716
304 1716
303 1716
302 1716
301 1716
300 1716
299 1716
298 1716
297 1716
296 1716
295 1716
294 1716
293 1716
292 1716
291 1716
290 1716
289 1716
288 1716
287 1716
286 1716
285 1716
284 1716
283 1716
282 1716
281 1716
280 1716
279 1716
278 1716
277 1716
276 1716
275 1716
274 1716
273 1716
272 1716
271 1716
270 1716
