943 94
942 95
941 95
940 95
939 95
938 95
937 95
936 96
935 96
934 96
933 97
932 97
931 97
930 98
929 98
928 98
927 98
926 98
925 99
924 99
923 99
922 99
921 99
920 99
919 99
918 99
917 99
916 99
915 99
914 99
913 99
912 99
911 99
910 99
909 99
908 100
907 101
906 101
905 101
904 101
903 101
902 101
901 101
900 101
899 101
898 101
897 101
896 101
895 101
894 101
893 101
892 101
891 101
890 101
889 101
888 101
887 101
886 101
885 101
884 100
883 100
882 100
881 100
880 99
879 98
878 98
877 98
876 98
875 98
874 98
873 98
872 98
871 98
870 98
869 98
868 98
867 99
866 99
865 100
864 100
863 101
862 101
861 101
860 102
859 102
858 103
857 103
856 103
855 104
854 105
853 105
852 106
851 106
850 107
849 107
848 108
847 109
846 109
845 110
844 111
843 111
842 112
841 113
840 114
839 115
838 116
837 116
836 117
835 117
834 118
833 118
832 119
831 120
830 120
829 121
828 122
827 122
826 123
825 123
824 123
823 124
822 124
821 124
820 125
819 126
818 126
817 127
816 127
815 128
814 129
813 130
812 131
811 132
810 132
809 132
808 132
807 132
806 132
805 132
804 132
803 133
802 134
801 135
800 136
800 137
800 138
800 139
800 140
800 141
800 142
800 143
800 144
800 145
800 146
801 147
801 148
801 149
802 150
802 151
802 152
802 153
803 154
803 155
804 156
805 157
806 158
806 159
807 160
808 161
809 161
810 161
811 162
812 162
813 163
814 163
815 164
816 164
817 164
818 164
819 165
820 165
821 164
822 165
823 165
824 166
825 167
826 168
826 169
827 170
828 170
829 171
830 171
831 171
832 171
833 172
834 172
835 172
836 172
837 173
838 173
839 173
840 174
841 174
842 174
843 175
844 175
845 176
846 176
847 177
848 177
849 178
850 178
851 178
852 179
853 179
854 180
855 180
856 181
857 181
858 182
859 182
860 182
861 183
862 183
863 184
864 184
865 185
866 185
867 186
868 187
869 187
870 188
871 188
872 188
873 188
874 188
875 188
876 188
877 188
878 188
879 189
880 189
881 189
882 190
883 191
884 191
885 191
886 191
887 191
888 191
889 191
890 191
891 192
892 193
893 193
894 193
895 193
896 193
897 194
898 194
899 194
900 195
901 195
902 195
903 195
904 195
905 195
906 195
907 195
908 195
909 195
910 195
911 195
912 196
913 196
914 196
915 196
916 196
917 196
918 197
919 197
920 197
921 197
922 197
923 197
924 197
925 197
926 197
927 197
928 197
929 196
930 196
931 196
932 196
933 196
934 196
935 196
936 196
937 197
938 197
939 198
940 198
941 198
942 199
943 199
944 200
945 200
946 200
947 201
948 201
949 201
950 201
951 201
952 201
953 201
954 201
955 201
956 201
957 201
958 202
959 202
960 202
961 203
962 203
963 203
964 203
965 203
966 203
967 203
968 203
969 202
970 201
971 201
972 200
973 199
973 198
973 197
974 196
974 195
975 194
975 193
976 192
977 191
978 190
978 189
979 188
979 187
980 186
980 185
981 184
981 183
982 182
982 181
982 180
982 179
982 178
982 177
982 176
982 175
982 174
982 173
982 172
982 171
982 170
982 169
982 168
982 167
982 166
982 165
982 164
982 163
983 162
983 161
984 160
984 159
985 158
985 157
985 156
986 155
986 154
987 153
987 152
988 151
988 150
988 149
989 148
989 147
989 146
990 145
990 144
990 143
991 142
991 141
990 140
990 139
989 138
988 137
987 137
986 136
985 135
984 135
983 134
982 133
981 133
980 132
979 131
978 130
977 129
977 128
976 127
975 126
975 125
975 124
974 123
974 122
974 121
973 120
973 119
973 118
973 117
973 116
973 115
972 114
972 113
972 112
972 111
971 110
971 109
971 108
971 107
971 106
970 105
969 104
968 104
967 104
966 104
965 104
964 104
963 103
962 103
961 102
960 101
959 100
958 99
957 98
956 98
955 98
954 97
953 97
952 96
951 96
950 95
949 95
948 94
947 94
946 94
945 94
944 94
943 94
