744 2161
743 2162
742 2162
741 2162
740 2162
739 2162
738 2163
737 2163
736 2163
735 2164
734 2164
733 2164
732 2164
731 2165
730 2165
729 2166
728 2166
727 2166
726 2166
725 2166
724 2166
723 2166
722 2166
721 2166
720 2166
719 2166
718 2167
717 2167
716 2167
715 2168
714 2168
713 2169
712 2169
711 2170
710 2170
709 2171
708 2172
707 2172
706 2173
705 2173
704 2173
703 2174
702 2174
701 2175
700 2175
699 2175
698 2176
697 2177
696 2178
695 2178
694 2179
693 2179
692 2180
691 2181
690 2182
689 2183
689 2184
689 2185
689 2186
690 2187
691 2188
692 2188
693 2189
694 2189
695 2190
696 2191
697 2191
698 2192
699 2192
700 2192
701 2192
702 2192
703 2193
704 2193
705 2194
706 2194
707 2194
708 2195
709 2195
710 2195
711 2196
712 2197
713 2197
714 2197
715 2197
716 2197
717 2197
718 2198
719 2198
720 2198
721 2199
722 2199
723 2200
724 2200
725 2201
726 2201
727 2201
728 2201
729 2201
730 2201
731 2201
732 2201
733 2201
734 2201
735 2201
736 2202
737 2202
738 2202
739 2203
740 2203
741 2203
742 2203
743 2204
744 2203
745 2203
746 2203
747 2202
748 2202
749 2202
750 2201
751 2201
752 2201
753 2201
754 2201
755 2201
756 2201
757 2201
758 2201
759 2201
760 2201
761 2201
762 2201
763 2201
764 2200
765 2200
766 2200
767 2199
768 2199
769 2198
770 2198
771 2197
772 2197
773 2197
774 2197
775 2196
776 2195
777 2194
778 2193
779 2192
780 2191
780 2190
781 2189
781 2188
781 2187
781 2186
781 2185
781 2184
782 2183
782 2182
782 2181
783 2180
783 2179
783 2178
783 2177
783 2176
782 2175
781 2174
780 2174
779 2173
778 2173
777 2172
776 2172
775 2172
774 2171
773 2170
772 2169
771 2168
770 2167
769 2167
768 2166
767 2165
766 2164
765 2163
764 2163
763 2162
762 2162
761 2162
760 2162
759 2162
758 2162
757 2162
756 2162
755 2162
754 2162
753 2162
752 2161
751 2161
750 2161
749 2161
748 2161
747 2161
746 2161
745 2161
744 2161
