956 435
955 436
954 436
953 436
952 436
951 436
950 437
949 437
948 437
947 437
946 437
945 437
944 438
943 438
942 438
941 439
940 439
939 439
938 439
937 439
936 439
935 440
934 440
933 441
932 441
931 442
930 442
929 443
928 443
927 444
926 444
925 443
924 443
923 443
922 442
921 442
920 442
919 443
918 443
917 443
916 444
915 444
914 444
913 444
912 444
911 444
910 444
909 445
908 445
907 445
906 445
905 445
904 445
903 446
902 446
901 446
900 447
899 447
898 447
897 447
896 447
895 447
894 447
893 447
892 447
891 448
890 448
889 448
888 449
887 449
886 450
885 450
884 450
883 450
882 450
881 450
880 450
879 450
878 450
877 450
876 450
875 450
874 450
873 450
872 450
871 450
870 450
869 450
868 450
867 450
866 450
865 450
864 450
863 450
862 450
861 450
860 450
859 450
858 451
857 451
856 452
855 452
854 453
853 454
852 455
852 456
851 457
850 458
849 459
848 459
847 460
846 461
845 462
844 462
843 463
842 463
841 464
840 464
839 464
838 464
837 464
836 464
835 464
834 464
833 464
832 464
831 464
830 464
829 464
828 464
827 464
826 464
825 464
824 464
823 465
822 465
821 465
820 465
819 465
818 465
817 465
816 465
815 466
814 467
813 467
812 467
811 468
810 468
809 469
809 470
808 471
808 472
808 473
808 474
807 475
806 476
805 477
805 478
805 479
805 480
805 481
805 482
805 483
805 484
805 485
805 486
805 487
805 488
805 489
805 490
805 491
805 492
805 493
805 494
804 495
805 496
805 497
805 498
806 499
806 500
806 501
807 502
808 503
808 504
808 505
808 506
808 507
809 508
809 509
809 510
810 511
810 512
810 513
811 514
811 515
812 516
812 517
813 518
813 519
813 520
814 521
814 522
815 523
815 524
816 525
816 526
817 527
818 528
819 529
820 530
821 531
822 532
823 533
824 534
825 534
826 534
827 534
828 534
829 534
830 534
831 534
832 534
833 534
834 534
835 534
836 534
837 534
838 534
839 534
840 534
841 533
842 533
843 533
844 532
845 532
846 532
847 532
848 532
849 532
850 531
851 531
852 531
853 530
854 530
855 530
856 529
857 529
858 529
859 529
860 529
861 529
862 529
863 529
864 529
865 529
866 529
867 529
868 529
869 529
870 529
871 529
872 529
873 529
874 529
875 529
876 529
877 529
878 529
879 529
880 529
881 529
882 529
883 529
884 529
885 529
886 529
887 529
888 529
889 529
890 529
891 529
892 529
893 528
894 528
895 527
896 527
897 527
898 527
899 527
900 527
901 527
902 527
903 527
904 528
905 528
906 528
907 528
908 528
909 529
910 529
911 530
912 531
913 531
914 532
915 532
916 532
917 532
918 533
919 533
920 534
921 534
922 534
923 534
924 534
925 534
926 534
927 534
928 535
929 535
930 535
931 536
932 536
933 537
934 537
935 537
936 537
937 537
938 537
939 538
940 538
941 538
942 538
943 538
944 538
945 538
946 538
947 538
948 537
949 537
950 536
951 536
952 536
953 536
954 536
955 536
956 536
957 536
958 536
959 536
960 536
961 535
962 535
963 535
964 534
965 534
965 533
966 532
967 531
967 530
968 529
968 528
969 527
969 526
970 525
971 524
971 523
971 522
971 521
971 520
971 519
971 518
971 517
972 516
973 515
973 514
973 513
974 512
974 511
974 510
975 509
975 508
976 507
977 506
978 505
978 504
978 503
979 502
979 501
980 500
981 499
982 498
982 497
982 496
982 495
982 494
982 493
982 492
982 491
981 490
981 489
981 488
981 487
981 486
981 485
982 484
983 483
984 482
984 481
984 480
985 479
985 478
985 477
985 476
985 475
986 474
986 473
986 472
986 471
986 470
986 469
986 468
986 467
986 466
986 465
986 464
986 463
986 462
985 461
985 460
985 459
985 458
985 457
985 456
985 455
985 454
985 453
984 452
984 451
983 450
983 449
982 448
981 447
981 446
980 445
979 445
978 444
977 443
976 443
975 443
974 442
973 442
972 442
971 442
970 441
969 441
968 440
967 439
966 438
965 437
964 436
963 435
962 435
961 435
960 435
959 435
958 435
957 435
956 435
