1267 1299
1266 1300
1265 1300
1264 1300
1263 1300
1262 1301
1261 1302
1260 1302
1259 1302
1258 1303
1257 1303
1256 1303
1255 1303
1254 1303
1253 1303
1252 1303
1251 1303
1250 1303
1249 1303
1248 1303
1247 1303
1246 1303
1245 1303
1244 1303
1243 1303
1242 1303
1241 1303
1240 1303
1239 1303
1238 1303
1237 1303
1236 1303
1235 1303
1234 1303
1233 1303
1232 1303
1231 1303
1230 1303
1229 1303
1228 1303
1227 1303
1226 1303
1225 1303
1224 1304
1223 1304
1222 1304
1221 1304
1220 1305
1219 1305
1218 1305
1217 1305
1216 1305
1215 1305
1214 1305
1213 1305
1212 1305
1211 1305
1210 1305
1209 1305
1208 1305
1207 1305
1206 1305
1205 1305
1204 1305
1203 1305
1202 1305
1201 1305
1200 1305
1199 1305
1198 1305
1197 1305
1196 1306
1195 1306
1194 1306
1193 1306
1192 1307
1191 1308
1190 1309
1189 1310
1188 1310
1187 1311
1186 1312
1185 1312
1184 1313
1183 1314
1182 1315
1181 1315
1180 1316
1179 1316
1178 1317
1177 1317
1176 1317
1175 1317
1174 1318
1173 1318
1172 1318
1171 1318
1170 1319
1169 1319
1168 1319
1167 1319
1166 1320
1165 1320
1164 1320
1163 1320
1162 1321
1161 1321
1160 1321
1159 1321
1158 1322
1157 1322
1156 1322
1155 1322
1154 1323
1153 1323
1152 1324
1151 1324
1150 1324
1149 1324
1148 1325
1147 1325
1146 1325
1145 1325
1144 1325
1143 1325
1142 1325
1141 1325
1140 1325
1139 1325
1138 1326
1137 1326
1136 1326
1135 1326
1134 1327
1133 1327
1132 1327
1131 1327
1130 1327
1129 1327
1128 1328
1127 1328
1126 1328
1125 1328
1124 1329
1123 1329
1122 1329
1121 1329
1120 1329
1119 1329
1118 1330
1117 1330
1116 1330
1115 1330
1114 1331
1113 1332
1112 1332
1111 1332
1110 1333
1109 1333
1108 1334
1107 1334
1106 1334
1105 1334
1104 1335
1103 1335
1102 1335
1101 1335
1100 1335
1099 1335
1098 1336
1097 1336
1096 1337
1095 1337
1094 1338
1093 1338
1092 1339
1091 1340
1090 1340
1089 1340
1088 1341
1087 1341
1086 1341
1085 1341
1084 1341
1083 1341
1082 1342
1081 1342
1080 1342
1079 1342
1078 1343
1077 1343
1076 1343
1075 1343
1074 1343
1073 1343
1072 1343
1071 1343
1070 1344
1069 1344
1068 1344
1067 1344
1066 1345
1065 1345
1064 1345
1063 1345
1062 1346
1061 1346
1060 1346
1059 1346
1058 1347
1057 1347
1056 1347
1055 1347
1054 1348
1053 1348
1052 1348
1051 1348
1050 1349
1049 1349
1048 1349
1047 1349
1046 1349
1045 1349
1044 1349
1043 1349
1042 1349
1041 1349
1040 1350
1039 1350
1038 1350
1037 1350
1036 1351
1035 1351
1034 1351
1033 1351
1032 1351
1031 1351
1030 1351
1029 1351
1028 1351
1027 1351
1026 1351
1025 1351
1024 1351
1023 1351
1022 1351
1021 1351
1020 1351
1019 1351
1018 1351
1017 1351
1016 1351
1015 1351
1014 1351
1013 1351
1012 1351
1011 1351
1010 1351
1009 1351
1008 1351
1007 1351
1006 1351
1005 1351
1004 1351
1003 1351
1002 1351
1001 1351
1000 1351
999 1351
998 1352
997 1352
996 1352
995 1352
994 1353
993 1353
992 1353
991 1353
990 1353
989 1353
988 1353
987 1353
986 1353
985 1353
984 1353
983 1353
982 1353
981 1353
980 1353
979 1353
978 1353
977 1353
976 1353
975 1353
974 1353
973 1353
972 1354
971 1354
970 1354
969 1354
968 1355
967 1355
966 1355
965 1355
964 1355
963 1355
962 1356
961 1357
960 1358
959 1359
958 1360
957 1360
956 1361
955 1362
954 1362
953 1362
952 1363
951 1363
950 1363
949 1363
948 1364
947 1364
946 1364
945 1364
944 1365
943 1366
942 1367
941 1368
940 1368
939 1369
938 1370
937 1370
936 1371
935 1371
934 1372
933 1372
932 1373
931 1374
930 1375
930 1376
929 1377
928 1378
928 1379
927 1380
926 1380
925 1381
924 1382
923 1382
922 1383
921 1383
920 1383
919 1383
918 1383
917 1383
916 1384
915 1384
914 1385
913 1386
912 1386
911 1387
910 1388
909 1388
908 1389
907 1390
906 1390
905 1390
904 1390
903 1390
902 1390
901 1390
900 1389
899 1389
898 1390
897 1390
896 1390
895 1390
894 1391
893 1392
892 1392
891 1392
890 1393
889 1393
888 1393
887 1393
886 1393
885 1393
884 1393
883 1393
882 1393
881 1393
880 1393
879 1393
878 1393
877 1393
876 1393
875 1393
874 1394
873 1394
872 1395
871 1395
870 1396
869 1396
868 1397
867 1397
866 1397
865 1397
864 1397
863 1397
862 1398
861 1398
860 1399
859 1399
858 1400
857 1400
856 1401
855 1401
854 1401
853 1401
852 1401
851 1401
850 1402
849 1402
848 1403
847 1403
846 1404
845 1404
844 1405
843 1406
842 1406
841 1406
840 1407
839 1407
838 1408
837 1408
836 1408
835 1408
834 1409
833 1409
832 1409
831 1409
830 1410
829 1410
828 1411
827 1412
826 1412
826 1413
825 1414
824 1414
824 1415
823 1416
822 1416
822 1417
821 1418
820 1418
820 1419
819 1420
818 1420
818 1421
817 1422
816 1423
816 1424
815 1425
815 1426
815 1427
815 1428
814 1429
814 1430
813 1431
812 1432
812 1433
811 1434
810 1434
810 1435
809 1436
808 1436
808 1437
807 1438
806 1438
806 1439
805 1440
804 1441
804 1442
803 1443
803 1444
803 1445
803 1446
803 1447
803 1448
802 1449
802 1450
802 1451
802 1452
801 1453
801 1454
801 1455
801 1456
801 1457
801 1458
801 1459
801 1460
801 1461
801 1462
801 1463
801 1464
801 1465
801 1466
801 1467
801 1468
801 1469
801 1470
801 1471
801 1472
802 1473
802 1474
803 1475
804 1476
804 1477
805 1477
806 1478
807 1479
808 1480
809 1481
810 1481
811 1481
812 1482
813 1483
814 1483
815 1484
816 1484
817 1485
818 1485
819 1486
820 1486
821 1487
822 1487
823 1488
824 1488
825 1489
826 1490
827 1491
828 1491
829 1492
830 1493
831 1493
832 1494
832 1495
833 1495
834 1496
835 1497
836 1497
837 1498
838 1498
839 1499
840 1499
841 1499
842 1499
843 1500
844 1500
845 1500
846 1500
847 1501
848 1501
849 1502
850 1503
851 1503
852 1504
852 1505
853 1505
854 1506
854 1507
855 1507
856 1508
856 1509
857 1509
858 1510
859 1511
860 1512
861 1513
862 1513
863 1513
864 1514
865 1515
866 1515
867 1516
868 1516
869 1517
870 1518
871 1519
872 1519
873 1519
874 1520
875 1521
876 1521
877 1521
878 1522
879 1523
880 1523
881 1523
882 1523
883 1524
884 1524
885 1525
886 1525
887 1525
888 1526
889 1527
890 1527
891 1527
892 1527
893 1528
894 1528
895 1528
896 1528
897 1528
898 1528
899 1528
900 1528
901 1529
902 1529
903 1529
904 1530
905 1531
906 1531
907 1531
908 1532
909 1533
910 1533
911 1533
912 1533
913 1534
914 1534
915 1535
916 1535
917 1535
918 1536
919 1537
920 1537
921 1538
922 1538
923 1539
924 1540
925 1541
926 1541
927 1542
928 1542
929 1543
930 1544
931 1545
932 1545
933 1545
934 1545
935 1546
936 1546
937 1547
938 1547
939 1547
940 1547
941 1548
942 1548
943 1549
944 1549
945 1549
946 1549
947 1550
948 1550
949 1550
950 1550
951 1550
952 1550
953 1551
954 1551
955 1552
956 1552
957 1553
958 1553
959 1554
960 1554
961 1554
962 1554
963 1554
964 1554
965 1554
966 1554
967 1554
968 1554
969 1555
970 1555
971 1556
972 1557
973 1557
974 1558
975 1559
976 1559
977 1560
978 1560
979 1561
980 1561
981 1561
982 1561
983 1562
984 1562
985 1563
986 1563
987 1563
988 1563
989 1564
990 1564
991 1564
992 1564
993 1564
994 1564
995 1565
996 1565
997 1565
998 1565
999 1566
1000 1566
1001 1567
1002 1567
1003 1567
1004 1567
1005 1568
1006 1568
1007 1568
1008 1568
1009 1569
1010 1569
1011 1569
1012 1569
1013 1570
1014 1570
1015 1571
1016 1571
1017 1571
1018 1571
1019 1572
1020 1572
1021 1572
1022 1572
1023 1573
1024 1573
1025 1573
1026 1574
1027 1575
1028 1575
1029 1575
1030 1576
1031 1577
1032 1577
1033 1578
1034 1578
1035 1579
1036 1579
1037 1580
1038 1580
1039 1580
1040 1580
1041 1581
1042 1581
1043 1581
1044 1582
1045 1583
1046 1583
1047 1583
1048 1583
1049 1584
1050 1584
1051 1585
1052 1585
1053 1585
1054 1586
1055 1587
1056 1587
1057 1587
1058 1587
1059 1588
1060 1588
1061 1588
1062 1588
1063 1589
1064 1589
1065 1589
1066 1590
1067 1591
1068 1591
1069 1591
1070 1591
1071 1592
1072 1592
1073 1592
1074 1592
1075 1592
1076 1592
1077 1593
1078 1593
1079 1594
1080 1594
1081 1595
1082 1596
1083 1597
1084 1597
1085 1597
1086 1598
1087 1599
1088 1599
1089 1599
1090 1599
1091 1600
1092 1600
1093 1600
1094 1600
1095 1600
1096 1600
1097 1600
1098 1600
1099 1600
1100 1600
1101 1600
1102 1600
1103 1600
1104 1600
1105 1601
1106 1601
1107 1601
1108 1601
1109 1602
1110 1602
1111 1602
1112 1602
1113 1602
1114 1602
1115 1602
1116 1602
1117 1602
1118 1602
1119 1603
1120 1603
1121 1604
1122 1605
1123 1605
1124 1606
1124 1607
1125 1607
1126 1608
1127 1609
1128 1610
1129 1611
1130 1611
1131 1611
1132 1611
1133 1612
1134 1612
1135 1612
1136 1612
1137 1611
1138 1611
1139 1611
1140 1611
1141 1610
1142 1610
1143 1610
1144 1610
1145 1610
1146 1610
1147 1610
1148 1610
1149 1610
1150 1610
1151 1610
1152 1610
1153 1610
1154 1610
1155 1610
1156 1610
1157 1610
1158 1610
1159 1611
1160 1611
1161 1612
1162 1612
1163 1613
1164 1613
1165 1614
1166 1614
1167 1615
1168 1615
1169 1615
1170 1615
1171 1616
1172 1616
1173 1617
1174 1617
1175 1617
1176 1618
1177 1619
1178 1619
1179 1619
1180 1620
1181 1621
1182 1621
1183 1621
1184 1621
1185 1622
1186 1622
1187 1623
1188 1623
1189 1623
1190 1624
1191 1625
1192 1625
1193 1625
1194 1625
1195 1626
1196 1626
1197 1626
1198 1626
1199 1627
1200 1627
1201 1627
1202 1627
1203 1628
1204 1628
1205 1628
1206 1628
1207 1628
1208 1628
1209 1628
1210 1628
1211 1628
1212 1628
1213 1628
1214 1628
1215 1628
1216 1628
1217 1628
1218 1628
1219 1628
1220 1628
1221 1628
1222 1628
1223 1628
1224 1628
1225 1628
1226 1628
1227 1628
1228 1628
1229 1628
1230 1628
1231 1628
1232 1628
1233 1628
1234 1628
1235 1628
1236 1628
1237 1628
1238 1628
1239 1629
1240 1629
1241 1629
1242 1629
1243 1630
1244 1630
1245 1630
1246 1630
1247 1630
1248 1630
1249 1630
1250 1630
1251 1630
1252 1630
1253 1630
1254 1630
1255 1630
1256 1630
1257 1631
1258 1631
1259 1632
1260 1632
1261 1633
1262 1633
1263 1634
1264 1634
1265 1634
1266 1634
1267 1634
1268 1634
1269 1634
1270 1634
1271 1634
1272 1634
1273 1634
1274 1634
1275 1634
1276 1634
1277 1633
1278 1633
1279 1633
1280 1633
1281 1632
1282 1632
1283 1632
1284 1632
1285 1632
1286 1632
1287 1632
1288 1632
1289 1632
1290 1632
1291 1632
1292 1632
1293 1632
1294 1632
1295 1631
1296 1631
1297 1631
1298 1631
1299 1630
1300 1630
1301 1630
1302 1630
1303 1629
1304 1629
1305 1629
1306 1629
1307 1628
1308 1628
1309 1628
1310 1628
1311 1627
1312 1627
1313 1627
1314 1627
1315 1626
1316 1625
1317 1625
1318 1625
1319 1624
1320 1623
1321 1623
1322 1623
1323 1622
1324 1622
1325 1622
1326 1622
1327 1622
1328 1622
1329 1622
1330 1622
1331 1622
1332 1622
1333 1622
1334 1622
1335 1622
1336 1622
1337 1622
1338 1622
1339 1622
1340 1622
1341 1622
1342 1622
1343 1622
1344 1622
1345 1622
1346 1622
1347 1622
1348 1622
1349 1622
1350 1622
1351 1622
1352 1622
1353 1622
1354 1622
1355 1623
1356 1623
1357 1624
1358 1624
1359 1625
1360 1625
1361 1626
1362 1626
1363 1626
1364 1626
1365 1626
1366 1626
1367 1626
1368 1626
1369 1626
1370 1626
1371 1626
1372 1626
1373 1626
1374 1626
1375 1626
1376 1626
1377 1626
1378 1626
1379 1626
1380 1626
1381 1626
1382 1626
1383 1626
1384 1626
1385 1626
1386 1626
1387 1626
1388 1626
1389 1626
1390 1626
1391 1626
1392 1626
1393 1626
1394 1626
1395 1625
1396 1625
1397 1625
1398 1625
1399 1624
1400 1624
1401 1624
1402 1624
1403 1623
1404 1623
1405 1623
1406 1623
1407 1622
1408 1621
1409 1620
1410 1620
1411 1619
1412 1619
1413 1618
1414 1618
1415 1618
1416 1618
1417 1618
1418 1618
1419 1617
1420 1617
1421 1617
1422 1617
1423 1616
1424 1615
1425 1615
1426 1615
1427 1614
1428 1613
1429 1613
1430 1613
1431 1612
1432 1611
1433 1611
1434 1611
1435 1610
1436 1609
1437 1609
1438 1609
1439 1608
1440 1608
1441 1608
1442 1608
1443 1608
1444 1608
1445 1607
1446 1607
1447 1607
1448 1607
1449 1606
1450 1605
1451 1605
1452 1605
1453 1604
1454 1604
1455 1603
1456 1603
1457 1602
1458 1601
1459 1600
1460 1599
1460 1598
1460 1597
1460 1596
1461 1595
1461 1594
1461 1593
1462 1592
1462 1591
1462 1590
1462 1589
1462 1588
1462 1587
1463 1586
1463 1585
1463 1584
1463 1583
1464 1582
1464 1581
1464 1580
1465 1579
1465 1578
1466 1577
1467 1576
1467 1575
1468 1574
1468 1573
1468 1572
1468 1571
1469 1570
1469 1569
1469 1568
1470 1567
1470 1566
1471 1565
1472 1564
1472 1563
1473 1562
1474 1561
1475 1560
1475 1559
1476 1558
1476 1557
1476 1556
1477 1555
1477 1554
1478 1553
1479 1552
1479 1551
1480 1550
1481 1549
1481 1548
1480 1547
1480 1546
1480 1545
1480 1544
1480 1543
1480 1542
1480 1541
1480 1540
1480 1539
1480 1538
1481 1537
1481 1536
1481 1535
1481 1534
1482 1533
1482 1532
1482 1531
1483 1530
1483 1529
1484 1528
1484 1527
1484 1526
1484 1525
1484 1524
1485 1523
1485 1522
1485 1521
1485 1520
1484 1519
1484 1518
1484 1517
1484 1516
1484 1515
1484 1514
1484 1513
1484 1512
1484 1511
1484 1510
1485 1509
1485 1508
1485 1507
1485 1506
1484 1505
1484 1504
1484 1503
1484 1502
1484 1501
1484 1500
1484 1499
1484 1498
1484 1497
1484 1496
1485 1495
1485 1494
1485 1493
1485 1492
1486 1491
1486 1490
1486 1489
1487 1488
1487 1487
1488 1486
1489 1485
1489 1484
1489 1483
1489 1482
1488 1481
1487 1480
1487 1479
1486 1478
1486 1477
1486 1476
1486 1475
1485 1474
1485 1473
1485 1472
1485 1471
1484 1470
1484 1469
1483 1468
1483 1467
1483 1466
1483 1465
1482 1464
1482 1463
1482 1462
1482 1461
1482 1460
1482 1459
1482 1458
1482 1457
1482 1456
1482 1455
1482 1454
1482 1453
1482 1452
1482 1451
1482 1450
1482 1449
1483 1448
1483 1447
1483 1446
1483 1445
1484 1444
1484 1443
1485 1442
1485 1441
1485 1440
1485 1439
1486 1438
1486 1437
1486 1436
1486 1435
1486 1434
1486 1433
1486 1432
1486 1431
1487 1430
1487 1429
1487 1428
1487 1427
1488 1426
1488 1425
1488 1424
1488 1423
1488 1422
1488 1421
1488 1420
1488 1419
1488 1418
1488 1417
1488 1416
1488 1415
1488 1414
1488 1413
1488 1412
1488 1411
1488 1410
1488 1409
1488 1408
1488 1407
1488 1406
1488 1405
1488 1404
1488 1403
1488 1402
1488 1401
1488 1400
1488 1399
1488 1398
1488 1397
1488 1396
1488 1395
1488 1394
1488 1393
1487 1392
1487 1391
1487 1390
1487 1389
1486 1388
1485 1387
1484 1386
1483 1385
1483 1384
1482 1384
1481 1383
1481 1382
1480 1382
1479 1381
1479 1380
1478 1379
1477 1378
1477 1377
1476 1376
1476 1375
1475 1374
1475 1373
1474 1372
1474 1371
1473 1370
1473 1369
1472 1368
1472 1367
1472 1366
1472 1365
1471 1364
1471 1363
1471 1362
1471 1361
1470 1360
1469 1359
1468 1358
1467 1357
1467 1356
1466 1356
1465 1355
1464 1354
1463 1353
1462 1352
1461 1352
1460 1352
1459 1352
1458 1351
1457 1351
1456 1351
1455 1351
1454 1351
1453 1351
1452 1351
1451 1351
1450 1351
1449 1351
1448 1351
1447 1351
1446 1351
1445 1351
1444 1351
1443 1351
1442 1351
1441 1351
1440 1350
1439 1350
1438 1350
1437 1350
1436 1349
1435 1349
1434 1348
1433 1348
1432 1348
1431 1347
1430 1346
1429 1346
1428 1346
1427 1346
1426 1345
1425 1345
1424 1345
1423 1345
1422 1345
1421 1345
1420 1345
1419 1345
1418 1344
1417 1344
1416 1343
1415 1342
1414 1342
1413 1341
1413 1340
1412 1340
1411 1339
1411 1338
1410 1338
1409 1337
1409 1336
1408 1336
1407 1335
1407 1334
1406 1333
1405 1332
1405 1331
1404 1330
1404 1329
1403 1328
1403 1327
1403 1326
1403 1325
1402 1324
1401 1323
1400 1322
1399 1321
1399 1320
1398 1320
1397 1319
1397 1318
1396 1318
1395 1317
1395 1316
1394 1316
1393 1315
1393 1314
1392 1314
1391 1313
1390 1312
1389 1312
1388 1311
1387 1311
1386 1310
1385 1310
1384 1309
1383 1309
1382 1308
1381 1308
1380 1307
1379 1307
1378 1307
1377 1307
1376 1307
1375 1307
1374 1307
1373 1307
1372 1307
1371 1307
1370 1307
1369 1307
1368 1307
1367 1307
1366 1307
1365 1307
1364 1307
1363 1307
1362 1307
1361 1307
1360 1306
1359 1306
1358 1306
1357 1305
1356 1304
1355 1304
1354 1304
1353 1304
1352 1303
1351 1303
1350 1303
1349 1303
1348 1303
1347 1303
1346 1303
1345 1303
1344 1303
1343 1303
1342 1303
1341 1303
1340 1303
1339 1303
1338 1303
1337 1303
1336 1303
1335 1303
1334 1304
1333 1304
1332 1304
1331 1304
1330 1305
1329 1306
1328 1306
1327 1306
1326 1307
1325 1307
1324 1307
1323 1307
1322 1307
1321 1307
1320 1307
1319 1307
1318 1307
1317 1307
1316 1307
1315 1307
1314 1307
1313 1307
1312 1307
1311 1307
1310 1306
1309 1306
1308 1306
1307 1305
1306 1304
1305 1304
1304 1304
1303 1304
1302 1303
1301 1303
1300 1303
1299 1303
1298 1303
1297 1303
1296 1303
1295 1303
1294 1302
1293 1302
1292 1302
1291 1302
1290 1301
1289 1301
1288 1301
1287 1301
1286 1301
1285 1301
1284 1301
1283 1301
1282 1301
1281 1301
1280 1301
1279 1301
1278 1301
1277 1301
1276 1301
1275 1301
1274 1301
1273 1301
1272 1300
1271 1300
1270 1300
1269 1300
1268 1299
1267 1299
