4098 3497
4097 3498
4096 3498
4095 3498
4094 3498
4093 3499
4092 3499
4091 3499
4090 3499
4089 3499
4088 3499
4087 3499
4086 3499
4085 3500
4084 3500
4083 3500
4082 3500
4081 3501
4080 3502
4079 3502
4078 3502
4077 3503
4076 3503
4075 3504
4074 3504
4073 3504
4072 3504
4071 3505
4070 3505
4069 3505
4068 3505
4067 3505
4066 3505
4065 3506
4064 3506
4063 3506
4062 3506
4061 3507
4060 3507
4059 3508
4058 3508
4057 3508
4056 3508
4055 3509
4054 3509
4053 3509
4052 3509
4051 3510
4050 3510
4049 3510
4048 3510
4047 3511
4046 3511
4045 3511
4044 3511
4043 3511
4042 3511
4041 3512
4040 3512
4039 3512
4038 3512
4037 3513
4036 3513
4035 3513
4034 3513
4033 3514
4032 3514
4031 3514
4030 3514
4029 3515
4028 3515
4027 3515
4026 3515
4025 3515
4024 3515
4023 3516
4022 3516
4021 3516
4020 3516
4019 3517
4018 3518
4017 3518
4016 3518
4015 3519
4014 3519
4013 3519
4012 3519
4011 3519
4010 3519
4009 3520
4008 3520
4007 3520
4006 3520
4005 3521
4004 3522
4003 3523
4002 3523
4001 3524
4000 3524
3999 3525
3998 3525
3997 3525
3996 3525
3995 3525
3994 3525
3993 3525
3992 3525
3991 3525
3990 3525
3989 3526
3988 3526
3987 3527
3986 3527
3985 3528
3984 3528
3983 3529
3982 3529
3981 3530
3980 3530
3979 3530
3978 3530
3977 3531
3976 3531
3975 3532
3974 3532
3973 3532
3972 3532
3971 3533
3970 3533
3969 3534
3968 3534
3967 3534
3966 3534
3965 3535
3964 3536
3963 3536
3962 3536
3961 3537
3960 3537
3959 3537
3958 3537
3957 3537
3956 3537
3955 3537
3954 3537
3953 3537
3952 3537
3951 3537
3950 3537
3949 3537
3948 3537
3947 3537
3946 3537
3945 3538
3944 3538
3943 3538
3942 3538
3941 3539
3940 3539
3939 3539
3938 3539
3937 3540
3936 3540
3935 3540
3934 3540
3933 3541
3932 3541
3931 3542
3930 3542
3929 3542
3928 3542
3927 3543
3926 3543
3925 3544
3924 3544
3923 3544
3922 3544
3921 3545
3920 3545
3919 3545
3918 3545
3917 3545
3916 3545
3915 3546
3914 3546
3913 3546
3912 3546
3911 3547
3910 3547
3909 3547
3908 3547
3907 3547
3906 3547
3905 3547
3904 3547
3903 3547
3902 3547
3901 3547
3900 3547
3899 3548
3898 3548
3897 3548
3896 3548
3895 3549
3894 3549
3893 3549
3892 3549
3891 3550
3890 3550
3889 3550
3888 3550
3887 3551
3886 3551
3885 3551
3884 3551
3883 3552
3882 3552
3881 3552
3880 3552
3879 3553
3878 3553
3877 3553
3876 3553
3875 3553
3874 3553
3873 3553
3872 3553
3871 3553
3870 3553
3869 3553
3868 3553
3867 3554
3866 3554
3865 3554
3864 3554
3863 3555
3862 3555
3861 3555
3860 3555
3859 3555
3858 3555
3857 3555
3856 3555
3855 3556
3854 3556
3853 3556
3852 3556
3851 3557
3850 3557
3849 3557
3848 3557
3847 3557
3846 3557
3845 3557
3844 3557
3843 3557
3842 3557
3841 3557
3840 3557
3839 3557
3838 3557
3837 3557
3836 3557
3835 3557
3834 3557
3833 3557
3832 3557
3831 3557
3830 3557
3829 3557
3828 3557
3827 3557
3826 3557
3825 3557
3824 3557
3823 3557
3822 3557
3821 3557
3820 3557
3819 3557
3818 3557
3817 3557
3816 3557
3815 3557
3814 3557
3813 3557
3812 3557
3811 3557
3810 3557
3809 3557
3808 3557
3807 3557
3806 3557
3805 3557
3804 3557
3803 3557
3802 3557
3801 3557
3800 3557
3799 3557
3798 3557
3797 3557
3796 3557
3795 3557
3794 3557
3793 3557
3792 3557
3791 3557
3790 3557
3789 3557
3788 3557
3787 3557
3786 3557
3785 3557
3784 3557
3783 3557
3782 3557
3781 3557
3780 3557
3779 3557
3778 3557
3777 3557
3776 3557
3775 3557
3774 3557
3773 3557
3772 3557
3771 3557
3770 3557
3769 3557
3768 3557
3767 3557
3766 3557
3765 3557
3764 3557
3763 3557
3762 3557
3761 3557
3760 3557
3759 3557
3758 3557
3757 3557
3756 3557
3755 3557
3754 3557
3753 3557
3752 3557
3751 3557
3750 3557
3749 3557
3748 3557
3747 3557
3746 3557
3745 3556
3744 3556
3743 3556
3742 3556
3741 3555
3740 3555
3739 3555
3738 3555
3737 3554
3736 3554
3735 3554
3734 3554
3733 3553
3732 3553
3731 3553
3730 3553
3729 3553
3728 3553
3727 3553
3726 3553
3725 3552
3724 3552
3723 3552
3722 3551
3721 3550
3720 3550
3719 3550
3718 3550
3717 3549
3716 3549
3715 3548
3714 3548
3713 3548
3712 3547
3711 3546
3710 3546
3709 3546
3708 3545
3707 3544
3706 3544
3705 3544
3704 3543
3703 3542
3702 3542
3701 3542
3700 3541
3699 3540
3698 3540
3697 3540
3696 3539
3695 3538
3694 3538
3693 3538
3692 3537
3691 3536
3690 3536
3689 3536
3688 3536
3687 3535
3686 3535
3685 3534
3684 3534
3683 3534
3682 3533
3681 3532
3680 3532
3679 3532
3678 3531
3677 3530
3676 3530
3675 3530
3674 3529
3673 3528
3672 3528
3671 3528
3670 3527
3669 3526
3668 3526
3667 3526
3666 3526
3665 3525
3664 3525
3663 3525
3662 3525
3661 3524
3660 3524
3659 3524
3658 3524
3657 3523
3656 3523
3655 3522
3654 3522
3653 3522
3652 3522
3651 3521
3650 3521
3649 3521
3648 3521
3647 3520
3646 3520
3645 3520
3644 3520
3643 3519
3642 3519
3641 3519
3640 3519
3639 3518
3638 3518
3637 3518
3636 3518
3635 3517
3634 3517
3633 3517
3632 3517
3631 3517
3630 3517
3629 3517
3628 3517
3627 3517
3626 3517
3625 3517
3624 3517
3623 3517
3622 3517
3621 3516
3620 3516
3619 3516
3618 3516
3617 3515
3616 3515
3615 3515
3614 3515
3613 3515
3612 3515
3611 3515
3610 3515
3609 3515
3608 3515
3607 3515
3606 3515
3605 3514
3604 3514
3603 3514
3602 3514
3601 3513
3600 3513
3599 3513
3598 3513
3597 3513
3596 3513
3595 3513
3594 3513
3593 3513
3592 3513
3591 3512
3590 3512
3589 3512
3588 3512
3587 3511
3586 3511
3585 3511
3584 3511
3583 3511
3582 3511
3581 3511
3580 3511
3579 3511
3578 3511
3577 3511
3576 3511
3575 3511
3574 3511
3573 3511
3572 3511
3571 3511
3570 3511
3569 3511
3568 3511
3567 3511
3566 3511
3565 3511
3564 3511
3563 3511
3562 3511
3561 3511
3560 3511
3559 3512
3558 3512
3557 3512
3556 3512
3555 3513
3554 3513
3553 3513
3552 3513
3551 3513
3550 3513
3549 3514
3548 3514
3547 3514
3546 3514
3545 3515
3544 3515
3543 3515
3542 3515
3541 3515
3540 3515
3539 3515
3538 3515
3537 3516
3536 3516
3535 3516
3534 3516
3533 3517
3532 3517
3531 3518
3530 3518
3529 3518
3528 3518
3527 3519
3526 3519
3525 3519
3524 3519
3523 3520
3522 3520
3521 3520
3520 3520
3519 3521
3518 3521
3517 3521
3516 3521
3515 3521
3514 3521
3513 3521
3512 3521
3511 3521
3510 3521
3509 3521
3508 3521
3507 3521
3506 3521
3505 3521
3504 3521
3503 3521
3502 3521
3501 3521
3500 3521
3499 3521
3498 3521
3497 3521
3496 3521
3495 3521
3494 3521
3493 3522
3492 3522
3491 3522
3490 3522
3489 3523
3488 3523
3487 3523
3486 3523
3485 3523
3484 3523
3483 3523
3482 3523
3481 3523
3480 3523
3479 3523
3478 3523
3477 3523
3476 3523
3475 3523
3474 3523
3473 3523
3472 3523
3471 3523
3470 3523
3469 3523
3468 3523
3467 3523
3466 3523
3465 3523
3464 3523
3463 3523
3462 3523
3461 3523
3460 3523
3459 3523
3458 3523
3457 3523
3456 3523
3455 3524
3454 3524
3453 3524
3452 3524
3451 3525
3450 3526
3449 3526
3448 3526
3447 3527
3446 3527
3445 3528
3444 3528
3443 3528
3442 3528
3441 3529
3440 3530
3439 3530
3438 3530
3437 3531
3436 3531
3435 3532
3434 3532
3433 3532
3432 3532
3431 3533
3430 3534
3429 3534
3428 3534
3427 3535
3426 3536
3425 3536
3424 3536
3423 3537
3422 3538
3421 3538
3420 3538
3419 3539
3418 3540
3417 3540
3416 3540
3415 3541
3414 3541
3413 3541
3412 3541
3411 3542
3410 3542
3409 3542
3408 3542
3407 3543
3406 3543
3405 3543
3404 3543
3403 3544
3402 3544
3401 3544
3400 3544
3399 3545
3398 3545
3397 3545
3396 3545
3395 3546
3394 3546
3393 3546
3392 3546
3391 3547
3390 3547
3389 3547
3388 3547
3387 3548
3386 3548
3385 3548
3384 3548
3383 3549
3382 3549
3381 3549
3380 3549
3379 3550
3378 3550
3377 3550
3376 3550
3375 3551
3374 3551
3373 3551
3372 3551
3371 3551
3370 3551
3369 3551
3368 3551
3367 3551
3366 3551
3365 3551
3364 3551
3363 3551
3362 3551
3361 3551
3360 3551
3359 3551
3358 3551
3357 3551
3356 3551
3355 3551
3354 3551
3353 3551
3352 3551
3351 3551
3350 3551
3349 3551
3348 3551
3347 3551
3346 3551
3345 3551
3344 3551
3343 3551
3342 3551
3341 3551
3340 3551
3339 3551
3338 3551
3337 3551
3336 3551
3335 3551
3334 3551
3333 3551
3332 3551
3331 3551
3330 3551
3329 3550
3328 3550
3327 3550
3326 3550
3325 3549
3324 3549
3323 3549
3322 3549
3321 3549
3320 3549
3319 3549
3318 3549
3317 3548
3316 3548
3315 3548
3314 3548
3313 3547
3312 3547
3311 3547
3310 3547
3309 3547
3308 3547
3307 3547
3306 3547
3305 3547
3304 3547
3303 3547
3302 3547
3301 3547
3300 3547
3299 3547
3298 3547
3297 3547
3296 3547
3295 3547
3294 3547
3293 3547
3292 3547
3291 3547
3290 3547
3289 3547
3288 3547
3287 3547
3286 3547
3285 3547
3284 3547
3283 3547
3282 3547
3281 3547
3280 3547
3279 3548
3278 3548
3277 3548
3276 3548
3275 3549
3274 3550
3273 3550
3272 3550
3271 3551
3270 3551
3269 3552
3268 3552
3267 3552
3266 3552
3265 3553
3264 3553
3263 3554
3262 3554
3261 3554
3260 3554
3259 3555
3258 3556
3257 3556
3256 3556
3255 3557
3254 3558
3253 3558
3252 3558
3251 3559
3250 3559
3249 3560
3248 3560
3247 3560
3246 3560
3245 3561
3244 3562
3243 3562
3242 3562
3241 3563
3240 3564
3239 3564
3238 3564
3237 3565
3236 3565
3235 3566
3234 3566
3233 3566
3232 3566
3231 3567
3230 3568
3229 3568
3228 3568
3227 3569
3226 3570
3225 3570
3224 3570
3223 3571
3222 3571
3221 3572
3220 3572
3219 3572
3218 3572
3217 3573
3216 3574
3215 3574
3214 3574
3213 3575
3212 3576
3211 3576
3210 3576
3209 3577
3208 3577
3207 3578
3206 3578
3205 3578
3204 3578
3203 3579
3202 3580
3201 3580
3200 3580
3199 3581
3198 3582
3197 3582
3196 3582
3195 3583
3194 3584
3193 3584
3192 3584
3191 3585
3190 3586
3189 3586
3188 3586
3187 3587
3186 3588
3185 3588
3184 3588
3183 3589
3182 3590
3181 3590
3180 3590
3179 3591
3178 3591
3177 3592
3176 3592
3175 3592
3174 3592
3173 3593
3172 3594
3171 3594
3170 3594
3169 3595
3168 3595
3167 3595
3166 3595
3165 3596
3164 3596
3163 3596
3162 3596
3161 3597
3160 3597
3159 3597
3158 3597
3157 3597
3156 3597
3155 3597
3154 3597
3153 3597
3152 3597
3151 3597
3150 3597
3149 3597
3148 3597
3147 3597
3146 3597
3145 3597
3144 3597
3143 3597
3142 3597
3141 3598
3140 3598
3139 3598
3138 3598
3137 3599
3136 3599
3135 3600
3134 3600
3133 3600
3132 3600
3131 3601
3130 3601
3129 3602
3128 3602
3127 3602
3126 3602
3125 3603
3124 3603
3123 3603
3122 3603
3121 3604
3120 3604
3119 3604
3118 3604
3117 3605
3116 3606
3115 3606
3114 3606
3113 3607
3112 3607
3111 3608
3110 3608
3109 3608
3108 3608
3107 3609
3106 3609
3105 3609
3104 3609
3103 3609
3102 3609
3101 3609
3100 3609
3099 3609
3098 3609
3097 3610
3096 3610
3095 3610
3094 3610
3093 3611
3092 3611
3091 3611
3090 3611
3089 3611
3088 3611
3087 3611
3086 3611
3085 3611
3084 3611
3083 3612
3082 3612
3081 3612
3080 3612
3079 3613
3078 3613
3077 3613
3076 3613
3075 3613
3074 3613
3073 3613
3072 3613
3071 3613
3070 3613
3069 3613
3068 3613
3067 3613
3066 3613
3065 3613
3064 3613
3063 3613
3062 3613
3061 3613
3060 3613
3059 3613
3058 3613
3057 3613
3056 3613
3055 3613
3054 3613
3053 3613
3052 3613
3051 3613
3050 3613
3049 3613
3048 3613
3047 3613
3046 3613
3045 3613
3044 3613
3043 3613
3042 3613
3041 3613
3040 3613
3039 3613
3038 3613
3037 3613
3036 3613
3035 3613
3034 3613
3033 3614
3032 3614
3031 3614
3030 3614
3029 3615
3028 3615
3027 3615
3026 3615
3025 3615
3024 3615
3023 3615
3022 3615
3021 3615
3020 3615
3019 3616
3018 3616
3017 3616
3016 3616
3015 3617
3014 3617
3013 3617
3012 3617
3011 3617
3010 3617
3009 3617
3008 3617
3007 3618
3006 3618
3005 3618
3004 3618
3003 3619
3002 3619
3001 3619
3000 3619
2999 3619
2998 3619
2997 3619
2996 3619
2995 3620
2994 3620
2993 3620
2992 3620
2991 3621
2990 3621
2989 3621
2988 3621
2987 3622
2986 3622
2985 3622
2984 3622
2983 3623
2982 3623
2981 3623
2980 3623
2979 3624
2978 3624
2977 3624
2976 3624
2975 3625
2974 3625
2973 3625
2972 3625
2971 3626
2970 3626
2969 3626
2968 3626
2967 3627
2966 3627
2965 3628
2964 3628
2963 3628
2962 3628
2961 3629
2960 3629
2959 3630
2958 3630
2957 3630
2956 3630
2955 3631
2954 3631
2953 3631
2952 3631
2951 3632
2950 3632
2949 3632
2948 3632
2947 3633
2946 3633
2945 3633
2944 3633
2943 3634
2942 3634
2941 3634
2940 3634
2939 3635
2938 3635
2937 3635
2936 3635
2935 3635
2934 3635
2933 3635
2932 3635
2931 3635
2930 3635
2929 3635
2928 3635
2927 3635
2926 3635
2925 3635
2924 3635
2923 3635
2922 3635
2921 3635
2920 3635
2919 3635
2918 3635
2917 3635
2916 3635
2915 3635
2914 3635
2913 3635
2912 3635
2911 3635
2910 3635
2909 3635
2908 3635
2907 3635
2906 3635
2905 3635
2904 3635
2903 3635
2902 3635
2901 3635
2900 3635
2899 3635
2898 3635
2897 3635
2896 3635
2895 3635
2894 3635
2893 3635
2892 3635
2891 3635
2890 3635
2889 3635
2888 3635
2887 3635
2886 3635
2885 3636
2884 3636
2883 3636
2882 3636
2881 3637
2880 3637
2879 3638
2878 3638
2877 3638
2876 3638
2875 3639
2874 3639
2873 3639
2872 3639
2871 3640
2870 3640
2869 3640
2868 3640
2867 3641
2866 3641
2865 3641
2864 3641
2863 3642
2862 3642
2861 3642
2860 3642
2859 3643
2858 3644
2857 3644
2856 3644
2855 3645
2854 3645
2853 3646
2852 3646
2851 3646
2850 3646
2849 3647
2848 3648
2847 3648
2846 3648
2845 3649
2844 3650
2843 3650
2842 3650
2841 3651
2840 3652
2839 3653
2838 3653
2837 3654
2836 3654
2835 3655
2834 3656
2833 3656
2832 3656
2831 3657
2830 3658
2829 3658
2828 3658
2827 3659
2826 3660
2825 3661
2824 3661
2823 3662
2822 3662
2821 3663
2820 3664
2819 3665
2818 3665
2817 3666
2816 3666
2815 3667
2814 3668
2813 3668
2812 3668
2811 3669
2810 3670
2809 3670
2808 3670
2807 3671
2806 3672
2805 3673
2804 3673
2803 3674
2802 3674
2801 3675
2800 3676
2799 3676
2798 3676
2797 3677
2796 3678
2795 3678
2794 3678
2793 3679
2792 3680
2791 3681
2790 3682
2789 3682
2788 3683
2787 3684
2786 3684
2785 3685
2784 3686
2783 3686
2782 3686
2781 3687
2780 3688
2779 3688
2778 3688
2777 3689
2776 3690
2775 3690
2774 3690
2773 3691
2772 3692
2771 3692
2770 3692
2769 3693
2768 3694
2767 3695
2766 3695
2765 3696
2764 3696
2763 3697
2762 3697
2761 3698
2760 3698
2759 3698
2758 3698
2757 3699
2756 3700
2755 3700
2754 3700
2753 3701
2752 3701
2751 3701
2750 3701
2749 3702
2748 3702
2747 3703
2746 3704
2745 3704
2745 3705
2744 3706
2743 3706
2743 3707
2742 3708
2741 3708
2741 3709
2740 3710
2739 3710
2739 3711
2738 3712
2737 3712
2737 3713
2736 3714
2735 3714
2735 3715
2734 3716
2733 3716
2733 3717
2732 3718
2731 3719
2730 3720
2729 3721
2729 3722
2729 3723
2728 3724
2727 3725
2727 3726
2726 3727
2726 3728
2725 3729
2724 3730
2723 3731
2723 3732
2722 3733
2722 3734
2721 3735
2720 3736
2719 3737
2719 3738
2719 3739
2718 3740
2717 3741
2717 3742
2716 3743
2715 3744
2715 3745
2714 3746
2713 3747
2712 3748
2711 3749
2711 3750
2711 3751
2711 3752
2710 3753
2710 3754
2709 3755
2709 3756
2708 3757
2708 3758
2707 3759
2707 3760
2706 3761
2706 3762
2706 3763
2706 3764
2706 3765
2706 3766
2705 3767
2705 3768
2705 3769
2705 3770
2704 3771
2704 3772
2703 3773
2703 3774
2703 3775
2703 3776
2702 3777
2702 3778
2702 3779
2702 3780
2702 3781
2702 3782
2702 3783
2702 3784
2702 3785
2702 3786
2702 3787
2702 3788
2702 3789
2702 3790
2702 3791
2702 3792
2702 3793
2702 3794
2702 3795
2702 3796
2702 3797
2702 3798
2702 3799
2702 3800
2703 3801
2703 3802
2703 3803
2703 3804
2704 3805
2705 3806
2705 3807
2705 3808
2706 3809
2706 3810
2706 3811
2706 3812
2706 3813
2706 3814
2707 3815
2707 3816
2707 3817
2707 3818
2708 3819
2709 3820
2709 3821
2709 3822
2710 3823
2710 3824
2710 3825
2710 3826
2710 3827
2710 3828
2710 3829
2710 3830
2710 3831
2710 3832
2710 3833
2710 3834
2710 3835
2710 3836
2710 3837
2710 3838
2710 3839
2710 3840
2710 3841
2710 3842
2710 3843
2710 3844
2710 3845
2710 3846
2710 3847
2710 3848
2710 3849
2710 3850
2710 3851
2710 3852
2711 3853
2711 3854
2711 3855
2711 3856
2712 3857
2712 3858
2713 3859
2713 3860
2713 3861
2713 3862
2714 3863
2714 3864
2715 3865
2715 3866
2715 3867
2715 3868
2716 3869
2717 3870
2717 3871
2717 3872
2718 3873
2718 3874
2719 3875
2719 3876
2719 3877
2719 3878
2720 3879
2721 3880
2721 3881
2721 3882
2722 3883
2722 3884
2722 3885
2722 3886
2722 3887
2722 3888
2722 3889
2722 3890
2722 3891
2722 3892
2723 3893
2723 3894
2723 3895
2723 3896
2724 3897
2724 3898
2725 3899
2725 3900
2725 3901
2725 3902
2726 3903
2726 3904
2727 3905
2727 3906
2728 3907
2728 3908
2729 3909
2729 3910
2730 3911
2731 3912
2732 3913
2732 3914
2733 3915
2733 3916
2734 3917
2735 3918
2736 3919
2736 3920
2737 3921
2737 3922
2738 3923
2738 3924
2739 3925
2739 3926
2739 3927
2739 3928
2740 3929
2741 3930
2741 3931
2741 3932
2742 3933
2742 3934
2742 3935
2742 3936
2742 3937
2742 3938
2742 3939
2742 3940
2742 3941
2742 3942
2742 3943
2742 3944
2742 3945
2742 3946
2742 3947
2742 3948
2742 3949
2742 3950
2742 3951
2742 3952
2742 3953
2742 3954
2742 3955
2742 3956
2742 3957
2742 3958
2742 3959
2742 3960
2743 3961
2743 3962
2743 3963
2743 3964
2744 3965
2744 3966
2744 3967
2744 3968
2744 3969
2744 3970
2744 3971
2744 3972
2744 3973
2744 3974
2744 3975
2744 3976
2744 3977
2744 3978
2744 3979
2744 3980
2744 3981
2744 3982
2744 3983
2744 3984
2744 3985
2744 3986
2744 3987
2744 3988
2744 3989
2744 3990
2744 3991
2744 3992
2744 3993
2744 3994
2744 3995
2744 3996
2744 3997
2744 3998
2745 3999
2745 4000
2745 4001
2745 4002
2746 4003
2746 4004
2746 4005
2746 4006
2747 4007
2747 4008
2747 4009
2747 4010
2748 4011
2748 4012
2749 4013
2749 4014
2749 4015
2749 4016
2750 4017
2751 4018
2751 4019
2751 4020
2752 4021
2752 4022
2753 4023
2753 4024
2753 4025
2753 4026
2754 4027
2755 4028
2755 4029
2755 4030
2756 4031
2756 4032
2756 4033
2756 4034
2756 4035
2756 4036
2756 4037
2756 4038
2756 4039
2756 4040
2756 4041
2756 4042
2756 4043
2756 4044
2756 4045
2756 4046
2756 4047
2756 4048
2755 4049
2755 4050
2755 4051
2755 4052
2754 4053
2754 4054
2754 4055
2754 4056
2754 4057
2754 4058
2754 4059
2754 4060
2754 4061
2754 4062
2754 4063
2754 4064
2755 4065
2755 4066
2755 4067
2755 4068
2756 4069
2757 4070
2757 4071
2757 4072
2758 4073
2759 4074
2759 4075
2759 4076
2760 4077
2760 4078
2761 4079
2761 4080
2761 4081
2761 4082
2762 4083
2763 4084
2764 4085
2765 4086
2765 4087
2766 4087
2767 4088
2767 4089
2768 4089
2769 4090
2769 4091
2770 4092
2771 4093
2771 4094
2772 4095
2773 4096
2774 4097
2774 4098
2775 4099
2775 4100
2776 4101
2777 4102
2777 4103
2777 4104
2778 4105
2779 4106
2779 4107
2779 4108
2780 4109
2780 4110
2780 4111
2780 4112
2781 4113
2781 4114
2781 4115
2781 4116
2782 4117
2782 4118
2783 4119
2783 4120
2783 4121
2783 4122
2784 4123
2785 4124
2785 4125
2785 4126
2786 4127
2787 4128
2788 4129
2789 4130
2789 4131
2790 4132
2791 4133
2791 4134
2792 4135
2793 4136
2794 4137
2795 4138
2795 4139
2796 4139
2797 4140
2797 4141
2798 4141
2799 4142
2799 4143
2800 4143
2801 4144
2801 4145
2802 4145
2803 4146
2803 4147
2804 4147
2805 4148
2805 4149
2806 4149
2807 4150
2807 4151
2808 4151
2809 4152
2810 4153
2811 4154
2812 4155
2813 4155
2814 4155
2815 4156
2816 4157
2817 4157
2818 4157
2819 4158
2820 4159
2821 4159
2822 4160
2823 4161
2823 4162
2824 4163
2825 4164
2826 4165
2827 4166
2827 4167
2828 4167
2829 4168
2829 4169
2830 4170
2831 4171
2831 4172
2832 4173
2833 4174
2834 4175
2834 4176
2835 4177
2835 4178
2836 4179
2837 4180
2838 4181
2838 4182
2839 4183
2839 4184
2840 4185
2841 4186
2842 4187
2842 4188
2843 4189
2843 4190
2844 4191
2845 4192
2846 4193
2847 4194
2847 4195
2848 4195
2849 4196
2849 4197
2850 4198
2851 4199
2851 4200
2852 4201
2853 4202
2854 4203
2855 4204
2855 4205
2856 4205
2857 4206
2857 4207
2858 4207
2859 4208
2859 4209
2860 4209
2861 4210
2861 4211
2862 4211
2863 4212
2863 4213
2864 4213
2865 4214
2866 4215
2867 4216
2868 4217
2869 4217
2870 4218
2871 4219
2872 4219
2873 4220
2873 4221
2874 4221
2875 4222
2875 4223
2876 4223
2877 4224
2878 4225
2879 4226
2880 4227
2881 4227
2882 4227
2883 4228
2884 4229
2885 4229
2886 4229
2887 4230
2888 4231
2889 4231
2890 4231
2891 4232
2892 4233
2893 4233
2894 4233
2895 4234
2896 4235
2897 4235
2898 4235
2899 4236
2900 4237
2901 4237
2902 4237
2903 4238
2904 4239
2905 4239
2906 4239
2907 4239
2908 4240
2909 4240
2910 4241
2911 4241
2912 4241
2913 4241
2914 4242
2915 4242
2916 4243
2917 4243
2918 4243
2919 4244
2920 4245
2921 4245
2922 4245
2923 4246
2924 4247
2925 4247
2926 4247
2927 4248
2928 4249
2929 4249
2930 4249
2931 4249
2932 4250
2933 4250
2934 4250
2935 4250
2936 4250
2937 4250
2938 4251
2939 4251
2940 4251
2941 4251
2942 4252
2943 4252
2944 4253
2945 4253
2946 4253
2947 4253
2948 4254
2949 4254
2950 4255
2951 4255
2952 4255
2953 4256
2954 4257
2955 4257
2956 4257
2957 4258
2958 4259
2959 4259
2960 4259
2961 4259
2962 4260
2963 4260
2964 4261
2965 4261
2966 4261
2967 4261
2968 4262
2969 4262
2970 4263
2971 4263
2972 4263
2973 4263
2974 4264
2975 4264
2976 4264
2977 4264
2978 4265
2979 4265
2980 4265
2981 4265
2982 4266
2983 4266
2984 4266
2985 4266
2986 4266
2987 4266
2988 4266
2989 4266
2990 4266
2991 4266
2992 4267
2993 4267
2994 4267
2995 4268
2996 4269
2997 4269
2998 4269
2999 4269
3000 4270
3001 4270
3002 4270
3003 4270
3004 4271
3005 4271
3006 4271
3007 4271
3008 4272
3009 4272
3010 4273
3011 4273
3012 4273
3013 4273
3014 4274
3015 4274
3016 4274
3017 4274
3018 4275
3019 4275
3020 4275
3021 4275
3022 4276
3023 4276
3024 4277
3025 4277
3026 4277
3027 4277
3028 4278
3029 4278
3030 4279
3031 4279
3032 4279
3033 4279
3034 4280
3035 4280
3036 4281
3037 4281
3038 4281
3039 4281
3040 4282
3041 4282
3042 4282
3043 4282
3044 4283
3045 4283
3046 4283
3047 4283
3048 4284
3049 4284
3050 4284
3051 4284
3052 4284
3053 4284
3054 4285
3055 4285
3056 4285
3057 4285
3058 4286
3059 4286
3060 4287
3061 4287
3062 4287
3063 4287
3064 4288
3065 4288
3066 4288
3067 4288
3068 4289
3069 4289
3070 4289
3071 4289
3072 4290
3073 4290
3074 4290
3075 4290
3076 4290
3077 4290
3078 4290
3079 4290
3080 4291
3081 4291
3082 4291
3083 4291
3084 4292
3085 4292
3086 4292
3087 4292
3088 4292
3089 4292
3090 4292
3091 4292
3092 4292
3093 4292
3094 4292
3095 4292
3096 4292
3097 4292
3098 4292
3099 4292
3100 4292
3101 4292
3102 4292
3103 4292
3104 4292
3105 4292
3106 4292
3107 4292
3108 4292
3109 4292
3110 4292
3111 4292
3112 4292
3113 4292
3114 4292
3115 4292
3116 4292
3117 4292
3118 4292
3119 4292
3120 4292
3121 4292
3122 4292
3123 4292
3124 4293
3125 4293
3126 4293
3127 4293
3128 4294
3129 4294
3130 4294
3131 4294
3132 4294
3133 4294
3134 4294
3135 4294
3136 4294
3137 4294
3138 4294
3139 4294
3140 4295
3141 4295
3142 4295
3143 4295
3144 4296
3145 4296
3146 4296
3147 4296
3148 4296
3149 4296
3150 4296
3151 4296
3152 4296
3153 4296
3154 4297
3155 4297
3156 4297
3157 4297
3158 4298
3159 4298
3160 4299
3161 4299
3162 4299
3163 4299
3164 4300
3165 4300
3166 4300
3167 4300
3168 4301
3169 4301
3170 4301
3171 4301
3172 4302
3173 4302
3174 4303
3175 4303
3176 4303
3177 4304
3178 4305
3179 4305
3180 4305
3181 4305
3182 4306
3183 4306
3184 4307
3185 4307
3186 4307
3187 4308
3188 4309
3189 4309
3190 4309
3191 4310
3192 4311
3193 4311
3194 4311
3195 4312
3196 4313
3197 4313
3198 4313
3199 4313
3200 4314
3201 4314
3202 4315
3203 4315
3204 4315
3205 4316
3206 4317
3207 4317
3208 4317
3209 4317
3210 4318
3211 4318
3212 4318
3213 4318
3214 4319
3215 4319
3216 4319
3217 4319
3218 4320
3219 4320
3220 4321
3221 4321
3222 4321
3223 4321
3224 4322
3225 4322
3226 4323
3227 4323
3228 4323
3229 4323
3230 4324
3231 4324
3232 4325
3233 4325
3234 4325
3235 4325
3236 4326
3237 4326
3238 4326
3239 4326
3240 4327
3241 4327
3242 4327
3243 4327
3244 4328
3245 4328
3246 4329
3247 4329
3248 4329
3249 4329
3250 4330
3251 4330
3252 4330
3253 4330
3254 4331
3255 4331
3256 4331
3257 4331
3258 4332
3259 4332
3260 4332
3261 4332
3262 4332
3263 4332
3264 4332
3265 4332
3266 4332
3267 4332
3268 4332
3269 4332
3270 4332
3271 4332
3272 4333
3273 4333
3274 4333
3275 4333
3276 4334
3277 4334
3278 4334
3279 4334
3280 4334
3281 4334
3282 4334
3283 4334
3284 4334
3285 4334
3286 4334
3287 4334
3288 4335
3289 4335
3290 4335
3291 4335
3292 4336
3293 4336
3294 4336
3295 4336
3296 4336
3297 4336
3298 4336
3299 4336
3300 4337
3301 4337
3302 4337
3303 4337
3304 4338
3305 4338
3306 4338
3307 4338
3308 4338
3309 4338
3310 4338
3311 4338
3312 4338
3313 4338
3314 4339
3315 4339
3316 4339
3317 4339
3318 4340
3319 4340
3320 4340
3321 4340
3322 4340
3323 4340
3324 4340
3325 4340
3326 4341
3327 4341
3328 4341
3329 4341
3330 4342
3331 4342
3332 4342
3333 4342
3334 4343
3335 4343
3336 4343
3337 4343
3338 4344
3339 4344
3340 4344
3341 4344
3342 4344
3343 4344
3344 4345
3345 4345
3346 4345
3347 4345
3348 4346
3349 4346
3350 4346
3351 4346
3352 4347
3353 4347
3354 4347
3355 4347
3356 4348
3357 4348
3358 4348
3359 4348
3360 4348
3361 4348
3362 4349
3363 4349
3364 4349
3365 4349
3366 4350
3367 4350
3368 4351
3369 4351
3370 4351
3371 4351
3372 4352
3373 4352
3374 4352
3375 4352
3376 4352
3377 4352
3378 4352
3379 4352
3380 4353
3381 4353
3382 4353
3383 4353
3384 4354
3385 4354
3386 4355
3387 4355
3388 4355
3389 4356
3390 4357
3391 4357
3392 4357
3393 4358
3394 4359
3395 4359
3396 4359
3397 4360
3398 4361
3399 4361
3400 4362
3401 4363
3402 4363
3403 4364
3404 4365
3405 4366
3406 4367
3407 4367
3408 4368
3409 4368
3410 4369
3411 4370
3412 4371
3413 4371
3414 4371
3415 4372
3416 4373
3417 4373
3418 4373
3419 4374
3420 4375
3421 4375
3422 4375
3423 4375
3424 4376
3425 4376
3426 4377
3427 4377
3428 4377
3429 4377
3430 4378
3431 4378
3432 4378
3433 4378
3434 4378
3435 4378
3436 4378
3437 4378
3438 4379
3439 4379
3440 4379
3441 4379
3442 4380
3443 4380
3444 4381
3445 4381
3446 4381
3447 4381
3448 4382
3449 4382
3450 4382
3451 4382
3452 4382
3453 4382
3454 4382
3455 4382
3456 4383
3457 4383
3458 4383
3459 4383
3460 4384
3461 4384
3462 4384
3463 4384
3464 4384
3465 4384
3466 4384
3467 4384
3468 4384
3469 4384
3470 4384
3471 4384
3472 4384
3473 4384
3474 4384
3475 4384
3476 4384
3477 4384
3478 4384
3479 4384
3480 4384
3481 4384
3482 4384
3483 4384
3484 4384
3485 4384
3486 4385
3487 4385
3488 4385
3489 4385
3490 4386
3491 4386
3492 4386
3493 4386
3494 4386
3495 4386
3496 4386
3497 4386
3498 4385
3499 4385
3500 4385
3501 4385
3502 4384
3503 4384
3504 4384
3505 4384
3506 4384
3507 4384
3508 4384
3509 4384
3510 4384
3511 4384
3512 4384
3513 4384
3514 4384
3515 4384
3516 4384
3517 4384
3518 4383
3519 4383
3520 4383
3521 4383
3522 4382
3523 4382
3524 4382
3525 4382
3526 4381
3527 4381
3528 4381
3529 4381
3530 4380
3531 4379
3532 4379
3533 4379
3534 4378
3535 4377
3536 4377
3537 4377
3538 4376
3539 4375
3540 4375
3541 4375
3542 4374
3543 4373
3544 4372
3545 4372
3546 4371
3547 4371
3548 4370
3549 4370
3550 4369
3551 4369
3552 4369
3553 4369
3554 4368
3555 4368
3556 4367
3557 4367
3558 4367
3559 4367
3560 4366
3561 4365
3562 4365
3563 4365
3564 4364
3565 4364
3566 4363
3567 4363
3568 4363
3569 4363
3570 4362
3571 4362
3572 4362
3573 4362
3574 4362
3575 4362
3576 4361
3577 4361
3578 4361
3579 4361
3580 4360
3581 4360
3582 4360
3583 4360
3584 4360
3585 4360
3586 4360
3587 4360
3588 4360
3589 4360
3590 4360
3591 4360
3592 4360
3593 4360
3594 4360
3595 4360
3596 4359
3597 4359
3598 4359
3599 4359
3600 4358
3601 4358
3602 4358
3603 4358
3604 4358
3605 4358
3606 4358
3607 4358
3608 4358
3609 4358
3610 4358
3611 4358
3612 4358
3613 4358
3614 4358
3615 4358
3616 4358
3617 4358
3618 4358
3619 4358
3620 4358
3621 4358
3622 4358
3623 4358
3624 4358
3625 4358
3626 4358
3627 4358
3628 4358
3629 4358
3630 4358
3631 4358
3632 4358
3633 4358
3634 4358
3635 4358
3636 4358
3637 4358
3638 4358
3639 4358
3640 4358
3641 4358
3642 4358
3643 4358
3644 4358
3645 4358
3646 4358
3647 4358
3648 4359
3649 4359
3650 4359
3651 4359
3652 4360
3653 4360
3654 4360
3655 4360
3656 4360
3657 4360
3658 4360
3659 4360
3660 4360
3661 4360
3662 4360
3663 4360
3664 4360
3665 4360
3666 4360
3667 4360
3668 4360
3669 4360
3670 4360
3671 4360
3672 4360
3673 4360
3674 4360
3675 4360
3676 4360
3677 4360
3678 4360
3679 4360
3680 4360
3681 4360
3682 4360
3683 4360
3684 4360
3685 4360
3686 4360
3687 4360
3688 4360
3689 4360
3690 4360
3691 4360
3692 4359
3693 4359
3694 4359
3695 4359
3696 4358
3697 4358
3698 4358
3699 4358
3700 4358
3701 4358
3702 4358
3703 4358
3704 4358
3705 4358
3706 4358
3707 4358
3708 4358
3709 4358
3710 4358
3711 4358
3712 4358
3713 4358
3714 4358
3715 4358
3716 4357
3717 4357
3718 4357
3719 4357
3720 4356
3721 4356
3722 4356
3723 4356
3724 4356
3725 4356
3726 4356
3727 4356
3728 4356
3729 4356
3730 4356
3731 4356
3732 4355
3733 4355
3734 4355
3735 4355
3736 4354
3737 4354
3738 4354
3739 4354
3740 4354
3741 4354
3742 4354
3743 4354
3744 4354
3745 4354
3746 4354
3747 4354
3748 4354
3749 4354
3750 4354
3751 4354
3752 4353
3753 4353
3754 4353
3755 4353
3756 4352
3757 4352
3758 4352
3759 4352
3760 4352
3761 4352
3762 4352
3763 4352
3764 4352
3765 4352
3766 4352
3767 4352
3768 4352
3769 4352
3770 4353
3771 4353
3772 4353
3773 4353
3774 4354
3775 4354
3776 4354
3777 4354
3778 4354
3779 4354
3780 4354
3781 4354
3782 4354
3783 4354
3784 4354
3785 4354
3786 4354
3787 4354
3788 4354
3789 4354
3790 4354
3791 4354
3792 4354
3793 4354
3794 4354
3795 4354
3796 4354
3797 4354
3798 4354
3799 4354
3800 4354
3801 4354
3802 4354
3803 4354
3804 4354
3805 4354
3806 4354
3807 4354
3808 4354
3809 4354
3810 4354
3811 4354
3812 4354
3813 4354
3814 4354
3815 4354
3816 4354
3817 4354
3818 4354
3819 4354
3820 4354
3821 4354
3822 4354
3823 4354
3824 4354
3825 4354
3826 4354
3827 4354
3828 4354
3829 4354
3830 4354
3831 4354
3832 4354
3833 4354
3834 4354
3835 4354
3836 4354
3837 4354
3838 4354
3839 4354
3840 4354
3841 4354
3842 4354
3843 4354
3844 4354
3845 4354
3846 4354
3847 4354
3848 4354
3849 4354
3850 4354
3851 4354
3852 4354
3853 4354
3854 4354
3855 4354
3856 4354
3857 4354
3858 4354
3859 4354
3860 4354
3861 4354
3862 4354
3863 4354
3864 4354
3865 4354
3866 4354
3867 4354
3868 4354
3869 4354
3870 4354
3871 4354
3872 4354
3873 4354
3874 4354
3875 4354
3876 4353
3877 4353
3878 4353
3879 4353
3880 4352
3881 4352
3882 4352
3883 4352
3884 4352
3885 4352
3886 4352
3887 4352
3888 4352
3889 4352
3890 4352
3891 4352
3892 4352
3893 4352
3894 4352
3895 4352
3896 4352
3897 4352
3898 4352
3899 4352
3900 4352
3901 4352
3902 4352
3903 4352
3904 4351
3905 4351
3906 4351
3907 4351
3908 4350
3909 4350
3910 4350
3911 4350
3912 4350
3913 4350
3914 4349
3915 4349
3916 4349
3917 4349
3918 4348
3919 4348
3920 4348
3921 4348
3922 4348
3923 4348
3924 4348
3925 4348
3926 4348
3927 4348
3928 4348
3929 4348
3930 4348
3931 4348
3932 4348
3933 4348
3934 4348
3935 4348
3936 4348
3937 4348
3938 4348
3939 4348
3940 4348
3941 4348
3942 4348
3943 4348
3944 4348
3945 4348
3946 4347
3947 4347
3948 4347
3949 4347
3950 4346
3951 4346
3952 4346
3953 4346
3954 4346
3955 4346
3956 4346
3957 4346
3958 4346
3959 4346
3960 4346
3961 4346
3962 4346
3963 4346
3964 4346
3965 4346
3966 4346
3967 4346
3968 4346
3969 4346
3970 4346
3971 4346
3972 4346
3973 4346
3974 4346
3975 4346
3976 4346
3977 4346
3978 4346
3979 4346
3980 4346
3981 4346
3982 4346
3983 4346
3984 4346
3985 4346
3986 4346
3987 4346
3988 4346
3989 4346
3990 4346
3991 4346
3992 4346
3993 4346
3994 4346
3995 4346
3996 4346
3997 4346
3998 4346
3999 4346
4000 4346
4001 4346
4002 4346
4003 4346
4004 4346
4005 4346
4006 4346
4007 4346
4008 4346
4009 4346
4010 4346
4011 4346
4012 4347
4013 4347
4014 4347
4015 4347
4016 4348
4017 4348
4018 4348
4019 4348
4020 4348
4021 4348
4022 4348
4023 4348
4024 4349
4025 4349
4026 4349
4027 4349
4028 4350
4029 4350
4030 4350
4031 4350
4032 4350
4033 4350
4034 4350
4035 4350
4036 4350
4037 4350
4038 4350
4039 4350
4040 4350
4041 4350
4042 4350
4043 4350
4044 4350
4045 4350
4046 4350
4047 4350
4048 4350
4049 4350
4050 4350
4051 4350
4052 4350
4053 4350
4054 4350
4055 4350
4056 4350
4057 4350
4058 4350
4059 4350
4060 4349
4061 4349
4062 4349
4063 4349
4064 4348
4065 4348
4066 4348
4067 4348
4068 4348
4069 4348
4070 4348
4071 4348
4072 4347
4073 4347
4074 4347
4075 4347
4076 4346
4077 4346
4078 4346
4079 4346
4080 4346
4081 4346
4082 4345
4083 4345
4084 4345
4085 4345
4086 4344
4087 4344
4088 4344
4089 4344
4090 4343
4091 4343
4092 4343
4093 4343
4094 4342
4095 4342
4096 4342
4097 4342
4098 4341
4099 4341
4100 4341
4101 4341
4102 4340
4103 4340
4104 4340
4105 4340
4106 4340
4107 4340
4108 4340
4109 4340
4110 4340
4111 4340
4112 4340
4113 4340
4114 4340
4115 4340
4116 4340
4117 4340
4118 4339
4119 4339
4120 4339
4121 4339
4122 4338
4123 4338
4124 4338
4125 4338
4126 4338
4127 4338
4128 4337
4129 4337
4130 4337
4131 4337
4132 4336
4133 4336
4134 4336
4135 4336
4136 4335
4137 4335
4138 4335
4139 4335
4140 4334
4141 4334
4142 4334
4143 4334
4144 4334
4145 4334
4146 4333
4147 4333
4148 4333
4149 4333
4150 4332
4151 4332
4152 4332
4153 4332
4154 4332
4155 4332
4156 4332
4157 4332
4158 4332
4159 4332
4160 4331
4161 4331
4162 4331
4163 4331
4164 4330
4165 4330
4166 4330
4167 4330
4168 4330
4169 4330
4170 4330
4171 4330
4172 4330
4173 4330
4174 4330
4175 4330
4176 4330
4177 4330
4178 4330
4179 4330
4180 4330
4181 4330
4182 4330
4183 4330
4184 4330
4185 4330
4186 4330
4187 4330
4188 4330
4189 4330
4190 4330
4191 4330
4192 4330
4193 4330
4194 4330
4195 4330
4196 4330
4197 4330
4198 4330
4199 4330
4200 4330
4201 4330
4202 4330
4203 4330
4204 4330
4205 4330
4206 4330
4207 4330
4208 4330
4209 4330
4210 4330
4211 4330
4212 4330
4213 4330
4214 4330
4215 4330
4216 4330
4217 4330
4218 4330
4219 4330
4220 4330
4221 4330
4222 4330
4223 4330
4224 4331
4225 4331
4226 4331
4227 4331
4228 4332
4229 4332
4230 4332
4231 4332
4232 4332
4233 4332
4234 4332
4235 4332
4236 4332
4237 4332
4238 4332
4239 4332
4240 4332
4241 4332
4242 4332
4243 4332
4244 4332
4245 4332
4246 4332
4247 4332
4248 4332
4249 4332
4250 4332
4251 4332
4252 4332
4253 4332
4254 4332
4255 4332
4256 4332
4257 4332
4258 4332
4259 4332
4260 4332
4261 4332
4262 4332
4263 4332
4264 4332
4265 4332
4266 4332
4267 4332
4268 4332
4269 4332
4270 4332
4271 4332
4272 4332
4273 4332
4274 4332
4275 4332
4276 4332
4277 4332
4278 4332
4279 4332
4280 4332
4281 4332
4282 4332
4283 4332
4284 4332
4285 4332
4286 4332
4287 4332
4288 4332
4289 4332
4290 4332
4291 4332
4292 4331
4293 4331
4294 4331
4295 4331
4296 4330
4297 4330
4298 4330
4299 4330
4300 4330
4301 4330
4302 4330
4303 4330
4304 4330
4305 4330
4306 4330
4307 4330
4308 4330
4309 4330
4310 4330
4311 4330
4312 4329
4313 4329
4314 4329
4315 4329
4316 4328
4317 4328
4318 4328
4319 4328
4320 4328
4321 4328
4322 4327
4323 4327
4324 4327
4325 4327
4326 4326
4327 4326
4328 4326
4329 4326
4330 4325
4331 4325
4332 4325
4333 4325
4334 4324
4335 4324
4336 4324
4337 4324
4338 4323
4339 4323
4340 4323
4341 4323
4342 4322
4343 4321
4344 4321
4345 4321
4346 4320
4347 4320
4348 4320
4349 4320
4350 4320
4351 4320
4352 4319
4353 4319
4354 4319
4355 4319
4356 4318
4357 4318
4358 4318
4359 4318
4360 4318
4361 4318
4362 4317
4363 4317
4364 4317
4365 4317
4366 4316
4367 4316
4368 4316
4369 4316
4370 4316
4371 4316
4372 4316
4373 4316
4374 4316
4375 4316
4376 4316
4377 4316
4378 4316
4379 4316
4380 4316
4381 4316
4382 4316
4383 4316
4384 4316
4385 4316
4386 4316
4387 4316
4388 4316
4389 4316
4390 4316
4391 4316
4392 4316
4393 4316
4394 4316
4395 4316
4396 4316
4397 4316
4398 4316
4399 4316
4400 4316
4401 4316
4402 4316
4403 4316
4404 4316
4405 4316
4406 4316
4407 4316
4408 4316
4409 4316
4410 4315
4411 4315
4412 4315
4413 4315
4414 4314
4415 4314
4416 4314
4417 4314
4418 4314
4419 4314
4420 4314
4421 4314
4422 4315
4423 4315
4424 4315
4425 4315
4426 4316
4427 4316
4428 4316
4429 4316
4430 4316
4431 4316
4432 4316
4433 4316
4434 4316
4435 4316
4436 4316
4437 4316
4438 4316
4439 4316
4440 4316
4441 4316
4442 4315
4443 4315
4444 4315
4445 4315
4446 4314
4447 4314
4448 4314
4449 4314
4450 4314
4451 4314
4452 4314
4453 4314
4454 4314
4455 4314
4456 4314
4457 4314
4458 4314
4459 4314
4460 4314
4461 4314
4462 4314
4463 4314
4464 4314
4465 4314
4466 4314
4467 4314
4468 4314
4469 4314
4470 4314
4471 4314
4472 4313
4473 4313
4474 4313
4475 4313
4476 4312
4477 4312
4478 4312
4479 4312
4480 4312
4481 4312
4482 4312
4483 4312
4484 4312
4485 4312
4486 4312
4487 4312
4488 4312
4489 4312
4490 4311
4491 4311
4492 4311
4493 4311
4494 4310
4495 4310
4496 4310
4497 4310
4498 4310
4499 4310
4500 4309
4501 4309
4502 4309
4503 4309
4504 4308
4505 4308
4506 4308
4507 4308
4508 4308
4509 4308
4510 4308
4511 4308
4512 4308
4513 4308
4514 4307
4515 4307
4516 4307
4517 4307
4518 4306
4519 4306
4520 4306
4521 4306
4522 4306
4523 4306
4524 4306
4525 4306
4526 4306
4527 4306
4528 4306
4529 4306
4530 4306
4531 4306
4532 4306
4533 4306
4534 4306
4535 4306
4536 4306
4537 4306
4538 4306
4539 4306
4540 4306
4541 4306
4542 4306
4543 4306
4544 4306
4545 4306
4546 4306
4547 4306
4548 4306
4549 4306
4550 4306
4551 4306
4552 4306
4553 4306
4554 4306
4555 4306
4556 4306
4557 4306
4558 4305
4559 4305
4560 4305
4561 4305
4562 4304
4563 4304
4564 4304
4565 4304
4566 4304
4567 4304
4568 4304
4569 4304
4570 4304
4571 4304
4572 4304
4573 4304
4574 4303
4575 4303
4576 4303
4577 4303
4578 4302
4579 4302
4580 4302
4581 4302
4582 4302
4583 4302
4584 4302
4585 4302
4586 4302
4587 4302
4588 4302
4589 4302
4590 4301
4591 4301
4592 4301
4593 4301
4594 4300
4595 4300
4596 4300
4597 4300
4598 4300
4599 4300
4600 4300
4601 4300
4602 4299
4603 4299
4604 4299
4605 4299
4606 4298
4607 4298
4608 4298
4609 4298
4610 4298
4611 4298
4612 4297
4613 4297
4614 4297
4615 4297
4616 4296
4617 4296
4618 4296
4619 4296
4620 4296
4621 4296
4622 4295
4623 4295
4624 4295
4625 4295
4626 4294
4627 4294
4628 4293
4629 4293
4630 4293
4631 4293
4632 4292
4633 4292
4634 4292
4635 4292
4636 4292
4637 4292
4638 4291
4639 4291
4640 4291
4641 4291
4642 4290
4643 4290
4644 4290
4645 4290
4646 4290
4647 4290
4648 4290
4649 4290
4650 4289
4651 4289
4652 4289
4653 4289
4654 4288
4655 4288
4656 4288
4657 4288
4658 4287
4659 4287
4660 4287
4661 4287
4662 4286
4663 4286
4664 4286
4665 4286
4666 4286
4667 4286
4668 4286
4669 4286
4670 4286
4671 4286
4672 4286
4673 4286
4674 4286
4675 4286
4676 4286
4677 4286
4678 4285
4679 4285
4680 4285
4681 4285
4682 4284
4683 4284
4684 4284
4685 4284
4686 4283
4687 4283
4688 4283
4689 4283
4690 4282
4691 4282
4692 4282
4693 4282
4694 4282
4695 4282
4696 4282
4697 4282
4698 4282
4699 4282
4700 4281
4701 4281
4702 4281
4703 4281
4704 4280
4705 4280
4706 4279
4707 4279
4708 4279
4709 4279
4710 4278
4711 4278
4712 4277
4713 4277
4714 4277
4715 4277
4716 4276
4717 4276
4718 4275
4719 4275
4720 4275
4721 4275
4722 4274
4723 4273
4724 4273
4725 4273
4726 4272
4727 4271
4728 4271
4729 4271
4730 4270
4731 4269
4732 4269
4733 4269
4734 4268
4735 4267
4736 4267
4737 4267
4738 4266
4739 4266
4740 4265
4741 4265
4742 4265
4743 4265
4744 4264
4745 4263
4746 4263
4747 4263
4748 4262
4749 4261
4750 4261
4751 4261
4752 4260
4753 4259
4754 4259
4755 4259
4756 4258
4757 4257
4758 4257
4759 4257
4760 4256
4761 4255
4762 4255
4763 4255
4764 4254
4765 4253
4766 4253
4767 4253
4768 4252
4769 4252
4770 4251
4771 4251
4772 4251
4773 4251
4774 4250
4775 4249
4776 4249
4777 4249
4778 4248
4779 4247
4780 4247
4781 4247
4782 4246
4783 4246
4784 4245
4785 4245
4786 4245
4787 4245
4788 4244
4789 4244
4790 4244
4791 4244
4792 4244
4793 4244
4794 4243
4795 4243
4796 4243
4797 4243
4798 4242
4799 4242
4800 4242
4801 4242
4802 4242
4803 4242
4804 4242
4805 4242
4806 4242
4807 4242
4808 4242
4809 4242
4810 4242
4811 4242
4812 4242
4813 4242
4814 4241
4815 4241
4816 4241
4817 4241
4818 4240
4819 4240
4820 4240
4821 4240
4822 4240
4823 4240
4824 4240
4825 4240
4826 4240
4827 4240
4828 4240
4829 4240
4830 4239
4831 4239
4832 4239
4833 4239
4834 4238
4835 4238
4836 4238
4837 4238
4838 4238
4839 4238
4840 4237
4841 4237
4842 4237
4843 4237
4844 4236
4845 4235
4846 4235
4847 4235
4848 4234
4849 4233
4850 4233
4851 4233
4852 4232
4853 4231
4854 4230
4855 4230
4856 4229
4857 4229
4858 4228
4859 4228
4860 4228
4861 4228
4862 4227
4863 4227
4864 4227
4865 4227
4866 4226
4867 4226
4868 4225
4869 4225
4870 4225
4871 4225
4872 4224
4873 4224
4874 4224
4875 4224
4876 4223
4877 4223
4878 4223
4879 4223
4880 4222
4881 4222
4882 4222
4883 4222
4884 4221
4885 4221
4886 4221
4887 4221
4888 4220
4889 4219
4890 4218
4891 4218
4892 4217
4893 4217
4894 4216
4895 4215
4896 4215
4897 4215
4898 4214
4899 4213
4900 4212
4901 4211
4902 4211
4902 4210
4903 4209
4904 4209
4904 4208
4905 4207
4906 4207
4906 4206
4907 4205
4908 4205
4908 4204
4909 4203
4910 4203
4910 4202
4911 4201
4912 4201
4912 4200
4913 4199
4914 4199
4914 4198
4915 4197
4916 4197
4916 4196
4917 4195
4918 4195
4918 4194
4919 4193
4920 4193
4920 4192
4921 4191
4922 4191
4922 4190
4923 4189
4924 4189
4925 4188
4926 4187
4927 4187
4928 4186
4929 4185
4930 4184
4931 4184
4932 4183
4933 4183
4934 4182
4935 4181
4936 4180
4937 4179
4938 4179
4939 4178
4940 4177
4941 4177
4942 4176
4943 4175
4944 4174
4945 4173
4946 4173
4947 4172
4948 4171
4949 4171
4950 4170
4951 4169
4952 4168
4953 4168
4954 4167
4955 4167
4956 4166
4957 4165
4958 4165
4959 4165
4960 4164
4961 4163
4962 4162
4963 4161
4964 4161
4964 4160
4965 4159
4966 4159
4966 4158
4967 4157
4968 4157
4968 4156
4969 4155
4970 4155
4970 4154
4971 4153
4972 4152
4973 4151
4974 4150
4974 4149
4975 4148
4975 4147
4976 4146
4977 4145
4978 4144
4978 4143
4978 4142
4978 4141
4979 4140
4979 4139
4980 4138
4980 4137
4980 4136
4981 4135
4982 4134
4982 4133
4982 4132
4982 4131
4983 4130
4983 4129
4983 4128
4983 4127
4983 4126
4983 4125
4983 4124
4983 4123
4983 4122
4983 4121
4984 4120
4984 4119
4984 4118
4984 4117
4985 4116
4985 4115
4985 4114
4985 4113
4986 4112
4986 4111
4986 4110
4986 4109
4987 4108
4987 4107
4988 4106
4988 4105
4988 4104
4988 4103
4989 4102
4989 4101
4989 4100
4989 4099
4989 4098
4989 4097
4989 4096
4989 4095
4990 4094
4990 4093
4990 4092
4990 4091
4991 4090
4991 4089
4992 4088
4992 4087
4992 4086
4992 4085
4993 4084
4993 4083
4994 4082
4994 4081
4994 4080
4994 4079
4995 4078
4995 4077
4996 4076
4996 4075
4996 4074
4996 4073
4997 4072
4997 4071
4998 4070
4998 4069
4998 4068
4999 4067
5000 4066
5000 4065
5000 4064
5000 4063
5001 4062
5001 4061
5002 4060
5002 4059
5002 4058
5002 4057
5003 4056
5003 4055
5004 4054
5004 4053
5004 4052
5004 4051
5005 4050
5005 4049
5006 4048
5006 4047
5006 4046
5006 4045
5007 4044
5007 4043
5008 4042
5008 4041
5008 4040
5008 4039
5009 4038
5009 4037
5010 4036
5010 4035
5010 4034
5010 4033
5011 4032
5011 4031
5012 4030
5012 4029
5012 4028
5012 4027
5013 4026
5013 4025
5014 4024
5014 4023
5014 4022
5014 4021
5015 4020
5015 4019
5015 4018
5015 4017
5015 4016
5015 4015
5016 4014
5016 4013
5016 4012
5017 4011
5018 4010
5018 4009
5018 4008
5018 4007
5019 4006
5019 4005
5019 4004
5019 4003
5019 4002
5019 4001
5020 4000
5020 3999
5020 3998
5021 3997
5022 3996
5022 3995
5022 3994
5022 3993
5023 3992
5023 3991
5024 3990
5024 3989
5024 3988
5024 3987
5025 3986
5025 3985
5026 3984
5026 3983
5026 3982
5026 3981
5027 3980
5027 3979
5028 3978
5028 3977
5028 3976
5029 3975
5030 3974
5030 3973
5030 3972
5030 3971
5031 3970
5031 3969
5032 3968
5032 3967
5032 3966
5033 3965
5034 3964
5034 3963
5034 3962
5034 3961
5035 3960
5035 3959
5036 3958
5036 3957
5036 3956
5036 3955
5037 3954
5037 3953
5038 3952
5038 3951
5038 3950
5039 3949
5040 3948
5040 3947
5040 3946
5040 3945
5041 3944
5041 3943
5042 3942
5042 3941
5042 3940
5043 3939
5044 3938
5044 3937
5044 3936
5045 3935
5046 3934
5046 3933
5046 3932
5047 3931
5048 3930
5048 3929
5048 3928
5049 3927
5050 3926
5050 3925
5050 3924
5051 3923
5052 3922
5052 3921
5052 3920
5053 3919
5054 3918
5054 3917
5054 3916
5055 3915
5056 3914
5056 3913
5056 3912
5057 3911
5058 3910
5058 3909
5058 3908
5059 3907
5060 3906
5060 3905
5060 3904
5061 3903
5062 3902
5062 3901
5062 3900
5063 3899
5064 3898
5064 3897
5064 3896
5065 3895
5066 3894
5066 3893
5067 3892
5068 3891
5068 3890
5069 3889
5070 3888
5071 3887
5072 3886
5072 3885
5073 3884
5073 3883
5074 3882
5075 3881
5076 3880
5076 3879
5077 3878
5078 3877
5078 3876
5079 3875
5080 3874
5081 3873
5082 3872
5082 3871
5083 3870
5084 3869
5084 3868
5085 3867
5086 3867
5086 3866
5087 3865
5088 3864
5089 3863
5090 3862
5090 3861
5091 3860
5092 3859
5092 3858
5093 3857
5094 3857
5094 3856
5095 3855
5096 3854
5097 3853
5098 3852
5098 3851
5099 3850
5099 3849
5100 3848
5101 3847
5102 3846
5102 3845
5102 3844
5102 3843
5103 3842
5103 3841
5104 3840
5104 3839
5104 3838
5105 3837
5106 3836
5106 3835
5106 3834
5106 3833
5107 3832
5107 3831
5108 3830
5108 3829
5108 3828
5108 3827
5109 3826
5109 3825
5109 3824
5109 3823
5109 3822
5109 3821
5110 3820
5110 3819
5110 3818
5111 3817
5112 3816
5112 3815
5112 3814
5112 3813
5113 3812
5113 3811
5114 3810
5114 3809
5114 3808
5114 3807
5115 3806
5115 3805
5115 3804
5115 3803
5115 3802
5115 3801
5116 3800
5116 3799
5116 3798
5116 3797
5117 3796
5117 3795
5117 3794
5117 3793
5117 3792
5117 3791
5117 3790
5117 3789
5117 3788
5117 3787
5117 3786
5117 3785
5118 3784
5118 3783
5118 3782
5119 3781
5120 3780
5120 3779
5120 3778
5120 3777
5121 3776
5121 3775
5121 3774
5121 3773
5121 3772
5121 3771
5122 3770
5122 3769
5122 3768
5123 3767
5124 3766
5124 3765
5124 3764
5125 3763
5126 3762
5126 3761
5126 3760
5126 3759
5127 3758
5127 3757
5128 3756
5128 3755
5128 3754
5128 3753
5129 3752
5129 3751
5130 3750
5130 3749
5130 3748
5130 3747
5131 3746
5131 3745
5131 3744
5131 3743
5131 3742
5131 3741
5131 3740
5131 3739
5131 3738
5131 3737
5131 3736
5131 3735
5131 3734
5131 3733
5131 3732
5131 3731
5131 3730
5131 3729
5130 3728
5130 3727
5130 3726
5130 3725
5129 3724
5129 3723
5129 3722
5129 3721
5128 3720
5128 3719
5127 3718
5127 3717
5126 3716
5126 3715
5125 3714
5124 3713
5124 3712
5124 3711
5123 3710
5122 3709
5121 3708
5120 3707
5120 3706
5119 3706
5118 3705
5118 3704
5117 3704
5116 3703
5116 3702
5115 3702
5114 3701
5114 3700
5113 3700
5112 3699
5112 3698
5111 3698
5110 3697
5110 3696
5109 3696
5108 3695
5108 3694
5107 3694
5106 3693
5105 3692
5104 3691
5103 3690
5102 3690
5101 3689
5100 3689
5099 3688
5098 3687
5097 3686
5096 3686
5095 3686
5094 3686
5093 3685
5092 3685
5091 3684
5090 3684
5089 3684
5088 3683
5087 3682
5086 3682
5085 3682
5084 3681
5083 3680
5082 3680
5081 3680
5080 3680
5079 3679
5078 3679
5077 3678
5076 3678
5075 3678
5074 3678
5073 3677
5072 3677
5071 3676
5070 3676
5069 3676
5068 3675
5067 3674
5066 3674
5065 3674
5064 3673
5063 3672
5062 3672
5061 3672
5060 3672
5059 3671
5058 3671
5057 3670
5056 3670
5055 3670
5054 3669
5053 3668
5052 3668
5051 3668
5050 3668
5049 3667
5048 3667
5047 3666
5046 3666
5045 3666
5044 3665
5043 3664
5042 3664
5041 3664
5040 3663
5039 3662
5038 3662
5037 3662
5036 3661
5035 3660
5034 3660
5033 3660
5032 3659
5031 3658
5030 3658
5029 3658
5028 3658
5027 3657
5026 3657
5025 3656
5024 3656
5023 3656
5022 3655
5021 3654
5020 3654
5019 3654
5018 3653
5017 3652
5016 3652
5015 3652
5014 3651
5013 3650
5012 3650
5011 3650
5010 3649
5009 3648
5008 3648
5007 3647
5006 3647
5005 3646
5004 3645
5003 3644
5002 3644
5001 3644
5000 3643
4999 3642
4998 3642
4997 3642
4996 3641
4995 3640
4994 3640
4993 3640
4992 3639
4991 3638
4990 3638
4989 3637
4988 3637
4987 3636
4986 3635
4985 3634
4984 3634
4983 3634
4982 3633
4981 3632
4980 3632
4979 3632
4978 3631
4977 3630
4976 3630
4975 3630
4974 3629
4973 3628
4972 3628
4971 3628
4970 3627
4969 3626
4968 3626
4967 3626
4966 3625
4965 3624
4964 3624
4963 3624
4962 3623
4961 3622
4960 3622
4959 3622
4958 3621
4957 3620
4956 3620
4955 3620
4954 3619
4953 3618
4952 3618
4951 3618
4950 3617
4949 3616
4948 3616
4947 3616
4946 3615
4945 3614
4944 3614
4943 3614
4942 3613
4941 3612
4940 3612
4939 3612
4938 3611
4937 3610
4936 3610
4935 3610
4934 3610
4933 3609
4932 3609
4931 3609
4930 3609
4929 3608
4928 3608
4927 3608
4926 3607
4925 3606
4924 3606
4923 3606
4922 3605
4921 3604
4920 3604
4919 3604
4918 3604
4917 3603
4916 3603
4915 3602
4914 3602
4913 3602
4912 3602
4911 3601
4910 3601
4909 3600
4908 3600
4907 3600
4906 3599
4905 3598
4904 3598
4903 3598
4902 3598
4901 3597
4900 3597
4899 3596
4898 3596
4897 3596
4896 3596
4895 3595
4894 3595
4893 3595
4892 3595
4891 3594
4890 3594
4889 3594
4888 3593
4887 3592
4886 3592
4885 3592
4884 3592
4883 3591
4882 3591
4881 3591
4880 3591
4879 3590
4878 3590
4877 3590
4876 3590
4875 3589
4874 3589
4873 3588
4872 3588
4871 3588
4870 3588
4869 3587
4868 3587
4867 3586
4866 3586
4865 3586
4864 3586
4863 3585
4862 3585
4861 3585
4860 3585
4859 3584
4858 3584
4857 3584
4856 3584
4855 3583
4854 3583
4853 3583
4852 3583
4851 3583
4850 3583
4849 3583
4848 3583
4847 3583
4846 3583
4845 3583
4844 3583
4843 3583
4842 3583
4841 3582
4840 3582
4839 3582
4838 3582
4837 3581
4836 3581
4835 3581
4834 3581
4833 3581
4832 3581
4831 3580
4830 3580
4829 3580
4828 3580
4827 3579
4826 3579
4825 3579
4824 3579
4823 3578
4822 3578
4821 3578
4820 3578
4819 3577
4818 3577
4817 3577
4816 3577
4815 3576
4814 3576
4813 3576
4812 3576
4811 3575
4810 3575
4809 3574
4808 3574
4807 3574
4806 3573
4805 3572
4804 3572
4803 3572
4802 3572
4801 3571
4800 3571
4799 3571
4798 3571
4797 3570
4796 3570
4795 3570
4794 3569
4793 3568
4792 3568
4791 3568
4790 3568
4789 3567
4788 3567
4787 3567
4786 3567
4785 3567
4784 3567
4783 3566
4782 3566
4781 3566
4780 3566
4779 3565
4778 3565
4777 3565
4776 3565
4775 3564
4774 3564
4773 3564
4772 3564
4771 3563
4770 3563
4769 3563
4768 3563
4767 3562
4766 3562
4765 3562
4764 3562
4763 3561
4762 3561
4761 3560
4760 3560
4759 3560
4758 3560
4757 3559
4756 3559
4755 3559
4754 3559
4753 3559
4752 3559
4751 3559
4750 3559
4749 3558
4748 3558
4747 3558
4746 3558
4745 3557
4744 3557
4743 3557
4742 3557
4741 3557
4740 3557
4739 3557
4738 3557
4737 3557
4736 3557
4735 3556
4734 3556
4733 3556
4732 3556
4731 3555
4730 3555
4729 3555
4728 3555
4727 3555
4726 3555
4725 3554
4724 3554
4723 3554
4722 3554
4721 3553
4720 3553
4719 3553
4718 3553
4717 3552
4716 3552
4715 3552
4714 3552
4713 3551
4712 3551
4711 3551
4710 3551
4709 3550
4708 3550
4707 3550
4706 3550
4705 3549
4704 3549
4703 3549
4702 3549
4701 3548
4700 3548
4699 3548
4698 3548
4697 3547
4696 3547
4695 3547
4694 3547
4693 3546
4692 3546
4691 3546
4690 3546
4689 3545
4688 3545
4687 3545
4686 3545
4685 3544
4684 3544
4683 3544
4682 3543
4681 3542
4680 3542
4679 3542
4678 3542
4677 3541
4676 3541
4675 3541
4674 3541
4673 3540
4672 3540
4671 3540
4670 3540
4669 3539
4668 3539
4667 3539
4666 3539
4665 3539
4664 3539
4663 3538
4662 3538
4661 3538
4660 3537
4659 3536
4658 3536
4657 3536
4656 3536
4655 3535
4654 3535
4653 3535
4652 3535
4651 3535
4650 3535
4649 3535
4648 3535
4647 3535
4646 3535
4645 3535
4644 3535
4643 3535
4642 3535
4641 3535
4640 3535
4639 3535
4638 3535
4637 3534
4636 3534
4635 3534
4634 3534
4633 3533
4632 3533
4631 3533
4630 3533
4629 3533
4628 3533
4627 3532
4626 3532
4625 3532
4624 3532
4623 3531
4622 3531
4621 3531
4620 3531
4619 3531
4618 3531
4617 3530
4616 3530
4615 3530
4614 3530
4613 3529
4612 3529
4611 3529
4610 3529
4609 3528
4608 3528
4607 3528
4606 3528
4605 3527
4604 3527
4603 3527
4602 3527
4601 3526
4600 3526
4599 3526
4598 3526
4597 3525
4596 3525
4595 3525
4594 3525
4593 3524
4592 3524
4591 3524
4590 3524
4589 3523
4588 3523
4587 3523
4586 3523
4585 3522
4584 3522
4583 3522
4582 3522
4581 3521
4580 3521
4579 3521
4578 3521
4577 3521
4576 3521
4575 3520
4574 3520
4573 3520
4572 3520
4571 3519
4570 3519
4569 3519
4568 3519
4567 3519
4566 3519
4565 3519
4564 3519
4563 3518
4562 3518
4561 3518
4560 3518
4559 3517
4558 3517
4557 3517
4556 3517
4555 3517
4554 3517
4553 3516
4552 3516
4551 3516
4550 3516
4549 3515
4548 3515
4547 3515
4546 3515
4545 3515
4544 3515
4543 3515
4542 3515
4541 3515
4540 3515
4539 3515
4538 3515
4537 3515
4536 3515
4535 3515
4534 3515
4533 3515
4532 3515
4531 3514
4530 3514
4529 3514
4528 3514
4527 3513
4526 3513
4525 3513
4524 3513
4523 3512
4522 3512
4521 3512
4520 3512
4519 3511
4518 3511
4517 3511
4516 3511
4515 3511
4514 3511
4513 3510
4512 3510
4511 3510
4510 3510
4509 3509
4508 3509
4507 3508
4506 3508
4505 3508
4504 3508
4503 3507
4502 3507
4501 3506
4500 3506
4499 3506
4498 3506
4497 3505
4496 3505
4495 3504
4494 3504
4493 3504
4492 3504
4491 3503
4490 3503
4489 3502
4488 3502
4487 3502
4486 3502
4485 3501
4484 3501
4483 3501
4482 3501
4481 3501
4480 3501
4479 3500
4478 3500
4477 3500
4476 3500
4475 3499
4474 3499
4473 3499
4472 3499
4471 3499
4470 3499
4469 3499
4468 3499
4467 3499
4466 3499
4465 3499
4464 3499
4463 3499
4462 3499
4461 3499
4460 3499
4459 3499
4458 3499
4457 3499
4456 3499
4455 3499
4454 3499
4453 3499
4452 3499
4451 3499
4450 3499
4449 3499
4448 3499
4447 3499
4446 3499
4445 3499
4444 3499
4443 3499
4442 3499
4441 3499
4440 3499
4439 3499
4438 3499
4437 3499
4436 3499
4435 3499
4434 3499
4433 3499
4432 3499
4431 3499
4430 3499
4429 3499
4428 3499
4427 3499
4426 3499
4425 3499
4424 3499
4423 3499
4422 3499
4421 3498
4420 3498
4419 3498
4418 3498
4417 3497
4416 3497
4415 3497
4414 3497
4413 3497
4412 3497
4411 3497
4410 3497
4409 3497
4408 3497
4407 3497
4406 3497
4405 3497
4404 3497
4403 3497
4402 3497
4401 3497
4400 3497
4399 3497
4398 3497
4397 3497
4396 3497
4395 3497
4394 3497
4393 3497
4392 3497
4391 3497
4390 3497
4389 3497
4388 3497
4387 3497
4386 3497
4385 3497
4384 3497
4383 3497
4382 3497
4381 3497
4380 3497
4379 3497
4378 3497
4377 3497
4376 3497
4375 3497
4374 3497
4373 3497
4372 3497
4371 3497
4370 3497
4369 3497
4368 3497
4367 3497
4366 3497
4365 3497
4364 3497
4363 3497
4362 3497
4361 3497
4360 3497
4359 3497
4358 3497
4357 3498
4356 3498
4355 3498
4354 3498
4353 3499
4352 3499
4351 3499
4350 3499
4349 3499
4348 3499
4347 3500
4346 3500
4345 3500
4344 3500
4343 3501
4342 3501
4341 3501
4340 3501
4339 3501
4338 3501
4337 3501
4336 3501
4335 3501
4334 3501
4333 3501
4332 3501
4331 3502
4330 3502
4329 3502
4328 3502
4327 3503
4326 3503
4325 3503
4324 3503
4323 3503
4322 3503
4321 3503
4320 3503
4319 3503
4318 3503
4317 3504
4316 3504
4315 3504
4314 3504
4313 3505
4312 3505
4311 3505
4310 3505
4309 3505
4308 3505
4307 3505
4306 3505
4305 3505
4304 3505
4303 3505
4302 3505
4301 3505
4300 3505
4299 3505
4298 3505
4297 3505
4296 3505
4295 3505
4294 3505
4293 3506
4292 3506
4291 3506
4290 3506
4289 3507
4288 3507
4287 3507
4286 3507
4285 3507
4284 3507
4283 3507
4282 3507
4281 3507
4280 3507
4279 3507
4278 3507
4277 3507
4276 3507
4275 3507
4274 3507
4273 3508
4272 3508
4271 3508
4270 3508
4269 3509
4268 3509
4267 3509
4266 3509
4265 3509
4264 3509
4263 3509
4262 3509
4261 3509
4260 3509
4259 3509
4258 3509
4257 3509
4256 3509
4255 3509
4254 3509
4253 3509
4252 3509
4251 3509
4250 3509
4249 3509
4248 3509
4247 3509
4246 3509
4245 3510
4244 3510
4243 3510
4242 3510
4241 3511
4240 3511
4239 3511
4238 3511
4237 3511
4236 3511
4235 3511
4234 3511
4233 3511
4232 3511
4231 3512
4230 3512
4229 3512
4228 3512
4227 3513
4226 3514
4225 3514
4224 3514
4223 3515
4222 3515
4221 3515
4220 3515
4219 3515
4218 3515
4217 3515
4216 3515
4215 3515
4214 3515
4213 3515
4212 3515
4211 3515
4210 3515
4209 3515
4208 3515
4207 3515
4206 3515
4205 3515
4204 3515
4203 3515
4202 3515
4201 3515
4200 3515
4199 3515
4198 3515
4197 3515
4196 3515
4195 3514
4194 3514
4193 3514
4192 3514
4191 3513
4190 3513
4189 3512
4188 3512
4187 3512
4186 3511
4185 3510
4184 3510
4183 3510
4182 3510
4181 3509
4180 3509
4179 3508
4178 3508
4177 3508
4176 3507
4175 3506
4174 3506
4173 3506
4172 3505
4171 3504
4170 3504
4169 3504
4168 3504
4167 3503
4166 3503
4165 3502
4164 3502
4163 3502
4162 3501
4161 3500
4160 3500
4159 3500
4158 3500
4157 3499
4156 3499
4155 3499
4154 3499
4153 3499
4152 3499
4151 3499
4150 3499
4149 3498
4148 3498
4147 3498
4146 3498
4145 3497
4144 3497
4143 3497
4142 3497
4141 3497
4140 3497
4139 3497
4138 3497
4137 3497
4136 3497
4135 3497
4134 3497
4133 3497
4132 3497
4131 3497
4130 3497
4129 3497
4128 3497
4127 3497
4126 3497
4125 3497
4124 3497
4123 3497
4122 3497
4121 3497
4120 3497
4119 3497
4118 3497
4117 3497
4116 3497
4115 3497
4114 3497
4113 3497
4112 3497
4111 3497
4110 3497
4109 3497
4108 3497
4107 3497
4106 3497
4105 3497
4104 3497
4103 3497
4102 3497
4101 3497
4100 3497
4099 3497
4098 3497
