944 276
943 277
942 277
941 278
940 278
939 279
938 279
937 279
936 278
935 278
934 278
933 277
932 278
931 278
930 278
929 278
928 278
927 278
926 278
925 278
924 278
923 278
922 278
921 278
920 279
919 279
918 279
917 279
916 279
915 279
914 279
913 279
912 279
911 279
910 279
909 279
908 279
907 279
906 279
905 279
904 280
903 280
902 280
901 280
900 280
899 280
898 280
897 281
896 281
895 281
894 281
893 282
892 282
891 283
890 283
889 284
888 284
887 285
886 286
885 286
884 287
883 287
882 287
881 288
880 288
879 289
878 289
877 290
876 291
875 292
874 292
873 293
872 294
871 295
870 296
869 296
868 297
867 298
866 299
866 300
865 301
864 302
863 303
862 303
861 304
860 304
859 305
858 305
857 306
856 307
855 308
854 309
853 309
852 310
851 310
850 311
849 312
848 312
847 313
846 314
845 315
844 316
843 317
842 318
841 319
840 320
839 321
839 322
838 323
837 324
837 325
836 326
836 327
835 328
834 329
833 330
832 330
831 331
830 331
829 332
828 333
827 334
826 335
825 336
825 337
824 338
823 339
822 340
821 341
821 342
820 343
820 344
820 345
819 346
819 347
818 348
817 349
816 350
815 351
814 352
814 353
813 354
812 354
811 355
810 356
809 357
808 358
807 359
806 360
805 360
804 361
803 362
802 363
801 364
800 365
799 366
798 367
797 368
796 369
795 370
794 371
793 372
792 373
791 373
790 373
789 374
788 374
787 375
786 376
786 377
785 378
784 379
783 380
783 381
783 382
782 383
782 384
782 385
782 386
782 387
783 388
783 389
784 390
785 391
786 392
787 393
788 394
789 395
789 396
790 397
791 398
792 399
793 399
794 399
795 399
796 399
797 400
798 400
799 400
800 401
801 401
802 401
803 401
804 400
805 400
806 400
807 399
808 399
809 399
810 399
811 399
812 398
813 398
814 398
815 398
816 398
817 398
818 398
819 398
820 398
821 398
822 398
823 397
824 397
825 397
826 396
827 396
828 395
829 394
830 394
831 394
832 394
833 394
834 394
835 393
836 393
837 393
838 393
839 393
840 393
841 393
842 393
843 393
844 393
845 393
846 393
847 393
848 393
849 393
850 393
851 393
852 392
853 392
854 391
855 391
856 390
857 390
858 390
859 389
860 389
861 389
862 389
863 389
864 389
865 389
866 389
867 388
868 387
869 386
870 385
871 385
872 385
873 384
874 384
875 383
876 383
877 383
878 383
879 383
880 383
881 382
882 381
883 380
884 379
885 379
886 379
887 378
888 378
889 378
890 378
891 378
892 378
893 379
894 378
895 378
896 377
897 376
898 375
899 374
900 374
901 373
902 373
903 373
904 373
905 373
906 373
907 372
908 372
909 371
910 371
911 371
912 371
913 371
914 371
915 371
916 372
917 372
918 373
919 373
920 373
921 373
922 373
923 373
924 374
925 374
926 375
927 375
928 375
929 376
930 376
931 376
932 376
933 376
934 376
935 376
936 376
937 376
938 376
939 376
940 376
941 376
942 376
943 376
944 376
945 376
946 376
947 376
948 376
949 376
950 376
951 376
952 376
953 376
954 376
955 376
956 376
957 376
958 376
959 376
960 375
961 375
962 375
963 374
964 374
965 375
966 375
967 375
968 376
969 376
970 376
971 376
972 376
973 376
974 376
975 377
976 377
977 377
978 377
979 377
980 377
981 377
982 377
983 377
984 377
985 377
986 377
987 377
988 377
989 378
990 378
991 378
992 378
993 378
994 378
995 378
996 378
997 378
998 378
999 378
1000 378
1001 378
1002 378
1003 378
1004 378
1005 378
1006 378
1007 377
1008 377
1009 377
1010 378
1011 378
1012 378
1013 379
1014 379
1015 379
1016 379
1017 379
1018 379
1019 379
1020 379
1021 378
1022 378
1023 378
1024 378
1025 378
1026 378
1027 378
1028 378
1029 378
1030 378
1031 378
1032 379
1033 379
1034 379
1035 379
1036 379
1037 379
1038 379
1039 379
1040 379
1041 379
1042 379
1043 379
1044 379
1045 379
1046 379
1047 379
1048 379
1049 379
1050 379
1051 379
1052 379
1053 379
1054 379
1055 378
1056 378
1057 378
1058 378
1059 378
1060 378
1061 378
1062 377
1063 377
1064 376
1065 376
1066 375
1067 375
1068 374
1069 374
1070 374
1071 373
1072 372
1073 371
1074 370
1074 369
1074 368
1074 367
1074 366
1074 365
1074 364
1075 363
1076 362
1076 361
1076 360
1077 359
1077 358
1078 357
1078 356
1079 355
1079 354
1080 353
1080 352
1080 351
1080 350
1079 349
1079 348
1078 347
1078 346
1078 345
1078 344
1078 343
1078 342
1078 341
1078 340
1078 339
1078 338
1079 337
1079 336
1079 335
1080 334
1080 333
1080 332
1080 331
1079 330
1079 329
1078 328
1077 327
1076 326
1075 325
1074 324
1073 323
1072 322
1072 321
1071 320
1070 319
1070 318
1069 317
1068 317
1067 316
1066 315
1065 315
1064 314
1063 314
1062 313
1061 312
1060 311
1059 310
1058 310
1057 309
1056 308
1055 307
1054 306
1053 305
1052 305
1051 304
1050 303
1049 302
1048 301
1047 301
1046 300
1045 300
1044 299
1043 299
1042 299
1041 298
1040 298
1039 298
1038 297
1037 297
1036 297
1035 296
1034 295
1033 295
1032 295
1031 294
1030 293
1029 293
1028 292
1027 292
1026 292
1025 292
1024 291
1023 291
1022 291
1021 290
1020 289
1019 289
1018 288
1017 288
1016 288
1015 287
1014 287
1013 287
1012 287
1011 286
1010 286
1009 286
1008 286
1007 286
1006 285
1005 285
1004 285
1003 284
1002 284
1001 284
1000 284
999 284
998 284
997 284
996 283
995 283
994 283
993 282
992 282
991 281
990 281
989 281
988 281
987 281
986 281
985 281
984 281
983 281
982 281
981 280
980 280
979 280
978 280
977 280
976 280
975 280
974 280
973 280
972 279
971 279
970 279
969 279
968 279
967 279
966 279
965 279
964 279
963 279
962 279
961 279
960 279
959 279
958 279
957 279
956 279
955 279
954 279
953 279
952 278
951 278
950 278
949 277
948 277
947 277
946 276
945 276
944 276
