206 132
205 133
204 133
203 133
202 134
201 134
200 134
199 134
198 134
197 135
196 135
195 136
194 136
193 136
192 136
191 136
190 136
189 136
188 136
187 136
186 136
185 136
184 136
183 136
182 136
181 137
180 137
179 137
178 137
177 138
176 138
175 138
174 139
173 139
172 139
171 139
170 139
169 140
168 140
167 140
166 141
165 141
164 141
163 141
162 141
161 142
160 142
159 143
158 144
157 144
156 144
155 144
154 144
153 144
152 144
151 145
150 146
149 146
148 146
147 146
146 147
145 147
144 147
143 147
142 148
141 148
140 149
139 149
138 150
137 150
136 150
135 150
134 150
133 150
132 151
131 152
130 152
129 152
128 152
127 153
126 153
125 154
124 154
123 155
122 155
121 155
120 155
119 156
119 157
118 158
117 159
117 160
117 161
117 162
117 163
117 164
117 165
117 166
117 167
117 168
117 169
117 170
116 171
116 172
115 173
114 174
113 174
112 175
111 175
110 175
109 175
108 175
107 176
106 177
105 178
104 179
104 180
104 181
105 182
105 183
105 184
105 185
105 186
105 187
105 188
105 189
105 190
105 191
105 192
106 193
106 194
106 195
107 196
107 197
107 198
107 199
107 200
107 201
107 202
107 203
107 204
107 205
107 206
107 207
107 208
107 209
107 210
108 211
108 212
108 213
108 214
108 215
108 216
108 217
108 218
109 219
109 220
109 221
109 222
110 223
110 224
111 225
111 226
112 227
112 228
112 229
113 230
114 231
115 231
116 231
117 231
118 232
119 233
119 234
119 235
119 236
119 237
119 238
119 239
119 240
119 241
119 242
119 243
119 244
119 245
119 246
119 247
119 248
120 249
120 250
120 251
121 252
122 253
123 254
124 255
125 256
126 256
127 257
128 257
129 257
130 257
131 257
132 257
133 257
134 257
135 257
136 257
137 257
138 257
139 257
140 257
141 257
142 258
143 258
144 258
145 258
146 258
147 258
148 258
149 258
150 259
151 259
152 259
153 259
154 259
155 260
156 260
157 260
158 260
159 260
160 260
161 260
162 260
163 260
164 260
165 260
166 259
167 259
168 258
169 257
170 257
171 257
172 257
173 257
174 257
175 256
176 256
177 256
178 255
179 255
180 255
181 255
182 254
183 254
184 254
185 253
186 253
187 252
188 252
189 252
190 251
191 251
192 251
193 250
194 250
195 250
196 250
197 250
198 250
199 250
200 250
201 250
202 250
203 251
204 251
205 252
206 253
207 254
208 254
209 254
210 254
211 254
212 254
213 254
214 254
215 255
216 256
217 256
218 257
219 258
220 258
221 259
222 259
223 260
224 260
225 261
226 261
227 262
228 263
229 263
230 264
231 264
232 264
233 265
234 265
235 265
236 265
237 265
238 265
239 265
240 265
241 265
242 265
243 265
244 265
245 265
246 265
247 265
248 265
249 265
250 266
251 266
252 266
253 267
254 267
255 267
256 267
257 268
258 268
259 268
260 268
261 268
262 268
263 268
264 268
265 268
266 268
267 268
268 268
269 268
270 268
271 268
272 268
273 268
274 268
275 268
276 268
277 268
278 268
279 268
280 268
281 268
282 268
283 269
284 269
285 269
286 269
287 269
288 269
289 269
290 269
291 269
292 270
293 270
294 270
295 270
296 270
297 270
298 270
299 270
300 270
301 270
302 270
303 270
304 270
305 270
306 270
307 270
308 270
309 270
310 270
311 270
312 270
313 269
314 269
315 269
316 269
317 269
318 269
319 269
320 270
321 270
322 270
323 270
324 270
325 270
326 270
327 271
328 271
329 271
330 272
331 272
332 272
333 273
334 274
335 275
336 276
337 276
338 277
339 277
340 277
341 277
342 277
343 277
344 277
345 277
346 277
347 277
348 277
349 276
350 276
351 275
352 275
353 274
354 274
355 274
356 274
357 273
358 273
359 273
360 273
361 273
362 273
363 273
364 273
365 272
366 272
367 271
368 270
369 269
370 269
371 269
372 268
373 268
374 268
375 267
376 267
377 266
378 266
379 266
380 265
381 265
382 265
383 265
384 265
385 265
386 265
387 265
388 265
389 265
390 265
391 265
392 265
393 265
394 264
395 264
396 263
397 263
398 263
399 263
400 262
401 262
402 262
403 262
404 262
405 261
406 261
407 260
408 260
409 259
410 259
411 259
412 259
413 259
414 259
415 259
416 259
417 259
418 259
419 259
420 258
421 258
422 258
423 258
424 258
425 258
426 258
427 258
428 258
429 258
430 258
431 258
432 257
433 257
434 257
435 256
436 256
437 256
438 255
439 254
440 254
441 253
442 252
443 252
443 251
444 250
444 249
445 248
445 247
446 246
446 245
446 244
447 243
447 242
447 241
447 240
446 239
446 238
446 237
445 236
445 235
445 234
445 233
445 232
445 231
445 230
445 229
445 228
445 227
445 226
445 225
445 224
445 223
445 222
445 221
445 220
446 219
446 218
446 217
447 216
448 215
449 214
450 213
451 213
452 212
453 211
454 211
455 210
456 210
457 209
458 208
459 208
460 207
461 206
461 205
462 204
462 203
461 202
460 201
459 201
458 200
457 199
456 198
455 197
454 196
453 195
453 194
452 193
452 192
451 191
451 190
451 189
450 188
450 187
450 186
450 185
450 184
450 183
450 182
450 181
450 180
450 179
450 178
450 177
450 176
451 175
451 174
451 173
452 172
452 171
452 170
451 169
451 168
450 167
450 166
449 165
448 164
447 164
446 163
445 163
444 163
443 163
442 163
441 163
440 163
439 162
438 162
437 162
436 162
435 162
434 162
433 162
432 162
431 162
430 162
429 162
428 162
427 162
426 162
425 162
424 162
423 163
422 163
421 163
420 164
419 164
418 164
417 165
416 165
415 165
414 165
413 165
412 164
411 164
410 164
409 163
408 163
407 163
406 163
405 163
404 163
403 162
402 161
401 160
400 160
399 160
398 159
397 159
396 159
395 158
394 158
393 158
392 157
391 157
390 157
389 157
388 157
387 156
386 156
385 156
384 155
383 154
382 153
381 153
380 152
379 152
378 152
377 152
376 152
375 152
374 152
373 152
372 152
371 152
370 152
369 152
368 151
367 151
366 151
365 151
364 150
363 150
362 150
361 150
360 150
359 149
358 149
357 149
356 149
355 149
354 149
353 149
352 149
351 149
350 149
349 149
348 149
347 149
346 149
345 149
344 149
343 149
342 149
341 149
340 149
339 149
338 149
337 149
336 149
335 149
334 149
333 149
332 149
331 149
330 149
329 149
328 149
327 149
326 149
325 149
324 149
323 149
322 150
321 150
320 150
319 150
318 150
317 150
316 150
315 150
314 149
313 149
312 149
311 149
310 149
309 149
308 149
307 149
306 149
305 149
304 149
303 149
302 148
301 148
300 148
299 147
298 147
297 147
296 147
295 146
294 146
293 146
292 146
291 146
290 145
289 145
288 145
287 145
286 145
285 145
284 145
283 145
282 145
281 145
280 144
279 144
278 144
277 144
276 144
275 144
274 144
273 143
272 143
271 143
270 142
269 142
268 142
267 141
266 141
265 141
264 141
263 140
262 140
261 140
260 140
259 140
258 140
257 139
256 139
255 139
254 138
253 138
252 138
251 137
250 137
249 137
248 137
247 137
246 136
245 136
244 136
243 135
242 135
241 135
240 135
239 135
238 135
237 135
236 135
235 135
234 134
233 134
232 134
231 134
230 134
229 134
228 134
227 134
226 134
225 134
224 134
223 134
222 134
221 134
220 134
219 134
218 134
217 134
216 134
215 135
214 135
213 135
212 135
211 134
210 134
209 133
208 133
207 132
206 132
