296 899
295 900
294 900
293 900
292 900
291 900
290 900
289 900
288 901
287 901
286 901
285 901
284 901
283 902
282 902
281 902
280 902
279 902
278 903
277 903
276 903
275 904
274 904
273 904
272 904
271 904
270 904
269 904
268 904
267 904
266 905
265 905
264 905
263 906
262 906
261 906
260 906
259 906
258 906
257 906
256 906
255 906
254 906
253 906
252 906
251 907
250 907
249 907
248 908
247 908
246 909
245 909
244 910
243 910
242 911
241 912
240 912
239 913
238 914
238 915
238 916
237 917
237 918
237 919
237 920
237 921
236 922
236 923
236 924
236 925
236 926
235 927
234 928
234 929
234 930
234 931
235 932
236 933
237 934
238 935
239 936
240 937
241 937
242 938
243 938
244 939
245 940
246 941
247 942
248 942
249 943
250 943
251 943
252 944
253 944
254 944
255 944
256 944
257 944
258 944
259 944
260 944
261 944
262 944
263 944
264 944
265 944
266 944
267 944
268 944
269 944
270 944
271 944
272 945
273 945
274 945
275 945
276 945
277 945
278 945
279 945
280 946
281 946
282 946
283 946
284 947
285 947
286 947
287 947
288 947
289 947
290 947
291 947
292 948
293 948
294 948
295 948
296 948
297 948
298 948
299 949
300 949
301 949
302 950
303 950
304 950
305 950
306 950
307 950
308 950
309 950
310 951
311 951
312 951
313 951
314 951
315 951
316 951
317 951
318 951
319 950
320 950
321 950
322 950
323 950
324 949
325 949
326 949
327 948
328 948
329 947
329 946
330 945
329 944
330 943
330 942
331 941
331 940
332 939
332 938
333 937
333 936
334 935
334 934
335 933
335 932
336 931
336 930
336 929
336 928
336 927
336 926
336 925
336 924
336 923
336 922
336 921
336 920
336 919
336 918
336 917
335 916
335 915
335 914
334 913
334 912
334 911
334 910
334 909
334 908
333 907
332 906
331 905
330 904
329 904
328 904
327 904
326 904
325 903
324 903
323 903
322 902
321 901
320 900
319 900
318 899
317 899
316 899
315 899
314 899
313 899
312 899
311 899
310 899
309 899
308 899
307 899
306 899
305 899
304 899
303 899
302 899
301 899
300 899
299 899
298 899
297 899
296 899
