298 1934
297 1935
296 1935
295 1935
294 1935
293 1935
292 1935
291 1935
290 1936
289 1936
288 1937
287 1937
286 1937
285 1938
284 1938
283 1938
282 1939
281 1940
280 1940
279 1941
278 1941
277 1941
276 1942
275 1942
274 1942
273 1942
272 1942
271 1942
270 1943
269 1943
268 1944
267 1945
266 1945
265 1946
264 1946
263 1947
262 1947
261 1948
260 1948
259 1949
258 1949
257 1949
256 1950
255 1951
254 1952
253 1953
252 1953
251 1954
250 1955
249 1955
248 1956
247 1957
246 1958
245 1959
244 1960
243 1961
242 1962
241 1963
240 1964
240 1965
239 1966
238 1967
238 1968
237 1969
236 1970
235 1971
234 1972
233 1973
233 1974
233 1975
233 1976
232 1977
232 1978
232 1979
232 1980
232 1981
232 1982
232 1983
232 1984
232 1985
232 1986
231 1987
231 1988
231 1989
230 1990
230 1991
230 1992
230 1993
230 1994
230 1995
230 1996
231 1997
231 1998
232 1999
233 2000
234 2000
235 2000
236 2000
237 2000
238 2000
239 2000
240 2000
241 2000
242 2000
243 1999
244 1999
245 1999
246 1999
247 1999
248 1999
249 1999
250 1999
251 1999
252 1999
253 1999
254 1999
255 1999
256 1999
257 1998
258 1998
259 1998
260 1998
261 1998
262 1998
263 1998
264 1998
265 1998
266 1998
267 1998
268 1998
269 1999
270 1999
271 1999
272 1999
273 1999
274 1999
275 2000
276 2000
277 2000
278 2000
279 2000
280 2000
281 2000
282 2000
283 1999
284 1999
285 1999
286 1999
287 1999
288 1999
289 1998
290 1998
291 1998
292 1998
293 1998
294 1998
295 1998
296 1998
297 1997
298 1997
299 1997
300 1996
301 1996
302 1997
303 1997
304 1997
305 1998
306 1998
307 1999
308 1999
309 1999
310 1999
311 1999
312 2000
313 2001
314 2002
315 2002
316 2003
317 2003
318 2003
319 2003
320 2003
321 2003
322 2003
323 2003
324 2002
325 2002
326 2001
327 2001
328 2000
329 2000
330 1999
331 1999
332 1999
333 1999
334 1999
335 1999
336 1999
337 1999
338 1999
339 1999
340 1999
341 1999
342 1998
343 1998
344 1998
345 1997
346 1996
347 1996
348 1995
349 1995
350 1994
351 1993
352 1993
353 1992
354 1992
355 1991
356 1990
357 1989
358 1988
359 1988
360 1987
361 1987
362 1986
363 1986
364 1986
365 1985
366 1984
366 1983
367 1982
368 1981
368 1980
369 1979
369 1978
369 1977
370 1976
370 1975
370 1974
370 1973
370 1972
370 1971
370 1970
370 1969
370 1968
370 1967
369 1966
369 1965
369 1964
368 1963
368 1962
368 1961
367 1960
366 1959
366 1958
365 1957
364 1957
363 1956
362 1956
361 1956
360 1955
359 1954
358 1954
357 1953
356 1952
355 1951
354 1950
353 1949
352 1948
351 1947
350 1947
349 1946
349 1945
348 1944
347 1943
346 1942
345 1942
344 1942
343 1942
342 1942
341 1941
340 1941
339 1941
338 1940
337 1940
336 1940
335 1939
334 1939
333 1939
332 1938
331 1938
330 1937
329 1937
328 1937
327 1937
326 1937
325 1937
324 1937
323 1937
322 1937
321 1936
320 1936
319 1936
318 1935
317 1935
316 1935
315 1935
314 1934
313 1934
312 1934
311 1934
310 1934
309 1934
308 1934
307 1934
306 1934
305 1934
304 1934
303 1934
302 1934
301 1934
300 1934
299 1934
298 1934
