1298 1129
1297 1130
1296 1130
1295 1131
1294 1131
1293 1132
1292 1133
1291 1133
1290 1134
1289 1135
1288 1135
1287 1135
1286 1136
1285 1136
1284 1136
1283 1136
1282 1136
1281 1136
1280 1135
1279 1135
1278 1135
1277 1134
1276 1134
1275 1134
1274 1134
1273 1134
1272 1134
1271 1134
1270 1135
1269 1135
1268 1136
1267 1136
1266 1137
1265 1138
1264 1139
1263 1139
1262 1140
1261 1141
1260 1142
1259 1143
1258 1144
1257 1145
1256 1146
1255 1147
1254 1148
1253 1149
1253 1150
1252 1151
1252 1152
1252 1153
1253 1154
1253 1155
1253 1156
1253 1157
1253 1158
1253 1159
1253 1160
1253 1161
1253 1162
1253 1163
1253 1164
1253 1165
1253 1166
1253 1167
1253 1168
1254 1169
1254 1170
1254 1171
1255 1172
1256 1173
1256 1174
1257 1175
1258 1176
1258 1177
1259 1178
1260 1179
1260 1180
1261 1181
1262 1181
1263 1182
1264 1183
1265 1183
1266 1184
1267 1185
1268 1186
1269 1187
1270 1188
1271 1189
1272 1190
1273 1191
1273 1192
1274 1193
1275 1194
1276 1195
1276 1196
1277 1197
1277 1198
1278 1199
1278 1200
1279 1201
1279 1202
1279 1203
1279 1204
1280 1205
1280 1206
1280 1207
1280 1208
1280 1209
1280 1210
1280 1211
1280 1212
1280 1213
1279 1214
1279 1215
1279 1216
1279 1217
1278 1218
1277 1219
1277 1220
1276 1221
1275 1222
1275 1223
1275 1224
1274 1225
1274 1226
1274 1227
1273 1228
1272 1229
1272 1230
1272 1231
1271 1232
1271 1233
1271 1234
1271 1235
1271 1236
1271 1237
1271 1238
1271 1239
1272 1240
1272 1241
1272 1242
1273 1243
1273 1244
1273 1245
1273 1246
1273 1247
1273 1248
1273 1249
1273 1250
1274 1251
1274 1252
1275 1253
1275 1254
1275 1255
1276 1256
1276 1257
1276 1258
1277 1259
1277 1260
1278 1261
1279 1262
1279 1263
1280 1264
1281 1265
1281 1266
1282 1267
1282 1268
1282 1269
1283 1270
1284 1271
1284 1272
1285 1273
1286 1274
1287 1275
1288 1276
1289 1277
1290 1278
1291 1279
1292 1280
1293 1281
1293 1282
1294 1283
1295 1284
1295 1285
1296 1286
1296 1287
1297 1288
1298 1289
1298 1290
1298 1291
1299 1291
1300 1292
1300 1293
1301 1294
1302 1294
1303 1294
1304 1294
1305 1294
1306 1294
1307 1295
1308 1295
1309 1295
1310 1296
1311 1296
1312 1297
1313 1297
1314 1298
1315 1299
1316 1299
1317 1299
1318 1300
1319 1301
1320 1301
1321 1302
1322 1303
1323 1304
1324 1305
1325 1306
1326 1306
1327 1307
1328 1308
1329 1308
1330 1309
1331 1309
1332 1310
1333 1311
1334 1312
1335 1313
1336 1314
1337 1315
1338 1316
1339 1317
1340 1318
1341 1319
1342 1320
1343 1321
1344 1322
1344 1323
1345 1324
1346 1325
1347 1326
1348 1327
1349 1328
1350 1329
1351 1330
1352 1330
1353 1331
1354 1332
1355 1333
1356 1334
1357 1335
1358 1336
1359 1337
1360 1337
1361 1338
1362 1339
1363 1339
1364 1340
1365 1341
1366 1342
1367 1343
1368 1344
1369 1345
1370 1346
1371 1346
1372 1347
1373 1348
1374 1348
1375 1349
1376 1350
1377 1351
1377 1352
1378 1353
1379 1354
1379 1355
1379 1356
1380 1357
1380 1358
1380 1359
1381 1360
1382 1361
1383 1362
1384 1362
1385 1363
1386 1364
1387 1365
1388 1365
1389 1366
1390 1367
1391 1367
1392 1367
1393 1368
1394 1369
1395 1369
1396 1369
1397 1370
1398 1370
1399 1371
1400 1371
1401 1372
1402 1373
1403 1374
1404 1374
1405 1375
1406 1375
1407 1375
1408 1376
1409 1376
1410 1376
1411 1377
1412 1378
1413 1378
1414 1378
1415 1379
1416 1380
1417 1381
1418 1381
1419 1382
1420 1383
1421 1383
1422 1383
1423 1384
1424 1384
1425 1384
1426 1385
1427 1385
1428 1386
1429 1387
1430 1387
1431 1388
1432 1388
1433 1389
1434 1390
1435 1390
1436 1390
1437 1391
1438 1392
1439 1392
1440 1392
1441 1393
1442 1393
1443 1393
1444 1394
1445 1394
1446 1394
1447 1395
1448 1395
1449 1395
1450 1395
1451 1396
1452 1396
1453 1397
1454 1397
1455 1397
1456 1398
1457 1399
1458 1399
1459 1399
1460 1399
1461 1400
1462 1400
1463 1400
1464 1400
1465 1401
1466 1401
1467 1401
1468 1402
1469 1402
1470 1402
1471 1402
1472 1403
1473 1404
1474 1404
1475 1404
1476 1405
1477 1405
1478 1405
1479 1405
1480 1406
1481 1406
1482 1406
1483 1407
1484 1408
1485 1408
1486 1409
1487 1409
1488 1410
1489 1410
1490 1410
1491 1410
1492 1411
1493 1411
1494 1411
1495 1412
1496 1413
1497 1413
1498 1413
1499 1414
1500 1414
1501 1414
1502 1414
1503 1415
1504 1415
1505 1415
1506 1415
1507 1416
1508 1416
1509 1416
1510 1417
1511 1417
1512 1417
1513 1417
1514 1417
1515 1418
1516 1418
1517 1418
1518 1419
1519 1420
1520 1420
1521 1420
1522 1421
1523 1421
1524 1422
1525 1422
1526 1422
1527 1422
1528 1423
1529 1423
1530 1423
1531 1424
1532 1425
1533 1425
1534 1425
1535 1426
1536 1426
1537 1426
1538 1426
1539 1426
1540 1426
1541 1427
1542 1427
1543 1427
1544 1428
1545 1429
1546 1429
1547 1429
1548 1430
1549 1430
1550 1430
1551 1431
1552 1431
1553 1431
1554 1431
1555 1431
1556 1431
1557 1432
1558 1432
1559 1432
1560 1433
1561 1433
1562 1434
1563 1434
1564 1434
1565 1434
1566 1435
1567 1435
1568 1436
1569 1436
1570 1436
1571 1436
1572 1437
1573 1437
1574 1437
1575 1437
1576 1437
1577 1437
1578 1437
1579 1437
1580 1437
1581 1437
1582 1437
1583 1437
1584 1437
1585 1437
1586 1437
1587 1437
1588 1438
1589 1439
1590 1439
1591 1440
1592 1440
1593 1440
1594 1440
1595 1440
1596 1440
1597 1441
1598 1441
1599 1441
1600 1442
1601 1443
1602 1443
1603 1443
1604 1443
1605 1444
1606 1444
1607 1444
1608 1444
1609 1444
1610 1444
1611 1444
1612 1444
1613 1444
1614 1444
1615 1444
1616 1444
1617 1445
1618 1446
1619 1446
1620 1446
1621 1447
1622 1447
1623 1447
1624 1448
1625 1448
1626 1448
1627 1449
1628 1449
1629 1449
1630 1449
1631 1449
1632 1449
1633 1450
1634 1450
1635 1450
1636 1451
1637 1451
1638 1451
1639 1451
1640 1451
1641 1451
1642 1451
1643 1451
1644 1451
1645 1451
1646 1451
1647 1452
1648 1452
1649 1453
1650 1453
1651 1454
1652 1455
1653 1455
1654 1455
1655 1456
1656 1457
1657 1457
1658 1457
1659 1458
1660 1458
1661 1458
1662 1458
1663 1458
1664 1458
1665 1458
1666 1458
1667 1458
1668 1458
1669 1458
1670 1458
1671 1458
1672 1458
1673 1458
1674 1458
1675 1458
1676 1458
1677 1458
1678 1458
1679 1458
1680 1458
1681 1458
1682 1458
1683 1458
1684 1458
1685 1458
1686 1458
1687 1458
1688 1458
1689 1458
1690 1458
1691 1458
1692 1458
1693 1458
1694 1458
1695 1458
1696 1458
1697 1458
1698 1458
1699 1458
1700 1458
1701 1458
1702 1458
1703 1458
1704 1458
1705 1458
1706 1458
1707 1458
1708 1458
1709 1458
1710 1458
1711 1458
1712 1458
1713 1458
1714 1458
1715 1458
1716 1457
1717 1457
1718 1457
1719 1456
1720 1456
1721 1456
1722 1456
1723 1456
1724 1456
1725 1455
1726 1455
1727 1455
1728 1454
1729 1454
1730 1454
1731 1453
1732 1453
1733 1453
1734 1452
1735 1452
1736 1452
1737 1452
1738 1452
1739 1452
1740 1452
1741 1452
1742 1452
1743 1452
1744 1451
1745 1451
1746 1451
1747 1451
1748 1451
1749 1451
1750 1451
1751 1450
1752 1450
1753 1450
1754 1449
1755 1448
1756 1448
1757 1448
1758 1447
1759 1447
1760 1447
1761 1447
1762 1446
1763 1446
1764 1445
1765 1445
1766 1444
1767 1443
1768 1443
1769 1443
1770 1442
1771 1442
1772 1442
1773 1442
1774 1442
1775 1442
1776 1442
1777 1442
1778 1442
1779 1442
1780 1442
1781 1442
1782 1442
1783 1442
1784 1442
1785 1442
1786 1442
1787 1442
1788 1442
1789 1442
1790 1442
1791 1442
1792 1442
1793 1442
1794 1442
1795 1442
1796 1442
1797 1442
1798 1442
1799 1441
1800 1441
1801 1441
1802 1440
1803 1440
1804 1440
1805 1440
1806 1440
1807 1440
1808 1440
1809 1440
1810 1440
1811 1440
1812 1440
1813 1439
1814 1439
1815 1439
1816 1439
1817 1438
1818 1438
1819 1438
1820 1438
1821 1438
1822 1438
1823 1438
1824 1438
1825 1438
1826 1438
1827 1438
1828 1438
1829 1438
1830 1438
1831 1437
1832 1437
1833 1437
1834 1437
1835 1436
1836 1436
1837 1436
1838 1435
1839 1435
1840 1435
1841 1435
1842 1435
1843 1435
1844 1435
1845 1435
1846 1434
1847 1434
1848 1434
1849 1433
1850 1432
1851 1432
1852 1432
1853 1431
1854 1430
1855 1430
1856 1430
1857 1430
1858 1429
1859 1430
1860 1430
1861 1430
1862 1430
1863 1430
1864 1429
1865 1429
1866 1429
1867 1429
1868 1428
1869 1428
1870 1428
1871 1428
1872 1428
1873 1428
1874 1427
1875 1427
1876 1427
1877 1426
1878 1426
1879 1426
1880 1426
1881 1426
1882 1426
1883 1426
1884 1426
1885 1425
1886 1425
1887 1425
1888 1424
1889 1424
1890 1424
1891 1424
1892 1424
1893 1424
1894 1424
1895 1424
1896 1424
1897 1424
1898 1424
1899 1424
1900 1424
1901 1424
1902 1424
1903 1424
1904 1424
1905 1424
1906 1424
1907 1424
1908 1424
1909 1424
1910 1424
1911 1425
1912 1425
1913 1425
1914 1426
1915 1426
1916 1426
1917 1426
1918 1426
1919 1426
1920 1426
1921 1426
1922 1426
1923 1426
1924 1426
1925 1426
1926 1426
1927 1426
1928 1426
1929 1426
1930 1426
1931 1426
1932 1426
1933 1426
1934 1426
1935 1426
1936 1426
1937 1426
1938 1426
1939 1426
1940 1426
1941 1425
1942 1425
1943 1425
1944 1425
1945 1424
1946 1424
1947 1424
1948 1424
1949 1424
1950 1424
1951 1424
1952 1424
1953 1424
1954 1424
1955 1424
1956 1424
1957 1424
1958 1424
1959 1423
1960 1423
1961 1423
1962 1423
1963 1422
1964 1422
1965 1421
1966 1421
1967 1420
1968 1419
1969 1418
1970 1418
1971 1417
1972 1417
1973 1416
1974 1416
1975 1415
1976 1415
1977 1414
1978 1414
1979 1413
1980 1413
1981 1413
1982 1413
1982 1412
1983 1411
1984 1411
1985 1411
1986 1410
1987 1409
1988 1409
1989 1408
1990 1408
1991 1407
1992 1406
1993 1406
1994 1406
1995 1405
1996 1405
1997 1404
1998 1404
1999 1403
2000 1402
2001 1401
2002 1400
2003 1399
2004 1399
2005 1398
2006 1397
2007 1397
2008 1397
2009 1396
2010 1395
2011 1395
2012 1395
2013 1394
2014 1393
2015 1393
2016 1392
2017 1391
2018 1390
2019 1390
2020 1389
2021 1388
2022 1387
2023 1386
2024 1385
2025 1384
2026 1383
2027 1382
2028 1381
2029 1380
2030 1379
2031 1378
2032 1378
2033 1377
2034 1376
2035 1376
2036 1375
2037 1374
2038 1373
2039 1372
2040 1371
2041 1370
2042 1369
2043 1368
2044 1367
2045 1366
2046 1365
2047 1364
2048 1363
2049 1362
2050 1361
2051 1360
2052 1359
2053 1358
2054 1357
2055 1357
2056 1356
2057 1355
2058 1355
2059 1354
2060 1353
2061 1352
2062 1351
2062 1350
2063 1349
2063 1348
2063 1347
2063 1346
2063 1345
2063 1344
2063 1343
2063 1342
2064 1341
2064 1340
2064 1339
2064 1338
2064 1337
2064 1336
2064 1335
2064 1334
2064 1333
2065 1332
2065 1331
2065 1330
2065 1329
2066 1328
2066 1327
2066 1326
2066 1325
2066 1324
2066 1323
2066 1322
2066 1321
2066 1320
2066 1319
2065 1318
2065 1317
2065 1316
2064 1315
2064 1314
2064 1313
2064 1312
2063 1311
2063 1310
2062 1309
2062 1308
2061 1307
2060 1306
2060 1305
2059 1304
2058 1303
2057 1302
2056 1301
2055 1300
2055 1299
2055 1298
2054 1297
2053 1296
2053 1295
2053 1294
2052 1293
2051 1292
2051 1291
2050 1290
2049 1289
2048 1288
2048 1287
2047 1286
2046 1285
2046 1284
2046 1283
2045 1282
2045 1281
2045 1280
2045 1279
2044 1278
2044 1277
2043 1276
2042 1275
2041 1274
2040 1273
2039 1272
2038 1272
2037 1271
2036 1270
2035 1270
2034 1269
2033 1268
2032 1267
2031 1266
2030 1265
2029 1264
2028 1263
2027 1262
2026 1261
2025 1260
2024 1259
2023 1258
2022 1257
2021 1256
2020 1255
2019 1254
2018 1254
2017 1253
2016 1252
2015 1252
2014 1251
2013 1250
2012 1249
2011 1249
2010 1248
2010 1247
2009 1247
2008 1247
2007 1246
2006 1245
2005 1245
2004 1244
2003 1243
2002 1242
2001 1241
2000 1240
1999 1240
1998 1239
1997 1238
1996 1238
1995 1238
1994 1237
1993 1237
1992 1237
1991 1236
1990 1235
1989 1234
1988 1234
1987 1233
1986 1233
1985 1232
1984 1232
1983 1231
1982 1231
1981 1231
1980 1231
1979 1231
1978 1231
1977 1231
1976 1231
1975 1231
1974 1231
1973 1231
1972 1231
1971 1231
1970 1231
1969 1231
1968 1231
1967 1231
1966 1231
1965 1231
1964 1231
1963 1231
1962 1232
1961 1232
1960 1232
1959 1232
1958 1232
1957 1232
1956 1233
1955 1233
1954 1233
1953 1234
1952 1234
1951 1234
1950 1235
1949 1236
1948 1237
1947 1237
1946 1238
1945 1238
1944 1238
1943 1238
1942 1237
1941 1237
1940 1236
1939 1235
1938 1235
1937 1234
1936 1234
1935 1234
1934 1234
1933 1234
1932 1234
1931 1234
1930 1234
1929 1234
1928 1234
1927 1234
1926 1234
1925 1234
1924 1234
1923 1234
1922 1235
1921 1235
1920 1235
1919 1236
1918 1236
1917 1236
1916 1237
1915 1237
1914 1237
1913 1238
1912 1238
1911 1238
1910 1238
1909 1238
1908 1238
1907 1238
1906 1238
1905 1238
1904 1238
1903 1238
1902 1238
1901 1238
1900 1238
1899 1238
1898 1238
1897 1238
1896 1238
1895 1238
1894 1238
1893 1238
1892 1238
1891 1238
1890 1238
1889 1238
1888 1237
1887 1237
1886 1237
1885 1237
1884 1236
1883 1235
1882 1234
1881 1234
1880 1233
1879 1233
1878 1232
1877 1232
1876 1232
1875 1232
1874 1231
1873 1231
1872 1231
1871 1231
1870 1231
1869 1231
1868 1231
1867 1231
1866 1231
1865 1231
1864 1231
1863 1231
1862 1230
1861 1230
1860 1230
1859 1230
1858 1229
1857 1228
1856 1228
1855 1228
1854 1227
1853 1227
1852 1227
1851 1227
1850 1227
1849 1227
1848 1227
1847 1227
1846 1227
1845 1227
1844 1227
1843 1227
1842 1227
1841 1227
1840 1227
1839 1227
1838 1227
1837 1227
1836 1227
1835 1227
1834 1227
1833 1227
1832 1227
1831 1227
1830 1227
1829 1227
1828 1227
1827 1227
1826 1227
1825 1227
1824 1227
1823 1227
1822 1228
1821 1228
1820 1228
1819 1229
1818 1229
1817 1229
1816 1229
1815 1229
1814 1229
1813 1229
1812 1229
1811 1229
1810 1229
1809 1229
1808 1229
1807 1229
1806 1229
1805 1229
1804 1230
1803 1230
1802 1230
1801 1231
1800 1231
1799 1231
1798 1231
1797 1232
1796 1232
1795 1232
1794 1232
1793 1232
1792 1232
1791 1232
1790 1232
1789 1232
1788 1231
1787 1231
1786 1231
1785 1231
1784 1231
1783 1231
1782 1231
1781 1231
1780 1231
1779 1231
1778 1231
1777 1231
1776 1231
1775 1231
1774 1231
1773 1231
1772 1231
1771 1231
1770 1231
1769 1231
1768 1231
1767 1231
1766 1231
1765 1231
1764 1231
1763 1231
1762 1231
1761 1231
1760 1231
1759 1231
1758 1231
1757 1232
1756 1232
1755 1232
1754 1232
1753 1232
1752 1232
1751 1233
1750 1233
1749 1233
1748 1233
1747 1234
1746 1234
1745 1234
1744 1234
1743 1233
1742 1233
1741 1233
1740 1233
1739 1233
1738 1233
1737 1233
1736 1233
1735 1234
1734 1234
1733 1234
1732 1234
1731 1234
1730 1234
1729 1234
1728 1234
1727 1234
1726 1235
1725 1235
1724 1235
1723 1235
1722 1236
1721 1236
1720 1236
1719 1236
1718 1236
1717 1236
1716 1236
1715 1236
1714 1235
1713 1235
1712 1235
1711 1235
1710 1236
1709 1236
1708 1236
1707 1236
1706 1236
1705 1236
1704 1236
1703 1236
1702 1236
1701 1235
1700 1235
1699 1235
1698 1234
1697 1234
1696 1234
1695 1233
1694 1233
1693 1232
1692 1231
1691 1231
1690 1230
1689 1229
1688 1229
1687 1229
1686 1229
1685 1228
1684 1228
1683 1228
1682 1228
1681 1227
1680 1227
1679 1227
1678 1226
1677 1225
1676 1224
1675 1224
1674 1223
1673 1222
1672 1221
1671 1220
1670 1219
1669 1218
1669 1217
1668 1216
1667 1216
1666 1215
1665 1215
1664 1215
1663 1215
1662 1214
1661 1214
1660 1214
1659 1213
1658 1213
1657 1213
1656 1213
1655 1213
1654 1212
1653 1212
1652 1212
1651 1212
1650 1211
1649 1211
1648 1210
1647 1210
1646 1209
1645 1209
1644 1208
1643 1207
1642 1206
1641 1205
1640 1204
1639 1203
1638 1203
1637 1202
1636 1201
1635 1200
1634 1199
1633 1199
1632 1198
1631 1198
1630 1198
1629 1197
1628 1197
1627 1196
1626 1195
1625 1194
1624 1194
1623 1194
1622 1193
1621 1193
1620 1193
1619 1192
1618 1192
1617 1191
1616 1190
1615 1190
1614 1189
1613 1188
1612 1188
1611 1188
1610 1188
1609 1188
1608 1187
1607 1187
1606 1186
1605 1186
1604 1186
1603 1186
1602 1185
1601 1185
1600 1185
1599 1184
1598 1184
1597 1184
1596 1183
1595 1183
1594 1183
1593 1183
1592 1183
1591 1182
1590 1182
1589 1182
1588 1182
1587 1181
1586 1181
1585 1181
1584 1180
1583 1180
1582 1179
1581 1179
1580 1178
1579 1177
1578 1177
1577 1177
1576 1177
1575 1176
1574 1176
1573 1176
1572 1175
1571 1175
1570 1174
1569 1173
1568 1173
1567 1172
1566 1171
1565 1171
1564 1172
1563 1171
1562 1171
1561 1170
1560 1170
1559 1169
1558 1169
1557 1168
1556 1168
1555 1167
1554 1167
1553 1167
1552 1167
1551 1167
1550 1166
1549 1166
1548 1166
1547 1166
1546 1166
1545 1166
1544 1166
1543 1166
1542 1166
1541 1167
1540 1167
1539 1168
1538 1169
1537 1170
1536 1170
1535 1171
1534 1172
1533 1172
1532 1172
1531 1173
1530 1174
1529 1175
1528 1175
1528 1176
1527 1177
1526 1177
1525 1178
1524 1179
1523 1180
1522 1181
1521 1181
1520 1181
1519 1181
1518 1181
1517 1181
1516 1181
1515 1181
1514 1181
1513 1181
1512 1181
1511 1181
1510 1181
1509 1181
1508 1180
1507 1180
1506 1180
1505 1180
1504 1180
1503 1180
1502 1179
1501 1179
1500 1179
1499 1179
1498 1178
1497 1178
1496 1178
1495 1178
1494 1178
1493 1178
1492 1178
1491 1177
1490 1177
1489 1177
1488 1177
1487 1176
1486 1176
1485 1176
1484 1176
1483 1176
1482 1176
1481 1175
1480 1175
1479 1175
1478 1174
1477 1174
1476 1174
1475 1174
1474 1173
1473 1173
1472 1173
1471 1173
1470 1172
1469 1172
1468 1172
1467 1171
1466 1171
1465 1171
1464 1171
1463 1171
1462 1171
1461 1171
1460 1171
1459 1170
1458 1170
1457 1170
1456 1169
1455 1168
1454 1168
1453 1168
1452 1167
1451 1167
1450 1166
1449 1166
1448 1165
1447 1165
1446 1164
1445 1164
1444 1164
1443 1163
1442 1163
1441 1163
1440 1162
1439 1161
1438 1161
1437 1161
1436 1160
1435 1160
1434 1160
1433 1160
1432 1160
1431 1160
1430 1160
1429 1160
1428 1160
1427 1160
1426 1160
1425 1160
1424 1160
1423 1160
1422 1160
1421 1160
1420 1160
1419 1160
1418 1160
1417 1160
1416 1160
1415 1160
1414 1160
1413 1160
1412 1160
1411 1160
1410 1160
1409 1160
1408 1160
1407 1160
1406 1160
1405 1160
1404 1160
1403 1160
1402 1160
1401 1160
1400 1160
1399 1160
1398 1160
1397 1160
1396 1159
1395 1159
1394 1159
1393 1159
1392 1159
1391 1159
1390 1159
1389 1159
1388 1159
1387 1159
1386 1159
1385 1159
1384 1159
1383 1159
1382 1159
1381 1159
1380 1159
1379 1159
1378 1159
1377 1158
1376 1158
1375 1157
1374 1156
1373 1156
1372 1155
1371 1155
1370 1155
1369 1155
1368 1154
1367 1154
1366 1153
1365 1153
1364 1152
1363 1152
1362 1152
1361 1152
1360 1152
1359 1152
1358 1152
1357 1152
1356 1152
1355 1151
1354 1151
1353 1151
1352 1151
1351 1150
1350 1149
1349 1148
1348 1148
1347 1147
1346 1147
1345 1146
1344 1145
1343 1145
1342 1144
1341 1144
1340 1143
1339 1142
1338 1141
1337 1140
1336 1140
1335 1140
1334 1139
1333 1139
1332 1139
1331 1139
1330 1139
1329 1139
1328 1139
1327 1138
1326 1138
1325 1138
1324 1138
1323 1137
1322 1137
1321 1137
1320 1136
1319 1135
1318 1135
1317 1134
1316 1133
1315 1133
1314 1132
1313 1131
1312 1131
1311 1131
1310 1131
1309 1130
1308 1130
1307 1130
1306 1129
1305 1129
1304 1129
1303 1129
1302 1129
1301 1129
1300 1129
1299 1129
1298 1129
