496 87
495 88
494 88
493 89
492 89
491 89
490 90
489 90
488 90
487 91
486 91
485 91
484 92
483 92
482 92
481 92
480 92
479 92
478 92
477 92
476 92
475 92
474 92
473 92
472 92
471 92
470 92
469 92
468 92
467 92
466 92
465 92
464 92
463 93
462 93
461 94
460 94
459 94
458 94
457 94
456 94
455 94
454 94
453 95
452 95
451 95
450 95
449 96
448 96
447 97
446 97
445 97
444 98
443 98
442 98
441 99
440 99
439 99
438 100
437 100
436 101
435 101
434 102
433 102
432 102
431 102
430 102
429 102
428 101
427 101
426 100
425 99
424 99
423 100
422 100
421 100
420 100
419 100
418 101
417 101
416 102
415 102
414 103
413 103
412 103
411 104
410 104
409 104
408 104
407 104
406 104
405 104
404 104
403 104
402 104
401 104
400 105
399 105
398 105
397 106
396 106
395 106
394 107
393 107
392 106
391 106
390 106
389 106
388 107
387 107
386 107
385 108
384 108
383 108
382 108
381 109
380 109
379 109
378 110
377 110
376 110
375 110
374 111
373 111
372 111
371 111
370 111
369 111
368 111
367 112
366 112
365 112
364 113
363 113
362 113
361 113
360 114
359 114
358 115
357 115
356 115
355 115
354 115
353 115
352 115
351 115
350 115
349 115
348 115
347 115
346 115
345 115
344 114
343 114
342 115
341 115
340 115
339 116
338 116
337 117
336 117
335 118
334 119
333 120
332 121
331 122
330 122
329 123
329 124
328 125
327 126
327 127
326 128
325 129
325 130
325 131
324 132
324 133
324 134
323 135
324 136
324 137
325 138
326 139
327 140
328 141
329 142
330 143
331 144
332 145
333 146
334 147
335 148
336 149
337 150
338 151
339 152
340 153
341 154
342 155
343 156
344 157
345 157
346 158
347 158
348 159
349 160
350 161
351 162
352 163
353 163
354 164
355 165
356 166
357 167
358 167
359 167
360 168
361 169
362 170
362 171
363 172
364 173
365 173
366 174
367 175
368 176
369 177
370 178
371 179
372 179
373 180
374 180
375 181
375 182
376 182
377 183
378 184
379 185
380 185
381 186
382 186
383 186
384 187
385 187
386 188
387 188
388 189
389 189
390 189
391 189
392 189
393 190
394 190
395 190
396 190
397 190
398 190
399 190
400 190
401 190
402 190
403 189
404 189
405 189
406 189
407 189
408 189
409 189
410 189
411 189
412 189
413 189
414 189
415 189
416 190
417 190
418 190
419 191
420 192
421 192
422 193
423 194
424 194
425 194
426 195
427 196
428 196
429 196
430 196
431 196
432 196
433 196
434 196
435 196
436 196
437 195
438 195
439 196
440 195
441 195
442 194
443 194
444 194
445 194
446 194
447 193
448 193
449 193
450 193
451 193
452 193
453 193
454 193
455 193
456 193
457 193
458 193
459 193
460 193
461 193
462 194
463 194
464 194
465 194
466 195
467 195
468 195
469 195
470 195
471 195
472 195
473 195
474 195
475 195
476 195
477 195
478 195
479 195
480 194
481 194
482 194
483 194
484 193
485 193
486 193
487 192
488 192
489 192
490 191
491 190
492 190
493 189
494 188
495 187
496 187
497 186
498 185
499 186
500 186
501 186
502 185
503 185
504 185
505 184
506 184
507 184
508 184
509 183
510 182
511 181
512 180
513 179
514 178
515 177
516 176
517 175
518 174
519 173
520 173
521 172
522 171
523 170
524 169
525 168
526 167
527 166
528 165
529 165
530 164
531 163
532 163
533 162
534 161
535 160
535 159
536 158
536 157
536 156
537 155
537 154
537 153
538 152
538 151
538 150
538 149
538 148
538 147
538 146
538 145
538 144
538 143
538 142
538 141
538 140
538 139
538 138
538 137
538 136
539 135
539 134
539 133
540 132
540 131
540 130
540 129
540 128
540 127
540 126
540 125
540 124
540 123
540 122
540 121
540 120
541 119
541 118
541 117
541 116
541 115
540 114
540 113
539 112
538 111
537 110
536 109
535 108
534 107
534 106
534 105
533 104
533 103
532 102
532 101
531 100
531 99
530 98
529 97
528 96
527 95
526 94
525 94
524 93
523 92
522 92
521 91
520 91
519 90
518 90
517 90
516 89
515 89
514 89
513 88
512 88
511 88
510 88
509 87
508 87
507 87
506 87
505 87
504 87
503 87
502 87
501 87
500 87
499 87
498 87
497 87
496 87
