1378 460
1377 461
1376 461
1375 461
1374 462
1373 462
1372 462
1371 463
1370 463
1369 463
1368 463
1367 463
1366 463
1365 463
1364 463
1363 463
1362 463
1361 463
1360 463
1359 464
1358 464
1357 464
1356 465
1355 465
1354 465
1353 465
1352 465
1351 465
1350 465
1349 466
1348 466
1347 466
1346 466
1345 467
1344 467
1343 467
1342 467
1341 468
1340 468
1339 468
1338 468
1337 469
1336 469
1335 469
1334 469
1333 470
1332 470
1331 471
1330 471
1329 472
1328 472
1327 472
1326 472
1325 472
1324 473
1323 473
1322 473
1321 474
1320 474
1319 475
1318 475
1317 475
1316 475
1315 476
1315 477
1315 478
1316 479
1317 480
1318 480
1319 481
1320 481
1321 482
1322 483
1323 483
1324 484
1324 485
1325 486
1326 486
1327 487
1328 487
1329 487
1330 487
1331 488
1332 488
1333 488
1334 489
1335 489
1336 489
1337 489
1338 489
1339 490
1340 490
1341 490
1342 491
1343 491
1344 491
1345 492
1346 492
1347 492
1348 492
1349 492
1350 492
1351 493
1352 493
1353 493
1354 493
1355 493
1356 494
1357 494
1358 494
1359 495
1360 495
1361 495
1362 495
1363 495
1364 495
1365 495
1366 495
1367 495
1368 495
1369 495
1370 496
1371 496
1372 496
1373 496
1374 496
1375 496
1376 496
1377 496
1378 496
1379 496
1380 496
1381 496
1382 496
1383 496
1384 496
1385 496
1386 496
1387 496
1388 496
1389 496
1390 496
1391 496
1392 496
1393 496
1394 496
1395 496
1396 497
1397 497
1398 497
1399 497
1400 497
1401 497
1402 497
1403 497
1404 497
1405 496
1406 496
1407 496
1408 495
1409 495
1410 494
1411 494
1412 494
1413 493
1414 493
1415 493
1416 493
1417 493
1418 493
1419 493
1420 492
1421 492
1422 492
1423 492
1424 492
1425 492
1426 492
1427 492
1428 492
1429 492
1430 492
1431 492
1432 492
1433 492
1434 492
1435 491
1436 491
1437 490
1438 489
1439 488
1439 487
1439 486
1439 485
1440 484
1440 483
1440 482
1441 481
1441 480
1441 479
1441 478
1441 477
1441 476
1440 475
1440 474
1440 473
1439 472
1439 471
1439 470
1438 469
1437 468
1437 467
1436 467
1435 466
1434 466
1433 465
1432 465
1431 465
1430 465
1429 464
1428 464
1427 463
1426 463
1425 463
1424 463
1423 463
1422 463
1421 462
1420 462
1419 461
1418 461
1417 460
1416 460
1415 460
1414 460
1413 460
1412 460
1411 460
1410 460
1409 460
1408 460
1407 460
1406 460
1405 460
1404 460
1403 460
1402 460
1401 460
1400 460
1399 460
1398 460
1397 460
1396 460
1395 460
1394 460
1393 460
1392 460
1391 460
1390 460
1389 460
1388 460
1387 460
1386 460
1385 460
1384 460
1383 460
1382 460
1381 460
1380 460
1379 460
1378 460
