922 1743
921 1744
920 1744
919 1745
918 1745
917 1746
916 1746
915 1746
914 1747
913 1748
912 1748
911 1749
910 1749
909 1749
908 1749
907 1749
906 1749
905 1749
904 1749
903 1749
902 1749
901 1750
900 1750
899 1750
898 1751
897 1752
897 1753
896 1754
895 1755
895 1756
895 1757
894 1758
893 1759
893 1760
892 1761
891 1762
891 1763
890 1764
890 1765
890 1766
890 1767
890 1768
890 1769
890 1770
890 1771
890 1772
889 1773
888 1774
887 1775
887 1776
886 1777
886 1778
886 1779
886 1780
885 1781
885 1782
884 1783
883 1784
883 1785
883 1786
883 1787
883 1788
883 1789
883 1790
883 1791
882 1792
882 1793
881 1794
881 1795
880 1796
880 1797
880 1798
880 1799
880 1800
880 1801
881 1802
881 1803
881 1804
882 1805
882 1806
883 1807
884 1808
885 1809
886 1810
886 1811
886 1812
887 1813
887 1814
887 1815
888 1816
888 1817
888 1818
888 1819
889 1820
889 1821
890 1822
890 1823
890 1824
891 1825
891 1826
892 1827
893 1828
893 1829
894 1830
894 1831
895 1832
896 1833
897 1834
897 1835
898 1836
899 1837
899 1838
900 1839
900 1840
901 1841
901 1842
902 1843
903 1843
904 1844
905 1844
906 1845
907 1846
908 1847
909 1847
910 1848
911 1849
912 1849
913 1850
914 1851
915 1851
916 1851
917 1851
918 1851
919 1851
920 1851
921 1852
922 1852
923 1852
924 1853
925 1853
926 1853
927 1852
928 1852
929 1852
930 1851
931 1851
932 1851
933 1851
934 1850
935 1849
936 1849
937 1848
938 1848
939 1847
940 1846
941 1845
942 1844
943 1843
944 1842
945 1842
946 1841
947 1841
948 1841
949 1841
950 1841
951 1840
952 1840
953 1840
954 1839
955 1839
956 1839
957 1838
958 1838
959 1837
960 1836
961 1835
962 1834
963 1833
964 1832
965 1831
966 1831
967 1830
968 1830
969 1830
970 1829
971 1829
972 1829
973 1828
974 1827
975 1826
976 1825
977 1824
977 1823
977 1822
978 1821
979 1820
980 1819
980 1818
981 1817
981 1816
981 1815
981 1814
982 1813
983 1812
983 1811
984 1810
984 1809
984 1808
985 1807
986 1806
987 1805
987 1804
988 1803
989 1802
990 1802
991 1802
992 1801
993 1801
994 1800
994 1799
995 1798
995 1797
996 1796
996 1795
996 1794
996 1793
996 1792
996 1791
995 1790
995 1789
995 1788
994 1787
994 1786
993 1785
993 1784
993 1783
992 1782
991 1781
991 1780
990 1779
990 1778
989 1777
988 1776
987 1775
986 1774
986 1773
985 1772
984 1771
983 1770
982 1769
981 1768
980 1767
979 1766
979 1765
978 1764
977 1763
976 1762
975 1762
974 1761
973 1760
972 1760
971 1759
970 1759
969 1758
968 1758
967 1757
966 1756
965 1756
964 1756
963 1755
962 1755
961 1754
960 1754
959 1753
958 1753
957 1753
956 1752
955 1752
954 1752
953 1752
952 1752
951 1751
950 1751
949 1750
948 1750
947 1750
946 1749
945 1749
944 1748
943 1748
942 1747
941 1747
940 1747
939 1747
938 1746
937 1746
936 1746
935 1746
934 1746
933 1746
932 1746
931 1745
930 1745
929 1745
928 1744
927 1744
926 1744
925 1744
924 1743
923 1743
922 1743
