242 992
241 993
240 993
239 993
238 993
237 993
236 993
235 994
234 995
233 996
232 997
231 996
230 996
229 996
228 995
227 995
226 995
225 995
224 995
223 995
222 995
221 995
220 995
219 995
218 995
217 995
216 995
215 995
214 995
213 995
212 994
211 994
210 993
209 993
208 993
207 993
206 993
205 993
204 993
204 994
204 995
204 996
204 997
204 998
204 999
204 1000
204 1001
205 1002
205 1003
206 1004
206 1005
206 1006
206 1007
205 1008
204 1009
203 1010
202 1011
202 1012
202 1013
202 1014
202 1015
202 1016
201 1017
201 1018
200 1019
200 1020
199 1021
199 1022
199 1023
198 1024
197 1025
197 1026
197 1027
197 1028
198 1029
198 1030
198 1031
199 1032
199 1033
199 1034
199 1035
199 1036
199 1037
199 1038
199 1039
199 1040
199 1041
199 1042
199 1043
199 1044
199 1045
199 1046
199 1047
199 1048
199 1049
199 1050
199 1051
199 1052
199 1053
200 1054
200 1055
201 1056
201 1057
202 1058
203 1059
204 1060
205 1061
205 1062
206 1063
206 1064
207 1065
208 1066
209 1067
210 1068
211 1069
212 1070
213 1071
214 1072
215 1073
216 1073
217 1074
218 1074
219 1074
220 1074
221 1074
222 1074
223 1074
224 1074
225 1074
226 1074
227 1073
228 1073
229 1072
230 1072
231 1072
232 1071
233 1070
234 1070
235 1069
236 1068
237 1068
238 1067
239 1067
240 1066
241 1065
242 1065
243 1065
244 1065
245 1065
246 1065
247 1064
248 1063
249 1063
250 1062
251 1062
252 1062
253 1061
254 1061
255 1061
256 1061
257 1061
258 1061
259 1061
260 1061
261 1060
262 1060
263 1059
264 1059
265 1059
266 1058
267 1058
268 1058
269 1058
270 1058
271 1058
272 1058
273 1057
274 1057
275 1056
276 1056
277 1055
278 1055
279 1054
280 1054
281 1053
282 1053
283 1052
284 1051
285 1051
286 1050
287 1049
288 1049
288 1048
289 1047
290 1046
290 1045
291 1044
292 1043
293 1042
293 1041
294 1040
294 1039
295 1038
296 1037
296 1036
296 1035
296 1034
297 1033
297 1032
298 1031
299 1030
299 1029
300 1028
300 1027
300 1026
300 1025
300 1024
299 1023
299 1022
299 1021
299 1020
299 1019
299 1018
298 1017
298 1016
298 1015
297 1014
296 1013
295 1012
294 1011
293 1010
292 1009
291 1008
290 1007
289 1007
288 1006
287 1005
286 1004
285 1003
284 1002
283 1001
282 1000
281 1000
280 999
279 999
278 998
277 998
276 997
275 997
274 996
273 996
272 996
271 995
270 995
269 994
268 994
267 993
266 993
265 993
264 993
263 993
262 992
261 992
260 992
259 992
258 992
257 992
256 992
255 992
254 992
253 992
252 992
251 992
250 992
249 992
248 992
247 992
246 992
245 992
244 992
243 992
242 992
