1361 409
1360 410
1359 410
1358 410
1357 410
1356 410
1355 410
1354 410
1353 410
1352 410
1351 410
1350 410
1349 410
1348 410
1347 410
1346 410
1345 410
1344 410
1343 410
1342 410
1341 410
1340 410
1339 410
1338 410
1337 411
1336 411
1335 411
1334 411
1333 411
1332 412
1331 412
1330 412
1329 413
1328 413
1327 413
1326 413
1325 413
1324 413
1323 413
1322 413
1321 413
1320 414
1319 414
1318 414
1317 414
1316 414
1315 414
1314 414
1313 414
1312 414
1311 414
1310 414
1309 415
1308 415
1307 416
1306 416
1305 416
1304 416
1303 416
1302 417
1301 417
1300 417
1299 418
1298 418
1297 418
1296 418
1295 418
1294 418
1293 418
1292 418
1291 418
1290 418
1289 418
1288 418
1287 418
1286 418
1285 418
1284 418
1283 418
1282 419
1281 419
1280 419
1279 419
1278 420
1277 420
1276 420
1275 420
1274 421
1273 421
1272 421
1271 421
1270 421
1269 421
1268 421
1267 421
1266 421
1265 422
1264 422
1263 422
1262 423
1261 423
1260 423
1259 423
1258 424
1257 424
1256 425
1255 425
1254 425
1253 426
1252 426
1251 427
1250 427
1249 428
1248 428
1247 428
1246 429
1245 429
1244 429
1243 429
1242 429
1241 429
1240 430
1239 430
1238 431
1237 431
1236 432
1235 432
1234 432
1233 432
1232 433
1231 433
1230 433
1229 434
1228 434
1227 434
1226 434
1225 435
1224 436
1223 437
1222 438
1221 439
1221 440
1222 441
1223 442
1224 443
1225 444
1226 444
1227 445
1228 445
1229 446
1230 447
1231 448
1232 448
1233 449
1234 450
1235 450
1236 451
1237 451
1238 452
1239 453
1240 454
1241 454
1242 454
1243 455
1244 455
1245 456
1246 456
1247 457
1248 458
1249 458
1250 458
1251 459
1252 459
1253 459
1254 459
1255 459
1256 459
1257 459
1258 459
1259 459
1260 460
1261 460
1262 460
1263 460
1264 460
1265 460
1266 461
1267 461
1268 462
1269 462
1270 463
1271 463
1272 463
1273 463
1274 464
1275 464
1276 465
1277 465
1278 465
1279 465
1280 466
1281 466
1282 466
1283 467
1284 467
1285 467
1286 467
1287 467
1288 467
1289 467
1290 467
1291 467
1292 467
1293 467
1294 467
1295 467
1296 468
1297 468
1298 468
1299 469
1300 469
1301 469
1302 469
1303 469
1304 469
1305 470
1306 470
1307 470
1308 470
1309 470
1310 470
1311 470
1312 470
1313 470
1314 470
1315 470
1316 470
1317 470
1318 470
1319 470
1320 470
1321 470
1322 470
1323 471
1324 471
1325 471
1326 471
1327 472
1328 472
1329 472
1330 472
1331 472
1332 472
1333 473
1334 473
1335 473
1336 473
1337 474
1338 474
1339 474
1340 474
1341 474
1342 474
1343 474
1344 474
1345 474
1346 474
1347 474
1348 474
1349 474
1350 474
1351 474
1352 474
1353 474
1354 474
1355 474
1356 474
1357 474
1358 474
1359 474
1360 474
1361 474
1362 474
1363 474
1364 474
1365 473
1366 473
1367 473
1368 472
1369 472
1370 472
1371 471
1372 471
1373 470
1374 470
1375 469
1376 468
1377 467
1378 466
1379 465
1379 464
1380 463
1381 462
1382 461
1382 460
1383 459
1383 458
1384 457
1385 456
1386 455
1387 454
1387 453
1388 452
1388 451
1388 450
1389 449
1389 448
1389 447
1389 446
1389 445
1389 444
1389 443
1390 442
1390 441
1390 440
1390 439
1390 438
1389 437
1389 436
1389 435
1388 434
1388 433
1388 432
1387 431
1387 430
1386 429
1385 428
1385 427
1384 426
1384 425
1384 424
1383 423
1383 422
1382 421
1382 420
1381 419
1380 418
1380 417
1379 416
1378 415
1378 414
1377 413
1376 412
1375 412
1374 411
1373 410
1372 410
1371 409
1370 409
1369 409
1368 409
1367 409
1366 409
1365 409
1364 409
1363 409
1362 409
1361 409
