174 95
173 96
172 96
171 96
170 97
169 97
168 98
167 98
166 98
165 99
164 99
163 100
162 100
161 100
160 100
159 100
158 100
157 100
156 100
155 101
154 101
153 101
152 102
151 102
150 102
149 102
148 102
147 102
146 102
145 102
144 102
143 102
142 102
141 102
140 102
139 102
138 102
137 102
136 102
135 102
134 102
133 102
132 103
131 103
130 103
129 103
128 103
127 103
126 103
125 103
124 103
123 103
122 103
121 103
120 103
119 104
118 104
117 104
116 104
115 104
114 104
113 104
112 104
111 105
110 106
109 107
108 108
108 109
108 110
108 111
108 112
108 113
108 114
109 115
109 116
109 117
110 118
110 119
110 120
110 121
110 122
110 123
111 124
111 125
111 126
111 127
111 128
112 129
112 130
112 131
113 132
114 133
114 134
114 135
114 136
114 137
114 138
115 139
115 140
115 141
115 142
115 143
115 144
115 145
116 146
116 147
116 148
116 149
116 150
116 151
116 152
116 153
116 154
116 155
117 156
117 157
117 158
118 159
118 160
118 161
118 162
118 163
118 164
118 165
118 166
118 167
118 168
118 169
118 170
119 171
120 172
121 173
121 174
122 175
123 176
123 177
124 178
124 179
125 180
126 181
127 182
128 183
129 184
130 185
131 186
132 187
132 188
133 189
133 190
134 191
134 192
135 193
135 194
135 195
135 196
135 197
136 198
136 199
136 200
137 201
137 202
138 203
138 204
138 205
139 206
139 207
139 208
139 209
139 210
140 211
141 212
142 213
143 214
144 215
145 215
146 216
147 216
148 216
149 216
150 216
151 217
152 217
153 217
154 218
155 218
156 218
157 218
158 218
159 218
160 218
161 218
162 218
163 218
164 218
165 218
166 218
167 218
168 218
169 219
170 219
171 219
172 220
173 220
174 221
175 222
176 222
177 223
178 223
179 224
180 224
181 225
182 226
183 227
184 227
185 228
186 229
187 229
188 230
189 230
190 230
191 231
192 231
193 231
194 231
195 230
196 230
197 230
198 229
199 229
200 228
201 227
202 226
203 225
204 224
205 223
206 222
207 221
208 220
209 219
210 218
211 217
212 216
213 215
214 214
215 213
216 212
217 211
218 210
219 209
220 209
221 208
222 207
223 206
224 205
225 204
226 204
227 203
228 203
229 203
230 202
231 202
232 201
233 200
234 200
235 200
236 199
237 199
238 199
239 198
240 198
241 197
242 196
243 196
244 195
245 194
246 193
247 192
248 192
249 191
250 191
251 190
252 190
253 189
254 188
255 188
256 187
257 187
258 186
259 185
259 184
260 183
261 182
262 181
262 180
263 179
264 178
265 177
265 176
266 175
266 174
267 173
268 172
269 171
270 170
271 169
272 168
273 167
274 166
274 165
274 164
274 163
274 162
274 161
274 160
274 159
274 158
274 157
274 156
274 155
274 154
274 153
274 152
274 151
274 150
274 149
275 148
275 147
275 146
275 145
275 144
276 143
276 142
276 141
276 140
276 139
276 138
276 137
276 136
276 135
275 134
275 133
274 132
273 131
273 130
272 129
272 128
271 128
270 127
269 126
268 126
267 125
266 125
265 125
264 125
263 125
262 125
261 124
260 124
259 123
258 123
257 123
256 123
255 123
254 123
253 123
252 123
251 122
250 122
249 122
248 121
247 121
246 121
245 120
244 119
243 118
242 117
241 116
240 115
239 115
238 114
237 114
236 114
235 114
234 114
233 114
232 114
231 114
230 114
229 114
228 114
227 114
226 114
225 114
224 114
223 114
222 113
221 113
220 113
219 113
218 113
217 113
216 113
215 113
214 113
213 113
212 113
211 113
210 113
209 113
208 113
207 113
206 113
205 113
204 113
203 113
202 113
201 113
200 113
199 113
198 112
197 112
196 111
195 111
194 110
193 110
192 110
191 109
190 108
189 107
188 106
187 105
186 104
185 103
184 102
183 101
182 100
181 99
180 98
179 97
178 96
177 96
176 95
175 95
174 95
