1568 220
1567 221
1566 221
1565 221
1564 222
1563 222
1562 222
1561 222
1560 222
1559 222
1558 222
1557 222
1556 222
1555 222
1554 223
1553 224
1552 225
1551 226
1551 227
1550 228
1550 229
1550 230
1550 231
1549 232
1549 233
1548 234
1548 235
1548 236
1547 237
1547 238
1547 239
1547 240
1547 241
1547 242
1547 243
1547 244
1547 245
1547 246
1547 247
1548 248
1548 249
1549 250
1550 251
1551 251
1552 252
1553 252
1554 252
1555 252
1556 252
1557 253
1557 254
1557 255
1558 255
1559 255
1560 255
1561 255
1562 255
1563 255
1564 256
1565 256
1566 256
1567 257
1568 257
1569 257
1570 257
1571 257
1572 257
1573 257
1574 258
1575 258
1576 258
1577 258
1578 258
1579 258
1580 258
1581 258
1582 258
1583 258
1584 258
1585 258
1586 258
1587 258
1588 258
1589 258
1590 258
1591 258
1592 258
1593 257
1594 257
1595 257
1596 257
1597 257
1598 257
1599 257
1600 257
1601 257
1602 256
1603 256
1604 256
1605 256
1606 256
1607 256
1608 257
1609 257
1610 257
1611 257
1612 257
1613 257
1614 257
1615 257
1616 257
1617 257
1618 257
1619 257
1620 257
1621 257
1622 257
1623 257
1624 258
1625 258
1626 258
1627 258
1628 258
1629 258
1630 258
1631 258
1632 258
1633 258
1634 258
1635 258
1636 258
1637 258
1638 258
1639 258
1640 258
1641 257
1642 257
1643 257
1644 257
1645 257
1646 257
1647 257
1648 257
1649 257
1650 257
1651 258
1652 258
1653 258
1654 258
1655 258
1656 258
1657 258
1658 258
1659 258
1660 257
1661 257
1662 256
1663 256
1664 255
1665 255
1666 255
1667 254
1667 253
1668 252
1668 251
1669 250
1669 249
1669 248
1668 247
1668 246
1668 245
1668 244
1667 243
1667 242
1667 241
1666 240
1666 239
1665 238
1665 237
1664 236
1663 235
1663 234
1662 233
1661 232
1660 231
1659 230
1658 230
1657 230
1656 230
1655 229
1654 228
1653 228
1652 228
1651 228
1650 228
1649 228
1648 228
1647 228
1646 228
1645 228
1644 228
1643 227
1642 227
1641 227
1640 227
1639 227
1638 227
1637 227
1636 226
1635 226
1634 226
1633 225
1632 225
1631 225
1630 225
1629 225
1628 225
1627 225
1626 224
1625 224
1624 224
1623 224
1622 224
1621 224
1620 224
1619 224
1618 224
1617 224
1616 224
1615 224
1614 224
1613 224
1612 224
1611 224
1610 224
1609 224
1608 224
1607 224
1606 224
1605 224
1604 224
1603 224
1602 224
1601 224
1600 224
1599 223
1598 223
1597 223
1596 223
1595 223
1594 223
1593 223
1592 223
1591 223
1590 223
1589 223
1588 223
1587 222
1586 222
1585 222
1584 222
1583 222
1582 222
1581 222
1580 221
1579 221
1578 221
1577 220
1576 220
1575 220
1574 220
1573 220
1572 220
1571 220
1570 220
1569 220
1568 220
