445 974
444 975
443 975
442 976
441 977
440 978
440 979
440 980
440 981
439 982
438 983
438 984
438 985
438 986
439 987
440 988
440 989
440 990
440 991
441 992
441 993
441 994
441 995
441 996
441 997
441 998
441 999
442 1000
442 1001
442 1002
443 1003
443 1004
443 1005
443 1006
443 1007
444 1008
444 1009
444 1010
444 1011
444 1012
444 1013
444 1014
445 1015
445 1016
445 1017
445 1018
445 1019
445 1020
445 1021
445 1022
445 1023
445 1024
446 1025
446 1026
447 1027
447 1028
448 1029
449 1030
450 1031
451 1032
452 1033
453 1034
454 1035
455 1036
456 1036
457 1037
458 1037
459 1038
460 1038
461 1038
462 1038
463 1038
464 1038
465 1038
466 1038
467 1038
468 1038
469 1038
470 1038
471 1038
472 1038
473 1038
474 1038
475 1038
476 1038
477 1038
478 1038
479 1037
480 1037
481 1037
482 1037
483 1037
484 1037
485 1037
486 1037
487 1037
488 1037
489 1037
490 1037
491 1037
492 1037
493 1038
494 1039
495 1039
496 1039
497 1039
498 1039
499 1039
500 1039
501 1039
502 1040
503 1040
504 1040
505 1040
506 1040
507 1040
508 1040
509 1040
510 1040
511 1040
512 1040
513 1040
514 1041
515 1041
516 1041
517 1042
518 1042
519 1042
520 1042
521 1042
522 1042
523 1042
524 1042
525 1042
526 1042
527 1043
528 1043
529 1043
530 1043
531 1043
532 1043
533 1043
534 1043
535 1043
536 1043
537 1044
538 1044
539 1044
540 1044
541 1044
542 1044
543 1044
544 1044
545 1044
546 1044
547 1044
548 1044
549 1044
550 1044
551 1044
552 1044
553 1044
554 1043
555 1043
556 1042
557 1042
558 1042
559 1042
560 1041
561 1041
562 1041
563 1040
564 1039
565 1039
566 1038
567 1037
568 1037
569 1036
570 1035
571 1035
572 1034
573 1033
574 1032
574 1031
574 1030
574 1029
574 1028
575 1027
575 1026
575 1025
576 1024
577 1023
578 1022
579 1021
580 1020
581 1019
581 1018
582 1017
582 1016
581 1015
581 1014
581 1013
581 1012
581 1011
580 1010
580 1009
580 1008
579 1007
579 1006
578 1005
577 1004
577 1003
576 1002
576 1001
576 1000
576 999
575 998
575 997
574 996
573 995
573 994
573 993
573 992
572 991
571 990
570 989
569 988
569 987
568 986
567 985
566 984
565 984
564 983
563 983
562 982
561 982
560 982
559 982
558 982
557 982
556 982
555 982
554 981
553 981
552 981
551 980
550 980
549 980
548 979
547 979
546 979
545 979
544 980
543 980
542 980
541 981
540 981
539 981
538 981
537 981
536 982
535 982
534 982
533 982
532 982
531 982
530 982
529 982
528 982
527 982
526 982
525 983
524 983
523 983
522 983
521 983
520 983
519 983
518 983
517 983
516 983
515 983
514 983
513 983
512 983
511 983
510 983
509 983
508 983
507 983
506 983
505 983
504 983
503 983
502 983
501 983
500 983
499 983
498 983
497 982
496 982
495 982
494 982
493 982
492 982
491 982
490 982
489 982
488 982
487 982
486 982
485 981
484 981
483 981
482 981
481 981
480 981
479 980
478 980
477 980
476 979
475 979
474 979
473 979
472 979
471 979
470 979
469 979
468 978
467 978
466 978
465 978
464 978
463 978
462 977
461 977
460 977
459 976
458 976
457 975
456 975
455 974
454 974
453 974
452 974
451 974
450 974
449 974
448 974
447 974
446 974
445 974
