568 547
567 548
566 548
565 549
564 549
563 550
562 550
561 550
560 550
559 550
558 550
557 550
556 551
555 551
554 552
553 553
552 553
551 554
550 555
549 555
548 556
547 556
546 557
545 558
544 558
543 558
542 559
541 559
540 559
539 559
538 559
537 559
536 559
535 559
534 560
533 560
532 560
531 560
530 560
529 560
528 560
527 561
526 561
525 562
524 562
523 563
522 563
521 563
520 563
519 564
518 564
517 564
516 564
515 564
514 564
513 565
512 565
511 566
510 566
509 567
508 568
507 569
506 569
505 570
504 571
503 571
502 572
501 572
500 573
499 573
498 574
497 575
496 576
495 577
494 578
493 579
492 580
491 581
490 581
490 582
489 583
489 584
488 585
488 586
488 587
487 588
486 589
485 590
484 591
483 592
482 593
481 594
481 595
481 596
481 597
481 598
481 599
482 600
482 601
482 602
481 603
480 604
480 605
480 606
480 607
479 608
479 609
478 610
477 611
476 612
476 613
475 614
475 615
475 616
475 617
475 618
476 619
477 620
477 621
477 622
477 623
477 624
477 625
478 626
478 627
478 628
478 629
478 630
479 631
479 632
479 633
480 634
480 635
479 636
479 637
479 638
478 639
478 640
478 641
477 642
477 643
477 644
477 645
477 646
476 647
475 648
474 649
473 650
473 651
472 652
472 653
472 654
473 655
474 656
475 657
476 658
477 658
478 659
479 660
480 660
481 661
482 661
483 661
484 661
485 661
486 661
487 661
488 661
489 661
490 661
491 661
492 661
493 661
494 661
495 661
496 661
497 661
498 661
499 661
500 662
501 662
502 662
503 662
504 662
505 662
506 662
507 662
508 662
509 662
510 662
511 662
512 662
513 663
514 663
515 663
516 663
517 663
518 664
519 664
520 665
521 666
522 666
523 667
524 668
525 668
526 669
527 669
528 670
529 670
530 671
531 671
532 671
533 671
534 671
535 671
536 671
537 671
538 671
539 671
540 671
541 671
542 670
543 670
544 669
545 668
546 667
547 667
548 667
549 667
550 667
551 666
552 665
553 665
554 664
555 663
556 663
557 662
558 661
559 661
560 661
561 661
562 661
563 660
564 660
565 659
566 659
567 659
568 658
569 658
570 658
571 658
572 658
573 658
574 657
575 657
576 657
577 656
578 656
579 655
580 655
581 655
582 655
583 655
584 655
585 654
586 654
587 653
588 652
589 651
590 650
591 649
592 648
592 647
593 646
593 645
594 644
595 643
595 642
596 641
597 640
597 639
597 638
598 637
598 636
598 635
598 634
598 633
599 632
600 631
601 630
601 629
601 628
602 627
602 626
602 625
603 624
603 623
604 622
605 621
606 620
606 619
607 618
607 617
608 616
608 615
608 614
608 613
608 612
608 611
608 610
608 609
609 608
609 607
610 606
611 605
611 604
611 603
611 602
611 601
612 600
612 599
612 598
613 597
613 596
613 595
613 594
613 593
613 592
613 591
613 590
614 589
614 588
614 587
614 586
614 585
614 584
614 583
614 582
615 581
615 580
615 579
615 578
615 577
614 576
614 575
614 574
613 573
613 572
613 571
612 570
612 569
612 568
611 567
611 566
611 565
611 564
610 563
609 562
609 561
608 560
607 559
607 558
606 557
605 557
604 556
603 555
602 554
602 553
601 553
600 552
599 552
598 551
597 551
596 550
595 550
594 549
593 549
592 548
591 548
590 548
589 548
588 547
587 547
586 547
585 547
584 547
583 547
582 547
581 547
580 547
579 547
578 547
577 547
576 547
575 547
574 547
573 547
572 547
571 547
570 547
569 547
568 547
