506 1471
505 1472
504 1473
504 1474
505 1475
505 1476
505 1477
506 1478
506 1479
507 1480
508 1481
508 1482
509 1483
509 1484
510 1485
510 1486
511 1487
511 1488
511 1489
512 1490
512 1491
513 1492
514 1493
514 1494
514 1495
515 1496
516 1497
516 1498
517 1499
517 1500
518 1501
518 1502
519 1503
519 1504
519 1505
520 1506
520 1507
521 1508
521 1509
522 1510
522 1511
522 1512
523 1513
523 1514
523 1515
524 1516
525 1517
525 1518
526 1519
526 1520
527 1521
527 1522
527 1523
527 1524
528 1525
529 1526
529 1527
530 1528
530 1529
530 1530
531 1531
531 1532
531 1533
532 1534
532 1535
533 1536
533 1537
534 1538
534 1539
535 1540
536 1541
536 1542
536 1543
537 1544
537 1545
538 1546
539 1547
539 1548
540 1549
540 1550
541 1551
542 1552
543 1553
544 1553
545 1554
546 1554
547 1554
548 1554
549 1554
550 1554
551 1554
552 1554
553 1554
554 1554
555 1554
556 1554
557 1554
558 1554
559 1554
560 1555
561 1555
562 1555
563 1555
564 1555
565 1555
566 1555
567 1555
568 1555
569 1556
570 1556
571 1556
572 1557
573 1557
574 1557
575 1558
576 1558
577 1558
578 1558
579 1558
580 1558
581 1558
582 1558
583 1558
584 1558
585 1559
586 1559
587 1559
588 1559
589 1559
590 1559
591 1559
592 1559
593 1559
594 1559
595 1558
596 1558
597 1558
598 1558
599 1558
600 1558
601 1558
602 1558
603 1558
604 1558
605 1558
606 1558
607 1559
608 1560
609 1560
610 1561
611 1562
612 1562
613 1563
614 1563
615 1563
616 1564
617 1564
618 1563
619 1563
620 1563
621 1563
622 1563
623 1563
624 1563
625 1563
626 1563
627 1564
628 1564
629 1564
630 1565
631 1565
632 1565
633 1565
634 1565
635 1565
636 1565
637 1565
638 1565
639 1565
640 1565
641 1565
642 1566
643 1566
644 1566
645 1566
646 1566
647 1566
648 1566
649 1566
650 1566
651 1567
652 1567
653 1567
654 1567
655 1567
656 1566
657 1565
658 1564
659 1563
660 1563
661 1563
662 1563
663 1562
664 1561
664 1560
665 1559
666 1558
666 1557
667 1556
668 1555
669 1555
670 1554
671 1553
672 1553
672 1552
673 1551
674 1550
674 1549
675 1548
676 1547
677 1546
678 1545
679 1544
680 1543
681 1542
681 1541
682 1540
683 1539
684 1538
685 1537
685 1536
686 1535
686 1534
687 1533
687 1532
687 1531
688 1530
688 1529
688 1528
688 1527
688 1526
689 1525
689 1524
689 1523
689 1522
689 1521
689 1520
689 1519
689 1518
689 1517
689 1516
688 1515
688 1514
687 1513
686 1513
685 1512
684 1511
683 1510
682 1509
681 1508
680 1507
679 1506
678 1505
677 1504
677 1503
676 1502
675 1501
674 1500
673 1499
672 1498
671 1497
670 1496
669 1495
668 1494
667 1493
666 1493
665 1492
664 1491
663 1491
662 1490
661 1490
660 1489
659 1489
658 1489
657 1489
656 1488
655 1487
654 1486
653 1485
652 1485
651 1485
650 1485
649 1484
648 1484
647 1483
646 1483
645 1483
644 1483
643 1483
642 1483
641 1483
640 1483
639 1483
638 1483
637 1482
636 1482
635 1481
634 1481
633 1481
632 1481
631 1481
630 1481
629 1481
628 1481
627 1481
626 1481
625 1481
624 1481
623 1480
622 1481
621 1481
620 1481
619 1482
618 1482
617 1482
616 1482
615 1482
614 1482
613 1482
612 1482
611 1482
610 1482
609 1482
608 1482
607 1482
606 1482
605 1482
604 1482
603 1482
602 1482
601 1482
600 1482
599 1482
598 1482
597 1482
596 1482
595 1482
594 1482
593 1482
592 1482
591 1482
590 1482
589 1482
588 1482
587 1482
586 1482
585 1482
584 1482
583 1482
582 1482
581 1482
580 1482
579 1482
578 1482
577 1482
576 1482
575 1482
574 1482
573 1482
572 1482
571 1482
570 1482
569 1482
568 1482
567 1482
566 1482
565 1482
564 1482
563 1482
562 1482
561 1482
560 1482
559 1482
558 1481
557 1481
556 1481
555 1481
554 1481
553 1481
552 1481
551 1481
550 1481
549 1480
548 1480
547 1480
546 1479
545 1479
544 1479
543 1479
542 1479
541 1479
540 1479
539 1479
538 1479
537 1479
536 1478
535 1478
534 1478
533 1478
532 1478
531 1478
530 1478
529 1477
528 1477
527 1477
526 1477
525 1477
524 1477
523 1477
522 1476
521 1476
520 1475
519 1475
518 1474
517 1474
516 1473
515 1473
514 1472
513 1472
512 1471
511 1471
510 1471
509 1471
508 1471
507 1471
506 1471
