1535 961
1534 962
1533 962
1532 962
1531 962
1530 963
1529 963
1528 964
1527 964
1526 964
1525 964
1524 965
1523 966
1522 966
1521 966
1520 967
1519 967
1518 967
1517 967
1516 967
1515 967
1514 966
1513 966
1512 966
1511 966
1510 965
1509 965
1508 965
1507 965
1506 965
1505 965
1504 964
1503 964
1502 964
1501 964
1500 963
1499 963
1498 963
1497 963
1496 963
1495 963
1494 963
1493 963
1492 963
1491 963
1490 963
1489 963
1488 963
1487 963
1486 963
1485 963
1484 963
1483 963
1482 963
1481 963
1480 963
1479 963
1478 963
1477 963
1476 964
1475 964
1474 964
1473 964
1472 965
1471 965
1470 965
1469 965
1468 965
1467 965
1466 965
1465 965
1464 966
1463 966
1462 966
1461 966
1460 967
1459 967
1458 967
1457 967
1456 968
1455 968
1454 968
1453 968
1452 969
1451 969
1450 969
1449 969
1448 969
1447 969
1446 969
1445 969
1444 969
1443 969
1442 969
1441 969
1440 970
1439 970
1438 970
1437 970
1436 971
1435 971
1434 971
1433 971
1432 971
1431 971
1430 971
1429 971
1428 971
1427 971
1426 971
1425 971
1424 971
1423 971
1422 971
1421 971
1420 971
1419 971
1418 971
1417 971
1416 971
1415 971
1414 971
1413 971
1412 971
1411 971
1410 971
1409 971
1408 971
1407 971
1406 971
1405 971
1404 971
1403 971
1402 971
1401 971
1400 970
1399 970
1398 969
1397 969
1396 968
1395 968
1394 967
1393 967
1392 967
1391 967
1390 967
1389 967
1388 967
1387 967
1386 967
1385 967
1384 967
1383 967
1382 967
1381 967
1380 967
1379 967
1378 967
1377 967
1376 967
1375 967
1374 967
1373 967
1372 967
1371 967
1370 967
1369 967
1368 967
1367 967
1366 968
1365 968
1364 968
1363 968
1362 969
1361 969
1360 969
1359 969
1358 969
1357 969
1356 969
1355 969
1354 969
1353 969
1352 969
1351 969
1350 969
1349 969
1348 969
1347 969
1346 969
1345 969
1344 969
1343 969
1342 969
1341 969
1340 969
1339 969
1338 970
1337 970
1336 970
1335 970
1334 971
1333 971
1332 971
1331 971
1330 971
1329 971
1328 971
1327 971
1326 971
1325 971
1324 971
1323 971
1322 971
1321 971
1320 970
1319 970
1318 969
1317 969
1316 968
1315 968
1314 967
1313 967
1312 967
1311 967
1310 967
1309 967
1308 968
1307 968
1306 968
1305 968
1304 969
1303 969
1302 969
1301 969
1300 969
1299 969
1298 969
1297 969
1296 969
1295 969
1294 969
1293 969
1292 969
1291 969
1290 969
1289 969
1288 970
1287 970
1286 970
1285 970
1284 971
1283 971
1282 972
1281 972
1280 972
1279 972
1278 973
1277 973
1276 973
1275 973
1274 974
1273 974
1272 974
1271 974
1270 975
1269 976
1268 976
1267 976
1266 977
1265 978
1264 979
1263 980
1262 980
1262 981
1261 982
1260 982
1260 983
1259 984
1258 984
1258 985
1257 986
1256 986
1255 987
1254 988
1253 988
1252 989
1251 989
1250 989
1249 989
1248 989
1247 989
1246 988
1245 988
1244 987
1243 986
1242 985
1241 984
1240 983
1239 983
1238 983
1237 983
1236 984
1235 984
1234 985
1233 986
1232 986
1232 987
1231 988
1230 989
1230 990
1229 991
1229 992
1228 993
1228 994
1228 995
1227 996
1226 997
1226 998
1225 999
1224 1000
1224 1001
1223 1002
1222 1003
1221 1004
1220 1005
1219 1006
1219 1007
1218 1008
1217 1009
1216 1010
1215 1011
1214 1012
1214 1013
1213 1014
1212 1015
1212 1016
1211 1017
1211 1018
1211 1019
1211 1020
1210 1021
1210 1022
1210 1023
1210 1024
1209 1025
1209 1026
1208 1027
1208 1028
1207 1029
1207 1030
1206 1031
1206 1032
1205 1033
1205 1034
1206 1035
1206 1036
1205 1037
1205 1038
1206 1039
1206 1040
1206 1041
1206 1042
1206 1043
1206 1044
1207 1045
1207 1046
1207 1047
1207 1048
1207 1049
1207 1050
1208 1051
1208 1052
1209 1053
1209 1054
1209 1055
1209 1056
1210 1057
1210 1058
1209 1059
1209 1060
1209 1061
1209 1062
1209 1063
1209 1064
1209 1065
1209 1066
1210 1067
1210 1068
1211 1069
1212 1069
1213 1070
1214 1070
1215 1070
1216 1070
1217 1070
1218 1070
1219 1071
1220 1071
1221 1072
1222 1072
1223 1073
1224 1073
1225 1074
1226 1074
1227 1074
1228 1074
1229 1074
1230 1074
1231 1074
1232 1074
1233 1075
1234 1075
1235 1075
1236 1075
1237 1076
1238 1076
1239 1076
1240 1076
1241 1077
1242 1077
1243 1077
1244 1077
1245 1078
1246 1078
1247 1078
1248 1078
1249 1079
1250 1079
1251 1079
1252 1079
1253 1080
1254 1080
1255 1081
1256 1081
1257 1081
1258 1081
1259 1082
1260 1082
1261 1083
1262 1083
1263 1083
1264 1083
1265 1084
1266 1084
1267 1085
1268 1085
1269 1085
1270 1085
1271 1086
1272 1086
1273 1087
1274 1087
1275 1087
1276 1088
1277 1089
1278 1089
1279 1089
1280 1089
1281 1090
1282 1090
1283 1091
1284 1091
1285 1092
1286 1092
1287 1093
1288 1094
1289 1095
1290 1095
1291 1095
1292 1096
1293 1097
1294 1097
1295 1098
1296 1098
1297 1099
1298 1100
1299 1101
1300 1101
1301 1102
1302 1103
1303 1103
1304 1104
1305 1105
1306 1106
1307 1107
1308 1107
1309 1108
1310 1108
1311 1109
1312 1110
1313 1111
1314 1111
1315 1112
1316 1112
1317 1113
1318 1114
1319 1115
1320 1115
1321 1116
1322 1116
1323 1117
1324 1118
1325 1119
1326 1119
1327 1119
1328 1120
1329 1121
1330 1121
1331 1122
1332 1123
1333 1123
1334 1124
1335 1125
1336 1126
1337 1127
1338 1127
1339 1127
1340 1127
1341 1128
1342 1128
1343 1129
1344 1129
1345 1130
1346 1131
1347 1131
1348 1132
1349 1133
1350 1134
1351 1135
1352 1135
1353 1135
1354 1136
1355 1137
1356 1137
1357 1137
1358 1138
1359 1139
1360 1139
1361 1139
1362 1139
1363 1140
1364 1140
1365 1141
1366 1141
1367 1141
1368 1141
1369 1142
1370 1142
1371 1142
1372 1142
1373 1143
1374 1143
1375 1143
1376 1143
1377 1144
1378 1144
1379 1144
1380 1144
1381 1145
1382 1145
1383 1145
1384 1145
1385 1146
1386 1146
1387 1146
1388 1146
1389 1146
1390 1146
1391 1146
1392 1146
1393 1146
1394 1146
1395 1146
1396 1146
1397 1146
1398 1146
1399 1146
1400 1146
1401 1146
1402 1146
1403 1147
1404 1147
1405 1147
1406 1147
1407 1148
1408 1148
1409 1149
1410 1149
1411 1150
1412 1151
1413 1151
1414 1152
1414 1153
1415 1153
1416 1154
1416 1155
1417 1155
1418 1156
1418 1157
1419 1157
1420 1158
1421 1159
1422 1160
1423 1161
1424 1161
1425 1161
1426 1161
1427 1162
1428 1162
1429 1162
1430 1162
1431 1162
1432 1162
1433 1162
1434 1162
1435 1162
1436 1162
1437 1162
1438 1162
1439 1162
1440 1162
1441 1162
1442 1162
1443 1163
1444 1163
1445 1163
1446 1163
1447 1164
1448 1164
1449 1164
1450 1164
1451 1164
1452 1164
1453 1164
1454 1164
1455 1164
1456 1164
1457 1164
1458 1164
1459 1165
1460 1165
1461 1165
1462 1165
1463 1166
1464 1166
1465 1166
1466 1166
1467 1166
1468 1166
1469 1166
1470 1166
1471 1166
1472 1166
1473 1166
1474 1166
1475 1166
1476 1166
1477 1166
1478 1166
1479 1166
1480 1166
1481 1166
1482 1166
1483 1165
1484 1165
1485 1165
1486 1165
1487 1164
1488 1164
1489 1164
1490 1164
1491 1164
1492 1164
1493 1164
1494 1164
1495 1164
1496 1164
1497 1164
1498 1164
1499 1164
1500 1164
1501 1164
1502 1164
1503 1164
1504 1164
1505 1164
1506 1164
1507 1163
1508 1163
1509 1163
1510 1163
1511 1162
1512 1162
1513 1161
1514 1161
1515 1161
1516 1161
1517 1160
1518 1159
1519 1159
1520 1159
1521 1158
1522 1158
1523 1158
1524 1158
1525 1158
1526 1158
1527 1158
1528 1158
1529 1158
1530 1158
1531 1158
1532 1158
1533 1157
1534 1157
1535 1157
1536 1157
1537 1156
1538 1156
1539 1156
1540 1156
1541 1156
1542 1156
1543 1156
1544 1156
1545 1155
1546 1155
1547 1155
1548 1155
1549 1154
1550 1154
1551 1154
1552 1154
1553 1154
1554 1154
1555 1154
1556 1154
1557 1153
1558 1153
1559 1153
1560 1153
1561 1152
1562 1151
1563 1151
1564 1151
1565 1150
1566 1150
1567 1150
1568 1150
1569 1149
1570 1149
1571 1149
1572 1149
1573 1148
1574 1148
1575 1148
1576 1148
1577 1148
1578 1148
1579 1148
1580 1148
1581 1148
1582 1148
1583 1148
1584 1148
1585 1147
1586 1147
1587 1147
1588 1147
1589 1146
1590 1146
1591 1145
1592 1145
1593 1145
1594 1145
1595 1144
1596 1144
1597 1144
1598 1144
1599 1144
1600 1144
1601 1144
1602 1144
1603 1144
1604 1144
1605 1144
1606 1144
1607 1144
1608 1144
1609 1143
1610 1143
1611 1143
1612 1143
1613 1142
1614 1142
1615 1141
1616 1141
1617 1141
1618 1141
1619 1140
1620 1139
1621 1139
1622 1139
1623 1138
1624 1137
1625 1137
1626 1137
1627 1136
1628 1135
1629 1135
1630 1135
1631 1134
1632 1133
1633 1133
1634 1133
1635 1132
1636 1131
1637 1131
1638 1131
1639 1130
1640 1129
1641 1129
1642 1129
1643 1128
1644 1127
1645 1127
1646 1127
1647 1126
1648 1125
1649 1125
1650 1125
1651 1124
1652 1123
1653 1123
1654 1123
1655 1122
1656 1121
1657 1121
1658 1121
1659 1120
1660 1119
1661 1119
1662 1119
1663 1118
1664 1117
1665 1116
1666 1116
1667 1115
1668 1115
1669 1114
1670 1114
1671 1113
1672 1113
1673 1113
1674 1113
1675 1112
1676 1111
1677 1111
1678 1111
1679 1110
1680 1110
1681 1109
1682 1109
1683 1109
1684 1109
1685 1108
1686 1108
1687 1107
1688 1107
1689 1107
1690 1107
1691 1106
1692 1106
1693 1106
1694 1106
1695 1105
1696 1105
1697 1105
1698 1105
1699 1104
1700 1104
1701 1103
1702 1103
1703 1103
1704 1103
1705 1102
1706 1102
1707 1102
1708 1102
1709 1102
1710 1102
1711 1101
1712 1101
1713 1101
1714 1101
1715 1100
1716 1100
1717 1100
1718 1100
1719 1099
1720 1099
1721 1099
1722 1099
1723 1098
1724 1098
1725 1098
1726 1098
1727 1098
1728 1098
1729 1098
1730 1098
1731 1097
1732 1097
1733 1097
1734 1097
1735 1096
1736 1096
1737 1096
1738 1096
1739 1096
1740 1096
1741 1096
1742 1096
1743 1096
1744 1096
1745 1095
1746 1095
1747 1095
1748 1095
1749 1094
1750 1094
1751 1094
1752 1094
1753 1094
1754 1094
1755 1094
1756 1094
1757 1093
1758 1093
1759 1093
1760 1093
1761 1092
1762 1092
1763 1092
1764 1092
1765 1091
1766 1091
1767 1091
1768 1091
1769 1090
1770 1090
1771 1090
1772 1090
1773 1090
1774 1090
1775 1089
1776 1089
1777 1089
1778 1089
1779 1088
1780 1088
1781 1088
1782 1088
1783 1087
1784 1087
1785 1087
1786 1087
1787 1086
1788 1086
1789 1086
1790 1086
1791 1086
1792 1086
1793 1085
1794 1085
1795 1085
1796 1085
1797 1084
1798 1083
1799 1082
1800 1081
1801 1081
1801 1080
1802 1079
1803 1079
1803 1078
1804 1077
1805 1077
1805 1076
1806 1075
1807 1075
1807 1074
1808 1073
1809 1073
1810 1072
1811 1071
1812 1071
1813 1070
1814 1069
1815 1069
1816 1069
1817 1068
1818 1068
1819 1068
1820 1068
1821 1068
1822 1068
1823 1067
1824 1067
1825 1066
1826 1065
1827 1065
1827 1064
1828 1063
1829 1062
1830 1061
1831 1060
1831 1059
1832 1058
1833 1057
1834 1057
1835 1056
1836 1055
1837 1054
1838 1053
1839 1052
1839 1051
1839 1050
1839 1049
1840 1048
1840 1047
1840 1046
1840 1045
1840 1044
1840 1043
1840 1042
1840 1041
1839 1040
1839 1039
1839 1038
1839 1037
1838 1036
1838 1035
1838 1034
1838 1033
1838 1032
1838 1031
1838 1030
1838 1029
1838 1028
1838 1027
1839 1026
1839 1025
1839 1024
1839 1023
1840 1022
1840 1021
1840 1020
1840 1019
1840 1018
1840 1017
1839 1016
1839 1015
1839 1014
1839 1013
1838 1012
1838 1011
1838 1010
1838 1009
1838 1008
1838 1007
1838 1006
1838 1005
1837 1004
1837 1003
1837 1002
1837 1001
1836 1000
1835 999
1834 998
1833 997
1832 996
1831 996
1830 996
1829 996
1828 995
1827 995
1826 995
1825 995
1824 995
1823 995
1822 995
1821 995
1820 995
1819 995
1818 995
1817 995
1816 995
1815 995
1814 995
1813 995
1812 995
1811 995
1810 995
1809 995
1808 995
1807 995
1806 995
1805 995
1804 995
1803 995
1802 995
1801 995
1800 995
1799 995
1798 995
1797 995
1796 995
1795 995
1794 995
1793 995
1792 995
1791 995
1790 995
1789 995
1788 995
1787 995
1786 995
1785 995
1784 994
1783 994
1782 994
1781 994
1780 993
1779 993
1778 993
1777 993
1776 993
1775 993
1774 993
1773 993
1772 992
1771 992
1770 991
1769 990
1768 990
1767 989
1767 988
1766 988
1765 987
1764 986
1763 986
1762 985
1761 985
1760 985
1759 985
1758 985
1757 985
1756 985
1755 985
1754 985
1753 985
1752 985
1751 985
1750 985
1749 985
1748 985
1747 985
1746 985
1745 985
1744 985
1743 985
1742 985
1741 985
1740 985
1739 985
1738 985
1737 985
1736 985
1735 985
1734 985
1733 985
1732 985
1731 985
1730 985
1729 985
1728 985
1727 985
1726 984
1725 984
1724 984
1723 984
1722 983
1721 983
1720 983
1719 983
1718 983
1717 983
1716 983
1715 983
1714 983
1713 983
1712 983
1711 983
1710 982
1709 982
1708 981
1707 980
1706 980
1705 979
1705 978
1704 978
1703 977
1703 976
1702 976
1701 975
1700 974
1699 973
1698 972
1697 972
1696 972
1695 971
1694 970
1693 970
1692 970
1691 970
1690 969
1689 969
1688 968
1687 968
1686 968
1685 968
1684 967
1683 967
1682 967
1681 967
1680 967
1679 967
1678 967
1677 967
1676 967
1675 967
1674 966
1673 966
1672 966
1671 966
1670 965
1669 965
1668 965
1667 965
1666 965
1665 965
1664 966
1663 966
1662 967
1661 968
1660 968
1659 969
1658 970
1657 970
1656 971
1655 972
1654 973
1653 974
1652 974
1652 975
1651 976
1650 976
1649 977
1648 978
1647 978
1646 979
1645 980
1644 980
1643 980
1642 981
1641 981
1640 982
1639 982
1638 982
1637 982
1636 983
1635 983
1634 984
1633 984
1632 985
1631 985
1630 986
1629 986
1628 987
1627 987
1626 988
1625 988
1624 988
1623 988
1622 989
1621 989
1620 989
1619 989
1618 989
1617 989
1616 988
1615 988
1614 988
1613 987
1612 986
1611 986
1610 986
1609 985
1608 984
1607 984
1606 984
1605 984
1604 983
1603 983
1602 983
1601 983
1600 983
1599 983
1598 983
1597 983
1596 983
1595 983
1594 983
1593 983
1592 983
1591 983
1590 982
1589 982
1588 982
1587 982
1586 981
1585 981
1584 981
1583 981
1582 981
1581 981
1580 981
1579 981
1578 981
1577 981
1576 981
1575 981
1574 980
1573 980
1572 979
1571 979
1570 978
1569 978
1568 977
1567 977
1566 976
1565 976
1564 975
1563 975
1562 974
1561 973
1560 972
1559 972
1558 971
1557 970
1556 970
1555 969
1555 968
1554 968
1553 967
1553 966
1552 966
1551 965
1551 964
1550 964
1549 963
1548 962
1547 962
1546 961
1545 961
1544 961
1543 961
1542 961
1541 961
1540 961
1539 961
1538 961
1537 961
1536 961
1535 961
