408 2259
407 2260
406 2260
405 2261
404 2262
403 2263
402 2264
402 2265
401 2266
400 2267
399 2268
398 2269
397 2270
396 2270
395 2270
394 2270
393 2270
392 2270
391 2270
390 2270
389 2270
388 2270
387 2270
386 2270
385 2270
384 2270
383 2270
382 2270
381 2270
380 2271
379 2272
379 2273
379 2274
379 2275
379 2276
379 2277
379 2278
379 2279
379 2280
379 2281
379 2282
380 2283
381 2284
381 2285
382 2286
382 2287
383 2288
383 2289
384 2290
385 2291
385 2292
385 2293
385 2294
385 2295
385 2296
385 2297
385 2298
385 2299
385 2300
385 2301
385 2302
385 2303
384 2304
384 2305
385 2306
385 2307
385 2308
386 2309
386 2310
386 2311
387 2312
387 2313
387 2314
388 2315
388 2316
389 2317
389 2318
390 2319
390 2320
391 2321
391 2322
392 2323
392 2324
392 2325
393 2326
393 2327
394 2328
394 2329
395 2330
395 2331
395 2332
396 2333
396 2334
397 2335
397 2336
397 2337
398 2338
398 2339
398 2340
399 2341
400 2342
400 2343
401 2343
402 2344
403 2345
404 2346
405 2346
406 2346
407 2346
408 2347
409 2347
410 2348
411 2348
412 2349
413 2350
414 2351
415 2352
416 2352
417 2352
418 2353
419 2354
420 2354
421 2355
422 2355
423 2355
424 2355
425 2356
426 2356
427 2356
428 2356
429 2357
430 2357
431 2357
432 2357
433 2357
434 2357
435 2357
436 2358
437 2358
438 2358
439 2358
440 2358
441 2358
442 2358
443 2358
444 2358
445 2358
446 2358
447 2358
448 2358
449 2357
450 2357
451 2357
452 2356
453 2356
454 2356
455 2355
456 2355
457 2354
458 2354
459 2354
460 2354
461 2354
462 2354
463 2354
464 2354
465 2354
466 2354
467 2354
468 2354
469 2354
470 2354
471 2354
472 2354
473 2354
474 2354
475 2354
476 2354
477 2354
478 2354
479 2354
480 2354
481 2354
482 2354
483 2354
484 2354
485 2354
486 2354
487 2354
488 2354
489 2354
490 2354
491 2354
492 2354
493 2354
494 2354
495 2354
496 2354
497 2354
498 2354
499 2354
500 2354
501 2354
502 2354
503 2354
504 2354
505 2354
506 2354
507 2354
508 2354
509 2354
510 2354
511 2354
512 2354
513 2354
514 2354
515 2354
516 2354
517 2354
518 2354
519 2354
520 2354
521 2354
522 2354
523 2354
524 2354
525 2353
526 2353
527 2352
528 2352
529 2352
530 2352
531 2352
532 2352
533 2352
534 2352
535 2352
536 2352
537 2351
538 2351
539 2351
540 2350
541 2349
542 2348
543 2347
544 2347
545 2346
546 2346
547 2346
548 2346
549 2346
550 2346
551 2346
552 2346
553 2345
554 2345
555 2345
556 2345
557 2345
558 2345
559 2345
560 2344
561 2344
562 2344
563 2343
564 2343
565 2342
566 2342
567 2342
568 2342
569 2342
570 2342
571 2342
572 2341
573 2340
574 2339
575 2338
576 2337
577 2336
578 2335
579 2334
580 2333
581 2332
582 2331
583 2331
583 2330
584 2329
584 2328
584 2327
584 2326
584 2325
584 2324
583 2323
583 2322
583 2321
582 2320
582 2319
582 2318
581 2317
581 2316
581 2315
581 2314
581 2313
581 2312
581 2311
580 2310
580 2309
580 2308
580 2307
580 2306
580 2305
580 2304
580 2303
580 2302
580 2301
580 2300
580 2299
580 2298
579 2297
579 2296
579 2295
579 2294
578 2293
578 2292
578 2291
578 2290
578 2289
578 2288
577 2287
576 2286
575 2285
574 2284
573 2283
572 2282
571 2281
570 2281
569 2280
568 2280
567 2280
566 2279
565 2279
564 2278
563 2278
562 2278
561 2278
560 2278
559 2278
558 2278
557 2278
556 2278
555 2278
554 2278
553 2278
552 2278
551 2278
550 2278
549 2278
548 2278
547 2278
546 2278
545 2278
544 2278
543 2278
542 2278
541 2277
540 2277
539 2277
538 2276
537 2276
536 2276
535 2275
534 2275
533 2275
532 2275
531 2275
530 2275
529 2274
528 2273
527 2273
526 2273
525 2273
524 2273
523 2273
522 2273
521 2273
520 2273
519 2273
518 2273
517 2272
516 2272
515 2272
514 2271
513 2271
512 2271
511 2271
510 2271
509 2271
508 2271
507 2271
506 2271
505 2271
504 2271
503 2271
502 2271
501 2271
500 2271
499 2271
498 2271
497 2271
496 2271
495 2271
494 2271
493 2271
492 2271
491 2271
490 2271
489 2271
488 2271
487 2272
486 2272
485 2272
484 2273
483 2273
482 2273
481 2273
480 2273
479 2273
478 2273
477 2273
476 2273
475 2272
474 2272
473 2272
472 2271
471 2271
470 2271
469 2271
468 2271
467 2270
466 2270
465 2270
464 2269
463 2269
462 2269
461 2269
460 2269
459 2268
458 2268
457 2268
456 2267
455 2267
454 2267
453 2266
452 2265
451 2265
450 2265
449 2265
448 2265
447 2264
446 2264
445 2263
444 2262
443 2262
442 2262
441 2262
440 2262
439 2262
438 2262
437 2262
436 2262
435 2262
434 2262
433 2262
432 2262
431 2262
430 2262
429 2262
428 2262
427 2262
426 2262
425 2261
424 2261
423 2261
422 2261
421 2260
420 2260
419 2260
418 2259
417 2259
416 2260
415 2260
414 2259
413 2259
412 2259
411 2259
410 2260
409 2259
408 2259
