458 86
457 87
456 87
455 87
454 87
453 87
452 88
451 88
450 88
449 88
448 88
447 88
446 88
445 88
444 88
443 88
442 88
441 88
440 89
439 89
438 89
437 90
436 91
435 91
434 91
433 92
432 92
431 93
430 93
429 94
428 94
427 95
426 96
425 96
424 97
423 97
422 98
421 99
421 100
420 101
420 102
420 103
419 104
420 104
421 104
422 104
423 105
424 105
425 105
426 106
427 106
428 106
429 106
430 106
431 106
432 107
433 107
434 107
435 108
435 109
436 109
437 109
438 108
439 108
440 108
441 108
442 108
443 107
444 107
445 107
446 107
447 106
448 106
449 106
450 106
451 106
452 106
453 106
454 106
455 106
456 106
457 106
458 106
459 106
460 106
461 106
462 106
463 106
464 106
465 106
466 106
467 106
468 106
469 107
470 107
471 107
472 107
473 107
474 107
475 107
476 107
477 107
478 107
479 107
480 107
481 106
482 106
483 105
484 104
485 103
485 102
486 101
487 100
487 99
487 98
487 97
487 96
487 95
486 94
485 94
484 93
483 93
482 92
481 92
480 91
479 91
478 91
477 90
476 89
475 89
474 89
473 89
472 89
471 88
470 88
469 88
468 88
467 88
466 88
465 88
464 87
463 87
462 86
461 86
460 86
459 86
458 86
