827 1649
826 1650
825 1651
824 1652
823 1653
822 1654
822 1655
822 1656
821 1657
821 1658
821 1659
821 1660
821 1661
821 1662
822 1663
823 1664
824 1665
825 1666
826 1667
827 1668
827 1669
828 1670
829 1671
829 1672
830 1673
830 1674
831 1675
832 1676
832 1677
833 1678
834 1679
835 1680
836 1681
837 1682
838 1683
839 1684
840 1685
841 1686
842 1687
843 1688
844 1689
845 1690
846 1691
847 1692
848 1693
849 1693
850 1694
851 1695
852 1695
853 1696
854 1697
855 1698
856 1699
857 1700
858 1701
859 1701
860 1702
861 1703
862 1704
863 1705
864 1706
865 1707
866 1708
867 1709
868 1710
869 1710
870 1711
871 1711
872 1711
873 1712
874 1712
875 1712
876 1712
877 1713
878 1713
879 1713
880 1714
881 1714
882 1714
883 1715
884 1715
885 1716
886 1717
887 1717
888 1718
889 1719
890 1719
891 1720
892 1721
893 1721
894 1721
895 1721
896 1721
897 1721
898 1721
899 1721
900 1720
901 1720
902 1720
903 1720
904 1720
905 1720
906 1720
907 1720
908 1720
909 1720
910 1720
911 1720
912 1720
913 1720
914 1720
915 1720
916 1719
917 1719
918 1719
919 1719
920 1719
921 1719
922 1719
923 1719
924 1719
925 1719
926 1719
927 1719
928 1719
929 1719
930 1719
931 1719
932 1719
933 1719
934 1719
935 1719
936 1719
937 1719
938 1719
939 1719
940 1719
941 1720
942 1720
943 1720
944 1720
945 1720
946 1720
947 1721
948 1722
949 1722
950 1722
951 1723
952 1723
953 1723
954 1723
955 1722
956 1722
957 1722
958 1722
959 1723
960 1723
961 1724
962 1724
963 1725
964 1725
965 1725
966 1725
967 1725
968 1725
969 1725
970 1726
971 1727
972 1727
973 1727
974 1727
975 1727
976 1727
977 1727
978 1727
979 1727
980 1727
981 1727
982 1728
983 1728
984 1728
985 1729
986 1729
987 1729
988 1728
989 1728
990 1727
991 1727
992 1726
993 1725
994 1724
995 1723
996 1722
997 1722
998 1721
999 1720
1000 1719
1001 1718
1002 1717
1003 1717
1004 1716
1005 1715
1006 1714
1007 1713
1008 1712
1009 1712
1009 1711
1010 1710
1011 1709
1012 1708
1013 1707
1014 1706
1015 1705
1015 1704
1016 1703
1016 1702
1017 1701
1017 1700
1018 1699
1018 1698
1018 1697
1018 1696
1018 1695
1018 1694
1018 1693
1018 1692
1018 1691
1018 1690
1018 1689
1018 1688
1018 1687
1018 1686
1017 1685
1017 1684
1016 1683
1015 1682
1014 1681
1014 1680
1013 1679
1012 1678
1012 1677
1011 1676
1010 1675
1010 1674
1009 1673
1008 1673
1007 1672
1006 1671
1005 1670
1004 1669
1003 1669
1002 1668
1001 1668
1000 1667
999 1667
998 1666
997 1665
996 1664
995 1663
994 1663
993 1663
992 1663
991 1663
990 1663
989 1663
988 1663
987 1663
986 1663
985 1663
984 1663
983 1663
982 1663
981 1663
980 1663
979 1663
978 1663
977 1663
976 1663
975 1663
974 1663
973 1663
972 1663
971 1663
970 1663
969 1663
968 1663
967 1663
966 1663
965 1663
964 1663
963 1663
962 1663
961 1663
960 1663
959 1663
958 1663
957 1664
956 1664
955 1664
954 1664
953 1664
952 1664
951 1664
950 1664
949 1664
948 1664
947 1664
946 1664
945 1664
944 1664
943 1664
942 1664
941 1664
940 1664
939 1664
938 1664
937 1664
936 1664
935 1664
934 1664
933 1664
932 1665
931 1665
930 1665
929 1665
928 1665
927 1665
926 1665
925 1665
924 1665
923 1664
922 1664
921 1664
920 1664
919 1664
918 1664
917 1664
916 1664
915 1664
914 1664
913 1664
912 1664
911 1664
910 1664
909 1664
908 1664
907 1664
906 1664
905 1664
904 1664
903 1664
902 1664
901 1664
900 1664
899 1664
898 1664
897 1664
896 1664
895 1663
894 1663
893 1663
892 1663
891 1663
890 1663
889 1663
888 1662
887 1662
886 1662
885 1661
884 1661
883 1661
882 1660
881 1660
880 1659
879 1658
878 1658
877 1658
876 1658
875 1658
874 1658
873 1658
872 1658
871 1658
870 1658
869 1658
868 1658
867 1658
866 1658
865 1658
864 1657
863 1657
862 1656
861 1656
860 1656
859 1656
858 1656
857 1655
856 1655
855 1655
854 1655
853 1654
852 1654
851 1654
850 1654
849 1654
848 1653
847 1653
846 1653
845 1652
844 1652
843 1652
842 1652
841 1651
840 1651
839 1651
838 1651
837 1650
836 1650
835 1650
834 1650
833 1650
832 1650
831 1649
830 1649
829 1649
828 1649
827 1649
