214 238
213 239
212 239
211 240
210 240
209 241
208 241
207 241
206 242
205 242
204 241
203 241
202 241
201 240
200 240
199 241
198 241
197 241
196 242
195 242
194 242
193 242
192 242
191 241
190 241
189 241
188 241
187 241
186 241
185 241
184 241
183 241
182 241
181 241
180 241
179 241
178 242
177 243
176 244
175 245
174 246
174 247
173 248
172 249
172 250
171 251
170 252
170 253
169 254
169 255
168 256
167 257
166 258
165 259
165 260
164 261
164 262
163 263
162 264
162 265
161 266
161 267
161 268
160 269
160 270
160 271
160 272
160 273
159 274
159 275
159 276
158 277
158 278
158 279
158 280
158 281
159 282
159 283
160 284
160 285
161 286
162 287
162 288
163 289
164 290
164 291
165 292
166 293
167 294
168 295
168 296
169 297
170 298
170 299
171 300
172 301
173 302
174 302
175 303
176 303
177 304
178 305
179 306
180 307
181 307
182 308
183 308
184 309
185 309
186 310
187 310
188 310
189 310
190 310
191 310
192 311
193 311
194 311
195 312
196 312
197 312
198 313
199 313
200 313
201 313
202 313
203 314
204 314
205 314
206 314
207 313
208 313
209 313
210 312
211 312
212 312
213 312
214 312
215 312
216 312
217 311
218 311
219 310
220 310
221 310
222 310
223 310
224 309
225 308
226 308
227 308
228 308
229 309
230 309
231 308
232 307
233 307
234 307
235 307
236 307
237 307
238 306
239 306
240 306
241 306
242 305
243 305
244 306
245 305
246 305
247 305
248 304
249 304
250 303
251 303
252 302
253 302
254 301
255 301
256 300
257 299
258 298
259 297
260 297
261 296
262 295
263 295
264 295
265 294
266 293
267 292
268 291
269 290
269 289
269 288
269 287
269 286
268 285
267 284
267 283
267 282
267 281
267 280
268 279
268 278
268 277
269 276
270 275
270 274
270 273
270 272
270 271
270 270
270 269
270 268
271 267
271 266
271 265
271 264
271 263
271 262
270 261
270 260
270 259
270 258
270 257
270 256
270 255
270 254
269 253
269 252
268 251
267 250
266 250
265 250
264 249
263 249
262 249
261 248
260 247
259 247
258 246
257 245
256 244
255 243
254 242
253 241
252 241
251 241
250 241
249 241
248 241
247 241
246 241
245 241
244 241
243 241
242 241
241 241
240 240
239 240
238 240
237 239
236 239
235 239
234 238
233 238
232 238
231 238
230 238
229 238
228 238
227 238
226 238
225 238
224 238
223 238
222 238
221 238
220 238
219 238
218 238
217 238
216 238
215 238
214 238
