991 1295
990 1296
989 1296
988 1296
987 1297
986 1297
985 1297
984 1297
983 1297
982 1297
981 1297
980 1297
979 1297
978 1297
977 1298
976 1298
975 1298
974 1298
973 1299
972 1299
971 1299
970 1299
969 1299
968 1299
967 1300
966 1300
965 1300
964 1300
963 1300
962 1300
961 1301
960 1301
959 1301
958 1302
957 1302
956 1302
955 1302
954 1302
953 1302
952 1303
951 1303
950 1304
950 1305
950 1306
949 1307
949 1308
949 1309
950 1310
950 1311
951 1312
952 1312
953 1313
954 1314
955 1314
956 1314
957 1315
958 1315
959 1316
960 1316
961 1316
962 1317
963 1317
964 1317
965 1317
966 1317
967 1317
968 1318
969 1318
970 1319
971 1319
972 1319
973 1319
974 1319
975 1319
976 1319
977 1319
978 1320
979 1320
980 1320
981 1320
982 1320
983 1320
984 1320
985 1320
986 1320
987 1320
988 1319
989 1319
990 1319
991 1319
992 1319
993 1318
994 1318
995 1318
996 1318
997 1318
998 1318
999 1318
1000 1318
1001 1317
1002 1317
1003 1317
1004 1317
1005 1317
1006 1317
1007 1317
1008 1317
1009 1317
1010 1317
1011 1317
1012 1317
1013 1317
1014 1317
1015 1317
1016 1317
1017 1317
1018 1316
1019 1316
1020 1316
1021 1315
1022 1315
1023 1315
1024 1315
1025 1315
1026 1315
1027 1315
1028 1315
1029 1314
1030 1314
1031 1314
1032 1314
1033 1313
1034 1312
1035 1311
1035 1310
1035 1309
1035 1308
1035 1307
1035 1306
1034 1305
1034 1304
1033 1304
1032 1303
1031 1302
1030 1302
1029 1302
1028 1302
1027 1302
1026 1301
1025 1301
1024 1301
1023 1300
1022 1300
1021 1300
1020 1300
1019 1299
1018 1299
1017 1299
1016 1299
1015 1299
1014 1299
1013 1298
1012 1298
1011 1298
1010 1298
1009 1297
1008 1297
1007 1297
1006 1297
1005 1297
1004 1297
1003 1297
1002 1296
1001 1296
1000 1296
999 1295
998 1295
997 1295
996 1295
995 1295
994 1295
993 1295
992 1295
991 1295
