1358 1883
1357 1884
1356 1884
1355 1885
1354 1886
1354 1887
1354 1888
1354 1889
1354 1890
1354 1891
1354 1892
1354 1893
1354 1894
1353 1895
1353 1896
1353 1897
1353 1898
1353 1899
1353 1900
1353 1901
1353 1902
1353 1903
1353 1904
1353 1905
1353 1906
1353 1907
1353 1908
1353 1909
1353 1910
1353 1911
1353 1912
1353 1913
1353 1914
1353 1915
1353 1916
1353 1917
1353 1918
1352 1919
1352 1920
1352 1921
1351 1922
1351 1923
1351 1924
1351 1925
1351 1926
1351 1927
1351 1928
1351 1929
1351 1930
1351 1931
1351 1932
1351 1933
1351 1934
1351 1935
1351 1936
1351 1937
1352 1938
1353 1939
1354 1939
1355 1940
1355 1941
1356 1942
1357 1943
1358 1944
1359 1944
1360 1944
1361 1945
1362 1945
1363 1945
1364 1946
1365 1946
1366 1946
1367 1946
1368 1946
1369 1946
1370 1947
1371 1947
1372 1947
1373 1947
1374 1947
1375 1947
1376 1947
1377 1948
1378 1949
1379 1949
1380 1950
1381 1950
1382 1951
1383 1951
1384 1951
1385 1951
1386 1951
1387 1951
1388 1951
1389 1951
1390 1951
1391 1951
1392 1951
1393 1951
1394 1951
1395 1951
1396 1951
1397 1951
1398 1951
1399 1951
1400 1951
1401 1951
1402 1951
1403 1951
1404 1951
1405 1951
1406 1951
1407 1951
1408 1952
1409 1952
1410 1952
1411 1951
1412 1951
1413 1951
1414 1951
1415 1951
1416 1950
1417 1950
1418 1950
1419 1950
1420 1949
1421 1949
1422 1949
1423 1949
1424 1949
1425 1949
1426 1949
1427 1949
1428 1949
1429 1948
1430 1948
1431 1948
1432 1948
1433 1948
1434 1948
1435 1948
1436 1948
1437 1948
1438 1948
1439 1948
1440 1948
1441 1948
1442 1948
1443 1948
1444 1948
1445 1948
1446 1948
1447 1948
1448 1948
1449 1948
1450 1948
1451 1948
1452 1948
1453 1948
1454 1948
1455 1948
1456 1948
1457 1948
1458 1948
1459 1948
1460 1948
1461 1948
1462 1948
1463 1949
1464 1949
1465 1949
1466 1950
1467 1950
1468 1950
1469 1950
1470 1950
1471 1949
1472 1948
1473 1947
1474 1946
1475 1945
1476 1944
1477 1944
1478 1944
1479 1943
1480 1942
1481 1941
1482 1940
1483 1939
1483 1938
1483 1937
1483 1936
1483 1935
1483 1934
1483 1933
1483 1932
1483 1931
1483 1930
1483 1929
1484 1928
1484 1927
1484 1926
1484 1925
1484 1924
1485 1923
1485 1922
1485 1921
1486 1920
1486 1919
1486 1918
1487 1917
1487 1916
1488 1915
1488 1914
1489 1913
1489 1912
1490 1911
1490 1910
1491 1909
1491 1908
1492 1907
1492 1906
1493 1905
1493 1904
1493 1903
1493 1902
1493 1901
1493 1900
1493 1899
1493 1898
1492 1897
1492 1896
1492 1895
1491 1894
1490 1893
1489 1892
1488 1892
1487 1891
1486 1891
1485 1890
1484 1889
1483 1889
1482 1888
1481 1888
1480 1888
1479 1888
1478 1888
1477 1888
1476 1888
1475 1887
1474 1887
1473 1887
1472 1887
1471 1887
1470 1887
1469 1887
1468 1886
1467 1886
1466 1886
1465 1886
1464 1886
1463 1886
1462 1886
1461 1886
1460 1886
1459 1886
1458 1886
1457 1886
1456 1886
1455 1886
1454 1886
1453 1886
1452 1886
1451 1886
1450 1886
1449 1886
1448 1886
1447 1886
1446 1886
1445 1886
1444 1886
1443 1886
1442 1886
1441 1885
1440 1885
1439 1885
1438 1885
1437 1885
1436 1885
1435 1885
1434 1885
1433 1884
1432 1884
1431 1884
1430 1883
1429 1883
1428 1883
1427 1883
1426 1884
1425 1884
1424 1884
1423 1885
1422 1885
1421 1885
1420 1885
1419 1884
1418 1884
1417 1884
1416 1884
1415 1884
1414 1884
1413 1885
1412 1885
1411 1885
1410 1885
1409 1885
1408 1885
1407 1885
1406 1885
1405 1885
1404 1885
1403 1884
1402 1884
1401 1884
1400 1883
1399 1883
1398 1883
1397 1883
1396 1883
1395 1883
1394 1883
1393 1883
1392 1883
1391 1883
1390 1883
1389 1884
1388 1884
1387 1884
1386 1885
1385 1885
1384 1885
1383 1885
1382 1885
1381 1885
1380 1885
1379 1885
1378 1885
1377 1885
1376 1884
1375 1884
1374 1884
1373 1883
1372 1883
1371 1883
1370 1883
1369 1883
1368 1883
1367 1883
1366 1883
1365 1883
1364 1883
1363 1883
1362 1883
1361 1883
1360 1883
1359 1883
1358 1883
