272 933
271 934
270 934
269 934
268 935
267 935
266 935
265 935
264 935
263 935
262 935
261 935
260 935
259 935
258 935
257 936
256 936
255 936
254 936
253 936
252 937
251 937
250 937
249 937
248 938
247 938
246 938
245 939
244 939
243 939
242 940
241 940
240 940
239 940
238 940
237 941
236 941
235 942
234 943
233 943
232 944
231 945
230 945
229 946
228 946
227 947
226 948
225 948
224 949
223 950
222 951
221 952
221 953
220 954
219 955
219 956
218 957
218 958
218 959
217 960
217 961
217 962
218 963
219 964
220 965
221 965
222 965
223 965
224 965
225 965
226 965
227 965
228 965
229 966
230 966
231 966
232 966
233 966
234 966
235 966
236 966
237 966
238 966
239 966
240 967
241 967
242 967
243 967
244 967
245 968
246 968
247 968
248 969
249 969
250 970
251 970
252 970
253 971
254 971
255 972
256 973
257 973
258 973
259 974
260 974
261 974
262 975
263 975
264 975
265 975
266 976
267 976
268 976
269 976
270 976
271 976
272 976
273 975
274 975
275 974
276 974
277 973
278 973
279 973
280 973
281 973
282 973
283 973
284 973
285 972
286 971
287 970
288 969
289 968
289 967
289 966
289 965
290 964
291 963
292 962
292 961
293 960
293 959
293 958
293 957
294 956
294 955
294 954
294 953
294 952
294 951
294 950
294 949
294 948
294 947
294 946
294 945
294 944
293 943
293 942
293 941
292 940
292 939
291 938
290 937
289 937
288 936
287 935
286 935
285 935
284 935
283 935
282 935
281 935
280 934
279 934
278 934
277 933
276 933
275 933
274 933
273 933
272 933
