1030 902
1029 903
1028 903
1027 903
1026 904
1025 904
1024 904
1023 904
1022 904
1021 904
1020 904
1019 904
1018 905
1017 905
1016 905
1015 905
1014 905
1013 905
1012 906
1011 906
1010 906
1009 906
1008 906
1007 906
1006 907
1005 907
1004 907
1003 907
1002 907
1001 907
1000 907
999 907
998 907
997 907
996 907
995 907
994 907
993 907
992 907
991 908
990 908
989 908
988 908
987 909
986 909
985 909
984 909
983 909
982 909
981 908
980 909
979 909
978 909
977 910
976 910
975 910
974 910
973 910
972 911
971 911
970 911
969 912
968 912
967 913
966 914
965 915
965 916
964 917
964 918
964 919
964 920
964 921
963 922
963 923
962 924
962 925
962 926
962 927
963 928
964 929
965 929
966 930
967 931
968 931
969 931
970 931
971 932
972 932
973 933
974 933
975 933
976 934
977 934
978 934
979 935
980 935
981 936
982 936
983 936
984 936
985 936
986 936
987 937
988 937
989 938
990 938
991 939
992 939
993 939
994 940
995 940
996 940
997 940
998 940
999 940
1000 941
1001 942
1002 942
1003 943
1004 943
1005 943
1006 944
1007 944
1008 944
1009 945
1010 945
1011 945
1012 945
1013 945
1014 945
1015 944
1016 944
1017 944
1018 943
1019 943
1020 943
1021 943
1022 943
1023 943
1024 943
1025 943
1026 943
1027 943
1028 944
1029 943
1030 943
1031 943
1032 942
1033 942
1034 942
1035 942
1036 942
1037 942
1038 942
1039 942
1040 942
1041 942
1042 941
1043 941
1044 941
1045 940
1046 940
1047 939
1047 938
1048 937
1048 936
1048 935
1048 934
1048 933
1048 932
1048 931
1048 930
1048 929
1048 928
1048 927
1048 926
1048 925
1048 924
1048 923
1048 922
1048 921
1048 920
1048 919
1047 918
1047 917
1047 916
1046 915
1046 914
1046 913
1046 912
1046 911
1046 910
1045 909
1044 908
1043 907
1042 906
1041 905
1040 904
1039 903
1038 903
1037 903
1036 902
1035 902
1034 902
1033 902
1032 902
1031 902
1030 902
