1269 621
1268 622
1267 622
1266 622
1265 623
1264 623
1263 624
1262 624
1261 625
1260 625
1259 626
1258 626
1257 626
1256 626
1255 626
1254 627
1254 628
1253 629
1253 630
1253 631
1253 632
1253 633
1253 634
1253 635
1253 636
1253 637
1253 638
1253 639
1253 640
1253 641
1253 642
1253 643
1253 644
1253 645
1253 646
1253 647
1253 648
1253 649
1254 650
1254 651
1254 652
1255 653
1255 654
1255 655
1256 656
1257 657
1258 658
1259 659
1260 660
1261 661
1262 662
1262 663
1263 664
1264 665
1264 666
1265 667
1265 668
1265 669
1266 670
1267 671
1268 672
1269 673
1270 674
1271 675
1271 676
1272 677
1272 678
1273 679
1274 680
1275 681
1275 682
1276 683
1277 684
1278 685
1279 686
1280 687
1281 687
1282 687
1283 687
1284 687
1285 687
1286 687
1287 687
1288 687
1289 687
1290 687
1291 687
1292 686
1293 686
1294 686
1295 686
1296 686
1297 686
1298 686
1299 686
1300 686
1301 685
1302 685
1303 685
1304 684
1305 685
1306 684
1307 684
1308 684
1309 683
1310 683
1311 683
1312 682
1313 682
1314 682
1315 682
1316 682
1317 682
1318 681
1319 681
1320 681
1321 681
1322 681
1323 681
1324 681
1325 681
1326 681
1327 681
1328 682
1329 682
1330 682
1331 682
1332 682
1333 682
1334 682
1335 682
1336 682
1337 682
1338 682
1339 682
1340 682
1341 681
1342 681
1343 680
1344 680
1345 680
1346 679
1347 679
1348 679
1349 678
1350 678
1351 677
1352 677
1353 676
1354 675
1355 674
1355 673
1355 672
1355 671
1356 670
1356 669
1356 668
1357 667
1357 666
1358 665
1358 664
1358 663
1358 662
1357 661
1357 660
1356 659
1356 658
1355 657
1354 656
1353 655
1352 654
1351 653
1351 652
1350 651
1350 650
1349 649
1349 648
1348 647
1348 646
1347 645
1347 644
1347 643
1346 642
1345 641
1345 640
1344 639
1343 638
1342 637
1342 636
1341 635
1340 634
1340 633
1339 632
1338 631
1337 630
1336 629
1335 629
1334 629
1333 628
1332 628
1331 628
1330 628
1329 627
1328 627
1327 627
1326 626
1325 626
1324 625
1323 625
1322 624
1321 624
1320 624
1319 623
1318 623
1317 623
1316 623
1315 623
1314 622
1313 622
1312 622
1311 622
1310 622
1309 622
1308 622
1307 622
1306 622
1305 622
1304 622
1303 621
1302 621
1301 621
1300 621
1299 621
1298 621
1297 621
1296 621
1295 621
1294 622
1293 622
1292 622
1291 622
1290 622
1289 622
1288 621
1287 621
1286 621
1285 621
1284 621
1283 621
1282 621
1281 621
1280 621
1279 621
1278 621
1277 621
1276 621
1275 621
1274 621
1273 621
1272 621
1271 621
1270 621
1269 621
