604 1498
603 1499
602 1499
601 1499
600 1499
599 1499
598 1499
597 1499
596 1499
595 1499
594 1499
593 1499
592 1499
591 1499
590 1499
589 1499
588 1499
587 1499
586 1499
585 1499
584 1499
583 1499
582 1499
581 1499
580 1499
579 1499
578 1499
577 1499
576 1499
575 1499
574 1499
573 1499
572 1499
571 1499
570 1499
569 1500
568 1500
567 1501
566 1501
565 1502
564 1502
563 1502
562 1502
561 1503
560 1503
559 1503
558 1503
557 1503
556 1503
555 1503
554 1504
553 1504
552 1504
551 1505
550 1505
549 1506
548 1507
547 1507
546 1508
545 1508
544 1509
543 1510
542 1510
541 1511
540 1512
539 1513
538 1514
537 1514
536 1515
535 1516
534 1517
533 1517
532 1518
531 1518
530 1519
529 1520
528 1520
527 1521
526 1522
525 1523
524 1524
523 1525
522 1526
522 1527
521 1528
521 1529
521 1530
521 1531
522 1532
523 1533
523 1534
524 1535
525 1536
526 1537
527 1538
528 1539
529 1540
530 1541
531 1542
531 1543
532 1543
533 1544
534 1545
535 1546
536 1546
537 1547
538 1548
539 1548
540 1549
541 1549
542 1550
543 1550
544 1551
545 1551
546 1551
547 1551
548 1552
549 1552
550 1552
551 1553
552 1553
553 1553
554 1554
555 1554
556 1554
557 1554
558 1555
559 1555
560 1555
561 1555
562 1555
563 1555
564 1555
565 1555
566 1556
567 1556
568 1557
569 1557
570 1557
571 1558
572 1558
573 1558
574 1558
575 1558
576 1558
577 1558
578 1558
579 1558
580 1558
581 1558
582 1559
583 1560
584 1561
585 1562
586 1562
587 1562
588 1563
589 1563
590 1563
591 1563
592 1563
593 1563
594 1563
595 1563
596 1564
597 1565
598 1565
599 1566
600 1566
601 1566
602 1566
603 1566
604 1567
605 1567
606 1568
607 1569
608 1569
609 1569
610 1569
611 1569
612 1569
613 1569
614 1569
615 1569
616 1569
617 1570
618 1571
619 1571
620 1571
621 1571
622 1571
623 1571
624 1571
625 1571
626 1571
627 1571
628 1571
629 1571
630 1571
631 1571
632 1571
633 1570
634 1569
635 1569
636 1569
637 1569
638 1569
639 1569
640 1569
641 1568
642 1568
643 1568
644 1568
645 1568
646 1568
647 1568
648 1568
649 1568
650 1567
651 1567
652 1567
653 1566
654 1566
655 1566
656 1566
657 1565
658 1564
659 1563
659 1562
659 1561
660 1560
660 1559
660 1558
661 1557
661 1556
662 1555
663 1554
663 1553
664 1552
664 1551
665 1550
665 1549
665 1548
665 1547
665 1546
665 1545
665 1544
665 1543
665 1542
665 1541
665 1540
665 1539
665 1538
665 1537
666 1536
667 1535
667 1534
668 1533
668 1532
668 1531
668 1530
668 1529
668 1528
669 1527
668 1526
668 1525
667 1524
666 1523
665 1522
664 1521
663 1521
662 1520
661 1519
660 1518
659 1517
658 1516
657 1515
656 1515
655 1514
654 1514
653 1514
652 1513
651 1513
650 1512
649 1511
648 1510
647 1509
647 1508
646 1507
645 1506
645 1505
644 1504
643 1504
642 1503
641 1502
640 1502
639 1502
638 1502
637 1502
636 1502
635 1502
634 1501
633 1501
632 1500
631 1500
630 1499
629 1499
628 1499
627 1499
626 1499
625 1499
624 1499
623 1498
622 1498
621 1498
620 1498
619 1498
618 1498
617 1498
616 1498
615 1498
614 1498
613 1498
612 1498
611 1498
610 1498
609 1498
608 1498
607 1498
606 1498
605 1498
604 1498
