201 1333
200 1334
199 1334
198 1334
197 1335
196 1335
195 1335
194 1336
193 1336
192 1336
191 1336
190 1337
189 1337
188 1337
187 1337
186 1338
185 1338
184 1338
183 1338
182 1339
181 1339
180 1339
179 1339
178 1339
177 1340
176 1340
175 1340
174 1341
173 1341
172 1341
171 1342
170 1342
169 1342
168 1343
167 1343
166 1343
165 1343
164 1343
163 1344
162 1344
161 1345
160 1345
159 1346
158 1346
157 1346
156 1347
155 1348
154 1349
154 1350
154 1351
154 1352
154 1353
154 1354
154 1355
154 1356
155 1357
156 1358
156 1359
156 1360
156 1361
156 1362
156 1363
156 1364
156 1365
156 1366
156 1367
156 1368
157 1369
157 1370
157 1371
158 1372
158 1373
158 1374
159 1374
160 1375
161 1375
162 1375
163 1376
164 1376
165 1377
166 1377
167 1378
168 1378
169 1379
170 1379
171 1380
172 1380
173 1380
174 1380
175 1380
176 1381
177 1381
178 1381
179 1381
180 1382
181 1383
182 1383
183 1383
184 1383
185 1384
186 1385
187 1384
188 1385
189 1385
190 1385
191 1386
192 1386
193 1387
194 1387
195 1388
196 1388
197 1389
198 1389
199 1389
200 1390
201 1390
202 1391
203 1391
204 1391
205 1392
206 1392
207 1393
208 1393
209 1394
210 1394
211 1395
212 1395
213 1395
214 1396
215 1396
216 1396
217 1397
218 1397
219 1398
220 1398
221 1398
222 1399
223 1399
224 1399
225 1400
226 1400
227 1400
228 1400
229 1401
230 1401
231 1401
232 1402
233 1402
234 1402
235 1402
236 1402
237 1403
238 1403
239 1403
240 1403
241 1402
242 1402
243 1402
244 1402
245 1402
246 1402
247 1402
248 1402
249 1401
250 1401
251 1401
252 1401
253 1401
254 1401
255 1400
256 1399
257 1398
257 1397
258 1396
259 1395
259 1394
259 1393
260 1392
260 1391
261 1390
261 1389
262 1388
263 1387
263 1386
264 1385
264 1384
265 1383
266 1382
267 1381
267 1380
268 1379
269 1378
270 1377
270 1376
271 1375
271 1374
271 1373
272 1372
272 1371
272 1370
271 1369
271 1368
271 1367
271 1366
271 1365
270 1364
270 1363
269 1362
269 1361
269 1360
268 1359
268 1358
268 1357
268 1356
267 1355
266 1354
266 1353
265 1352
264 1351
263 1351
262 1350
261 1349
260 1348
259 1347
258 1346
257 1345
256 1345
255 1344
254 1343
253 1343
252 1342
251 1342
250 1341
249 1341
248 1340
247 1340
246 1339
245 1339
244 1338
243 1338
242 1337
241 1337
240 1336
239 1336
238 1336
237 1335
236 1335
235 1335
234 1335
233 1335
232 1335
231 1335
230 1335
229 1335
228 1335
227 1335
226 1335
225 1335
224 1335
223 1335
222 1335
221 1335
220 1335
219 1335
218 1335
217 1335
216 1335
215 1335
214 1335
213 1334
212 1334
211 1333
210 1333
209 1333
208 1333
207 1333
206 1333
205 1333
204 1333
203 1333
202 1333
201 1333
