440 73
439 74
438 74
437 74
436 74
435 75
434 75
433 75
432 75
431 75
430 76
429 76
428 76
427 77
426 77
425 77
424 77
423 78
422 78
421 78
420 78
419 78
418 79
417 79
416 79
415 79
414 80
413 80
412 81
411 81
410 81
409 82
408 82
407 82
406 83
405 83
404 83
403 83
402 84
401 84
400 85
399 86
398 86
397 87
396 87
395 87
394 88
393 88
392 88
391 89
390 89
389 90
388 90
387 90
386 91
385 91
384 91
383 92
382 92
381 93
380 93
379 94
378 95
377 95
376 96
375 97
374 97
373 97
372 98
371 98
370 99
369 100
368 100
367 101
366 101
365 102
364 102
363 103
362 104
362 105
361 106
361 107
360 108
359 109
358 110
357 110
356 110
355 111
354 111
353 112
352 113
351 113
350 114
349 115
348 116
347 117
347 118
347 119
347 120
348 121
348 122
349 122
350 123
351 124
352 125
352 126
352 127
352 128
351 129
350 130
350 131
350 132
351 133
352 134
352 135
353 136
354 137
355 137
356 138
357 139
358 140
359 141
360 142
361 143
362 144
363 145
364 146
365 147
365 148
366 148
367 149
368 149
369 150
370 150
371 151
372 151
373 152
374 153
375 153
376 153
377 154
378 154
379 154
380 153
381 153
382 153
383 153
384 153
385 153
386 153
387 153
388 153
389 153
390 153
391 153
392 153
393 153
394 153
395 153
396 153
397 153
398 154
399 154
400 154
401 154
402 154
403 154
404 154
405 154
406 154
407 154
408 154
409 154
410 154
411 154
412 154
413 154
414 154
415 154
416 155
417 155
418 155
419 155
420 155
421 156
422 156
423 156
424 156
425 157
426 157
427 157
428 157
429 157
430 157
431 157
432 157
433 157
434 157
435 158
436 158
437 159
438 160
439 161
439 162
440 163
441 164
442 164
443 165
444 165
445 165
446 165
447 165
448 166
449 166
450 166
451 166
452 166
453 166
454 166
455 166
456 166
457 166
458 166
459 166
460 166
461 166
462 166
463 166
464 166
465 166
466 166
467 166
468 166
469 166
470 166
471 166
472 166
473 165
474 165
475 165
476 165
477 164
478 164
479 163
480 163
481 163
482 162
483 162
484 161
485 161
486 160
487 159
488 158
489 157
490 157
491 156
492 156
493 155
494 154
495 154
496 153
497 152
498 152
499 151
499 150
500 149
501 148
502 148
502 147
503 146
504 145
504 144
504 143
504 142
504 141
504 140
504 139
504 138
504 137
504 136
504 135
504 134
504 133
504 132
505 131
505 130
505 129
506 128
506 127
506 126
506 125
506 124
506 123
506 122
506 121
506 120
506 119
506 118
506 117
506 116
505 115
505 114
505 113
505 112
505 111
505 110
505 109
505 108
504 107
504 106
504 105
504 104
503 103
503 102
503 101
502 100
502 99
501 98
501 97
501 96
501 95
501 94
500 93
500 92
499 91
498 90
497 89
496 88
495 88
494 87
493 87
492 87
491 86
490 86
489 86
488 85
487 85
486 85
485 85
484 85
483 85
482 84
481 84
480 84
479 84
478 83
477 83
476 82
475 82
474 82
473 82
472 81
471 81
470 81
469 80
468 80
467 79
466 78
465 78
464 78
463 78
462 78
461 78
460 78
459 78
458 78
457 78
456 78
455 78
454 78
453 78
452 78
451 78
450 79
449 79
448 79
447 79
446 78
445 77
445 76
444 75
444 74
443 74
442 73
441 73
440 73
