162 827
161 828
160 828
159 828
158 828
157 828
156 828
155 829
154 829
153 830
152 830
151 830
150 831
149 831
148 831
147 831
146 831
145 832
144 833
143 833
142 833
141 834
140 834
139 835
138 835
137 836
136 837
135 838
134 839
133 839
132 840
131 841
130 841
129 842
128 843
127 844
126 845
125 846
124 847
123 848
122 849
121 850
120 851
119 852
118 853
118 854
118 855
117 856
117 857
116 858
116 859
116 860
115 861
115 862
115 863
114 864
114 865
114 866
114 867
113 868
113 869
113 870
113 871
113 872
113 873
113 874
113 875
113 876
113 877
113 878
113 879
113 880
113 881
113 882
113 883
113 884
113 885
113 886
113 887
113 888
114 889
115 890
116 891
117 892
118 892
119 892
120 893
121 894
122 894
123 895
124 895
125 895
126 895
127 895
128 896
129 896
130 896
131 897
132 897
133 898
134 899
135 900
136 901
137 901
138 902
139 903
140 904
141 904
142 905
143 906
144 907
145 908
146 909
147 910
148 911
148 912
149 913
150 914
151 915
152 916
153 917
154 918
155 919
156 920
157 921
158 922
159 922
160 923
161 923
162 923
163 924
164 924
165 924
166 924
167 925
168 925
169 925
170 926
171 926
172 927
173 927
174 927
175 928
176 928
177 928
178 928
179 929
180 929
181 929
182 930
183 930
184 930
185 930
186 931
187 931
188 932
189 932
190 932
191 933
192 934
193 934
194 935
195 935
196 936
197 936
198 936
199 937
200 937
201 938
202 939
203 939
204 940
205 941
206 941
207 942
208 942
209 943
210 943
211 944
212 945
213 946
214 946
215 946
216 946
217 946
218 945
219 944
220 943
221 942
222 941
222 940
223 939
224 938
225 937
226 936
226 935
227 934
227 933
228 932
228 931
228 930
229 929
229 928
229 927
230 926
231 925
232 924
233 923
234 922
235 921
236 920
237 919
238 918
239 917
240 916
241 915
242 914
243 913
244 912
245 911
246 910
247 910
248 909
248 908
248 907
249 906
250 905
251 904
251 903
252 902
253 901
253 900
254 899
254 898
254 897
254 896
254 895
254 894
254 893
254 892
254 891
254 890
254 889
254 888
254 887
254 886
254 885
254 884
254 883
254 882
254 881
254 880
254 879
254 878
254 877
254 876
254 875
254 874
254 873
254 872
254 871
254 870
254 869
254 868
254 867
254 866
253 865
253 864
253 863
253 862
253 861
253 860
252 859
252 858
251 857
251 856
250 855
250 854
250 853
249 852
249 851
248 850
248 849
248 848
247 847
247 846
246 845
245 845
244 844
243 844
242 844
241 844
240 844
239 843
238 842
237 841
236 840
235 840
234 839
233 839
232 839
231 839
230 838
229 838
228 838
227 837
226 837
225 837
224 836
223 836
222 836
221 835
220 835
219 835
218 834
217 834
216 834
215 834
214 834
213 834
212 834
211 834
210 834
209 834
208 834
207 834
206 834
205 834
204 834
203 835
202 835
201 835
200 836
199 836
198 836
197 836
196 835
195 835
194 834
193 834
192 833
191 833
190 833
189 833
188 832
187 832
186 832
185 832
184 832
183 832
182 832
181 831
180 831
179 831
178 830
177 830
176 829
175 828
174 828
173 827
172 827
171 827
170 827
169 827
168 827
167 827
166 827
165 827
164 827
163 827
162 827
