1170 1416
1169 1417
1168 1417
1167 1417
1166 1417
1165 1418
1164 1418
1163 1418
1162 1419
1161 1419
1160 1419
1159 1420
1158 1420
1157 1420
1156 1420
1155 1421
1154 1421
1153 1421
1152 1421
1151 1421
1150 1421
1149 1421
1148 1422
1147 1422
1146 1422
1145 1423
1144 1423
1143 1424
1142 1425
1142 1426
1142 1427
1142 1428
1142 1429
1142 1430
1142 1431
1142 1432
1143 1433
1144 1434
1145 1435
1146 1436
1147 1437
1148 1437
1149 1437
1150 1437
1151 1437
1152 1437
1153 1437
1154 1437
1155 1437
1156 1437
1157 1437
1158 1438
1159 1438
1160 1438
1161 1438
1162 1438
1163 1439
1164 1439
1165 1439
1166 1440
1167 1440
1168 1440
1169 1440
1170 1440
1171 1441
1172 1441
1173 1441
1174 1441
1175 1441
1176 1441
1177 1441
1178 1441
1179 1441
1180 1441
1181 1441
1182 1441
1183 1441
1184 1441
1185 1441
1186 1441
1187 1441
1188 1441
1189 1440
1190 1440
1191 1440
1192 1439
1193 1438
1194 1437
1195 1436
1196 1435
1196 1434
1197 1433
1197 1432
1198 1431
1198 1430
1198 1429
1198 1428
1198 1427
1198 1426
1197 1425
1197 1424
1196 1423
1196 1422
1195 1421
1194 1420
1193 1419
1192 1418
1191 1418
1190 1418
1189 1417
1188 1416
1187 1416
1186 1416
1185 1416
1184 1416
1183 1416
1182 1416
1181 1416
1180 1416
1179 1416
1178 1416
1177 1416
1176 1416
1175 1416
1174 1416
1173 1416
1172 1416
1171 1416
1170 1416
