931 1599
930 1600
929 1600
928 1600
927 1601
926 1601
925 1601
924 1602
923 1602
922 1602
921 1602
920 1603
919 1603
918 1603
917 1603
916 1603
915 1604
914 1604
913 1604
912 1604
911 1604
910 1604
909 1605
908 1605
907 1605
906 1606
905 1606
904 1606
903 1607
902 1607
901 1607
900 1607
899 1607
898 1607
897 1608
896 1608
895 1609
894 1609
893 1609
892 1609
891 1609
890 1610
889 1610
888 1610
887 1611
886 1611
885 1611
884 1611
883 1611
882 1611
881 1611
880 1612
879 1612
878 1612
877 1612
876 1612
875 1613
874 1613
873 1613
872 1613
871 1613
870 1613
869 1614
868 1614
867 1614
866 1614
865 1614
864 1614
863 1615
862 1615
861 1615
860 1615
859 1615
858 1615
857 1615
856 1616
855 1616
854 1616
853 1617
852 1617
851 1617
850 1618
849 1618
848 1618
847 1618
846 1618
845 1618
844 1619
843 1619
842 1619
841 1620
840 1620
839 1620
838 1620
837 1620
836 1620
835 1621
834 1621
833 1621
832 1622
831 1622
830 1623
829 1623
828 1624
827 1625
826 1626
825 1626
825 1627
824 1628
824 1629
824 1630
824 1631
824 1632
824 1633
825 1634
825 1635
826 1636
827 1637
828 1638
829 1639
830 1640
831 1640
832 1641
833 1641
834 1641
835 1641
836 1641
837 1642
838 1642
839 1643
840 1644
841 1645
842 1645
843 1645
844 1646
845 1646
846 1647
847 1647
848 1648
849 1649
850 1649
851 1649
852 1650
853 1650
854 1651
855 1652
856 1652
857 1653
858 1653
859 1654
860 1654
861 1654
862 1654
863 1655
864 1655
865 1655
866 1656
867 1656
868 1657
869 1657
870 1658
871 1658
872 1658
873 1659
874 1659
875 1659
876 1659
877 1660
878 1660
879 1661
880 1661
881 1662
882 1663
883 1664
884 1665
885 1665
886 1665
887 1665
888 1665
889 1665
890 1666
891 1666
892 1667
893 1668
894 1669
895 1669
896 1670
897 1670
898 1670
899 1670
900 1670
901 1670
902 1670
903 1670
904 1671
905 1671
906 1671
907 1672
908 1672
909 1672
910 1672
911 1672
912 1672
913 1672
914 1672
915 1672
916 1673
917 1673
918 1673
919 1674
920 1674
921 1674
922 1674
923 1674
924 1674
925 1674
926 1674
927 1674
928 1674
929 1674
930 1674
931 1674
932 1674
933 1674
934 1674
935 1674
936 1674
937 1673
938 1673
939 1673
940 1672
941 1672
942 1671
943 1671
944 1670
945 1670
946 1670
947 1669
948 1669
949 1668
950 1668
951 1667
952 1667
953 1667
954 1666
955 1666
956 1666
957 1665
958 1664
959 1663
960 1662
961 1662
962 1661
963 1660
964 1660
965 1659
966 1658
967 1657
968 1656
968 1655
968 1654
968 1653
968 1652
968 1651
968 1650
968 1649
968 1648
968 1647
968 1646
968 1645
968 1644
968 1643
968 1642
968 1641
968 1640
968 1639
968 1638
968 1637
968 1636
968 1635
968 1634
968 1633
968 1632
968 1631
968 1630
968 1629
968 1628
968 1627
968 1626
968 1625
968 1624
967 1623
966 1622
965 1622
964 1621
963 1620
962 1619
961 1619
960 1618
959 1618
958 1617
957 1617
956 1616
955 1615
954 1614
953 1613
952 1612
951 1611
950 1610
949 1609
948 1608
947 1607
946 1606
945 1606
944 1605
943 1604
942 1603
941 1603
940 1602
939 1602
938 1601
937 1600
936 1600
935 1599
934 1599
933 1599
932 1599
931 1599
