1546 793
1545 794
1544 794
1543 794
1542 795
1541 795
1540 795
1539 795
1538 795
1537 795
1536 795
1535 795
1534 795
1533 795
1532 795
1531 795
1530 796
1529 796
1528 796
1527 796
1526 796
1525 797
1524 797
1523 797
1522 797
1521 797
1520 797
1519 797
1518 797
1517 798
1516 798
1515 798
1514 798
1513 798
1512 799
1511 799
1510 799
1509 800
1508 800
1507 800
1506 800
1505 801
1504 801
1503 801
1502 801
1501 801
1500 802
1499 802
1498 802
1497 802
1496 802
1495 803
1494 803
1493 803
1492 804
1491 804
1490 804
1489 804
1488 805
1487 805
1486 805
1485 806
1484 806
1483 806
1482 807
1481 808
1480 808
1479 809
1478 809
1477 810
1476 811
1475 811
1474 812
1473 813
1472 814
1471 815
1470 816
1469 816
1468 817
1467 817
1466 817
1465 818
1464 818
1463 818
1462 818
1461 818
1460 818
1459 819
1458 820
1457 820
1457 821
1456 822
1455 823
1455 824
1454 825
1454 826
1454 827
1454 828
1455 829
1456 830
1457 831
1458 831
1459 832
1460 832
1461 832
1462 833
1463 833
1464 834
1465 835
1466 836
1467 837
1468 838
1469 838
1470 838
1471 838
1472 839
1473 839
1474 840
1475 841
1476 841
1477 841
1478 841
1479 842
1480 842
1481 843
1482 843
1483 844
1484 844
1485 844
1486 844
1487 845
1488 845
1489 845
1490 846
1491 846
1492 846
1493 846
1494 846
1495 846
1496 845
1497 845
1498 844
1499 843
1500 843
1501 842
1502 842
1503 842
1504 842
1505 842
1506 842
1507 842
1508 843
1509 843
1510 844
1511 844
1512 844
1513 845
1514 846
1515 846
1516 847
1517 847
1518 847
1519 847
1520 847
1521 847
1522 847
1523 847
1524 847
1525 847
1526 848
1527 848
1528 849
1529 849
1530 849
1531 850
1532 850
1533 850
1534 851
1535 851
1536 851
1537 852
1538 852
1539 853
1540 853
1541 854
1542 854
1543 854
1544 854
1545 855
1546 855
1547 855
1548 856
1549 856
1550 856
1551 856
1552 856
1553 856
1554 856
1555 856
1556 856
1557 856
1558 856
1559 856
1560 856
1561 856
1562 856
1563 856
1564 856
1565 856
1566 855
1567 855
1568 855
1569 854
1570 854
1571 854
1572 854
1573 854
1574 853
1575 853
1576 853
1577 852
1578 852
1579 852
1580 852
1581 852
1582 851
1583 851
1583 850
1584 849
1585 849
1586 848
1587 847
1588 846
1589 845
1590 844
1590 843
1591 842
1592 841
1592 840
1592 839
1592 838
1592 837
1592 836
1592 835
1592 834
1592 833
1592 832
1592 831
1592 830
1593 829
1593 828
1593 827
1594 826
1594 825
1595 824
1596 823
1597 822
1597 821
1597 820
1597 819
1597 818
1598 817
1598 816
1599 815
1599 814
1599 813
1600 812
1600 811
1600 810
1599 809
1599 808
1599 807
1598 806
1597 805
1596 805
1595 804
1594 804
1593 803
1592 802
1591 801
1590 800
1589 799
1588 799
1587 798
1586 798
1585 798
1584 798
1583 798
1582 798
1581 798
1580 797
1579 796
1578 796
1577 796
1576 795
1575 795
1574 795
1573 794
1572 794
1571 793
1570 793
1569 793
1568 793
1567 793
1566 793
1565 793
1564 793
1563 793
1562 793
1561 793
1560 793
1559 794
1558 794
1557 794
1556 795
1555 795
1554 794
1553 794
1552 794
1551 793
1550 793
1549 793
1548 793
1547 793
1546 793
