1467 178
1466 179
1465 179
1464 179
1463 180
1462 180
1461 180
1460 180
1459 180
1458 180
1457 181
1456 181
1455 182
1454 183
1453 183
1452 183
1451 183
1450 183
1449 183
1448 183
1447 184
1446 184
1445 185
1444 185
1443 185
1442 186
1441 186
1440 187
1439 187
1438 188
1437 188
1436 188
1435 188
1434 188
1433 188
1432 188
1431 188
1430 188
1429 188
1428 188
1427 188
1426 188
1425 188
1424 188
1423 188
1422 188
1421 188
1420 187
1419 187
1418 187
1417 187
1416 187
1415 187
1414 187
1413 187
1412 187
1411 187
1410 187
1409 187
1408 187
1407 187
1406 187
1405 187
1404 187
1403 187
1402 187
1401 187
1400 187
1399 188
1398 188
1397 189
1396 190
1395 191
1394 192
1393 193
1392 194
1391 195
1390 196
1389 197
1389 198
1389 199
1389 200
1389 201
1390 202
1390 203
1390 204
1390 205
1390 206
1390 207
1390 208
1390 209
1390 210
1391 211
1391 212
1391 213
1391 214
1391 215
1391 216
1392 216
1393 216
1394 216
1395 217
1396 217
1397 217
1398 217
1399 217
1400 217
1401 217
1402 217
1403 217
1404 218
1405 218
1406 219
1407 219
1408 220
1409 219
1410 219
1411 220
1412 220
1413 220
1414 220
1415 221
1416 221
1417 221
1418 221
1419 221
1420 220
1421 220
1422 220
1423 219
1424 219
1425 219
1426 219
1427 219
1428 219
1429 220
1430 220
1431 220
1432 221
1433 221
1434 221
1435 222
1436 223
1437 223
1438 223
1439 224
1440 224
1441 224
1442 224
1443 224
1444 224
1445 225
1446 225
1447 225
1448 226
1449 226
1450 226
1451 227
1452 228
1453 229
1454 229
1455 229
1456 230
1457 230
1458 231
1459 231
1460 232
1461 232
1462 232
1463 232
1464 232
1465 232
1466 232
1467 232
1468 232
1469 232
1470 232
1471 232
1472 232
1473 232
1474 232
1475 232
1476 232
1477 232
1478 231
1479 231
1480 230
1481 230
1482 230
1483 229
1484 229
1485 229
1486 229
1487 229
1488 229
1489 229
1490 230
1491 230
1492 230
1493 231
1494 231
1495 231
1496 231
1497 231
1498 230
1499 229
1500 229
1501 228
1502 227
1503 227
1504 226
1505 225
1505 224
1506 223
1506 222
1507 221
1508 220
1509 219
1509 218
1509 217
1509 216
1509 215
1509 214
1509 213
1509 212
1509 211
1509 210
1509 209
1509 208
1509 207
1508 206
1507 205
1506 204
1505 203
1505 202
1504 201
1503 200
1502 199
1501 198
1500 197
1499 196
1498 195
1497 195
1496 194
1495 193
1494 192
1493 192
1492 191
1491 190
1490 189
1489 188
1488 187
1487 186
1486 186
1485 185
1484 184
1483 183
1482 183
1481 182
1480 181
1479 181
1478 180
1477 180
1476 179
1475 179
1474 178
1473 178
1472 178
1471 178
1470 178
1469 178
1468 178
1467 178
