526 2204
525 2205
524 2205
523 2206
522 2207
522 2208
522 2209
523 2210
523 2211
523 2212
523 2213
524 2214
524 2215
524 2216
524 2217
524 2218
525 2219
525 2220
525 2221
526 2222
526 2223
526 2224
527 2225
527 2226
527 2227
528 2228
528 2229
529 2230
529 2231
530 2232
530 2233
531 2234
531 2235
531 2236
532 2237
532 2238
533 2239
534 2240
534 2241
535 2242
535 2243
535 2244
535 2245
536 2246
536 2247
536 2248
537 2249
537 2250
538 2251
538 2252
538 2253
539 2254
539 2255
539 2256
539 2257
540 2258
540 2259
540 2260
541 2261
541 2262
541 2263
542 2264
542 2265
543 2266
543 2267
544 2268
544 2269
544 2270
544 2271
544 2272
544 2273
544 2274
545 2275
545 2276
545 2277
545 2278
546 2279
546 2280
546 2281
547 2282
547 2283
547 2284
547 2285
548 2286
548 2287
549 2288
550 2289
550 2290
551 2291
552 2292
552 2293
552 2294
553 2295
554 2296
555 2296
556 2297
557 2297
558 2298
559 2298
560 2299
561 2299
562 2299
563 2299
564 2299
565 2299
566 2299
567 2300
568 2300
569 2300
570 2300
571 2300
572 2300
573 2300
574 2300
575 2300
576 2300
577 2300
578 2300
579 2300
580 2300
581 2300
582 2300
583 2300
584 2300
585 2300
586 2300
587 2300
588 2300
589 2300
590 2300
591 2300
592 2300
593 2300
594 2300
595 2300
596 2300
597 2300
598 2300
599 2300
600 2300
601 2300
602 2300
603 2300
604 2299
605 2299
606 2299
607 2299
608 2299
609 2299
610 2299
611 2299
612 2299
613 2299
614 2300
615 2300
616 2300
617 2300
618 2300
619 2300
620 2300
621 2300
622 2300
623 2300
624 2300
625 2300
626 2300
627 2300
628 2300
629 2300
630 2300
631 2301
632 2301
633 2301
634 2301
635 2301
636 2301
637 2301
638 2302
639 2302
640 2302
641 2303
642 2303
643 2303
644 2303
645 2303
646 2303
647 2304
648 2304
649 2305
650 2305
651 2305
652 2305
653 2305
654 2305
655 2305
656 2305
657 2305
658 2306
659 2306
660 2306
661 2307
662 2307
663 2308
664 2308
665 2308
666 2308
667 2307
668 2307
669 2306
670 2305
671 2304
672 2303
673 2302
674 2301
675 2300
676 2299
677 2298
678 2297
679 2296
679 2295
680 2294
681 2293
681 2292
682 2291
682 2290
682 2289
682 2288
682 2287
682 2286
682 2285
682 2284
682 2283
682 2282
682 2281
682 2280
682 2279
682 2278
682 2277
682 2276
682 2275
682 2274
682 2273
682 2272
682 2271
682 2270
682 2269
682 2268
682 2267
682 2266
682 2265
682 2264
682 2263
683 2262
683 2261
683 2260
683 2259
683 2258
682 2257
682 2256
682 2255
682 2254
682 2253
682 2252
682 2251
681 2250
681 2249
680 2248
680 2247
679 2246
679 2245
679 2244
678 2243
678 2242
677 2241
677 2240
677 2239
676 2238
676 2237
676 2236
676 2235
675 2234
675 2233
675 2232
674 2231
674 2230
673 2229
672 2228
671 2227
670 2227
669 2227
668 2226
667 2226
666 2225
665 2225
664 2224
663 2223
662 2223
661 2223
660 2223
659 2223
658 2222
657 2222
656 2222
655 2221
654 2221
653 2221
652 2220
651 2219
650 2219
649 2218
649 2217
648 2216
647 2215
646 2215
645 2214
644 2214
643 2214
642 2214
641 2214
640 2214
639 2215
638 2215
637 2215
636 2216
635 2216
634 2216
633 2216
632 2216
631 2216
630 2216
629 2216
628 2215
627 2215
626 2215
625 2214
624 2215
623 2215
622 2216
621 2217
620 2218
619 2219
618 2219
617 2220
616 2220
615 2221
614 2221
613 2221
612 2220
611 2220
610 2219
609 2219
608 2218
607 2218
606 2218
605 2218
604 2218
603 2217
602 2217
601 2217
600 2217
599 2216
598 2216
597 2215
596 2215
595 2214
594 2214
593 2214
592 2213
591 2213
590 2213
589 2212
588 2212
587 2212
586 2211
585 2211
584 2210
583 2210
582 2209
581 2209
580 2209
579 2209
578 2210
577 2210
576 2211
575 2212
574 2213
573 2214
572 2215
571 2216
570 2216
569 2217
568 2217
567 2217
566 2217
565 2217
564 2218
563 2219
562 2219
561 2219
560 2219
559 2219
558 2219
557 2219
556 2219
555 2219
554 2219
553 2219
552 2218
551 2218
550 2217
549 2217
548 2216
547 2215
546 2215
545 2215
544 2214
543 2213
542 2213
541 2212
540 2211
539 2210
538 2209
537 2208
536 2208
535 2207
534 2206
533 2206
532 2205
531 2205
530 2204
529 2204
528 2204
527 2204
526 2204
