1111 606
1110 607
1109 607
1108 607
1107 607
1106 607
1105 607
1104 607
1103 607
1102 607
1101 607
1100 607
1099 607
1098 608
1097 608
1096 608
1095 609
1094 609
1093 609
1092 609
1091 609
1090 609
1089 609
1088 609
1087 609
1086 609
1085 609
1084 609
1083 609
1082 609
1081 610
1080 610
1079 610
1078 610
1077 610
1076 610
1075 611
1074 611
1073 612
1072 613
1071 613
1070 614
1069 614
1068 615
1067 616
1066 616
1065 617
1064 618
1063 618
1062 619
1061 620
1061 621
1060 622
1060 623
1060 624
1060 625
1060 626
1060 627
1060 628
1061 629
1061 630
1061 631
1062 632
1062 633
1063 633
1064 634
1065 634
1066 634
1067 635
1068 636
1069 636
1070 636
1071 636
1072 636
1073 636
1074 637
1075 637
1076 637
1077 638
1078 638
1079 638
1080 639
1081 639
1082 639
1083 640
1084 640
1085 641
1086 641
1087 641
1088 641
1089 642
1090 642
1091 643
1092 643
1093 644
1094 644
1095 644
1096 645
1097 645
1098 645
1099 646
1100 647
1101 647
1102 648
1103 648
1104 648
1105 649
1106 649
1107 649
1108 650
1109 650
1110 650
1111 650
1112 650
1113 650
1114 650
1115 650
1116 651
1117 651
1118 651
1119 652
1120 652
1121 652
1122 652
1123 652
1124 652
1125 652
1126 652
1127 652
1128 652
1129 651
1130 650
1131 649
1132 649
1133 648
1134 647
1135 647
1136 646
1137 645
1138 644
1139 644
1140 643
1141 642
1141 641
1142 640
1142 639
1142 638
1142 637
1142 636
1142 635
1142 634
1141 633
1141 632
1140 631
1140 630
1140 629
1140 628
1140 627
1140 626
1140 625
1140 624
1140 623
1140 622
1140 621
1140 620
1140 619
1140 618
1140 617
1140 616
1139 615
1139 614
1138 613
1137 612
1136 611
1135 610
1134 609
1133 609
1132 608
1131 608
1130 608
1129 607
1128 607
1127 607
1126 607
1125 607
1124 607
1123 607
1122 607
1121 607
1120 606
1119 606
1118 606
1117 606
1116 606
1115 606
1114 606
1113 606
1112 606
1111 606
