375 145
374 146
373 146
372 147
371 147
370 147
369 147
368 147
367 147
366 147
365 147
364 147
363 147
362 147
361 147
360 147
359 147
358 148
357 148
356 148
355 149
354 149
353 149
352 149
351 149
350 149
349 149
348 149
347 149
346 149
345 149
344 149
343 149
342 149
341 149
340 150
339 150
338 150
337 150
336 150
335 150
334 151
333 151
332 151
331 151
330 151
329 151
328 151
327 152
326 152
325 152
324 152
323 152
322 152
321 152
320 152
319 152
318 152
317 152
316 152
315 152
314 152
313 152
312 152
311 152
310 152
309 153
308 153
307 153
306 154
305 154
304 154
303 154
302 154
301 154
300 154
299 154
298 154
297 154
296 154
295 154
294 154
293 154
292 154
291 154
290 154
289 154
288 154
287 154
286 154
285 154
284 154
283 154
282 154
281 154
280 154
279 154
278 154
277 154
276 154
275 155
274 155
273 155
272 156
271 156
270 156
269 156
268 156
267 156
266 155
265 155
264 154
263 154
262 154
261 153
260 153
259 152
258 152
257 151
256 151
255 151
254 151
253 151
252 151
251 151
250 151
249 151
248 151
247 151
246 152
245 152
244 152
243 152
242 153
241 153
240 153
239 154
238 154
237 155
236 155
235 156
234 156
233 157
232 157
231 157
230 158
229 158
228 158
227 159
226 159
225 159
224 160
223 160
222 160
221 160
220 161
219 162
218 162
217 162
216 163
215 163
214 164
213 164
212 165
211 166
210 167
209 168
208 169
208 170
208 171
208 172
208 173
209 174
210 175
211 176
212 177
213 178
214 179
215 180
216 181
217 182
218 183
219 184
220 185
221 186
222 187
223 188
224 189
225 190
226 191
227 192
228 193
229 194
230 195
231 196
232 197
233 198
234 198
235 198
236 198
237 198
238 198
239 199
240 199
241 200
242 200
243 200
244 201
245 202
246 202
247 202
248 202
249 203
250 203
251 203
252 203
253 203
254 203
255 204
256 204
257 204
258 205
259 205
260 205
261 205
262 205
263 205
264 205
265 205
266 206
267 206
268 206
269 206
270 206
271 206
272 206
273 206
274 206
275 206
276 206
277 206
278 206
279 206
280 206
281 206
282 206
283 206
284 207
285 207
286 207
287 207
288 207
289 207
290 207
291 207
292 207
293 207
294 207
295 207
296 207
297 207
298 207
299 207
300 207
301 207
302 207
303 207
304 207
305 207
306 206
307 206
308 206
309 206
310 206
311 206
312 206
313 206
314 206
315 206
316 206
317 206
318 206
319 206
320 206
321 206
322 206
323 206
324 206
325 206
326 206
327 206
328 206
329 206
330 206
331 206
332 206
333 206
334 206
335 206
336 206
337 206
338 206
339 206
340 206
341 206
342 207
343 207
344 207
345 207
346 207
347 207
348 207
349 207
350 207
351 207
352 208
353 208
354 208
355 208
356 208
357 208
358 208
359 208
360 208
361 208
362 208
363 207
364 207
365 207
366 207
367 207
368 207
369 207
370 207
371 207
372 207
373 207
374 207
375 207
376 207
377 207
378 207
379 207
380 206
381 206
382 206
383 205
384 205
385 205
386 205
387 205
388 205
389 205
390 205
391 205
392 205
393 205
394 205
395 204
396 204
397 204
398 203
399 203
400 203
401 203
402 203
403 203
404 203
405 203
406 203
407 203
408 203
409 203
410 203
411 203
412 203
413 203
414 203
415 203
416 203
417 203
418 203
419 203
420 203
421 202
422 202
423 202
424 202
425 202
426 202
427 201
428 200
429 200
430 199
431 199
432 198
433 197
434 196
435 196
436 196
437 195
438 194
439 193
440 192
441 191
442 190
442 189
443 188
443 187
443 186
443 185
443 184
443 183
443 182
443 181
443 180
444 179
444 178
444 177
443 176
443 175
443 174
442 173
441 172
441 171
440 170
440 169
439 168
438 167
438 166
437 165
436 164
435 163
434 162
433 161
433 160
433 159
432 158
431 157
430 156
429 155
428 155
427 154
426 153
425 152
424 151
423 150
422 149
421 149
420 149
419 149
418 149
417 149
416 148
415 148
414 148
413 147
412 147
411 146
410 146
409 146
408 146
407 146
406 146
405 146
404 145
403 145
402 145
401 145
400 145
399 145
398 145
397 145
396 145
395 145
394 145
393 145
392 145
391 145
390 145
389 145
388 145
387 145
386 145
385 145
384 145
383 145
382 145
381 145
380 145
379 145
378 145
377 145
376 145
375 145
