210 1292
209 1293
208 1293
207 1293
206 1293
205 1293
204 1293
203 1293
202 1293
201 1293
200 1294
199 1294
198 1294
197 1294
196 1295
195 1295
194 1295
193 1295
192 1295
191 1295
190 1295
189 1295
188 1294
187 1294
186 1294
185 1293
184 1293
183 1293
182 1293
181 1293
180 1294
179 1294
178 1294
177 1295
176 1295
175 1295
174 1295
173 1295
172 1296
171 1296
170 1296
169 1296
168 1297
167 1298
166 1298
165 1299
164 1300
163 1301
162 1302
161 1303
160 1304
159 1305
158 1306
157 1307
157 1308
156 1309
156 1310
156 1311
156 1312
156 1313
156 1314
156 1315
156 1316
156 1317
156 1318
156 1319
157 1320
158 1321
159 1322
160 1323
161 1323
162 1324
163 1324
164 1324
165 1325
166 1325
167 1325
168 1325
169 1325
170 1325
171 1326
172 1327
173 1328
174 1329
175 1330
176 1330
177 1331
178 1331
179 1331
180 1332
181 1333
182 1333
183 1334
184 1334
185 1335
186 1335
187 1336
188 1336
189 1336
190 1336
191 1336
192 1336
193 1336
194 1337
195 1337
196 1338
197 1339
198 1339
199 1340
200 1341
201 1341
202 1342
203 1342
204 1342
205 1342
206 1342
207 1342
208 1342
209 1342
210 1343
211 1343
212 1343
213 1344
214 1344
215 1345
216 1345
217 1346
218 1346
219 1346
220 1346
221 1346
222 1346
223 1346
224 1346
225 1346
226 1346
227 1346
228 1346
229 1346
230 1346
231 1345
232 1345
233 1345
234 1344
235 1344
236 1344
237 1343
238 1342
239 1341
240 1341
241 1341
242 1341
243 1340
244 1340
245 1340
246 1339
247 1339
248 1339
249 1338
250 1338
251 1338
252 1337
253 1336
253 1335
254 1334
254 1333
255 1332
255 1331
256 1330
256 1329
257 1328
257 1327
258 1326
259 1325
260 1324
261 1323
262 1323
263 1322
263 1321
264 1320
264 1319
264 1318
264 1317
264 1316
264 1315
265 1314
265 1313
265 1312
265 1311
265 1310
265 1309
265 1308
265 1307
265 1306
265 1305
265 1304
265 1303
264 1303
263 1303
262 1302
261 1301
260 1300
259 1300
258 1299
257 1299
256 1298
255 1297
254 1296
253 1296
252 1296
251 1296
250 1296
249 1296
248 1295
247 1295
246 1295
245 1295
244 1295
243 1295
242 1294
241 1294
240 1294
239 1293
238 1293
237 1293
236 1293
235 1293
234 1293
233 1293
232 1293
231 1293
230 1293
229 1293
228 1293
227 1293
226 1292
225 1292
224 1292
223 1292
222 1292
221 1292
220 1292
219 1292
218 1292
217 1292
216 1292
215 1292
214 1292
213 1292
212 1292
211 1292
210 1292
