1139 2071
1138 2072
1137 2072
1136 2072
1135 2072
1134 2072
1133 2073
1132 2073
1131 2073
1130 2073
1129 2073
1128 2073
1127 2073
1126 2073
1125 2074
1124 2074
1123 2074
1122 2075
1121 2075
1120 2076
1119 2076
1118 2076
1117 2077
1116 2077
1115 2078
1114 2079
1113 2080
1112 2080
1111 2080
1110 2081
1109 2081
1108 2081
1107 2082
1106 2081
1105 2081
1104 2080
1103 2080
1102 2080
1101 2079
1100 2079
1099 2079
1098 2079
1097 2079
1096 2080
1095 2080
1094 2081
1093 2081
1092 2081
1091 2082
1090 2083
1089 2084
1088 2085
1087 2086
1086 2087
1085 2088
1084 2089
1083 2090
1083 2091
1082 2092
1082 2093
1082 2094
1081 2095
1080 2095
1079 2096
1078 2096
1077 2097
1076 2098
1075 2099
1074 2099
1073 2100
1072 2100
1071 2100
1070 2100
1069 2100
1068 2100
1067 2100
1066 2099
1065 2098
1064 2097
1063 2096
1062 2095
1061 2094
1060 2093
1059 2093
1058 2093
1057 2093
1056 2094
1055 2094
1054 2095
1053 2096
1052 2096
1051 2097
1050 2098
1049 2099
1049 2100
1049 2101
1049 2102
1049 2103
1049 2104
1050 2105
1050 2106
1050 2107
1051 2108
1051 2109
1051 2110
1052 2111
1052 2112
1052 2113
1053 2114
1053 2115
1054 2116
1054 2117
1054 2118
1054 2119
1054 2120
1054 2121
1055 2122
1055 2123
1056 2124
1056 2125
1056 2126
1057 2127
1057 2128
1057 2129
1057 2130
1057 2131
1057 2132
1057 2133
1057 2134
1057 2135
1058 2136
1058 2137
1058 2138
1059 2139
1059 2140
1059 2141
1059 2142
1059 2143
1059 2144
1059 2145
1059 2146
1060 2147
1060 2148
1061 2149
1061 2150
1062 2151
1063 2152
1064 2153
1065 2154
1065 2155
1066 2156
1067 2156
1068 2157
1069 2157
1070 2158
1071 2159
1072 2160
1072 2161
1073 2162
1073 2163
1073 2164
1074 2165
1074 2166
1074 2167
1075 2168
1076 2169
1076 2170
1077 2171
1078 2171
1079 2171
1080 2171
1081 2171
1082 2171
1083 2171
1084 2171
1085 2171
1086 2171
1087 2170
1088 2170
1089 2170
1090 2170
1091 2170
1092 2170
1093 2170
1094 2170
1095 2170
1096 2170
1097 2170
1098 2170
1099 2170
1100 2170
1101 2169
1102 2169
1103 2169
1104 2169
1105 2169
1106 2169
1107 2169
1108 2169
1109 2169
1110 2169
1111 2169
1112 2169
1113 2169
1114 2170
1115 2170
1116 2171
1117 2171
1118 2171
1119 2171
1120 2172
1121 2172
1122 2172
1123 2173
1124 2172
1125 2172
1126 2172
1127 2172
1128 2172
1129 2172
1130 2172
1131 2172
1132 2172
1133 2172
1134 2172
1135 2172
1136 2172
1137 2172
1138 2172
1139 2172
1140 2172
1141 2172
1142 2172
1143 2172
1144 2172
1145 2172
1146 2172
1147 2172
1148 2172
1149 2172
1150 2172
1151 2172
1152 2172
1153 2172
1154 2172
1155 2173
1156 2172
1157 2172
1158 2172
1159 2171
1160 2171
1161 2171
1162 2171
1163 2171
1164 2171
1165 2171
1166 2171
1167 2171
1168 2171
1169 2171
1170 2171
1171 2171
1172 2171
1173 2171
1174 2171
1175 2171
1176 2171
1177 2171
1178 2171
1179 2171
1180 2171
1181 2171
1182 2171
1183 2171
1184 2171
1185 2170
1186 2170
1187 2170
1188 2170
1189 2170
1190 2170
1191 2170
1192 2170
1193 2170
1194 2170
1195 2170
1196 2170
1197 2170
1198 2169
1199 2169
1200 2169
1201 2169
1202 2169
1203 2169
1204 2169
1205 2169
1206 2168
1207 2168
1208 2168
1209 2168
1210 2168
1211 2168
1212 2168
1213 2168
1214 2168
1215 2168
1216 2168
1217 2168
1218 2168
1219 2168
1220 2168
1221 2168
1222 2168
1223 2168
1224 2168
1225 2168
1226 2168
1227 2168
1228 2168
1229 2168
1230 2168
1231 2168
1232 2168
1233 2167
1234 2167
1235 2167
1236 2166
1237 2166
1238 2165
1239 2165
1240 2164
1241 2163
1242 2163
1243 2163
1244 2163
1245 2163
1246 2163
1247 2163
1248 2163
1249 2163
1250 2163
1251 2163
1252 2162
1253 2162
1254 2161
1255 2161
1256 2160
1257 2159
1258 2158
1259 2157
1260 2157
1261 2156
1262 2155
1262 2154
1262 2153
1262 2152
1263 2151
1263 2150
1263 2149
1264 2148
1264 2147
1264 2146
1264 2145
1264 2144
1264 2143
1264 2142
1264 2141
1264 2140
1264 2139
1264 2138
1264 2137
1264 2136
1264 2135
1264 2134
1264 2133
1264 2132
1264 2131
1264 2130
1265 2129
1265 2128
1266 2127
1267 2126
1268 2125
1268 2124
1267 2123
1266 2123
1265 2122
1264 2121
1264 2120
1263 2119
1263 2118
1262 2117
1262 2116
1261 2115
1261 2114
1261 2113
1260 2112
1260 2111
1260 2110
1260 2109
1260 2108
1260 2107
1260 2106
1261 2105
1261 2104
1260 2103
1259 2102
1258 2102
1257 2101
1256 2100
1255 2099
1255 2098
1254 2097
1254 2096
1253 2095
1252 2094
1251 2093
1250 2092
1249 2092
1248 2091
1247 2091
1246 2090
1245 2090
1244 2090
1243 2089
1242 2089
1241 2089
1240 2088
1239 2088
1238 2088
1237 2087
1236 2087
1235 2086
1234 2086
1233 2085
1232 2085
1231 2085
1230 2085
1229 2084
1228 2084
1227 2084
1226 2083
1225 2082
1224 2082
1223 2082
1222 2081
1221 2081
1220 2081
1219 2080
1218 2080
1217 2080
1216 2079
1215 2079
1214 2078
1213 2078
1212 2078
1211 2077
1210 2077
1209 2076
1208 2076
1207 2076
1206 2076
1205 2076
1204 2076
1203 2076
1202 2075
1201 2075
1200 2074
1199 2074
1198 2073
1197 2073
1196 2073
1195 2073
1194 2073
1193 2073
1192 2073
1191 2073
1190 2072
1189 2072
1188 2072
1187 2072
1186 2072
1185 2072
1184 2072
1183 2071
1182 2071
1181 2071
1180 2071
1179 2071
1178 2071
1177 2071
1176 2071
1175 2071
1174 2071
1173 2071
1172 2071
1171 2071
1170 2071
1169 2071
1168 2071
1167 2071
1166 2071
1165 2071
1164 2071
1163 2071
1162 2071
1161 2071
1160 2071
1159 2071
1158 2071
1157 2071
1156 2071
1155 2071
1154 2071
1153 2071
1152 2071
1151 2071
1150 2071
1149 2071
1148 2071
1147 2071
1146 2071
1145 2071
1144 2071
1143 2071
1142 2071
1141 2071
1140 2071
1139 2071
