238 1065
237 1066
236 1066
235 1066
234 1066
233 1066
232 1066
231 1066
230 1066
229 1066
228 1066
227 1066
226 1066
225 1066
224 1066
223 1067
222 1067
221 1067
220 1067
219 1067
218 1067
217 1067
216 1068
215 1068
214 1068
213 1069
212 1069
211 1069
210 1069
209 1069
208 1069
207 1069
206 1069
205 1069
204 1069
203 1069
202 1070
201 1071
200 1071
199 1072
198 1072
197 1072
196 1073
195 1073
194 1074
193 1074
192 1074
191 1075
190 1076
189 1076
188 1077
187 1078
186 1078
185 1079
184 1080
183 1080
182 1081
181 1082
181 1083
181 1084
180 1085
180 1086
179 1087
179 1088
178 1089
178 1090
178 1091
177 1092
177 1093
177 1094
177 1095
178 1096
178 1097
178 1098
179 1099
180 1100
181 1100
182 1101
183 1101
184 1101
185 1101
186 1101
187 1101
188 1102
189 1102
190 1102
191 1102
192 1102
193 1102
194 1102
195 1102
196 1102
197 1102
198 1102
199 1102
200 1102
201 1102
202 1102
203 1102
204 1102
205 1102
206 1102
207 1102
208 1102
209 1102
210 1102
211 1102
212 1102
213 1102
214 1102
215 1103
216 1103
217 1103
218 1104
219 1104
220 1104
221 1104
222 1104
223 1104
224 1104
225 1103
226 1103
227 1103
228 1102
229 1102
230 1102
231 1102
232 1102
233 1102
234 1102
235 1102
236 1102
237 1102
238 1102
239 1103
240 1103
241 1103
242 1104
243 1104
244 1104
245 1105
246 1105
247 1105
248 1105
249 1105
250 1105
251 1105
252 1105
253 1106
254 1106
255 1106
256 1106
257 1106
258 1107
259 1107
260 1107
261 1107
262 1107
263 1107
264 1107
265 1107
266 1107
267 1107
268 1107
269 1107
270 1107
271 1107
272 1108
273 1108
274 1109
275 1109
276 1110
277 1110
278 1110
279 1110
280 1110
281 1111
282 1111
283 1111
284 1111
285 1111
286 1111
287 1111
288 1112
289 1112
290 1112
291 1112
292 1112
293 1112
294 1112
295 1112
296 1112
297 1113
298 1113
299 1113
300 1114
301 1114
302 1114
303 1114
304 1114
305 1114
306 1114
307 1115
308 1116
309 1116
310 1117
311 1117
312 1117
313 1117
314 1117
315 1117
316 1117
317 1117
318 1117
319 1117
320 1117
321 1118
322 1118
323 1118
324 1119
325 1119
326 1119
327 1120
328 1120
329 1120
330 1120
331 1120
332 1120
333 1120
334 1120
335 1120
336 1120
337 1120
338 1120
339 1120
340 1120
341 1120
342 1120
343 1120
344 1120
345 1120
346 1120
347 1120
348 1120
349 1120
350 1120
351 1120
352 1120
353 1120
354 1120
355 1120
356 1120
357 1120
358 1120
359 1120
360 1120
361 1120
362 1120
363 1120
364 1120
365 1120
366 1120
367 1120
368 1119
369 1119
370 1119
371 1118
372 1118
373 1118
374 1117
375 1117
376 1116
377 1115
378 1115
379 1114
380 1114
381 1114
382 1113
383 1113
384 1113
385 1112
386 1112
387 1112
388 1112
389 1111
390 1110
391 1109
391 1108
391 1107
392 1106
392 1105
392 1104
392 1103
393 1102
393 1101
393 1100
393 1099
393 1098
393 1097
393 1096
393 1095
392 1094
391 1093
390 1092
390 1091
389 1090
388 1089
388 1088
387 1088
386 1087
386 1086
385 1086
384 1085
383 1085
382 1084
381 1084
380 1084
379 1083
378 1083
377 1082
376 1082
375 1082
374 1082
373 1081
372 1080
371 1080
370 1079
369 1078
368 1078
367 1077
366 1077
365 1077
364 1077
363 1077
362 1077
361 1077
360 1077
359 1077
358 1077
357 1077
356 1076
355 1075
354 1074
354 1073
353 1073
352 1072
351 1072
350 1071
349 1071
348 1071
347 1071
346 1071
345 1071
344 1070
343 1070
342 1070
341 1069
340 1069
339 1069
338 1069
337 1069
336 1069
335 1069
334 1069
333 1069
332 1069
331 1069
330 1069
329 1069
328 1069
327 1069
326 1069
325 1069
324 1069
323 1069
322 1069
321 1069
320 1069
319 1069
318 1069
317 1069
316 1069
315 1069
314 1069
313 1069
312 1069
311 1068
310 1068
309 1068
308 1067
307 1067
306 1067
305 1067
304 1067
303 1067
302 1067
301 1067
300 1067
299 1067
298 1067
297 1067
296 1067
295 1067
294 1067
293 1067
292 1067
291 1067
290 1067
289 1067
288 1067
287 1067
286 1067
285 1067
284 1067
283 1067
282 1067
281 1067
280 1067
279 1067
278 1067
277 1067
276 1067
275 1067
274 1067
273 1067
272 1067
271 1066
270 1066
269 1066
268 1066
267 1066
266 1066
265 1066
264 1066
263 1066
262 1066
261 1066
260 1066
259 1066
258 1066
257 1066
256 1066
255 1065
254 1065
253 1065
252 1065
251 1065
250 1065
249 1065
248 1065
247 1065
246 1065
245 1065
244 1065
243 1065
242 1065
241 1065
240 1065
239 1065
238 1065
