1220 1178
1219 1179
1218 1179
1217 1179
1216 1179
1215 1179
1214 1179
1213 1179
1212 1179
1211 1179
1210 1180
1209 1180
1208 1180
1207 1180
1206 1181
1205 1182
1204 1183
1203 1184
1202 1185
1201 1186
1200 1187
1199 1188
1198 1189
1197 1190
1196 1191
1195 1191
1194 1191
1193 1192
1192 1192
1191 1193
1190 1193
1189 1194
1188 1194
1187 1195
1187 1196
1186 1197
1186 1198
1186 1199
1185 1200
1184 1201
1183 1201
1182 1201
1181 1201
1180 1202
1180 1203
1181 1204
1182 1205
1183 1206
1184 1207
1185 1208
1186 1209
1187 1210
1188 1211
1189 1212
1189 1213
1189 1214
1190 1215
1190 1216
1190 1217
1190 1218
1190 1219
1191 1220
1191 1221
1192 1222
1193 1222
1194 1223
1195 1223
1196 1224
1197 1225
1198 1225
1199 1225
1200 1226
1201 1226
1202 1226
1203 1227
1204 1227
1205 1228
1206 1228
1207 1229
1208 1229
1209 1229
1210 1229
1211 1229
1212 1230
1213 1230
1214 1231
1215 1231
1216 1232
1217 1232
1218 1233
1219 1233
1220 1234
1221 1234
1222 1234
1223 1235
1224 1235
1225 1235
1226 1235
1227 1235
1228 1236
1229 1236
1230 1236
1231 1236
1232 1237
1233 1237
1234 1237
1235 1238
1236 1238
1237 1238
1238 1238
1239 1238
1240 1238
1241 1238
1242 1239
1243 1239
1244 1240
1245 1240
1246 1241
1247 1241
1248 1241
1249 1242
1250 1242
1251 1242
1252 1242
1253 1241
1254 1241
1255 1241
1256 1241
1257 1240
1258 1240
1259 1240
1260 1240
1261 1241
1262 1241
1263 1241
1264 1241
1265 1241
1266 1241
1267 1241
1268 1241
1269 1241
1270 1241
1271 1242
1272 1242
1273 1242
1274 1243
1275 1242
1276 1242
1277 1242
1278 1243
1279 1243
1280 1243
1281 1244
1282 1244
1283 1244
1284 1244
1285 1244
1286 1244
1287 1244
1288 1245
1289 1245
1290 1245
1291 1245
1292 1246
1293 1246
1294 1246
1295 1246
1296 1246
1297 1247
1298 1247
1299 1247
1300 1248
1301 1248
1302 1248
1303 1249
1304 1249
1305 1249
1306 1249
1307 1248
1308 1248
1309 1248
1310 1247
1311 1247
1312 1247
1313 1247
1314 1247
1315 1247
1316 1247
1317 1247
1318 1246
1318 1245
1318 1244
1318 1243
1318 1242
1319 1241
1319 1240
1319 1239
1319 1238
1319 1237
1320 1236
1320 1235
1321 1234
1321 1233
1321 1232
1321 1231
1321 1230
1322 1229
1322 1228
1322 1227
1322 1226
1323 1225
1323 1224
1323 1223
1324 1222
1325 1221
1325 1220
1325 1219
1326 1218
1326 1217
1326 1216
1327 1215
1327 1214
1328 1213
1329 1212
1329 1211
1329 1210
1329 1209
1329 1208
1329 1207
1329 1206
1330 1205
1330 1204
1330 1203
1331 1202
1331 1201
1331 1200
1331 1199
1331 1198
1331 1197
1331 1196
1332 1195
1332 1194
1332 1193
1332 1192
1332 1191
1332 1190
1332 1189
1331 1188
1331 1187
1331 1186
1330 1185
1330 1184
1329 1183
1328 1182
1327 1182
1326 1181
1325 1181
1324 1181
1323 1181
1322 1181
1321 1181
1320 1181
1319 1181
1318 1181
1317 1181
1316 1181
1315 1181
1314 1181
1313 1181
1312 1181
1311 1181
1310 1181
1309 1181
1308 1181
1307 1181
1306 1181
1305 1181
1304 1181
1303 1181
1302 1181
1301 1181
1300 1181
1299 1182
1298 1182
1297 1182
1296 1183
1295 1183
1294 1183
1293 1183
1292 1184
1291 1184
1290 1184
1289 1184
1288 1185
1287 1185
1286 1185
1285 1186
1284 1186
1283 1186
1282 1186
1281 1187
1280 1187
1279 1187
1278 1188
1277 1188
1276 1188
1275 1188
1274 1189
1273 1189
1272 1189
1271 1190
1270 1190
1269 1190
1268 1191
1267 1191
1266 1192
1265 1192
1264 1192
1263 1193
1262 1193
1261 1193
1260 1193
1259 1193
1258 1193
1257 1193
1256 1192
1255 1192
1254 1192
1253 1191
1252 1191
1251 1191
1250 1191
1249 1191
1248 1191
1247 1190
1246 1190
1245 1189
1244 1189
1243 1188
1242 1188
1241 1187
1240 1187
1239 1186
1238 1185
1237 1184
1236 1184
1235 1183
1234 1182
1233 1182
1232 1181
1231 1181
1230 1181
1229 1180
1228 1180
1227 1180
1226 1180
1225 1180
1224 1179
1223 1178
1222 1178
1221 1178
1220 1178
