854 89
853 90
852 90
851 90
850 90
849 90
848 90
847 90
846 90
845 90
844 90
843 90
842 90
841 90
840 90
839 90
838 90
837 90
836 91
835 91
834 91
833 91
832 91
831 91
830 91
829 91
828 92
827 92
826 93
825 93
824 93
823 93
822 93
821 93
820 94
819 95
818 95
817 95
816 95
815 96
814 96
813 96
812 97
811 97
810 97
809 98
808 99
807 100
806 101
805 102
804 103
803 104
803 105
802 106
801 107
801 108
800 109
799 110
799 111
798 112
798 113
797 114
796 115
796 116
795 117
794 118
794 119
793 120
792 121
792 122
791 123
790 124
790 125
789 126
788 127
787 128
786 129
785 130
784 131
784 132
784 133
783 134
783 135
782 136
782 137
782 138
782 139
782 140
783 141
784 142
784 143
785 144
786 145
787 146
788 147
788 148
789 149
790 150
791 151
791 152
792 153
793 154
793 155
794 156
794 157
795 158
795 159
795 160
796 161
796 162
797 163
797 164
798 165
798 166
798 167
799 168
799 169
800 170
801 171
802 172
803 173
804 173
805 173
806 174
807 174
808 174
809 175
810 175
811 175
812 175
813 175
814 175
815 175
816 175
817 175
818 175
819 175
820 175
821 176
822 177
823 177
824 177
825 178
826 178
827 179
828 179
829 179
830 180
831 180
832 180
833 180
834 181
835 181
836 180
837 180
838 180
839 180
840 180
841 180
842 180
843 179
844 179
845 179
846 178
847 178
848 177
849 177
850 177
851 176
852 176
853 176
854 176
855 176
856 176
857 175
858 175
859 175
860 175
861 175
862 175
863 175
864 175
865 175
866 175
867 175
868 174
869 174
870 174
871 174
872 174
873 174
874 174
875 174
876 174
877 174
878 174
879 174
880 175
881 176
882 177
882 178
883 179
884 180
884 181
885 182
885 183
886 184
887 185
887 186
888 187
889 188
889 189
890 190
890 191
891 192
891 193
892 194
892 195
893 196
894 197
895 198
896 198
897 199
898 199
899 200
900 200
901 201
902 202
903 202
904 203
905 203
906 203
907 204
908 204
909 204
910 205
911 205
912 205
913 206
914 206
915 206
916 206
917 206
918 206
919 206
920 206
921 206
922 206
923 206
924 206
925 206
926 206
927 206
928 206
929 206
930 206
931 206
932 206
933 206
934 206
935 206
936 206
937 206
938 206
939 206
940 206
941 206
942 206
943 206
944 206
945 206
946 206
947 205
948 205
949 205
950 205
951 205
952 205
953 205
954 205
955 205
956 204
957 204
958 203
959 203
960 203
961 203
962 203
963 202
964 202
965 201
966 201
967 201
968 201
969 201
970 201
971 200
972 200
973 200
974 200
975 200
976 200
977 200
978 200
979 200
980 200
981 200
982 200
983 199
984 199
985 199
986 198
987 198
988 198
989 198
990 197
991 197
992 197
993 197
994 197
995 197
996 197
997 197
998 196
999 196
1000 196
1001 196
1002 196
1003 196
1004 196
1005 196
1006 196
1007 196
1008 196
1009 196
1010 196
1011 196
1012 195
1013 195
1014 194
1015 193
1016 193
1017 192
1017 191
1018 190
1019 189
1020 188
1021 187
1022 186
1023 186
1024 186
1025 186
1026 187
1027 187
1028 187
1029 188
1030 188
1031 189
1032 189
1033 189
1034 190
1035 190
1036 190
1037 191
1038 191
1039 191
1040 191
1041 191
1042 191
1043 191
1044 191
1045 191
1046 191
1047 190
1048 190
1049 189
1050 189
1051 188
1052 188
1053 188
1054 187
1055 187
1056 186
1057 185
1058 185
1059 184
1059 183
1060 182
1060 181
1061 180
1062 179
1062 178
1063 177
1064 176
1065 176
1066 175
1067 174
1068 174
1069 173
1070 172
1070 171
1071 170
1071 169
1072 168
1073 167
1074 167
1075 166
1076 166
1077 166
1078 165
1079 164
1079 163
1079 162
1079 161
1079 160
1078 159
1078 158
1078 157
1078 156
1078 155
1078 154
1078 153
1078 152
1078 151
1078 150
1079 149
1079 148
1079 147
1079 146
1079 145
1079 144
1079 143
1078 142
1078 141
1078 140
1078 139
1078 138
1078 137
1078 136
1078 135
1078 134
1077 133
1077 132
1077 131
1076 130
1076 129
1075 128
1075 127
1074 126
1073 125
1073 124
1072 123
1071 123
1070 122
1069 122
1068 121
1067 121
1066 120
1065 120
1064 120
1063 119
1062 119
1061 118
1060 118
1059 117
1058 117
1057 116
1056 116
1055 116
1054 115
1053 114
1052 114
1051 113
1050 113
1049 112
1048 112
1047 112
1046 111
1045 111
1044 111
1043 110
1042 109
1041 109
1040 109
1039 108
1038 108
1037 107
1036 107
1035 107
1034 106
1033 106
1032 105
1031 105
1030 105
1029 104
1028 104
1027 104
1026 103
1025 103
1024 102
1023 102
1022 102
1021 101
1020 101
1019 101
1018 100
1017 100
1016 99
1015 99
1014 99
1013 98
1012 98
1011 98
1010 97
1009 97
1008 96
1007 96
1006 96
1005 96
1004 95
1003 95
1002 95
1001 95
1000 94
999 94
998 95
997 95
996 96
995 96
994 97
993 97
992 98
991 98
990 98
989 98
988 97
987 97
986 97
985 96
984 96
983 96
982 95
981 95
980 96
979 96
978 97
977 97
976 98
975 98
974 98
973 98
972 97
971 97
970 96
969 96
968 96
967 95
966 95
965 95
964 95
963 95
962 95
961 94
960 93
959 93
958 93
957 93
956 93
955 93
954 92
953 92
952 92
951 92
950 91
949 92
948 92
947 91
946 91
945 91
944 90
943 90
942 90
941 90
940 90
939 90
938 90
937 90
936 90
935 90
934 89
933 89
932 89
931 89
930 89
929 89
928 89
927 90
926 90
925 90
924 90
923 90
922 90
921 90
920 90
919 90
918 90
917 90
916 90
915 90
914 90
913 90
912 89
911 89
910 89
909 89
908 89
907 89
906 89
905 89
904 89
903 89
902 89
901 89
900 89
899 89
898 89
897 89
896 89
895 89
894 89
893 89
892 89
891 89
890 89
889 89
888 89
887 89
886 89
885 89
884 89
883 89
882 89
881 89
880 89
879 89
878 89
877 89
876 89
875 89
874 89
873 90
872 90
871 90
870 90
869 90
868 89
867 89
866 89
865 89
864 89
863 89
862 89
861 89
860 89
859 89
858 89
857 89
856 89
855 89
854 89
