160 1782
159 1783
158 1784
157 1785
156 1786
155 1786
154 1787
153 1788
152 1788
151 1789
150 1789
149 1790
148 1790
147 1790
146 1790
145 1791
144 1791
143 1791
142 1792
141 1792
140 1792
139 1793
138 1793
137 1794
136 1794
135 1794
134 1795
133 1795
132 1795
131 1795
130 1795
129 1795
128 1795
127 1795
126 1795
125 1795
124 1795
123 1795
122 1795
121 1795
120 1795
119 1795
118 1795
117 1795
116 1795
115 1795
114 1794
113 1794
112 1794
111 1794
110 1795
109 1796
108 1797
108 1798
107 1799
106 1800
106 1801
105 1802
105 1803
104 1804
104 1805
104 1806
104 1807
104 1808
104 1809
104 1810
105 1811
105 1812
105 1813
105 1814
105 1815
105 1816
105 1817
105 1818
105 1819
105 1820
105 1821
104 1822
104 1823
104 1824
104 1825
104 1826
104 1827
104 1828
104 1829
104 1830
104 1831
104 1832
104 1833
104 1834
104 1835
104 1836
104 1837
104 1838
103 1839
103 1840
103 1841
103 1842
103 1843
103 1844
102 1845
102 1846
102 1847
102 1848
102 1849
102 1850
102 1851
102 1852
102 1853
102 1854
102 1855
102 1856
102 1857
102 1858
102 1859
102 1860
102 1861
102 1862
102 1863
102 1864
102 1865
102 1866
102 1867
102 1868
102 1869
102 1870
102 1871
102 1872
103 1873
103 1874
103 1875
103 1876
103 1877
103 1878
103 1879
104 1880
104 1881
104 1882
104 1883
104 1884
104 1885
105 1886
105 1887
106 1888
107 1889
108 1890
109 1891
110 1892
111 1893
112 1893
113 1894
114 1894
115 1894
116 1894
117 1895
118 1895
119 1895
120 1895
121 1895
122 1895
123 1895
124 1895
125 1896
126 1896
127 1896
128 1896
129 1896
130 1896
131 1896
132 1896
133 1896
134 1896
135 1896
136 1896
137 1896
138 1897
139 1897
140 1897
141 1897
142 1897
143 1897
144 1898
145 1898
146 1899
147 1899
148 1899
149 1899
150 1899
151 1899
152 1899
153 1900
154 1900
155 1900
156 1900
157 1900
158 1900
159 1900
160 1900
161 1900
162 1900
163 1900
164 1900
165 1900
166 1900
167 1900
168 1900
169 1900
170 1900
171 1900
172 1900
173 1900
174 1900
175 1900
176 1900
177 1900
178 1900
179 1900
180 1900
181 1900
182 1899
183 1899
184 1898
185 1898
186 1897
187 1897
188 1897
189 1897
190 1897
191 1897
192 1897
193 1897
194 1897
195 1897
196 1897
197 1897
198 1897
199 1897
200 1897
201 1897
202 1897
203 1897
204 1897
205 1897
206 1897
207 1897
208 1897
209 1896
210 1896
211 1896
212 1896
213 1896
214 1896
215 1896
216 1896
217 1896
218 1896
219 1896
220 1896
221 1896
222 1896
223 1896
224 1896
225 1896
226 1896
227 1896
228 1896
229 1896
230 1896
231 1895
232 1895
233 1895
234 1895
235 1895
236 1895
237 1895
238 1895
239 1895
240 1895
241 1895
242 1895
243 1895
244 1895
245 1895
246 1895
247 1895
248 1895
249 1895
250 1895
251 1895
252 1895
253 1895
254 1895
255 1895
256 1895
257 1894
258 1894
259 1893
260 1892
261 1892
262 1891
263 1890
264 1890
265 1890
266 1889
267 1888
268 1888
269 1887
270 1886
271 1886
272 1885
273 1884
274 1883
275 1882
276 1881
277 1880
278 1879
279 1879
280 1878
281 1877
282 1876
283 1875
284 1874
285 1874
286 1873
287 1872
288 1871
289 1870
290 1869
291 1868
292 1867
293 1866
294 1865
295 1864
295 1863
296 1862
296 1861
297 1860
298 1859
298 1858
299 1857
299 1856
299 1855
299 1854
299 1853
299 1852
299 1851
299 1850
298 1849
298 1848
298 1847
298 1846
298 1845
298 1844
298 1843
298 1842
298 1841
298 1840
298 1839
298 1838
298 1837
298 1836
297 1835
297 1834
297 1833
296 1832
296 1831
296 1830
296 1829
295 1828
295 1827
294 1826
293 1825
293 1824
293 1823
293 1822
293 1821
293 1820
292 1819
292 1818
291 1817
291 1816
290 1815
290 1814
289 1813
289 1812
288 1811
287 1810
287 1809
286 1808
286 1807
285 1806
284 1805
283 1804
282 1804
281 1803
280 1803
279 1803
278 1803
277 1803
276 1803
275 1803
274 1802
273 1802
272 1802
271 1802
270 1802
269 1802
268 1801
267 1801
266 1801
265 1800
264 1800
263 1800
262 1800
261 1799
260 1799
259 1799
258 1799
257 1799
256 1799
255 1799
254 1799
253 1798
252 1798
251 1798
250 1798
249 1798
248 1797
247 1797
246 1797
245 1796
244 1796
243 1795
242 1795
241 1794
240 1794
239 1794
238 1794
237 1794
236 1793
235 1792
234 1792
233 1791
232 1791
231 1790
230 1790
229 1790
228 1789
227 1789
226 1789
225 1788
224 1787
223 1787
222 1786
221 1786
220 1786
219 1785
218 1786
217 1786
216 1786
215 1786
214 1786
213 1786
212 1786
211 1786
210 1786
209 1786
208 1786
207 1786
206 1786
205 1786
204 1786
203 1786
202 1786
201 1786
200 1786
199 1785
198 1786
197 1786
196 1786
195 1787
194 1787
193 1787
192 1787
191 1787
190 1787
189 1787
188 1787
187 1787
186 1786
185 1786
184 1785
183 1785
182 1784
181 1784
180 1784
179 1784
178 1784
177 1784
176 1784
175 1783
174 1783
173 1782
172 1782
171 1782
170 1782
169 1782
168 1782
167 1782
166 1782
165 1782
164 1782
163 1782
162 1782
161 1782
160 1782
