625 1229
624 1230
623 1230
622 1230
621 1230
620 1230
619 1230
618 1230
617 1230
616 1231
615 1231
614 1232
613 1233
612 1233
611 1234
610 1235
609 1236
608 1237
607 1237
606 1237
605 1237
604 1237
603 1237
602 1237
601 1237
600 1237
599 1237
598 1237
597 1237
596 1237
595 1237
594 1237
593 1238
592 1238
591 1238
590 1239
589 1239
588 1239
587 1239
586 1239
585 1239
584 1240
583 1240
582 1241
581 1241
580 1241
579 1242
578 1242
577 1242
576 1242
575 1242
574 1242
573 1242
572 1243
571 1243
570 1244
569 1245
568 1246
567 1247
566 1248
565 1249
564 1250
563 1251
562 1252
561 1253
560 1253
559 1254
558 1254
557 1255
556 1256
555 1257
554 1258
554 1259
554 1260
554 1261
554 1262
554 1263
554 1264
555 1265
555 1266
556 1267
557 1267
558 1267
559 1267
560 1267
561 1267
562 1267
563 1267
564 1268
565 1268
566 1269
567 1269
568 1270
569 1271
570 1271
571 1272
572 1272
573 1272
574 1273
575 1273
576 1273
577 1274
578 1274
579 1275
580 1276
581 1277
582 1278
583 1279
584 1280
585 1280
586 1281
587 1282
588 1283
589 1284
590 1284
591 1285
592 1285
593 1285
594 1286
595 1287
596 1287
597 1288
598 1288
599 1289
600 1289
601 1289
602 1289
603 1289
604 1289
605 1290
606 1290
607 1291
608 1291
609 1291
610 1291
611 1291
612 1291
613 1291
614 1291
615 1292
616 1292
617 1292
618 1293
619 1293
620 1294
621 1294
622 1295
623 1295
624 1295
625 1295
626 1295
627 1295
628 1295
629 1295
630 1295
631 1295
632 1295
633 1295
634 1295
635 1295
636 1294
637 1294
638 1294
639 1293
640 1293
641 1293
642 1292
643 1292
644 1291
645 1291
646 1290
647 1290
648 1289
649 1289
650 1289
651 1288
652 1288
653 1288
654 1287
655 1286
656 1285
657 1284
658 1284
659 1283
660 1283
661 1282
662 1281
663 1280
663 1279
664 1278
664 1277
664 1276
664 1275
664 1274
664 1273
664 1272
664 1271
664 1270
664 1269
664 1268
664 1267
664 1266
664 1265
664 1264
664 1263
664 1262
664 1261
664 1260
664 1259
664 1258
664 1257
663 1256
663 1255
663 1254
662 1253
662 1252
662 1251
662 1250
661 1249
660 1248
659 1247
658 1246
657 1245
656 1244
655 1243
654 1242
653 1241
652 1241
651 1241
650 1241
649 1241
648 1240
647 1239
646 1239
645 1238
644 1237
643 1237
642 1236
641 1235
640 1235
639 1234
638 1233
637 1232
636 1231
635 1231
634 1230
633 1229
632 1229
631 1229
630 1229
629 1229
628 1229
627 1229
626 1229
625 1229
