1092 433
1091 434
1090 435
1089 436
1088 437
1087 437
1086 438
1085 439
1084 439
1083 439
1082 440
1081 440
1080 440
1079 441
1078 441
1077 441
1076 441
1075 441
1074 441
1073 441
1072 442
1071 442
1070 443
1070 444
1069 445
1069 446
1069 447
1069 448
1069 449
1069 450
1069 451
1069 452
1069 453
1069 454
1069 455
1069 456
1069 457
1069 458
1068 459
1068 460
1068 461
1068 462
1067 463
1067 464
1067 465
1067 466
1067 467
1066 468
1066 469
1066 470
1065 471
1065 472
1065 473
1064 474
1064 475
1064 476
1064 477
1064 478
1064 479
1064 480
1064 481
1064 482
1064 483
1064 484
1064 485
1064 486
1064 487
1064 488
1064 489
1064 490
1064 491
1064 492
1064 493
1065 494
1065 495
1065 496
1066 497
1067 498
1067 499
1067 500
1067 501
1068 502
1068 503
1069 504
1069 505
1070 506
1071 507
1072 508
1073 509
1073 510
1074 511
1075 512
1075 513
1076 514
1077 515
1077 516
1077 517
1078 518
1079 519
1079 520
1079 521
1080 522
1081 523
1081 524
1082 525
1082 526
1083 527
1084 528
1085 529
1086 530
1087 531
1088 532
1089 533
1089 534
1090 535
1091 536
1091 537
1091 538
1092 539
1093 540
1093 541
1093 542
1094 543
1095 544
1095 545
1096 546
1096 547
1096 548
1097 549
1097 550
1097 551
1097 552
1098 553
1098 554
1098 555
1098 556
1099 557
1099 558
1099 559
1099 560
1099 561
1099 562
1099 563
1099 564
1099 565
1099 566
1099 567
1100 568
1100 569
1100 570
1101 571
1102 572
1102 573
1102 574
1103 575
1103 576
1103 577
1103 578
1103 579
1103 580
1104 581
1104 582
1105 583
1105 584
1106 585
1107 586
1108 587
1109 588
1110 589
1111 590
1112 591
1113 592
1114 592
1115 593
1116 593
1117 594
1118 594
1119 595
1120 595
1121 595
1122 595
1123 596
1124 596
1125 597
1126 598
1127 599
1127 600
1128 601
1129 602
1130 603
1130 604
1131 605
1132 606
1133 607
1133 608
1134 609
1135 610
1135 611
1136 612
1137 613
1137 614
1138 615
1139 616
1139 617
1140 618
1140 619
1141 620
1142 621
1142 622
1142 623
1143 624
1143 625
1143 626
1143 627
1143 628
1143 629
1143 630
1144 631
1144 632
1145 632
1146 633
1147 634
1148 635
1149 636
1150 636
1151 637
1152 638
1152 639
1153 640
1154 641
1154 642
1154 643
1155 644
1156 645
1156 646
1156 647
1157 648
1158 649
1158 650
1158 651
1159 652
1160 653
1161 654
1161 655
1162 656
1163 657
1163 658
1164 659
1165 660
1165 661
1165 662
1166 663
1166 664
1167 665
1167 666
1167 667
1168 668
1169 669
1170 670
1171 671
1172 671
1173 672
1174 673
1175 674
1176 675
1177 676
1178 677
1179 678
1180 679
1181 680
1182 681
1182 682
1183 683
1183 684
1184 685
1184 686
1184 687
1185 688
1186 689
1186 690
1186 691
1187 692
1188 693
1188 694
1188 695
1189 696
1190 697
1190 698
1191 699
1192 700
1193 701
1193 702
1193 703
1194 704
1195 705
1195 706
1195 707
1195 708
1195 709
1195 710
1195 711
1196 712
1196 713
1196 714
1197 715
1198 716
1199 717
1200 718
1201 718
1202 719
1203 720
1204 720
1205 721
1206 722
1207 723
1208 724
1209 725
1210 726
1210 727
1211 728
1212 729
1212 730
1212 731
1213 732
1214 733
1214 734
1215 735
1216 736
1217 737
1217 738
1218 739
1218 740
1219 741
1219 742
1220 743
1221 744
1222 745
1223 745
1224 746
1225 746
1226 747
1227 748
1228 748
1229 748
1230 749
1231 749
1232 749
1233 750
1234 750
1235 751
1236 752
1237 753
1238 754
1239 755
1240 756
1240 757
1241 758
1242 759
1242 760
1243 761
1244 762
1245 763
1246 764
1247 765
1247 766
1248 767
1249 768
1249 769
1250 770
1251 771
1252 772
1253 773
1254 774
1255 775
1256 776
1257 777
1258 778
1259 779
1260 780
1261 781
1261 782
1262 783
1263 784
1264 785
1265 786
1265 787
1266 788
1267 788
1268 789
1269 789
1270 789
1271 789
1272 789
1273 789
1274 790
1275 790
1276 791
1277 791
1278 792
1279 792
1280 793
1281 793
1282 793
1283 793
1284 794
1285 794
1286 794
1287 795
1288 795
1289 795
1290 795
1291 796
1292 797
1293 797
1294 797
1295 798
1296 798
1297 798
1298 797
1299 796
1300 795
1301 794
1301 793
1302 792
1303 792
1304 791
1305 791
1306 792
1307 792
1308 792
1309 793
1310 794
1311 794
1312 794
1313 794
1314 794
1315 794
1316 793
1317 793
1318 792
1319 792
1320 792
1321 791
1322 790
1323 790
1324 790
1325 789
1326 788
1327 788
1328 787
1329 787
1330 786
1331 785
1332 785
1333 784
1334 783
1335 782
1336 781
1337 781
1338 780
1339 779
1340 779
1341 778
1342 777
1343 776
1344 776
1345 776
1346 775
1347 774
1348 774
1349 773
1350 772
1351 771
1352 771
1353 770
1354 770
1355 770
1356 770
1357 769
1358 769
1359 769
1360 768
1361 768
1362 768
1363 767
1364 767
1365 767
1366 767
1367 766
1368 767
1369 767
1370 766
1371 766
1372 765
1373 765
1374 764
1375 764
1376 763
1377 763
1378 762
1379 762
1380 761
1381 761
1382 760
1383 759
1384 759
1385 758
1385 757
1386 756
1387 755
1388 755
1389 754
1390 754
1391 753
1392 753
1393 753
1394 752
1395 752
1396 752
1397 752
1398 752
1399 752
1400 752
1401 752
1402 751
1403 751
1404 750
1405 750
1406 750
1407 749
1408 749
1409 749
1410 748
1411 748
1412 747
1413 746
1414 746
1415 745
1416 745
1417 745
1418 745
1419 745
1420 745
1421 745
1422 745
1423 745
1424 744
1425 743
1426 743
1427 743
1428 742
1429 742
1430 742
1431 741
1432 741
1433 741
1434 740
1435 739
1436 739
1437 739
1438 738
1439 738
1440 738
1441 738
1442 737
1443 736
1444 736
1445 736
1446 735
1447 734
1448 734
1449 733
1450 732
1451 732
1452 732
1453 732
1454 731
1455 731
1456 731
1457 731
1458 731
1459 731
1460 731
1461 731
1462 731
1463 730
1464 729
1465 729
1466 729
1467 728
1468 727
1469 727
1470 726
1471 725
1472 725
1473 724
1474 724
1475 724
1476 724
1477 723
1478 722
1479 722
1480 721
1481 720
1482 720
1483 719
1484 719
1485 718
1486 718
1487 718
1488 718
1489 717
1490 717
1491 717
1492 717
1493 717
1494 717
1495 716
1496 716
1497 716
1498 716
1499 716
1500 716
1501 716
1502 716
1503 716
1504 716
1505 716
1506 716
1507 716
1508 716
1509 715
1510 715
1511 715
1512 714
1513 714
1514 714
1515 714
1516 714
1517 714
1518 714
1519 714
1520 715
1521 715
1522 715
1523 715
1524 716
1525 716
1526 716
1527 716
1528 715
1529 715
1530 715
1531 715
1532 714
1533 713
1534 713
1535 712
1536 711
1537 711
1538 711
1539 711
1540 710
1541 710
1542 710
1543 710
1544 710
1545 710
1546 710
1547 710
1548 710
1549 710
1550 710
1551 710
1552 710
1553 710
1554 710
1555 711
1556 711
1557 712
1558 713
1559 713
1560 714
1561 715
1562 716
1563 717
1564 718
1565 719
1565 720
1566 721
1567 722
1568 722
1569 723
1570 724
1571 724
1572 724
1573 724
1574 725
1575 725
1576 726
1577 727
1578 727
1579 728
1580 728
1581 728
1582 728
1583 728
1584 728
1585 728
1586 728
1587 728
1588 728
1589 728
1590 728
1591 728
1592 728
1593 728
1594 728
1595 728
1596 727
1597 727
1598 727
1599 726
1600 726
1601 726
1602 726
1603 726
1604 726
1605 726
1606 726
1607 726
1608 726
1609 726
1610 726
1611 726
1612 726
1613 726
1614 726
1615 726
1616 726
1617 726
1618 726
1619 726
1620 726
1621 725
1622 725
1623 725
1624 724
1625 724
1626 724
1627 724
1628 723
1629 723
1630 723
1631 723
1632 723
1633 723
1634 723
1635 723
1636 723
1637 723
1638 723
1639 722
1640 722
1641 722
1642 721
1643 721
1644 721
1645 721
1646 721
1647 721
1648 721
1649 722
1650 722
1651 722
1652 723
1653 723
1654 723
1655 723
1656 723
1657 723
1658 722
1659 722
1660 722
1661 722
1662 721
1663 721
1664 720
1665 720
1666 720
1667 719
1668 718
1669 718
1670 717
1671 717
1672 716
1673 716
1674 716
1675 716
1676 716
1677 715
1678 715
1679 715
1680 715
1681 714
1682 714
1683 714
1684 714
1685 715
1686 715
1687 715
1688 715
1689 716
1690 716
1691 716
1692 716
1693 716
1694 717
1695 717
1696 717
1697 717
1698 717
1699 717
1700 717
1701 716
1702 716
1703 716
1704 716
1705 716
1706 716
1707 716
1708 716
1709 716
1710 716
1711 716
1712 716
1713 716
1714 716
1715 716
1716 716
1717 716
1718 716
1719 716
1720 716
1721 716
1722 717
1723 717
1724 717
1725 717
1726 718
1727 718
1728 718
1729 718
1730 719
1731 719
1732 719
1733 719
1734 719
1735 718
1736 717
1737 716
1738 715
1739 714
1739 713
1740 712
1740 711
1741 710
1742 709
1743 708
1743 707
1743 706
1743 705
1744 704
1744 703
1745 702
1745 701
1746 700
1746 699
1747 698
1747 697
1747 696
1747 695
1747 694
1747 693
1748 692
1748 691
1748 690
1749 689
1749 688
1749 687
1749 686
1749 685
1749 684
1749 683
1749 682
1749 681
1749 680
1749 679
1749 678
1749 677
1749 676
1749 675
1749 674
1749 673
1749 672
1749 671
1749 670
1749 669
1748 668
1748 667
1748 666
1747 665
1747 664
1747 663
1747 662
1747 661
1747 660
1747 659
1747 658
1747 657
1746 656
1746 655
1745 654
1744 653
1743 652
1742 651
1741 650
1740 649
1740 648
1739 647
1738 646
1737 645
1737 644
1737 643
1737 642
1736 641
1736 640
1736 639
1736 638
1736 637
1736 636
1736 635
1735 634
1735 633
1734 632
1733 631
1732 630
1732 629
1731 628
1730 627
1730 626
1729 625
1728 625
1727 624
1726 623
1725 623
1724 622
1723 621
1722 620
1722 619
1721 618
1720 617
1719 616
1719 615
1718 614
1717 613
1716 612
1715 611
1714 610
1713 609
1713 608
1712 607
1711 606
1711 605
1710 604
1709 603
1709 602
1709 601
1709 600
1708 599
1708 598
1708 597
1707 596
1706 596
1705 595
1704 595
1703 594
1702 593
1701 593
1700 592
1699 592
1698 592
1697 592
1696 591
1695 591
1694 591
1693 590
1692 590
1691 589
1690 589
1689 588
1688 587
1687 587
1686 587
1685 587
1684 586
1683 586
1682 586
1681 585
1680 585
1679 584
1678 584
1677 584
1676 583
1675 583
1674 583
1673 583
1672 582
1671 582
1670 582
1669 582
1668 581
1667 580
1666 579
1665 579
1664 578
1663 578
1662 578
1661 578
1660 577
1659 577
1658 577
1657 576
1656 576
1655 576
1654 576
1653 576
1652 575
1651 575
1650 575
1649 575
1648 575
1647 574
1646 574
1645 573
1644 572
1643 572
1642 571
1641 570
1640 569
1639 568
1638 568
1637 567
1636 567
1635 567
1634 566
1633 566
1632 565
1631 564
1630 564
1629 563
1628 563
1627 563
1626 563
1625 562
1624 562
1623 562
1622 561
1621 561
1620 561
1619 561
1618 561
1617 560
1616 560
1615 560
1614 560
1613 559
1612 559
1611 559
1610 558
1609 558
1608 557
1607 557
1606 557
1605 556
1604 556
1603 556
1602 556
1601 555
1600 555
1599 555
1598 554
1597 553
1596 553
1595 553
1594 553
1593 552
1592 552
1591 552
1590 551
1589 551
1588 550
1587 549
1586 549
1585 548
1584 547
1583 546
1582 546
1581 546
1580 546
1579 545
1578 545
1577 544
1576 544
1575 544
1574 544
1573 543
1572 543
1571 543
1570 542
1569 542
1568 542
1567 541
1566 541
1565 540
1564 540
1563 540
1562 540
1561 539
1560 539
1559 539
1558 539
1557 539
1556 539
1555 538
1554 538
1553 538
1552 538
1551 538
1550 538
1549 537
1548 537
1547 537
1546 537
1545 536
1544 536
1543 535
1542 535
1541 534
1540 534
1539 534
1538 534
1537 533
1536 533
1535 533
1534 533
1533 532
1532 532
1531 532
1530 531
1529 531
1528 531
1527 531
1526 531
1525 530
1524 530
1523 530
1522 529
1521 529
1520 529
1519 528
1518 528
1517 527
1516 527
1515 527
1514 526
1513 526
1512 526
1511 525
1510 525
1509 525
1508 525
1507 525
1506 525
1505 525
1504 525
1503 524
1502 524
1501 524
1500 523
1499 523
1498 523
1497 523
1496 523
1495 522
1494 522
1493 522
1492 522
1491 522
1490 522
1489 522
1488 522
1487 522
1486 522
1485 522
1484 522
1483 522
1482 522
1481 522
1480 522
1479 523
1478 523
1477 523
1476 523
1475 523
1474 523
1473 523
1472 523
1471 523
1470 523
1469 523
1468 523
1467 523
1466 524
1465 524
1464 524
1463 524
1462 524
1461 524
1460 524
1459 524
1458 523
1457 523
1456 523
1455 524
1454 524
1453 524
1452 524
1451 524
1450 524
1449 524
1448 524
1447 524
1446 523
1445 523
1444 523
1443 522
1442 522
1441 522
1440 521
1439 521
1438 520
1437 519
1436 519
1435 519
1434 518
1433 518
1432 518
1431 518
1430 518
1429 517
1428 517
1427 516
1426 515
1425 515
1424 515
1423 514
1422 514
1421 514
1420 513
1419 513
1418 513
1417 512
1416 512
1415 511
1414 511
1413 510
1412 510
1411 509
1410 509
1409 509
1408 508
1407 508
1406 508
1405 507
1404 507
1403 506
1402 505
1401 505
1400 504
1399 503
1398 502
1397 502
1396 502
1395 501
1394 500
1393 499
1392 499
1391 498
1390 497
1389 497
1388 497
1387 496
1386 496
1385 495
1384 494
1383 494
1382 493
1381 492
1380 492
1379 492
1378 491
1377 491
1376 490
1375 490
1374 489
1373 489
1372 488
1371 487
1370 486
1369 485
1368 484
1367 485
1366 486
1365 487
1364 487
1363 488
1362 488
1361 488
1360 489
1359 489
1358 489
1357 489
1356 489
1355 489
1354 489
1353 489
1352 489
1351 489
1351 490
1351 491
1350 492
1350 493
1349 494
1348 495
1348 496
1347 497
1346 498
1345 499
1344 500
1343 501
1342 502
1341 502
1340 503
1339 504
1338 504
1337 504
1336 504
1335 505
1334 505
1333 505
1332 505
1331 506
1330 506
1329 506
1328 506
1327 506
1326 506
1325 506
1324 506
1323 506
1322 505
1321 505
1320 505
1319 504
1318 504
1317 504
1316 504
1315 503
1314 502
1313 502
1312 501
1311 500
1310 499
1309 498
1308 497
1307 496
1307 495
1306 494
1305 493
1305 492
1304 491
1304 490
1304 489
1303 489
1302 488
1301 487
1300 486
1299 485
1298 484
1297 483
1296 482
1295 481
1294 480
1293 480
1292 479
1291 478
1290 477
1289 477
1288 477
1287 478
1286 478
1285 478
1284 478
1283 478
1282 478
1281 478
1280 478
1279 478
1278 477
1277 477
1276 477
1275 477
1274 478
1273 478
1272 478
1271 478
1270 478
1269 478
1268 478
1267 478
1266 478
1265 477
1264 477
1263 477
1262 477
1261 477
1260 477
1259 477
1258 477
1257 477
1256 477
1255 477
1254 477
1253 476
1252 476
1251 476
1250 476
1249 476
1248 476
1247 476
1246 476
1245 476
1244 476
1243 476
1242 476
1241 475
1240 475
1239 475
1238 475
1237 475
1236 475
1235 475
1234 475
1233 475
1232 475
1231 475
1230 474
1229 474
1228 474
1227 474
1226 473
1225 473
1224 473
1223 473
1222 473
1221 473
1220 473
1219 473
1218 473
1217 472
1216 472
1215 472
1214 471
1213 471
1212 471
1211 470
1210 470
1209 469
1208 469
1207 469
1206 469
1205 468
1204 468
1203 468
1202 469
1201 469
1200 469
1199 469
1198 469
1197 469
1196 469
1195 469
1194 469
1193 469
1192 468
1191 468
1190 468
1189 468
1188 468
1187 467
1186 467
1185 466
1184 466
1183 466
1182 466
1181 465
1180 465
1179 465
1178 465
1177 464
1176 464
1175 464
1174 463
1173 463
1172 462
1171 461
1170 461
1169 460
1168 460
1167 459
1166 459
1165 459
1164 458
1163 458
1162 457
1161 456
1160 456
1159 455
1158 454
1157 454
1156 454
1155 454
1154 454
1153 453
1152 453
1151 452
1150 451
1149 451
1148 450
1147 449
1146 449
1145 449
1144 449
1143 448
1142 448
1141 447
1140 447
1139 447
1138 447
1137 447
1136 447
1135 446
1134 446
1133 446
1132 445
1131 445
1130 445
1129 445
1128 445
1127 445
1126 445
1125 445
1124 445
1123 444
1122 444
1121 444
1120 444
1119 445
1118 445
1117 445
1116 445
1115 445
1114 445
1113 445
1112 445
1111 445
1110 444
1109 444
1108 444
1107 443
1106 443
1105 443
1104 442
1103 442
1102 441
1101 440
1100 440
1099 439
1098 438
1097 437
1096 436
1095 435
1095 434
1094 433
1093 433
1092 433
