421 2014
420 2015
419 2016
418 2016
417 2017
416 2017
415 2017
414 2017
413 2017
412 2018
411 2018
410 2018
409 2019
408 2019
407 2019
406 2019
405 2019
404 2019
403 2019
402 2020
401 2020
400 2020
399 2020
398 2021
397 2021
396 2021
395 2021
394 2021
393 2021
392 2021
391 2021
390 2020
389 2020
388 2019
387 2019
386 2019
385 2019
384 2019
383 2019
382 2019
381 2019
380 2019
379 2019
378 2019
377 2019
376 2019
375 2019
374 2019
373 2019
372 2019
371 2019
370 2020
369 2021
368 2021
367 2022
366 2022
365 2023
364 2023
363 2023
362 2024
361 2024
360 2024
359 2024
358 2024
357 2024
356 2025
355 2026
354 2027
354 2028
353 2029
353 2030
353 2031
353 2032
353 2033
353 2034
353 2035
353 2036
353 2037
353 2038
353 2039
353 2040
353 2041
353 2042
353 2043
353 2044
353 2045
353 2046
353 2047
352 2048
352 2049
351 2050
351 2051
350 2052
350 2053
350 2054
350 2055
350 2056
350 2057
350 2058
350 2059
350 2060
350 2061
350 2062
350 2063
350 2064
350 2065
350 2066
350 2067
350 2068
350 2069
350 2070
350 2071
350 2072
350 2073
351 2074
352 2075
352 2076
353 2077
354 2078
354 2079
355 2080
356 2081
356 2082
357 2083
358 2084
359 2085
360 2086
361 2087
362 2088
363 2088
364 2088
365 2089
366 2089
367 2090
368 2090
369 2090
370 2090
371 2090
372 2090
373 2090
374 2090
375 2090
376 2090
377 2091
378 2091
379 2091
380 2091
381 2091
382 2091
383 2091
384 2091
385 2091
386 2091
387 2091
388 2091
389 2090
390 2090
391 2090
392 2090
393 2090
394 2090
395 2090
396 2090
397 2090
398 2090
399 2090
400 2090
401 2090
402 2090
403 2090
404 2089
405 2089
406 2088
407 2088
408 2088
409 2087
410 2086
411 2086
412 2086
413 2085
414 2085
415 2085
416 2085
417 2085
418 2085
419 2085
420 2085
421 2084
422 2084
423 2084
424 2083
425 2083
426 2083
427 2082
428 2082
429 2082
430 2082
431 2082
432 2082
433 2082
434 2082
435 2081
436 2081
437 2080
438 2080
439 2080
440 2080
441 2080
442 2079
443 2079
444 2079
445 2078
446 2078
447 2078
448 2078
449 2078
450 2078
451 2078
452 2078
453 2078
454 2078
455 2077
456 2077
457 2076
458 2075
459 2074
460 2073
461 2073
462 2072
462 2071
463 2070
464 2069
465 2068
465 2067
465 2066
465 2065
465 2064
466 2063
466 2062
466 2061
467 2060
467 2059
467 2058
468 2057
468 2056
468 2055
468 2054
468 2053
468 2052
469 2051
469 2050
469 2049
469 2048
469 2047
469 2046
469 2045
469 2044
469 2043
469 2042
469 2041
469 2040
469 2039
469 2038
468 2037
468 2036
467 2035
467 2034
466 2033
465 2032
464 2031
463 2030
462 2029
461 2028
460 2027
459 2026
458 2025
457 2024
456 2023
455 2022
454 2022
453 2021
452 2020
451 2019
450 2018
449 2018
448 2017
447 2016
446 2016
445 2016
444 2016
443 2016
442 2016
441 2015
440 2015
439 2014
438 2014
437 2014
436 2014
435 2014
434 2014
433 2014
432 2014
431 2014
430 2014
429 2014
428 2014
427 2014
426 2014
425 2014
424 2014
423 2014
422 2014
421 2014
