165 80
164 81
163 81
163 82
162 83
163 84
163 85
163 86
164 87
164 88
164 89
165 90
165 91
165 92
165 93
166 94
167 95
167 96
168 97
168 98
168 99
169 100
169 101
170 102
171 103
172 104
172 105
172 106
173 107
173 108
174 109
174 110
175 111
175 112
175 113
176 114
176 115
177 116
178 117
178 118
179 119
179 120
179 121
180 122
180 123
180 124
181 125
181 126
182 127
183 128
183 129
184 130
185 131
185 132
186 132
187 133
188 132
189 132
190 131
191 130
192 130
193 129
194 129
195 129
196 128
197 128
198 127
199 127
200 126
201 126
202 126
203 126
204 126
205 126
206 126
207 126
208 126
209 127
210 126
211 126
212 126
213 125
214 125
215 125
216 125
217 125
218 125
219 125
220 125
221 125
222 125
223 125
224 125
225 125
226 125
227 125
228 125
229 124
230 124
231 124
232 124
233 124
234 124
235 124
236 124
237 124
238 123
239 123
240 123
241 123
242 123
243 123
244 123
245 123
246 123
247 123
248 123
249 123
250 123
251 124
252 124
253 125
254 125
255 126
256 126
257 127
258 128
259 129
260 130
261 131
262 132
263 133
263 134
264 135
264 136
265 137
266 138
267 138
268 138
269 138
270 138
271 139
272 139
273 140
274 140
275 140
276 140
277 140
278 140
279 140
280 140
281 140
282 140
283 139
284 138
285 138
286 138
287 138
288 138
289 138
290 138
291 138
292 138
293 138
294 138
295 138
296 138
297 138
298 138
299 138
300 138
301 138
302 139
303 139
304 139
305 139
306 139
307 139
308 139
309 139
310 139
311 139
312 139
313 139
314 139
315 139
316 139
317 139
318 140
319 141
320 142
320 143
321 143
322 144
323 145
324 145
325 146
326 147
327 147
328 147
329 148
330 148
331 148
332 148
333 148
334 148
335 148
336 148
337 148
338 148
339 148
340 148
341 148
342 148
343 148
344 148
345 148
346 148
347 148
348 148
349 148
350 148
351 148
352 148
353 148
354 147
355 147
356 147
357 146
358 146
359 146
360 146
361 146
362 145
363 145
364 145
365 145
366 145
367 145
368 145
369 144
370 143
371 142
372 141
373 140
374 139
374 138
375 137
375 136
376 135
377 134
377 133
378 132
379 131
380 130
380 129
381 128
381 127
382 126
382 125
382 124
383 123
383 122
383 121
383 120
383 119
383 118
383 117
383 116
382 115
381 114
380 113
379 112
378 111
377 110
376 109
375 108
375 107
374 106
373 105
372 104
371 103
370 102
369 101
368 100
367 99
366 98
365 97
364 96
363 95
362 95
361 94
360 94
359 94
358 93
357 93
356 92
355 92
354 91
354 90
353 89
352 88
351 88
350 88
349 88
348 88
347 88
346 88
345 88
344 88
343 88
342 88
341 88
340 88
339 88
338 87
337 87
336 87
335 87
334 87
333 87
332 87
331 87
330 87
329 87
328 87
327 87
326 87
325 87
324 87
323 87
322 87
321 87
320 87
319 87
318 87
317 87
316 87
315 87
314 87
313 87
312 87
311 87
310 87
309 87
308 87
307 87
306 87
305 87
304 87
303 87
302 87
301 88
300 88
299 88
298 89
297 89
296 89
295 89
294 89
293 90
292 90
291 90
290 90
289 90
288 90
287 90
286 90
285 90
284 90
283 90
282 90
281 90
280 90
279 90
278 89
277 89
276 88
275 88
274 87
273 87
272 87
271 87
270 87
269 87
268 87
267 87
266 87
265 87
264 87
263 86
262 86
261 86
260 85
259 85
258 85
257 85
256 85
255 85
254 85
253 85
252 85
251 85
250 85
249 85
248 85
247 85
246 85
245 85
244 85
243 85
242 85
241 85
240 85
239 85
238 86
237 86
236 86
235 87
234 87
233 87
232 87
231 87
230 87
229 87
228 87
227 87
226 87
225 87
224 87
223 87
222 87
221 87
220 87
219 87
218 88
217 88
216 88
215 88
214 88
213 88
212 88
211 88
210 88
209 88
208 87
207 87
206 87
205 87
204 87
203 87
202 87
201 87
200 87
199 87
198 87
197 87
196 87
195 87
194 87
193 87
192 87
191 86
190 86
189 86
188 85
187 85
186 85
185 85
184 85
183 85
182 85
181 85
180 85
179 85
178 85
177 85
176 85
175 84
174 84
173 83
172 82
171 81
170 81
169 80
168 80
167 80
166 80
165 80
