572 2002
571 2003
570 2003
569 2003
568 2004
567 2004
566 2004
565 2004
564 2004
563 2004
562 2004
561 2004
560 2004
559 2005
558 2005
557 2005
556 2005
555 2006
554 2006
553 2006
552 2006
551 2006
550 2007
549 2007
548 2007
547 2007
546 2007
545 2007
544 2007
543 2007
542 2007
541 2007
540 2007
539 2007
538 2007
537 2007
536 2007
535 2007
534 2007
533 2008
532 2008
531 2008
530 2009
529 2009
528 2009
527 2010
526 2010
525 2011
524 2011
523 2012
522 2012
521 2013
520 2013
519 2013
518 2014
517 2014
516 2015
515 2015
514 2016
514 2017
513 2018
512 2018
511 2019
510 2020
509 2021
508 2022
507 2023
507 2024
506 2025
505 2026
505 2027
504 2028
503 2029
503 2030
502 2031
501 2032
500 2033
499 2034
498 2035
498 2036
497 2037
496 2038
496 2039
495 2040
494 2041
493 2042
492 2043
492 2044
491 2045
490 2046
490 2047
489 2048
489 2049
489 2050
488 2051
488 2052
487 2053
486 2054
486 2055
485 2056
484 2057
484 2058
483 2059
483 2060
482 2061
481 2062
480 2063
479 2064
479 2065
478 2066
478 2067
478 2068
478 2069
478 2070
478 2071
478 2072
478 2073
478 2074
478 2075
478 2076
479 2077
480 2078
481 2079
482 2080
483 2080
484 2080
485 2081
486 2081
487 2081
488 2081
489 2081
490 2081
491 2081
492 2081
493 2081
494 2081
495 2081
496 2081
497 2081
498 2081
499 2081
500 2081
501 2081
502 2081
503 2081
504 2081
505 2081
506 2081
507 2081
508 2081
509 2081
510 2081
511 2081
512 2081
513 2081
514 2081
515 2081
516 2081
517 2081
518 2081
519 2081
520 2081
521 2081
522 2081
523 2081
524 2081
525 2081
526 2081
527 2081
528 2081
529 2081
530 2081
531 2082
532 2082
533 2082
534 2082
535 2082
536 2082
537 2082
538 2082
539 2082
540 2082
541 2082
542 2082
543 2082
544 2082
545 2082
546 2082
547 2082
548 2082
549 2082
550 2082
551 2082
552 2082
553 2081
554 2081
555 2081
556 2081
557 2081
558 2081
559 2081
560 2081
561 2080
562 2080
563 2080
564 2079
565 2079
566 2078
567 2078
568 2078
569 2078
570 2078
571 2078
572 2077
573 2077
574 2077
575 2077
576 2077
577 2076
578 2076
579 2076
580 2076
581 2076
582 2076
583 2076
584 2076
585 2076
586 2076
587 2076
588 2076
589 2076
590 2076
591 2076
592 2076
593 2076
594 2076
595 2076
596 2076
597 2076
598 2076
599 2076
600 2076
601 2076
602 2076
603 2076
604 2076
605 2076
606 2077
607 2077
608 2077
609 2078
610 2078
611 2078
612 2079
613 2079
614 2079
615 2079
616 2079
617 2079
618 2079
619 2080
620 2080
621 2080
622 2081
623 2081
624 2081
625 2080
626 2080
627 2080
628 2079
629 2079
630 2079
631 2079
632 2079
633 2079
634 2079
635 2079
636 2079
637 2079
638 2080
639 2079
640 2079
641 2079
642 2078
643 2078
644 2078
645 2078
646 2078
647 2077
648 2077
649 2077
650 2077
651 2077
652 2077
653 2077
654 2077
655 2077
656 2077
657 2077
658 2077
659 2077
660 2077
661 2077
662 2077
663 2077
664 2077
665 2077
666 2077
667 2077
668 2077
669 2077
670 2077
671 2077
672 2076
673 2076
674 2076
675 2076
676 2076
677 2076
678 2076
679 2076
680 2076
681 2076
682 2076
683 2076
684 2076
685 2076
686 2076
687 2076
688 2075
689 2075
690 2074
691 2074
692 2074
693 2073
694 2073
695 2073
696 2073
697 2073
698 2073
699 2072
700 2072
701 2071
702 2071
703 2071
704 2071
705 2070
706 2070
707 2069
708 2069
709 2068
710 2068
711 2067
712 2066
713 2066
714 2065
715 2065
716 2065
717 2064
718 2063
719 2063
720 2062
721 2061
722 2060
722 2059
722 2058
722 2057
723 2056
723 2055
723 2054
723 2053
723 2052
723 2051
724 2050
724 2049
724 2048
724 2047
724 2046
724 2045
724 2044
723 2043
723 2042
722 2041
722 2040
722 2039
722 2038
721 2037
720 2036
719 2035
718 2034
717 2034
716 2033
715 2032
714 2031
713 2030
712 2030
711 2029
710 2028
709 2028
708 2027
707 2027
706 2026
705 2025
704 2025
703 2024
702 2023
701 2023
700 2023
699 2022
698 2022
697 2021
696 2020
695 2019
694 2019
693 2018
692 2018
691 2017
690 2017
689 2016
688 2016
687 2016
686 2016
685 2015
684 2014
683 2014
682 2014
681 2014
680 2013
679 2013
678 2013
677 2012
676 2012
675 2011
674 2011
673 2011
672 2011
671 2011
670 2011
669 2011
668 2010
667 2010
666 2010
665 2010
664 2010
663 2010
662 2009
661 2009
660 2009
659 2009
658 2009
657 2009
656 2009
655 2009
654 2009
653 2009
652 2009
651 2009
650 2009
649 2009
648 2009
647 2009
646 2009
645 2009
644 2009
643 2009
642 2009
641 2009
640 2009
639 2009
638 2009
637 2009
636 2009
635 2009
634 2009
633 2008
632 2008
631 2008
630 2007
629 2007
628 2007
627 2007
626 2007
625 2007
624 2007
623 2007
622 2007
621 2007
620 2007
619 2007
618 2007
617 2007
616 2007
615 2007
614 2007
613 2007
612 2007
611 2007
610 2007
609 2007
608 2007
607 2007
606 2007
605 2007
604 2007
603 2007
602 2007
601 2006
600 2006
599 2006
598 2006
597 2006
596 2005
595 2005
594 2004
593 2004
592 2004
591 2004
590 2004
589 2004
588 2004
587 2004
586 2003
585 2003
584 2003
583 2002
582 2002
581 2002
580 2002
579 2002
578 2002
577 2002
576 2002
575 2002
574 2002
573 2002
572 2002
