1860 395
1859 396
1858 396
1857 396
1856 396
1855 397
1854 397
1853 398
1852 398
1851 398
1850 398
1849 399
1848 399
1847 399
1846 399
1845 400
1844 400
1843 400
1842 400
1841 401
1840 401
1839 401
1838 401
1837 402
1836 402
1835 402
1834 402
1833 403
1832 403
1831 403
1830 403
1829 403
1828 403
1827 404
1826 404
1825 404
1824 404
1823 405
1822 405
1821 405
1820 405
1819 406
1818 406
1817 406
1816 406
1815 407
1814 407
1813 407
1812 407
1811 408
1810 408
1809 408
1808 408
1807 409
1806 409
1805 410
1804 410
1803 410
1802 410
1801 411
1800 411
1799 411
1798 411
1797 411
1796 411
1795 411
1794 411
1793 412
1792 412
1791 412
1790 412
1789 413
1788 413
1787 413
1786 413
1785 413
1784 413
1783 413
1782 413
1781 414
1780 414
1779 414
1778 414
1777 415
1776 415
1775 415
1774 415
1773 415
1772 415
1771 415
1770 415
1769 415
1768 415
1767 415
1766 415
1765 415
1764 415
1763 415
1762 415
1761 416
1760 416
1759 416
1758 416
1757 417
1756 417
1755 417
1754 417
1753 417
1752 417
1751 418
1750 418
1749 418
1748 418
1747 419
1746 419
1745 419
1744 419
1743 419
1742 419
1741 419
1740 419
1739 420
1738 420
1737 420
1736 420
1735 421
1734 422
1733 422
1732 422
1731 423
1730 423
1729 423
1728 423
1727 423
1726 423
1725 423
1724 423
1723 424
1722 424
1721 424
1720 424
1719 425
1718 426
1717 427
1716 428
1715 428
1715 429
1714 430
1713 430
1713 431
1712 432
1711 432
1711 433
1710 434
1709 434
1709 435
1708 436
1707 436
1707 437
1706 438
1705 438
1705 439
1704 440
1703 440
1703 441
1702 442
1701 442
1700 443
1699 444
1698 444
1697 445
1696 446
1695 446
1694 446
1693 447
1692 448
1691 448
1690 448
1689 449
1688 449
1687 449
1686 449
1685 449
1684 449
1683 449
1682 449
1681 449
1680 449
1679 449
1678 449
1677 449
1676 449
1675 449
1674 449
1673 449
1672 449
1671 449
1670 449
1669 448
1668 448
1667 448
1666 448
1665 447
1664 447
1663 446
1662 446
1661 446
1660 446
1659 445
1658 445
1657 444
1656 444
1655 444
1654 443
1653 442
1652 442
1651 442
1650 441
1649 440
1648 440
1647 440
1646 440
1645 439
1644 439
1643 439
1642 439
1641 439
1640 439
1639 440
1638 440
1637 440
1636 440
1635 441
1634 442
1633 443
1632 443
1631 444
1630 444
1629 445
1628 446
1627 447
1626 448
1625 448
1625 449
1624 450
1623 450
1623 451
1622 452
1621 452
1620 453
1619 454
1618 454
1617 455
1616 455
1615 455
1614 455
1613 455
1612 455
1611 455
1610 455
1609 454
1608 454
1607 454
1606 454
1605 453
1604 453
1603 452
1602 452
1601 451
1600 451
1599 450
1598 449
1597 448
1596 448
1595 448
1594 447
1593 446
1592 446
1591 445
1590 445
1589 444
1588 443
1587 442
1586 442
1585 441
1584 441
1583 440
1582 439
1581 438
1580 438
1579 438
1578 437
1577 436
1576 436
1575 436
1574 436
1573 435
1572 435
1571 435
1570 435
1569 435
1568 435
1567 435
1566 435
1565 435
1564 435
1563 435
1562 435
1561 435
1560 435
1559 435
1558 435
1557 435
1556 435
1555 435
1554 435
1553 435
1552 435
1551 435
1550 435
1549 435
1548 435
1547 436
1546 436
1545 436
1544 436
1543 437
1542 437
1541 438
1540 438
1539 438
1538 438
1537 439
1536 439
1535 439
1534 439
1533 439
1532 439
1531 439
1530 439
1529 439
1528 439
1527 439
1526 439
1525 439
1524 439
1523 439
1522 439
1521 439
1520 439
1519 439
1518 439
1517 439
1516 439
1515 439
1514 439
1513 439
1512 439
1511 439
1510 439
1509 439
1508 439
1507 439
1506 439
1505 439
1504 439
1503 439
1502 439
1501 439
1500 439
1499 439
1498 439
1497 439
1496 439
1495 439
1494 439
1493 439
1492 439
1491 439
1490 439
1489 439
1488 439
1487 439
1486 439
1485 440
1484 440
1483 440
1482 440
1481 441
1480 441
1479 441
1478 441
1477 441
1476 441
1475 441
1474 441
1473 441
1472 441
1471 441
1470 441
1469 441
1468 441
1467 441
1466 441
1465 441
1464 441
1463 441
1462 441
1461 441
1460 441
1459 441
1458 441
1457 441
1456 441
1455 441
1454 441
1453 441
1452 441
1451 441
1450 441
1449 441
1448 441
1447 441
1446 441
1445 441
1444 441
1443 441
1442 441
1441 441
1440 441
1439 442
1438 442
1437 442
1436 442
1435 443
1434 443
1433 444
1432 444
1431 444
1430 444
1429 445
1428 445
1427 445
1426 445
1425 445
1424 445
1423 445
1422 445
1421 445
1420 445
1419 445
1418 445
1417 446
1416 446
1415 446
1414 446
1413 447
1412 447
1411 447
1410 447
1409 447
1408 447
1407 448
1406 448
1405 448
1404 448
1403 449
1402 449
1401 449
1400 449
1399 449
1398 449
1397 450
1396 450
1395 450
1394 450
1393 451
1392 451
1391 451
1390 451
1389 451
1388 451
1387 451
1386 451
1385 451
1384 451
1383 451
1382 451
1381 451
1380 451
1379 451
1378 451
1377 452
1376 452
1375 452
1374 452
1373 453
1372 454
1371 454
1370 454
1369 455
1368 456
1367 457
1366 457
1365 458
1364 458
1363 459
1362 460
1361 460
1360 460
1359 461
1358 461
1357 461
1356 461
1355 461
1354 461
1353 461
1352 461
1351 461
1350 461
1349 461
1348 461
1347 461
1346 461
1345 461
1344 461
1343 461
1342 461
1341 461
1340 461
1339 462
1338 462
1337 462
1336 462
1335 463
1334 463
1333 464
1332 464
1331 464
1330 464
1329 465
1328 466
1327 466
1326 466
1325 467
1324 467
1323 468
1322 468
1321 468
1320 468
1319 469
1318 469
1317 470
1316 470
1315 470
1314 470
1313 471
1312 472
1311 472
1310 472
1309 473
1308 474
1307 474
1306 474
1305 475
1304 475
1303 475
1302 475
1301 475
1300 475
1299 475
1298 475
1297 475
1296 475
1295 476
1294 476
1293 476
1292 476
1291 477
1290 477
1289 478
1288 478
1287 478
1286 478
1285 479
1284 479
1283 479
1282 479
1281 479
1280 479
1279 479
1278 479
1277 479
1276 479
1275 479
1274 479
1273 479
1272 479
1271 479
1270 479
1269 479
1268 479
1267 480
1266 480
1265 480
1264 480
1263 481
1262 481
1261 482
1260 482
1259 482
1258 482
1257 483
1256 483
1255 484
1254 484
1253 484
1252 484
1251 485
1250 486
1249 486
1248 486
1247 487
1246 487
1245 487
1244 487
1243 487
1242 487
1241 487
1240 487
1239 487
1238 487
1237 487
1236 487
1235 487
1234 487
1233 488
1232 488
1231 488
1230 488
1229 489
1228 490
1227 490
1226 490
1225 491
1224 491
1223 492
1222 492
1221 492
1220 492
1219 493
1218 493
1217 493
1216 493
1215 493
1214 493
1213 494
1212 494
1211 494
1210 494
1209 495
1208 495
1207 495
1206 495
1205 495
1204 495
1203 495
1202 495
1201 495
1200 495
1199 495
1198 495
1197 496
1196 496
1195 496
1194 496
1193 497
1192 498
1191 498
1190 498
1189 499
1188 499
1187 499
1186 499
1185 499
1184 499
1183 499
1182 499
1181 500
1180 500
1179 500
1178 500
1177 501
1176 501
1175 501
1174 501
1173 501
1172 501
1171 501
1170 501
1169 501
1168 501
1167 501
1166 501
1165 501
1164 501
1163 501
1162 501
1161 501
1160 501
1159 502
1158 502
1157 502
1156 502
1155 503
1154 503
1153 503
1152 503
1151 504
1150 504
1149 504
1148 504
1147 505
1146 505
1145 505
1144 505
1143 505
1142 505
1141 506
1140 506
1139 506
1138 506
1137 507
1136 508
1135 508
1134 508
1133 509
1132 510
1131 510
1130 510
1129 511
1128 511
1127 512
1126 512
1125 512
1124 512
1123 513
1122 513
1121 513
1120 513
1119 513
1118 513
1117 513
1116 513
1115 514
1114 514
1113 514
1112 514
1111 515
1110 515
1109 515
1108 515
1107 515
1106 515
1105 515
1104 515
1103 515
1102 515
1101 515
1100 515
1099 515
1098 515
1097 515
1096 515
1095 515
1094 515
1093 515
1092 515
1091 515
1090 515
1089 514
1088 514
1087 514
1086 513
1085 512
1084 512
1083 512
1082 512
1081 511
1080 511
1079 511
1078 511
1077 511
1076 511
1075 511
1074 511
1073 510
1072 510
1071 510
1070 510
1069 509
1068 509
1067 509
1066 509
1065 509
1064 509
1063 509
1062 509
1061 509
1060 509
1059 510
1058 510
1057 510
1056 510
1055 511
1054 511
1053 511
1052 511
1051 511
1050 511
1049 511
1048 511
1047 512
1046 512
1045 512
1044 512
1043 513
1042 513
1041 514
1040 514
1039 514
1038 514
1037 515
1036 515
1035 515
1034 515
1033 515
1032 515
1031 515
1030 515
1029 515
1028 515
1027 516
1026 516
1025 516
1024 516
1023 517
1022 517
1021 517
1020 517
1019 517
1018 517
1017 517
1016 517
1015 517
1014 517
1013 517
1012 517
1011 517
1010 517
1009 517
1008 517
1007 517
1006 517
1005 517
1004 517
1003 517
1002 517
1001 517
1000 517
999 517
998 517
997 517
996 517
995 517
994 517
993 517
992 517
991 517
990 517
989 517
988 517
987 517
986 517
985 517
984 517
983 517
982 517
981 517
980 517
979 517
978 517
977 517
976 517
975 517
974 517
973 517
972 517
971 517
970 517
969 517
968 517
967 517
966 517
965 517
964 517
963 517
962 517
961 517
960 517
959 517
958 517
957 517
956 517
955 517
954 517
953 517
952 517
951 517
950 517
949 517
948 517
947 518
946 518
945 518
944 518
943 518
942 518
941 518
940 518
939 517
938 517
937 517
936 517
935 517
934 517
933 517
932 517
931 517
930 517
929 517
928 517
927 517
926 517
925 517
924 517
923 517
922 517
921 517
920 517
919 517
918 517
917 517
916 517
915 518
914 518
913 518
912 518
911 519
910 519
909 519
908 519
907 519
906 519
905 520
904 520
903 520
902 520
901 521
900 521
899 521
898 521
897 521
896 521
895 521
894 521
893 521
892 521
891 521
890 521
889 521
888 521
887 521
886 521
885 521
884 521
883 521
882 521
881 521
880 521
879 521
878 521
877 521
876 521
875 521
874 521
873 521
872 521
871 521
870 521
869 521
868 521
867 522
866 522
865 522
864 522
863 523
862 523
861 523
860 523
859 523
858 523
857 523
856 523
855 523
854 523
853 523
852 523
851 523
850 523
849 523
848 523
847 523
846 523
845 523
844 523
843 523
842 523
841 523
840 523
839 523
838 523
837 523
836 523
835 523
834 523
833 523
832 523
831 523
830 523
829 523
828 523
827 523
826 523
825 523
824 523
823 523
822 523
821 523
820 523
819 523
818 523
817 523
816 523
815 523
814 523
813 523
812 523
811 523
810 523
809 523
808 523
807 523
806 523
805 523
804 523
803 524
802 524
801 524
800 524
799 525
798 525
797 525
796 525
795 525
794 525
793 525
792 525
791 525
790 525
789 526
788 526
787 526
786 526
785 527
784 527
783 528
782 528
781 528
780 528
779 529
778 529
777 529
776 529
775 529
774 529
773 529
772 529
771 529
770 529
769 529
768 529
767 529
766 529
765 529
764 529
763 529
762 529
761 529
760 529
759 529
758 529
757 529
756 529
755 529
754 529
753 529
752 529
751 529
750 529
749 529
748 529
747 529
746 529
745 529
744 529
743 529
742 529
741 529
740 529
739 529
738 529
737 529
736 529
735 529
734 529
733 529
732 529
731 529
730 529
729 529
728 529
727 529
726 529
725 529
724 529
723 529
722 529
721 529
720 529
719 529
718 529
717 529
716 529
715 529
714 529
713 530
712 530
711 530
710 530
709 531
708 531
707 531
706 531
705 531
704 531
703 531
702 531
701 531
700 531
699 531
698 531
697 531
696 531
695 531
694 531
693 531
692 531
691 531
690 531
689 531
688 531
687 531
686 531
685 531
684 531
683 531
682 531
681 531
680 531
679 531
678 531
677 531
676 531
675 531
674 531
673 531
672 531
671 531
670 531
669 531
668 531
667 531
666 531
665 531
664 531
663 531
662 531
661 531
660 531
659 532
658 532
657 532
656 532
655 533
654 533
653 533
652 533
651 533
650 533
649 533
648 533
647 533
646 533
645 533
644 533
643 533
642 533
641 533
640 533
639 533
638 533
637 533
636 533
635 533
634 533
633 533
632 533
631 533
630 533
629 533
628 533
627 533
626 533
625 533
624 533
623 533
622 533
621 532
620 532
619 532
618 532
617 531
616 531
615 531
614 531
613 531
612 531
611 531
610 531
609 530
608 530
607 530
606 530
605 529
604 529
603 529
602 529
601 529
600 529
599 529
598 529
597 529
596 529
595 528
594 528
593 528
592 528
591 527
590 527
589 526
588 526
587 526
586 526
585 525
584 525
583 525
582 525
581 525
580 525
579 525
578 525
577 525
576 525
575 525
574 525
573 524
572 524
571 524
570 524
569 523
568 523
567 523
566 523
565 523
564 523
563 523
562 523
561 523
560 523
559 523
558 523
557 523
556 523
555 523
554 523
553 524
552 524
551 524
550 524
549 525
548 525
547 525
546 525
545 525
544 525
543 525
542 525
541 525
540 525
539 525
538 525
537 525
536 525
535 525
534 525
533 526
532 526
531 526
530 526
529 527
528 527
527 527
526 527
525 528
524 528
523 528
522 528
521 529
520 529
519 529
518 529
517 529
516 529
515 529
514 529
513 530
512 530
511 530
510 530
509 531
508 531
507 531
506 531
505 531
504 531
503 532
502 532
501 532
500 532
499 533
498 533
497 533
496 533
495 533
494 533
493 533
492 533
491 533
490 533
489 533
488 533
487 533
486 533
485 533
484 533
483 533
482 533
481 533
480 533
479 533
478 533
477 533
476 533
475 533
474 533
473 532
472 532
471 532
470 532
469 531
468 531
467 530
466 530
465 530
464 530
463 529
462 529
461 529
460 529
459 529
458 529
457 529
456 529
455 529
454 529
453 528
452 528
451 528
450 528
449 527
448 527
447 527
446 527
445 526
444 526
443 526
442 526
441 525
440 525
439 525
438 525
437 524
436 524
435 524
434 524
433 523
432 523
431 522
430 522
429 522
428 521
427 520
426 520
425 520
424 520
423 519
422 519
421 518
420 518
419 518
418 517
417 516
416 516
415 516
414 515
413 514
412 514
411 514
410 513
409 512
408 512
407 512
406 511
405 510
404 510
403 510
402 510
401 509
400 509
399 508
398 508
397 508
396 508
395 507
394 507
393 507
392 507
391 507
390 507
389 506
388 506
387 506
386 506
385 505
384 505
383 505
382 505
381 505
380 505
379 504
378 504
377 504
376 504
375 503
374 503
373 503
372 503
371 503
370 503
369 502
368 502
367 502
366 502
365 501
364 501
363 500
362 500
361 500
360 500
359 499
358 499
357 499
356 499
355 498
354 498
353 498
352 498
351 497
350 497
349 497
348 497
347 497
346 497
345 497
344 497
343 497
342 497
341 497
340 497
339 497
338 497
337 496
336 496
335 496
334 496
333 495
332 495
331 495
330 495
329 495
328 495
327 495
326 495
325 495
324 495
323 496
322 496
321 496
320 496
319 497
318 497
317 497
316 497
315 497
314 497
313 497
312 497
311 497
310 497
309 497
308 497
307 497
306 497
305 497
304 497
303 497
302 497
301 497
300 497
299 497
298 497
297 497
296 497
295 497
294 497
293 497
292 497
291 497
290 497
289 497
288 497
287 497
286 497
285 497
284 497
283 498
282 498
281 498
280 498
279 499
278 499
277 500
276 500
275 501
274 502
273 502
273 503
272 504
271 504
270 505
269 506
268 506
267 507
266 508
265 508
264 508
263 509
262 509
261 510
260 510
259 510
258 510
257 511
256 512
255 513
254 514
253 514
253 515
252 516
251 517
251 518
250 519
250 520
250 521
250 522
250 523
250 524
250 525
250 526
250 527
250 528
250 529
250 530
251 531
251 532
251 533
251 534
252 535
253 536
253 537
253 538
254 539
255 540
255 541
255 542
256 543
256 544
256 545
256 546
257 547
257 548
257 549
257 550
258 551
258 552
259 553
259 554
259 555
259 556
260 557
261 558
261 559
261 560
262 561
262 562
262 563
262 564
263 565
263 566
263 567
263 568
264 569
265 570
265 571
265 572
266 573
266 574
266 575
266 576
267 577
267 578
267 579
267 580
268 581
269 582
269 583
269 584
270 585
271 586
271 587
271 588
272 589
272 590
272 591
272 592
272 593
272 594
273 595
273 596
273 597
273 598
274 599
274 600
275 601
275 602
275 603
275 604
276 605
276 606
277 607
277 608
277 609
277 610
278 611
278 612
279 613
279 614
279 615
279 616
280 617
280 618
280 619
280 620
280 621
280 622
280 623
280 624
280 625
280 626
280 627
280 628
281 629
281 630
281 631
281 632
282 633
282 634
282 635
282 636
282 637
282 638
282 639
282 640
282 641
282 642
282 643
282 644
282 645
282 646
282 647
282 648
282 649
282 650
282 651
282 652
283 653
283 654
283 655
283 656
284 657
285 658
286 659
286 660
287 661
287 662
288 663
289 664
289 665
289 666
290 667
290 668
290 669
290 670
291 671
291 672
292 673
292 674
293 675
293 676
294 677
295 678
295 679
295 680
296 681
296 682
296 683
296 684
296 685
296 686
296 687
296 688
296 689
296 690
297 691
297 692
297 693
297 694
298 695
298 696
298 697
298 698
297 699
297 700
296 701
296 702
295 703
295 704
294 705
294 706
294 707
294 708
294 709
294 710
294 711
294 712
294 713
294 714
294 715
294 716
294 717
294 718
295 719
295 720
295 721
295 722
296 723
297 724
298 725
298 726
299 727
299 728
300 729
301 730
302 731
302 732
303 733
303 734
304 735
305 736
305 737
305 738
306 739
307 740
307 741
307 742
308 743
309 744
309 745
309 746
310 747
311 748
311 749
311 750
312 751
313 752
314 753
314 754
315 755
315 756
316 757
317 758
318 759
319 760
319 761
320 762
321 763
321 764
322 765
323 766
324 767
325 768
325 769
326 769
327 770
327 771
328 772
329 773
329 774
330 775
331 776
332 777
332 778
333 779
333 780
334 781
335 782
335 783
335 784
336 785
336 786
337 787
337 788
338 789
339 790
339 791
340 791
341 792
341 793
342 793
343 794
343 795
344 795
345 796
345 797
346 797
347 798
348 799
349 800
350 801
351 801
352 801
353 802
354 803
355 803
356 804
357 804
358 805
359 806
360 807
361 807
362 807
363 808
364 809
365 809
366 809
367 810
368 811
369 811
370 811
371 811
372 812
373 812
374 812
375 812
376 813
377 813
378 813
379 814
380 815
381 815
382 815
383 815
384 816
385 816
386 817
387 817
388 818
389 818
390 819
391 820
392 821
393 821
394 821
395 822
396 823
397 823
398 823
399 824
400 825
401 825
402 826
403 826
404 827
405 827
406 828
407 828
408 828
409 828
410 829
411 829
412 830
413 831
414 831
415 832
415 833
416 833
417 834
417 835
418 835
419 836
419 837
420 837
421 838
421 839
422 839
423 840
423 841
424 841
425 842
426 843
427 844
428 845
429 845
430 845
431 845
432 846
433 846
434 847
435 847
436 847
437 847
438 848
439 848
440 849
441 849
442 849
443 850
444 851
445 851
446 851
447 851
448 852
449 852
450 853
451 853
452 853
453 854
454 855
455 855
456 855
457 855
458 856
459 856
460 857
461 857
462 857
463 858
464 859
465 859
466 859
467 860
468 861
469 861
470 862
471 862
472 863
473 864
474 865
475 865
476 866
477 867
478 867
479 868
480 869
481 869
482 870
483 870
484 871
485 871
486 872
487 872
488 873
489 874
490 875
491 875
492 875
493 875
494 876
495 876
496 877
497 877
498 878
499 878
500 879
501 880
502 881
503 881
504 881
505 882
506 883
507 883
508 884
509 884
510 885
511 886
512 887
513 887
514 887
515 888
516 889
517 889
518 889
519 890
520 891
521 891
522 892
523 892
524 893
525 894
526 895
527 895
528 895
529 896
530 897
531 897
532 898
533 898
534 899
535 900
536 901
537 901
538 902
539 902
540 903
541 903
542 904
543 904
544 905
545 905
546 905
547 906
548 907
549 907
550 907
551 908
552 909
553 909
554 909
555 910
556 911
557 911
558 911
559 911
560 912
561 912
562 912
563 912
564 913
565 913
566 913
567 913
568 914
569 914
570 914
571 914
572 914
573 914
574 914
575 914
576 915
577 915
578 915
579 915
580 916
581 916
582 916
583 916
584 916
585 916
586 916
587 916
588 916
589 916
590 916
591 916
592 916
593 916
594 917
595 917
596 917
597 917
598 918
599 918
600 918
601 918
602 918
603 918
604 918
605 918
606 918
607 918
608 918
609 918
610 918
611 918
612 918
613 918
614 918
615 918
616 918
617 918
618 918
619 918
620 918
621 918
622 918
623 918
624 918
625 918
626 918
627 918
628 918
629 918
630 918
631 918
632 918
633 918
634 918
635 918
636 918
637 918
638 918
639 918
640 918
641 918
642 918
643 918
644 918
645 918
646 918
647 918
648 919
649 919
650 919
651 919
652 920
653 920
654 920
655 920
656 920
657 920
658 920
659 920
660 920
661 920
662 920
663 920
664 920
665 920
666 920
667 920
668 920
669 920
670 920
671 920
672 921
673 921
674 921
675 921
676 922
677 922
678 922
679 922
680 922
681 922
682 922
683 922
684 922
685 922
686 922
687 922
688 922
689 922
690 922
691 922
692 922
693 922
694 922
695 922
696 922
697 922
698 922
699 922
700 922
701 922
702 922
703 922
704 922
705 922
706 922
707 922
708 922
709 922
710 922
711 922
712 922
713 922
714 922
715 922
716 922
717 922
718 921
719 921
720 921
721 921
722 920
723 920
724 920
725 920
726 920
727 920
728 920
729 920
730 920
731 920
732 920
733 920
734 920
735 920
736 920
737 920
738 920
739 920
740 920
741 920
742 920
743 920
744 920
745 920
746 920
747 920
748 920
749 920
750 920
751 920
752 920
753 920
754 920
755 920
756 920
757 920
758 920
759 920
760 920
761 920
762 920
763 920
764 920
765 920
766 920
767 920
768 920
769 920
770 920
771 920
772 920
773 920
774 921
775 921
776 921
777 921
778 922
779 922
780 923
781 923
782 923
783 924
784 925
785 925
786 925
787 925
788 926
789 926
790 926
791 926
792 926
793 926
794 926
795 926
796 926
797 926
798 926
799 926
800 926
801 926
802 926
803 926
804 926
805 926
806 926
807 926
808 926
809 926
810 926
811 926
812 926
813 926
814 926
815 926
816 926
817 926
818 926
819 926
820 926
821 926
822 926
823 926
824 926
825 926
826 926
827 926
828 926
829 926
830 926
831 926
832 926
833 926
834 926
835 926
836 926
837 926
838 926
839 926
840 925
841 925
842 925
843 925
844 924
845 924
846 924
847 924
848 924
849 924
850 924
851 924
852 924
853 924
854 924
855 924
856 924
857 924
858 924
859 924
860 924
861 924
862 924
863 924
864 924
865 924
866 924
867 924
868 924
869 924
870 924
871 924
872 924
873 924
874 924
875 924
876 924
877 924
878 924
879 924
880 924
881 924
882 924
883 924
884 924
885 924
886 924
887 924
888 924
889 924
890 924
891 924
892 924
893 924
894 924
895 924
896 924
897 924
898 924
899 924
900 924
901 924
902 924
903 924
904 924
905 924
906 924
907 924
908 924
909 924
910 924
911 924
912 924
913 924
914 924
915 924
916 924
917 924
918 924
919 924
920 924
921 924
922 924
923 924
924 924
925 924
926 923
927 923
928 923
929 923
930 922
931 922
932 922
933 922
934 922
935 922
936 922
937 922
938 922
939 922
940 922
941 922
942 922
943 922
944 922
945 922
946 922
947 922
948 922
949 922
950 922
951 922
952 922
953 922
954 923
955 923
956 923
957 923
958 924
959 924
960 924
961 924
962 924
963 924
964 924
965 924
966 924
967 924
968 925
969 925
970 925
971 925
972 926
973 926
974 926
975 926
976 926
977 926
978 926
979 926
980 926
981 926
982 926
983 926
984 926
985 926
986 926
987 926
988 926
989 926
990 926
991 926
992 926
993 926
994 925
995 925
996 925
997 925
998 924
999 924
1000 924
1001 924
1002 924
1003 924
1004 924
1005 924
1006 924
1007 924
1008 924
1009 924
1010 923
1011 923
1012 923
1013 923
1014 922
1015 922
1016 921
1017 921
1018 921
1019 921
1020 920
1021 920
1022 920
1023 920
1024 919
1025 919
1026 919
1027 919
1028 918
1029 917
1030 917
1031 917
1032 916
1033 916
1034 916
1035 916
1036 915
1037 915
1038 915
1039 915
1040 914
1041 914
1042 914
1043 914
1044 914
1045 914
1046 913
1047 913
1048 913
1049 913
1050 912
1051 912
1052 912
1053 912
1054 912
1055 912
1056 912
1057 912
1058 912
1059 912
1060 912
1061 912
1062 912
1063 912
1064 912
1065 912
1066 912
1067 912
1068 912
1069 912
1070 912
1071 912
1072 912
1073 912
1074 912
1075 912
1076 912
1077 912
1078 912
1079 912
1080 911
1081 911
1082 911
1083 911
1084 910
1085 910
1086 910
1087 910
1088 909
1089 909
1090 909
1091 909
1092 908
1093 908
1094 908
1095 908
1096 908
1097 908
1098 908
1099 908
1100 907
1101 907
1102 907
1103 907
1104 906
1105 906
1106 906
1107 906
1108 905
1109 905
1110 905
1111 905
1112 904
1113 904
1114 903
1115 903
1116 903
1117 903
1118 902
1119 901
1120 901
1121 901
1122 900
1123 900
1124 900
1125 900
1126 899
1127 899
1128 899
1129 899
1130 898
1131 898
1132 898
1133 898
1134 898
1135 898
1136 897
1137 897
1138 897
1139 897
1140 896
1141 896
1142 895
1143 895
1144 895
1145 895
1146 894
1147 894
1148 894
1149 894
1150 894
1151 894
1152 894
1153 894
1154 893
1155 893
1156 893
1157 893
1158 892
1159 892
1160 892
1161 892
1162 892
1163 892
1164 892
1165 892
1166 891
1167 891
1168 891
1169 891
1170 890
1171 890
1172 890
1173 890
1174 890
1175 890
1176 890
1177 890
1178 890
1179 890
1180 890
1181 890
1182 889
1183 889
1184 889
1185 889
1186 888
1187 888
1188 888
1189 888
1190 888
1191 888
1192 888
1193 888
1194 888
1195 888
1196 888
1197 888
1198 888
1199 888
1200 888
1201 888
1202 888
1203 888
1204 888
1205 888
1206 888
1207 888
1208 888
1209 888
1210 888
1211 888
1212 888
1213 888
1214 889
1215 889
1216 889
1217 889
1218 890
1219 890
1220 890
1221 890
1222 890
1223 890
1224 890
1225 890
1226 890
1227 890
1228 890
1229 890
1230 890
1231 890
1232 890
1233 890
1234 891
1235 891
1236 891
1237 891
1238 892
1239 892
1240 892
1241 892
1242 892
1243 892
1244 891
1245 891
1246 891
1247 891
1248 890
1249 890
1250 890
1251 890
1252 890
1253 890
1254 890
1255 890
1256 890
1257 890
1258 890
1259 890
1260 890
1261 890
1262 890
1263 890
1264 889
1265 889
1266 889
1267 889
1268 888
1269 888
1270 887
1271 887
1272 887
1273 887
1274 886
1275 886
1276 886
1277 886
1278 886
1279 886
1280 886
1281 886
1282 886
1283 886
1284 885
1285 885
1286 885
1287 885
1288 884
1289 884
1290 884
1291 884
1292 884
1293 884
1294 884
1295 884
1296 884
1297 884
1298 884
1299 884
1300 884
1301 884
1302 884
1303 884
1304 884
1305 884
1306 883
1307 883
1308 883
1309 883
1310 882
1311 882
1312 882
1313 882
1314 881
1315 881
1316 881
1317 881
1318 880
1319 880
1320 880
1321 880
1322 879
1323 879
1324 879
1325 879
1326 878
1327 878
1328 878
1329 878
1330 878
1331 878
1332 878
1333 878
1334 878
1335 878
1336 878
1337 878
1338 878
1339 878
1340 879
1341 879
1342 879
1343 879
1344 880
1345 880
1346 880
1347 880
1348 881
1349 881
1350 881
1351 881
1352 882
1353 882
1354 883
1355 883
1356 883
1357 883
1358 884
1359 884
1360 884
1361 884
1362 884
1363 884
1364 884
1365 884
1366 884
1367 884
1368 884
1369 884
1370 884
1371 884
1372 883
1373 883
1374 883
1375 883
1376 882
1377 882
1378 882
1379 882
1380 882
1381 882
1382 882
1383 882
1384 882
1385 882
1386 882
1387 882
1388 882
1389 882
1390 882
1391 882
1392 882
1393 882
1394 882
1395 882
1396 882
1397 882
1398 882
1399 882
1400 882
1401 882
1402 882
1403 882
1404 882
1405 882
1406 882
1407 882
1408 882
1409 882
1410 882
1411 882
1412 883
1413 883
1414 883
1415 883
1416 884
1417 884
1418 884
1419 884
1420 884
1421 884
1422 884
1423 884
1424 884
1425 884
1426 883
1427 883
1428 883
1429 883
1430 882
1431 882
1432 882
1433 882
1434 882
1435 882
1436 882
1437 882
1438 882
1439 882
1440 882
1441 882
1442 881
1443 881
1444 881
1445 881
1446 880
1447 880
1448 880
1449 880
1450 880
1451 880
1452 880
1453 880
1454 880
1455 880
1456 880
1457 880
1458 880
1459 880
1460 880
1461 880
1462 880
1463 880
1464 880
1465 880
1466 880
1467 880
1468 880
1469 880
1470 880
1471 880
1472 880
1473 880
1474 880
1475 880
1476 880
1477 880
1478 880
1479 880
1480 880
1481 880
1482 880
1483 880
1484 880
1485 880
1486 880
1487 880
1488 880
1489 880
1490 879
1491 879
1492 879
1493 879
1494 878
1495 878
1496 878
1497 878
1498 878
1499 878
1500 878
1501 878
1502 878
1503 878
1504 878
1505 878
1506 878
1507 878
1508 878
1509 878
1510 878
1511 878
1512 878
1513 878
1514 878
1515 878
1516 878
1517 878
1518 878
1519 878
1520 878
1521 878
1522 878
1523 878
1524 878
1525 878
1526 878
1527 878
1528 878
1529 878
1530 878
1531 878
1532 877
1533 877
1534 877
1535 877
1536 876
1537 876
1538 876
1539 876
1540 876
1541 876
1542 876
1543 876
1544 875
1545 875
1546 875
1547 875
1548 874
1549 874
1550 874
1551 874
1552 874
1553 874
1554 874
1555 874
1556 874
1557 874
1558 874
1559 874
1560 874
1561 874
1562 874
1563 874
1564 874
1565 874
1566 874
1567 874
1568 873
1569 873
1570 873
1571 873
1572 872
1573 872
1574 872
1575 872
1576 872
1577 872
1578 872
1579 872
1580 872
1581 872
1582 872
1583 872
1584 872
1585 872
1586 872
1587 872
1588 872
1589 872
1590 872
1591 872
1592 872
1593 872
1594 872
1595 872
1596 872
1597 872
1598 872
1599 872
1600 872
1601 872
1602 872
1603 872
1604 872
1605 872
1606 872
1607 872
1608 872
1609 872
1610 872
1611 872
1612 872
1613 872
1614 872
1615 872
1616 872
1617 872
1618 872
1619 872
1620 872
1621 872
1622 872
1623 872
1624 872
1625 872
1626 872
1627 872
1628 872
1629 872
1630 872
1631 872
1632 872
1633 872
1634 872
1635 872
1636 872
1637 872
1638 872
1639 872
1640 872
1641 872
1642 872
1643 872
1644 872
1645 872
1646 872
1647 872
1648 872
1649 872
1650 872
1651 872
1652 872
1653 872
1654 872
1655 872
1656 872
1657 872
1658 872
1659 872
1660 872
1661 872
1662 871
1663 871
1664 871
1665 871
1666 870
1667 870
1668 870
1669 870
1670 870
1671 870
1672 870
1673 870
1674 870
1675 870
1676 870
1677 870
1678 870
1679 870
1680 870
1681 870
1682 870
1683 870
1684 870
1685 870
1686 869
1687 869
1688 869
1689 869
1690 868
1691 868
1692 868
1693 868
1694 868
1695 868
1696 868
1697 868
1698 867
1699 867
1700 867
1701 867
1702 866
1703 866
1704 866
1705 866
1706 866
1707 866
1708 866
1709 866
1710 866
1711 866
1712 866
1713 866
1714 866
1715 866
1716 866
1717 866
1718 866
1719 866
1720 866
1721 866
1722 866
1723 866
1724 866
1725 866
1726 866
1727 866
1728 866
1729 866
1730 866
1731 866
1732 866
1733 866
1734 866
1735 866
1736 866
1737 866
1738 865
1739 865
1740 865
1741 865
1742 864
1743 864
1744 864
1745 864
1746 864
1747 864
1748 864
1749 864
1750 864
1751 864
1752 863
1753 863
1754 863
1755 863
1756 862
1757 862
1758 862
1759 862
1760 862
1761 862
1762 862
1763 862
1764 862
1765 862
1766 862
1767 862
1768 862
1769 862
1770 862
1771 862
1772 862
1773 862
1774 862
1775 862
1776 862
1777 862
1778 862
1779 862
1780 861
1781 861
1782 861
1783 861
1784 860
1785 860
1786 860
1787 860
1788 860
1789 860
1790 860
1791 860
1792 860
1793 860
1794 860
1795 860
1796 860
1797 860
1798 860
1799 860
1800 860
1801 860
1802 860
1803 860
1804 860
1805 860
1806 860
1807 860
1808 860
1809 860
1810 860
1811 860
1812 860
1813 860
1814 860
1815 860
1816 860
1817 860
1818 859
1819 859
1820 859
1821 859
1822 858
1823 858
1824 858
1825 858
1826 858
1827 858
1828 858
1829 858
1830 858
1831 858
1832 858
1833 858
1834 857
1835 857
1836 857
1837 857
1838 856
1839 856
1840 856
1841 856
1842 856
1843 856
1844 856
1845 856
1846 856
1847 856
1848 856
1849 856
1850 856
1851 856
1852 856
1853 856
1854 856
1855 856
1856 856
1857 856
1858 856
1859 856
1860 856
1861 856
1862 856
1863 856
1864 856
1865 856
1866 857
1867 857
1868 857
1869 858
1870 859
1871 859
1872 860
1873 861
1874 861
1875 862
1876 863
1877 864
1878 865
1879 865
1880 865
1881 865
1882 866
1883 866
1884 866
1885 866
1886 866
1887 866
1888 866
1889 866
1890 866
1891 866
1892 866
1893 866
1894 866
1895 866
1896 866
1897 866
1898 867
1899 867
1900 867
1901 867
1902 868
1903 868
1904 869
1905 869
1906 869
1907 869
1908 870
1909 870
1910 870
1911 870
1912 870
1913 870
1914 870
1915 870
1916 870
1917 870
1918 870
1919 870
1920 870
1921 870
1922 870
1923 870
1924 870
1925 870
1926 870
1927 870
1928 870
1929 870
1930 870
1931 870
1932 870
1933 870
1934 870
1935 870
1936 870
1937 870
1938 870
1939 870
1940 870
1941 870
1942 870
1943 870
1944 870
1945 870
1946 870
1947 870
1948 870
1949 870
1950 870
1951 870
1952 870
1953 870
1954 870
1955 870
1956 870
1957 870
1958 870
1959 870
1960 870
1961 870
1962 870
1963 870
1964 870
1965 870
1966 870
1967 870
1968 870
1969 870
1970 870
1971 870
1972 870
1973 870
1974 870
1975 870
1976 870
1977 870
1978 870
1979 870
1980 870
1981 870
1982 870
1983 870
1984 870
1985 870
1986 870
1987 870
1988 870
1989 870
1990 870
1991 870
1992 870
1993 870
1994 869
1995 869
1996 869
1997 869
1998 868
1999 868
2000 868
2001 868
2002 868
2003 868
2004 868
2005 868
2006 868
2007 868
2008 868
2009 868
2010 868
2011 868
2012 868
2013 868
2014 868
2015 868
2016 868
2017 868
2018 868
2019 868
2020 869
2021 869
2022 869
2023 869
2024 870
2025 870
2026 870
2027 870
2028 870
2029 870
2030 871
2031 871
2032 871
2033 871
2034 872
2035 872
2036 872
2037 872
2038 872
2039 872
2040 872
2041 872
2042 872
2043 872
2044 872
2045 872
2046 872
2047 872
2048 871
2049 871
2050 871
2051 871
2052 870
2053 870
2054 870
2055 870
2056 870
2057 870
2058 870
2059 870
2060 870
2061 870
2062 870
2063 870
2064 869
2065 869
2066 869
2067 869
2068 868
2069 868
2070 868
2071 868
2072 869
2073 869
2074 869
2075 869
2076 870
2077 870
2078 870
2079 870
2080 870
2081 870
2082 870
2083 870
2084 870
2085 870
2086 870
2087 870
2088 870
2089 870
2090 869
2091 869
2092 869
2093 869
2094 868
2095 868
2096 867
2097 867
2098 867
2099 867
2100 866
2101 865
2102 865
2103 865
2104 864
2105 863
2106 863
2107 863
2108 862
2109 861
2110 861
2111 861
2112 860
2113 860
2114 860
2115 860
2116 860
2117 860
2118 860
2119 860
2120 860
2121 860
2122 860
2123 860
2124 860
2125 860
2126 859
2127 859
2128 859
2129 859
2130 858
2131 857
2132 857
2133 857
2134 856
2135 856
2136 856
2137 856
2138 856
2139 856
2140 856
2141 856
2142 855
2143 855
2144 855
2145 855
2146 854
2147 854
2148 854
2149 854
2150 854
2151 854
2152 853
2153 853
2154 853
2155 853
2156 852
2157 852
2158 852
2159 852
2160 852
2161 852
2162 853
2163 853
2164 853
2165 853
2166 854
2167 854
2168 854
2169 854
2170 853
2171 853
2172 853
2173 853
2174 852
2175 852
2176 851
2177 851
2178 851
2179 851
2180 850
2181 850
2182 849
2183 849
2184 849
2185 849
2186 848
2187 848
2188 847
2189 847
2190 847
2191 847
2192 846
2193 846
2194 846
2195 846
2196 845
2197 845
2198 845
2199 845
2200 844
2201 844
2202 844
2203 844
2204 844
2205 844
2206 844
2207 844
2208 844
2209 844
2210 844
2211 844
2212 844
2213 844
2214 844
2215 844
2216 843
2217 843
2218 843
2219 843
2220 842
2221 841
2222 841
2223 841
2224 840
2225 840
2226 840
2227 840
2228 839
2229 839
2230 839
2231 839
2232 838
2233 838
2234 838
2235 838
2236 838
2237 838
2238 838
2239 838
2240 837
2241 837
2242 837
2243 837
2244 836
2245 836
2246 836
2247 836
2248 836
2249 836
2250 836
2251 836
2252 836
2253 836
2254 836
2255 836
2256 836
2257 836
2258 836
2259 836
2260 836
2261 836
2262 836
2263 836
2264 836
2265 836
2266 836
2267 836
2268 836
2269 836
2270 836
2271 836
2272 836
2273 836
2274 836
2275 836
2276 836
2277 836
2278 836
2279 836
2280 836
2281 836
2282 836
2283 836
2284 836
2285 836
2286 836
2287 836
2288 836
2289 836
2290 836
2291 836
2292 836
2293 836
2294 836
2295 836
2296 836
2297 836
2298 836
2299 836
2300 836
2301 836
2302 836
2303 836
2304 836
2305 836
2306 836
2307 836
2308 836
2309 836
2310 836
2311 836
2312 835
2313 835
2314 835
2315 835
2316 834
2317 834
2318 834
2319 834
2320 834
2321 834
2322 834
2323 834
2324 834
2325 834
2326 834
2327 834
2328 834
2329 834
2330 834
2331 834
2332 834
2333 834
2334 834
2335 834
2336 834
2337 834
2338 834
2339 834
2340 834
2341 834
2342 834
2343 834
2344 834
2345 834
2346 834
2347 834
2348 833
2349 833
2350 833
2351 833
2352 832
2353 832
2354 832
2355 832
2356 832
2357 832
2358 832
2359 832
2360 832
2361 832
2362 832
2363 832
2364 832
2365 832
2366 832
2367 832
2368 832
2369 832
2370 832
2371 832
2372 832
2373 832
2374 832
2375 832
2376 832
2377 832
2378 832
2379 832
2380 832
2381 832
2382 831
2383 831
2384 831
2385 831
2386 830
2387 830
2388 830
2389 830
2390 829
2391 829
2392 829
2393 829
2394 828
2395 828
2396 828
2397 828
2398 828
2399 828
2400 827
2401 827
2402 827
2403 827
2404 826
2405 826
2406 826
2407 826
2408 826
2409 826
2410 826
2411 826
2412 826
2413 826
2414 826
2415 826
2416 826
2417 826
2418 826
2419 826
2420 825
2421 825
2422 825
2423 825
2424 824
2425 823
2426 822
2427 822
2428 821
2429 821
2430 820
2431 819
2432 819
2433 819
2434 818
2435 818
2436 818
2437 818
2438 818
2439 818
2440 818
2441 818
2442 818
2443 818
2444 818
2445 818
2446 818
2447 818
2448 818
2449 818
2450 818
2451 818
2452 818
2453 818
2454 818
2455 818
2456 818
2457 818
2458 817
2459 817
2460 817
2461 817
2462 816
2463 815
2464 815
2465 815
2466 814
2467 814
2468 814
2469 814
2470 814
2471 814
2472 814
2473 814
2474 814
2475 814
2476 814
2477 814
2478 814
2479 814
2480 814
2481 814
2482 814
2483 814
2484 814
2485 814
2486 814
2487 814
2488 814
2489 814
2490 814
2491 814
2492 814
2493 814
2494 814
2495 814
2496 814
2497 814
2498 814
2499 814
2500 814
2501 814
2502 814
2503 814
2504 814
2505 814
2506 814
2507 814
2508 814
2509 814
2510 814
2511 814
2512 814
2513 814
2514 814
2515 814
2516 814
2517 814
2518 813
2519 813
2520 813
2521 813
2522 812
2523 812
2524 811
2525 811
2526 811
2527 811
2528 810
2529 809
2530 809
2531 809
2532 808
2533 807
2534 806
2535 805
2536 805
2536 804
2537 803
2538 803
2539 802
2540 801
2541 801
2542 800
2543 799
2544 798
2545 798
2546 797
2547 797
2548 796
2549 795
2550 794
2551 794
2552 793
2553 793
2554 792
2555 791
2556 791
2557 791
2558 790
2559 790
2560 790
2561 790
2562 790
2563 790
2564 790
2565 790
2566 789
2567 789
2568 789
2569 789
2570 788
2571 788
2572 788
2573 788
2574 788
2575 788
2576 787
2577 787
2578 787
2579 787
2580 786
2581 786
2582 785
2583 785
2584 785
2585 785
2586 784
2587 783
2588 783
2589 783
2590 782
2591 781
2592 781
2593 781
2594 780
2595 779
2596 778
2597 777
2598 777
2598 776
2599 775
2600 774
2601 773
2602 772
2602 771
2603 770
2604 769
2604 768
2605 767
2606 767
2606 766
2607 765
2608 765
2608 764
2609 763
2610 763
2610 762
2611 761
2612 761
2612 760
2613 759
2614 759
2614 758
2615 757
2616 757
2617 756
2618 755
2619 755
2620 754
2621 753
2622 752
2623 752
2624 751
2625 751
2626 750
2627 749
2628 749
2629 749
2630 748
2631 747
2632 746
2633 746
2634 745
2635 745
2636 744
2637 743
2638 743
2639 743
2640 742
2641 741
2642 741
2643 741
2644 740
2645 739
2646 738
2647 738
2648 737
2649 737
2650 736
2651 735
2652 735
2653 735
2654 734
2655 733
2656 733
2657 733
2658 732
2659 731
2660 731
2661 731
2662 730
2663 729
2664 728
2665 727
2666 727
2666 726
2667 725
2668 725
2668 724
2669 723
2670 722
2671 721
2672 720
2672 719
2672 718
2672 717
2673 716
2673 715
2674 714
2674 713
2674 712
2675 711
2676 710
2676 709
2676 708
2677 707
2678 706
2678 705
2678 704
2678 703
2679 702
2679 701
2679 700
2679 699
2679 698
2679 697
2679 696
2679 695
2679 694
2679 693
2679 692
2679 691
2679 690
2679 689
2679 688
2679 687
2679 686
2679 685
2679 684
2679 683
2679 682
2679 681
2679 680
2679 679
2679 678
2679 677
2679 676
2679 675
2678 674
2678 673
2678 672
2678 671
2677 670
2677 669
2677 668
2677 667
2677 666
2677 665
2677 664
2677 663
2677 662
2677 661
2677 660
2677 659
2677 658
2677 657
2677 656
2677 655
2677 654
2677 653
2677 652
2677 651
2676 650
2676 649
2676 648
2676 647
2675 646
2674 645
2674 644
2674 643
2673 642
2673 641
2673 640
2673 639
2673 638
2673 637
2673 636
2673 635
2673 634
2673 633
2673 632
2673 631
2673 630
2673 629
2672 628
2672 627
2672 626
2672 625
2671 624
2671 623
2671 622
2671 621
2671 620
2671 619
2671 618
2671 617
2671 616
2671 615
2670 614
2670 613
2669 612
2669 611
2668 610
2668 609
2667 608
2667 607
2667 606
2667 605
2666 604
2666 603
2666 602
2666 601
2665 600
2665 599
2665 598
2665 597
2665 596
2665 595
2665 594
2665 593
2664 592
2664 591
2664 590
2664 589
2663 588
2663 587
2663 586
2663 585
2663 584
2663 583
2663 582
2663 581
2663 580
2663 579
2663 578
2663 577
2663 576
2663 575
2663 574
2663 573
2662 572
2662 571
2662 570
2662 569
2661 568
2661 567
2660 566
2660 565
2659 564
2658 563
2658 562
2657 562
2656 561
2655 560
2654 559
2653 558
2652 558
2651 558
2650 557
2649 556
2648 556
2647 555
2646 554
2645 554
2644 553
2644 552
2643 552
2642 551
2642 550
2641 550
2640 549
2640 548
2639 548
2638 547
2638 546
2637 546
2636 545
2635 544
2634 543
2633 542
2632 542
2631 541
2630 541
2629 540
2628 539
2627 538
2626 538
2625 537
2624 536
2623 536
2622 535
2622 534
2621 534
2620 533
2620 532
2619 532
2618 531
2618 530
2617 530
2616 529
2616 528
2615 528
2614 527
2614 526
2613 526
2612 525
2612 524
2611 524
2610 523
2610 522
2609 522
2608 521
2608 520
2607 520
2606 519
2605 518
2604 518
2603 517
2602 517
2601 516
2600 516
2599 515
2598 515
2597 514
2596 513
2595 512
2594 512
2593 511
2592 510
2591 510
2590 509
2590 508
2589 508
2588 507
2587 506
2586 505
2585 504
2584 504
2583 504
2582 503
2581 502
2580 502
2579 501
2578 500
2577 500
2576 499
2575 498
2574 497
2573 496
2572 496
2571 495
2570 494
2569 494
2568 493
2568 492
2567 492
2566 491
2565 490
2564 489
2563 488
2562 488
2561 487
2560 486
2559 486
2558 485
2558 484
2557 484
2556 483
2555 482
2554 481
2553 480
2552 480
2551 480
2550 480
2549 479
2548 479
2547 478
2546 478
2545 478
2544 478
2543 477
2542 477
2541 476
2540 476
2539 476
2538 475
2537 474
2536 474
2535 474
2534 474
2533 473
2532 473
2531 473
2530 473
2529 473
2528 473
2527 473
2526 473
2525 472
2524 472
2523 472
2522 472
2521 471
2520 471
2519 471
2518 471
2517 471
2516 471
2515 471
2514 471
2513 470
2512 470
2511 470
2510 470
2509 469
2508 469
2507 469
2506 469
2505 469
2504 469
2503 468
2502 468
2501 468
2500 468
2499 467
2498 467
2497 467
2496 467
2495 467
2494 467
2493 467
2492 467
2491 466
2490 466
2489 466
2488 465
2487 464
2486 464
2485 464
2484 463
2483 462
2482 462
2481 462
2480 461
2479 460
2478 460
2477 460
2476 459
2475 458
2474 458
2473 458
2472 457
2471 456
2470 456
2469 456
2468 456
2467 455
2466 455
2465 455
2464 455
2463 454
2462 454
2461 454
2460 454
2459 453
2458 453
2457 452
2456 452
2455 452
2454 452
2453 451
2452 451
2451 451
2450 451
2449 451
2448 451
2447 451
2446 451
2445 451
2444 451
2443 451
2442 451
2441 451
2440 451
2439 450
2438 450
2437 450
2436 450
2435 449
2434 449
2433 449
2432 449
2431 449
2430 449
2429 449
2428 449
2427 449
2426 449
2425 449
2424 449
2423 449
2422 449
2421 449
2420 449
2419 449
2418 449
2417 449
2416 449
2415 449
2414 449
2413 449
2412 449
2411 449
2410 449
2409 450
2408 450
2407 450
2406 450
2405 451
2404 451
2403 451
2402 451
2401 451
2400 451
2399 452
2398 452
2397 452
2396 452
2395 453
2394 453
2393 453
2392 453
2391 453
2390 453
2389 453
2388 453
2387 453
2386 453
2385 453
2384 453
2383 453
2382 453
2381 453
2380 453
2379 453
2378 453
2377 453
2376 453
2375 453
2374 453
2373 453
2372 453
2371 453
2370 453
2369 454
2368 454
2367 454
2366 454
2365 455
2364 456
2363 457
2362 458
2361 458
2360 459
2359 460
2358 460
2357 461
2356 461
2355 461
2354 461
2353 461
2352 461
2351 462
2350 462
2349 462
2348 462
2347 463
2346 463
2345 463
2344 463
2343 463
2342 463
2341 463
2340 463
2339 464
2338 464
2337 464
2336 464
2335 465
2334 465
2333 465
2332 465
2331 465
2330 465
2329 465
2328 465
2327 465
2326 465
2325 466
2324 466
2323 466
2322 466
2321 467
2320 467
2319 467
2318 467
2317 467
2316 467
2315 468
2314 468
2313 468
2312 468
2311 469
2310 470
2309 470
2308 470
2307 471
2306 471
2305 471
2304 471
2303 471
2302 471
2301 472
2300 472
2299 472
2298 472
2297 473
2296 474
2295 474
2294 474
2293 475
2292 475
2291 475
2290 475
2289 475
2288 475
2287 475
2286 475
2285 475
2284 475
2283 475
2282 475
2281 475
2280 475
2279 475
2278 475
2277 475
2276 475
2275 475
2274 475
2273 475
2272 475
2271 475
2270 475
2269 475
2268 475
2267 475
2266 475
2265 475
2264 475
2263 475
2262 475
2261 475
2260 475
2259 475
2258 475
2257 474
2256 474
2255 474
2254 474
2253 473
2252 473
2251 472
2250 472
2249 472
2248 472
2247 471
2246 471
2245 471
2244 471
2243 470
2242 470
2241 470
2240 470
2239 469
2238 469
2237 468
2236 468
2235 468
2234 467
2233 466
2232 466
2231 465
2230 465
2229 464
2228 463
2227 462
2226 462
2225 462
2224 461
2223 460
2222 460
2221 460
2220 459
2219 458
2218 458
2217 458
2216 457
2215 456
2214 456
2213 455
2212 454
2211 454
2210 453
2209 452
2208 451
2207 450
2206 450
2205 450
2204 449
2203 448
2202 448
2201 448
2200 447
2199 446
2198 446
2197 446
2196 445
2195 444
2194 444
2193 443
2192 442
2191 442
2190 441
2189 440
2188 439
2187 438
2186 438
2185 438
2184 437
2183 436
2182 436
2181 436
2180 436
2179 435
2178 435
2177 435
2176 435
2175 435
2174 435
2173 435
2172 435
2171 435
2170 435
2169 435
2168 435
2167 435
2166 435
2165 435
2164 435
2163 435
2162 435
2161 435
2160 435
2159 435
2158 435
2157 435
2156 435
2155 435
2154 435
2153 435
2152 435
2151 435
2150 435
2149 435
2148 435
2147 436
2146 436
2145 436
2144 436
2143 437
2142 437
2141 438
2140 438
2139 438
2138 438
2137 439
2136 439
2135 439
2134 439
2133 439
2132 439
2131 439
2130 439
2129 439
2128 439
2127 439
2126 439
2125 439
2124 439
2123 439
2122 439
2121 439
2120 439
2119 439
2118 439
2117 439
2116 439
2115 438
2114 438
2113 438
2112 438
2111 437
2110 437
2109 437
2108 437
2107 437
2106 437
2105 437
2104 437
2103 437
2102 437
2101 437
2100 437
2099 436
2098 436
2097 436
2096 436
2095 435
2094 435
2093 435
2092 435
2091 435
2090 435
2089 435
2088 435
2087 435
2086 435
2085 435
2084 435
2083 435
2082 435
2081 434
2080 434
2079 434
2078 434
2077 433
2076 433
2075 433
2074 433
2073 433
2072 433
2071 433
2070 433
2069 432
2068 432
2067 432
2066 432
2065 431
2064 431
2063 431
2062 431
2061 431
2060 431
2059 431
2058 431
2057 431
2056 431
2055 431
2054 431
2053 430
2052 430
2051 430
2050 430
2049 429
2048 429
2047 428
2046 428
2045 428
2044 428
2043 427
2042 427
2041 427
2040 427
2039 427
2038 427
2037 427
2036 427
2035 427
2034 427
2033 426
2032 426
2031 426
2030 426
2029 425
2028 425
2027 425
2026 425
2025 424
2024 424
2023 424
2022 424
2021 423
2020 423
2019 423
2018 423
2017 422
2016 422
2015 422
2014 422
2013 421
2012 421
2011 421
2010 421
2009 420
2008 420
2007 420
2006 419
2005 418
2004 418
2003 418
2002 417
2001 416
2000 416
1999 416
1998 416
1997 415
1996 415
1995 415
1994 415
1993 414
1992 414
1991 414
1990 414
1989 413
1988 413
1987 413
1986 413
1985 412
1984 412
1983 412
1982 411
1981 410
1980 410
1979 410
1978 409
1977 408
1976 408
1975 408
1974 407
1973 406
1972 406
1971 406
1970 406
1969 405
1968 405
1967 404
1966 404
1965 404
1964 404
1963 403
1962 403
1961 403
1960 403
1959 403
1958 403
1957 403
1956 403
1955 404
1954 404
1953 404
1952 404
1951 405
1950 405
1949 405
1948 405
1947 405
1946 405
1945 405
1944 405
1943 405
1942 405
1941 405
1940 405
1939 405
1938 405
1937 405
1936 405
1935 405
1934 405
1933 405
1932 405
1931 405
1930 405
1929 405
1928 405
1927 406
1926 406
1925 406
1924 406
1923 407
1922 407
1921 407
1920 407
1919 407
1918 407
1917 407
1916 407
1915 407
1914 407
1913 407
1912 407
1911 407
1910 407
1909 407
1908 407
1907 407
1906 407
1905 407
1904 407
1903 407
1902 407
1901 407
1900 407
1899 406
1898 406
1897 406
1896 406
1895 405
1894 405
1893 404
1892 404
1891 404
1890 404
1889 403
1888 403
1887 402
1886 402
1885 401
1884 400
1883 400
1882 399
1881 398
1880 398
1879 397
1878 397
1877 396
1876 396
1875 396
1874 396
1873 395
1872 395
1871 395
1870 395
1869 395
1868 395
1867 395
1866 395
1865 395
1864 395
1863 395
1862 395
1861 395
1860 395
