529 1789
528 1790
527 1790
526 1790
525 1790
524 1791
523 1791
522 1791
521 1792
520 1792
519 1792
518 1792
517 1793
516 1793
515 1793
514 1793
513 1793
512 1793
511 1793
510 1793
509 1793
508 1794
507 1794
506 1794
505 1794
504 1794
503 1794
502 1794
501 1794
500 1794
499 1794
498 1794
497 1794
496 1794
495 1794
494 1794
493 1794
492 1794
491 1794
490 1794
489 1794
488 1794
487 1794
486 1794
485 1795
484 1795
483 1795
482 1795
481 1795
480 1795
479 1795
478 1795
477 1795
476 1795
475 1795
474 1795
473 1795
472 1795
471 1795
470 1795
469 1795
468 1795
467 1795
466 1795
465 1796
464 1796
463 1797
462 1797
461 1798
460 1799
459 1799
458 1799
457 1800
456 1800
455 1801
454 1801
453 1801
452 1801
451 1802
450 1802
449 1803
448 1803
447 1804
446 1805
445 1806
444 1806
444 1807
443 1808
443 1809
443 1810
442 1811
442 1812
442 1813
441 1814
441 1815
440 1816
440 1817
440 1818
441 1819
441 1820
442 1821
443 1821
444 1822
445 1822
446 1823
447 1824
448 1824
449 1825
450 1826
451 1827
452 1827
453 1828
454 1828
455 1829
456 1830
457 1830
458 1830
459 1831
460 1831
461 1832
462 1832
463 1832
464 1833
465 1834
466 1835
467 1835
468 1835
469 1835
470 1836
471 1836
472 1837
473 1837
474 1838
475 1838
476 1839
477 1839
478 1840
479 1840
480 1840
481 1840
482 1840
483 1840
484 1841
485 1841
486 1841
487 1841
488 1842
489 1842
490 1842
491 1843
492 1843
493 1843
494 1843
495 1843
496 1843
497 1844
498 1844
499 1844
500 1845
501 1845
502 1845
503 1845
504 1845
505 1846
506 1846
507 1846
508 1846
509 1846
510 1846
511 1846
512 1846
513 1846
514 1846
515 1846
516 1846
517 1847
518 1847
519 1847
520 1848
521 1848
522 1848
523 1848
524 1848
525 1848
526 1848
527 1848
528 1848
529 1848
530 1848
531 1848
532 1848
533 1848
534 1847
535 1847
536 1847
537 1846
538 1846
539 1846
540 1846
541 1846
542 1846
543 1846
544 1845
545 1845
546 1845
547 1845
548 1844
549 1844
550 1844
551 1844
552 1844
553 1844
554 1844
555 1843
556 1842
557 1842
558 1841
559 1840
560 1840
561 1839
562 1839
563 1838
564 1838
565 1838
566 1837
567 1836
568 1835
569 1834
569 1833
569 1832
570 1831
570 1830
571 1829
571 1828
572 1827
572 1826
572 1825
572 1824
572 1823
572 1822
572 1821
572 1820
572 1819
572 1818
572 1817
572 1816
571 1815
571 1814
571 1813
571 1812
571 1811
571 1810
570 1809
570 1808
569 1807
568 1806
567 1805
566 1804
565 1803
564 1802
563 1802
562 1801
561 1801
560 1800
559 1799
558 1798
557 1797
556 1797
555 1796
554 1796
553 1796
552 1795
551 1794
550 1793
549 1792
548 1792
547 1791
546 1791
545 1790
544 1790
543 1790
542 1790
541 1790
540 1790
539 1790
538 1789
537 1789
536 1789
535 1789
534 1789
533 1789
532 1789
531 1789
530 1789
529 1789
