570 966
569 967
568 968
567 968
566 968
565 968
564 968
563 968
562 968
561 968
560 968
559 969
558 969
557 970
556 971
555 972
554 973
553 974
552 975
551 976
550 977
549 978
548 978
547 979
546 979
545 979
544 979
543 979
542 979
541 979
540 979
539 979
538 979
537 979
536 979
535 980
534 980
533 980
532 981
531 981
530 981
529 981
528 981
527 981
526 982
525 982
524 982
523 982
522 983
521 984
520 984
519 984
518 984
517 984
516 985
515 985
514 985
513 986
512 986
511 987
510 987
509 988
508 989
507 989
506 990
505 990
504 991
503 991
502 992
501 992
500 993
499 994
498 995
497 996
496 996
495 997
494 998
493 998
492 999
491 1000
490 1001
489 1002
488 1003
487 1004
486 1005
485 1006
484 1007
483 1008
482 1009
481 1010
480 1011
479 1012
478 1013
478 1014
477 1015
477 1016
476 1017
476 1018
475 1019
475 1020
475 1021
475 1022
474 1023
474 1024
474 1025
473 1026
473 1027
473 1028
473 1029
473 1030
473 1031
473 1032
473 1033
473 1034
473 1035
473 1036
473 1037
473 1038
473 1039
473 1040
474 1041
474 1042
475 1043
476 1044
477 1044
478 1045
479 1046
480 1047
481 1047
482 1048
483 1048
484 1048
485 1048
486 1048
487 1048
488 1048
489 1048
490 1049
491 1049
492 1050
493 1050
494 1050
495 1050
496 1050
497 1050
498 1050
499 1050
500 1050
501 1050
502 1051
503 1051
504 1052
505 1052
506 1052
507 1053
508 1053
509 1053
510 1053
511 1053
512 1053
513 1053
514 1053
515 1053
516 1054
517 1054
518 1054
519 1054
520 1055
521 1055
522 1055
523 1055
524 1055
525 1055
526 1055
527 1055
528 1055
529 1055
530 1055
531 1056
532 1056
533 1056
534 1056
535 1057
536 1057
537 1057
538 1058
539 1058
540 1058
541 1058
542 1059
543 1059
544 1059
545 1060
546 1060
547 1060
548 1060
549 1060
550 1061
551 1061
552 1061
553 1061
554 1062
555 1062
556 1062
557 1063
558 1063
559 1063
560 1064
561 1064
562 1064
563 1064
564 1064
565 1064
566 1065
567 1065
568 1065
569 1065
570 1066
571 1066
572 1066
573 1066
574 1066
575 1066
576 1066
577 1066
578 1066
579 1066
580 1067
581 1067
582 1067
583 1068
584 1068
585 1068
586 1068
587 1068
588 1068
589 1068
590 1068
591 1068
592 1069
593 1069
594 1069
595 1069
596 1069
597 1069
598 1069
599 1069
600 1069
601 1069
602 1070
603 1070
604 1070
605 1070
606 1070
607 1070
608 1070
609 1071
610 1071
611 1071
612 1071
613 1072
614 1072
615 1072
616 1073
617 1073
618 1073
619 1073
620 1073
621 1074
622 1074
623 1074
624 1074
625 1074
626 1074
627 1074
628 1075
629 1075
630 1075
631 1076
632 1076
633 1076
634 1076
635 1076
636 1076
637 1076
638 1076
639 1076
640 1076
641 1077
642 1077
643 1077
644 1078
645 1078
646 1078
647 1079
648 1079
649 1080
650 1080
651 1080
652 1080
653 1080
654 1081
655 1081
656 1081
657 1081
658 1081
659 1082
660 1082
661 1083
662 1084
663 1084
664 1085
665 1086
666 1086
667 1086
668 1087
669 1087
670 1088
671 1088
672 1089
673 1089
674 1089
675 1090
676 1090
677 1091
678 1091
679 1092
680 1092
681 1092
682 1092
683 1092
684 1092
685 1093
686 1093
687 1093
688 1094
689 1094
690 1094
691 1095
692 1095
693 1095
694 1095
695 1095
696 1095
697 1095
698 1095
699 1095
700 1095
701 1095
702 1095
703 1095
704 1095
705 1096
706 1096
707 1097
708 1097
709 1097
710 1097
711 1098
712 1098
713 1098
714 1099
715 1099
716 1099
717 1099
718 1099
719 1099
720 1100
721 1100
722 1100
723 1100
724 1100
725 1101
726 1101
727 1102
728 1102
729 1102
730 1102
731 1102
732 1103
733 1103
734 1103
735 1104
736 1104
737 1104
738 1104
739 1104
740 1104
741 1105
742 1105
743 1106
744 1106
745 1106
746 1106
747 1107
748 1108
749 1108
750 1109
751 1109
752 1109
753 1109
754 1109
755 1109
756 1109
757 1110
758 1110
759 1110
760 1110
761 1110
762 1110
763 1110
764 1110
765 1110
766 1110
767 1111
768 1111
769 1111
770 1111
771 1111
772 1111
773 1111
774 1112
775 1112
776 1112
777 1112
778 1112
779 1112
780 1112
781 1112
782 1112
783 1112
784 1112
785 1112
786 1112
787 1112
788 1112
789 1112
790 1112
791 1112
792 1112
793 1112
794 1112
795 1111
796 1111
797 1110
798 1110
799 1110
800 1110
801 1110
802 1110
803 1110
804 1110
805 1109
806 1109
807 1109
808 1108
809 1108
810 1108
811 1107
812 1107
813 1107
814 1107
815 1107
816 1107
817 1107
818 1106
819 1106
820 1106
821 1106
822 1106
823 1105
824 1105
825 1104
826 1104
827 1104
828 1104
829 1103
830 1103
831 1103
832 1102
833 1102
834 1102
835 1101
836 1101
837 1100
838 1100
839 1099
840 1099
841 1098
842 1097
843 1097
844 1096
845 1096
846 1096
847 1096
848 1096
849 1096
850 1095
851 1094
852 1094
853 1094
854 1093
855 1093
856 1093
857 1092
858 1092
859 1091
860 1091
861 1091
862 1090
863 1090
864 1090
865 1090
866 1089
867 1089
868 1089
869 1089
870 1088
871 1088
872 1088
873 1087
874 1087
875 1086
876 1086
877 1085
878 1084
879 1084
880 1083
881 1083
882 1083
883 1083
884 1082
885 1082
886 1082
887 1081
888 1081
889 1081
890 1080
891 1080
892 1080
893 1079
894 1079
895 1078
896 1078
897 1078
898 1077
899 1077
900 1076
901 1076
902 1076
903 1075
904 1074
905 1074
906 1073
907 1073
908 1072
909 1071
910 1070
911 1069
912 1068
913 1068
914 1068
915 1067
916 1067
917 1066
918 1065
919 1065
920 1064
921 1064
922 1063
923 1063
924 1063
925 1062
926 1062
927 1062
928 1061
929 1061
930 1060
931 1060
932 1059
933 1058
934 1058
935 1058
936 1058
937 1058
938 1057
939 1057
940 1057
941 1056
942 1056
943 1055
944 1055
945 1055
946 1055
947 1054
948 1054
949 1053
950 1053
951 1052
952 1051
953 1051
954 1050
955 1049
956 1048
957 1047
958 1046
959 1045
959 1044
960 1043
960 1042
961 1041
962 1040
962 1039
962 1038
963 1037
963 1036
964 1035
964 1034
965 1033
965 1032
965 1031
965 1030
965 1029
965 1028
965 1027
965 1026
965 1025
965 1024
965 1023
964 1022
964 1021
963 1020
962 1019
961 1018
960 1018
959 1017
958 1016
957 1016
956 1015
955 1015
954 1015
953 1014
952 1013
951 1013
950 1012
949 1011
948 1011
947 1011
946 1010
945 1010
944 1010
943 1009
942 1009
941 1009
940 1009
939 1009
938 1009
937 1009
936 1009
935 1009
934 1009
933 1009
932 1009
931 1009
930 1008
929 1008
928 1007
927 1007
926 1007
925 1007
924 1007
923 1007
922 1007
921 1007
920 1007
919 1007
918 1007
917 1007
916 1007
915 1007
914 1006
913 1006
912 1006
911 1005
910 1005
909 1005
908 1005
907 1004
906 1004
905 1004
904 1004
903 1004
902 1004
901 1004
900 1004
899 1004
898 1004
897 1003
896 1003
895 1002
894 1002
893 1001
892 1000
891 1000
890 1000
889 999
888 999
887 998
886 998
885 998
884 998
883 999
882 999
881 999
880 999
879 999
878 999
877 999
876 999
875 999
874 999
873 999
872 999
871 999
870 999
869 999
868 999
867 999
866 999
865 999
864 998
863 998
862 998
861 998
860 997
859 997
858 997
857 997
856 997
855 997
854 997
853 997
852 997
851 997
850 997
849 997
848 997
847 997
846 997
845 997
844 997
843 997
842 997
841 997
840 997
839 997
838 997
837 997
836 997
835 997
834 997
833 997
832 997
831 997
830 997
829 997
828 997
827 997
826 997
825 997
824 997
823 996
822 996
821 996
820 995
819 995
818 995
817 995
816 995
815 995
814 995
813 995
812 995
811 995
810 995
809 994
808 994
807 994
806 994
805 994
804 994
803 994
802 994
801 994
800 994
799 994
798 994
797 994
796 994
795 994
794 993
793 993
792 992
791 992
790 992
789 992
788 992
787 992
786 992
785 991
784 991
783 991
782 991
781 990
780 990
779 990
778 990
777 989
776 989
775 989
774 989
773 989
772 988
771 987
770 987
769 987
768 987
767 987
766 987
765 987
764 987
763 987
762 987
761 987
760 986
759 986
758 986
757 986
756 986
755 986
754 986
753 986
752 986
751 986
750 986
749 986
748 986
747 985
746 985
745 985
744 984
743 984
742 984
741 984
740 984
739 984
738 984
737 984
736 984
735 984
734 984
733 984
732 984
731 984
730 984
729 984
728 984
727 984
726 984
725 983
724 983
723 983
722 983
721 983
720 983
719 983
718 983
717 982
716 982
715 982
714 982
713 982
712 982
711 982
710 981
709 981
708 981
707 981
706 981
705 981
704 981
703 981
702 981
701 981
700 981
699 981
698 981
697 981
696 981
695 981
694 981
693 981
692 981
691 981
690 981
689 981
688 981
687 980
686 980
685 980
684 980
683 980
682 981
681 981
680 981
679 981
678 981
677 981
676 981
675 981
674 981
673 981
672 980
671 980
670 979
669 979
668 979
667 978
666 978
665 978
664 977
663 977
662 977
661 978
660 977
659 977
658 977
657 976
656 976
655 976
654 976
653 976
652 976
651 975
650 975
649 974
648 974
647 974
646 973
645 973
644 973
643 974
642 974
641 974
640 974
639 974
638 974
637 974
636 974
635 974
634 974
633 974
632 974
631 974
630 973
629 973
628 973
627 973
626 973
625 973
624 973
623 972
622 972
621 972
620 972
619 972
618 972
617 971
616 971
615 971
614 971
613 971
612 971
611 970
610 970
609 970
608 969
607 969
606 969
605 969
604 969
603 968
602 968
601 968
600 968
599 968
598 968
597 967
596 967
595 967
594 967
593 967
592 967
591 966
590 966
589 966
588 966
587 966
586 966
585 966
584 966
583 966
582 966
581 966
580 966
579 966
578 966
577 966
576 966
575 966
574 966
573 966
572 966
571 966
570 966
