829 410
828 411
827 411
826 412
825 413
824 413
823 414
822 415
821 415
820 416
819 416
818 417
817 418
816 419
815 420
814 420
813 421
812 421
811 422
810 423
809 424
808 425
807 426
806 427
806 428
806 429
806 430
807 431
808 431
809 431
810 431
811 431
812 431
813 431
814 431
815 431
816 431
817 431
818 431
819 431
820 431
821 431
822 431
823 431
824 431
825 431
826 431
827 431
828 431
829 431
830 431
831 431
832 431
833 431
834 432
835 432
836 433
837 433
838 433
839 433
840 434
841 434
842 434
843 435
844 435
845 435
846 435
847 435
848 435
849 436
850 436
851 436
852 437
853 437
854 437
855 437
856 437
857 437
858 437
859 437
860 436
861 436
862 436
863 435
863 434
864 433
864 432
864 431
864 430
864 429
864 428
864 427
864 426
864 425
864 424
864 423
864 422
864 421
864 420
863 419
863 418
862 417
861 416
860 416
859 415
858 415
857 414
856 413
855 413
854 412
853 412
852 411
851 411
850 411
849 411
848 411
847 411
846 411
845 411
844 411
843 411
842 411
841 411
840 411
839 411
838 411
837 411
836 411
835 410
834 410
833 410
832 410
831 410
830 410
829 410
