540 2400
539 2401
538 2401
537 2401
536 2401
535 2401
534 2401
533 2401
532 2401
531 2401
530 2401
529 2401
528 2401
527 2401
526 2401
525 2401
524 2401
523 2401
522 2402
521 2402
520 2402
519 2403
518 2403
517 2403
516 2403
515 2404
514 2405
513 2405
512 2405
511 2405
510 2405
509 2405
508 2405
507 2405
506 2405
505 2405
504 2405
503 2405
502 2405
501 2405
500 2406
499 2406
498 2407
497 2407
496 2408
495 2408
494 2409
493 2410
492 2411
491 2412
490 2413
489 2414
488 2415
487 2416
486 2417
485 2418
484 2419
483 2420
482 2421
481 2422
481 2423
480 2424
481 2425
481 2426
482 2427
483 2428
484 2429
485 2429
486 2429
487 2429
488 2429
489 2429
490 2430
491 2430
492 2430
493 2431
494 2431
495 2431
496 2431
497 2431
498 2431
499 2431
500 2431
501 2431
502 2431
503 2431
504 2431
505 2432
506 2433
507 2433
508 2433
509 2433
510 2433
511 2433
512 2433
513 2433
514 2433
515 2433
516 2433
517 2433
518 2433
519 2433
520 2433
521 2433
522 2433
523 2433
524 2433
525 2433
526 2433
527 2433
528 2433
529 2433
530 2433
531 2433
532 2433
533 2433
534 2433
535 2433
536 2433
537 2433
538 2433
539 2433
540 2433
541 2433
542 2433
543 2433
544 2433
545 2433
546 2433
547 2433
548 2433
549 2433
550 2433
551 2433
552 2433
553 2433
554 2433
555 2433
556 2433
557 2433
558 2433
559 2433
560 2433
561 2433
562 2433
563 2433
564 2433
565 2433
566 2434
567 2434
568 2434
569 2435
570 2435
571 2435
572 2435
573 2435
574 2435
575 2435
576 2435
577 2435
578 2435
579 2435
580 2435
581 2435
582 2435
583 2436
584 2436
585 2436
586 2436
587 2436
588 2436
589 2436
590 2436
591 2436
592 2436
593 2436
594 2436
595 2436
596 2436
597 2436
598 2436
599 2436
600 2437
601 2437
602 2437
603 2436
604 2436
605 2436
606 2435
607 2435
608 2435
609 2435
610 2435
611 2435
612 2435
613 2435
614 2435
615 2435
616 2435
617 2435
618 2435
619 2435
620 2435
621 2435
622 2435
623 2435
624 2435
625 2435
626 2435
627 2435
628 2435
629 2435
630 2434
631 2434
632 2434
633 2433
634 2433
635 2432
636 2431
637 2431
638 2431
639 2431
640 2431
641 2431
642 2431
643 2431
644 2431
645 2431
646 2430
647 2430
648 2429
649 2428
649 2427
649 2426
650 2425
650 2424
650 2423
651 2422
651 2421
650 2420
650 2419
650 2418
651 2417
650 2416
650 2415
650 2414
649 2413
648 2412
647 2411
646 2410
645 2410
644 2409
643 2409
642 2409
641 2409
640 2409
639 2409
638 2409
637 2409
636 2409
635 2409
634 2409
633 2409
632 2409
631 2409
630 2409
629 2409
628 2409
627 2409
626 2409
625 2409
624 2408
623 2408
622 2408
621 2408
620 2407
619 2407
618 2406
617 2406
616 2405
615 2404
614 2403
613 2403
612 2402
611 2402
610 2401
609 2401
608 2401
607 2401
606 2401
605 2401
604 2401
603 2401
602 2401
601 2401
600 2401
599 2401
598 2400
597 2400
596 2400
595 2400
594 2400
593 2400
592 2400
591 2400
590 2400
589 2400
588 2400
587 2400
586 2400
585 2400
584 2400
583 2400
582 2400
581 2400
580 2400
579 2400
578 2400
577 2400
576 2400
575 2400
574 2400
573 2400
572 2400
571 2400
570 2400
569 2400
568 2400
567 2400
566 2400
565 2400
564 2400
563 2400
562 2400
561 2400
560 2400
559 2400
558 2400
557 2400
556 2400
555 2400
554 2400
553 2400
552 2400
551 2400
550 2400
549 2400
548 2400
547 2400
546 2400
545 2400
544 2400
543 2400
542 2400
541 2400
540 2400
