1513 176
1512 177
1511 177
1510 177
1509 178
1508 179
1507 179
1506 179
1505 180
1504 180
1503 181
1502 181
1501 182
1500 183
1499 184
1498 184
1497 185
1496 185
1495 185
1494 185
1493 186
1492 186
1491 186
1490 186
1489 187
1488 187
1487 187
1486 187
1485 188
1484 188
1483 188
1482 189
1481 189
1480 189
1479 189
1478 190
1477 190
1476 191
1475 191
1474 192
1473 192
1472 192
1471 192
1470 192
1469 192
1468 192
1467 192
1466 192
1465 192
1464 192
1463 192
1462 192
1461 192
1460 192
1459 192
1458 192
1457 192
1456 192
1455 192
1454 192
1453 192
1452 192
1451 192
1450 192
1449 192
1448 192
1447 192
1446 192
1445 192
1444 192
1443 192
1442 192
1441 191
1440 191
1439 191
1438 190
1437 190
1436 189
1435 189
1434 189
1433 188
1432 188
1431 188
1430 187
1429 186
1428 186
1427 186
1426 185
1425 184
1424 184
1423 184
1422 183
1421 183
1420 183
1419 183
1418 183
1417 183
1416 183
1415 183
1414 183
1413 183
1412 183
1411 183
1410 183
1409 183
1408 183
1407 183
1406 183
1405 183
1404 183
1403 183
1402 182
1401 182
1400 181
1399 181
1398 180
1397 180
1396 179
1395 179
1394 179
1393 178
1392 178
1391 178
1390 178
1389 178
1388 178
1387 178
1386 179
1385 179
1384 179
1383 179
1382 180
1381 180
1380 180
1379 180
1378 180
1377 180
1376 180
1375 181
1374 181
1373 181
1372 181
1371 182
1370 182
1369 182
1368 182
1367 182
1366 182
1365 183
1364 183
1363 183
1362 183
1361 183
1360 183
1359 183
1358 183
1357 183
1356 183
1355 183
1354 183
1353 183
1352 183
1351 184
1350 184
1349 184
1348 185
1347 186
1346 186
1345 187
1344 188
1343 188
1342 189
1341 189
1340 189
1339 190
1338 190
1337 190
1336 190
1335 191
1334 191
1333 191
1332 192
1331 193
1330 193
1329 193
1328 194
1327 195
1326 195
1325 195
1324 196
1323 197
1322 197
1321 197
1320 198
1319 198
1318 198
1317 198
1316 199
1315 200
1314 200
1313 200
1312 201
1311 201
1310 201
1309 201
1308 202
1307 202
1306 202
1305 203
1304 203
1303 203
1302 204
1301 205
1300 205
1299 206
1298 207
1297 207
1296 207
1295 208
1294 209
1293 209
1292 209
1291 210
1290 210
1289 210
1288 210
1287 210
1286 210
1285 210
1284 209
1283 209
1282 209
1281 208
1280 208
1279 208
1278 208
1277 208
1276 208
1275 208
1274 208
1273 208
1272 208
1271 208
1270 208
1269 208
1268 209
1267 209
1266 209
1265 209
1264 210
1263 210
1262 211
1261 211
1260 211
1259 212
1258 212
1257 213
1256 214
1255 214
1254 214
1253 215
1252 215
1251 215
1250 215
1249 215
1248 216
1247 216
1246 216
1245 217
1244 217
1243 217
1242 217
1241 217
1240 217
1239 217
1238 217
1237 217
1236 217
1235 217
1234 217
1233 217
1232 217
1231 217
1230 217
1229 217
1228 216
1227 216
1226 216
1225 215
1224 215
1223 215
1222 215
1221 215
1220 215
1219 215
1218 215
1217 215
1216 215
1215 215
1214 215
1213 216
1212 216
1211 216
1210 217
1209 217
1208 217
1207 217
1206 218
1205 218
1204 218
1203 218
1202 219
1201 218
1200 218
1199 219
1198 219
1197 219
1196 219
1195 220
1194 221
1193 221
1192 221
1191 222
1190 222
1189 223
1188 223
1187 223
1186 224
1185 224
1184 224
1183 225
1182 225
1181 225
1180 226
1179 226
1178 226
1177 226
1176 226
1175 226
1174 226
1173 226
1172 227
1171 228
1170 228
1169 229
1168 229
1167 229
1166 229
1165 229
1164 229
1163 229
1162 229
1161 229
1160 229
1159 230
1158 230
1157 230
1156 231
1155 231
1154 231
1153 231
1152 231
1151 231
1150 232
1149 232
1148 233
1147 233
1146 234
1145 235
1144 235
1143 235
1142 236
1141 236
1140 237
1139 237
1138 237
1137 238
1136 238
1135 238
1134 239
1133 239
1132 239
1131 240
1130 241
1129 241
1128 242
1127 242
1126 243
1125 243
1124 243
1123 243
1122 244
1121 244
1120 245
1119 246
1118 246
1117 247
1116 247
1115 247
1114 247
1113 247
1112 247
1111 247
1110 247
1109 247
1108 247
1107 247
1106 248
1105 248
1104 249
1103 250
1102 251
1101 251
1100 252
1099 252
1098 252
1097 252
1096 253
1095 253
1094 253
1093 253
1092 254
1091 254
1090 255
1089 255
1088 256
1087 256
1086 257
1085 258
1084 258
1083 259
1082 260
1081 260
1080 260
1079 261
1078 262
1077 262
1076 263
1075 263
1074 264
1073 264
1072 265
1071 265
1070 266
1069 266
1068 267
1067 267
1066 268
1065 268
1064 268
1063 268
1062 268
1061 268
1060 268
1059 268
1058 269
1057 269
1056 269
1055 270
1054 270
1053 270
1052 270
1051 271
1050 271
1049 272
1048 272
1047 272
1046 273
1045 273
1044 273
1043 273
1042 273
1041 273
1040 274
1039 274
1038 274
1037 275
1036 276
1035 276
1034 277
1033 278
1032 279
1031 280
1030 281
1029 282
1028 282
1027 283
1026 283
1025 284
1024 284
1023 285
1022 285
1021 286
1020 286
1019 287
1018 287
1017 288
1016 288
1015 289
1014 290
1014 291
1013 292
1012 293
1012 294
1011 295
1010 296
1009 296
1008 297
1007 298
1006 298
1005 298
1004 299
1003 299
1002 299
1001 300
1000 300
999 301
998 302
997 302
996 303
995 304
994 305
993 306
992 307
991 307
991 308
990 309
989 310
988 311
987 312
986 313
985 314
984 314
984 315
983 316
982 317
981 318
980 319
979 320
978 321
977 322
976 323
975 324
975 325
974 326
973 327
972 328
971 328
970 329
969 330
968 331
968 332
967 333
967 334
966 335
966 336
965 337
964 338
963 339
962 340
961 341
960 342
959 343
958 344
958 345
957 346
957 347
957 348
957 349
956 350
956 351
955 352
954 353
953 354
952 355
951 356
951 357
950 358
950 359
950 360
949 361
949 362
949 363
948 364
947 365
947 366
946 367
945 368
944 369
944 370
944 371
943 372
943 373
943 374
942 375
942 376
941 377
940 378
940 379
939 380
939 381
939 382
938 383
937 384
937 385
936 386
936 387
936 388
935 389
935 390
934 391
933 392
933 393
932 394
932 395
931 396
931 397
931 398
930 399
930 400
930 401
929 402
929 403
929 404
928 405
928 406
928 407
927 408
926 409
926 410
926 411
925 412
925 413
925 414
925 415
924 416
924 417
924 418
923 419
923 420
922 421
922 422
922 423
922 424
922 425
921 426
921 427
921 428
920 429
919 430
918 431
918 432
917 433
916 434
916 435
915 436
914 437
913 438
912 439
912 440
911 441
910 442
910 443
910 444
910 445
909 446
909 447
908 448
908 449
907 450
907 451
906 452
906 453
906 454
906 455
906 456
905 457
905 458
905 459
905 460
904 461
904 462
904 463
904 464
904 465
904 466
904 467
904 468
905 469
905 470
905 471
906 472
907 473
907 474
907 475
908 476
908 477
908 478
909 479
909 480
910 481
911 482
912 483
912 484
913 485
914 486
914 487
914 488
915 489
915 490
915 491
915 492
916 493
916 494
916 495
917 496
917 497
918 498
918 499
918 500
918 501
918 502
918 503
918 504
918 505
919 506
919 507
919 508
920 509
920 510
920 511
920 512
921 513
921 514
921 515
922 516
923 517
923 518
923 519
924 520
925 521
925 522
926 523
927 524
928 525
929 526
930 527
931 528
932 529
933 530
934 531
935 532
936 533
937 534
938 534
939 535
940 536
941 536
942 537
943 538
944 539
945 539
946 540
947 540
948 541
949 541
950 541
951 542
952 543
953 543
954 543
955 544
956 544
957 544
958 545
959 545
960 546
961 547
962 548
963 548
964 549
965 550
966 551
967 551
968 552
969 552
970 553
971 553
972 553
973 553
974 554
975 554
976 555
977 556
977 557
978 557
979 558
980 559
981 560
982 561
983 562
984 563
985 564
986 564
987 565
988 565
989 566
990 567
991 568
992 568
993 569
994 570
995 571
995 572
996 573
997 574
997 575
998 576
999 577
1000 578
1001 579
1002 579
1003 580
1004 580
1005 580
1006 580
1007 580
1008 579
1009 578
1010 578
1011 577
1012 577
1013 577
1014 576
1015 575
1016 574
1017 574
1018 573
1019 572
1020 572
1021 572
1022 571
1023 571
1024 571
1025 570
1026 569
1027 569
1028 568
1029 567
1030 567
1031 567
1032 567
1033 567
1034 567
1035 566
1036 566
1037 565
1038 564
1038 563
1039 562
1040 562
1041 561
1042 560
1043 560
1044 560
1045 560
1046 559
1047 559
1048 559
1049 558
1050 558
1051 558
1052 558
1053 557
1054 557
1055 557
1056 556
1057 555
1058 555
1059 555
1060 554
1061 553
1062 553
1063 552
1064 552
1065 551
1066 551
1067 550
1068 550
1069 550
1070 549
1071 548
1072 548
1073 547
1074 547
1075 546
1076 546
1077 545
1078 545
1079 545
1080 545
1081 544
1082 543
1083 543
1084 543
1085 542
1086 542
1087 542
1088 542
1089 541
1090 541
1091 541
1092 540
1093 539
1094 539
1095 539
1096 538
1097 538
1098 538
1099 538
1100 538
1101 538
1102 537
1103 537
1104 536
1105 536
1106 536
1107 535
1108 535
1109 535
1110 534
1111 534
1112 534
1113 533
1114 533
1115 533
1116 532
1117 532
1118 531
1119 531
1120 530
1121 529
1122 528
1123 527
1124 527
1125 526
1126 525
1127 525
1128 524
1129 524
1130 523
1131 522
1132 521
1133 521
1134 520
1135 520
1136 519
1137 519
1138 519
1139 519
1140 518
1141 518
1142 518
1143 518
1144 517
1145 517
1146 517
1147 516
1148 516
1149 516
1150 515
1151 515
1152 515
1153 514
1154 514
1155 514
1156 514
1157 514
1158 514
1159 514
1160 514
1161 514
1162 513
1163 513
1164 513
1165 513
1166 512
1167 512
1168 512
1169 512
1170 512
1171 512
1172 512
1173 512
1174 512
1175 512
1176 513
1177 513
1178 513
1179 514
1180 514
1181 514
1182 515
1183 515
1184 515
1185 516
1186 516
1187 516
1188 516
1189 517
1190 517
1191 517
1192 518
1193 518
1194 518
1195 519
1196 519
1197 519
1198 519
1199 520
1200 520
1201 520
1202 521
1203 521
1204 521
1205 522
1206 522
1207 522
1208 523
1209 523
1210 523
1211 523
1212 524
1213 524
1214 524
1215 524
1216 525
1217 525
1218 525
1219 526
1220 527
1221 527
1222 527
1223 528
1224 528
1225 528
1226 528
1227 528
1228 528
1229 528
1230 528
1231 528
1232 528
1233 528
1234 528
1235 528
1236 528
1237 528
1238 528
1239 528
1240 528
1241 528
1242 528
1243 527
1244 527
1245 526
1246 526
1247 526
1248 526
1249 526
1250 526
1251 526
1252 527
1253 527
1254 527
1255 528
1256 528
1257 528
1258 528
1259 528
1260 528
1261 528
1262 528
1263 528
1264 529
1265 529
1266 529
1267 529
1268 530
1269 530
1270 530
1271 530
1272 531
1273 531
1274 531
1275 531
1276 531
1277 531
1278 531
1279 531
1280 531
1281 531
1282 531
1283 531
1284 531
1285 531
1286 531
1287 531
1288 531
1289 531
1290 531
1291 531
1292 531
1293 531
1294 531
1295 531
1296 531
1297 531
1298 532
1299 532
1300 532
1301 532
1302 533
1303 533
1304 533
1305 533
1306 533
1307 533
1308 533
1309 533
1310 533
1311 533
1312 533
1313 533
1314 533
1315 533
1316 534
1317 534
1318 534
1319 534
1320 535
1321 535
1322 535
1323 535
1324 535
1325 535
1326 535
1327 535
1328 535
1329 534
1330 534
1331 534
1332 533
1333 533
1334 533
1335 532
1336 532
1337 532
1338 531
1339 531
1340 531
1341 531
1342 531
1343 531
1344 530
1345 530
1346 530
1347 530
1348 529
1349 529
1350 529
1351 528
1352 528
1353 528
1354 528
1355 528
1356 528
1357 527
1358 527
1359 527
1360 526
1361 526
1362 526
1363 526
1364 526
1365 526
1366 526
1367 526
1368 526
1369 526
1370 526
1371 526
1372 526
1373 526
1374 526
1375 526
1376 526
1377 526
1378 526
1379 526
1380 526
1381 526
1382 526
1383 526
1384 526
1385 526
1386 526
1387 526
1388 526
1389 526
1390 526
1391 526
1392 526
1393 526
1394 526
1395 526
1396 526
1397 526
1398 526
1399 527
1400 527
1401 527
1402 528
1403 528
1404 528
1405 528
1406 528
1407 528
1408 528
1409 528
1410 528
1411 528
1412 528
1413 528
1414 528
1415 528
1416 528
1417 528
1418 528
1419 528
1420 529
1421 529
1422 529
1423 529
1424 530
1425 530
1426 530
1427 530
1428 530
1429 530
1430 530
1431 530
1432 530
1433 530
1434 530
1435 531
1436 531
1437 531
1438 532
1439 532
1440 533
1441 533
1442 533
1443 533
1444 533
1445 533
1446 533
1447 533
1448 533
1449 533
1450 533
1451 533
1452 533
1453 533
1454 533
1455 533
1456 533
1457 533
1458 533
1459 533
1460 533
1461 533
1462 533
1463 533
1464 533
1465 533
1466 533
1467 533
1468 533
1469 534
1470 534
1471 534
1472 535
1473 535
1474 535
1475 535
1476 535
1477 535
1478 535
1479 535
1480 536
1481 536
1482 536
1483 537
1484 537
1485 537
1486 538
1487 538
1488 538
1489 538
1490 538
1491 538
1492 538
1493 538
1494 538
1495 538
1496 538
1497 538
1498 538
1499 538
1500 538
1501 538
1502 538
1503 538
1504 538
1505 538
1506 538
1507 539
1508 539
1509 539
1510 540
1511 540
1512 540
1513 541
1514 541
1515 541
1516 542
1517 542
1518 542
1519 542
1520 542
1521 542
1522 541
1523 541
1524 541
1525 540
1526 540
1527 540
1528 540
1529 540
1530 540
1531 540
1532 540
1533 540
1534 540
1535 540
1536 540
1537 541
1538 541
1539 541
1540 541
1541 542
1542 542
1543 543
1544 543
1545 543
1546 544
1547 544
1548 544
1549 544
1550 544
1551 544
1552 544
1553 544
1554 544
1555 544
1556 544
1557 544
1558 544
1559 544
1560 544
1561 544
1562 544
1563 544
1564 544
1565 544
1566 544
1567 544
1568 544
1569 544
1570 544
1571 544
1572 544
1573 544
1574 544
1575 545
1576 545
1577 545
1578 545
1579 546
1580 545
1581 545
1582 545
1583 545
1584 545
1585 545
1586 545
1587 545
1588 545
1589 545
1590 545
1591 545
1592 545
1593 545
1594 545
1595 545
1596 545
1597 545
1598 545
1599 545
1600 545
1601 545
1602 545
1603 545
1604 545
1605 546
1606 546
1607 546
1608 546
1609 547
1610 547
1611 548
1612 548
1613 548
1614 549
1615 549
1616 549
1617 549
1618 549
1619 549
1620 549
1621 549
1622 549
1623 549
1624 549
1625 549
1626 550
1627 550
1628 550
1629 551
1630 551
1631 551
1632 551
1633 551
1634 551
1635 551
1636 551
1637 551
1638 551
1639 551
1640 551
1641 551
1642 551
1643 552
1644 552
1645 552
1646 552
1647 553
1648 553
1649 553
1650 553
1651 553
1652 553
1653 553
1654 553
1655 553
1656 553
1657 553
1658 553
1659 553
1660 553
1661 553
1662 553
1663 553
1664 553
1665 553
1666 553
1667 554
1668 554
1669 554
1670 554
1671 554
1672 554
1673 554
1674 554
1675 554
1676 555
1677 555
1678 555
1679 556
1680 556
1681 556
1682 556
1683 556
1684 556
1685 556
1686 556
1687 556
1688 556
1689 556
1690 556
1691 556
1692 556
1693 556
1694 556
1695 556
1696 556
1697 556
1698 556
1699 557
1700 557
1701 558
1702 558
1703 559
1704 559
1705 560
1706 560
1707 560
1708 560
1709 560
1710 560
1711 560
1712 560
1713 560
1714 560
1715 560
1716 560
1717 560
1718 560
1719 561
1720 561
1721 561
1722 561
1723 561
1724 561
1725 561
1726 561
1727 561
1728 561
1729 561
1730 561
1731 561
1732 561
1733 561
1734 561
1735 561
1736 561
1737 561
1738 561
1739 561
1740 561
1741 562
1742 562
1743 562
1744 563
1745 563
1746 563
1747 563
1748 563
1749 563
1750 563
1751 563
1752 563
1753 563
1754 563
1755 563
1756 563
1757 563
1758 563
1759 563
1760 563
1761 563
1762 563
1763 563
1764 563
1765 563
1766 563
1767 563
1768 564
1769 564
1770 564
1771 565
1772 565
1773 565
1774 565
1775 565
1776 565
1777 565
1778 565
1779 565
1780 565
1781 565
1782 565
1783 565
1784 565
1785 565
1786 565
1787 565
1788 565
1789 565
1790 565
1791 566
1792 566
1793 566
1794 567
1795 567
1796 567
1797 567
1798 567
1799 567
1800 566
1801 566
1802 566
1803 565
1804 565
1805 565
1806 565
1807 565
1808 564
1809 564
1810 564
1811 563
1812 562
1813 562
1814 561
1815 560
1816 559
1817 559
1818 558
1819 557
1820 556
1821 555
1822 554
1823 554
1824 553
1825 553
1826 553
1827 553
1828 553
1829 553
1830 553
1831 553
1832 553
1833 553
1834 553
1835 552
1836 552
1837 551
1838 551
1839 550
1840 550
1841 549
1842 549
1843 549
1844 549
1845 548
1846 548
1847 547
1848 546
1849 545
1850 545
1851 544
1852 544
1853 544
1854 544
1855 543
1856 543
1857 543
1858 542
1859 542
1860 542
1861 541
1862 541
1863 540
1864 539
1865 538
1866 538
1867 538
1868 537
1869 537
1870 537
1871 536
1872 536
1873 535
1874 534
1875 534
1876 533
1877 533
1878 533
1879 532
1880 531
1881 531
1882 530
1883 529
1884 529
1885 529
1886 528
1887 528
1888 528
1889 527
1890 527
1891 527
1892 526
1893 525
1894 525
1895 525
1896 524
1897 524
1898 524
1899 524
1900 523
1901 522
1902 521
1903 521
1904 520
1905 520
1906 520
1907 520
1908 521
1908 522
1909 523
1909 524
1909 525
1909 526
1909 527
1909 528
1909 529
1910 530
1911 530
1912 530
1913 530
1914 529
1915 529
1916 528
1917 528
1918 527
1919 526
1920 525
1921 525
1922 524
1923 523
1924 522
1925 522
1926 521
1927 520
1928 520
1929 520
1930 519
1931 518
1932 518
1933 517
1934 516
1935 515
1936 515
1937 514
1938 514
1939 514
1940 514
1941 513
1942 513
1943 513
1944 512
1945 511
1946 511
1947 510
1948 509
1949 508
1950 507
1951 506
1952 505
1953 504
1953 503
1954 502
1955 501
1955 500
1956 499
1957 498
1958 497
1958 496
1959 495
1959 494
1959 493
1959 492
1960 491
1960 490
1961 489
1962 488
1962 487
1963 486
1963 485
1963 484
1964 483
1964 482
1964 481
1964 480
1964 479
1964 478
1964 477
1964 476
1964 475
1964 474
1964 473
1964 472
1964 471
1964 470
1964 469
1964 468
1964 467
1965 466
1965 465
1965 464
1965 463
1966 462
1966 461
1966 460
1966 459
1966 458
1966 457
1966 456
1966 455
1966 454
1966 453
1966 452
1966 451
1966 450
1966 449
1966 448
1966 447
1966 446
1966 445
1966 444
1966 443
1966 442
1966 441
1967 440
1967 439
1967 438
1968 437
1968 436
1968 435
1968 434
1968 433
1968 432
1969 431
1969 430
1969 429
1970 428
1970 427
1970 426
1970 425
1970 424
1970 423
1970 422
1970 421
1971 420
1971 419
1971 418
1971 417
1972 416
1971 415
1971 414
1971 413
1971 412
1971 411
1971 410
1971 409
1971 408
1971 407
1971 406
1971 405
1971 404
1971 403
1971 402
1971 401
1971 400
1971 399
1971 398
1971 397
1971 396
1971 395
1971 394
1971 393
1971 392
1971 391
1971 390
1971 389
1971 388
1971 387
1971 386
1971 385
1971 384
1971 383
1971 382
1971 381
1971 380
1971 379
1971 378
1971 377
1971 376
1971 375
1970 374
1970 373
1969 372
1969 371
1968 370
1967 369
1966 368
1966 367
1965 366
1964 365
1964 364
1964 363
1963 362
1962 361
1962 360
1961 359
1960 358
1959 357
1958 356
1957 355
1956 354
1955 353
1954 352
1953 351
1952 350
1951 349
1951 348
1950 347
1950 346
1950 345
1949 344
1948 344
1947 343
1946 342
1945 341
1944 341
1943 340
1942 339
1941 339
1940 338
1939 337
1939 336
1938 335
1938 334
1938 333
1938 332
1937 331
1937 330
1936 329
1936 328
1935 327
1934 326
1934 325
1934 324
1933 323
1932 322
1932 321
1931 320
1930 319
1930 318
1930 317
1930 316
1929 315
1929 314
1929 313
1929 312
1929 311
1929 310
1928 310
1927 310
1926 310
1925 310
1924 309
1923 309
1922 308
1921 307
1920 307
1919 306
1918 306
1917 306
1916 306
1915 306
1914 305
1914 304
1914 303
1913 302
1913 301
1912 300
1911 300
1910 299
1909 299
1908 299
1907 299
1906 298
1905 298
1904 298
1903 297
1902 297
1901 296
1900 296
1899 295
1898 294
1897 294
1896 293
1895 293
1894 292
1893 292
1892 292
1891 292
1890 291
1889 291
1888 291
1887 290
1886 290
1885 289
1884 288
1883 288
1882 288
1881 287
1880 286
1879 286
1878 286
1877 285
1876 285
1875 285
1874 284
1873 284
1872 283
1871 282
1870 282
1869 282
1868 281
1867 281
1866 280
1865 279
1864 278
1863 277
1862 276
1861 275
1860 274
1859 273
1858 272
1857 271
1856 270
1855 269
1854 268
1853 267
1852 266
1851 265
1850 264
1849 263
1848 263
1847 262
1846 262
1845 262
1844 261
1843 261
1842 260
1841 259
1840 258
1839 258
1838 257
1837 256
1836 255
1835 254
1834 253
1833 253
1832 252
1831 251
1830 251
1829 250
1828 249
1827 248
1826 247
1825 246
1824 245
1823 244
1822 244
1821 243
1820 242
1819 242
1818 242
1817 241
1816 241
1815 240
1814 240
1813 239
1812 238
1811 237
1810 236
1809 235
1808 234
1807 233
1806 232
1805 231
1804 230
1803 230
1802 229
1801 228
1800 228
1799 228
1798 227
1797 227
1796 227
1795 226
1794 226
1793 226
1792 226
1791 226
1790 226
1789 226
1788 226
1787 226
1786 226
1785 225
1784 225
1783 225
1782 224
1781 223
1780 222
1779 221
1778 220
1777 219
1776 218
1775 217
1774 216
1773 215
1772 214
1771 213
1770 212
1769 211
1768 211
1767 210
1766 210
1765 209
1764 209
1763 209
1762 209
1761 208
1760 208
1759 208
1758 208
1757 208
1756 208
1755 208
1754 207
1753 207
1752 207
1751 207
1750 206
1749 206
1748 205
1747 205
1746 205
1745 205
1744 204
1743 204
1742 204
1741 203
1740 203
1739 203
1738 203
1737 203
1736 204
1735 204
1734 204
1733 204
1732 204
1731 204
1730 205
1729 205
1728 205
1727 206
1726 206
1725 206
1724 206
1723 206
1722 206
1721 206
1720 206
1719 206
1718 205
1717 205
1716 204
1715 203
1714 202
1713 201
1713 200
1712 199
1712 198
1712 197
1711 196
1711 195
1710 194
1709 193
1708 193
1707 192
1706 192
1705 192
1704 191
1703 191
1702 191
1701 190
1700 190
1699 190
1698 190
1697 190
1696 190
1695 189
1694 189
1693 188
1692 188
1691 187
1690 187
1689 187
1688 187
1687 187
1686 187
1685 187
1684 187
1683 187
1682 187
1681 187
1680 187
1679 187
1678 187
1677 186
1676 186
1675 186
1674 186
1673 185
1672 185
1671 185
1670 185
1669 185
1668 185
1667 185
1666 185
1665 185
1664 185
1663 185
1662 185
1661 186
1660 186
1659 186
1658 187
1657 188
1656 188
1655 189
1654 189
1653 190
1652 191
1651 192
1650 192
1649 193
1648 193
1647 194
1646 194
1645 194
1644 194
1643 194
1642 194
1641 194
1640 193
1639 193
1638 193
1637 192
1636 191
1635 191
1634 191
1633 191
1632 190
1631 190
1630 190
1629 190
1628 190
1627 190
1626 190
1625 189
1624 188
1623 188
1622 188
1621 187
1620 186
1619 186
1618 186
1617 185
1616 185
1615 184
1614 184
1613 183
1612 183
1611 182
1610 182
1609 182
1608 182
1607 182
1606 182
1605 182
1604 182
1603 182
1602 182
1601 182
1600 182
1599 182
1598 182
1597 182
1596 182
1595 182
1594 182
1593 182
1592 182
1591 182
1590 182
1589 182
1588 181
1587 181
1586 181
1585 181
1584 180
1583 179
1582 179
1581 179
1580 178
1579 178
1578 178
1577 178
1576 178
1575 178
1574 178
1573 178
1572 178
1571 178
1570 178
1569 178
1568 178
1567 178
1566 177
1565 177
1564 177
1563 177
1562 176
1561 176
1560 176
1559 176
1558 176
1557 176
1556 176
1555 176
1554 176
1553 176
1552 176
1551 176
1550 176
1549 176
1548 176
1547 176
1546 176
1545 176
1544 176
1543 176
1542 176
1541 176
1540 176
1539 176
1538 176
1537 176
1536 176
1535 176
1534 176
1533 176
1532 176
1531 176
1530 176
1529 176
1528 176
1527 176
1526 176
1525 176
1524 176
1523 176
1522 176
1521 176
1520 176
1519 176
1518 176
1517 176
1516 176
1515 176
1514 176
1513 176
