797 729
796 730
795 731
794 731
793 732
792 732
791 732
790 732
789 732
788 733
787 733
786 734
785 734
784 735
784 736
783 737
782 737
781 738
780 739
779 739
778 740
777 741
776 741
775 741
774 741
773 741
772 741
771 742
770 742
769 742
768 743
767 743
766 744
765 744
764 744
763 745
762 746
761 746
760 747
759 748
758 749
757 750
756 751
755 752
754 753
754 754
753 755
753 756
752 757
752 758
752 759
752 760
752 761
752 762
752 763
752 764
752 765
752 766
753 767
753 768
753 769
754 770
755 771
756 772
757 772
758 772
759 772
760 772
761 772
762 772
763 773
764 773
765 774
766 775
767 776
768 777
769 778
770 779
771 780
772 781
773 782
774 782
775 782
776 782
777 782
778 782
779 783
780 783
781 783
782 783
783 784
784 784
785 785
786 785
787 785
788 786
789 786
790 786
791 787
792 787
793 787
794 787
795 787
796 787
797 787
798 787
799 787
800 787
801 787
802 787
803 787
804 787
805 787
806 787
807 787
808 787
809 787
810 787
811 787
812 787
813 787
814 787
815 787
816 787
817 786
818 786
819 786
820 786
821 786
822 785
823 785
824 785
825 784
826 784
827 783
828 783
829 782
830 781
831 781
832 780
833 779
834 779
835 778
836 777
836 776
837 775
837 774
837 773
837 772
837 771
837 770
838 769
838 768
839 767
839 766
840 765
840 764
841 763
840 762
840 761
840 760
840 759
840 758
840 757
840 756
840 755
840 754
840 753
840 752
840 751
840 750
840 749
840 748
840 747
839 746
839 745
839 744
839 743
839 742
839 741
838 740
837 739
836 738
835 738
834 737
833 737
832 736
831 736
830 735
829 735
828 735
827 734
826 734
825 734
824 734
823 734
822 734
821 734
820 734
819 733
818 733
817 733
816 732
815 732
814 732
813 731
812 731
811 731
810 731
809 731
808 731
807 731
806 731
805 730
804 730
803 729
802 729
801 729
800 729
799 729
798 729
797 729
