526 633
525 634
524 634
523 634
522 635
521 635
520 635
519 635
518 635
517 635
516 635
515 635
514 636
513 636
512 636
511 636
510 636
509 636
508 636
507 637
506 637
505 637
504 637
503 637
502 637
501 638
500 638
499 638
498 639
497 639
496 639
495 640
494 640
493 640
492 640
491 640
490 640
489 641
488 641
487 641
486 641
485 641
484 641
483 641
482 642
481 642
480 642
479 642
478 642
477 642
476 643
475 643
474 643
473 643
472 643
471 643
470 643
469 643
468 644
467 644
466 644
465 645
464 645
463 645
462 645
461 645
460 645
459 645
458 646
457 646
456 646
455 647
454 647
453 647
452 647
451 648
450 648
449 648
448 649
447 649
446 649
445 650
444 650
443 650
442 650
441 650
440 651
439 651
438 651
437 651
436 652
435 652
434 653
433 654
432 655
431 656
430 657
429 658
428 659
427 660
427 661
426 662
426 663
425 664
424 665
423 666
422 667
422 668
422 669
422 670
422 671
422 672
422 673
422 674
422 675
422 676
422 677
423 678
424 679
425 680
426 681
427 682
428 682
429 682
430 682
431 683
432 683
433 683
434 683
435 683
436 683
437 683
438 683
439 684
440 684
441 684
442 685
443 685
444 686
445 686
446 687
447 687
448 688
449 688
450 689
451 689
452 689
453 689
454 689
455 689
456 689
457 689
458 689
459 689
460 689
461 689
462 689
463 689
464 689
465 689
466 689
467 689
468 689
469 689
470 689
471 689
472 689
473 690
474 690
475 690
476 691
477 691
478 691
479 691
480 691
481 691
482 691
483 691
484 692
485 692
486 692
487 692
488 692
489 693
490 693
491 694
492 694
493 694
494 695
495 696
496 697
497 697
498 698
499 699
500 699
501 700
502 700
503 701
504 701
505 701
506 702
507 702
508 702
509 702
510 702
511 702
512 702
513 702
514 701
515 701
516 701
517 701
518 701
519 701
520 701
521 700
522 700
523 699
524 699
525 699
526 699
527 699
528 699
529 699
530 699
531 699
532 698
533 698
534 698
535 698
536 697
537 697
538 696
539 696
540 695
541 695
542 694
543 694
544 694
545 694
546 694
547 694
548 694
549 694
550 693
551 693
552 693
553 693
554 693
555 693
556 693
557 693
558 693
559 693
560 693
561 692
562 691
563 691
564 691
565 691
566 691
567 691
568 691
569 691
570 690
571 690
572 690
573 689
574 689
575 689
576 689
577 688
577 687
578 686
578 685
578 684
578 683
579 682
579 681
579 680
579 679
579 678
579 677
579 676
579 675
579 674
579 673
579 672
579 671
579 670
579 669
579 668
578 667
578 666
577 665
577 664
576 663
575 662
574 661
573 661
572 660
571 659
570 658
569 657
568 656
567 655
566 654
565 653
564 652
563 651
562 651
561 650
560 650
559 649
558 649
557 648
556 647
555 647
554 646
553 646
552 645
551 645
550 645
549 645
548 645
547 645
546 644
545 644
544 643
543 642
542 641
541 640
540 639
539 638
538 637
537 637
536 636
535 635
534 635
533 635
532 635
531 634
530 634
529 634
528 633
527 633
526 633
