128 2141
127 2142
126 2142
125 2143
124 2144
123 2145
123 2146
122 2147
122 2148
122 2149
122 2150
121 2151
121 2152
121 2153
120 2154
120 2155
120 2156
120 2157
120 2158
119 2159
119 2160
119 2161
119 2162
119 2163
119 2164
119 2165
119 2166
118 2167
118 2168
118 2169
118 2170
118 2171
118 2172
118 2173
118 2174
118 2175
118 2176
118 2177
119 2178
119 2179
119 2180
119 2181
119 2182
119 2183
120 2184
120 2185
121 2186
122 2187
122 2188
122 2189
123 2190
123 2191
123 2192
122 2193
122 2194
122 2195
122 2196
122 2197
122 2198
122 2199
122 2200
123 2201
123 2202
124 2203
125 2204
125 2205
126 2206
126 2207
127 2208
128 2209
129 2209
130 2210
131 2210
132 2210
133 2210
134 2210
135 2210
136 2210
137 2210
138 2210
139 2210
140 2210
141 2211
142 2211
143 2211
144 2211
145 2211
146 2211
147 2211
148 2211
149 2211
150 2211
151 2211
152 2211
153 2211
154 2211
155 2211
156 2211
157 2211
158 2211
159 2211
160 2211
161 2211
162 2211
163 2211
164 2211
165 2211
166 2211
167 2211
168 2211
169 2211
170 2211
171 2211
172 2211
173 2211
174 2211
175 2211
176 2211
177 2211
178 2211
179 2211
180 2211
181 2211
182 2211
183 2211
184 2211
185 2211
186 2211
187 2211
188 2211
189 2211
190 2211
191 2211
192 2211
193 2211
194 2211
195 2211
196 2211
197 2211
198 2211
199 2211
200 2211
201 2211
202 2211
203 2211
204 2211
205 2211
206 2211
207 2211
208 2211
209 2211
210 2211
211 2211
212 2210
213 2210
214 2210
215 2210
216 2210
217 2210
218 2210
219 2210
220 2210
221 2210
222 2210
223 2210
224 2210
225 2210
226 2210
227 2210
228 2209
229 2209
230 2209
231 2208
232 2208
233 2208
234 2208
235 2208
236 2208
237 2207
238 2207
239 2207
240 2207
241 2207
242 2207
243 2207
244 2206
245 2205
246 2205
247 2205
248 2205
249 2204
250 2204
251 2204
252 2203
253 2203
254 2202
255 2201
256 2201
257 2200
258 2199
259 2198
260 2197
261 2197
262 2197
263 2197
264 2196
265 2195
266 2194
267 2193
267 2192
268 2191
268 2190
268 2189
269 2188
269 2187
269 2186
269 2185
269 2184
269 2183
270 2182
270 2181
270 2180
271 2179
271 2178
271 2177
271 2176
271 2175
271 2174
272 2173
272 2172
272 2171
272 2170
272 2169
272 2168
272 2167
272 2166
272 2165
272 2164
272 2163
271 2162
270 2161
269 2160
268 2160
267 2159
266 2159
265 2159
264 2158
263 2158
262 2157
261 2157
260 2157
259 2156
258 2156
257 2155
256 2155
255 2155
254 2155
253 2155
252 2155
251 2155
250 2154
249 2154
248 2154
247 2154
246 2153
245 2153
244 2153
243 2152
242 2152
241 2152
240 2152
239 2152
238 2152
237 2152
236 2151
235 2151
234 2151
233 2151
232 2150
231 2150
230 2150
229 2150
228 2150
227 2150
226 2150
225 2150
224 2150
223 2150
222 2150
221 2150
220 2150
219 2150
218 2150
217 2149
216 2149
215 2149
214 2149
213 2149
212 2149
211 2149
210 2149
209 2149
208 2149
207 2149
206 2148
205 2148
204 2148
203 2147
202 2147
201 2147
200 2147
199 2147
198 2147
197 2147
196 2147
195 2147
194 2147
193 2147
192 2147
191 2147
190 2147
189 2147
188 2147
187 2147
186 2147
185 2147
184 2147
183 2147
182 2147
181 2147
180 2147
179 2147
178 2148
177 2148
176 2148
175 2149
174 2149
173 2149
172 2149
171 2149
170 2149
169 2149
168 2149
167 2150
166 2150
165 2150
164 2150
163 2150
162 2150
161 2150
160 2150
159 2150
158 2150
157 2150
156 2150
155 2150
154 2150
153 2150
152 2149
151 2149
150 2148
149 2148
148 2147
147 2146
146 2146
145 2146
144 2146
143 2146
142 2145
141 2145
140 2145
139 2145
138 2145
137 2144
136 2144
135 2144
134 2144
133 2143
132 2143
131 2143
130 2142
129 2142
128 2141
