590 351
589 352
588 352
587 352
586 352
585 352
584 353
583 353
582 353
581 353
580 353
579 353
578 353
577 353
576 353
575 353
574 353
573 353
572 353
571 353
570 353
569 353
568 353
567 353
566 353
565 353
564 353
563 353
562 353
561 353
560 353
559 353
558 353
557 353
556 353
555 353
554 353
553 353
552 353
551 352
550 352
549 352
548 352
547 352
546 352
545 352
544 352
543 352
542 352
541 352
540 352
539 352
538 352
537 352
536 352
535 352
534 352
533 352
532 352
531 352
530 353
529 353
528 353
527 353
526 353
525 353
524 354
523 354
522 354
521 354
520 354
519 354
518 354
517 354
516 355
515 355
514 355
513 356
512 356
511 357
510 357
509 357
508 357
507 357
506 357
505 357
504 358
503 358
502 358
501 358
500 358
499 358
498 358
497 359
496 359
495 359
494 360
493 360
492 360
491 361
490 361
489 361
488 361
487 361
486 362
485 362
484 362
483 363
482 363
481 363
480 363
479 363
478 363
477 362
476 362
475 362
474 362
473 362
472 362
471 362
470 362
469 363
468 364
467 365
466 366
466 367
466 368
466 369
466 370
465 371
465 372
464 373
464 374
464 375
463 376
463 377
464 378
464 379
464 380
465 380
466 381
467 382
468 383
469 384
470 385
471 386
472 386
473 387
474 388
475 388
476 389
477 390
478 391
479 392
480 392
481 392
482 392
483 392
484 392
485 392
486 392
487 393
488 393
489 393
490 393
491 394
492 394
493 395
494 396
495 397
496 398
497 398
498 398
499 398
500 398
501 398
502 398
503 398
504 398
505 398
506 398
507 398
508 398
509 399
510 399
511 399
512 399
513 399
514 399
515 399
516 399
517 399
518 399
519 400
520 400
521 400
522 401
523 401
524 401
525 402
526 402
527 402
528 402
529 402
530 402
531 402
532 403
533 403
534 403
535 403
536 403
537 403
538 403
539 403
540 403
541 403
542 404
543 404
544 405
545 405
546 405
547 405
548 405
549 405
550 406
551 406
552 406
553 407
554 407
555 407
556 408
557 408
558 408
559 408
560 408
561 408
562 408
563 409
564 409
565 410
566 410
567 410
568 410
569 410
570 410
571 410
572 410
573 410
574 410
575 410
576 410
577 410
578 410
579 410
580 410
581 410
582 409
583 409
584 409
585 409
586 409
587 409
588 409
589 409
590 409
591 408
592 408
593 407
594 406
595 406
596 406
597 405
598 405
599 405
600 404
601 404
602 404
603 403
604 402
605 402
606 401
607 400
608 399
608 398
609 397
609 396
609 395
609 394
609 393
609 392
609 391
609 390
609 389
609 388
609 387
609 386
609 385
608 384
608 383
608 382
608 381
608 380
608 379
607 378
607 377
606 376
606 375
606 374
606 373
606 372
606 371
606 370
606 369
606 368
605 367
604 366
604 365
603 364
603 363
603 362
602 361
602 360
602 359
601 358
601 357
600 356
599 355
598 354
597 353
596 352
595 352
594 351
593 351
592 351
591 351
590 351
