578 946
577 947
576 948
575 949
574 950
573 950
572 951
571 951
570 952
569 953
568 953
567 953
566 954
565 954
564 955
563 955
562 956
561 956
560 957
559 958
558 958
557 959
556 960
555 960
554 961
553 962
552 963
551 964
550 965
549 965
548 966
547 967
546 967
545 968
544 969
543 969
542 970
541 971
540 971
539 972
538 972
537 973
536 974
535 975
534 976
533 977
532 978
531 979
530 980
529 981
528 982
527 983
526 984
525 985
525 986
524 987
524 988
523 989
522 990
521 991
520 992
519 993
519 994
518 995
517 996
517 997
517 998
517 999
517 1000
517 1001
517 1002
517 1003
517 1004
518 1005
518 1006
518 1007
518 1008
518 1009
518 1010
519 1011
519 1012
519 1013
520 1014
520 1015
521 1015
522 1016
523 1016
524 1017
525 1017
526 1018
527 1019
528 1019
529 1020
530 1020
531 1020
532 1021
533 1021
534 1022
535 1022
536 1022
537 1023
538 1023
539 1023
540 1023
541 1024
542 1024
543 1024
544 1024
545 1025
546 1025
547 1025
548 1025
549 1025
550 1026
551 1026
552 1026
553 1027
554 1027
555 1027
556 1027
557 1028
558 1028
559 1028
560 1028
561 1028
562 1028
563 1029
564 1029
565 1029
566 1029
567 1029
568 1029
569 1029
570 1029
571 1029
572 1029
573 1029
574 1030
575 1030
576 1030
577 1030
578 1030
579 1030
580 1030
581 1030
582 1031
583 1031
584 1031
585 1032
586 1032
587 1032
588 1032
589 1032
590 1032
591 1032
592 1032
593 1032
594 1032
595 1032
596 1032
597 1032
598 1032
599 1032
600 1032
601 1032
602 1032
603 1032
604 1032
605 1032
606 1032
607 1032
608 1032
609 1032
610 1032
611 1032
612 1033
613 1033
614 1034
615 1034
616 1034
617 1034
618 1034
619 1034
620 1034
621 1034
622 1034
623 1034
624 1034
625 1034
626 1034
627 1034
628 1034
629 1034
630 1034
631 1034
632 1034
633 1034
634 1034
635 1033
636 1033
637 1033
638 1033
639 1033
640 1033
641 1032
642 1032
643 1032
644 1031
645 1030
645 1029
646 1028
647 1027
648 1027
649 1027
650 1028
651 1028
652 1028
653 1027
654 1026
655 1025
656 1024
657 1024
658 1023
659 1022
660 1021
660 1020
661 1019
662 1018
663 1017
664 1017
665 1016
666 1016
667 1016
668 1016
669 1015
670 1015
671 1014
672 1013
673 1013
674 1012
675 1011
676 1010
676 1009
676 1008
676 1007
677 1006
677 1005
678 1004
679 1003
679 1002
679 1001
680 1000
680 999
679 998
679 997
679 996
678 995
677 994
676 993
676 992
675 991
674 990
673 989
672 988
671 987
671 986
670 985
670 984
670 983
670 982
670 981
669 980
669 979
668 978
667 977
666 976
665 975
665 974
664 973
663 972
662 972
661 971
660 971
659 970
659 969
658 968
658 967
658 966
657 965
656 964
655 963
655 962
654 962
653 962
652 961
651 961
650 960
649 959
648 958
647 958
646 958
645 957
644 957
643 957
642 957
641 956
640 956
639 955
638 954
637 954
636 953
635 953
634 953
633 952
632 952
631 952
630 951
629 951
628 950
627 950
626 950
625 950
624 949
623 949
622 948
621 947
620 947
619 947
618 946
617 946
616 946
615 946
614 946
613 947
612 946
611 946
610 947
609 947
608 947
607 947
606 947
605 947
604 947
603 946
602 946
601 946
600 946
599 946
598 947
597 946
596 947
595 946
594 946
593 946
592 946
591 946
590 946
589 946
588 946
587 946
586 946
585 946
584 946
583 946
582 946
581 946
580 946
579 946
578 946
