620 1821
619 1822
618 1822
617 1822
616 1822
615 1822
614 1822
613 1822
612 1822
611 1822
610 1823
609 1823
608 1824
607 1824
606 1824
605 1824
604 1824
603 1824
602 1825
601 1825
600 1826
599 1826
598 1826
597 1826
596 1826
595 1826
594 1827
593 1827
592 1827
591 1828
590 1828
589 1829
588 1829
587 1830
586 1831
585 1831
584 1831
583 1832
582 1832
581 1832
580 1833
579 1833
578 1834
577 1834
576 1834
575 1835
574 1836
573 1837
572 1837
571 1837
570 1838
569 1839
569 1840
568 1841
569 1842
569 1843
570 1844
571 1845
572 1846
573 1846
574 1847
575 1847
576 1848
577 1848
578 1849
579 1849
580 1850
581 1850
582 1851
583 1852
584 1852
585 1853
586 1853
587 1853
588 1854
589 1854
590 1854
591 1855
592 1855
593 1855
594 1855
595 1856
596 1856
597 1856
598 1856
599 1856
600 1857
601 1857
602 1857
603 1858
604 1858
605 1858
606 1858
607 1858
608 1858
609 1859
610 1859
611 1859
612 1859
613 1859
614 1859
615 1859
616 1859
617 1860
618 1860
619 1860
620 1860
621 1860
622 1860
623 1861
624 1861
625 1861
626 1862
627 1862
628 1862
629 1863
630 1862
631 1862
632 1862
633 1863
634 1862
635 1862
636 1862
637 1861
638 1861
639 1861
640 1860
641 1859
642 1859
643 1858
643 1857
644 1856
645 1855
646 1854
647 1853
648 1852
648 1851
649 1850
649 1849
649 1848
649 1847
650 1846
650 1845
650 1844
650 1843
650 1842
650 1841
650 1840
650 1839
650 1838
650 1837
650 1836
650 1835
650 1834
649 1833
649 1832
649 1831
648 1830
647 1829
646 1828
645 1827
644 1826
643 1825
642 1824
641 1824
640 1824
639 1824
638 1824
637 1823
636 1823
635 1823
634 1823
633 1823
632 1823
631 1823
630 1823
629 1823
628 1823
627 1823
626 1823
625 1822
624 1822
623 1822
622 1822
621 1821
620 1821
