922 1037
921 1038
920 1039
919 1040
918 1041
917 1042
916 1043
915 1044
914 1045
913 1046
912 1047
911 1048
910 1049
909 1050
908 1051
907 1052
906 1053
905 1054
904 1055
903 1056
903 1057
903 1058
903 1059
903 1060
903 1061
903 1062
904 1063
905 1064
905 1065
906 1066
907 1067
908 1068
909 1069
910 1070
911 1071
912 1072
913 1073
914 1074
915 1075
916 1076
917 1077
918 1078
919 1078
920 1078
921 1079
922 1080
923 1080
924 1080
925 1080
926 1080
927 1080
928 1081
929 1081
930 1081
931 1082
932 1082
933 1082
934 1083
935 1083
936 1083
937 1083
938 1083
939 1083
940 1083
941 1083
942 1083
943 1083
944 1083
945 1083
946 1083
947 1083
948 1082
949 1082
950 1082
951 1081
952 1081
953 1081
954 1081
955 1081
956 1081
957 1081
958 1081
959 1080
960 1079
961 1078
962 1077
963 1076
964 1076
965 1075
966 1074
967 1073
968 1072
969 1071
970 1070
971 1069
972 1068
973 1067
973 1066
974 1065
974 1064
974 1063
974 1062
974 1061
974 1060
974 1059
974 1058
973 1057
973 1056
973 1055
972 1054
972 1053
971 1052
970 1051
970 1050
969 1049
969 1048
968 1047
967 1046
966 1045
965 1044
964 1043
963 1042
962 1041
961 1040
960 1039
959 1039
958 1038
957 1038
956 1038
955 1038
954 1038
953 1038
952 1038
951 1038
950 1038
949 1038
948 1038
947 1038
946 1038
945 1038
944 1038
943 1038
942 1038
941 1038
940 1038
939 1038
938 1038
937 1038
936 1037
935 1037
934 1037
933 1037
932 1037
931 1037
930 1037
929 1037
928 1037
927 1037
926 1037
925 1037
924 1037
923 1037
922 1037
