1071 1343
1070 1344
1069 1344
1068 1344
1067 1344
1066 1345
1065 1345
1064 1345
1063 1345
1062 1346
1061 1346
1060 1346
1059 1346
1058 1347
1057 1347
1056 1347
1055 1347
1054 1348
1053 1348
1052 1348
1051 1348
1050 1349
1049 1349
1048 1350
1047 1350
1046 1350
1045 1350
1044 1351
1043 1351
1042 1351
1041 1351
1040 1352
1039 1352
1038 1353
1037 1353
1036 1354
1035 1354
1034 1355
1033 1355
1032 1356
1031 1356
1030 1356
1029 1356
1028 1357
1027 1357
1026 1357
1025 1357
1024 1357
1023 1357
1022 1358
1021 1358
1020 1358
1019 1358
1018 1359
1017 1359
1016 1360
1015 1360
1014 1360
1013 1360
1012 1361
1011 1361
1010 1361
1009 1361
1008 1362
1007 1362
1006 1362
1005 1362
1004 1363
1003 1363
1002 1363
1001 1363
1000 1364
999 1364
998 1364
997 1364
996 1365
995 1366
994 1366
993 1366
992 1367
991 1368
990 1369
989 1369
988 1370
987 1370
986 1371
985 1371
984 1371
983 1371
982 1371
981 1371
980 1372
979 1372
978 1372
977 1372
976 1373
975 1373
974 1373
973 1373
972 1373
971 1373
970 1374
969 1374
968 1375
967 1375
966 1376
965 1376
964 1377
963 1378
962 1378
961 1378
960 1379
959 1379
958 1380
957 1380
956 1380
955 1380
954 1381
953 1381
952 1382
951 1382
950 1382
949 1382
948 1383
947 1383
946 1383
945 1383
944 1383
943 1383
942 1383
941 1383
940 1384
939 1384
938 1385
937 1385
936 1386
935 1386
934 1387
933 1387
932 1387
931 1387
930 1387
929 1387
928 1387
927 1387
926 1388
925 1388
924 1388
923 1388
922 1389
921 1389
920 1389
919 1389
918 1389
917 1389
916 1390
915 1390
914 1390
913 1390
912 1391
911 1391
910 1391
909 1391
908 1391
907 1391
906 1391
905 1391
904 1391
903 1391
902 1392
901 1392
900 1392
899 1392
898 1393
897 1394
896 1394
895 1394
894 1395
893 1396
892 1396
891 1396
890 1397
889 1398
888 1399
887 1399
886 1400
885 1400
884 1401
883 1401
882 1402
881 1402
880 1403
879 1403
878 1404
877 1404
876 1405
875 1406
874 1406
873 1406
872 1407
871 1407
870 1408
869 1408
868 1408
867 1408
866 1409
865 1410
864 1410
863 1410
862 1411
861 1411
860 1412
859 1412
858 1412
857 1412
856 1413
855 1413
854 1414
853 1414
852 1414
851 1414
850 1415
849 1416
848 1416
847 1416
846 1417
845 1418
844 1418
843 1418
842 1419
841 1420
840 1420
839 1420
838 1421
837 1421
836 1421
835 1421
834 1422
833 1422
832 1422
831 1422
830 1423
829 1424
828 1424
827 1424
826 1425
825 1426
824 1427
823 1427
822 1428
821 1428
820 1429
819 1430
818 1430
817 1430
816 1431
815 1432
814 1432
813 1432
812 1433
811 1434
810 1434
809 1434
808 1435
807 1435
806 1436
805 1436
804 1437
803 1438
802 1438
802 1439
801 1440
800 1441
799 1442
798 1443
798 1444
797 1445
796 1446
796 1447
795 1448
794 1449
793 1450
792 1451
792 1452
791 1453
791 1454
790 1455
790 1456
790 1457
790 1458
791 1459
791 1460
792 1461
792 1462
793 1463
794 1464
794 1465
794 1466
795 1467
796 1468
796 1469
796 1470
797 1471
798 1472
798 1473
798 1474
799 1475
799 1476
800 1477
800 1478
800 1479
800 1480
801 1481
801 1482
801 1483
801 1484
801 1485
801 1486
801 1487
801 1488
801 1489
801 1490
801 1491
801 1492
801 1493
801 1494
801 1495
801 1496
802 1497
802 1498
803 1499
804 1500
804 1501
805 1501
806 1502
807 1503
808 1503
809 1504
810 1504
811 1505
812 1505
813 1506
814 1506
815 1507
816 1507
817 1508
818 1508
819 1509
820 1509
821 1510
822 1510
823 1511
824 1512
825 1513
826 1513
827 1513
828 1514
829 1515
830 1515
831 1515
832 1516
833 1517
834 1517
835 1517
836 1518
837 1519
838 1519
839 1519
840 1519
841 1520
842 1520
843 1521
844 1521
845 1521
846 1522
847 1523
848 1523
849 1523
850 1524
851 1525
852 1525
853 1525
854 1526
855 1527
856 1527
857 1527
858 1527
859 1528
860 1528
861 1528
862 1528
863 1529
864 1529
865 1529
866 1529
867 1530
868 1530
869 1531
870 1531
871 1531
872 1531
873 1532
874 1532
875 1532
876 1532
877 1532
878 1532
879 1533
880 1533
881 1533
882 1533
883 1534
884 1534
885 1534
886 1534
887 1534
888 1534
889 1534
890 1534
891 1535
892 1535
893 1535
894 1535
895 1536
896 1536
897 1536
898 1536
899 1537
900 1537
901 1537
902 1537
903 1538
904 1538
905 1538
906 1538
907 1538
908 1538
909 1538
910 1538
911 1539
912 1539
913 1539
914 1539
915 1540
916 1540
917 1540
918 1540
919 1540
920 1540
921 1541
922 1541
923 1541
924 1541
925 1542
926 1542
927 1542
928 1542
929 1542
930 1542
931 1543
932 1543
933 1543
934 1543
935 1544
936 1544
937 1544
938 1544
939 1545
940 1545
941 1545
942 1545
943 1546
944 1546
945 1546
946 1546
947 1547
948 1547
949 1547
950 1547
951 1548
952 1548
953 1548
954 1548
955 1548
956 1548
957 1549
958 1549
959 1549
960 1550
961 1551
962 1551
963 1551
964 1551
965 1552
966 1552
967 1552
968 1552
969 1553
970 1553
971 1553
972 1553
973 1554
974 1554
975 1555
976 1555
977 1555
978 1555
979 1556
980 1556
981 1557
982 1557
983 1557
984 1557
985 1558
986 1558
987 1558
988 1558
989 1559
990 1559
991 1559
992 1559
993 1560
994 1560
995 1561
996 1561
997 1561
998 1561
999 1562
1000 1562
1001 1563
1002 1563
1003 1563
1004 1564
1005 1565
1006 1565
1007 1565
1008 1565
1009 1566
1010 1566
1011 1567
1012 1567
1013 1567
1014 1568
1015 1569
1016 1569
1017 1569
1018 1569
1019 1570
1020 1570
1021 1570
1022 1570
1023 1571
1024 1571
1025 1572
1026 1572
1027 1573
1028 1573
1029 1574
1030 1574
1031 1574
1032 1574
1033 1574
1034 1574
1035 1574
1036 1574
1037 1574
1038 1574
1039 1574
1040 1574
1041 1574
1042 1574
1043 1574
1044 1574
1045 1574
1046 1574
1047 1574
1048 1574
1049 1574
1050 1574
1051 1573
1052 1573
1053 1573
1054 1573
1055 1572
1056 1572
1057 1572
1058 1572
1059 1572
1060 1572
1061 1572
1062 1572
1063 1572
1064 1572
1065 1572
1066 1572
1067 1571
1068 1571
1069 1571
1070 1571
1071 1570
1072 1570
1073 1570
1074 1570
1075 1569
1076 1569
1077 1569
1078 1569
1079 1568
1080 1568
1081 1568
1082 1568
1083 1568
1084 1568
1085 1568
1086 1568
1087 1567
1088 1567
1089 1567
1090 1567
1091 1566
1092 1566
1093 1566
1094 1566
1095 1566
1096 1566
1097 1565
1098 1565
1099 1565
1100 1565
1101 1564
1102 1564
1103 1564
1104 1564
1105 1564
1106 1564
1107 1564
1108 1564
1109 1564
1110 1564
1111 1563
1112 1563
1113 1563
1114 1563
1115 1562
1116 1562
1117 1562
1118 1562
1119 1562
1120 1562
1121 1562
1122 1562
1123 1562
1124 1562
1125 1561
1126 1561
1127 1561
1128 1561
1129 1560
1130 1560
1131 1560
1132 1560
1133 1559
1134 1559
1135 1558
1136 1558
1137 1557
1138 1557
1139 1556
1140 1556
1141 1556
1142 1556
1143 1556
1144 1556
1145 1556
1146 1556
1147 1556
1148 1556
1149 1556
1150 1556
1151 1555
1152 1555
1153 1555
1154 1555
1155 1554
1156 1554
1157 1553
1158 1553
1159 1553
1160 1553
1161 1552
1162 1552
1163 1552
1164 1552
1165 1552
1166 1552
1167 1552
1168 1552
1169 1551
1170 1551
1171 1551
1172 1551
1173 1550
1174 1550
1175 1550
1176 1550
1177 1550
1178 1550
1179 1549
1180 1549
1181 1549
1182 1549
1183 1548
1184 1547
1185 1546
1186 1545
1187 1545
1187 1544
1188 1543
1189 1543
1190 1542
1191 1541
1192 1541
1193 1540
1194 1539
1195 1538
1196 1537
1197 1537
1197 1536
1198 1535
1199 1535
1200 1534
1201 1533
1202 1533
1203 1532
1204 1531
1205 1530
1206 1529
1207 1529
1207 1528
1208 1527
1209 1527
1209 1526
1210 1525
1211 1525
1211 1524
1212 1523
1213 1523
1213 1522
1214 1521
1215 1521
1215 1520
1216 1519
1217 1518
1218 1517
1219 1516
1219 1515
1219 1514
1220 1513
1221 1512
1221 1511
1221 1510
1221 1509
1222 1508
1222 1507
1222 1506
1222 1505
1223 1504
1223 1503
1223 1502
1223 1501
1224 1500
1224 1499
1224 1498
1224 1497
1224 1496
1224 1495
1224 1494
1224 1493
1224 1492
1224 1491
1224 1490
1224 1489
1224 1488
1224 1487
1224 1486
1224 1485
1224 1484
1224 1483
1224 1482
1224 1481
1225 1480
1225 1479
1225 1478
1225 1477
1226 1476
1226 1475
1226 1474
1226 1473
1226 1472
1226 1471
1226 1470
1226 1469
1226 1468
1226 1467
1226 1466
1226 1465
1226 1464
1226 1463
1226 1462
1226 1461
1225 1460
1225 1459
1225 1458
1225 1457
1224 1456
1223 1455
1222 1454
1222 1453
1221 1452
1221 1451
1220 1450
1220 1449
1219 1448
1219 1447
1218 1446
1217 1445
1217 1444
1216 1444
1215 1443
1215 1442
1214 1441
1213 1440
1213 1439
1212 1438
1211 1437
1211 1436
1211 1435
1210 1434
1209 1433
1209 1432
1209 1431
1208 1430
1208 1429
1207 1428
1207 1427
1207 1426
1207 1425
1206 1424
1206 1423
1206 1422
1206 1421
1206 1420
1206 1419
1206 1418
1206 1417
1206 1416
1206 1415
1206 1414
1206 1413
1205 1412
1205 1411
1204 1410
1204 1409
1203 1408
1203 1407
1202 1406
1201 1405
1200 1404
1200 1403
1199 1402
1199 1401
1198 1400
1197 1399
1197 1398
1197 1397
1196 1396
1195 1395
1194 1394
1193 1393
1193 1392
1192 1392
1191 1391
1191 1390
1190 1390
1189 1389
1189 1388
1188 1388
1187 1387
1187 1386
1186 1386
1185 1385
1185 1384
1184 1384
1183 1383
1183 1382
1182 1382
1181 1381
1180 1380
1179 1379
1178 1378
1177 1378
1176 1378
1175 1377
1174 1376
1173 1376
1172 1376
1171 1376
1170 1375
1169 1375
1168 1374
1167 1374
1166 1374
1165 1373
1164 1372
1163 1372
1162 1372
1161 1372
1160 1371
1159 1371
1158 1371
1157 1371
1156 1370
1155 1370
1154 1370
1153 1370
1152 1369
1151 1369
1150 1369
1149 1369
1148 1369
1147 1369
1146 1368
1145 1368
1144 1368
1143 1368
1142 1367
1141 1367
1140 1366
1139 1366
1138 1366
1137 1365
1136 1364
1135 1364
1134 1364
1133 1364
1132 1363
1131 1363
1130 1362
1129 1362
1128 1362
1127 1362
1126 1361
1125 1361
1124 1361
1123 1361
1122 1360
1121 1360
1120 1360
1119 1359
1118 1358
1117 1358
1116 1357
1115 1357
1114 1356
1113 1356
1112 1355
1111 1355
1110 1355
1109 1355
1108 1354
1107 1354
1106 1354
1105 1353
1104 1352
1103 1352
1102 1352
1101 1352
1100 1351
1099 1351
1098 1351
1097 1351
1096 1350
1095 1350
1094 1349
1093 1348
1092 1348
1091 1347
1090 1346
1089 1346
1088 1345
1087 1345
1086 1344
1085 1344
1084 1344
1083 1344
1082 1343
1081 1343
1080 1343
1079 1343
1078 1343
1077 1343
1076 1343
1075 1343
1074 1343
1073 1343
1072 1343
1071 1343
