234 198
233 199
232 199
231 200
230 201
229 202
228 203
227 204
226 204
225 205
224 205
223 205
222 206
221 206
220 205
219 205
218 205
217 204
216 204
215 204
214 204
213 204
212 203
211 203
210 203
209 203
208 203
207 202
206 202
205 202
204 201
203 201
202 201
201 201
200 201
199 201
198 201
197 201
196 202
195 202
194 203
193 204
192 204
191 204
190 204
189 204
188 204
187 204
186 203
185 203
184 203
183 203
182 203
181 203
180 202
179 201
178 200
177 200
176 199
175 199
174 199
173 199
172 199
171 199
170 199
169 200
168 200
167 200
166 201
165 202
164 203
163 204
162 204
161 205
160 206
159 207
159 208
158 209
158 210
158 211
157 212
156 213
155 214
154 215
153 216
152 217
151 218
150 219
149 220
149 221
148 222
147 223
146 223
145 224
144 224
143 225
142 226
142 227
141 228
141 229
141 230
141 231
141 232
141 233
140 234
139 235
139 236
138 237
138 238
137 239
136 240
135 241
134 242
133 243
132 243
132 244
131 245
131 246
131 247
130 248
130 249
129 250
128 251
127 252
126 252
125 252
124 253
123 253
122 254
121 255
120 255
119 256
118 256
117 256
116 257
115 257
114 258
113 258
112 259
111 260
110 260
109 261
108 262
108 263
107 264
107 265
106 266
106 267
106 268
105 269
105 270
105 271
105 272
105 273
105 274
105 275
105 276
105 277
105 278
105 279
105 280
105 281
105 282
105 283
105 284
105 285
105 286
105 287
105 288
105 289
105 290
105 291
105 292
105 293
105 294
105 295
105 296
105 297
105 298
105 299
105 300
104 301
104 302
104 303
104 304
104 305
104 306
103 307
103 308
103 309
103 310
103 311
103 312
103 313
102 314
102 315
102 316
101 317
101 318
101 319
100 320
100 321
100 322
100 323
99 324
99 325
99 326
99 327
99 328
99 329
99 330
99 331
99 332
99 333
99 334
99 335
98 336
98 337
98 338
98 339
98 340
98 341
97 342
97 343
96 344
96 345
95 346
95 347
95 348
95 349
95 350
95 351
95 352
95 353
95 354
95 355
95 356
95 357
95 358
95 359
95 360
95 361
95 362
95 363
95 364
95 365
95 366
95 367
96 368
96 369
96 370
97 371
97 372
97 373
98 374
99 375
99 376
100 377
101 378
102 378
103 379
104 379
105 379
106 379
107 380
108 380
109 381
110 381
111 382
112 382
113 382
114 382
115 382
116 382
117 382
118 382
119 382
120 382
121 382
122 382
123 382
124 382
125 382
126 382
127 382
128 381
129 381
130 381
131 381
132 381
133 381
134 381
135 381
136 381
137 381
138 381
139 380
140 380
141 380
142 379
143 379
144 379
145 379
146 379
147 378
148 378
149 378
150 378
151 378
152 378
153 378
154 378
155 378
156 378
157 377
158 377
159 377
160 377
161 377
162 377
163 376
164 376
165 376
166 376
167 376
168 376
169 376
170 376
171 376
172 376
173 376
174 376
175 376
176 376
177 376
178 376
179 376
180 376
181 376
182 376
183 376
184 376
185 376
186 376
187 376
188 376
189 376
190 376
191 376
192 376
193 376
194 376
195 376
196 376
197 376
198 376
199 375
200 375
201 375
202 375
203 374
204 374
205 374
206 374
207 374
208 374
209 374
210 374
211 373
212 373
213 373
214 373
215 372
216 372
217 372
218 372
219 371
220 371
221 371
222 371
223 371
224 371
225 371
226 371
227 371
228 371
229 370
230 370
231 370
232 370
233 369
234 369
235 369
236 369
237 368
238 368
239 368
240 368
241 368
242 368
243 368
244 368
245 368
246 368
247 368
248 368
249 368
250 368
251 368
252 368
253 368
254 368
255 368
256 367
257 367
258 367
259 367
260 367
261 367
262 367
263 367
264 367
265 367
266 367
267 367
268 366
269 366
270 366
271 366
272 366
273 366
274 366
275 365
276 365
277 365
278 365
279 365
280 365
281 365
282 364
283 364
284 364
285 363
286 363
287 363
288 363
289 363
290 363
291 362
292 362
293 362
294 362
295 362
296 362
297 361
298 361
299 361
300 361
301 361
302 361
303 361
304 361
305 360
306 360
307 359
308 359
309 359
310 358
311 358
312 358
313 357
314 357
315 357
316 357
317 356
318 356
319 356
320 356
321 355
322 355
323 355
324 355
325 355
326 355
327 355
328 355
329 355
330 355
331 355
332 355
333 355
334 354
335 354
336 354
337 353
338 353
339 353
340 353
341 353
342 353
343 353
344 353
345 353
346 353
347 352
348 352
349 351
350 351
351 350
352 350
353 350
354 350
355 350
356 350
357 350
358 350
359 350
360 350
361 349
362 349
363 348
364 348
365 347
366 347
367 346
368 346
369 345
370 345
371 345
372 345
373 345
374 344
375 344
376 344
377 343
378 343
379 343
380 343
381 343
382 343
383 343
384 343
385 343
386 343
387 342
388 342
389 341
390 340
391 340
392 340
393 340
394 340
395 339
396 339
397 338
398 337
399 337
400 336
401 335
402 335
403 335
404 334
405 334
406 333
407 332
408 331
409 330
410 329
411 328
412 327
413 326
414 325
414 324
415 323
415 322
415 321
415 320
416 319
416 318
416 317
417 316
417 315
417 314
417 313
417 312
417 311
417 310
416 309
416 308
416 307
415 306
415 305
415 304
414 303
414 302
414 301
414 300
413 299
412 298
411 297
411 296
410 295
409 294
409 293
408 292
407 292
406 291
406 290
405 289
404 288
403 287
402 287
401 286
401 285
400 284
399 283
398 282
397 282
396 281
395 280
394 280
393 279
392 278
391 278
390 277
389 276
388 275
387 274
386 273
385 273
384 273
383 272
382 272
381 271
380 271
379 271
378 270
377 270
376 269
375 268
374 268
373 267
372 266
371 266
370 265
369 264
368 263
367 263
366 263
365 262
364 262
363 261
362 260
361 260
360 259
359 258
358 257
357 257
356 256
355 256
354 256
353 256
352 255
351 255
350 255
349 255
348 255
347 255
346 255
345 255
344 254
343 254
342 254
341 253
340 253
339 252
338 251
337 251
336 250
335 250
334 249
333 249
332 249
331 249
330 249
329 248
328 248
327 248
326 247
325 247
324 247
323 246
322 247
321 246
320 246
319 246
318 245
317 245
316 244
315 243
314 242
313 242
312 242
311 241
310 241
309 240
308 239
307 239
306 238
305 237
304 237
303 237
302 236
301 236
300 236
299 235
298 234
297 234
296 233
295 233
294 232
293 232
292 232
291 231
290 231
289 230
288 230
287 229
286 229
285 228
284 227
283 227
282 227
281 227
280 226
279 226
278 225
277 225
276 224
275 224
274 223
273 223
272 222
271 222
270 221
269 221
268 220
267 220
266 219
265 218
265 217
264 216
264 215
264 214
264 213
264 212
264 211
263 210
262 209
261 208
260 207
259 207
258 206
257 206
256 205
255 204
254 204
253 204
252 204
251 203
250 203
249 203
248 202
247 202
246 201
245 201
244 201
243 201
242 201
241 201
240 200
239 200
238 199
237 199
236 199
235 198
234 198
