611 184
610 185
609 185
608 185
607 186
606 186
605 186
604 186
603 186
602 186
601 186
600 186
599 186
598 186
597 187
596 188
595 188
594 188
593 188
592 188
591 188
590 188
589 189
588 189
587 189
586 189
585 189
584 190
583 190
582 190
581 191
580 191
579 191
578 191
577 191
576 191
575 191
574 191
573 191
572 191
571 192
570 193
569 193
568 193
567 194
566 194
565 194
564 195
563 195
562 196
561 196
560 196
559 197
558 197
557 197
556 198
556 199
556 200
556 201
556 202
556 203
556 204
557 205
558 206
558 207
559 208
560 208
561 208
562 209
563 209
564 210
565 210
566 210
567 211
568 211
569 212
570 213
571 214
572 214
573 214
574 215
575 215
576 216
577 217
578 218
579 218
580 218
581 219
582 219
583 220
584 220
585 221
586 221
587 222
588 223
589 223
590 224
591 224
592 225
593 225
594 226
595 226
596 226
597 227
598 228
599 229
600 229
601 229
602 229
603 229
604 229
605 229
606 229
607 229
608 229
609 229
610 229
611 229
612 229
613 229
614 229
615 228
616 228
617 228
618 228
619 227
620 227
621 227
622 226
623 226
624 226
625 226
626 226
627 226
628 226
629 225
630 225
630 224
631 223
632 222
632 221
632 220
633 219
633 218
633 217
633 216
633 215
633 214
633 213
634 212
635 211
636 210
636 209
636 208
636 207
636 206
636 205
636 204
636 203
636 202
636 201
635 200
634 199
633 198
632 197
632 196
631 195
631 194
631 193
630 192
629 191
628 190
627 189
626 188
625 187
624 187
623 187
622 187
621 187
620 186
619 186
618 185
617 185
616 184
615 185
614 185
613 185
612 185
611 184
