190 924
189 925
188 925
187 926
186 926
186 927
185 928
184 929
184 930
184 931
183 932
183 933
183 934
182 935
182 936
182 937
182 938
182 939
182 940
181 941
181 942
181 943
181 944
181 945
181 946
181 947
181 948
181 949
181 950
181 951
181 952
181 953
181 954
181 955
182 956
182 957
182 958
182 959
182 960
182 961
183 962
183 963
184 964
184 965
185 965
186 966
187 967
188 968
189 969
190 970
191 971
192 972
193 973
194 974
195 975
196 976
197 977
197 978
198 979
199 980
200 981
201 982
202 983
203 984
204 985
205 986
206 987
207 988
208 989
209 990
210 991
211 992
212 993
213 994
214 995
215 996
216 997
217 998
218 999
219 1000
220 1001
221 1002
222 1003
223 1004
224 1004
225 1005
226 1005
227 1006
228 1006
229 1006
230 1006
231 1006
232 1006
233 1006
234 1006
235 1006
236 1006
237 1007
238 1007
239 1007
240 1007
241 1007
242 1007
243 1007
244 1007
245 1007
246 1007
247 1007
248 1007
249 1007
250 1007
251 1007
252 1007
253 1007
254 1007
255 1006
256 1006
257 1006
258 1005
259 1005
260 1005
261 1004
262 1004
263 1004
264 1004
265 1004
266 1004
267 1004
268 1004
269 1004
270 1004
271 1004
272 1004
273 1004
274 1004
275 1004
276 1004
277 1004
278 1004
279 1003
280 1003
281 1003
282 1003
283 1003
284 1003
285 1004
286 1004
287 1004
288 1004
289 1004
290 1004
291 1004
292 1004
293 1004
294 1004
295 1003
296 1003
297 1002
298 1002
299 1001
300 1000
301 999
302 998
302 997
303 996
303 995
303 994
303 993
304 992
304 991
304 990
304 989
304 988
305 987
305 986
305 985
305 984
305 983
305 982
305 981
305 980
305 979
305 978
305 977
305 976
305 975
305 974
305 973
305 972
305 971
305 970
305 969
305 968
305 967
305 966
305 965
305 964
305 963
305 962
305 961
305 960
305 959
305 958
305 957
305 956
306 955
306 954
306 953
307 952
307 951
307 950
307 949
307 948
307 947
307 946
308 945
308 944
308 943
308 942
308 941
309 940
310 939
310 938
310 937
310 936
310 935
310 934
310 933
310 932
310 931
309 930
308 929
307 928
306 928
305 928
304 927
303 927
302 927
301 927
300 927
299 927
298 927
297 927
296 927
295 927
294 927
293 927
292 927
291 926
290 926
289 926
288 926
287 926
286 927
285 927
284 927
283 927
282 927
281 927
280 927
279 927
278 927
277 927
276 926
275 926
274 925
273 925
272 925
271 925
270 925
269 925
268 925
267 925
266 926
265 926
264 926
263 926
262 926
261 926
260 926
259 926
258 926
257 926
256 926
255 926
254 926
253 926
252 926
251 926
250 926
249 926
248 926
247 926
246 926
245 926
244 926
243 926
242 926
241 926
240 926
239 926
238 926
237 926
236 926
235 926
234 926
233 926
232 926
231 926
230 926
229 926
228 926
227 926
226 926
225 926
224 926
223 926
222 926
221 926
220 926
219 926
218 926
217 926
216 926
215 926
214 926
213 926
212 925
211 925
210 925
209 925
208 925
207 925
206 925
205 924
204 924
203 924
202 924
201 924
200 924
199 924
198 924
197 924
196 924
195 924
194 924
193 924
192 924
191 924
190 924
