332 1684
331 1685
330 1685
329 1685
328 1685
327 1685
326 1685
325 1686
324 1686
323 1686
322 1686
321 1686
320 1686
319 1686
318 1686
317 1687
316 1687
315 1687
314 1688
313 1688
312 1688
311 1688
310 1689
309 1690
308 1690
307 1691
307 1692
307 1693
307 1694
307 1695
307 1696
307 1697
308 1698
308 1699
308 1700
309 1701
309 1702
309 1703
309 1704
310 1705
310 1706
311 1707
311 1708
311 1709
312 1710
313 1711
314 1712
315 1713
316 1713
317 1714
318 1715
319 1715
320 1715
321 1715
322 1716
323 1716
324 1716
325 1717
326 1717
327 1718
328 1718
329 1718
330 1718
331 1718
332 1719
333 1718
334 1718
335 1718
336 1718
337 1718
338 1718
339 1718
340 1719
341 1719
342 1719
343 1719
344 1720
345 1721
346 1721
347 1721
348 1721
349 1722
350 1722
351 1722
352 1722
353 1722
354 1722
355 1722
356 1723
357 1723
358 1723
359 1723
360 1723
361 1723
362 1723
363 1723
364 1723
365 1723
366 1723
367 1723
368 1723
369 1722
370 1721
371 1720
371 1719
372 1718
372 1717
372 1716
373 1715
373 1714
373 1713
373 1712
373 1711
373 1710
373 1709
373 1708
373 1707
373 1706
373 1705
373 1704
373 1703
373 1702
373 1701
373 1700
373 1699
373 1698
373 1697
373 1696
372 1695
372 1694
372 1693
371 1692
371 1691
370 1690
369 1689
369 1688
368 1687
367 1687
366 1686
365 1685
364 1684
363 1684
362 1684
361 1684
360 1684
359 1684
358 1684
357 1684
356 1684
355 1684
354 1684
353 1684
352 1684
351 1684
350 1684
349 1684
348 1684
347 1684
346 1684
345 1684
344 1684
343 1684
342 1684
341 1684
340 1684
339 1684
338 1684
337 1684
336 1684
335 1684
334 1684
333 1684
332 1684
