3424 4822
3423 4823
3422 4823
3421 4823
3420 4823
3419 4824
3418 4824
3417 4824
3416 4824
3415 4824
3414 4824
3413 4824
3412 4824
3411 4824
3410 4824
3409 4825
3408 4825
3407 4825
3406 4825
3405 4826
3404 4826
3403 4826
3402 4826
3401 4826
3400 4826
3399 4826
3398 4826
3397 4826
3396 4826
3395 4827
3394 4827
3393 4827
3392 4827
3391 4828
3390 4829
3389 4829
3388 4829
3387 4830
3386 4830
3385 4830
3384 4830
3383 4831
3382 4831
3381 4832
3380 4832
3379 4833
3378 4833
3377 4834
3376 4834
3375 4834
3374 4834
3373 4834
3372 4834
3371 4834
3370 4834
3369 4834
3368 4834
3367 4834
3366 4834
3365 4834
3364 4834
3363 4834
3362 4834
3361 4835
3360 4835
3359 4835
3358 4835
3357 4836
3356 4837
3355 4838
3354 4839
3353 4839
3352 4840
3351 4841
3350 4841
3349 4842
3348 4842
3347 4843
3346 4843
3345 4843
3344 4843
3343 4844
3342 4844
3341 4844
3340 4844
3339 4844
3338 4844
3337 4844
3336 4844
3335 4845
3334 4845
3333 4846
3332 4847
3331 4848
3331 4849
3330 4850
3330 4851
3329 4852
3328 4853
3327 4854
3327 4855
3327 4856
3326 4857
3325 4858
3325 4859
3324 4860
3323 4861
3322 4861
3321 4862
3320 4863
3319 4863
3318 4863
3317 4864
3316 4865
3315 4865
3314 4865
3313 4866
3312 4866
3311 4866
3310 4866
3309 4866
3308 4866
3307 4866
3306 4866
3305 4866
3304 4866
3303 4866
3302 4866
3301 4867
3300 4867
3299 4867
3298 4867
3297 4868
3296 4868
3295 4869
3294 4869
3293 4869
3292 4869
3291 4870
3290 4870
3289 4870
3288 4870
3287 4869
3286 4869
3285 4869
3284 4869
3283 4868
3282 4868
3281 4867
3280 4867
3279 4866
3278 4866
3277 4865
3276 4864
3275 4863
3274 4863
3273 4862
3272 4861
3271 4861
3270 4860
3270 4859
3269 4859
3268 4858
3267 4857
3266 4857
3265 4857
3264 4857
3263 4858
3262 4858
3261 4858
3260 4858
3259 4858
3258 4858
3257 4857
3256 4857
3255 4856
3254 4856
3253 4856
3252 4856
3251 4856
3250 4856
3249 4856
3248 4856
3247 4856
3246 4856
3245 4856
3244 4856
3243 4856
3242 4856
3241 4856
3240 4856
3239 4856
3238 4856
3237 4857
3236 4857
3235 4857
3234 4857
3233 4858
3232 4858
3231 4857
3230 4857
3229 4856
3228 4856
3227 4855
3226 4855
3225 4854
3224 4854
3223 4854
3222 4854
3221 4853
3220 4853
3219 4853
3218 4852
3217 4851
3216 4851
3215 4850
3214 4850
3213 4849
3212 4849
3211 4848
3210 4848
3209 4848
3208 4848
3207 4847
3206 4847
3205 4847
3204 4847
3203 4846
3202 4846
3201 4846
3200 4846
3199 4845
3198 4845
3197 4845
3196 4844
3195 4843
3194 4843
3193 4843
3192 4842
3191 4841
3190 4841
3189 4840
3188 4840
3187 4839
3186 4838
3185 4837
3184 4837
3183 4837
3182 4836
3181 4835
3180 4835
3179 4835
3178 4835
3177 4834
3176 4834
3175 4833
3174 4833
3173 4832
3172 4832
3171 4831
3170 4830
3169 4829
3168 4829
3167 4829
3166 4829
3165 4828
3164 4828
3163 4828
3162 4828
3161 4827
3160 4827
3159 4827
3158 4827
3157 4826
3156 4826
3155 4826
3154 4826
3153 4826
3152 4826
3151 4826
3150 4826
3149 4826
3148 4826
3147 4826
3146 4826
3145 4826
3144 4826
3143 4826
3142 4826
3141 4827
3140 4827
3139 4827
3138 4827
3137 4828
3136 4828
3135 4828
3134 4828
3133 4828
3132 4828
3131 4828
3130 4828
3129 4828
3128 4828
3127 4828
3126 4828
3125 4828
3124 4828
3123 4828
3122 4828
3121 4829
3120 4829
3119 4829
3118 4829
3117 4830
3116 4830
3115 4830
3114 4830
3113 4830
3112 4830
3111 4830
3110 4830
3109 4830
3108 4830
3107 4830
3106 4830
3105 4830
3104 4830
3103 4830
3102 4830
3101 4830
3100 4830
3099 4830
3098 4830
3097 4830
3096 4830
3095 4830
3094 4830
3093 4830
3092 4830
3091 4830
3090 4830
3089 4830
3088 4830
3087 4830
3086 4830
3085 4830
3084 4830
3083 4830
3082 4830
3081 4830
3080 4830
3079 4830
3078 4830
3077 4831
3076 4831
3075 4831
3074 4831
3073 4832
3072 4832
3071 4833
3070 4833
3069 4833
3068 4833
3067 4834
3066 4834
3065 4835
3064 4835
3063 4835
3062 4835
3061 4836
3060 4836
3059 4836
3058 4836
3057 4836
3056 4836
3055 4836
3054 4836
3053 4836
3052 4836
3051 4836
3050 4836
3049 4836
3048 4836
3047 4836
3046 4836
3045 4836
3044 4836
3043 4836
3042 4836
3041 4836
3040 4836
3039 4836
3038 4836
3037 4837
3036 4837
3035 4837
3034 4837
3033 4838
3032 4838
3031 4839
3030 4839
3029 4839
3028 4839
3027 4840
3026 4841
3025 4841
3024 4841
3023 4842
3022 4842
3021 4843
3020 4843
3019 4844
3018 4845
3017 4845
3017 4846
3016 4847
3015 4847
3015 4848
3014 4849
3013 4850
3012 4851
3011 4852
3011 4853
3010 4854
3010 4855
3009 4856
3008 4857
3007 4858
3007 4859
3006 4860
3005 4861
3005 4862
3004 4863
3003 4863
3003 4864
3002 4865
3001 4865
3001 4866
3000 4867
2999 4867
2999 4868
2998 4869
2997 4869
2997 4870
2996 4871
2995 4872
2994 4873
2993 4874
2993 4875
2992 4876
2992 4877
2991 4878
2990 4879
2989 4880
2989 4881
2988 4882
2987 4883
2987 4884
2986 4885
2985 4885
2985 4886
2984 4887
2983 4888
2982 4889
2981 4890
2981 4891
2981 4892
2981 4893
2980 4894
2980 4895
2979 4896
2979 4897
2979 4898
2978 4899
2977 4900
2977 4901
2977 4902
2976 4903
2975 4904
2975 4905
2975 4906
2974 4907
2973 4908
2973 4909
2973 4910
2972 4911
2971 4912
2971 4913
2971 4914
2970 4915
2969 4916
2969 4917
2968 4918
2968 4919
2967 4920
2966 4921
2965 4922
2965 4923
2965 4924
2964 4925
2963 4926
2963 4927
2963 4928
2962 4929
2961 4930
2961 4931
2960 4932
2960 4933
2959 4934
2958 4935
2957 4936
2957 4937
2957 4938
2956 4939
2955 4940
2955 4941
2954 4942
2953 4943
2953 4944
2952 4945
2951 4945
2951 4946
2950 4947
2949 4947
2949 4948
2948 4949
2947 4949
2947 4950
2946 4951
2945 4951
2945 4952
2944 4953
2943 4953
2943 4954
2942 4955
2941 4955
2941 4956
2940 4957
2939 4957
2939 4958
2938 4959
2937 4959
2937 4960
2936 4961
2935 4961
2935 4962
2934 4963
2933 4964
2932 4965
2931 4966
2931 4967
2930 4968
2929 4969
2929 4970
2928 4971
2927 4971
2927 4972
2926 4973
2925 4974
2925 4975
2924 4976
2924 4977
2923 4978
2923 4979
2922 4980
2921 4981
2921 4982
2920 4983
2919 4983
2919 4984
2918 4985
2917 4985
2917 4986
2916 4987
2915 4987
2915 4988
2914 4989
2913 4989
2913 4990
2912 4991
2911 4991
2911 4992
2910 4993
2909 4993
2909 4994
2908 4995
2907 4995
2906 4996
2905 4997
2904 4997
2903 4998
2902 4999
2901 5000
2900 5001
2899 5001
2899 5002
2898 5003
2897 5003
2896 5004
2895 5005
2894 5005
2893 5006
2892 5007
2891 5008
2890 5008
2889 5009
2888 5009
2887 5010
2886 5011
2885 5012
2884 5013
2883 5013
2883 5014
2882 5015
2881 5016
2880 5017
2879 5018
2879 5019
2878 5020
2877 5021
2876 5021
2875 5022
2874 5023
2873 5024
2872 5025
2871 5025
2871 5026
2870 5027
2869 5027
2869 5028
2868 5029
2867 5029
2866 5030
2865 5031
2864 5031
2863 5032
2862 5033
2861 5034
2860 5034
2859 5035
2858 5035
2857 5036
2856 5037
2855 5037
2854 5037
2853 5038
2852 5038
2851 5039
2850 5039
2849 5039
2848 5039
2847 5040
2846 5040
2845 5040
2844 5040
2843 5041
2842 5041
2841 5042
2840 5043
2839 5043
2839 5044
2838 5045
2837 5045
2837 5046
2836 5047
2835 5047
2835 5048
2834 5049
2833 5049
2833 5050
2832 5051
2831 5051
2831 5052
2830 5053
2829 5053
2829 5054
2828 5055
2827 5055
2827 5056
2826 5057
2825 5058
2824 5059
2823 5060
2823 5061
2823 5062
2822 5063
2821 5064
2821 5065
2821 5066
2820 5067
2819 5068
2819 5069
2819 5070
2819 5071
2818 5072
2818 5073
2817 5074
2817 5075
2817 5076
2817 5077
2816 5078
2816 5079
2816 5080
2816 5081
2815 5082
2815 5083
2815 5084
2814 5085
2813 5086
2813 5087
2813 5088
2813 5089
2812 5090
2812 5091
2811 5092
2811 5093
2811 5094
2810 5095
2809 5096
2809 5097
2808 5098
2808 5099
2807 5100
2807 5101
2806 5102
2806 5103
2805 5104
2805 5105
2805 5106
2805 5107
2804 5108
2804 5109
2803 5110
2803 5111
2803 5112
2803 5113
2802 5114
2802 5115
2801 5116
2801 5117
2801 5118
2800 5119
2799 5120
2799 5121
2799 5122
2799 5123
2798 5124
2798 5125
2798 5126
2798 5127
2797 5128
2797 5129
2796 5130
2795 5131
2795 5132
2794 5133
2793 5134
2792 5135
2791 5136
2791 5137
2790 5138
2790 5139
2789 5140
2788 5141
2787 5142
2787 5143
2786 5144
2786 5145
2785 5146
2784 5147
2783 5148
2783 5149
2783 5150
2782 5151
2781 5152
2781 5153
2780 5154
2779 5155
2779 5156
2778 5157
2777 5157
2777 5158
2776 5159
2775 5160
2774 5161
2773 5162
2773 5163
2772 5164
2771 5165
2770 5165
2769 5166
2768 5167
2767 5168
2766 5169
2765 5169
2765 5170
2764 5171
2763 5171
2763 5172
2762 5173
2761 5174
2760 5175
2759 5176
2759 5177
2758 5178
2757 5179
2757 5180
2756 5181
2755 5182
2754 5183
2753 5184
2753 5185
2752 5186
2752 5187
2751 5188
2751 5189
2750 5190
2750 5191
2749 5192
2749 5193
2748 5194
2747 5195
2747 5196
2746 5197
2745 5197
2745 5198
2744 5199
2743 5199
2743 5200
2742 5201
2741 5201
2741 5202
2740 5203
2739 5203
2738 5204
2737 5205
2736 5205
2735 5206
2734 5207
2733 5208
2732 5209
2731 5209
2731 5210
2730 5211
2729 5211
2729 5212
2728 5213
2727 5213
2727 5214
2726 5215
2725 5215
2725 5216
2724 5217
2723 5218
2722 5219
2721 5220
2721 5221
2721 5222
2720 5223
2719 5224
2719 5225
2719 5226
2718 5227
2717 5228
2717 5229
2717 5230
2717 5231
2716 5232
2716 5233
2716 5234
2716 5235
2715 5236
2715 5237
2715 5238
2715 5239
2714 5240
2714 5241
2713 5242
2713 5243
2713 5244
2713 5245
2712 5246
2712 5247
2712 5248
2712 5249
2712 5250
2712 5251
2711 5252
2711 5253
2711 5254
2711 5255
2710 5256
2710 5257
2710 5258
2710 5259
2710 5260
2710 5261
2710 5262
2710 5263
2710 5264
2710 5265
2710 5266
2710 5267
2710 5268
2710 5269
2710 5270
2710 5271
2710 5272
2710 5273
2711 5274
2711 5275
2711 5276
2711 5277
2712 5278
2713 5279
2713 5280
2713 5281
2714 5282
2714 5283
2715 5284
2715 5285
2715 5286
2715 5287
2716 5288
2717 5289
2717 5290
2717 5291
2718 5292
2718 5293
2718 5294
2718 5295
2719 5296
2719 5297
2719 5298
2719 5299
2720 5300
2721 5301
2721 5302
2721 5303
2722 5304
2722 5305
2723 5306
2723 5307
2723 5308
2723 5309
2724 5310
2724 5311
2725 5312
2725 5313
2725 5314
2725 5315
2726 5316
2726 5317
2726 5318
2726 5319
2726 5320
2726 5321
2726 5322
2726 5323
2726 5324
2726 5325
2726 5326
2726 5327
2726 5328
2726 5329
2726 5330
2726 5331
2726 5332
2726 5333
2726 5334
2726 5335
2726 5336
2726 5337
2726 5338
2726 5339
2726 5340
2726 5341
2726 5342
2726 5343
2726 5344
2726 5345
2726 5346
2726 5347
2726 5348
2726 5349
2726 5350
2726 5351
2726 5352
2726 5353
2726 5354
2726 5355
2726 5356
2726 5357
2727 5358
2727 5359
2727 5360
2727 5361
2728 5362
2728 5363
2728 5364
2728 5365
2728 5366
2728 5367
2729 5368
2729 5369
2729 5370
2729 5371
2730 5372
2730 5373
2731 5374
2731 5375
2732 5376
2733 5377
2733 5378
2734 5379
2735 5380
2735 5381
2736 5382
2737 5383
2738 5384
2739 5384
2740 5385
2741 5385
2742 5385
2743 5385
2744 5386
2745 5386
2746 5386
2747 5387
2748 5388
2749 5388
2750 5388
2751 5389
2752 5390
2753 5390
2754 5391
2755 5392
2756 5392
2757 5393
2757 5394
2758 5394
2759 5395
2759 5396
2760 5396
2761 5397
2761 5398
2762 5398
2763 5399
2763 5400
2764 5401
2765 5402
2765 5403
2766 5404
2767 5405
2768 5406
2769 5407
2769 5408
2770 5408
2771 5409
2771 5410
2772 5410
2773 5411
2773 5412
2774 5412
2775 5413
2775 5414
2776 5414
2777 5415
2777 5416
2778 5416
2779 5417
2780 5418
2781 5419
2782 5420
2783 5420
2784 5421
2785 5421
2786 5422
2787 5423
2788 5424
2789 5424
2790 5424
2791 5424
2792 5425
2793 5425
2794 5425
2795 5425
2796 5426
2797 5426
2798 5426
2799 5426
2800 5427
2801 5427
2802 5427
2803 5427
2804 5426
2805 5426
2806 5426
2807 5426
2808 5425
2809 5425
2810 5425
2811 5425
2812 5426
2813 5426
2814 5427
2815 5428
2816 5428
2817 5429
2817 5430
2818 5430
2819 5431
2819 5432
2820 5433
2821 5434
2821 5435
2822 5436
2823 5437
2823 5438
2823 5439
2824 5440
2825 5441
2825 5442
2825 5443
2826 5444
2827 5445
2827 5446
2827 5447
2828 5448
2828 5449
2829 5450
2829 5451
2829 5452
2829 5453
2830 5454
2830 5455
2830 5456
2830 5457
2830 5458
2830 5459
2830 5460
2830 5461
2830 5462
2830 5463
2830 5464
2830 5465
2830 5466
2830 5467
2830 5468
2830 5469
2830 5470
2830 5471
2830 5472
2830 5473
2830 5474
2830 5475
2830 5476
2830 5477
2830 5478
2830 5479
2830 5480
2830 5481
2830 5482
2830 5483
2830 5484
2830 5485
2830 5486
2830 5487
2830 5488
2830 5489
2830 5490
2830 5491
2830 5492
2830 5493
2830 5494
2830 5495
2830 5496
2830 5497
2830 5498
2830 5499
2830 5500
2830 5501
2830 5502
2830 5503
2830 5504
2830 5505
2830 5506
2830 5507
2830 5508
2830 5509
2830 5510
2830 5511
2830 5512
2830 5513
2830 5514
2830 5515
2830 5516
2830 5517
2830 5518
2830 5519
2830 5520
2830 5521
2830 5522
2830 5523
2830 5524
2830 5525
2830 5526
2830 5527
2830 5528
2830 5529
2830 5530
2830 5531
2830 5532
2830 5533
2830 5534
2830 5535
2831 5536
2831 5537
2832 5538
2832 5539
2833 5540
2833 5541
2834 5542
2835 5543
2835 5544
2835 5545
2836 5546
2836 5547
2836 5548
2836 5549
2837 5550
2837 5551
2837 5552
2837 5553
2838 5554
2838 5555
2839 5556
2839 5557
2839 5558
2839 5559
2840 5560
2840 5561
2840 5562
2840 5563
2841 5564
2841 5565
2841 5566
2841 5567
2842 5568
2842 5569
2842 5570
2842 5571
2842 5572
2842 5573
2842 5574
2842 5575
2843 5576
2843 5577
2843 5578
2843 5579
2844 5580
2844 5581
2845 5582
2845 5583
2845 5584
2845 5585
2846 5586
2846 5587
2846 5588
2846 5589
2846 5590
2846 5591
2846 5592
2846 5593
2847 5594
2847 5595
2847 5596
2847 5597
2848 5598
2848 5599
2848 5600
2848 5601
2849 5602
2849 5603
2850 5604
2850 5605
2851 5606
2851 5607
2852 5608
2853 5609
2853 5610
2853 5611
2854 5612
2854 5613
2855 5614
2855 5615
2855 5616
2855 5617
2856 5618
2857 5619
2858 5620
2858 5621
2859 5622
2859 5623
2860 5624
2860 5625
2860 5626
2860 5627
2861 5628
2861 5629
2861 5630
2861 5631
2862 5632
2863 5633
2863 5634
2863 5635
2864 5636
2864 5637
2865 5638
2865 5639
2865 5640
2865 5641
2866 5642
2867 5643
2867 5644
2867 5645
2868 5646
2869 5647
2869 5648
2869 5649
2870 5650
2870 5651
2871 5652
2871 5653
2871 5654
2871 5655
2872 5656
2873 5657
2873 5658
2873 5659
2874 5660
2875 5661
2876 5662
2877 5663
2877 5664
2878 5664
2879 5665
2879 5666
2880 5666
2881 5667
2881 5668
2882 5669
2883 5670
2883 5671
2884 5672
2885 5673
2885 5674
2885 5675
2886 5676
2887 5677
2887 5678
2887 5679
2888 5680
2888 5681
2889 5682
2889 5683
2889 5684
2889 5685
2890 5686
2890 5687
2890 5688
2890 5689
2890 5690
2890 5691
2890 5692
2890 5693
2891 5694
2891 5695
2891 5696
2891 5697
2892 5698
2892 5699
2893 5700
2893 5701
2894 5702
2894 5703
2895 5704
2895 5705
2896 5706
2896 5707
2897 5708
2897 5709
2897 5710
2897 5711
2898 5712
2899 5713
2899 5714
2899 5715
2900 5716
2900 5717
2900 5718
2900 5719
2900 5720
2900 5721
2901 5722
2901 5723
2901 5724
2901 5725
2902 5726
2902 5727
2902 5728
2902 5729
2902 5730
2902 5731
2902 5732
2902 5733
2902 5734
2902 5735
2902 5736
2902 5737
2902 5738
2902 5739
2902 5740
2902 5741
2902 5742
2902 5743
2902 5744
2902 5745
2902 5746
2902 5747
2902 5748
2902 5749
2902 5750
2902 5751
2902 5752
2902 5753
2903 5754
2903 5755
2903 5756
2903 5757
2904 5758
2904 5759
2904 5760
2904 5761
2905 5762
2905 5763
2906 5764
2906 5765
2907 5766
2907 5767
2908 5768
2909 5769
2909 5770
2909 5771
2910 5772
2911 5773
2912 5774
2913 5775
2913 5776
2914 5777
2915 5778
2915 5779
2916 5780
2916 5781
2917 5782
2917 5783
2917 5784
2917 5785
2918 5786
2918 5787
2919 5788
2919 5789
2919 5790
2919 5791
2920 5792
2921 5793
2922 5794
2922 5795
2923 5796
2923 5797
2924 5798
2925 5799
2925 5800
2925 5801
2926 5802
2926 5803
2927 5804
2927 5805
2927 5806
2927 5807
2928 5808
2929 5809
2929 5810
2929 5811
2930 5812
2930 5813
2930 5814
2930 5815
2931 5816
2931 5817
2931 5818
2931 5819
2932 5820
2932 5821
2933 5822
2933 5823
2933 5824
2933 5825
2934 5826
2934 5827
2935 5828
2935 5829
2936 5830
2936 5831
2937 5832
2937 5833
2938 5834
2939 5835
2940 5836
2941 5837
2941 5838
2942 5839
2943 5840
2943 5841
2944 5842
2945 5843
2945 5844
2945 5845
2946 5846
2947 5847
2947 5848
2947 5849
2948 5850
2949 5851
2950 5852
2951 5853
2951 5854
2952 5855
2953 5856
2953 5857
2954 5858
2955 5859
2956 5860
2956 5861
2957 5862
2957 5863
2958 5864
2959 5865
2959 5866
2959 5867
2960 5868
2960 5869
2961 5870
2961 5871
2961 5872
2961 5873
2962 5874
2963 5875
2963 5876
2963 5877
2964 5878
2965 5879
2965 5880
2965 5881
2966 5882
2966 5883
2966 5884
2966 5885
2967 5886
2967 5887
2967 5888
2967 5889
2968 5890
2968 5891
2969 5892
2969 5893
2969 5894
2969 5895
2970 5896
2971 5897
2971 5898
2971 5899
2972 5900
2972 5901
2973 5902
2973 5903
2973 5904
2973 5905
2974 5906
2975 5907
2975 5908
2975 5909
2976 5910
2977 5911
2977 5912
2977 5913
2978 5914
2978 5915
2979 5916
2979 5917
2979 5918
2979 5919
2980 5920
2981 5921
2981 5922
2981 5923
2982 5924
2983 5925
2983 5926
2983 5927
2984 5928
2985 5929
2985 5930
2985 5931
2986 5932
2986 5933
2987 5934
2987 5935
2987 5936
2987 5937
2988 5938
2989 5939
2989 5940
2989 5941
2990 5942
2991 5943
2992 5944
2993 5945
2993 5946
2994 5947
2995 5948
2995 5949
2996 5950
2997 5951
2998 5952
2999 5953
3000 5954
3001 5955
3002 5956
3003 5956
3004 5956
3005 5956
3006 5957
3007 5957
3008 5957
3009 5957
3010 5958
3011 5958
3012 5958
3013 5958
3014 5959
3015 5959
3016 5959
3017 5959
3018 5959
3019 5959
3020 5959
3021 5959
3022 5958
3023 5958
3024 5958
3025 5958
3026 5957
3027 5957
3028 5957
3029 5957
3030 5957
3031 5957
3032 5956
3033 5956
3034 5956
3035 5956
3036 5955
3037 5955
3038 5954
3039 5954
3040 5954
3041 5954
3042 5953
3043 5953
3044 5952
3045 5952
3046 5952
3047 5952
3048 5951
3049 5950
3050 5950
3051 5950
3052 5949
3053 5948
3054 5948
3055 5948
3056 5947
3057 5946
3058 5946
3059 5946
3060 5945
3061 5944
3062 5943
3063 5942
3064 5942
3065 5941
3066 5940
3067 5940
3068 5939
3069 5939
3070 5938
3071 5938
3072 5938
3073 5938
3074 5937
3075 5936
3076 5936
3077 5936
3078 5935
3079 5934
3080 5934
3081 5934
3082 5933
3083 5933
3084 5933
3085 5933
3086 5933
3087 5933
3088 5933
3089 5933
3090 5933
3091 5933
3092 5933
3093 5933
3094 5932
3095 5932
3096 5932
3097 5932
3098 5931
3099 5931
3100 5931
3101 5931
3102 5930
3103 5930
3104 5930
3105 5930
3106 5929
3107 5929
3108 5928
3109 5928
3110 5928
3111 5928
3112 5927
3113 5927
3114 5927
3115 5927
3116 5926
3117 5926
3118 5926
3119 5926
3120 5925
3121 5925
3122 5924
3123 5924
3124 5924
3125 5924
3126 5923
3127 5923
3128 5922
3129 5922
3130 5922
3131 5922
3132 5921
3133 5920
3134 5920
3135 5920
3136 5919
3137 5919
3138 5919
3139 5919
3140 5919
3141 5919
3142 5919
3143 5919
3144 5919
3145 5919
3146 5919
3147 5919
3148 5919
3149 5919
3150 5919
3151 5919
3152 5918
3153 5918
3154 5918
3155 5918
3156 5917
3157 5916
3158 5916
3159 5916
3160 5915
3161 5915
3162 5914
3163 5914
3164 5914
3165 5914
3166 5913
3167 5913
3168 5912
3169 5912
3170 5912
3171 5912
3172 5911
3173 5911
3174 5910
3175 5910
3176 5909
3177 5909
3178 5908
3179 5908
3180 5907
3181 5907
3182 5906
3183 5906
3184 5906
3185 5906
3186 5905
3187 5905
3188 5905
3189 5905
3190 5905
3191 5905
3192 5904
3193 5904
3194 5904
3195 5904
3196 5903
3197 5903
3198 5902
3199 5902
3200 5902
3201 5902
3202 5901
3203 5901
3204 5901
3205 5901
3206 5901
3207 5901
3208 5900
3209 5900
3210 5900
3211 5900
3212 5899
3213 5898
3214 5898
3215 5898
3216 5897
3217 5897
3218 5896
3219 5896
3220 5896
3221 5896
3222 5895
3223 5895
3224 5895
3225 5895
3226 5894
3227 5894
3228 5894
3229 5894
3230 5893
3231 5893
3232 5893
3233 5893
3234 5892
3235 5892
3236 5892
3237 5892
3238 5891
3239 5891
3240 5890
3241 5890
3242 5890
3243 5890
3244 5889
3245 5888
3246 5888
3247 5888
3248 5887
3249 5887
3250 5887
3251 5887
3252 5886
3253 5886
3254 5886
3255 5886
3256 5885
3257 5884
3258 5884
3259 5884
3260 5883
3261 5883
3262 5883
3263 5883
3264 5882
3265 5882
3266 5882
3267 5882
3268 5881
3269 5881
3270 5880
3271 5880
3272 5880
3273 5880
3274 5879
3275 5879
3276 5879
3277 5879
3278 5879
3279 5879
3280 5878
3281 5878
3282 5878
3283 5878
3284 5877
3285 5877
3286 5877
3287 5877
3288 5876
3289 5876
3290 5876
3291 5876
3292 5875
3293 5875
3294 5874
3295 5874
3296 5874
3297 5874
3298 5873
3299 5873
3300 5872
3301 5872
3302 5872
3303 5872
3304 5871
3305 5870
3306 5870
3307 5870
3308 5869
3309 5868
3310 5868
3311 5868
3312 5867
3313 5867
3314 5867
3315 5867
3316 5866
3317 5866
3318 5866
3319 5866
3320 5865
3321 5865
3322 5865
3323 5865
3324 5864
3325 5864
3326 5864
3327 5864
3328 5863
3329 5863
3330 5863
3331 5863
3332 5862
3333 5862
3334 5861
3335 5860
3336 5860
3337 5859
3338 5858
3339 5858
3340 5857
3341 5856
3342 5856
3343 5856
3344 5855
3345 5855
3346 5855
3347 5855
3348 5854
3349 5854
3350 5854
3351 5854
3352 5853
3353 5853
3354 5853
3355 5853
3356 5853
3357 5853
3358 5852
3359 5852
3360 5851
3361 5850
3362 5850
3363 5849
3364 5848
3365 5848
3366 5847
3367 5847
3368 5847
3369 5847
3370 5847
3371 5847
3372 5846
3373 5846
3374 5846
3375 5846
3376 5845
3377 5845
3378 5845
3379 5845
3380 5845
3381 5845
3382 5845
3383 5845
3384 5845
3385 5845
3386 5845
3387 5845
3388 5845
3389 5845
3390 5845
3391 5845
3392 5844
3393 5844
3394 5844
3395 5844
3396 5843
3397 5842
3398 5842
3399 5842
3400 5841
3401 5841
3402 5841
3403 5841
3404 5841
3405 5841
3406 5841
3407 5841
3408 5840
3409 5840
3410 5840
3411 5840
3412 5839
3413 5838
3414 5838
3415 5838
3416 5837
3417 5837
3418 5836
3419 5836
3420 5836
3421 5836
3422 5835
3423 5835
3424 5835
3425 5835
3426 5834
3427 5834
3428 5834
3429 5834
3430 5833
3431 5833
3432 5833
3433 5833
3434 5832
3435 5832
3436 5831
3437 5831
3438 5830
3439 5830
3440 5829
3441 5829
3442 5829
3443 5829
3444 5829
3445 5829
3446 5828
3447 5828
3448 5827
3449 5826
3450 5826
3451 5825
3452 5824
3453 5824
3454 5823
3455 5822
3456 5822
3457 5822
3458 5821
3459 5821
3460 5821
3461 5821
3462 5821
3463 5821
3464 5820
3465 5820
3466 5819
3467 5819
3468 5818
3469 5818
3470 5817
3471 5816
3472 5816
3473 5816
3474 5815
3475 5815
3476 5815
3477 5815
3478 5815
3479 5815
3480 5815
3481 5815
3482 5814
3483 5814
3484 5814
3485 5814
3486 5813
3487 5813
3488 5813
3489 5813
3490 5813
3491 5813
3492 5813
3493 5813
3494 5813
3495 5813
3496 5813
3497 5813
3498 5813
3499 5813
3500 5813
3501 5813
3502 5813
3503 5813
3504 5813
3505 5813
3506 5812
3507 5812
3508 5812
3509 5812
3510 5811
3511 5811
3512 5811
3513 5811
3514 5811
3515 5811
3516 5810
3517 5810
3518 5810
3519 5810
3520 5809
3521 5809
3522 5809
3523 5809
3524 5808
3525 5808
3526 5808
3527 5808
3528 5807
3529 5807
3530 5806
3531 5806
3532 5806
3533 5806
3534 5805
3535 5805
3536 5805
3537 5805
3538 5805
3539 5805
3540 5804
3541 5804
3542 5803
3543 5802
3544 5802
3545 5801
3546 5800
3547 5800
3548 5799
3549 5799
3550 5799
3551 5799
3552 5799
3553 5799
3554 5799
3555 5799
3556 5799
3557 5799
3558 5799
3559 5799
3560 5799
3561 5799
3562 5798
3563 5798
3564 5798
3565 5798
3566 5797
3567 5797
3568 5797
3569 5797
3570 5797
3571 5797
3572 5797
3573 5797
3574 5796
3575 5796
3576 5796
3577 5796
3578 5795
3579 5795
3580 5795
3581 5795
3582 5795
3583 5795
3584 5794
3585 5794
3586 5794
3587 5794
3588 5793
3589 5793
3590 5793
3591 5793
3592 5792
3593 5792
3594 5792
3595 5792
3596 5791
3597 5790
3598 5790
3599 5790
3600 5789
3601 5789
3602 5789
3603 5789
3604 5788
3605 5788
3606 5788
3607 5788
3608 5787
3609 5787
3610 5787
3611 5787
3612 5786
3613 5786
3614 5785
3615 5785
3616 5784
3617 5784
3618 5783
3619 5783
3620 5782
3621 5782
3622 5782
3623 5782
3624 5781
3625 5781
3626 5781
3627 5781
3628 5781
3629 5781
3630 5781
3631 5781
3632 5781
3633 5781
3634 5781
3635 5781
3636 5780
3637 5780
3638 5780
3639 5780
3640 5779
3641 5779
3642 5779
3643 5779
3644 5778
3645 5778
3646 5778
3647 5778
3648 5777
3649 5777
3650 5776
3651 5776
3652 5776
3653 5776
3654 5775
3655 5775
3656 5775
3657 5775
3658 5775
3659 5775
3660 5775
3661 5775
3662 5775
3663 5775
3664 5775
3665 5775
3666 5774
3667 5774
3668 5774
3669 5774
3670 5773
3671 5773
3672 5773
3673 5773
3674 5772
3675 5772
3676 5772
3677 5772
3678 5771
3679 5771
3680 5771
3681 5771
3682 5771
3683 5771
3684 5771
3685 5771
3686 5771
3687 5771
3688 5771
3689 5771
3690 5770
3691 5770
3692 5770
3693 5770
3694 5769
3695 5769
3696 5769
3697 5769
3698 5769
3699 5769
3700 5769
3701 5769
3702 5768
3703 5768
3704 5768
3705 5768
3706 5767
3707 5767
3708 5767
3709 5767
3710 5767
3711 5767
3712 5766
3713 5766
3714 5766
3715 5766
3716 5765
3717 5765
3718 5765
3719 5765
3720 5765
3721 5765
3722 5765
3723 5765
3724 5764
3725 5764
3726 5763
3727 5763
3728 5762
3729 5762
3730 5761
3731 5761
3732 5761
3733 5761
3734 5761
3735 5761
3736 5761
3737 5761
3738 5760
3739 5760
3740 5760
3741 5760
3742 5759
3743 5759
3744 5759
3745 5759
3746 5759
3747 5759
3748 5758
3749 5758
3750 5758
3751 5758
3752 5757
3753 5757
3754 5757
3755 5757
3756 5756
3757 5756
3758 5756
3759 5756
3760 5755
3761 5755
3762 5755
3763 5755
3764 5755
3765 5755
3766 5754
3767 5754
3768 5754
3769 5754
3770 5753
3771 5753
3772 5753
3773 5753
3774 5753
3775 5753
3776 5753
3777 5753
3778 5753
3779 5753
3780 5753
3781 5753
3782 5754
3783 5755
3784 5755
3785 5756
3786 5756
3787 5756
3788 5755
3789 5755
3790 5754
3791 5754
3792 5753
3793 5753
3794 5753
3795 5753
3796 5753
3797 5753
3798 5753
3799 5753
3800 5753
3801 5753
3802 5752
3803 5752
3804 5752
3805 5752
3806 5751
3807 5751
3808 5751
3809 5751
3810 5751
3811 5751
3812 5751
3813 5751
3814 5751
3815 5751
3816 5751
3817 5751
3818 5750
3819 5750
3820 5750
3821 5750
3822 5749
3823 5748
3824 5748
3825 5748
3826 5747
3827 5747
3828 5747
3829 5747
3830 5747
3831 5747
3832 5746
3833 5746
3834 5746
3835 5746
3836 5745
3837 5745
3838 5745
3839 5745
3840 5745
3841 5745
3842 5745
3843 5745
3844 5745
3845 5745
3846 5745
3847 5745
3848 5745
3849 5745
3850 5745
3851 5745
3852 5745
3853 5745
3854 5745
3855 5745
3856 5745
3857 5745
3858 5745
3859 5745
3860 5745
3861 5745
3862 5745
3863 5745
3864 5745
3865 5745
3866 5745
3867 5745
3868 5745
3869 5745
3870 5745
3871 5745
3872 5745
3873 5745
3874 5744
3875 5744
3876 5744
3877 5744
3878 5743
3879 5743
3880 5743
3881 5743
3882 5743
3883 5743
3884 5743
3885 5743
3886 5743
3887 5743
3888 5743
3889 5743
3890 5742
3891 5742
3892 5742
3893 5742
3894 5741
3895 5741
3896 5741
3897 5741
3898 5741
3899 5741
3900 5741
3901 5741
3902 5741
3903 5741
3904 5742
3905 5742
3906 5742
3907 5742
3908 5743
3909 5743
3910 5743
3911 5743
3912 5743
3913 5743
3914 5743
3915 5743
3916 5742
3917 5742
3918 5742
3919 5742
3920 5741
3921 5741
3922 5741
3923 5741
3924 5741
3925 5741
3926 5741
3927 5741
3928 5741
3929 5741
3930 5741
3931 5741
3932 5741
3933 5741
3934 5741
3935 5741
3936 5741
3937 5741
3938 5741
3939 5741
3940 5741
3941 5741
3942 5741
3943 5741
3944 5741
3945 5741
3946 5741
3947 5741
3948 5741
3949 5741
3950 5740
3951 5740
3952 5740
3953 5740
3954 5739
3955 5739
3956 5739
3957 5739
3958 5738
3959 5738
3960 5738
3961 5738
3962 5737
3963 5737
3964 5737
3965 5737
3966 5737
3967 5737
3968 5737
3969 5737
3970 5737
3971 5737
3972 5737
3973 5737
3974 5737
3975 5737
3976 5736
3977 5736
3978 5736
3979 5736
3980 5735
3981 5735
3982 5735
3983 5735
3984 5735
3985 5735
3986 5735
3987 5735
3988 5735
3989 5735
3990 5735
3991 5735
3992 5735
3993 5735
3994 5735
3995 5735
3996 5735
3997 5735
3998 5735
3999 5735
4000 5735
4001 5735
4002 5735
4003 5735
4004 5735
4005 5735
4006 5735
4007 5735
4008 5735
4009 5735
4010 5735
4011 5735
4012 5735
4013 5735
4014 5735
4015 5735
4016 5736
4017 5736
4018 5736
4019 5736
4020 5737
4021 5737
4022 5737
4023 5737
4024 5737
4025 5737
4026 5738
4027 5738
4028 5738
4029 5738
4030 5739
4031 5739
4032 5739
4033 5739
4034 5739
4035 5739
4036 5739
4037 5739
4038 5739
4039 5739
4040 5739
4041 5739
4042 5739
4043 5739
4044 5739
4045 5739
4046 5739
4047 5739
4048 5740
4049 5740
4050 5740
4051 5740
4052 5741
4053 5741
4054 5741
4055 5741
4056 5740
4057 5740
4058 5740
4059 5740
4060 5739
4061 5739
4062 5739
4063 5739
4064 5739
4065 5739
4066 5739
4067 5739
4068 5739
4069 5739
4070 5739
4071 5739
4072 5739
4073 5739
4074 5739
4075 5739
4076 5739
4077 5739
4078 5739
4079 5739
4080 5739
4081 5739
4082 5739
4083 5739
4084 5739
4085 5739
4086 5740
4087 5740
4088 5740
4089 5740
4090 5741
4091 5741
4092 5741
4093 5741
4094 5741
4095 5741
4096 5741
4097 5741
4098 5741
4099 5741
4100 5741
4101 5741
4102 5741
4103 5741
4104 5741
4105 5741
4106 5741
4107 5741
4108 5740
4109 5740
4110 5740
4111 5740
4112 5739
4113 5739
4114 5739
4115 5739
4116 5739
4117 5739
4118 5739
4119 5739
4120 5739
4121 5739
4122 5739
4123 5739
4124 5740
4125 5740
4126 5740
4127 5740
4128 5741
4129 5741
4130 5741
4131 5741
4132 5741
4133 5741
4134 5742
4135 5742
4136 5742
4137 5742
4138 5743
4139 5743
4140 5743
4141 5743
4142 5743
4143 5743
4144 5743
4145 5743
4146 5743
4147 5743
4148 5743
4149 5743
4150 5743
4151 5743
4152 5743
4153 5743
4154 5743
4155 5743
4156 5743
4157 5743
4158 5743
4159 5743
4160 5743
4161 5743
4162 5743
4163 5743
4164 5743
4165 5743
4166 5743
4167 5743
4168 5743
4169 5743
4170 5743
4171 5743
4172 5743
4173 5743
4174 5743
4175 5743
4176 5743
4177 5743
4178 5743
4179 5743
4180 5743
4181 5743
4182 5744
4183 5744
4184 5744
4185 5744
4186 5745
4187 5745
4188 5745
4189 5745
4190 5746
4191 5746
4192 5746
4193 5746
4194 5747
4195 5747
4196 5747
4197 5747
4198 5747
4199 5747
4200 5747
4201 5747
4202 5747
4203 5747
4204 5747
4205 5747
4206 5747
4207 5747
4208 5747
4209 5747
4210 5747
4211 5747
4212 5747
4213 5747
4214 5747
4215 5747
4216 5748
4217 5748
4218 5748
4219 5748
4220 5749
4221 5749
4222 5749
4223 5749
4224 5749
4225 5749
4226 5749
4227 5749
4228 5749
4229 5749
4230 5749
4231 5749
4232 5749
4233 5749
4234 5749
4235 5749
4236 5750
4237 5750
4238 5750
4239 5751
4240 5752
4241 5752
4242 5752
4243 5752
4244 5753
4245 5753
4246 5754
4247 5754
4248 5755
4249 5755
4250 5756
4251 5757
4252 5758
4253 5758
4254 5758
4255 5758
4256 5759
4257 5759
4258 5758
4259 5758
4260 5758
4261 5758
4262 5757
4263 5757
4264 5757
4265 5757
4266 5757
4267 5757
4268 5758
4269 5758
4270 5758
4271 5758
4272 5759
4273 5759
4274 5759
4275 5759
4276 5760
4277 5760
4278 5760
4279 5760
4280 5761
4281 5761
4282 5761
4283 5761
4284 5761
4285 5761
4286 5761
4287 5761
4288 5761
4289 5761
4290 5762
4291 5762
4292 5762
4293 5762
4294 5763
4295 5763
4296 5763
4297 5763
4298 5764
4299 5764
4300 5764
4301 5765
4302 5766
4303 5766
4304 5766
4305 5766
4306 5767
4307 5767
4308 5768
4309 5768
4310 5768
4311 5768
4312 5769
4313 5769
4314 5769
4315 5769
4316 5769
4317 5769
4318 5769
4319 5769
4320 5769
4321 5769
4322 5769
4323 5769
4324 5770
4325 5770
4326 5770
4327 5770
4328 5771
4329 5771
4330 5771
4331 5771
4332 5771
4333 5771
4334 5771
4335 5771
4336 5771
4337 5771
4338 5771
4339 5771
4340 5771
4341 5771
4342 5771
4343 5771
4344 5771
4345 5771
4346 5771
4347 5771
4348 5771
4349 5771
4350 5771
4351 5771
4352 5771
4353 5771
4354 5771
4355 5771
4356 5771
4357 5771
4358 5771
4359 5771
4360 5772
4361 5772
4362 5772
4363 5772
4364 5773
4365 5773
4366 5773
4367 5773
4368 5773
4369 5773
4370 5773
4371 5773
4372 5773
4373 5773
4374 5773
4375 5773
4376 5772
4377 5772
4378 5772
4379 5772
4380 5771
4381 5771
4382 5771
4383 5771
4384 5771
4385 5771
4386 5771
4387 5771
4388 5771
4389 5771
4390 5770
4391 5770
4392 5770
4393 5770
4394 5769
4395 5769
4396 5768
4397 5768
4398 5768
4399 5768
4400 5767
4401 5767
4402 5767
4403 5767
4404 5767
4405 5767
4406 5767
4407 5767
4408 5767
4409 5767
4410 5767
4411 5767
4412 5767
4413 5767
4414 5767
4415 5767
4416 5767
4417 5767
4418 5767
4419 5767
4420 5767
4421 5767
4422 5767
4423 5767
4424 5767
4425 5767
4426 5767
4427 5767
4428 5767
4429 5767
4430 5767
4431 5767
4432 5767
4433 5767
4434 5767
4435 5767
4436 5767
4437 5767
4438 5767
4439 5767
4440 5767
4441 5767
4442 5767
4443 5767
4444 5767
4445 5767
4446 5767
4447 5767
4448 5767
4449 5767
4450 5767
4451 5767
4452 5767
4453 5767
4454 5767
4455 5767
4456 5767
4457 5767
4458 5767
4459 5767
4460 5768
4461 5768
4462 5768
4463 5768
4464 5769
4465 5769
4466 5769
4467 5769
4468 5769
4469 5769
4470 5770
4471 5770
4472 5770
4473 5771
4474 5772
4475 5772
4476 5772
4477 5772
4478 5773
4479 5773
4480 5773
4481 5773
4482 5774
4483 5774
4484 5774
4485 5774
4486 5775
4487 5775
4488 5775
4489 5775
4490 5775
4491 5775
4492 5775
4493 5775
4494 5775
4495 5775
4496 5775
4497 5775
4498 5775
4499 5775
4500 5775
4501 5775
4502 5775
4503 5775
4504 5775
4505 5775
4506 5776
4507 5776
4508 5776
4509 5776
4510 5777
4511 5777
4512 5778
4513 5778
4514 5778
4515 5778
4516 5779
4517 5779
4518 5779
4519 5779
4520 5779
4521 5779
4522 5779
4523 5779
4524 5779
4525 5779
4526 5779
4527 5779
4528 5779
4529 5779
4530 5780
4531 5780
4532 5780
4533 5780
4534 5781
4535 5781
4536 5781
4537 5781
4538 5781
4539 5781
4540 5781
4541 5781
4542 5781
4543 5781
4544 5781
4545 5781
4546 5781
4547 5781
4548 5780
4549 5780
4550 5780
4551 5780
4552 5779
4553 5779
4554 5778
4555 5778
4556 5778
4557 5778
4558 5777
4559 5776
4560 5776
4561 5776
4562 5775
4563 5775
4564 5775
4565 5775
4566 5775
4567 5775
4568 5775
4569 5775
4570 5775
4571 5775
4572 5775
4573 5775
4574 5774
4575 5774
4576 5774
4577 5774
4578 5773
4579 5772
4580 5772
4581 5772
4582 5772
4583 5772
4584 5772
4585 5772
4586 5773
4587 5773
4588 5773
4589 5773
4590 5774
4591 5774
4592 5774
4593 5775
4594 5776
4595 5776
4596 5776
4597 5776
4598 5777
4599 5777
4600 5777
4601 5777
4602 5777
4603 5777
4604 5777
4605 5777
4606 5778
4607 5778
4608 5778
4609 5778
4610 5779
4611 5779
4612 5779
4613 5779
4614 5779
4615 5779
4616 5780
4617 5780
4618 5780
4619 5780
4620 5781
4621 5781
4622 5782
4623 5782
4624 5782
4625 5783
4626 5784
4627 5784
4628 5784
4629 5784
4630 5785
4631 5785
4632 5785
4633 5785
4634 5785
4635 5785
4636 5786
4637 5786
4638 5786
4639 5786
4640 5787
4641 5787
4642 5787
4643 5787
4644 5786
4645 5786
4646 5786
4647 5786
4648 5785
4649 5785
4650 5785
4651 5785
4652 5785
4653 5785
4654 5785
4655 5785
4656 5785
4657 5785
4658 5784
4659 5784
4660 5784
4661 5784
4662 5783
4663 5783
4664 5783
4665 5783
4666 5783
4667 5783
4668 5783
4669 5783
4670 5783
4671 5783
4672 5783
4673 5783
4674 5783
4675 5783
4676 5782
4677 5782
4678 5782
4679 5782
4680 5781
4681 5781
4682 5781
4683 5781
4684 5781
4685 5781
4686 5781
4687 5781
4688 5781
4689 5781
4690 5781
4691 5781
4692 5780
4693 5780
4694 5780
4695 5780
4696 5779
4697 5778
4698 5778
4699 5778
4700 5777
4701 5776
4702 5776
4703 5776
4704 5775
4705 5775
4706 5774
4707 5774
4708 5774
4709 5774
4710 5773
4711 5773
4712 5773
4713 5773
4714 5772
4715 5772
4716 5772
4717 5772
4718 5771
4719 5771
4720 5771
4721 5771
4722 5770
4723 5770
4724 5770
4725 5770
4726 5769
4727 5769
4728 5768
4729 5768
4730 5768
4731 5768
4732 5767
4733 5767
4734 5766
4735 5766
4736 5766
4737 5766
4738 5765
4739 5765
4740 5765
4741 5765
4742 5765
4743 5765
4744 5764
4745 5764
4746 5764
4747 5764
4748 5763
4749 5762
4750 5762
4751 5762
4752 5761
4753 5760
4754 5760
4755 5760
4756 5759
4757 5758
4758 5757
4759 5757
4760 5756
4761 5756
4762 5755
4763 5754
4764 5754
4765 5754
4766 5753
4767 5753
4768 5752
4769 5752
4770 5752
4771 5752
4772 5751
4773 5751
4774 5751
4775 5751
4776 5750
4777 5750
4778 5750
4779 5750
4780 5749
4781 5749
4782 5749
4783 5749
4784 5749
4785 5749
4786 5748
4787 5748
4788 5748
4789 5748
4790 5747
4791 5747
4792 5746
4793 5746
4794 5746
4795 5746
4796 5745
4797 5745
4798 5745
4799 5745
4800 5744
4801 5744
4802 5744
4803 5744
4804 5743
4805 5743
4806 5743
4807 5743
4808 5743
4809 5743
4810 5743
4811 5743
4812 5743
4813 5743
4814 5743
4815 5743
4816 5743
4817 5743
4818 5742
4819 5742
4820 5742
4821 5742
4822 5741
4823 5741
4824 5740
4825 5740
4826 5740
4827 5740
4828 5739
4829 5739
4830 5738
4831 5738
4832 5738
4833 5738
4834 5737
4835 5737
4836 5737
4837 5737
4838 5737
4839 5737
4840 5737
4841 5737
4842 5737
4843 5737
4844 5737
4845 5737
4846 5737
4847 5737
4848 5736
4849 5736
4850 5736
4851 5736
4852 5735
4853 5735
4854 5734
4855 5734
4856 5734
4857 5734
4858 5733
4859 5732
4860 5732
4861 5732
4862 5731
4863 5730
4864 5730
4865 5730
4866 5729
4867 5728
4868 5728
4869 5728
4870 5727
4871 5727
4872 5726
4873 5726
4874 5726
4875 5726
4876 5725
4877 5724
4878 5724
4879 5724
4880 5723
4881 5723
4882 5722
4883 5722
4884 5722
4885 5722
4886 5721
4887 5721
4888 5720
4889 5720
4890 5720
4891 5720
4892 5719
4893 5719
4894 5719
4895 5719
4896 5719
4897 5719
4898 5718
4899 5718
4900 5718
4901 5718
4902 5717
4903 5717
4904 5716
4905 5716
4906 5716
4907 5716
4908 5715
4909 5715
4910 5714
4911 5714
4912 5714
4913 5714
4914 5713
4915 5712
4916 5712
4917 5712
4918 5711
4919 5711
4920 5711
4921 5711
4922 5711
4923 5711
4924 5710
4925 5710
4926 5710
4927 5710
4928 5709
4929 5709
4930 5708
4931 5708
4932 5708
4933 5708
4934 5707
4935 5707
4936 5707
4937 5707
4938 5707
4939 5707
4940 5706
4941 5706
4942 5706
4943 5706
4944 5705
4945 5705
4946 5705
4947 5705
4948 5705
4949 5705
4950 5705
4951 5705
4952 5705
4953 5705
4954 5705
4955 5705
4956 5704
4957 5704
4958 5704
4959 5704
4960 5703
4961 5703
4962 5702
4963 5702
4964 5702
4965 5702
4966 5701
4967 5700
4968 5700
4969 5700
4970 5699
4971 5699
4972 5699
4973 5699
4974 5698
4975 5698
4976 5697
4977 5696
4978 5696
4979 5695
4980 5694
4981 5694
4982 5693
4983 5692
4984 5691
4985 5691
4986 5690
4987 5690
4988 5689
4989 5688
4990 5687
4991 5686
4992 5686
4993 5685
4994 5684
4995 5684
4996 5683
4997 5682
4998 5682
4999 5682
5000 5681
5001 5680
5002 5680
5003 5680
5004 5679
5005 5678
5006 5678
5007 5678
5008 5677
5009 5676
5010 5676
5011 5676
5012 5675
5013 5674
5014 5674
5015 5674
5016 5673
5017 5672
5018 5672
5019 5672
5020 5671
5021 5671
5022 5670
5023 5670
5024 5670
5025 5670
5026 5669
5027 5668
5028 5667
5029 5666
5030 5666
5030 5665
5031 5664
5032 5664
5032 5663
5033 5662
5034 5661
5035 5660
5036 5659
5036 5658
5036 5657
5037 5656
5038 5655
5038 5654
5038 5653
5039 5652
5040 5651
5040 5650
5040 5649
5040 5648
5041 5647
5041 5646
5042 5645
5042 5644
5043 5643
5043 5642
5044 5641
5044 5640
5045 5639
5045 5638
5045 5637
5045 5636
5046 5635
5046 5634
5046 5633
5046 5632
5047 5631
5047 5630
5047 5629
5047 5628
5048 5627
5048 5626
5048 5625
5048 5624
5049 5623
5049 5622
5049 5621
5049 5620
5049 5619
5049 5618
5050 5617
5050 5616
5050 5615
5050 5614
5051 5613
5051 5612
5051 5611
5051 5610
5051 5609
5051 5608
5052 5607
5052 5606
5052 5605
5053 5604
5054 5603
5054 5602
5054 5601
5054 5600
5055 5599
5055 5598
5056 5597
5056 5596
5056 5595
5057 5594
5058 5593
5058 5592
5059 5591
5060 5590
5060 5589
5061 5588
5062 5588
5062 5587
5063 5586
5064 5585
5064 5584
5065 5583
5065 5582
5065 5581
5065 5580
5066 5579
5066 5578
5067 5577
5067 5576
5068 5575
5068 5574
5069 5573
5069 5572
5069 5571
5069 5570
5069 5569
5069 5568
5069 5567
5069 5566
5069 5565
5069 5564
5069 5563
5069 5562
5069 5561
5069 5560
5070 5559
5070 5558
5070 5557
5070 5556
5071 5555
5071 5554
5072 5553
5072 5552
5072 5551
5073 5550
5074 5549
5074 5548
5074 5547
5075 5546
5076 5545
5076 5544
5076 5543
5077 5542
5078 5541
5078 5540
5078 5539
5079 5538
5080 5537
5080 5536
5081 5535
5082 5534
5082 5533
5083 5532
5084 5531
5085 5530
5086 5529
5086 5528
5087 5527
5087 5526
5088 5525
5089 5524
5090 5523
5090 5522
5090 5521
5090 5520
5091 5519
5091 5518
5092 5517
5092 5516
5092 5515
5093 5514
5094 5513
5094 5512
5095 5511
5096 5510
5096 5509
5097 5508
5098 5508
5098 5507
5099 5506
5100 5506
5100 5505
5101 5504
5102 5504
5102 5503
5103 5502
5104 5502
5104 5501
5105 5500
5106 5500
5107 5499
5108 5498
5109 5498
5110 5497
5111 5496
5112 5496
5113 5496
5114 5495
5115 5494
5116 5493
5117 5492
5118 5492
5118 5491
5119 5490
5120 5490
5120 5489
5121 5488
5122 5488
5122 5487
5123 5486
5124 5485
5125 5484
5126 5483
5126 5482
5126 5481
5127 5480
5128 5479
5128 5478
5128 5477
5129 5476
5130 5475
5130 5474
5130 5473
5131 5472
5132 5471
5132 5470
5132 5469
5133 5468
5134 5467
5134 5466
5134 5465
5134 5464
5135 5463
5135 5462
5136 5461
5136 5460
5136 5459
5136 5458
5137 5457
5137 5456
5137 5455
5137 5454
5137 5453
5137 5452
5137 5451
5137 5450
5138 5449
5138 5448
5138 5447
5138 5446
5139 5445
5139 5444
5139 5443
5139 5442
5139 5441
5139 5440
5139 5439
5139 5438
5139 5437
5139 5436
5139 5435
5139 5434
5138 5433
5138 5432
5138 5431
5138 5430
5137 5429
5137 5428
5137 5427
5137 5426
5137 5425
5137 5424
5137 5423
5137 5422
5137 5421
5137 5420
5137 5419
5137 5418
5136 5417
5136 5416
5136 5415
5136 5414
5135 5413
5134 5412
5134 5411
5134 5410
5133 5409
5133 5408
5133 5407
5133 5406
5132 5405
5132 5404
5132 5403
5132 5402
5131 5401
5131 5400
5131 5399
5131 5398
5131 5397
5131 5396
5130 5395
5130 5394
5130 5393
5130 5392
5129 5391
5129 5390
5129 5389
5129 5388
5128 5387
5128 5386
5128 5385
5128 5384
5127 5383
5127 5382
5127 5381
5127 5380
5126 5379
5126 5378
5126 5377
5126 5376
5125 5375
5125 5374
5125 5373
5125 5372
5125 5371
5125 5370
5125 5369
5125 5368
5124 5367
5124 5366
5124 5365
5124 5364
5123 5363
5123 5362
5123 5361
5123 5360
5123 5359
5123 5358
5122 5357
5122 5356
5122 5355
5122 5354
5121 5353
5121 5352
5121 5351
5121 5350
5121 5349
5121 5348
5121 5347
5121 5346
5121 5345
5121 5344
5121 5343
5121 5342
5121 5341
5121 5340
5121 5339
5121 5338
5121 5337
5121 5336
5121 5335
5121 5334
5121 5333
5121 5332
5121 5331
5121 5330
5122 5329
5122 5328
5122 5327
5122 5326
5123 5325
5123 5324
5123 5323
5123 5322
5123 5321
5123 5320
5124 5319
5124 5318
5124 5317
5125 5316
5126 5315
5126 5314
5126 5313
5126 5312
5127 5311
5127 5310
5127 5309
5127 5308
5127 5307
5127 5306
5128 5305
5128 5304
5128 5303
5128 5302
5129 5301
5129 5300
5129 5299
5129 5298
5129 5297
5129 5296
5129 5295
5129 5294
5129 5293
5129 5292
5129 5291
5129 5290
5129 5289
5129 5288
5129 5287
5129 5286
5129 5285
5129 5284
5129 5283
5129 5282
5129 5281
5129 5280
5128 5279
5128 5278
5128 5277
5128 5276
5127 5275
5127 5274
5126 5273
5126 5272
5126 5271
5126 5270
5125 5269
5124 5268
5124 5267
5124 5266
5123 5265
5122 5264
5122 5263
5122 5262
5121 5261
5121 5260
5121 5259
5121 5258
5120 5257
5120 5256
5120 5255
5120 5254
5119 5253
5119 5252
5118 5251
5118 5250
5118 5249
5118 5248
5117 5247
5117 5246
5117 5245
5117 5244
5117 5243
5117 5242
5117 5241
5117 5240
5117 5239
5117 5238
5116 5237
5116 5236
5116 5235
5116 5234
5115 5233
5115 5232
5115 5231
5115 5230
5115 5229
5115 5228
5115 5227
5115 5226
5115 5225
5115 5224
5115 5223
5115 5222
5115 5221
5115 5220
5115 5219
5115 5218
5115 5217
5115 5216
5115 5215
5115 5214
5115 5213
5115 5212
5115 5211
5115 5210
5115 5209
5115 5208
5115 5207
5115 5206
5115 5205
5115 5204
5116 5203
5116 5202
5116 5201
5116 5200
5117 5199
5117 5198
5117 5197
5117 5196
5117 5195
5117 5194
5118 5193
5118 5192
5118 5191
5118 5190
5119 5189
5119 5188
5119 5187
5119 5186
5119 5185
5119 5184
5119 5183
5119 5182
5119 5181
5119 5180
5119 5179
5119 5178
5118 5177
5118 5176
5117 5175
5117 5174
5116 5173
5116 5172
5115 5171
5115 5170
5114 5169
5114 5168
5113 5167
5112 5166
5112 5165
5111 5165
5110 5164
5110 5163
5109 5163
5108 5162
5108 5161
5107 5161
5106 5160
5106 5159
5105 5158
5104 5157
5104 5156
5103 5155
5102 5154
5102 5153
5102 5152
5101 5151
5100 5150
5099 5149
5098 5148
5098 5147
5097 5147
5096 5146
5096 5145
5095 5145
5094 5144
5093 5143
5092 5142
5091 5141
5090 5141
5089 5140
5088 5139
5087 5139
5086 5138
5086 5137
5085 5137
5084 5136
5084 5135
5083 5135
5082 5134
5082 5133
5081 5133
5080 5132
5080 5131
5079 5131
5078 5130
5078 5129
5077 5129
5076 5128
5076 5127
5075 5127
5074 5126
5074 5125
5073 5125
5072 5124
5072 5123
5071 5123
5070 5122
5070 5121
5069 5121
5068 5120
5068 5119
5067 5118
5066 5117
5066 5116
5065 5115
5064 5114
5063 5113
5062 5112
5062 5111
5061 5111
5060 5110
5060 5109
5059 5109
5058 5108
5058 5107
5057 5107
5056 5106
5056 5105
5055 5104
5054 5103
5054 5102
5053 5101
5052 5100
5052 5099
5052 5098
5051 5097
5050 5096
5049 5095
5048 5094
5048 5093
5047 5093
5046 5092
5045 5091
5044 5091
5043 5090
5042 5090
5041 5089
5040 5089
5039 5088
5038 5087
5038 5086
5037 5085
5036 5084
5036 5083
5036 5082
5035 5081
5035 5080
5035 5079
5035 5078
5035 5077
5035 5076
5034 5075
5034 5074
5034 5073
5034 5072
5033 5071
5032 5070
5031 5069
5030 5068
5029 5067
5028 5067
5027 5066
5026 5066
5025 5065
5024 5065
5023 5064
5022 5063
5021 5063
5020 5062
5020 5061
5019 5061
5018 5060
5018 5059
5017 5059
5016 5058
5016 5057
5015 5057
5014 5056
5014 5055
5013 5054
5012 5053
5012 5052
5011 5051
5010 5050
5010 5049
5010 5048
5009 5047
5009 5046
5008 5045
5008 5044
5008 5043
5008 5042
5007 5041
5007 5040
5006 5039
5006 5038
5005 5037
5005 5036
5004 5035
5004 5034
5003 5033
5002 5032
5002 5031
5002 5030
5001 5029
5001 5028
5001 5027
5001 5026
5001 5025
5001 5024
5001 5023
5001 5022
5000 5021
5000 5020
5000 5019
5000 5018
4999 5017
4998 5016
4997 5015
4996 5014
4996 5013
4995 5013
4994 5012
4994 5011
4993 5010
4992 5009
4992 5008
4991 5007
4990 5006
4990 5005
4990 5004
4989 5003
4988 5002
4987 5001
4986 5000
4986 4999
4985 4999
4984 4998
4983 4997
4982 4996
4981 4995
4980 4995
4979 4995
4978 4995
4977 4994
4976 4994
4975 4994
4974 4994
4973 4993
4972 4993
4971 4993
4970 4992
4969 4991
4968 4991
4967 4991
4966 4991
4965 4990
4964 4990
4963 4989
4962 4989
4961 4988
4960 4987
4959 4987
4958 4986
4958 4985
4957 4985
4956 4984
4956 4983
4955 4983
4954 4982
4953 4981
4952 4980
4951 4979
4950 4979
4949 4979
4948 4978
4947 4977
4946 4977
4945 4976
4944 4975
4944 4974
4943 4973
4942 4972
4941 4971
4940 4970
4939 4969
4938 4968
4937 4967
4936 4967
4935 4967
4934 4967
4933 4966
4932 4966
4931 4966
4930 4966
4929 4966
4928 4966
4927 4966
4926 4966
4925 4966
4924 4966
4923 4965
4922 4965
4921 4965
4920 4965
4919 4964
4918 4964
4917 4963
4916 4963
4915 4963
4914 4962
4913 4961
4912 4961
4911 4961
4910 4961
4909 4960
4908 4960
4907 4959
4906 4959
4905 4959
4904 4959
4903 4958
4902 4958
4901 4958
4900 4958
4899 4957
4898 4957
4897 4957
4896 4956
4895 4955
4894 4955
4893 4955
4892 4955
4891 4954
4890 4954
4889 4953
4888 4953
4887 4953
4886 4953
4885 4952
4884 4952
4883 4951
4882 4951
4881 4951
4880 4951
4879 4950
4878 4950
4877 4950
4876 4950
4875 4950
4874 4950
4873 4950
4872 4950
4871 4949
4870 4949
4869 4949
4868 4949
4867 4948
4866 4948
4865 4947
4864 4947
4863 4946
4862 4945
4862 4944
4861 4943
4860 4942
4859 4941
4858 4941
4857 4940
4856 4940
4855 4940
4854 4940
4853 4940
4852 4940
4851 4940
4850 4940
4849 4940
4848 4940
4847 4939
4846 4939
4845 4938
4844 4938
4843 4937
4842 4937
4841 4936
4840 4936
4839 4935
4838 4935
4837 4935
4836 4935
4835 4934
4834 4934
4833 4934
4832 4934
4831 4934
4830 4934
4829 4934
4828 4934
4827 4934
4826 4934
4825 4934
4824 4934
4823 4934
4822 4934
4821 4933
4820 4933
4819 4933
4818 4932
4817 4931
4816 4931
4815 4931
4814 4930
4813 4929
4812 4929
4811 4928
4810 4928
4809 4927
4808 4926
4807 4925
4806 4925
4805 4925
4804 4925
4803 4924
4802 4924
4801 4923
4800 4923
4799 4923
4798 4923
4797 4922
4796 4922
4795 4922
4794 4922
4793 4922
4792 4922
4791 4922
4790 4922
4789 4922
4788 4922
4787 4922
4786 4922
4785 4922
4784 4922
4783 4923
4782 4923
4781 4923
4780 4923
4779 4924
4778 4924
4777 4924
4776 4924
4775 4924
4774 4924
4773 4924
4772 4924
4771 4924
4770 4924
4769 4923
4768 4923
4767 4923
4766 4923
4765 4922
4764 4922
4763 4922
4762 4922
4761 4921
4760 4921
4759 4921
4758 4921
4757 4920
4756 4920
4755 4920
4754 4920
4753 4920
4752 4920
4751 4920
4750 4920
4749 4920
4748 4920
4747 4921
4746 4921
4745 4921
4744 4921
4743 4922
4742 4922
4741 4922
4740 4922
4739 4922
4738 4922
4737 4922
4736 4922
4735 4922
4734 4922
4733 4921
4732 4921
4731 4921
4730 4921
4729 4920
4728 4920
4727 4920
4726 4920
4725 4920
4724 4920
4723 4920
4722 4920
4721 4920
4720 4920
4719 4920
4718 4920
4717 4920
4716 4920
4715 4920
4714 4920
4713 4920
4712 4920
4711 4920
4710 4920
4709 4920
4708 4920
4707 4920
4706 4920
4705 4920
4704 4920
4703 4920
4702 4920
4701 4920
4700 4920
4699 4920
4698 4920
4697 4919
4696 4919
4695 4919
4694 4918
4693 4917
4692 4917
4691 4917
4690 4917
4689 4916
4688 4916
4687 4916
4686 4916
4685 4916
4684 4916
4683 4916
4682 4916
4681 4916
4680 4916
4679 4916
4678 4916
4677 4915
4676 4915
4675 4915
4674 4915
4673 4914
4672 4914
4671 4914
4670 4914
4669 4914
4668 4914
4667 4914
4666 4914
4665 4914
4664 4914
4663 4914
4662 4914
4661 4914
4660 4914
4659 4914
4658 4914
4657 4914
4656 4914
4655 4914
4654 4914
4653 4914
4652 4914
4651 4914
4650 4914
4649 4913
4648 4913
4647 4913
4646 4913
4645 4912
4644 4912
4643 4912
4642 4912
4641 4911
4640 4911
4639 4910
4638 4910
4637 4909
4636 4909
4635 4908
4634 4908
4633 4908
4632 4908
4631 4908
4630 4908
4629 4908
4628 4908
4627 4907
4626 4907
4625 4907
4624 4906
4623 4905
4622 4905
4621 4904
4620 4904
4619 4903
4618 4903
4617 4902
4616 4902
4615 4902
4614 4902
4613 4902
4612 4902
4611 4902
4610 4902
4609 4902
4608 4902
4607 4902
4606 4902
4605 4902
4604 4902
4603 4902
4602 4902
4601 4902
4600 4902
4599 4902
4598 4902
4597 4902
4596 4902
4595 4901
4594 4901
4593 4900
4592 4899
4591 4899
4590 4898
4590 4897
4589 4897
4588 4896
4587 4895
4586 4895
4585 4894
4584 4894
4583 4893
4582 4893
4581 4893
4580 4893
4579 4892
4578 4892
4577 4891
4576 4891
4575 4891
4574 4890
4573 4889
4572 4889
4571 4889
4570 4888
4569 4887
4568 4887
4567 4886
4566 4886
4565 4885
4564 4885
4563 4884
4562 4884
4561 4883
4560 4883
4559 4883
4558 4883
4557 4882
4556 4882
4555 4882
4554 4882
4553 4882
4552 4882
4551 4882
4550 4882
4549 4881
4548 4881
4547 4880
4546 4879
4545 4879
4544 4878
4544 4877
4543 4877
4542 4876
4542 4875
4541 4875
4540 4874
4539 4873
4538 4872
4537 4871
4536 4871
4535 4871
4534 4870
4533 4869
4532 4869
4531 4869
4530 4869
4529 4868
4528 4868
4527 4868
4526 4868
4525 4869
4524 4869
4523 4869
4522 4869
4521 4870
4520 4870
4519 4870
4518 4870
4517 4870
4516 4870
4515 4870
4514 4870
4513 4870
4512 4870
4511 4870
4510 4870
4509 4870
4508 4870
4507 4870
4506 4870
4505 4870
4504 4870
4503 4870
4502 4870
4501 4870
4500 4870
4499 4870
4498 4870
4497 4870
4496 4870
4495 4870
4494 4870
4493 4869
4492 4869
4491 4869
4490 4868
4489 4867
4488 4867
4487 4867
4486 4867
4485 4866
4484 4866
4483 4866
4482 4866
4481 4867
4480 4867
4479 4867
4478 4867
4477 4868
4476 4868
4475 4868
4474 4868
4473 4868
4472 4868
4471 4868
4470 4868
4469 4867
4468 4867
4467 4867
4466 4867
4465 4866
4464 4866
4463 4866
4462 4866
4461 4866
4460 4866
4459 4866
4458 4866
4457 4866
4456 4866
4455 4866
4454 4866
4453 4866
4452 4866
4451 4866
4450 4866
4449 4866
4448 4866
4447 4866
4446 4866
4445 4866
4444 4866
4443 4866
4442 4866
4441 4865
4440 4865
4439 4865
4438 4865
4437 4864
4436 4864
4435 4863
4434 4863
4433 4862
4432 4862
4431 4861
4430 4861
4429 4860
4428 4860
4427 4860
4426 4860
4425 4860
4424 4860
4423 4860
4422 4860
4421 4860
4420 4860
4419 4860
4418 4860
4417 4860
4416 4860
4415 4860
4414 4860
4413 4860
4412 4860
4411 4859
4410 4859
4409 4859
4408 4859
4407 4858
4406 4858
4405 4858
4404 4858
4403 4858
4402 4858
4401 4858
4400 4858
4399 4858
4398 4858
4397 4858
4396 4858
4395 4857
4394 4857
4393 4857
4392 4857
4391 4856
4390 4856
4389 4856
4388 4856
4387 4856
4386 4856
4385 4856
4384 4856
4383 4856
4382 4856
4381 4856
4380 4856
4379 4856
4378 4856
4377 4855
4376 4855
4375 4855
4374 4855
4373 4854
4372 4854
4371 4854
4370 4854
4369 4854
4368 4854
4367 4854
4366 4854
4365 4853
4364 4853
4363 4853
4362 4853
4361 4852
4360 4852
4359 4852
4358 4852
4357 4852
4356 4852
4355 4852
4354 4852
4353 4852
4352 4852
4351 4852
4350 4852
4349 4852
4348 4852
4347 4852
4346 4852
4345 4852
4344 4852
4343 4852
4342 4852
4341 4852
4340 4852
4339 4852
4338 4852
4337 4852
4336 4852
4335 4852
4334 4852
4333 4852
4332 4852
4331 4852
4330 4852
4329 4852
4328 4852
4327 4852
4326 4852
4325 4852
4324 4852
4323 4852
4322 4852
4321 4852
4320 4852
4319 4852
4318 4852
4317 4852
4316 4852
4315 4853
4314 4853
4313 4853
4312 4853
4311 4854
4310 4854
4309 4855
4308 4855
4307 4855
4306 4855
4305 4856
4304 4857
4303 4857
4302 4857
4301 4858
4300 4858
4299 4858
4298 4858
4297 4858
4296 4858
4295 4858
4294 4858
4293 4858
4292 4858
4291 4858
4290 4858
4289 4858
4288 4858
4287 4857
4286 4857
4285 4857
4284 4857
4283 4856
4282 4856
4281 4856
4280 4856
4279 4857
4278 4857
4277 4858
4276 4859
4275 4860
4275 4861
4274 4862
4273 4863
4272 4864
4271 4865
4270 4865
4269 4866
4268 4866
4267 4867
4266 4867
4265 4868
4264 4868
4263 4869
4262 4869
4261 4870
4260 4871
4259 4871
4258 4871
4257 4872
4256 4872
4255 4872
4254 4872
4253 4872
4252 4872
4251 4872
4250 4872
4249 4872
4248 4872
4247 4872
4246 4872
4245 4872
4244 4872
4243 4872
4242 4872
4241 4872
4240 4872
4239 4872
4238 4872
4237 4872
4236 4872
4235 4872
4234 4872
4233 4873
4232 4873
4231 4873
4230 4873
4229 4874
4228 4874
4227 4874
4226 4874
4225 4875
4224 4875
4223 4875
4222 4875
4221 4876
4220 4876
4219 4876
4218 4876
4217 4877
4216 4877
4215 4877
4214 4877
4213 4878
4212 4878
4211 4878
4210 4878
4209 4878
4208 4878
4207 4878
4206 4878
4205 4878
4204 4878
4203 4878
4202 4878
4201 4878
4200 4878
4199 4878
4198 4878
4197 4878
4196 4878
4195 4878
4194 4878
4193 4878
4192 4878
4191 4878
4190 4878
4189 4878
4188 4878
4187 4877
4186 4877
4185 4877
4184 4877
4183 4876
4182 4876
4181 4875
4180 4875
4179 4875
4178 4875
4177 4874
4176 4874
4175 4875
4174 4875
4173 4876
4173 4877
4172 4878
4172 4879
4171 4880
4171 4881
4170 4882
4169 4883
4168 4884
4167 4885
4166 4885
4165 4886
4164 4886
4163 4886
4162 4886
4161 4886
4160 4886
4159 4886
4158 4886
4157 4886
4156 4886
4155 4885
4154 4884
4153 4884
4152 4883
4151 4882
4150 4882
4149 4882
4148 4882
4147 4881
4146 4881
4145 4881
4144 4881
4143 4880
4142 4880
4141 4879
4140 4879
4139 4878
4138 4878
4137 4877
4136 4877
4135 4876
4134 4876
4133 4876
4132 4876
4131 4876
4130 4876
4129 4875
4128 4875
4127 4875
4126 4875
4125 4874
4124 4874
4123 4874
4122 4874
4121 4874
4120 4874
4119 4874
4118 4874
4117 4874
4116 4874
4115 4874
4114 4874
4113 4874
4112 4874
4111 4874
4110 4874
4109 4873
4108 4873
4107 4873
4106 4873
4105 4872
4104 4872
4103 4872
4102 4872
4101 4872
4100 4872
4099 4871
4098 4871
4097 4871
4096 4871
4095 4870
4094 4870
4093 4870
4092 4870
4091 4869
4090 4869
4089 4869
4088 4868
4087 4867
4086 4867
4085 4867
4084 4867
4083 4866
4082 4866
4081 4866
4080 4866
4079 4867
4078 4867
4077 4867
4076 4867
4075 4867
4074 4867
4073 4867
4072 4867
4071 4866
4070 4866
4069 4866
4068 4866
4067 4866
4066 4866
4065 4865
4064 4865
4063 4865
4062 4865
4061 4864
4060 4864
4059 4864
4058 4864
4057 4864
4056 4864
4055 4864
4054 4864
4053 4863
4052 4863
4051 4863
4050 4863
4049 4862
4048 4862
4047 4862
4046 4862
4045 4862
4044 4862
4043 4862
4042 4862
4041 4862
4040 4862
4039 4862
4038 4862
4037 4862
4036 4862
4035 4861
4034 4861
4033 4861
4032 4861
4031 4860
4030 4860
4029 4859
4028 4859
4027 4859
4026 4858
4025 4857
4024 4857
4023 4857
4022 4856
4021 4855
4020 4855
4019 4855
4018 4855
4017 4854
4016 4854
4015 4853
4014 4853
4013 4853
4012 4852
4011 4851
4010 4851
4009 4850
4008 4850
4007 4849
4006 4849
4005 4848
4004 4848
4003 4848
4002 4848
4001 4848
4000 4848
3999 4848
3998 4848
3997 4848
3996 4848
3995 4848
3994 4848
3993 4848
3992 4848
3991 4848
3990 4848
3989 4847
3988 4847
3987 4847
3986 4847
3985 4846
3984 4846
3983 4846
3982 4846
3981 4846
3980 4846
3979 4846
3978 4846
3977 4846
3976 4846
3975 4846
3974 4846
3973 4846
3972 4846
3971 4846
3970 4846
3969 4846
3968 4846
3967 4847
3966 4847
3965 4848
3964 4848
3963 4849
3962 4849
3961 4850
3960 4850
3959 4850
3958 4850
3957 4850
3956 4850
3955 4850
3954 4850
3953 4850
3952 4850
3951 4850
3950 4850
3949 4850
3948 4850
3947 4851
3946 4851
3945 4851
3944 4851
3943 4852
3942 4852
3941 4852
3940 4852
3939 4852
3938 4852
3937 4852
3936 4852
3935 4852
3934 4852
3933 4852
3932 4852
3931 4851
3930 4851
3929 4851
3928 4850
3927 4849
3926 4849
3925 4849
3924 4848
3923 4847
3922 4847
3921 4847
3920 4847
3919 4846
3918 4846
3917 4846
3916 4846
3915 4845
3914 4845
3913 4845
3912 4845
3911 4844
3910 4844
3909 4843
3908 4843
3907 4843
3906 4843
3905 4842
3904 4842
3903 4842
3902 4842
3901 4842
3900 4842
3899 4842
3898 4842
3897 4842
3896 4842
3895 4842
3894 4842
3893 4841
3892 4841
3891 4841
3890 4840
3889 4839
3888 4839
3887 4839
3886 4839
3885 4838
3884 4838
3883 4839
3882 4839
3881 4840
3880 4841
3879 4842
3878 4843
3877 4843
3876 4843
3875 4843
3874 4842
3873 4841
3872 4841
3871 4841
3870 4841
3869 4840
3868 4840
3867 4839
3866 4839
3865 4839
3864 4838
3863 4837
3862 4837
3861 4837
3860 4837
3859 4836
3858 4836
3857 4835
3856 4835
3855 4835
3854 4835
3853 4834
3852 4834
3851 4835
3850 4835
3849 4835
3848 4835
3847 4836
3846 4836
3845 4836
3844 4836
3843 4835
3842 4835
3841 4835
3840 4835
3839 4834
3838 4834
3837 4835
3836 4835
3835 4835
3834 4835
3833 4836
3832 4836
3831 4836
3830 4836
3829 4835
3828 4835
3827 4835
3826 4835
3825 4834
3824 4834
3823 4834
3822 4834
3821 4834
3820 4834
3819 4834
3818 4834
3817 4834
3816 4834
3815 4834
3814 4834
3813 4834
3812 4834
3811 4834
3810 4834
3809 4834
3808 4834
3807 4834
3806 4834
3805 4834
3804 4834
3803 4834
3802 4834
3801 4834
3800 4834
3799 4834
3798 4834
3797 4833
3796 4833
3795 4833
3794 4833
3793 4832
3792 4832
3791 4832
3790 4832
3789 4832
3788 4832
3787 4832
3786 4832
3785 4832
3784 4832
3783 4832
3782 4832
3781 4832
3780 4832
3779 4832
3778 4832
3777 4833
3776 4833
3775 4833
3774 4833
3773 4834
3772 4834
3771 4835
3770 4835
3769 4835
3768 4835
3767 4836
3766 4836
3765 4836
3764 4836
3763 4836
3762 4836
3761 4835
3760 4835
3759 4835
3758 4835
3757 4834
3756 4834
3755 4834
3754 4834
3753 4834
3752 4834
3751 4834
3750 4834
3749 4834
3748 4834
3747 4833
3746 4833
3745 4833
3744 4833
3743 4832
3742 4832
3741 4832
3740 4832
3739 4832
3738 4832
3737 4831
3736 4831
3735 4831
3734 4831
3733 4830
3732 4830
3731 4830
3730 4830
3729 4830
3728 4830
3727 4830
3726 4830
3725 4830
3724 4830
3723 4830
3722 4830
3721 4830
3720 4830
3719 4830
3718 4830
3717 4830
3716 4830
3715 4830
3714 4830
3713 4830
3712 4830
3711 4830
3710 4830
3709 4830
3708 4830
3707 4831
3706 4831
3705 4831
3704 4831
3703 4832
3702 4832
3701 4832
3700 4832
3699 4832
3698 4832
3697 4832
3696 4832
3695 4831
3694 4831
3693 4831
3692 4830
3691 4829
3690 4829
3689 4828
3688 4828
3687 4827
3686 4827
3685 4826
3684 4826
3683 4826
3682 4826
3681 4826
3680 4826
3679 4826
3678 4826
3677 4827
3676 4827
3675 4827
3674 4827
3673 4828
3672 4828
3671 4828
3670 4828
3669 4828
3668 4828
3667 4828
3666 4828
3665 4828
3664 4828
3663 4828
3662 4828
3661 4829
3660 4829
3659 4830
3658 4831
3657 4831
3657 4832
3656 4833
3655 4833
3654 4834
3653 4835
3652 4835
3651 4836
3650 4837
3649 4837
3648 4837
3647 4838
3646 4838
3645 4839
3644 4839
3643 4839
3642 4839
3641 4840
3640 4840
3639 4840
3638 4840
3637 4839
3636 4839
3635 4839
3634 4839
3633 4838
3632 4838
3631 4838
3630 4838
3629 4838
3628 4838
3627 4838
3626 4838
3625 4838
3624 4838
3623 4838
3622 4838
3621 4838
3620 4838
3619 4838
3618 4838
3617 4838
3616 4838
3615 4838
3614 4838
3613 4838
3612 4838
3611 4837
3610 4837
3609 4837
3608 4837
3607 4836
3606 4836
3605 4835
3604 4835
3603 4835
3602 4835
3601 4834
3600 4834
3599 4834
3598 4834
3597 4833
3596 4833
3595 4833
3594 4833
3593 4832
3592 4832
3591 4832
3590 4832
3589 4832
3588 4832
3587 4832
3586 4832
3585 4831
3584 4831
3583 4831
3582 4830
3581 4829
3580 4829
3579 4829
3578 4829
3577 4828
3576 4828
3575 4828
3574 4828
3573 4828
3572 4828
3571 4828
3570 4828
3569 4828
3568 4828
3567 4829
3566 4829
3565 4829
3564 4829
3563 4830
3562 4830
3561 4830
3560 4830
3559 4830
3558 4830
3557 4830
3556 4830
3555 4830
3554 4830
3553 4830
3552 4830
3551 4831
3550 4831
3549 4831
3548 4831
3547 4832
3546 4832
3545 4832
3544 4832
3543 4832
3542 4832
3541 4832
3540 4832
3539 4832
3538 4832
3537 4831
3536 4831
3535 4830
3534 4830
3533 4829
3532 4829
3531 4828
3530 4828
3529 4828
3528 4828
3527 4828
3526 4828
3525 4827
3524 4827
3523 4827
3522 4827
3521 4826
3520 4826
3519 4826
3518 4826
3517 4826
3516 4826
3515 4826
3514 4826
3513 4827
3512 4827
3511 4827
3510 4827
3509 4828
3508 4828
3507 4828
3506 4828
3505 4828
3504 4828
3503 4828
3502 4828
3501 4828
3500 4828
3499 4828
3498 4828
3497 4828
3496 4828
3495 4827
3494 4827
3493 4827
3492 4827
3491 4826
3490 4826
3489 4826
3488 4826
3487 4825
3486 4825
3485 4825
3484 4825
3483 4824
3482 4824
3481 4824
3480 4824
3479 4824
3478 4824
3477 4824
3476 4824
3475 4824
3474 4824
3473 4824
3472 4824
3471 4824
3470 4824
3469 4824
3468 4824
3467 4824
3466 4824
3465 4824
3464 4824
3463 4824
3462 4824
3461 4824
3460 4824
3459 4824
3458 4824
3457 4824
3456 4824
3455 4824
3454 4824
3453 4824
3452 4824
3451 4824
3450 4824
3449 4824
3448 4824
3447 4824
3446 4824
3445 4824
3444 4824
3443 4824
3442 4824
3441 4824
3440 4824
3439 4824
3438 4824
3437 4824
3436 4824
3435 4823
3434 4823
3433 4823
3432 4823
3431 4822
3430 4822
3429 4822
3428 4822
3427 4822
3426 4822
3425 4822
3424 4822
