189 366
188 367
187 368
186 368
185 369
184 369
183 370
182 371
181 372
181 373
181 374
181 375
181 376
181 377
181 378
181 379
182 380
182 381
183 382
183 383
184 384
184 385
184 386
185 387
186 388
186 389
187 390
188 391
188 392
189 393
190 394
190 395
191 396
192 397
193 398
194 399
195 400
196 401
197 402
198 402
199 403
200 404
201 404
202 405
203 405
204 406
205 407
206 408
207 409
208 409
209 410
210 410
211 411
212 411
213 412
214 412
215 413
216 414
217 414
218 415
219 415
220 415
221 416
222 417
223 417
224 418
225 419
226 419
227 420
228 420
229 421
230 421
231 421
232 422
233 422
234 423
235 423
236 423
237 423
238 424
239 425
240 425
241 425
242 425
243 425
244 425
245 425
246 425
247 425
248 425
249 425
250 425
251 425
252 424
253 423
254 422
255 422
256 422
257 422
258 422
259 422
260 422
261 422
262 422
263 422
264 422
265 422
266 422
267 422
268 422
269 422
270 422
271 422
272 422
273 422
274 422
275 422
276 422
277 422
278 422
279 422
280 422
281 422
282 421
283 421
284 421
285 420
286 420
287 420
288 419
289 418
290 417
291 417
292 416
293 416
294 415
295 415
296 414
297 413
297 412
298 411
298 410
299 409
299 408
299 407
299 406
299 405
299 404
299 403
299 402
299 401
300 400
300 399
300 398
300 397
300 396
300 395
300 394
300 393
300 392
300 391
300 390
299 389
299 388
298 387
297 386
296 385
295 384
294 383
294 382
293 381
293 380
292 379
291 378
290 377
289 377
288 377
287 377
286 377
285 376
284 376
283 376
282 375
281 375
280 375
279 375
278 375
277 375
276 375
275 375
274 375
273 375
272 375
271 375
270 375
269 375
268 374
267 374
266 374
265 374
264 374
263 374
262 374
261 374
260 374
259 374
258 374
257 374
256 374
255 374
254 374
253 374
252 374
251 374
250 374
249 374
248 374
247 374
246 374
245 374
244 374
243 374
242 374
241 374
240 374
239 375
238 375
237 375
236 375
235 375
234 376
233 376
232 376
231 377
230 377
229 377
228 377
227 377
226 377
225 377
224 377
223 377
222 377
221 377
220 376
219 376
218 376
217 376
216 375
215 375
214 375
213 375
212 375
211 375
210 375
209 375
208 374
207 374
206 374
205 374
204 373
203 373
202 372
201 372
200 372
199 371
198 371
197 370
196 369
195 368
194 368
193 367
192 366
191 366
190 366
189 366
