283 1964
282 1965
281 1965
280 1965
279 1965
278 1965
277 1965
276 1965
275 1965
274 1965
273 1965
272 1966
271 1966
270 1966
269 1967
268 1967
267 1967
266 1967
265 1967
264 1967
263 1967
262 1967
261 1967
260 1967
259 1968
258 1968
257 1968
256 1968
255 1968
254 1968
253 1968
252 1969
251 1969
250 1969
249 1969
248 1969
247 1969
246 1969
245 1969
244 1969
243 1969
242 1970
241 1970
240 1971
239 1971
238 1972
237 1973
236 1973
235 1973
234 1974
233 1974
232 1974
231 1975
230 1976
229 1976
228 1977
227 1977
226 1977
225 1978
224 1978
223 1978
222 1978
221 1978
220 1978
219 1978
218 1978
217 1978
216 1978
215 1978
214 1979
213 1980
212 1980
211 1981
210 1981
209 1982
208 1982
207 1983
206 1984
205 1984
204 1985
203 1985
202 1986
201 1987
200 1988
199 1988
199 1989
198 1990
197 1991
197 1992
197 1993
197 1994
197 1995
197 1996
197 1997
197 1998
197 1999
197 2000
196 2001
195 2002
195 2003
194 2004
194 2005
193 2006
193 2007
193 2008
193 2009
193 2010
193 2011
193 2012
194 2013
194 2014
194 2015
194 2016
195 2017
195 2018
195 2019
195 2020
195 2021
195 2022
195 2023
196 2024
197 2025
197 2026
197 2027
197 2028
197 2029
197 2030
197 2031
197 2032
197 2033
197 2034
197 2035
198 2036
198 2037
198 2038
199 2039
199 2040
199 2041
199 2042
199 2043
199 2044
199 2045
200 2046
200 2047
200 2048
200 2049
200 2050
200 2051
200 2052
200 2053
200 2054
200 2055
200 2056
200 2057
200 2058
200 2059
200 2060
200 2061
200 2062
200 2063
200 2064
199 2065
198 2066
198 2067
197 2068
197 2069
196 2070
195 2071
195 2072
195 2073
196 2074
197 2075
198 2076
198 2077
199 2078
199 2079
200 2080
201 2081
201 2082
201 2083
202 2084
202 2085
202 2086
203 2087
203 2088
203 2089
203 2090
204 2091
204 2092
205 2093
205 2094
205 2095
206 2096
206 2097
206 2098
207 2099
207 2100
207 2101
208 2102
209 2103
210 2104
211 2105
212 2106
213 2107
214 2108
215 2109
216 2110
217 2111
218 2111
219 2111
220 2112
221 2113
222 2113
223 2113
224 2113
225 2112
226 2111
227 2110
228 2109
229 2109
230 2108
231 2108
232 2108
233 2108
234 2107
235 2106
236 2105
237 2104
238 2103
238 2102
239 2101
239 2100
239 2099
239 2098
239 2097
239 2096
239 2095
239 2094
239 2093
239 2092
239 2091
239 2090
239 2089
239 2088
240 2087
240 2086
241 2085
242 2085
243 2084
244 2084
245 2084
246 2084
247 2084
248 2084
249 2084
250 2084
251 2084
252 2083
253 2083
254 2083
255 2082
256 2082
257 2082
258 2082
259 2082
260 2082
261 2082
262 2081
263 2081
264 2081
265 2081
266 2081
267 2081
268 2081
269 2081
270 2081
271 2081
272 2081
273 2081
274 2081
275 2081
276 2081
277 2081
278 2082
279 2083
280 2083
281 2084
282 2084
283 2084
284 2084
285 2085
286 2085
287 2085
288 2085
289 2085
290 2085
291 2085
292 2085
293 2085
294 2085
295 2086
296 2086
297 2086
298 2086
299 2086
300 2087
301 2087
302 2088
303 2088
304 2089
305 2089
306 2089
307 2089
308 2089
309 2089
310 2089
311 2089
312 2089
313 2088
314 2088
315 2087
316 2087
317 2086
318 2086
319 2086
320 2086
321 2086
322 2087
323 2087
324 2087
325 2088
326 2088
327 2088
328 2088
329 2088
330 2088
331 2088
332 2088
333 2088
334 2088
335 2088
336 2088
337 2088
338 2088
339 2087
340 2087
341 2087
342 2086
343 2086
344 2086
345 2085
346 2085
347 2085
348 2085
349 2085
350 2085
351 2085
352 2085
353 2085
354 2085
355 2085
356 2085
357 2085
358 2084
359 2084
360 2084
361 2084
362 2083
363 2083
364 2083
365 2082
366 2082
367 2081
368 2081
369 2080
370 2079
371 2079
372 2079
373 2078
374 2077
375 2077
376 2076
377 2076
378 2075
379 2074
380 2073
381 2073
382 2072
383 2072
384 2071
385 2070
386 2069
387 2068
388 2068
389 2067
390 2066
391 2066
392 2065
393 2065
394 2065
395 2064
396 2063
397 2062
398 2061
399 2061
400 2060
401 2060
402 2060
403 2059
404 2058
405 2057
406 2056
407 2056
408 2055
409 2054
410 2054
411 2053
412 2052
413 2051
414 2051
415 2050
416 2049
417 2048
418 2047
418 2046
419 2045
419 2044
419 2043
418 2042
418 2041
418 2040
417 2039
417 2038
417 2037
417 2036
417 2035
417 2034
417 2033
417 2032
417 2031
417 2030
417 2029
417 2028
417 2027
417 2026
417 2025
417 2024
416 2023
415 2022
415 2021
415 2020
414 2019
414 2018
414 2017
413 2016
412 2015
411 2014
410 2013
409 2012
408 2011
407 2010
407 2009
406 2008
406 2007
405 2006
405 2005
404 2004
404 2003
403 2002
403 2001
403 2000
402 1999
402 1998
401 1997
400 1996
399 1995
398 1994
397 1994
396 1993
395 1992
394 1991
393 1990
393 1989
393 1988
393 1987
393 1986
394 1985
394 1984
394 1983
393 1982
393 1981
392 1980
391 1979
390 1978
389 1978
388 1977
387 1976
386 1976
385 1975
384 1974
383 1974
382 1973
381 1973
380 1972
379 1971
378 1971
377 1970
376 1970
375 1970
374 1969
373 1969
372 1969
371 1969
370 1969
369 1969
368 1969
367 1969
366 1969
365 1969
364 1969
363 1969
362 1969
361 1969
360 1968
359 1968
358 1968
357 1968
356 1967
355 1967
354 1967
353 1967
352 1967
351 1967
350 1967
349 1967
348 1967
347 1967
346 1967
345 1967
344 1967
343 1967
342 1967
341 1967
340 1967
339 1967
338 1967
337 1967
336 1967
335 1967
334 1967
333 1967
332 1966
331 1966
330 1966
329 1965
328 1965
327 1965
326 1965
325 1965
324 1965
323 1965
322 1965
321 1965
320 1965
319 1965
318 1965
317 1965
316 1965
315 1964
314 1964
313 1964
312 1964
311 1964
310 1964
309 1964
308 1964
307 1964
306 1964
305 1964
304 1964
303 1964
302 1964
301 1964
300 1964
299 1964
298 1964
297 1964
296 1964
295 1964
294 1964
293 1964
292 1964
291 1964
290 1964
289 1964
288 1964
287 1964
286 1964
285 1964
284 1964
283 1964
