125 1069
124 1070
123 1070
122 1070
121 1070
120 1070
119 1070
118 1070
117 1070
116 1070
115 1071
114 1072
113 1072
112 1072
111 1073
110 1073
109 1073
108 1074
107 1074
106 1074
105 1074
104 1074
103 1074
102 1075
101 1076
100 1076
99 1077
98 1078
98 1079
97 1080
97 1081
96 1082
96 1083
96 1084
95 1085
95 1086
94 1087
93 1088
93 1089
92 1090
91 1091
91 1092
90 1093
89 1094
88 1095
87 1096
86 1097
86 1098
86 1099
85 1100
85 1101
84 1102
84 1103
84 1104
84 1105
84 1106
85 1107
85 1108
86 1109
86 1110
87 1111
87 1112
87 1113
87 1114
88 1115
89 1116
89 1117
90 1118
90 1119
90 1120
90 1121
91 1122
91 1123
91 1124
92 1125
92 1126
92 1127
92 1128
92 1129
93 1130
94 1131
94 1132
95 1133
96 1133
97 1133
98 1133
99 1133
100 1133
101 1133
102 1133
103 1133
104 1134
105 1134
106 1135
107 1135
108 1135
109 1136
110 1136
111 1137
112 1137
113 1137
114 1137
115 1138
116 1138
117 1139
118 1140
119 1141
120 1142
121 1143
122 1144
123 1145
124 1146
125 1146
126 1147
127 1148
128 1148
129 1149
130 1150
131 1150
132 1151
133 1152
134 1153
135 1153
136 1153
137 1153
138 1153
139 1153
140 1153
141 1154
142 1154
143 1155
144 1156
145 1157
146 1157
147 1158
148 1159
149 1159
150 1160
151 1160
152 1161
153 1161
154 1161
155 1162
156 1162
157 1163
158 1163
159 1164
160 1164
161 1164
162 1164
163 1164
164 1164
165 1165
166 1165
167 1165
168 1166
169 1166
170 1166
171 1167
172 1167
173 1167
174 1167
175 1168
176 1169
177 1169
178 1169
179 1169
180 1169
181 1169
182 1169
183 1170
184 1170
185 1170
186 1171
187 1171
188 1171
189 1171
190 1171
191 1171
192 1171
193 1171
194 1171
195 1171
196 1171
197 1171
198 1171
199 1171
200 1170
201 1170
202 1170
203 1169
204 1169
205 1169
206 1169
207 1169
208 1169
209 1169
210 1168
211 1168
212 1168
213 1168
214 1168
215 1168
216 1168
217 1168
218 1168
219 1168
220 1168
221 1168
222 1168
223 1168
224 1167
225 1167
226 1167
227 1167
228 1167
229 1167
230 1167
231 1167
232 1167
233 1166
234 1166
235 1166
236 1166
237 1166
238 1165
239 1165
240 1164
241 1163
242 1163
243 1163
244 1162
245 1162
246 1162
247 1161
248 1161
249 1161
250 1160
251 1160
252 1159
253 1159
254 1158
255 1158
256 1158
257 1158
258 1158
259 1158
260 1158
261 1157
262 1157
263 1157
264 1156
265 1156
266 1155
267 1154
268 1154
269 1153
270 1152
271 1151
272 1150
273 1150
274 1149
275 1149
276 1148
277 1148
278 1148
279 1148
280 1147
281 1147
282 1147
283 1147
284 1147
285 1147
286 1146
287 1146
288 1145
289 1144
290 1143
291 1142
292 1141
293 1141
294 1140
295 1140
296 1139
297 1139
298 1139
299 1138
300 1138
301 1138
302 1138
303 1137
304 1136
305 1136
306 1136
307 1136
308 1135
309 1135
310 1135
311 1134
312 1134
313 1133
314 1133
315 1133
316 1132
317 1132
318 1132
319 1131
320 1130
321 1130
322 1129
323 1128
323 1127
324 1126
324 1125
324 1124
324 1123
323 1122
323 1121
322 1120
322 1119
321 1118
320 1117
319 1116
318 1115
317 1114
316 1113
315 1112
314 1111
314 1110
313 1109
312 1108
311 1107
310 1106
309 1106
308 1106
307 1106
306 1106
305 1106
304 1106
303 1106
302 1106
301 1106
300 1106
299 1106
298 1106
297 1106
296 1106
295 1106
294 1105
293 1105
292 1105
291 1104
290 1104
289 1104
288 1103
287 1103
286 1103
285 1103
284 1103
283 1103
282 1103
281 1103
280 1103
279 1103
278 1103
277 1103
276 1103
275 1103
274 1103
273 1103
272 1103
271 1103
270 1103
269 1102
268 1101
267 1100
266 1099
265 1098
264 1097
263 1096
262 1095
261 1094
260 1093
259 1092
258 1091
257 1090
256 1089
255 1088
254 1088
253 1087
252 1087
251 1086
250 1085
249 1085
248 1085
247 1084
246 1084
245 1084
244 1083
243 1083
242 1082
241 1082
240 1081
239 1081
238 1080
237 1080
236 1080
235 1079
234 1079
233 1078
232 1078
231 1077
230 1077
229 1076
228 1076
227 1076
226 1075
225 1074
224 1074
223 1074
222 1074
221 1073
220 1073
219 1073
218 1072
217 1072
216 1072
215 1072
214 1072
213 1072
212 1072
211 1072
210 1073
209 1073
208 1073
207 1074
206 1074
205 1074
204 1074
203 1073
202 1073
201 1073
200 1072
199 1072
198 1072
197 1072
196 1071
195 1071
194 1071
193 1071
192 1070
191 1070
190 1070
189 1070
188 1070
187 1070
186 1070
185 1070
184 1070
183 1070
182 1069
181 1069
180 1069
179 1069
178 1069
177 1069
176 1069
175 1069
174 1069
173 1069
172 1069
171 1069
170 1069
169 1069
168 1069
167 1069
166 1069
165 1069
164 1069
163 1069
162 1069
161 1069
160 1069
159 1069
158 1069
157 1069
156 1069
155 1069
154 1069
153 1069
152 1069
151 1069
150 1069
149 1069
148 1069
147 1069
146 1069
145 1069
144 1069
143 1069
142 1069
141 1069
140 1069
139 1069
138 1069
137 1069
136 1069
135 1069
134 1069
133 1069
132 1069
131 1069
130 1069
129 1069
128 1069
127 1069
126 1069
125 1069
