539 1493
538 1494
537 1495
537 1496
536 1497
536 1498
535 1499
534 1500
533 1501
533 1502
533 1503
533 1504
533 1505
532 1506
532 1507
532 1508
532 1509
532 1510
532 1511
532 1512
532 1513
532 1514
532 1515
532 1516
532 1517
532 1518
532 1519
531 1520
531 1521
531 1522
530 1523
530 1524
531 1525
531 1526
531 1527
532 1528
532 1529
532 1530
532 1531
532 1532
533 1533
534 1534
534 1535
535 1536
535 1537
535 1538
536 1539
536 1540
536 1541
536 1542
537 1543
538 1544
539 1544
540 1544
541 1544
542 1544
543 1544
544 1544
545 1544
546 1544
547 1544
548 1544
549 1544
550 1544
551 1544
552 1544
553 1544
554 1544
555 1544
556 1544
557 1544
558 1544
559 1544
560 1544
561 1544
562 1544
563 1544
564 1544
565 1544
566 1544
567 1544
568 1543
569 1543
570 1543
571 1543
572 1543
573 1543
574 1543
575 1543
576 1543
577 1543
578 1543
579 1543
580 1543
581 1543
582 1542
583 1542
584 1542
585 1542
586 1542
587 1542
588 1541
589 1541
590 1541
591 1540
592 1540
593 1540
594 1539
595 1539
596 1539
597 1539
598 1539
599 1539
600 1539
601 1539
602 1539
603 1538
604 1538
605 1537
605 1536
606 1535
606 1534
607 1533
608 1532
608 1531
609 1530
609 1529
610 1528
610 1527
610 1526
611 1525
612 1524
612 1523
612 1522
613 1521
613 1520
613 1519
614 1518
614 1517
614 1516
614 1515
614 1514
614 1513
614 1512
614 1511
613 1510
612 1509
611 1509
610 1508
609 1508
608 1507
607 1506
606 1505
605 1505
604 1505
603 1504
602 1504
601 1504
600 1504
599 1504
598 1503
597 1503
596 1502
595 1502
594 1502
593 1502
592 1502
591 1501
590 1501
589 1501
588 1500
587 1501
586 1500
585 1500
584 1500
583 1500
582 1499
581 1499
580 1498
579 1498
578 1498
577 1498
576 1498
575 1497
574 1497
573 1497
572 1497
571 1496
570 1496
569 1496
568 1495
567 1495
566 1495
565 1495
564 1494
563 1494
562 1494
561 1494
560 1494
559 1493
558 1493
557 1493
556 1493
555 1493
554 1493
553 1493
552 1493
551 1493
550 1493
549 1493
548 1493
547 1493
546 1493
545 1493
544 1493
543 1493
542 1493
541 1493
540 1493
539 1493
