224 675
223 676
222 676
221 677
220 678
219 678
218 679
217 679
216 680
215 681
214 681
213 681
212 682
211 682
210 683
209 683
208 684
207 684
206 684
205 684
204 684
203 684
202 684
201 684
200 684
199 684
198 684
197 684
196 684
195 684
194 685
193 685
192 686
191 687
191 688
190 689
189 689
188 690
187 690
186 691
185 691
184 691
183 692
182 693
182 694
181 695
181 696
181 697
181 698
181 699
181 700
181 701
181 702
181 703
182 704
182 705
182 706
182 707
183 708
183 709
184 710
185 711
185 712
186 713
187 714
188 715
189 716
190 717
191 717
192 717
193 717
194 717
195 717
196 717
197 717
198 718
199 718
200 718
201 718
202 718
203 718
204 718
205 719
206 720
207 720
208 721
209 721
210 721
211 721
212 722
213 722
214 722
215 722
216 722
217 722
218 722
219 722
220 722
221 721
222 721
223 720
224 720
225 719
226 718
227 717
228 717
229 716
230 716
231 716
232 716
233 715
234 715
235 715
236 714
237 714
238 714
239 714
240 713
241 712
242 712
243 711
244 710
245 709
246 709
247 708
248 707
249 707
250 706
250 705
251 704
250 703
250 702
250 701
251 700
252 699
253 698
254 697
254 696
254 695
254 694
253 693
253 692
253 691
252 690
252 689
251 688
250 687
250 686
249 685
249 684
249 683
248 682
247 681
246 680
245 680
244 679
243 678
242 678
241 677
240 677
239 677
238 676
237 676
236 676
235 676
234 676
233 676
232 676
231 676
230 676
229 676
228 675
227 675
226 675
225 675
224 675
