340 767
339 768
338 768
337 768
336 768
335 768
334 768
333 769
332 769
331 770
330 770
329 770
328 771
327 772
326 773
325 774
324 774
323 775
323 776
322 777
321 777
320 778
319 779
318 779
317 780
316 781
315 782
314 783
313 784
312 785
311 786
310 787
309 788
309 789
308 790
308 791
308 792
308 793
308 794
309 795
310 796
311 796
312 796
313 796
314 796
315 796
316 796
317 796
318 796
319 796
320 796
321 796
322 796
323 796
324 796
325 796
326 796
327 796
328 796
329 796
330 796
331 796
332 796
333 796
334 796
335 796
336 796
337 796
338 796
339 796
340 796
341 796
342 796
343 796
344 796
345 796
346 796
347 796
348 796
349 796
350 796
351 796
352 796
353 796
354 796
355 796
356 796
357 796
358 796
359 796
360 796
361 796
362 796
363 796
364 796
365 796
366 796
367 796
368 796
369 795
370 795
371 795
372 795
373 795
374 795
375 795
376 795
377 795
378 795
379 794
380 794
381 793
382 792
383 791
383 790
384 789
385 788
385 787
386 786
387 785
387 784
388 783
388 782
388 781
387 781
386 780
385 780
384 780
383 780
382 780
381 779
380 778
379 778
378 777
377 777
376 776
375 775
374 775
373 775
372 775
371 774
370 774
369 774
368 773
367 773
366 772
365 772
364 771
363 770
362 770
361 770
360 770
359 769
358 769
357 769
356 768
355 768
354 768
353 768
352 768
351 767
350 767
349 767
348 767
347 767
346 767
345 767
344 767
343 767
342 767
341 767
340 767
