610 1122
609 1123
608 1123
607 1123
606 1123
605 1123
604 1124
603 1124
602 1124
601 1124
600 1124
599 1124
598 1125
597 1125
596 1125
595 1126
594 1126
593 1126
592 1126
591 1126
590 1126
589 1127
588 1127
587 1128
586 1128
585 1129
584 1129
583 1130
582 1130
581 1130
580 1131
579 1131
578 1132
577 1133
576 1133
575 1133
574 1133
573 1133
572 1133
571 1133
570 1134
569 1134
568 1134
567 1134
566 1134
565 1134
564 1134
563 1134
562 1134
561 1134
560 1134
559 1134
558 1135
557 1135
556 1136
555 1137
555 1138
554 1139
554 1140
555 1141
555 1142
556 1143
557 1144
557 1145
557 1146
558 1146
559 1147
560 1148
561 1148
562 1149
563 1150
564 1151
565 1151
566 1152
567 1152
568 1152
569 1153
570 1153
571 1154
572 1154
573 1154
574 1154
575 1155
576 1155
577 1156
578 1157
579 1157
580 1157
581 1157
582 1157
583 1157
584 1157
585 1158
586 1158
587 1158
588 1158
589 1158
590 1158
591 1158
592 1158
593 1158
594 1158
595 1158
596 1158
597 1158
598 1158
599 1158
600 1158
601 1158
602 1157
603 1157
604 1157
605 1157
606 1157
607 1157
608 1157
609 1157
610 1157
611 1156
612 1156
613 1156
614 1156
615 1156
616 1156
617 1155
618 1155
619 1155
620 1154
621 1154
622 1154
623 1154
624 1154
625 1154
626 1154
627 1154
628 1154
629 1154
630 1153
631 1153
632 1153
633 1152
634 1152
635 1151
636 1150
637 1150
638 1149
639 1148
640 1147
641 1146
642 1145
643 1144
643 1143
644 1142
645 1141
645 1140
646 1139
647 1139
648 1138
648 1137
648 1136
648 1135
647 1134
647 1133
646 1132
645 1131
644 1130
643 1129
642 1128
641 1127
640 1127
639 1127
638 1126
637 1126
636 1125
635 1125
634 1125
633 1124
632 1124
631 1124
630 1124
629 1124
628 1124
627 1124
626 1124
625 1124
624 1124
623 1124
622 1124
621 1124
620 1124
619 1123
618 1123
617 1122
616 1122
615 1122
614 1122
613 1122
612 1122
611 1122
610 1122
