921 941
920 942
919 942
918 943
917 944
916 945
915 946
914 947
913 948
912 948
911 948
910 949
909 949
908 950
907 951
906 952
905 952
904 953
903 954
902 955
901 956
900 956
899 956
898 957
897 958
896 958
895 959
894 959
893 960
892 961
891 962
890 963
889 963
888 964
887 965
886 966
885 966
884 967
883 968
882 968
881 968
880 969
879 969
878 970
877 971
876 971
875 972
874 973
873 973
872 974
872 975
871 976
870 977
870 978
869 979
868 980
868 981
868 982
867 983
867 984
866 985
866 986
865 987
865 988
865 989
865 990
865 991
865 992
864 993
864 994
864 995
864 996
864 997
864 998
864 999
864 1000
864 1001
864 1002
865 1002
866 1002
867 1002
868 1002
869 1002
870 1002
871 1002
872 1002
873 1002
874 1002
875 1002
876 1002
877 1002
878 1002
879 1002
880 1002
881 1002
882 1002
883 1002
884 1002
885 1002
886 1002
887 1002
888 1002
889 1002
890 1002
891 1002
892 1002
893 1002
894 1002
895 1002
896 1002
897 1002
898 1002
899 1002
900 1002
901 1002
902 1002
903 1002
904 1002
905 1002
906 1002
907 1001
908 1000
909 1000
910 999
911 999
912 999
913 999
914 999
915 999
916 998
917 998
918 998
919 998
920 998
921 998
922 998
923 998
924 998
925 998
926 998
927 998
928 998
929 998
930 999
931 999
932 999
933 999
934 999
935 999
936 999
937 1000
938 1000
939 1000
940 1001
941 1001
942 1001
943 1001
944 1001
945 1001
946 1001
947 1001
948 1001
949 1001
950 1001
951 1001
952 1001
953 1001
954 1001
955 1001
956 1001
957 1001
958 1001
959 1001
960 1001
961 1001
962 1001
963 1001
964 1001
965 1001
966 1001
967 1001
968 1002
969 1003
970 1003
971 1003
972 1003
973 1004
974 1004
975 1004
976 1004
977 1004
978 1005
979 1005
980 1005
981 1006
982 1006
983 1006
984 1006
985 1006
986 1006
987 1006
988 1006
989 1005
990 1005
991 1005
992 1004
993 1004
994 1004
995 1004
996 1004
997 1004
998 1003
999 1003
1000 1003
1001 1003
1002 1003
1003 1002
1003 1001
1003 1000
1003 999
1003 998
1003 997
1003 996
1003 995
1003 994
1004 993
1004 992
1005 991
1006 990
1007 989
1008 988
1009 987
1010 986
1010 985
1011 984
1011 983
1011 982
1011 981
1010 980
1010 979
1010 978
1009 977
1009 976
1009 975
1009 974
1009 973
1009 972
1009 971
1009 970
1008 969
1007 968
1007 967
1006 966
1005 965
1004 964
1003 963
1002 962
1001 961
1001 960
1000 959
999 958
998 957
997 956
996 955
995 955
994 955
993 954
992 954
991 954
990 953
989 953
988 952
987 951
986 951
985 950
984 950
983 949
982 949
981 948
980 948
979 947
978 947
977 947
976 946
975 946
974 946
973 945
972 945
971 945
970 945
969 944
968 944
967 944
966 943
965 943
964 943
963 943
962 943
961 943
960 943
959 943
958 943
957 943
956 943
955 943
954 943
953 943
952 943
951 943
950 943
949 943
948 943
947 943
946 943
945 943
944 943
943 943
942 943
941 943
940 943
939 943
938 943
937 943
936 943
935 943
934 943
933 943
932 943
931 942
930 942
929 942
928 942
927 941
926 941
925 941
924 941
923 941
922 941
921 941
