942 5181
941 5182
940 5182
939 5182
938 5182
937 5183
936 5184
935 5185
934 5186
933 5186
932 5187
931 5188
930 5188
929 5189
928 5189
927 5189
926 5189
925 5189
924 5189
923 5189
922 5189
921 5189
920 5189
919 5188
918 5188
917 5188
916 5188
915 5187
914 5187
913 5187
912 5187
911 5186
910 5186
909 5186
908 5185
907 5184
906 5184
905 5184
904 5184
903 5183
902 5183
901 5184
900 5184
899 5184
898 5184
897 5185
896 5185
895 5185
894 5185
893 5185
892 5185
891 5185
890 5185
889 5185
888 5185
887 5185
886 5185
885 5185
884 5185
883 5185
882 5185
881 5185
880 5185
879 5186
878 5186
877 5186
876 5186
875 5187
874 5188
873 5189
872 5190
871 5191
871 5192
870 5193
869 5194
868 5194
867 5195
866 5195
865 5196
864 5196
863 5197
862 5197
861 5198
860 5198
859 5199
858 5199
857 5199
856 5199
855 5199
854 5199
853 5199
852 5199
851 5199
850 5199
849 5200
848 5200
847 5200
846 5200
845 5201
844 5202
843 5202
842 5202
841 5203
840 5204
839 5204
838 5204
837 5204
836 5204
835 5204
834 5203
833 5202
832 5202
831 5202
830 5202
829 5201
828 5201
827 5201
826 5201
825 5201
824 5201
823 5202
822 5202
821 5202
820 5202
819 5203
818 5203
817 5203
816 5203
815 5203
814 5203
813 5203
812 5203
811 5203
810 5203
809 5204
808 5204
807 5205
806 5205
805 5206
804 5206
803 5207
802 5208
801 5209
800 5210
799 5210
798 5211
797 5212
796 5213
795 5214
794 5215
794 5216
793 5217
793 5218
793 5219
792 5220
791 5221
791 5222
791 5223
790 5224
789 5225
789 5226
788 5227
788 5228
787 5229
786 5230
785 5231
785 5232
784 5233
783 5234
782 5235
781 5236
780 5236
779 5237
778 5238
777 5238
776 5238
775 5239
774 5239
773 5239
772 5239
771 5239
770 5239
769 5238
768 5238
767 5238
766 5238
765 5238
764 5238
763 5239
762 5240
761 5240
761 5241
760 5242
759 5242
759 5243
758 5244
757 5244
757 5245
756 5246
755 5246
754 5247
753 5248
752 5248
751 5249
750 5249
749 5249
748 5249
747 5249
746 5249
745 5249
744 5249
743 5249
742 5249
741 5250
740 5250
739 5250
738 5250
737 5251
736 5251
735 5252
734 5252
733 5253
732 5253
731 5254
730 5254
729 5255
728 5255
727 5256
726 5256
725 5257
724 5258
723 5258
723 5259
722 5260
721 5260
720 5261
719 5262
718 5262
717 5263
716 5263
715 5264
714 5264
713 5264
712 5264
711 5265
710 5266
709 5266
708 5266
707 5267
706 5267
705 5267
704 5267
703 5267
702 5267
701 5267
700 5267
699 5267
698 5267
697 5267
696 5267
695 5267
694 5267
693 5268
692 5268
691 5269
690 5269
689 5270
688 5270
687 5271
686 5271
685 5271
684 5271
683 5272
682 5272
681 5272
680 5272
679 5273
678 5273
677 5273
676 5273
675 5273
674 5273
673 5273
672 5273
671 5273
670 5273
669 5273
668 5273
667 5274
666 5274
665 5274
664 5274
663 5275
662 5275
661 5275
660 5275
659 5275
658 5275
657 5275
656 5275
655 5275
654 5275
653 5275
652 5275
651 5276
650 5276
649 5276
648 5276
647 5277
646 5277
645 5277
644 5277
643 5277
642 5277
641 5277
640 5277
639 5277
638 5277
637 5277
636 5277
635 5277
634 5277
633 5278
632 5278
631 5278
630 5278
629 5279
628 5280
627 5280
626 5280
625 5281
624 5281
623 5282
622 5282
621 5282
620 5282
619 5283
618 5284
617 5284
616 5284
615 5285
614 5286
613 5286
612 5286
611 5287
610 5288
609 5289
608 5289
607 5290
606 5290
605 5291
604 5292
603 5292
602 5292
601 5293
600 5293
599 5294
598 5294
597 5294
596 5294
595 5295
594 5295
593 5295
592 5295
591 5295
590 5295
589 5295
588 5295
587 5295
586 5295
585 5295
584 5295
583 5296
582 5296
581 5296
580 5296
579 5297
578 5297
577 5297
576 5297
575 5297
574 5297
573 5297
572 5297
571 5297
570 5297
569 5298
568 5298
567 5298
566 5298
565 5299
564 5299
563 5299
562 5299
561 5299
560 5299
559 5299
558 5299
557 5299
556 5299
555 5299
554 5299
553 5299
552 5299
551 5299
550 5299
549 5299
548 5299
547 5299
546 5299
545 5299
544 5299
543 5299
542 5299
541 5300
540 5300
539 5300
538 5300
537 5301
536 5302
535 5302
534 5302
533 5303
532 5303
531 5304
530 5304
529 5305
528 5305
527 5306
526 5306
525 5307
524 5308
523 5309
522 5309
521 5310
520 5310
519 5311
518 5312
517 5313
516 5314
515 5314
514 5315
513 5316
512 5316
511 5317
510 5318
509 5318
508 5318
507 5319
506 5320
505 5320
504 5320
503 5321
502 5321
501 5321
500 5321
499 5320
498 5320
497 5320
496 5319
495 5318
494 5318
493 5318
492 5318
491 5318
490 5318
489 5319
488 5320
487 5320
487 5321
486 5322
485 5322
485 5323
484 5324
483 5324
483 5325
482 5326
481 5327
480 5328
479 5329
479 5330
478 5331
478 5332
477 5333
476 5334
475 5335
475 5336
474 5337
474 5338
473 5339
472 5340
471 5341
471 5342
471 5343
470 5344
469 5345
469 5346
469 5347
468 5348
467 5349
467 5350
467 5351
467 5352
466 5353
466 5354
466 5355
466 5356
465 5357
465 5358
465 5359
465 5360
464 5361
464 5362
464 5363
464 5364
464 5365
464 5366
464 5367
464 5368
464 5369
464 5370
464 5371
464 5372
463 5373
462 5373
461 5373
460 5373
459 5373
458 5373
457 5374
456 5374
455 5375
454 5376
453 5377
452 5378
451 5379
450 5380
449 5381
448 5382
447 5382
446 5382
445 5383
444 5383
443 5383
442 5383
441 5384
440 5384
439 5385
438 5386
437 5386
436 5387
435 5388
434 5388
433 5389
432 5389
431 5389
430 5389
429 5389
428 5389
427 5389
426 5389
425 5389
424 5389
423 5390
422 5390
421 5391
420 5392
419 5392
419 5393
418 5394
417 5394
417 5395
416 5396
415 5396
414 5397
413 5398
412 5398
411 5399
410 5399
409 5400
408 5400
407 5400
406 5400
405 5401
404 5401
403 5401
402 5401
401 5401
400 5401
399 5402
398 5402
397 5403
396 5404
395 5404
395 5405
394 5406
393 5406
393 5407
392 5408
391 5408
390 5409
389 5410
388 5410
387 5411
386 5411
385 5412
384 5412
383 5413
383 5414
382 5415
382 5416
382 5417
382 5418
381 5419
381 5420
380 5421
379 5422
378 5423
377 5424
376 5424
375 5425
374 5425
373 5425
372 5425
371 5425
370 5425
369 5426
368 5426
367 5427
366 5428
365 5428
365 5429
364 5430
363 5430
363 5431
362 5432
361 5432
361 5433
360 5434
359 5434
359 5435
358 5436
357 5436
357 5437
356 5438
355 5438
355 5439
354 5440
353 5440
353 5441
352 5442
351 5442
350 5443
349 5444
348 5444
347 5445
346 5446
345 5447
344 5448
343 5448
342 5449
341 5450
340 5450
339 5451
338 5452
337 5453
336 5454
335 5454
335 5455
334 5456
333 5456
333 5457
332 5458
331 5458
330 5459
329 5460
328 5460
327 5461
326 5461
325 5462
324 5462
323 5463
322 5464
321 5465
321 5466
321 5467
321 5468
320 5469
320 5470
319 5471
319 5472
318 5473
317 5474
317 5475
316 5476
315 5476
315 5477
314 5478
313 5478
313 5479
312 5480
311 5480
311 5481
310 5482
309 5482
309 5483
308 5484
307 5484
307 5485
306 5486
305 5487
304 5488
303 5489
303 5490
302 5491
301 5492
301 5493
300 5494
299 5495
298 5496
297 5497
297 5498
296 5499
295 5500
295 5501
294 5502
293 5503
293 5504
292 5505
292 5506
291 5507
291 5508
291 5509
290 5510
289 5511
289 5512
288 5513
287 5514
287 5515
286 5516
285 5517
285 5518
284 5519
284 5520
284 5521
284 5522
283 5523
283 5524
283 5525
282 5526
281 5527
281 5528
281 5529
281 5530
280 5531
280 5532
280 5533
280 5534
280 5535
280 5536
280 5537
280 5538
280 5539
280 5540
280 5541
280 5542
280 5543
280 5544
280 5545
280 5546
280 5547
280 5548
280 5549
280 5550
280 5551
280 5552
279 5553
279 5554
279 5555
279 5556
278 5557
278 5558
278 5559
278 5560
278 5561
278 5562
278 5563
278 5564
277 5565
277 5566
277 5567
277 5568
276 5569
276 5570
276 5571
276 5572
275 5573
275 5574
275 5575
274 5576
273 5577
273 5578
273 5579
273 5580
272 5581
272 5582
271 5583
271 5584
271 5585
271 5586
270 5587
270 5588
269 5589
269 5590
269 5591
268 5592
267 5593
267 5594
267 5595
267 5596
266 5597
266 5598
265 5599
265 5600
265 5601
265 5602
264 5603
264 5604
264 5605
264 5606
264 5607
264 5608
264 5609
264 5610
264 5611
264 5612
263 5613
263 5614
263 5615
263 5616
262 5617
262 5618
262 5619
262 5620
262 5621
262 5622
262 5623
262 5624
261 5625
261 5626
261 5627
261 5628
260 5629
260 5630
260 5631
260 5632
260 5633
260 5634
260 5635
260 5636
259 5637
259 5638
259 5639
259 5640
258 5641
258 5642
258 5643
258 5644
258 5645
258 5646
258 5647
258 5648
258 5649
258 5650
257 5651
257 5652
257 5653
257 5654
256 5655
256 5656
255 5657
255 5658
255 5659
255 5660
254 5661
254 5662
254 5663
254 5664
254 5665
254 5666
254 5667
254 5668
253 5669
253 5670
253 5671
253 5672
252 5673
252 5674
252 5675
252 5676
252 5677
252 5678
252 5679
252 5680
251 5681
251 5682
251 5683
251 5684
250 5685
250 5686
250 5687
250 5688
250 5689
250 5690
250 5691
250 5692
250 5693
250 5694
250 5695
250 5696
250 5697
250 5698
250 5699
250 5700
250 5701
250 5702
250 5703
250 5704
250 5705
250 5706
250 5707
250 5708
250 5709
250 5710
250 5711
250 5712
250 5713
250 5714
250 5715
250 5716
249 5717
249 5718
249 5719
249 5720
248 5721
248 5722
248 5723
248 5724
248 5725
248 5726
248 5727
248 5728
248 5729
248 5730
248 5731
248 5732
248 5733
248 5734
248 5735
248 5736
248 5737
248 5738
248 5739
248 5740
248 5741
248 5742
248 5743
248 5744
248 5745
248 5746
248 5747
248 5748
248 5749
248 5750
248 5751
248 5752
248 5753
248 5754
248 5755
248 5756
248 5757
248 5758
248 5759
248 5760
248 5761
248 5762
248 5763
248 5764
248 5765
248 5766
248 5767
248 5768
248 5769
248 5770
248 5771
248 5772
248 5773
248 5774
248 5775
248 5776
248 5777
248 5778
248 5779
248 5780
248 5781
248 5782
248 5783
248 5784
248 5785
248 5786
249 5787
249 5788
249 5789
249 5790
249 5791
249 5792
249 5793
249 5794
248 5795
248 5796
247 5797
247 5798
247 5799
247 5800
246 5801
246 5802
246 5803
246 5804
246 5805
246 5806
246 5807
246 5808
246 5809
246 5810
245 5811
245 5812
244 5813
243 5814
243 5815
242 5816
241 5816
241 5817
240 5818
239 5819
239 5820
238 5821
238 5822
238 5823
238 5824
238 5825
238 5826
237 5827
237 5828
237 5829
237 5830
236 5831
236 5832
236 5833
236 5834
236 5835
236 5836
236 5837
236 5838
235 5839
235 5840
235 5841
235 5842
234 5843
234 5844
234 5845
234 5846
234 5847
234 5848
234 5849
234 5850
234 5851
234 5852
234 5853
234 5854
234 5855
234 5856
234 5857
234 5858
234 5859
234 5860
235 5861
235 5862
235 5863
235 5864
236 5865
236 5866
237 5867
237 5868
237 5869
237 5870
238 5871
238 5872
239 5873
239 5874
240 5875
241 5876
241 5877
242 5878
243 5879
243 5880
244 5881
245 5882
246 5883
247 5884
247 5885
248 5885
249 5886
249 5887
250 5888
251 5889
251 5890
252 5891
253 5892
254 5893
255 5894
255 5895
256 5895
257 5896
257 5897
258 5898
259 5899
259 5900
260 5901
261 5902
261 5903
261 5904
262 5905
263 5906
263 5907
263 5908
264 5909
265 5910
265 5911
265 5912
266 5913
267 5914
267 5915
267 5916
268 5917
268 5918
269 5919
269 5920
269 5921
269 5922
270 5923
271 5924
271 5925
271 5926
272 5927
273 5928
273 5929
273 5930
274 5931
274 5932
275 5933
275 5934
275 5935
275 5936
276 5937
277 5938
278 5939
279 5940
279 5941
280 5941
281 5942
281 5943
282 5943
283 5944
284 5945
285 5946
286 5947
287 5947
288 5948
289 5949
290 5949
291 5950
292 5951
293 5952
294 5953
295 5953
296 5954
297 5954
298 5955
299 5956
300 5957
301 5957
302 5958
303 5959
304 5959
305 5960
305 5961
306 5961
307 5962
307 5963
308 5963
309 5964
309 5965
310 5965
311 5966
311 5967
312 5967
313 5968
314 5969
315 5970
316 5971
317 5971
318 5972
319 5973
320 5973
321 5974
322 5975
323 5976
324 5977
325 5977
326 5977
327 5978
328 5979
329 5979
330 5980
331 5981
332 5981
333 5982
333 5983
334 5983
335 5984
335 5985
336 5985
337 5986
338 5987
339 5988
340 5989
341 5989
342 5990
343 5991
343 5992
344 5993
345 5994
346 5995
346 5996
347 5997
347 5998
348 5999
349 6000
350 6001
351 6002
352 6003
353 6003
354 6004
355 6004
356 6005
357 6005
358 6005
359 6006
360 6007
361 6007
362 6008
363 6009
364 6009
365 6010
365 6011
366 6011
367 6012
368 6013
369 6014
370 6015
371 6015
372 6016
373 6016
374 6017
375 6018
376 6019
377 6019
378 6019
379 6020
380 6021
381 6021
382 6022
383 6023
384 6023
385 6024
386 6025
387 6026
388 6027
389 6027
390 6028
391 6028
392 6029
393 6030
394 6031
395 6031
396 6031
397 6032
398 6033
399 6033
400 6034
401 6034
402 6035
403 6036
404 6037
405 6037
406 6037
407 6038
408 6039
409 6039
410 6040
411 6041
412 6041
413 6042
413 6043
414 6043
415 6044
415 6045
416 6045
417 6046
418 6047
419 6047
420 6048
421 6048
422 6049
423 6049
424 6050
425 6051
426 6051
427 6052
428 6053
429 6054
430 6055
431 6055
432 6055
433 6056
434 6057
435 6057
436 6058
437 6059
438 6059
439 6060
439 6061
440 6061
441 6062
442 6063
443 6064
444 6065
445 6065
446 6065
447 6066
448 6067
449 6067
450 6067
451 6067
452 6068
453 6068
454 6069
455 6069
456 6069
457 6070
458 6071
459 6071
460 6071
461 6071
462 6072
463 6072
464 6072
465 6072
466 6073
467 6073
468 6073
469 6073
470 6074
471 6074
472 6074
473 6074
474 6075
475 6075
476 6075
477 6075
478 6076
479 6076
480 6077
481 6077
482 6077
483 6077
484 6078
485 6078
486 6078
487 6078
488 6079
489 6079
490 6080
491 6080
492 6081
493 6081
494 6082
495 6082
496 6082
497 6082
498 6082
499 6082
500 6082
501 6082
502 6083
503 6083
504 6083
505 6083
506 6084
507 6084
508 6084
509 6084
510 6085
511 6085
512 6086
513 6086
514 6087
515 6088
516 6089
517 6089
518 6089
519 6089
520 6090
521 6090
522 6090
523 6090
524 6091
525 6091
526 6091
527 6091
528 6092
529 6092
530 6092
531 6092
532 6092
533 6092
534 6093
535 6093
536 6093
537 6094
538 6095
539 6095
540 6095
541 6096
542 6097
543 6097
544 6097
545 6098
546 6099
547 6099
548 6099
549 6100
550 6101
551 6101
552 6101
553 6101
554 6102
555 6102
556 6102
557 6102
558 6103
559 6103
560 6104
561 6105
562 6105
563 6106
563 6107
564 6107
565 6108
565 6109
566 6109
567 6110
567 6111
568 6111
569 6112
569 6113
570 6113
571 6114
571 6115
572 6115
573 6116
573 6117
574 6117
575 6118
575 6119
576 6119
577 6120
577 6121
578 6121
579 6122
580 6123
581 6124
582 6125
583 6125
584 6126
585 6127
586 6127
587 6128
587 6129
588 6129
589 6130
589 6131
590 6131
591 6132
591 6133
592 6133
593 6134
593 6135
594 6135
595 6136
595 6137
596 6137
597 6138
598 6139
599 6140
600 6141
601 6141
602 6141
603 6142
604 6143
605 6143
606 6144
607 6144
608 6145
609 6145
610 6146
611 6146
612 6147
613 6147
614 6148
615 6148
616 6149
617 6150
618 6151
619 6151
620 6151
621 6151
622 6152
623 6152
624 6152
625 6152
626 6153
627 6153
628 6153
629 6154
630 6155
631 6155
632 6156
633 6157
634 6157
635 6158
635 6159
636 6160
637 6161
637 6162
638 6163
639 6164
639 6165
639 6166
640 6167
641 6168
641 6169
641 6170
642 6171
643 6172
644 6173
645 6174
646 6175
647 6176
648 6177
649 6177
650 6178
651 6179
652 6179
653 6180
653 6181
654 6181
655 6182
655 6183
656 6183
657 6184
657 6185
658 6185
659 6186
659 6187
660 6187
661 6188
662 6189
663 6190
664 6191
665 6191
666 6191
667 6192
668 6193
669 6193
670 6194
671 6195
672 6195
673 6196
673 6197
674 6197
675 6198
676 6199
677 6199
678 6200
679 6200
680 6201
681 6201
682 6201
683 6202
684 6203
685 6203
686 6204
687 6205
688 6205
689 6206
690 6207
691 6207
692 6208
693 6208
694 6208
695 6208
696 6208
697 6208
698 6209
699 6209
700 6209
701 6210
702 6211
703 6211
704 6211
705 6212
706 6213
707 6213
708 6214
709 6215
710 6215
711 6216
711 6217
712 6217
713 6218
713 6219
714 6219
715 6220
716 6221
717 6221
718 6222
719 6222
720 6222
721 6222
722 6222
723 6222
724 6222
725 6222
726 6222
727 6222
728 6222
729 6222
730 6222
731 6222
732 6222
733 6222
734 6222
735 6222
736 6222
737 6222
738 6222
739 6222
740 6222
741 6222
742 6223
743 6223
744 6223
745 6224
746 6225
747 6225
748 6225
749 6225
750 6226
751 6226
752 6226
753 6226
754 6226
755 6226
756 6226
757 6226
758 6226
759 6226
760 6226
761 6226
762 6226
763 6226
764 6226
765 6226
766 6226
767 6226
768 6226
769 6226
770 6226
771 6226
772 6226
773 6226
774 6226
775 6226
776 6226
777 6226
778 6227
779 6227
780 6228
781 6229
782 6229
783 6230
783 6231
784 6231
785 6232
785 6233
786 6233
787 6234
787 6235
788 6235
789 6236
789 6237
790 6237
791 6238
792 6239
793 6240
794 6241
795 6241
796 6241
797 6241
798 6242
799 6242
800 6241
801 6241
802 6241
803 6241
804 6240
805 6240
806 6240
807 6240
808 6240
809 6240
810 6241
811 6241
812 6241
813 6241
814 6242
815 6242
816 6242
817 6242
818 6242
819 6242
820 6242
821 6242
822 6242
823 6242
824 6242
825 6242
826 6242
827 6242
828 6242
829 6242
830 6241
831 6241
832 6241
833 6241
834 6240
835 6240
836 6240
837 6240
838 6240
839 6240
840 6240
841 6240
842 6240
843 6240
844 6240
845 6240
846 6240
847 6240
848 6240
849 6240
850 6240
851 6240
852 6240
853 6240
854 6240
855 6240
856 6240
857 6240
858 6240
859 6240
860 6240
861 6240
862 6240
863 6240
864 6240
865 6240
866 6240
867 6240
868 6240
869 6240
870 6240
871 6240
872 6240
873 6240
874 6240
875 6240
876 6239
877 6239
878 6239
879 6239
880 6238
881 6238
882 6238
883 6238
884 6238
885 6238
886 6238
887 6238
888 6238
889 6238
890 6237
891 6237
892 6236
893 6235
894 6235
895 6234
896 6233
897 6233
898 6232
899 6232
900 6232
901 6232
902 6232
903 6232
904 6232
905 6232
906 6232
907 6232
908 6232
909 6232
910 6233
911 6233
912 6233
913 6234
914 6235
915 6235
916 6235
917 6235
918 6236
919 6236
920 6236
921 6236
922 6236
923 6236
924 6236
925 6236
926 6235
927 6235
928 6235
929 6235
930 6234
931 6234
932 6234
933 6234
934 6234
935 6234
936 6234
937 6234
938 6234
939 6234
940 6234
941 6234
942 6234
943 6234
944 6234
945 6234
946 6235
947 6235
948 6235
949 6235
950 6236
951 6236
952 6236
953 6236
954 6237
955 6237
956 6237
957 6237
958 6238
959 6238
960 6237
961 6237
962 6237
963 6237
964 6236
965 6236
966 6236
967 6236
968 6236
969 6236
970 6236
971 6236
972 6236
973 6236
974 6236
975 6236
976 6236
977 6236
978 6236
979 6236
980 6235
981 6235
982 6235
983 6235
984 6234
985 6234
986 6234
987 6234
988 6234
989 6234
990 6235
991 6235
992 6235
993 6235
994 6236
995 6236
996 6236
997 6236
998 6236
999 6236
1000 6236
1001 6236
1002 6236
1003 6236
1004 6236
1005 6236
1006 6236
1007 6236
1008 6235
1009 6235
1010 6235
1011 6235
1012 6234
1013 6234
1014 6234
1015 6234
1016 6234
1017 6234
1018 6234
1019 6234
1020 6234
1021 6234
1022 6234
1023 6234
1024 6233
1025 6233
1026 6233
1027 6233
1028 6233
1029 6233
1030 6233
1031 6233
1032 6234
1033 6234
1034 6234
1035 6234
1036 6233
1037 6233
1038 6233
1039 6233
1040 6232
1041 6232
1042 6232
1043 6232
1044 6232
1045 6232
1046 6233
1047 6233
1048 6233
1049 6233
1050 6234
1051 6234
1052 6234
1053 6234
1054 6234
1055 6234
1056 6234
1057 6234
1058 6234
1059 6234
1060 6234
1061 6234
1062 6234
1063 6234
1064 6234
1065 6234
1066 6234
1067 6234
1068 6234
1069 6234
1070 6234
1071 6234
1072 6235
1073 6235
1074 6235
1075 6235
1076 6236
1077 6236
1078 6236
1079 6236
1080 6236
1081 6236
1082 6236
1083 6236
1084 6235
1085 6235
1086 6234
1087 6233
1088 6233
1089 6232
1090 6231
1091 6231
1092 6230
1093 6230
1094 6230
1095 6230
1096 6230
1097 6230
1098 6231
1099 6231
1100 6231
1101 6231
1102 6232
1103 6232
1104 6232
1105 6232
1106 6232
1107 6232
1108 6232
1109 6232
1110 6232
1111 6232
1112 6232
1113 6232
1114 6231
1115 6231
1116 6231
1117 6231
1118 6230
1119 6230
1120 6231
1121 6231
1122 6232
1123 6232
1124 6233
1125 6233
1126 6234
1127 6234
1128 6233
1129 6233
1130 6233
1131 6233
1132 6232
1133 6232
1134 6231
1135 6231
1136 6231
1137 6231
1138 6230
1139 6230
1140 6230
1141 6230
1142 6230
1143 6230
1144 6230
1145 6230
1146 6230
1147 6230
1148 6231
1149 6231
1150 6230
1151 6230
1152 6230
1153 6230
1154 6229
1155 6229
1156 6229
1157 6229
1158 6229
1159 6229
1160 6230
1161 6230
1162 6230
1163 6230
1164 6230
1165 6230
1166 6230
1167 6230
1168 6229
1169 6229
1170 6229
1171 6229
1172 6228
1173 6228
1174 6228
1175 6228
1176 6228
1177 6228
1178 6228
1179 6228
1180 6228
1181 6228
1182 6229
1183 6229
1184 6229
1185 6229
1186 6230
1187 6230
1188 6230
1189 6230
1190 6230
1191 6230
1192 6230
1193 6230
1194 6230
1195 6230
1196 6230
1197 6230
1198 6230
1199 6230
1200 6230
1201 6230
1202 6230
1203 6230
1204 6230
1205 6230
1206 6230
1207 6230
1208 6231
1209 6231
1210 6232
1211 6233
1212 6233
1213 6234
1214 6235
1215 6235
1216 6235
1217 6235
1218 6235
1219 6235
1220 6234
1221 6234
1222 6234
1223 6234
1224 6234
1225 6234
1226 6234
1227 6234
1228 6234
1229 6234
1230 6234
1231 6234
1232 6234
1233 6234
1234 6234
1235 6234
1236 6233
1237 6233
1238 6233
1239 6233
1240 6232
1241 6232
1242 6232
1243 6232
1244 6232
1245 6232
1246 6232
1247 6232
1248 6232
1249 6232
1250 6232
1251 6232
1252 6232
1253 6232
1254 6231
1255 6231
1256 6231
1257 6231
1258 6230
1259 6230
1260 6231
1261 6231
1262 6231
1263 6231
1264 6232
1265 6232
1266 6231
1267 6231
1268 6231
1269 6231
1270 6230
1271 6230
1272 6230
1273 6230
1274 6230
1275 6230
1276 6230
1277 6230
1278 6230
1279 6230
1280 6230
1281 6230
1282 6230
1283 6230
1284 6229
1285 6229
1286 6229
1287 6229
1288 6228
1289 6228
1290 6229
1291 6229
1292 6229
1293 6229
1294 6230
1295 6230
1296 6230
1297 6230
1298 6229
1299 6229
1300 6229
1301 6229
1302 6228
1303 6228
1304 6228
1305 6228
1306 6228
1307 6228
1308 6228
1309 6228
1310 6228
1311 6228
1312 6228
1313 6228
1314 6228
1315 6228
1316 6228
1317 6228
1318 6228
1319 6228
1320 6229
1321 6229
1322 6229
1323 6229
1324 6230
1325 6230
1326 6230
1327 6230
1328 6231
1329 6231
1330 6231
1331 6231
1332 6232
1333 6232
1334 6233
1335 6233
1336 6233
1337 6233
1338 6234
1339 6234
1340 6234
1341 6234
1342 6233
1343 6233
1344 6233
1345 6233
1346 6232
1347 6232
1348 6232
1349 6232
1350 6232
1351 6232
1352 6232
1353 6232
1354 6232
1355 6232
1356 6232
1357 6232
1358 6232
1359 6232
1360 6233
1361 6233
1362 6234
1363 6235
1364 6235
1365 6236
1366 6237
1367 6237
1368 6238
1369 6238
1370 6238
1371 6238
1372 6237
1373 6237
1374 6237
1375 6237
1376 6236
1377 6236
1378 6236
1379 6236
1380 6236
1381 6236
1382 6236
1383 6236
1384 6235
1385 6235
1386 6235
1387 6235
1388 6234
1389 6234
1390 6234
1391 6234
1392 6235
1393 6235
1394 6235
1395 6236
1396 6237
1397 6237
1398 6237
1399 6237
1400 6238
1401 6238
1402 6239
1403 6239
1404 6239
1405 6239
1406 6240
1407 6240
1408 6240
1409 6240
1410 6239
1411 6239
1412 6239
1413 6239
1414 6239
1415 6239
1416 6240
1417 6240
1418 6241
1419 6241
1420 6242
1421 6242
1422 6242
1423 6242
1424 6243
1425 6243
1426 6243
1427 6244
1428 6245
1429 6245
1430 6245
1431 6245
1432 6246
1433 6246
1434 6246
1435 6246
1436 6245
1437 6245
1438 6244
1439 6244
1440 6243
1441 6243
1442 6242
1443 6242
1444 6242
1445 6242
1446 6243
1447 6243
1448 6243
1449 6243
1450 6244
1451 6244
1452 6245
1453 6245
1454 6245
1455 6245
1456 6246
1457 6246
1458 6247
1459 6247
1460 6247
1461 6247
1462 6247
1463 6247
1464 6247
1465 6247
1466 6246
1467 6246
1468 6246
1469 6246
1470 6246
1471 6246
1472 6246
1473 6246
1474 6246
1475 6246
1476 6246
1477 6246
1478 6246
1479 6246
1480 6246
1481 6246
1482 6246
1483 6246
1484 6246
1485 6246
1486 6247
1487 6247
1488 6247
1489 6247
1490 6248
1491 6248
1492 6248
1493 6248
1494 6248
1495 6248
1496 6248
1497 6248
1498 6248
1499 6248
1500 6248
1501 6248
1502 6248
1503 6248
1504 6248
1505 6248
1506 6248
1507 6248
1508 6248
1509 6248
1510 6249
1511 6249
1512 6249
1513 6249
1514 6250
1515 6250
1516 6251
1517 6251
1518 6251
1519 6251
1520 6251
1521 6251
1522 6251
1523 6251
1524 6250
1525 6250
1526 6250
1527 6250
1528 6250
1529 6250
1530 6251
1531 6251
1532 6251
1533 6251
1534 6252
1535 6252
1536 6253
1537 6253
1538 6253
1539 6254
1540 6255
1541 6255
1542 6255
1543 6255
1544 6256
1545 6256
1546 6256
1547 6256
1548 6255
1549 6255
1550 6255
1551 6255
1552 6254
1553 6254
1554 6254
1555 6254
1556 6254
1557 6254
1558 6255
1559 6255
1560 6255
1561 6256
1562 6257
1563 6257
1564 6257
1565 6257
1566 6258
1567 6258
1568 6258
1569 6258
1570 6259
1571 6259
1572 6259
1573 6259
1574 6260
1575 6260
1576 6260
1577 6260
1578 6260
1579 6260
1580 6260
1581 6260
1582 6260
1583 6260
1584 6260
1585 6260
1586 6260
1587 6260
1588 6261
1589 6261
1590 6261
1591 6261
1592 6262
1593 6262
1594 6262
1595 6262
1596 6262
1597 6262
1598 6262
1599 6262
1600 6262
1601 6262
1602 6262
1603 6262
1604 6262
1605 6262
1606 6262
1607 6262
1608 6262
1609 6262
1610 6262
1611 6262
1612 6262
1613 6262
1614 6262
1615 6262
1616 6262
1617 6262
1618 6262
1619 6262
1620 6263
1621 6263
1622 6263
1623 6263
1624 6264
1625 6264
1626 6264
1627 6264
1628 6264
1629 6264
1630 6264
1631 6264
1632 6264
1633 6264
1634 6264
1635 6264
1636 6264
1637 6264
1638 6264
1639 6264
1640 6264
1641 6264
1642 6264
1643 6264
1644 6264
1645 6264
1646 6264
1647 6264
1648 6264
1649 6264
1650 6264
1651 6264
1652 6265
1653 6265
1654 6265
1655 6265
1656 6266
1657 6266
1658 6266
1659 6266
1660 6267
1661 6267
1662 6267
1663 6267
1664 6268
1665 6268
1666 6268
1667 6268
1668 6268
1669 6268
1670 6268
1671 6268
1672 6268
1673 6268
1674 6268
1675 6268
1676 6269
1677 6269
1678 6270
1679 6270
1680 6270
1681 6270
1682 6271
1683 6271
1684 6270
1685 6270
1686 6270
1687 6270
1688 6270
1689 6270
1690 6270
1691 6270
1692 6271
1693 6271
1694 6271
1695 6272
1696 6273
1697 6273
1698 6273
1699 6273
1700 6274
1701 6274
1702 6274
1703 6274
1704 6274
1705 6274
1706 6274
1707 6274
1708 6274
1709 6274
1710 6274
1711 6274
1712 6274
1713 6274
1714 6274
1715 6274
1716 6274
1717 6274
1718 6274
1719 6274
1720 6274
1721 6274
1722 6274
1723 6274
1724 6275
1725 6275
1726 6275
1727 6275
1728 6276
1729 6276
1730 6276
1731 6276
1732 6277
1733 6277
1734 6277
1735 6277
1736 6278
1737 6278
1738 6279
1739 6279
1740 6279
1741 6279
1742 6280
1743 6280
1744 6281
1745 6281
1746 6281
1747 6282
1748 6283
1749 6283
1750 6283
1751 6283
1752 6284
1753 6284
1754 6284
1755 6284
1756 6284
1757 6284
1758 6284
1759 6284
1760 6284
1761 6284
1762 6285
1763 6285
1764 6285
1765 6285
1766 6286
1767 6286
1768 6287
1769 6288
1770 6289
1771 6290
1772 6291
1773 6291
1774 6292
1775 6292
1776 6292
1777 6292
1778 6292
1779 6292
1780 6292
1781 6292
1782 6292
1783 6292
1784 6292
1785 6292
1786 6292
1787 6292
1788 6293
1789 6293
1790 6293
1791 6294
1792 6295
1793 6295
1794 6296
1795 6296
1796 6297
1797 6297
1798 6298
1799 6298
1800 6298
1801 6298
1802 6298
1803 6298
1804 6298
1805 6298
1806 6299
1807 6299
1808 6299
1809 6299
1810 6300
1811 6300
1812 6301
1813 6301
1814 6301
1815 6302
1816 6303
1817 6303
1818 6304
1819 6304
1820 6305
1821 6305
1822 6306
1823 6306
1824 6306
1825 6306
1826 6307
1827 6307
1828 6307
1829 6307
1830 6308
1831 6308
1832 6308
1833 6308
1834 6308
1835 6308
1836 6309
1837 6309
1838 6310
1839 6310
1840 6311
1841 6311
1842 6312
1843 6312
1844 6312
1845 6312
1846 6312
1847 6312
1848 6313
1849 6313
1850 6314
1851 6314
1852 6315
1853 6315
1854 6316
1855 6316
1856 6316
1857 6316
1858 6316
1859 6316
1860 6316
1861 6316
1862 6316
1863 6316
1864 6316
1865 6316
1866 6317
1867 6317
1868 6317
1869 6317
1870 6318
1871 6318
1872 6318
1873 6318
1874 6317
1875 6317
1876 6317
1877 6317
1878 6317
1879 6317
1880 6318
1881 6318
1882 6319
1883 6320
1884 6321
1885 6321
1886 6321
1887 6322
1888 6323
1889 6323
1890 6323
1891 6324
1892 6325
1893 6325
1894 6325
1895 6325
1896 6326
1897 6326
1898 6326
1899 6326
1900 6326
1901 6326
1902 6327
1903 6327
1904 6327
1905 6327
1906 6328
1907 6328
1908 6328
1909 6328
1910 6328
1911 6328
1912 6329
1913 6329
1914 6330
1915 6330
1916 6331
1917 6331
1918 6332
1919 6332
1920 6333
1921 6333
1922 6334
1923 6335
1924 6335
1925 6336
1926 6337
1927 6337
1928 6338
1929 6338
1930 6338
1931 6338
1932 6338
1933 6338
1934 6338
1935 6338
1936 6338
1937 6338
1938 6339
1939 6339
1940 6339
1941 6339
1942 6340
1943 6340
1944 6340
1945 6340
1946 6340
1947 6340
1948 6340
1949 6340
1950 6340
1951 6340
1952 6339
1953 6339
1954 6339
1955 6339
1956 6338
1957 6338
1958 6338
1959 6338
1960 6338
1961 6338
1962 6337
1963 6337
1964 6337
1965 6337
1966 6336
1967 6336
1968 6335
1969 6335
1970 6335
1971 6335
1972 6334
1973 6333
1974 6333
1975 6333
1976 6332
1977 6332
1978 6332
1979 6332
1980 6331
1981 6331
1982 6331
1983 6331
1984 6330
1985 6330
1986 6330
1987 6330
1988 6330
1989 6330
1990 6329
1991 6329
1992 6329
1993 6329
1994 6328
1995 6328
1996 6327
1997 6327
1998 6327
1999 6327
2000 6326
2001 6325
2002 6324
2003 6324
2004 6323
2005 6323
2006 6322
2007 6322
2008 6321
2009 6321
2010 6321
2011 6321
2012 6320
2013 6320
2014 6320
2015 6320
2016 6320
2017 6320
2018 6319
2019 6319
2020 6318
2021 6317
2022 6317
2023 6316
2024 6315
2025 6315
2026 6314
2027 6314
2028 6313
2029 6313
2030 6313
2031 6313
2032 6312
2033 6311
2034 6311
2035 6311
2036 6310
2037 6310
2038 6310
2039 6310
2040 6310
2041 6310
2042 6310
2043 6310
2044 6310
2045 6310
2046 6309
2047 6309
2048 6308
2049 6307
2050 6307
2051 6306
2052 6305
2053 6305
2054 6304
2055 6303
2056 6303
2057 6303
2058 6302
2059 6302
2060 6301
2061 6301
2062 6300
2063 6300
2064 6299
2065 6299
2066 6298
2067 6298
2068 6298
2069 6298
2070 6298
2071 6298
2072 6298
2073 6298
2074 6298
2075 6298
2076 6298
2077 6298
2078 6298
2079 6298
2080 6297
2081 6297
2082 6297
2083 6297
2084 6296
2085 6296
2086 6296
2087 6296
2088 6295
2089 6295
2090 6295
2091 6295
2092 6294
2093 6294
2094 6294
2095 6294
2096 6294
2097 6294
2098 6294
2099 6294
2100 6295
2101 6295
2102 6295
2103 6295
2104 6296
2105 6296
2106 6297
2107 6297
2108 6297
2109 6298
2110 6299
2111 6299
2112 6299
2113 6299
2114 6300
2115 6300
2116 6299
2117 6299
2118 6298
2119 6297
2120 6296
2120 6295
2121 6294
2121 6293
2122 6292
2122 6291
2122 6290
2122 6289
2123 6288
2123 6287
2123 6286
2123 6285
2123 6284
2123 6283
2123 6282
2123 6281
2123 6280
2123 6279
2123 6278
2123 6277
2123 6276
2123 6275
2124 6274
2124 6273
2124 6272
2125 6271
2126 6270
2126 6269
2126 6268
2126 6267
2127 6266
2127 6265
2128 6264
2128 6263
2129 6262
2130 6261
2131 6260
2132 6259
2133 6259
2134 6258
2135 6258
2136 6258
2137 6258
2138 6258
2139 6258
2140 6258
2141 6258
2142 6257
2143 6257
2144 6257
2145 6257
2146 6256
2147 6255
2148 6255
2149 6255
2150 6254
2151 6254
2152 6254
2153 6254
2154 6253
2155 6253
2156 6253
2157 6253
2158 6252
2159 6252
2160 6251
2161 6251
2162 6251
2163 6251
2164 6250
2165 6250
2166 6249
2167 6249
2168 6249
2169 6249
2170 6248
2171 6248
2172 6247
2173 6247
2174 6247
2175 6247
2176 6246
2177 6246
2178 6246
2179 6246
2180 6246
2181 6246
2182 6246
2183 6246
2184 6246
2185 6246
2186 6245
2187 6245
2188 6245
2189 6245
2190 6244
2191 6243
2192 6242
2193 6242
2194 6241
2195 6241
2196 6240
2197 6240
2198 6240
2199 6240
2200 6240
2201 6240
2202 6240
2203 6240
2204 6239
2205 6238
2206 6237
2206 6236
2206 6235
2207 6234
2207 6233
2208 6232
2208 6231
2208 6230
2209 6229
2210 6228
2210 6227
2210 6226
2210 6225
2211 6224
2211 6223
2211 6222
2211 6221
2211 6220
2211 6219
2211 6218
2211 6217
2211 6216
2211 6215
2211 6214
2211 6213
2211 6212
2211 6211
2212 6210
2212 6209
2213 6208
2214 6207
2215 6207
2216 6206
2217 6206
2218 6205
2219 6205
2220 6205
2221 6205
2222 6204
2223 6204
2224 6204
2225 6204
2226 6205
2227 6205
2228 6205
2229 6206
2230 6207
2231 6207
2232 6208
2233 6209
2234 6209
2235 6210
2236 6211
2237 6211
2238 6211
2239 6211
2240 6211
2241 6211
2242 6210
2243 6209
2244 6209
2245 6209
2246 6208
2247 6208
2248 6209
2249 6209
2250 6209
2251 6209
2252 6210
2253 6210
2254 6210
2255 6210
2256 6210
2257 6210
2258 6210
2259 6210
2260 6211
2261 6211
2262 6211
2263 6211
2264 6212
2265 6212
2266 6212
2267 6212
2268 6212
2269 6212
2270 6213
2271 6213
2272 6213
2273 6213
2274 6214
2275 6214
2276 6214
2277 6214
2278 6215
2279 6215
2280 6215
2281 6215
2282 6216
2283 6216
2284 6216
2285 6216
2286 6216
2287 6216
2288 6216
2289 6216
2290 6216
2291 6216
2292 6216
2293 6216
2294 6216
2295 6216
2296 6216
2297 6216
2298 6216
2299 6216
2300 6217
2301 6217
2302 6217
2303 6218
2304 6219
2305 6219
2306 6220
2307 6221
2308 6222
2309 6223
2310 6224
2311 6225
2312 6225
2313 6225
2314 6226
2315 6226
2316 6226
2317 6226
2318 6227
2319 6227
2320 6227
2321 6227
2322 6228
2323 6228
2324 6229
2325 6229
2326 6229
2327 6230
2328 6231
2329 6231
2330 6231
2331 6231
2332 6232
2333 6232
2334 6233
2335 6233
2336 6233
2337 6233
2338 6234
2339 6234
2340 6234
2341 6234
2342 6234
2343 6234
2344 6235
2345 6235
2346 6236
2347 6237
2347 6238
2348 6239
2349 6240
2350 6241
2351 6242
2352 6243
2353 6244
2354 6245
2355 6245
2356 6245
2357 6246
2358 6247
2359 6247
2360 6247
2361 6247
2362 6248
2363 6248
2364 6248
2365 6248
2366 6247
2367 6247
2368 6247
2369 6247
2370 6247
2371 6247
2372 6248
2373 6248
2374 6249
2375 6250
2376 6251
2377 6251
2378 6251
2379 6252
2380 6253
2381 6253
2382 6253
2383 6253
2384 6254
2385 6254
2386 6254
2387 6254
2388 6255
2389 6255
2390 6256
2391 6256
2392 6257
2393 6257
2394 6257
2395 6257
2396 6257
2397 6257
2398 6256
2399 6255
2400 6255
2401 6255
2402 6254
2403 6253
2404 6253
2405 6253
2406 6252
2407 6251
2408 6250
2409 6250
2410 6249
2411 6249
2412 6248
2413 6247
2414 6246
2415 6246
2416 6245
2417 6245
2418 6244
2419 6243
2420 6243
2421 6243
2422 6242
2423 6242
2424 6241
2425 6241
2426 6241
2427 6241
2428 6240
2429 6239
2430 6238
2431 6237
2432 6237
2432 6236
2433 6235
2434 6235
2434 6234
2435 6233
2436 6233
2436 6232
2437 6231
2438 6231
2438 6230
2439 6229
2440 6229
2440 6228
2441 6227
2442 6227
2443 6226
2444 6225
2445 6225
2446 6224
2447 6224
2448 6223
2449 6223
2450 6223
2451 6223
2452 6222
2453 6221
2454 6220
2455 6220
2456 6219
2457 6219
2458 6218
2459 6217
2460 6217
2461 6217
2462 6216
2463 6216
2464 6215
2465 6215
2466 6214
2467 6213
2468 6212
2468 6211
2469 6210
2470 6209
2471 6208
2472 6207
2473 6207
2474 6206
2475 6206
2476 6205
2477 6205
2478 6204
2479 6203
2480 6203
2481 6202
2482 6201
2483 6201
2484 6200
2485 6200
2486 6199
2487 6199
2488 6198
2489 6197
2490 6197
2490 6196
2491 6195
2492 6194
2493 6193
2494 6192
2494 6191
2494 6190
2495 6189
2496 6188
2496 6187
2496 6186
2496 6185
2497 6184
2497 6183
2498 6182
2498 6181
2498 6180
2499 6179
2500 6178
2500 6177
2500 6176
2501 6175
2502 6174
2502 6173
2503 6172
2503 6171
2504 6170
2505 6169
2506 6168
2506 6167
2507 6166
2508 6165
2508 6164
2509 6163
2510 6163
2510 6162
2511 6161
2512 6161
2512 6160
2513 6159
2514 6158
2515 6157
2516 6156
2516 6155
2517 6154
2518 6153
2518 6152
2519 6151
2520 6151
2520 6150
2521 6149
2522 6149
2522 6148
2523 6147
2524 6147
2524 6146
2525 6145
2526 6144
2527 6143
2528 6142
2528 6141
2529 6140
2530 6139
2530 6138
2531 6137
2532 6136
2533 6135
2534 6134
2534 6133
2535 6132
2536 6131
2536 6130
2537 6129
2538 6129
2539 6128
2540 6127
2541 6127
2542 6126
2543 6125
2544 6125
2545 6125
2546 6124
2547 6123
2548 6123
2549 6123
2550 6122
2551 6121
2552 6121
2553 6121
2554 6120
2555 6119
2556 6118
2557 6118
2558 6117
2559 6117
2560 6116
2561 6115
2562 6114
2563 6113
2564 6112
2565 6111
2566 6110
2566 6109
2566 6108
2567 6107
2568 6106
2568 6105
2569 6104
2569 6103
2570 6102
2571 6101
2572 6100
2572 6099
2572 6098
2572 6097
2573 6096
2573 6095
2574 6094
2574 6093
2574 6092
2574 6091
2575 6090
2575 6089
2576 6088
2576 6087
2576 6086
2576 6085
2577 6084
2577 6083
2578 6082
2578 6081
2578 6080
2579 6079
2580 6078
2580 6077
2580 6076
2580 6075
2581 6074
2581 6073
2582 6072
2582 6071
2582 6070
2582 6069
2583 6068
2583 6067
2584 6066
2584 6065
2584 6064
2584 6063
2585 6062
2585 6061
2585 6060
2585 6059
2585 6058
2585 6057
2586 6056
2586 6055
2586 6054
2587 6053
2588 6052
2588 6051
2588 6050
2588 6049
2589 6048
2589 6047
2589 6046
2589 6045
2590 6044
2590 6043
2590 6042
2590 6041
2591 6040
2591 6039
2592 6038
2592 6037
2592 6036
2592 6035
2593 6034
2593 6033
2593 6032
2593 6031
2594 6030
2594 6029
2594 6028
2594 6027
2595 6026
2595 6025
2595 6024
2595 6023
2595 6022
2595 6021
2596 6020
2596 6019
2596 6018
2597 6017
2598 6016
2598 6015
2598 6014
2598 6013
2599 6012
2599 6011
2599 6010
2599 6009
2600 6008
2600 6007
2600 6006
2600 6005
2601 6004
2601 6003
2601 6002
2601 6001
2601 6000
2601 5999
2602 5998
2602 5997
2602 5996
2602 5995
2603 5994
2603 5993
2604 5992
2604 5991
2604 5990
2604 5989
2605 5988
2605 5987
2606 5986
2606 5985
2606 5984
2607 5983
2608 5982
2608 5981
2608 5980
2608 5979
2609 5978
2609 5977
2610 5976
2610 5975
2610 5974
2610 5973
2611 5972
2611 5971
2611 5970
2611 5969
2612 5968
2612 5967
2612 5966
2613 5965
2614 5964
2614 5963
2614 5962
2615 5961
2616 5960
2616 5959
2616 5958
2617 5957
2618 5956
2618 5955
2618 5954
2619 5953
2620 5952
2620 5951
2620 5950
2620 5949
2621 5948
2621 5947
2622 5946
2622 5945
2622 5944
2623 5943
2624 5942
2624 5941
2624 5940
2625 5939
2626 5938
2626 5937
2626 5936
2627 5935
2628 5934
2628 5933
2628 5932
2629 5931
2630 5930
2630 5929
2630 5928
2630 5927
2631 5926
2631 5925
2632 5924
2632 5923
2632 5922
2632 5921
2633 5920
2633 5919
2633 5918
2633 5917
2634 5916
2634 5915
2634 5914
2634 5913
2635 5912
2635 5911
2635 5910
2635 5909
2636 5908
2636 5907
2636 5906
2636 5905
2637 5904
2637 5903
2637 5902
2637 5901
2637 5900
2637 5899
2638 5898
2638 5897
2638 5896
2638 5895
2639 5894
2639 5893
2639 5892
2639 5891
2639 5890
2639 5889
2639 5888
2639 5887
2639 5886
2639 5885
2639 5884
2639 5883
2639 5882
2639 5881
2640 5880
2640 5879
2640 5878
2640 5877
2641 5876
2641 5875
2641 5874
2641 5873
2641 5872
2641 5871
2641 5870
2641 5869
2642 5868
2642 5867
2642 5866
2642 5865
2643 5864
2643 5863
2643 5862
2643 5861
2644 5860
2644 5859
2644 5858
2644 5857
2645 5856
2645 5855
2645 5854
2645 5853
2646 5852
2646 5851
2646 5850
2646 5849
2647 5848
2647 5847
2648 5846
2648 5845
2648 5844
2648 5843
2649 5842
2649 5841
2649 5840
2649 5839
2650 5838
2650 5837
2650 5836
2650 5835
2651 5834
2651 5833
2652 5832
2652 5831
2652 5830
2652 5829
2653 5828
2653 5827
2654 5826
2654 5825
2655 5824
2655 5823
2656 5822
2657 5821
2658 5820
2658 5819
2658 5818
2658 5817
2659 5816
2659 5815
2660 5814
2660 5813
2660 5812
2661 5811
2662 5810
2662 5809
2662 5808
2662 5807
2663 5806
2663 5805
2663 5804
2663 5803
2663 5802
2663 5801
2663 5800
2663 5799
2663 5798
2663 5797
2663 5796
2663 5795
2663 5794
2663 5793
2663 5792
2663 5791
2663 5790
2663 5789
2662 5788
2662 5787
2662 5786
2662 5785
2661 5784
2661 5783
2660 5782
2660 5781
2660 5780
2660 5779
2659 5778
2659 5777
2659 5776
2659 5775
2658 5774
2658 5773
2658 5772
2658 5771
2657 5770
2656 5769
2656 5768
2656 5767
2655 5766
2654 5765
2654 5764
2654 5763
2653 5762
2653 5761
2652 5760
2652 5759
2651 5758
2651 5757
2650 5756
2650 5755
2649 5754
2648 5753
2648 5752
2648 5751
2647 5750
2647 5749
2646 5748
2646 5747
2646 5746
2646 5745
2645 5744
2644 5743
2644 5742
2644 5741
2643 5740
2643 5739
2643 5738
2643 5737
2643 5736
2643 5735
2643 5734
2643 5733
2643 5732
2643 5731
2643 5730
2643 5729
2643 5728
2643 5727
2643 5726
2643 5725
2643 5724
2643 5723
2643 5722
2643 5721
2643 5720
2643 5719
2643 5718
2643 5717
2643 5716
2643 5715
2643 5714
2643 5713
2643 5712
2643 5711
2643 5710
2643 5709
2643 5708
2643 5707
2643 5706
2643 5705
2643 5704
2643 5703
2643 5702
2643 5701
2643 5700
2643 5699
2644 5698
2644 5697
2644 5696
2644 5695
2645 5694
2645 5693
2645 5692
2645 5691
2645 5690
2645 5689
2646 5688
2646 5687
2646 5686
2646 5685
2647 5684
2647 5683
2647 5682
2647 5681
2648 5680
2648 5679
2648 5678
2649 5677
2650 5676
2650 5675
2650 5674
2650 5673
2651 5672
2651 5671
2651 5670
2651 5669
2651 5668
2651 5667
2652 5666
2652 5665
2652 5664
2652 5663
2653 5662
2653 5661
2653 5660
2653 5659
2654 5658
2654 5657
2654 5656
2654 5655
2655 5654
2655 5653
2655 5652
2655 5651
2655 5650
2655 5649
2655 5648
2655 5647
2655 5646
2655 5645
2655 5644
2655 5643
2655 5642
2655 5641
2655 5640
2655 5639
2655 5638
2655 5637
2655 5636
2655 5635
2655 5634
2655 5633
2655 5632
2655 5631
2655 5630
2655 5629
2655 5628
2655 5627
2655 5626
2655 5625
2655 5624
2655 5623
2655 5622
2655 5621
2655 5620
2655 5619
2655 5618
2655 5617
2655 5616
2655 5615
2655 5614
2655 5613
2655 5612
2655 5611
2655 5610
2655 5609
2655 5608
2655 5607
2655 5606
2655 5605
2655 5604
2655 5603
2655 5602
2655 5601
2655 5600
2655 5599
2655 5598
2655 5597
2655 5596
2655 5595
2655 5594
2655 5593
2655 5592
2655 5591
2655 5590
2655 5589
2655 5588
2655 5587
2655 5586
2655 5585
2655 5584
2655 5583
2655 5582
2655 5581
2655 5580
2655 5579
2655 5578
2655 5577
2655 5576
2655 5575
2655 5574
2655 5573
2655 5572
2655 5571
2655 5570
2655 5569
2655 5568
2655 5567
2655 5566
2655 5565
2655 5564
2655 5563
2655 5562
2655 5561
2655 5560
2655 5559
2655 5558
2655 5557
2656 5556
2656 5555
2656 5554
2656 5553
2657 5552
2657 5551
2658 5550
2658 5549
2658 5548
2658 5547
2659 5546
2659 5545
2659 5544
2659 5543
2659 5542
2659 5541
2659 5540
2659 5539
2659 5538
2659 5537
2659 5536
2659 5535
2659 5534
2659 5533
2659 5532
2659 5531
2659 5530
2659 5529
2659 5528
2659 5527
2658 5526
2658 5525
2658 5524
2658 5523
2657 5522
2657 5521
2657 5520
2657 5519
2657 5518
2657 5517
2656 5516
2656 5515
2656 5514
2656 5513
2655 5512
2655 5511
2654 5510
2654 5509
2654 5508
2654 5507
2653 5506
2652 5505
2651 5504
2650 5503
2650 5502
2649 5502
2648 5501
2648 5500
2647 5500
2646 5499
2646 5498
2645 5498
2644 5497
2644 5496
2643 5496
2642 5495
2642 5494
2641 5494
2640 5493
2640 5492
2639 5492
2638 5491
2637 5490
2636 5490
2635 5489
2634 5489
2633 5489
2632 5489
2631 5489
2630 5489
2629 5489
2628 5489
2627 5488
2626 5488
2625 5487
2624 5486
2623 5486
2622 5485
2622 5484
2621 5484
2620 5483
2620 5482
2619 5482
2618 5481
2617 5480
2616 5480
2615 5479
2614 5479
2613 5478
2612 5478
2611 5478
2610 5478
2609 5477
2608 5477
2607 5477
2606 5477
2605 5477
2604 5477
2603 5477
2602 5477
2601 5477
2600 5477
2599 5477
2598 5477
2597 5477
2596 5477
2595 5476
2594 5476
2593 5476
2592 5476
2591 5475
2590 5475
2589 5474
2588 5474
2587 5474
2586 5474
2585 5473
2584 5473
2583 5473
2582 5473
2581 5473
2580 5473
2579 5472
2578 5472
2577 5471
2576 5470
2575 5470
2574 5469
2573 5468
2572 5467
2571 5466
2570 5466
2569 5466
2568 5465
2567 5464
2566 5464
2565 5464
2564 5464
2563 5463
2562 5463
2561 5463
2560 5463
2559 5463
2558 5463
2557 5462
2556 5462
2555 5462
2554 5462
2553 5461
2552 5461
2551 5461
2550 5461
2549 5461
2548 5461
2547 5461
2546 5461
2545 5461
2544 5461
2543 5461
2542 5461
2541 5460
2540 5460
2539 5459
2538 5458
2537 5458
2536 5457
2535 5456
2534 5456
2533 5455
2532 5455
2531 5455
2530 5455
2529 5455
2528 5455
2527 5455
2526 5455
2525 5455
2524 5455
2523 5455
2522 5455
2521 5455
2520 5455
2519 5455
2518 5455
2517 5455
2516 5455
2515 5455
2514 5455
2513 5455
2512 5455
2511 5455
2510 5455
2509 5455
2508 5455
2507 5455
2506 5455
2505 5455
2504 5455
2503 5455
2502 5455
2501 5455
2500 5455
2499 5454
2498 5454
2497 5454
2496 5453
2495 5452
2494 5452
2493 5452
2492 5451
2491 5450
2490 5450
2489 5450
2488 5449
2487 5448
2486 5448
2485 5448
2484 5448
2483 5447
2482 5447
2481 5447
2480 5447
2479 5447
2478 5447
2477 5446
2476 5446
2475 5446
2474 5446
2473 5445
2472 5445
2471 5445
2470 5445
2469 5445
2468 5445
2467 5445
2466 5445
2465 5446
2464 5446
2463 5446
2462 5446
2461 5447
2460 5447
2459 5447
2458 5447
2457 5446
2456 5446
2455 5446
2454 5445
2453 5444
2452 5444
2451 5444
2450 5444
2449 5443
2448 5443
2447 5443
2446 5443
2445 5442
2444 5442
2443 5442
2442 5442
2441 5441
2440 5441
2439 5441
2438 5441
2437 5441
2436 5441
2435 5442
2434 5442
2433 5442
2432 5442
2431 5443
2430 5443
2429 5443
2428 5443
2427 5443
2426 5443
2425 5444
2424 5444
2423 5444
2422 5444
2421 5445
2420 5445
2419 5445
2418 5445
2417 5445
2416 5445
2415 5445
2414 5445
2413 5444
2412 5444
2411 5444
2410 5443
2409 5442
2408 5442
2407 5441
2406 5440
2406 5439
2405 5438
2405 5437
2404 5436
2404 5435
2403 5435
2402 5435
2401 5434
2400 5434
2399 5435
2398 5435
2397 5435
2396 5435
2395 5436
2394 5436
2393 5436
2392 5436
2391 5437
2390 5437
2389 5437
2388 5437
2387 5437
2386 5437
2385 5437
2384 5437
2383 5437
2382 5437
2381 5437
2380 5437
2379 5437
2378 5437
2377 5437
2376 5437
2375 5437
2374 5437
2373 5437
2372 5437
2371 5436
2370 5436
2369 5436
2368 5435
2367 5434
2366 5434
2365 5433
2364 5433
2363 5432
2362 5432
2361 5431
2360 5431
2359 5431
2358 5431
2357 5432
2356 5432
2355 5433
2354 5433
2353 5434
2352 5434
2351 5434
2350 5434
2349 5434
2348 5434
2347 5433
2346 5433
2345 5433
2344 5433
2343 5433
2342 5433
2341 5432
2340 5432
2339 5431
2338 5431
2337 5430
2336 5429
2335 5428
2334 5428
2333 5427
2332 5427
2331 5426
2330 5425
2329 5424
2328 5424
2327 5423
2326 5422
2325 5421
2324 5420
2323 5420
2322 5420
2321 5420
2320 5420
2319 5421
2318 5421
2317 5421
2316 5421
2315 5421
2314 5421
2313 5421
2312 5421
2311 5421
2310 5421
2309 5421
2308 5421
2307 5421
2306 5421
2305 5421
2304 5421
2303 5421
2302 5421
2301 5421
2300 5421
2299 5421
2298 5421
2297 5421
2296 5421
2295 5420
2294 5420
2293 5420
2292 5420
2291 5419
2290 5419
2289 5418
2288 5418
2287 5418
2286 5418
2285 5417
2284 5417
2283 5417
2282 5417
2281 5417
2280 5417
2279 5417
2278 5417
2277 5417
2276 5417
2275 5417
2274 5417
2273 5417
2272 5417
2271 5418
2270 5418
2269 5418
2268 5418
2267 5419
2266 5420
2265 5420
2264 5420
2263 5421
2262 5421
2261 5420
2260 5420
2259 5420
2258 5420
2257 5419
2256 5419
2255 5419
2254 5419
2253 5419
2252 5419
2251 5418
2250 5418
2249 5417
2248 5417
2247 5416
2246 5416
2245 5415
2244 5415
2243 5415
2242 5415
2241 5415
2240 5415
2239 5415
2238 5415
2237 5415
2236 5415
2235 5415
2234 5415
2233 5415
2232 5415
2231 5415
2230 5415
2229 5415
2228 5415
2227 5416
2226 5416
2225 5416
2224 5416
2223 5417
2222 5417
2221 5418
2220 5418
2219 5418
2218 5418
2217 5419
2216 5419
2215 5419
2214 5419
2213 5419
2212 5419
2211 5419
2210 5419
2209 5419
2208 5419
2207 5418
2206 5418
2205 5418
2204 5418
2203 5417
2202 5417
2201 5417
2200 5417
2199 5417
2198 5417
2197 5417
2196 5417
2195 5417
2194 5417
2193 5416
2193 5415
2193 5414
2193 5413
2192 5412
2192 5411
2191 5410
2190 5410
2189 5409
2188 5409
2187 5410
2186 5410
2185 5410
2184 5410
2183 5411
2182 5411
2181 5412
2180 5412
2179 5412
2178 5412
2177 5413
2176 5414
2175 5414
2174 5414
2173 5415
2172 5415
2171 5415
2170 5415
2169 5415
2168 5415
2167 5415
2166 5415
2165 5415
2164 5415
2163 5415
2162 5415
2161 5416
2160 5416
2159 5416
2158 5416
2157 5417
2156 5418
2155 5418
2154 5418
2153 5419
2152 5419
2151 5419
2150 5419
2149 5419
2148 5419
2147 5419
2146 5419
2145 5419
2144 5419
2143 5419
2142 5419
2141 5419
2140 5419
2139 5419
2138 5419
2137 5419
2136 5419
2135 5419
2134 5419
2133 5419
2132 5419
2131 5419
2130 5419
2129 5419
2128 5419
2127 5419
2126 5419
2125 5418
2124 5418
2123 5418
2122 5418
2121 5417
2120 5417
2119 5417
2118 5417
2117 5417
2116 5417
2115 5417
2114 5417
2113 5417
2112 5417
2111 5417
2110 5417
2109 5416
2108 5416
2107 5415
2106 5415
2105 5414
2104 5414
2103 5413
2102 5413
2101 5413
2100 5413
2099 5413
2098 5413
2097 5413
2096 5413
2095 5413
2094 5413
2093 5413
2092 5413
2091 5413
2090 5413
2089 5413
2088 5413
2087 5414
2086 5414
2085 5414
2084 5414
2083 5415
2082 5416
2081 5415
2080 5415
2079 5416
2078 5416
2077 5415
2076 5415
2075 5415
2074 5415
2073 5416
2072 5416
2071 5416
2070 5416
2069 5417
2068 5417
2067 5418
2066 5418
2065 5418
2064 5418
2063 5419
2062 5419
2061 5419
2060 5419
2059 5420
2058 5420
2057 5420
2056 5420
2055 5421
2054 5421
2053 5421
2052 5421
2051 5421
2050 5421
2049 5421
2048 5421
2047 5421
2046 5421
2045 5421
2044 5421
2043 5421
2042 5421
2041 5421
2040 5421
2039 5421
2038 5421
2037 5421
2036 5421
2035 5421
2034 5421
2033 5421
2032 5421
2031 5421
2030 5421
2029 5421
2028 5421
2027 5421
2026 5421
2025 5422
2024 5422
2023 5422
2022 5422
2021 5422
2020 5422
2019 5422
2018 5422
2017 5421
2016 5421
2015 5420
2014 5420
2013 5419
2012 5419
2011 5418
2010 5418
2009 5417
2008 5417
2007 5418
2006 5418
2005 5418
2004 5418
2003 5419
2002 5420
2001 5421
2000 5421
1999 5422
1998 5422
1997 5423
1996 5423
1995 5423
1994 5423
1993 5422
1992 5422
1991 5422
1990 5421
1989 5420
1988 5420
1987 5420
1986 5420
1985 5419
1984 5419
1983 5420
1982 5421
1981 5421
1980 5422
1979 5423
1978 5423
1977 5423
1976 5423
1975 5424
1974 5424
1973 5424
1972 5424
1971 5425
1970 5425
1969 5425
1968 5425
1967 5425
1966 5425
1965 5425
1964 5425
1963 5425
1962 5425
1961 5424
1960 5424
1959 5424
1958 5424
1957 5423
1956 5423
1955 5423
1954 5423
1953 5422
1952 5422
1951 5422
1950 5422
1949 5421
1948 5421
1947 5421
1946 5421
1945 5421
1944 5421
1943 5421
1942 5421
1941 5421
1940 5421
1939 5421
1938 5421
1937 5421
1936 5421
1935 5422
1934 5422
1933 5422
1932 5422
1931 5423
1930 5423
1929 5423
1928 5423
1927 5422
1926 5422
1925 5422
1924 5422
1923 5421
1922 5421
1921 5421
1920 5421
1919 5421
1918 5421
1917 5421
1916 5421
1915 5421
1914 5421
1913 5421
1912 5421
1911 5421
1910 5421
1909 5421
1908 5421
1907 5421
1906 5421
1905 5421
1904 5421
1903 5421
1902 5421
1901 5421
1900 5421
1899 5421
1898 5421
1897 5421
1896 5421
1895 5421
1894 5421
1893 5420
1892 5420
1891 5420
1890 5420
1889 5419
1888 5419
1887 5419
1886 5419
1885 5419
1884 5419
1883 5419
1882 5419
1881 5419
1880 5419
1879 5419
1878 5419
1877 5418
1876 5418
1875 5418
1874 5418
1873 5417
1872 5417
1871 5416
1870 5416
1869 5416
1868 5416
1867 5415
1866 5415
1865 5415
1864 5415
1863 5415
1862 5415
1861 5414
1860 5414
1859 5414
1858 5414
1857 5413
1856 5413
1855 5412
1854 5412
1853 5412
1852 5412
1851 5411
1850 5411
1849 5411
1848 5411
1847 5411
1846 5411
1845 5411
1844 5411
1843 5411
1842 5411
1841 5411
1840 5411
1839 5411
1838 5411
1837 5411
1836 5411
1835 5411
1834 5411
1833 5411
1832 5411
1831 5411
1830 5411
1829 5411
1828 5411
1827 5411
1826 5411
1825 5411
1824 5411
1823 5411
1822 5411
1821 5411
1820 5411
1819 5411
1818 5411
1817 5411
1816 5411
1815 5411
1814 5411
1813 5411
1812 5411
1811 5411
1810 5411
1809 5411
1808 5411
1807 5411
1806 5411
1805 5411
1804 5411
1803 5411
1802 5411
1801 5411
1800 5411
1799 5411
1798 5411
1797 5410
1796 5410
1795 5410
1794 5409
1793 5408
1792 5408
1791 5407
1790 5407
1789 5406
1788 5406
1787 5405
1786 5405
1785 5405
1784 5405
1783 5405
1782 5405
1781 5405
1780 5405
1779 5405
1778 5405
1777 5405
1776 5405
1775 5405
1774 5405
1773 5405
1772 5405
1771 5405
1770 5405
1769 5405
1768 5405
1767 5405
1766 5405
1765 5405
1764 5405
1763 5405
1762 5405
1761 5405
1760 5405
1759 5404
1758 5404
1757 5403
1756 5403
1755 5402
1754 5402
1753 5401
1752 5401
1751 5401
1750 5401
1749 5401
1748 5401
1747 5401
1746 5401
1745 5400
1744 5400
1743 5400
1742 5400
1741 5399
1740 5399
1739 5398
1738 5398
1737 5398
1736 5397
1735 5396
1734 5396
1733 5395
1732 5395
1731 5394
1730 5394
1729 5393
1728 5393
1727 5393
1726 5393
1725 5393
1724 5393
1723 5393
1722 5393
1721 5393
1720 5393
1719 5392
1718 5392
1717 5392
1716 5392
1715 5391
1714 5391
1713 5391
1712 5391
1711 5391
1710 5391
1709 5391
1708 5391
1707 5391
1706 5391
1705 5392
1704 5392
1703 5393
1702 5393
1701 5394
1700 5394
1699 5394
1698 5394
1697 5393
1696 5393
1695 5392
1694 5392
1693 5391
1692 5391
1691 5391
1690 5391
1689 5391
1688 5391
1687 5391
1686 5391
1685 5391
1684 5391
1683 5391
1682 5391
1681 5391
1680 5391
1679 5391
1678 5391
1677 5391
1676 5391
1675 5391
1674 5391
1673 5391
1672 5391
1671 5391
1670 5391
1669 5391
1668 5391
1667 5390
1666 5390
1665 5389
1664 5389
1663 5388
1662 5388
1661 5387
1660 5387
1659 5387
1658 5387
1657 5387
1656 5387
1655 5387
1654 5387
1653 5387
1652 5387
1651 5387
1650 5387
1649 5387
1648 5387
1647 5386
1646 5386
1645 5386
1644 5385
1643 5384
1642 5384
1641 5384
1640 5384
1639 5383
1638 5383
1637 5383
1636 5383
1635 5383
1634 5383
1633 5383
1632 5383
1631 5383
1630 5383
1629 5383
1628 5383
1627 5383
1626 5383
1625 5383
1624 5383
1623 5383
1622 5383
1621 5383
1620 5383
1619 5383
1618 5383
1617 5383
1616 5383
1615 5383
1614 5383
1613 5383
1612 5383
1611 5383
1610 5383
1609 5383
1608 5383
1607 5384
1606 5384
1605 5384
1604 5384
1603 5385
1602 5385
1601 5385
1600 5385
1599 5385
1598 5385
1597 5385
1596 5385
1595 5384
1594 5384
1593 5384
1592 5383
1591 5382
1590 5382
1589 5382
1588 5382
1587 5381
1586 5381
1585 5381
1584 5381
1583 5381
1582 5381
1581 5382
1580 5382
1579 5382
1578 5382
1577 5383
1576 5383
1575 5382
1574 5382
1573 5381
1572 5381
1571 5381
1570 5381
1569 5381
1568 5382
1567 5382
1566 5383
1565 5384
1564 5384
1563 5385
1562 5385
1561 5385
1560 5385
1559 5385
1558 5385
1557 5385
1556 5385
1555 5385
1554 5385
1553 5385
1552 5385
1551 5385
1550 5385
1549 5385
1548 5385
1547 5385
1546 5385
1545 5385
1544 5385
1543 5385
1542 5385
1541 5385
1540 5385
1539 5385
1538 5385
1537 5385
1536 5385
1535 5385
1534 5385
1533 5385
1532 5385
1531 5385
1530 5385
1529 5385
1528 5385
1527 5385
1526 5385
1525 5385
1524 5385
1523 5385
1522 5385
1521 5386
1520 5386
1519 5386
1518 5386
1517 5387
1516 5387
1515 5387
1514 5387
1513 5387
1512 5387
1511 5387
1510 5387
1509 5387
1508 5387
1507 5387
1506 5387
1505 5386
1504 5386
1503 5386
1502 5386
1501 5385
1500 5385
1499 5384
1498 5384
1497 5384
1496 5384
1495 5383
1494 5383
1493 5383
1492 5383
1491 5382
1490 5382
1489 5382
1488 5381
1487 5380
1486 5380
1485 5380
1484 5379
1483 5378
1482 5378
1481 5378
1480 5377
1479 5376
1478 5376
1477 5376
1476 5375
1475 5374
1474 5374
1473 5374
1472 5373
1471 5372
1470 5372
1469 5372
1468 5372
1467 5371
1466 5371
1465 5371
1464 5371
1463 5372
1462 5372
1461 5373
1460 5373
1459 5374
1458 5374
1457 5374
1456 5374
1455 5373
1454 5372
1454 5371
1453 5370
1453 5369
1452 5368
1451 5367
1450 5366
1449 5366
1448 5366
1447 5365
1446 5365
1445 5365
1444 5365
1443 5365
1442 5365
1441 5365
1440 5365
1439 5365
1438 5365
1437 5364
1436 5364
1435 5363
1434 5363
1433 5362
1432 5362
1431 5361
1430 5361
1429 5361
1428 5361
1427 5361
1426 5361
1425 5361
1424 5361
1423 5361
1422 5361
1421 5360
1420 5360
1419 5360
1418 5360
1417 5359
1416 5359
1415 5358
1414 5358
1413 5357
1412 5356
1411 5356
1410 5355
1410 5354
1409 5354
1408 5353
1408 5352
1407 5352
1406 5351
1406 5350
1405 5350
1404 5349
1404 5348
1403 5348
1402 5347
1401 5346
1400 5346
1399 5346
1398 5346
1397 5345
1396 5345
1395 5344
1395 5343
1394 5342
1393 5341
1392 5340
1391 5339
1390 5339
1389 5338
1388 5338
1387 5337
1386 5337
1385 5337
1384 5337
1383 5337
1382 5337
1381 5337
1380 5337
1379 5337
1378 5337
1377 5337
1376 5337
1375 5336
1374 5336
1373 5336
1372 5335
1371 5334
1370 5334
1369 5333
1368 5333
1367 5332
1366 5332
1365 5331
1364 5331
1363 5331
1362 5331
1361 5331
1360 5331
1359 5331
1358 5331
1357 5330
1356 5330
1355 5330
1354 5330
1353 5329
1352 5329
1351 5329
1350 5329
1349 5329
1348 5329
1347 5329
1346 5329
1345 5329
1344 5329
1343 5329
1342 5329
1341 5329
1340 5329
1339 5329
1338 5329
1337 5328
1336 5328
1335 5327
1334 5327
1333 5326
1332 5326
1331 5325
1330 5325
1329 5325
1328 5325
1327 5325
1326 5325
1325 5325
1324 5325
1323 5325
1322 5325
1321 5325
1320 5325
1319 5324
1318 5324
1317 5324
1316 5324
1315 5323
1314 5323
1313 5323
1312 5323
1311 5323
1310 5323
1309 5323
1308 5323
1307 5323
1306 5323
1305 5322
1304 5322
1303 5322
1302 5321
1301 5320
1300 5320
1299 5320
1298 5319
1297 5318
1296 5318
1295 5318
1294 5317
1293 5316
1292 5316
1291 5315
1290 5315
1289 5314
1288 5313
1287 5312
1286 5312
1285 5312
1284 5312
1283 5311
1282 5311
1281 5311
1280 5311
1279 5311
1278 5311
1277 5311
1276 5311
1275 5311
1274 5311
1273 5311
1272 5311
1271 5310
1271 5309
1271 5308
1271 5307
1270 5306
1270 5305
1269 5304
1268 5304
1267 5303
1266 5303
1265 5303
1264 5303
1263 5303
1262 5303
1261 5303
1260 5303
1259 5303
1258 5303
1257 5303
1256 5303
1255 5302
1254 5302
1253 5301
1252 5300
1252 5299
1251 5298
1250 5297
1249 5296
1249 5295
1248 5294
1248 5293
1247 5292
1246 5291
1245 5290
1244 5290
1243 5289
1242 5289
1241 5289
1240 5289
1239 5288
1238 5288
1237 5287
1236 5287
1235 5286
1234 5285
1233 5284
1232 5284
1231 5284
1230 5284
1229 5283
1228 5283
1227 5283
1226 5283
1225 5282
1224 5282
1223 5281
1222 5281
1221 5280
1220 5280
1219 5279
1218 5279
1217 5279
1216 5279
1215 5278
1214 5278
1213 5277
1212 5276
1211 5276
1210 5275
1209 5274
1208 5274
1207 5273
1206 5273
1205 5273
1204 5273
1203 5272
1202 5272
1201 5271
1200 5271
1199 5270
1198 5270
1197 5269
1196 5269
1195 5270
1194 5270
1193 5269
1192 5269
1191 5269
1190 5268
1189 5268
1188 5267
1187 5266
1186 5266
1185 5265
1184 5265
1183 5264
1182 5264
1181 5264
1180 5264
1179 5263
1178 5263
1177 5263
1176 5263
1175 5262
1174 5261
1173 5260
1172 5259
1172 5258
1172 5257
1171 5256
1170 5255
1170 5254
1170 5253
1169 5252
1169 5251
1168 5250
1168 5249
1167 5248
1166 5247
1165 5246
1164 5246
1163 5245
1162 5245
1161 5245
1160 5245
1159 5245
1158 5245
1157 5245
1156 5245
1155 5245
1154 5245
1153 5245
1152 5245
1151 5245
1150 5245
1149 5245
1148 5245
1147 5245
1146 5245
1145 5244
1144 5243
1143 5242
1142 5241
1142 5240
1142 5239
1141 5238
1140 5237
1139 5236
1138 5235
1137 5234
1136 5234
1135 5233
1134 5233
1133 5232
1132 5232
1131 5231
1130 5231
1129 5231
1128 5231
1127 5231
1126 5231
1125 5230
1125 5229
1125 5228
1125 5227
1124 5226
1124 5225
1123 5224
1122 5224
1121 5223
1120 5223
1119 5223
1118 5223
1117 5223
1116 5223
1115 5223
1114 5223
1113 5222
1112 5222
1111 5221
1110 5220
1109 5220
1108 5219
1108 5218
1107 5218
1106 5217
1105 5216
1104 5215
1103 5214
1102 5214
1101 5214
1100 5213
1099 5212
1098 5212
1097 5212
1096 5212
1095 5211
1094 5211
1093 5211
1092 5211
1091 5210
1090 5210
1089 5210
1088 5210
1087 5209
1086 5209
1085 5208
1084 5208
1083 5208
1082 5208
1081 5207
1080 5207
1079 5206
1078 5206
1077 5206
1076 5206
1075 5205
1074 5205
1073 5205
1072 5205
1071 5204
1070 5204
1069 5203
1068 5202
1067 5202
1066 5201
1066 5200
1065 5200
1064 5199
1063 5198
1062 5198
1061 5197
1060 5197
1059 5198
1058 5198
1057 5197
1056 5197
1055 5197
1054 5196
1053 5196
1052 5195
1051 5194
1050 5193
1049 5192
1048 5192
1047 5192
1046 5192
1045 5191
1044 5191
1043 5191
1042 5191
1041 5191
1040 5191
1039 5191
1038 5191
1037 5191
1036 5191
1035 5191
1034 5191
1033 5190
1032 5190
1031 5190
1030 5190
1029 5189
1028 5189
1027 5189
1026 5189
1025 5188
1024 5188
1023 5187
1022 5187
1021 5186
1020 5186
1019 5185
1018 5185
1017 5185
1016 5185
1015 5185
1014 5185
1013 5185
1012 5185
1011 5185
1010 5185
1009 5184
1008 5184
1007 5184
1006 5184
1005 5183
1004 5183
1003 5182
1002 5182
1001 5182
1000 5182
999 5181
998 5181
997 5182
996 5182
995 5182
994 5182
993 5183
992 5184
991 5185
990 5185
989 5185
988 5185
987 5185
986 5185
985 5184
984 5184
983 5183
982 5183
981 5183
980 5183
979 5183
978 5183
977 5183
976 5183
975 5183
974 5183
973 5183
972 5183
971 5183
970 5183
969 5183
968 5183
967 5183
966 5183
965 5183
964 5183
963 5183
962 5183
961 5183
960 5183
959 5182
958 5182
957 5182
956 5182
955 5181
954 5181
953 5181
952 5181
951 5181
950 5181
949 5181
948 5181
947 5181
946 5181
945 5181
944 5181
943 5181
942 5181
