1082 1441
1081 1442
1080 1443
1079 1444
1078 1444
1077 1445
1076 1445
1075 1446
1074 1446
1073 1446
1072 1446
1071 1446
1070 1445
1069 1445
1068 1445
1067 1444
1066 1444
1065 1444
1064 1444
1063 1444
1062 1444
1061 1444
1060 1444
1059 1444
1058 1444
1057 1444
1056 1444
1055 1444
1054 1445
1053 1445
1052 1446
1051 1446
1050 1446
1049 1447
1048 1446
1047 1446
1046 1446
1045 1446
1044 1446
1043 1446
1042 1445
1041 1445
1040 1445
1039 1444
1038 1444
1037 1443
1036 1443
1035 1443
1034 1443
1033 1443
1032 1444
1031 1444
1030 1444
1029 1444
1028 1444
1027 1444
1026 1444
1025 1443
1024 1443
1023 1443
1022 1443
1021 1443
1020 1443
1019 1443
1018 1443
1017 1442
1016 1442
1015 1442
1014 1442
1013 1442
1012 1442
1011 1442
1010 1442
1009 1442
1008 1442
1007 1442
1006 1442
1005 1442
1004 1442
1003 1442
1002 1442
1001 1442
1000 1442
999 1442
998 1442
997 1443
996 1444
995 1445
994 1446
993 1447
992 1448
991 1449
990 1450
989 1451
988 1452
987 1453
986 1454
985 1455
985 1456
985 1457
985 1458
985 1459
986 1460
986 1461
986 1462
987 1463
987 1464
987 1465
987 1466
987 1467
988 1467
989 1467
990 1467
991 1467
992 1468
993 1469
994 1470
995 1470
996 1471
997 1471
998 1471
999 1472
1000 1472
1001 1472
1002 1472
1003 1472
1004 1473
1005 1473
1006 1473
1007 1474
1008 1474
1009 1475
1010 1475
1011 1476
1012 1476
1013 1476
1014 1477
1015 1477
1016 1477
1017 1477
1018 1477
1019 1478
1020 1478
1021 1478
1022 1478
1023 1478
1024 1478
1025 1478
1026 1478
1027 1478
1028 1478
1029 1478
1030 1478
1031 1478
1032 1478
1033 1478
1034 1478
1035 1478
1036 1478
1037 1478
1038 1478
1039 1478
1040 1478
1041 1478
1042 1478
1043 1478
1044 1478
1045 1478
1046 1478
1047 1478
1048 1478
1049 1478
1050 1478
1051 1478
1052 1478
1053 1478
1054 1478
1055 1478
1056 1478
1057 1478
1058 1478
1059 1478
1060 1478
1061 1478
1062 1478
1063 1478
1064 1478
1065 1478
1066 1478
1067 1478
1068 1478
1069 1478
1070 1478
1071 1478
1072 1478
1073 1478
1074 1478
1075 1478
1076 1478
1077 1478
1078 1478
1079 1478
1080 1478
1081 1478
1082 1478
1083 1478
1084 1478
1085 1478
1086 1478
1087 1478
1088 1478
1089 1478
1090 1478
1091 1478
1092 1478
1093 1478
1094 1478
1095 1478
1096 1478
1097 1478
1098 1478
1099 1478
1100 1478
1101 1478
1102 1478
1103 1478
1104 1478
1105 1477
1106 1477
1107 1476
1107 1475
1108 1474
1109 1473
1110 1472
1111 1472
1112 1472
1113 1472
1114 1472
1115 1472
1116 1472
1117 1472
1118 1472
1119 1472
1120 1472
1121 1472
1122 1472
1123 1471
1124 1471
1125 1471
1126 1470
1127 1469
1127 1468
1127 1467
1127 1466
1127 1465
1127 1464
1127 1463
1127 1462
1127 1461
1127 1460
1127 1459
1127 1458
1127 1457
1127 1456
1127 1455
1127 1454
1127 1453
1126 1452
1125 1452
1124 1452
1123 1452
1122 1452
1121 1452
1120 1452
1119 1452
1118 1452
1117 1451
1116 1451
1115 1450
1114 1449
1113 1449
1112 1448
1111 1447
1110 1446
1109 1446
1108 1445
1107 1445
1106 1445
1105 1444
1104 1444
1103 1443
1102 1443
1101 1443
1100 1442
1099 1442
1098 1441
1097 1441
1096 1441
1095 1441
1094 1441
1093 1441
1092 1441
1091 1441
1090 1441
1089 1441
1088 1441
1087 1441
1086 1441
1085 1441
1084 1441
1083 1441
1082 1441
