422 121
421 122
420 122
419 122
418 123
417 123
416 123
415 123
414 123
413 123
412 123
411 123
410 122
409 123
408 123
407 123
406 124
405 124
404 125
403 125
402 126
401 127
400 127
399 127
398 127
397 128
396 128
395 128
394 129
393 129
392 130
391 130
390 131
389 132
388 132
387 132
386 132
385 133
384 133
383 133
382 134
381 134
380 134
379 135
378 135
377 136
376 136
375 137
374 138
373 139
372 139
371 139
370 140
369 141
368 142
367 143
366 144
366 145
366 146
366 147
366 148
367 149
367 150
367 151
367 152
367 153
368 154
368 155
368 156
368 157
368 158
368 159
368 160
368 161
368 162
368 163
368 164
368 165
368 166
368 167
368 168
368 169
368 170
368 171
368 172
368 173
368 174
368 175
368 176
367 177
367 178
367 179
367 180
367 181
367 182
366 183
366 184
366 185
366 186
366 187
366 188
366 189
366 190
367 191
367 192
368 193
369 194
370 194
371 195
372 195
373 196
374 197
375 197
376 198
377 199
378 199
379 200
380 200
381 200
382 201
383 201
384 201
385 202
386 203
387 203
388 204
389 204
390 204
391 205
392 205
393 205
394 205
395 205
396 205
397 205
398 206
399 206
400 207
401 207
402 207
403 207
404 207
405 208
406 208
407 208
408 209
409 209
410 209
411 210
412 210
413 211
414 211
415 211
416 211
417 211
418 211
419 212
420 212
421 212
422 212
423 212
424 212
425 212
426 212
427 212
428 212
429 212
430 212
431 212
432 212
433 212
434 211
435 211
436 211
437 211
438 210
439 210
440 210
441 210
442 210
443 210
444 210
445 209
446 209
447 209
448 208
449 207
450 206
451 205
452 204
452 203
453 202
454 201
454 200
455 199
456 198
457 197
458 196
459 195
459 194
460 193
461 192
462 191
463 190
464 189
464 188
465 187
465 186
465 185
465 184
465 183
465 182
465 181
465 180
465 179
465 178
465 177
465 176
465 175
465 174
466 173
466 172
466 171
467 170
467 169
467 168
468 167
468 166
468 165
468 164
467 163
467 162
467 161
467 160
467 159
466 158
466 157
466 156
465 155
465 154
465 153
465 152
464 151
464 150
463 149
462 148
461 147
460 146
459 145
458 144
457 143
456 142
455 141
454 140
454 139
453 138
452 137
452 136
451 135
451 134
450 133
449 132
448 131
447 130
446 129
445 128
444 127
443 126
442 125
441 124
440 123
439 123
438 122
437 122
436 122
435 122
434 121
433 121
432 121
431 121
430 121
429 121
428 121
427 121
426 121
425 121
424 121
423 121
422 121
