253 249
252 250
251 250
250 250
249 250
248 250
247 250
246 250
245 250
244 250
243 250
242 250
241 250
240 250
239 250
238 250
237 250
236 250
235 250
234 250
233 250
232 250
231 250
230 250
229 250
228 251
227 251
226 252
226 253
225 254
225 255
225 256
224 257
223 257
222 258
221 259
220 260
220 261
219 262
218 263
217 263
216 264
215 265
214 266
213 267
213 268
213 269
213 270
214 271
214 272
214 273
214 274
215 275
215 276
216 276
217 277
218 277
219 277
220 277
221 277
222 277
223 277
224 277
225 277
226 277
227 277
228 278
229 278
230 279
231 280
232 280
233 280
234 280
235 280
236 280
237 280
238 281
239 281
240 281
241 282
242 281
243 281
244 281
245 281
246 281
247 281
248 282
249 282
250 282
251 283
252 283
253 283
254 283
255 283
256 284
257 284
258 284
259 284
260 284
261 284
262 284
263 284
264 284
265 284
266 284
267 284
268 284
269 284
270 284
271 285
272 285
273 285
274 286
275 286
276 286
277 286
278 286
279 286
280 286
281 286
282 286
283 286
284 286
285 286
286 285
287 285
288 285
289 285
290 285
291 285
292 285
293 284
294 284
295 284
296 284
297 284
298 284
299 284
300 283
301 283
301 282
302 281
302 280
303 279
304 278
304 277
305 276
306 275
306 274
306 273
306 272
306 271
306 270
306 269
306 268
306 267
306 266
306 265
306 264
306 263
306 262
306 261
305 260
304 259
303 258
302 257
301 256
300 256
299 255
298 255
297 255
296 255
295 255
294 255
293 255
292 255
291 255
290 255
289 255
288 255
287 255
286 255
285 254
284 254
283 254
282 254
281 254
280 253
279 253
278 253
277 253
276 253
275 253
274 253
273 253
272 252
271 252
270 252
269 251
268 251
267 251
266 251
265 250
264 250
263 250
262 249
261 249
260 249
259 249
258 249
257 249
256 249
255 249
254 249
253 249
