181 1003
180 1004
179 1004
178 1004
177 1005
176 1005
175 1005
174 1005
173 1005
172 1005
171 1005
170 1005
169 1006
168 1006
167 1006
166 1007
165 1007
164 1007
163 1007
162 1007
161 1007
160 1007
159 1008
158 1009
157 1009
156 1009
155 1009
154 1009
153 1009
152 1009
151 1009
150 1009
149 1009
148 1010
147 1010
146 1010
145 1010
144 1010
143 1010
142 1010
141 1010
140 1010
139 1011
138 1011
137 1012
136 1013
136 1014
135 1015
135 1016
135 1017
134 1018
134 1019
134 1020
134 1021
134 1022
134 1023
134 1024
134 1025
134 1026
134 1027
134 1028
134 1029
135 1030
135 1031
135 1032
135 1033
135 1034
135 1035
135 1036
135 1037
135 1038
135 1039
135 1040
135 1041
135 1042
135 1043
135 1044
135 1045
135 1046
135 1047
135 1048
135 1049
136 1050
136 1051
136 1052
137 1053
137 1054
138 1055
138 1056
139 1056
140 1057
141 1058
142 1059
143 1060
144 1061
145 1062
146 1063
147 1064
148 1065
149 1065
150 1066
151 1067
152 1068
153 1068
154 1068
155 1069
156 1070
157 1070
158 1071
159 1071
160 1071
161 1072
162 1072
163 1073
164 1073
165 1074
166 1074
167 1074
168 1074
169 1074
170 1074
171 1074
172 1075
173 1075
174 1075
175 1075
176 1075
177 1075
178 1075
179 1075
180 1075
181 1076
182 1076
183 1076
184 1076
185 1076
186 1076
187 1076
188 1076
189 1076
190 1076
191 1076
192 1076
193 1076
194 1076
195 1076
196 1077
197 1077
198 1077
199 1078
200 1078
201 1078
202 1078
203 1078
204 1078
205 1078
206 1078
207 1078
208 1078
209 1078
210 1078
211 1078
212 1078
213 1078
214 1078
215 1078
216 1078
217 1078
218 1078
219 1078
220 1078
221 1078
222 1079
223 1079
224 1079
225 1079
226 1079
227 1080
228 1080
229 1080
230 1080
231 1080
232 1081
233 1081
234 1081
235 1081
236 1081
237 1081
238 1081
239 1081
240 1081
241 1081
242 1081
243 1081
244 1081
245 1081
246 1081
247 1081
248 1081
249 1081
250 1081
251 1081
252 1081
253 1081
254 1081
255 1081
256 1081
257 1081
258 1081
259 1081
260 1081
261 1081
262 1081
263 1081
264 1081
265 1081
266 1081
267 1080
268 1080
269 1080
270 1080
271 1080
272 1079
273 1079
274 1078
275 1078
276 1078
277 1077
278 1077
279 1076
280 1075
281 1075
282 1074
283 1073
284 1073
285 1072
286 1071
287 1070
287 1069
288 1068
289 1067
289 1066
290 1065
290 1064
291 1063
291 1062
291 1061
292 1060
292 1059
292 1058
292 1057
292 1056
292 1055
292 1054
292 1053
292 1052
292 1051
292 1050
293 1049
293 1048
293 1047
293 1046
293 1045
293 1044
293 1043
293 1042
293 1041
293 1040
292 1039
292 1038
291 1037
290 1036
289 1035
288 1034
288 1033
288 1032
288 1031
288 1030
288 1029
288 1028
288 1027
288 1026
287 1025
287 1024
286 1023
285 1023
284 1022
283 1021
282 1021
281 1020
280 1019
279 1018
278 1017
277 1017
276 1016
275 1015
274 1014
273 1013
272 1012
271 1011
270 1010
269 1009
268 1008
267 1007
266 1006
265 1005
264 1004
263 1003
262 1003
261 1003
260 1003
259 1003
258 1003
257 1003
256 1003
255 1003
254 1003
253 1003
252 1003
251 1003
250 1003
249 1003
248 1003
247 1003
246 1003
245 1003
244 1003
243 1003
242 1003
241 1003
240 1003
239 1003
238 1003
237 1003
236 1003
235 1003
234 1003
233 1003
232 1003
231 1003
230 1003
229 1003
228 1003
227 1003
226 1003
225 1003
224 1003
223 1003
222 1003
221 1003
220 1003
219 1003
218 1003
217 1003
216 1003
215 1003
214 1003
213 1003
212 1003
211 1003
210 1003
209 1003
208 1003
207 1003
206 1003
205 1003
204 1003
203 1003
202 1003
201 1003
200 1003
199 1003
198 1003
197 1003
196 1003
195 1003
194 1003
193 1003
192 1003
191 1003
190 1003
189 1003
188 1003
187 1003
186 1003
185 1003
184 1003
183 1003
182 1003
181 1003
