250 1386
249 1387
248 1387
247 1387
246 1387
245 1387
244 1387
243 1388
242 1388
241 1389
240 1389
239 1389
238 1390
237 1390
236 1390
235 1390
234 1390
233 1390
232 1390
231 1390
230 1390
229 1390
228 1391
227 1392
226 1393
225 1393
224 1394
223 1395
222 1396
222 1397
222 1398
222 1399
221 1400
221 1401
221 1402
220 1403
220 1404
220 1405
220 1406
220 1407
219 1408
219 1409
219 1410
219 1411
219 1412
219 1413
219 1414
219 1415
219 1416
219 1417
218 1418
217 1419
217 1420
216 1421
216 1422
216 1423
215 1424
215 1425
215 1426
214 1427
213 1428
212 1429
212 1430
211 1431
211 1432
210 1433
210 1434
210 1435
209 1436
209 1437
210 1438
211 1439
212 1440
213 1441
214 1442
215 1443
216 1443
217 1443
218 1444
219 1444
220 1445
221 1445
222 1445
223 1446
224 1446
225 1446
226 1447
227 1448
228 1448
229 1448
230 1449
231 1449
232 1449
233 1450
234 1450
235 1450
236 1450
237 1450
238 1450
239 1450
240 1450
241 1450
242 1450
243 1450
244 1450
245 1450
246 1450
247 1450
248 1450
249 1450
250 1450
251 1450
252 1450
253 1450
254 1450
255 1450
256 1450
257 1450
258 1450
259 1450
260 1450
261 1450
262 1450
263 1451
264 1451
265 1451
266 1451
267 1451
268 1451
269 1451
270 1451
271 1451
272 1451
273 1451
274 1451
275 1451
276 1451
277 1452
278 1452
279 1452
280 1452
281 1452
282 1451
283 1451
284 1451
285 1450
286 1450
287 1450
288 1449
289 1448
290 1448
291 1447
292 1446
293 1445
294 1444
295 1443
296 1443
297 1442
298 1442
299 1442
300 1442
301 1442
302 1442
303 1442
304 1442
305 1442
306 1442
307 1442
308 1442
309 1443
310 1443
311 1443
312 1443
313 1443
314 1443
315 1444
316 1444
317 1445
318 1445
319 1445
320 1445
321 1445
322 1445
323 1445
324 1445
325 1445
326 1445
327 1445
328 1445
329 1445
330 1445
331 1445
332 1445
333 1445
334 1445
335 1445
336 1445
337 1445
338 1445
339 1445
340 1445
341 1445
342 1445
343 1444
344 1444
345 1444
346 1443
347 1443
348 1443
349 1443
350 1443
351 1444
352 1444
353 1445
354 1445
355 1445
356 1445
357 1445
358 1444
359 1444
359 1443
360 1442
360 1441
360 1440
360 1439
360 1438
361 1437
362 1436
363 1436
364 1435
365 1435
366 1434
367 1433
368 1432
369 1431
370 1430
371 1429
372 1428
372 1427
373 1426
373 1425
374 1424
374 1423
374 1422
374 1421
374 1420
374 1419
374 1418
374 1417
374 1416
374 1415
374 1414
374 1413
374 1412
374 1411
374 1410
374 1409
374 1408
373 1407
372 1407
371 1406
370 1405
369 1405
368 1404
367 1403
366 1403
365 1402
364 1401
364 1400
363 1399
362 1399
361 1398
360 1397
359 1397
358 1396
357 1395
356 1395
355 1395
354 1395
353 1395
352 1395
351 1395
350 1395
349 1395
348 1395
347 1395
346 1395
345 1394
344 1394
343 1394
342 1394
341 1394
340 1394
339 1393
338 1393
337 1393
336 1392
335 1392
334 1391
333 1391
332 1391
331 1391
330 1391
329 1391
328 1391
327 1390
326 1390
325 1390
324 1390
323 1390
322 1390
321 1390
320 1390
319 1390
318 1390
317 1390
316 1390
315 1390
314 1390
313 1390
312 1389
311 1389
310 1389
309 1389
308 1389
307 1389
306 1389
305 1389
304 1389
303 1389
302 1389
301 1389
300 1389
299 1389
298 1388
297 1388
296 1388
295 1387
294 1387
293 1387
292 1386
291 1386
290 1386
289 1386
288 1386
287 1386
286 1386
285 1386
284 1386
283 1386
282 1386
281 1386
280 1386
279 1386
278 1386
277 1386
276 1386
275 1386
274 1386
273 1386
272 1386
271 1386
270 1386
269 1386
268 1386
267 1386
266 1386
265 1386
264 1386
263 1386
262 1386
261 1386
260 1386
259 1386
258 1386
257 1386
256 1386
255 1386
254 1386
253 1386
252 1386
251 1386
250 1386
