598 1377
597 1378
596 1378
595 1378
594 1379
593 1379
592 1379
591 1379
590 1379
589 1379
588 1379
587 1380
586 1380
585 1380
584 1381
583 1381
582 1382
581 1383
580 1383
579 1384
578 1384
577 1384
576 1384
575 1384
574 1384
573 1385
572 1386
571 1386
570 1387
569 1387
568 1388
567 1388
566 1389
565 1389
564 1390
563 1390
562 1391
561 1392
560 1392
559 1393
558 1393
557 1394
556 1395
555 1395
554 1396
553 1396
552 1397
551 1398
550 1399
549 1399
548 1400
547 1400
546 1401
545 1402
544 1402
543 1403
542 1404
541 1404
540 1405
539 1406
538 1407
537 1408
536 1408
535 1408
534 1409
533 1410
532 1410
531 1411
530 1412
529 1413
528 1413
527 1414
526 1415
525 1416
525 1417
524 1418
523 1419
523 1420
522 1421
521 1422
520 1423
519 1424
518 1425
517 1426
516 1427
515 1428
515 1429
515 1430
514 1431
514 1432
513 1433
513 1434
513 1435
512 1436
512 1437
511 1438
511 1439
511 1440
511 1441
511 1442
511 1443
511 1444
511 1445
511 1446
511 1447
511 1448
511 1449
511 1450
511 1451
511 1452
511 1453
511 1454
512 1455
512 1456
512 1457
512 1458
512 1459
512 1460
512 1461
513 1462
514 1463
514 1464
515 1464
516 1465
517 1465
518 1465
519 1466
520 1466
521 1466
522 1466
523 1467
524 1467
525 1467
526 1467
527 1467
528 1467
529 1467
530 1467
531 1467
532 1468
533 1468
534 1468
535 1468
536 1468
537 1468
538 1468
539 1468
540 1468
541 1468
542 1468
543 1468
544 1468
545 1468
546 1469
547 1469
548 1469
549 1469
550 1470
551 1470
552 1470
553 1471
554 1471
555 1471
556 1471
557 1471
558 1471
559 1471
560 1471
561 1471
562 1472
563 1472
564 1472
565 1472
566 1472
567 1472
568 1472
569 1473
570 1473
571 1473
572 1473
573 1473
574 1474
575 1474
576 1474
577 1474
578 1474
579 1474
580 1474
581 1474
582 1474
583 1474
584 1474
585 1474
586 1474
587 1474
588 1474
588 1473
589 1472
590 1471
591 1470
592 1469
593 1468
594 1467
595 1466
596 1465
597 1464
598 1464
599 1463
600 1462
601 1461
602 1461
603 1461
604 1461
605 1461
606 1461
607 1461
608 1461
609 1462
610 1462
611 1462
612 1462
613 1462
614 1463
615 1463
616 1464
617 1464
618 1464
619 1465
620 1465
621 1465
622 1466
623 1467
624 1467
625 1468
626 1468
627 1469
628 1469
629 1469
630 1469
631 1469
632 1469
633 1469
634 1469
635 1469
636 1469
637 1470
638 1470
639 1471
640 1472
641 1473
642 1473
643 1473
644 1473
645 1473
646 1473
647 1473
648 1473
649 1473
650 1473
651 1473
652 1473
653 1472
654 1472
655 1472
656 1471
657 1471
658 1470
659 1470
660 1470
661 1469
662 1469
663 1469
664 1470
665 1470
666 1470
667 1471
668 1470
669 1470
670 1470
671 1469
672 1469
673 1468
674 1467
675 1467
676 1466
677 1465
678 1465
679 1464
680 1463
680 1462
681 1461
682 1460
682 1459
683 1458
684 1457
685 1456
686 1455
687 1454
688 1453
689 1452
690 1451
691 1450
692 1449
692 1448
692 1447
692 1446
693 1445
693 1444
694 1443
694 1442
694 1441
694 1440
695 1439
695 1438
695 1437
696 1436
696 1435
697 1434
697 1433
697 1432
697 1431
697 1430
697 1429
697 1428
697 1427
697 1426
697 1425
696 1424
695 1423
695 1422
694 1421
694 1420
693 1419
693 1418
693 1417
692 1416
692 1415
691 1414
691 1413
691 1412
691 1411
691 1410
690 1409
690 1408
689 1407
688 1406
688 1405
687 1404
687 1403
687 1402
687 1401
687 1400
687 1399
687 1398
687 1397
686 1396
686 1395
685 1394
684 1393
683 1393
682 1392
681 1391
680 1390
679 1389
678 1389
677 1388
676 1388
675 1387
674 1386
673 1386
672 1386
671 1386
670 1386
669 1386
668 1385
667 1385
666 1385
665 1385
664 1385
663 1384
662 1384
661 1383
660 1383
659 1383
658 1382
657 1382
656 1382
655 1382
654 1382
653 1382
652 1382
651 1382
650 1382
649 1382
648 1382
647 1382
646 1381
645 1381
644 1380
643 1380
642 1380
641 1380
640 1380
639 1380
638 1380
637 1380
636 1380
635 1380
634 1380
633 1380
632 1380
631 1380
630 1380
629 1380
628 1380
627 1380
626 1379
625 1379
624 1379
623 1379
622 1379
621 1379
620 1379
619 1379
618 1378
617 1378
616 1378
615 1377
614 1377
613 1377
612 1377
611 1377
610 1377
609 1377
608 1377
607 1377
606 1377
605 1377
604 1377
603 1377
602 1377
601 1377
600 1377
599 1377
598 1377
