1718 1548
1717 1549
1716 1549
1715 1549
1714 1550
1713 1550
1712 1550
1711 1550
1710 1550
1709 1550
1708 1551
1707 1551
1706 1551
1705 1551
1704 1551
1703 1551
1702 1551
1701 1551
1700 1551
1699 1552
1698 1552
1697 1553
1696 1553
1695 1553
1694 1553
1693 1554
1692 1554
1691 1555
1690 1555
1689 1556
1688 1557
1687 1557
1686 1557
1685 1558
1684 1558
1683 1559
1682 1559
1681 1559
1680 1560
1679 1560
1678 1561
1677 1561
1676 1561
1675 1561
1674 1561
1673 1562
1672 1562
1671 1563
1670 1563
1669 1563
1668 1564
1667 1564
1666 1564
1665 1565
1664 1565
1663 1565
1662 1566
1661 1566
1660 1567
1659 1567
1658 1568
1657 1568
1656 1568
1655 1569
1654 1569
1653 1570
1652 1571
1651 1571
1650 1572
1649 1573
1648 1574
1647 1575
1646 1576
1646 1577
1645 1578
1645 1579
1645 1580
1645 1581
1645 1582
1645 1583
1646 1584
1646 1585
1647 1586
1647 1587
1648 1588
1648 1589
1649 1590
1649 1591
1649 1592
1650 1593
1651 1594
1652 1595
1653 1595
1654 1596
1655 1597
1656 1598
1657 1598
1658 1599
1659 1599
1660 1600
1661 1600
1662 1600
1663 1600
1664 1600
1665 1599
1666 1599
1667 1599
1668 1599
1669 1599
1670 1600
1671 1600
1672 1600
1673 1600
1674 1600
1675 1600
1676 1599
1677 1599
1678 1598
1679 1598
1680 1597
1681 1597
1682 1597
1683 1597
1684 1597
1685 1597
1686 1597
1687 1597
1688 1597
1689 1597
1690 1597
1691 1598
1691 1599
1691 1600
1692 1601
1693 1602
1694 1602
1695 1602
1696 1602
1697 1602
1698 1602
1699 1602
1700 1602
1701 1602
1702 1602
1703 1602
1704 1602
1705 1602
1706 1603
1707 1603
1708 1603
1709 1603
1710 1603
1711 1603
1712 1603
1713 1603
1714 1603
1715 1603
1716 1603
1717 1603
1718 1603
1719 1603
1720 1603
1721 1603
1722 1603
1723 1603
1724 1603
1725 1603
1726 1602
1727 1601
1727 1600
1727 1599
1727 1598
1728 1597
1728 1596
1728 1595
1729 1594
1729 1593
1729 1592
1729 1591
1730 1590
1730 1589
1730 1588
1730 1587
1730 1586
1730 1585
1730 1584
1730 1583
1730 1582
1730 1581
1731 1580
1731 1579
1731 1578
1731 1577
1731 1576
1731 1575
1731 1574
1731 1573
1730 1572
1730 1571
1730 1570
1730 1569
1730 1568
1730 1567
1730 1566
1730 1565
1730 1564
1730 1563
1730 1562
1730 1561
1730 1560
1729 1559
1729 1558
1729 1557
1729 1556
1729 1555
1728 1554
1728 1553
1727 1552
1726 1552
1725 1551
1724 1550
1723 1549
1722 1549
1721 1549
1720 1549
1719 1549
1718 1548
