592 2030
591 2031
590 2031
589 2032
588 2033
587 2033
586 2033
585 2033
584 2033
583 2033
582 2033
581 2032
580 2032
579 2032
578 2032
577 2032
576 2032
575 2033
574 2033
573 2033
572 2033
571 2034
570 2034
569 2034
568 2035
567 2035
566 2035
565 2036
564 2036
563 2036
562 2037
561 2038
560 2039
559 2039
558 2040
557 2040
556 2040
555 2040
554 2040
553 2040
552 2040
551 2040
550 2041
549 2041
548 2041
547 2042
546 2042
545 2042
544 2043
543 2043
542 2043
541 2044
540 2044
539 2044
538 2044
537 2045
536 2044
535 2045
534 2045
533 2045
532 2046
531 2046
530 2046
529 2047
528 2048
527 2048
526 2048
525 2048
524 2049
523 2049
522 2050
521 2050
520 2051
519 2051
518 2052
517 2053
516 2054
515 2054
514 2055
513 2055
512 2056
511 2057
510 2058
509 2059
508 2059
507 2060
506 2060
505 2061
504 2062
503 2063
502 2064
501 2065
500 2066
499 2067
498 2068
497 2069
496 2070
495 2071
494 2072
493 2073
492 2074
492 2075
491 2076
491 2077
490 2078
490 2079
490 2080
490 2081
490 2082
490 2083
490 2084
490 2085
490 2086
491 2087
491 2088
491 2089
491 2090
491 2091
491 2092
491 2093
491 2094
491 2095
491 2096
491 2097
491 2098
491 2099
491 2100
492 2101
492 2102
492 2103
492 2104
492 2105
492 2106
493 2107
494 2108
495 2109
496 2109
497 2109
498 2109
499 2109
500 2110
501 2111
502 2111
503 2112
504 2113
505 2113
506 2114
507 2114
508 2115
509 2115
510 2116
511 2117
512 2118
513 2118
514 2119
515 2119
516 2119
517 2119
518 2119
519 2119
520 2119
521 2119
522 2119
523 2119
524 2119
525 2119
526 2119
527 2119
528 2119
529 2119
530 2119
531 2119
532 2119
533 2119
534 2119
535 2119
536 2119
537 2119
538 2119
539 2119
540 2119
541 2119
542 2119
543 2119
544 2119
545 2119
546 2119
547 2119
548 2119
549 2119
550 2119
551 2119
552 2119
553 2119
554 2119
555 2119
556 2119
557 2119
558 2119
559 2119
560 2119
561 2119
562 2119
563 2119
564 2119
565 2119
566 2119
567 2119
568 2119
569 2119
570 2119
571 2119
572 2119
573 2120
574 2120
575 2120
576 2120
577 2120
578 2120
579 2120
580 2120
581 2120
582 2120
583 2120
584 2120
585 2120
586 2120
587 2120
588 2120
589 2120
590 2120
591 2120
592 2120
593 2120
594 2120
595 2120
596 2120
597 2120
598 2120
599 2120
600 2121
601 2121
602 2121
603 2122
604 2122
605 2122
606 2122
607 2122
608 2122
609 2122
610 2122
611 2123
612 2123
613 2123
614 2123
615 2123
616 2123
617 2123
618 2123
619 2123
620 2123
621 2123
622 2123
623 2124
624 2124
625 2124
626 2124
627 2124
628 2124
629 2124
630 2124
631 2125
632 2125
633 2125
634 2125
635 2125
636 2125
637 2125
638 2125
639 2125
640 2125
641 2125
642 2125
643 2125
644 2125
645 2125
646 2125
647 2125
648 2125
649 2126
650 2126
651 2126
652 2127
653 2127
654 2127
655 2127
656 2127
657 2127
658 2127
659 2127
660 2128
661 2128
662 2128
663 2128
664 2128
665 2128
666 2128
667 2128
668 2128
669 2128
670 2128
671 2128
672 2128
673 2128
674 2128
675 2127
676 2127
677 2127
678 2127
679 2127
680 2127
681 2127
682 2127
683 2128
684 2128
685 2128
686 2128
687 2127
688 2127
689 2126
690 2126
690 2125
691 2124
691 2123
690 2122
690 2121
690 2120
689 2119
689 2118
689 2117
689 2116
689 2115
689 2114
688 2113
689 2112
689 2111
689 2110
689 2109
689 2108
689 2107
689 2106
689 2105
689 2104
689 2103
689 2102
689 2101
689 2100
689 2099
689 2098
689 2097
689 2096
689 2095
689 2094
689 2093
689 2092
688 2091
688 2090
687 2089
687 2088
687 2087
686 2086
686 2085
686 2084
686 2083
686 2082
686 2081
686 2080
686 2079
686 2078
685 2077
685 2076
684 2075
684 2074
683 2073
683 2072
683 2071
683 2070
683 2069
683 2068
683 2067
683 2066
683 2065
683 2064
682 2063
681 2062
680 2061
679 2060
678 2059
677 2058
676 2057
675 2056
674 2055
673 2054
672 2053
671 2052
670 2051
669 2050
668 2049
667 2048
666 2047
665 2046
664 2046
663 2046
662 2045
661 2045
660 2044
659 2043
658 2042
657 2041
656 2040
655 2039
654 2038
653 2038
652 2038
651 2037
650 2037
649 2036
648 2036
647 2036
646 2035
645 2035
644 2034
643 2034
642 2033
641 2033
640 2033
639 2033
638 2033
637 2033
636 2032
635 2032
634 2031
633 2031
632 2031
631 2031
630 2031
629 2031
628 2031
627 2031
626 2031
625 2031
624 2031
623 2031
622 2031
621 2031
620 2030
619 2030
618 2030
617 2030
616 2030
615 2030
614 2030
613 2030
612 2030
611 2030
610 2030
609 2030
608 2030
607 2030
606 2030
605 2030
604 2030
603 2030
602 2030
601 2030
600 2030
599 2030
598 2030
597 2030
596 2030
595 2030
594 2030
593 2030
592 2030
