379 659
378 660
377 660
376 661
375 661
374 662
373 662
372 662
371 662
370 662
369 662
368 662
367 662
366 662
365 662
364 661
363 661
362 661
361 660
360 661
359 661
358 661
357 661
356 661
355 661
354 661
353 661
352 661
351 661
350 661
349 661
348 661
347 661
346 661
345 660
344 661
343 661
342 662
341 663
340 664
339 665
338 666
337 667
336 668
336 669
335 670
334 671
333 672
332 673
331 674
330 675
329 676
329 677
328 678
327 679
326 680
325 681
325 682
324 683
324 684
323 685
323 686
322 687
321 688
320 689
319 690
318 691
317 692
317 693
317 694
317 695
317 696
317 697
317 698
317 699
317 700
317 701
317 702
317 703
317 704
317 705
318 706
319 706
320 707
321 707
322 706
323 706
324 706
325 705
326 705
327 705
328 705
329 705
330 705
331 705
332 705
333 706
334 706
335 706
336 707
337 707
338 707
339 708
340 709
341 709
342 710
343 711
344 711
345 712
346 712
347 713
348 713
349 714
350 715
351 716
352 716
353 717
354 717
355 717
356 718
357 719
358 719
359 719
360 719
361 720
362 721
363 722
364 722
365 723
366 723
367 723
368 723
369 723
370 723
371 723
372 723
373 723
374 722
375 722
376 721
377 720
378 719
379 718
380 718
381 718
382 717
383 717
384 717
385 717
386 717
387 717
388 717
389 717
390 717
391 717
392 717
393 716
394 716
395 715
396 715
397 714
397 713
398 712
399 712
400 711
401 710
402 709
402 708
403 707
404 707
405 706
406 705
407 704
408 703
409 702
410 701
410 700
411 699
411 698
411 697
411 696
411 695
411 694
411 693
410 692
410 691
410 690
410 689
409 688
408 687
407 686
407 685
406 684
405 683
405 682
404 681
403 680
402 679
402 678
401 677
400 676
400 675
399 674
398 673
397 672
396 672
395 671
394 670
393 670
392 669
392 668
391 667
390 666
389 665
388 665
387 664
387 663
386 663
385 662
384 662
383 661
382 661
381 660
380 660
379 659
