1348 772
1347 773
1346 773
1345 773
1344 773
1343 773
1342 773
1341 774
1340 774
1339 774
1338 775
1337 775
1336 775
1335 775
1334 775
1333 775
1332 775
1331 775
1330 774
1329 774
1328 774
1327 774
1326 774
1325 774
1324 775
1323 775
1322 775
1321 775
1320 775
1319 775
1318 775
1317 775
1316 775
1315 776
1314 776
1313 776
1312 776
1311 776
1310 776
1309 776
1308 776
1307 776
1306 777
1305 777
1304 777
1303 777
1302 777
1301 777
1300 777
1299 778
1298 778
1297 779
1296 779
1295 780
1294 781
1293 781
1292 781
1291 782
1290 782
1289 782
1288 783
1287 783
1286 784
1285 785
1284 785
1283 785
1282 786
1281 787
1281 788
1281 789
1282 790
1283 791
1284 792
1285 792
1286 792
1287 792
1288 793
1289 793
1290 794
1291 795
1292 795
1293 795
1294 796
1295 796
1296 797
1297 797
1298 797
1299 797
1300 798
1301 798
1302 798
1303 799
1304 799
1305 799
1306 799
1307 800
1308 800
1309 800
1310 801
1311 801
1312 802
1313 802
1314 803
1315 803
1316 803
1317 804
1318 804
1319 804
1320 804
1321 805
1322 805
1323 805
1324 805
1325 805
1326 805
1327 806
1328 806
1329 806
1330 807
1331 807
1332 807
1333 807
1334 807
1335 807
1336 807
1337 807
1338 807
1339 807
1340 807
1341 807
1342 807
1343 807
1344 807
1345 807
1346 808
1347 808
1348 808
1349 808
1350 809
1351 809
1352 809
1353 809
1354 809
1355 809
1356 809
1357 809
1358 809
1359 809
1360 809
1361 809
1362 808
1363 808
1364 808
1365 808
1366 808
1367 808
1368 808
1369 808
1370 808
1371 808
1372 808
1373 808
1374 808
1375 808
1376 808
1377 808
1378 808
1379 808
1380 808
1381 808
1382 808
1383 808
1384 808
1385 808
1386 807
1387 807
1388 807
1389 807
1390 807
1391 807
1392 807
1393 807
1394 807
1395 807
1396 807
1397 806
1398 806
1399 806
1400 805
1401 805
1402 805
1403 804
1404 804
1405 803
1406 803
1407 802
1408 801
1409 801
1410 800
1411 799
1412 799
1413 799
1414 799
1415 798
1416 798
1417 798
1418 797
1419 797
1420 796
1420 795
1421 794
1421 793
1420 792
1420 791
1419 790
1418 790
1417 789
1416 789
1415 789
1414 788
1413 787
1412 787
1411 786
1410 786
1409 785
1408 785
1407 785
1406 785
1405 785
1404 784
1403 783
1402 783
1401 783
1400 782
1399 782
1398 781
1397 780
1396 779
1395 778
1394 778
1393 777
1392 777
1391 777
1390 777
1389 777
1388 777
1387 776
1386 776
1385 775
1384 775
1383 775
1382 775
1381 774
1380 774
1379 774
1378 773
1377 773
1376 773
1375 773
1374 773
1373 773
1372 773
1371 772
1370 772
1369 772
1368 772
1367 772
1366 772
1365 772
1364 772
1363 772
1362 772
1361 772
1360 772
1359 772
1358 772
1357 772
1356 772
1355 772
1354 772
1353 772
1352 772
1351 772
1350 772
1349 772
1348 772
