542 2073
541 2074
540 2074
539 2075
538 2076
537 2077
537 2078
536 2079
536 2080
536 2081
535 2082
535 2083
536 2084
536 2085
537 2086
537 2087
538 2088
539 2089
540 2089
541 2090
542 2091
543 2092
544 2093
545 2093
546 2094
547 2094
548 2094
549 2094
550 2095
551 2095
552 2095
553 2096
554 2096
555 2097
556 2097
557 2098
558 2099
559 2099
560 2100
561 2101
562 2101
563 2102
564 2103
565 2104
566 2104
567 2104
568 2105
569 2105
570 2106
571 2106
572 2106
573 2107
574 2108
575 2109
576 2110
577 2111
578 2112
579 2113
580 2114
581 2114
582 2114
583 2114
584 2114
585 2114
586 2114
587 2114
588 2114
589 2114
590 2114
591 2114
592 2114
593 2114
594 2114
595 2114
596 2114
597 2114
598 2114
599 2113
600 2113
601 2113
602 2113
603 2113
604 2113
605 2113
606 2113
607 2113
608 2113
609 2112
610 2112
611 2112
612 2112
613 2111
614 2111
615 2111
616 2111
617 2111
618 2111
619 2111
620 2110
621 2110
622 2110
623 2109
624 2109
625 2109
626 2108
627 2108
628 2108
629 2108
630 2108
631 2108
632 2108
633 2108
634 2108
635 2108
636 2108
637 2107
638 2106
639 2105
640 2104
641 2103
641 2102
641 2101
641 2100
641 2099
641 2098
641 2097
640 2096
640 2095
639 2094
639 2093
638 2092
638 2091
637 2090
636 2089
635 2089
634 2088
633 2087
632 2087
631 2086
630 2086
629 2085
628 2085
627 2084
626 2083
625 2083
624 2082
623 2082
622 2082
621 2082
620 2081
619 2081
618 2081
617 2081
616 2081
615 2080
614 2080
613 2079
612 2079
611 2078
610 2078
609 2078
608 2078
607 2078
606 2077
605 2077
604 2077
603 2077
602 2077
601 2078
600 2078
599 2078
598 2078
597 2078
596 2078
595 2079
594 2079
593 2080
592 2080
591 2080
590 2081
589 2081
588 2081
587 2081
586 2081
585 2080
584 2080
583 2079
582 2078
581 2078
580 2078
579 2078
578 2077
577 2076
576 2076
575 2076
574 2076
573 2076
572 2076
571 2076
570 2076
569 2075
568 2075
567 2075
566 2074
565 2074
564 2074
563 2074
562 2074
561 2074
560 2074
559 2074
558 2074
557 2074
556 2074
555 2074
554 2074
553 2074
552 2074
551 2074
550 2074
549 2074
548 2074
547 2073
546 2073
545 2073
544 2073
543 2073
542 2073
