1579 1222
1578 1223
1577 1223
1576 1223
1575 1224
1574 1224
1573 1224
1572 1224
1571 1224
1570 1224
1569 1224
1568 1224
1567 1224
1566 1224
1565 1224
1564 1224
1563 1224
1562 1224
1561 1224
1560 1225
1559 1225
1558 1225
1557 1225
1556 1225
1555 1225
1554 1225
1553 1225
1552 1225
1551 1225
1550 1225
1549 1225
1548 1225
1547 1225
1546 1225
1545 1225
1544 1225
1543 1225
1542 1225
1541 1225
1540 1225
1539 1226
1538 1226
1537 1226
1536 1226
1535 1227
1534 1227
1533 1227
1532 1228
1531 1229
1530 1229
1529 1230
1528 1230
1527 1230
1526 1231
1525 1231
1524 1232
1523 1232
1522 1233
1521 1233
1520 1234
1519 1234
1518 1235
1517 1235
1516 1235
1515 1235
1514 1235
1513 1235
1512 1235
1511 1235
1510 1235
1509 1235
1508 1235
1507 1236
1506 1236
1505 1236
1504 1237
1503 1237
1502 1238
1501 1239
1500 1239
1499 1240
1498 1240
1497 1241
1496 1242
1495 1243
1494 1244
1493 1245
1493 1246
1493 1247
1493 1248
1493 1249
1493 1250
1493 1251
1494 1252
1495 1253
1496 1254
1497 1254
1498 1254
1499 1255
1500 1255
1501 1255
1502 1255
1503 1255
1504 1255
1505 1255
1506 1255
1507 1255
1508 1255
1509 1255
1510 1255
1511 1255
1512 1255
1513 1255
1514 1255
1515 1255
1516 1255
1517 1255
1518 1255
1519 1255
1520 1255
1521 1255
1522 1255
1523 1255
1524 1255
1525 1255
1526 1255
1527 1255
1528 1255
1529 1256
1530 1256
1531 1256
1532 1256
1533 1256
1534 1256
1535 1256
1536 1256
1537 1256
1538 1256
1539 1256
1540 1257
1541 1257
1542 1257
1543 1257
1544 1257
1545 1257
1546 1257
1547 1257
1548 1257
1549 1257
1550 1256
1551 1256
1552 1256
1553 1256
1554 1256
1555 1256
1556 1256
1557 1256
1558 1256
1559 1256
1560 1256
1561 1256
1562 1256
1563 1256
1564 1256
1565 1256
1566 1257
1567 1257
1568 1257
1569 1257
1570 1257
1571 1257
1572 1258
1573 1258
1574 1258
1575 1258
1576 1259
1577 1259
1578 1260
1579 1260
1580 1260
1581 1260
1582 1260
1583 1260
1584 1261
1585 1261
1586 1261
1587 1261
1588 1261
1589 1261
1590 1261
1591 1261
1592 1262
1593 1262
1594 1262
1595 1262
1596 1262
1597 1262
1598 1262
1599 1262
1600 1262
1601 1262
1602 1262
1603 1262
1604 1262
1605 1263
1606 1263
1607 1263
1608 1263
1609 1264
1610 1264
1611 1264
1612 1264
1613 1264
1614 1264
1615 1265
1616 1265
1617 1266
1618 1266
1619 1266
1620 1266
1621 1266
1622 1265
1623 1265
1624 1265
1625 1265
1626 1265
1627 1265
1628 1265
1629 1265
1630 1265
1631 1265
1632 1265
1633 1264
1634 1264
1635 1263
1635 1262
1636 1261
1636 1260
1637 1259
1638 1258
1638 1257
1639 1256
1639 1255
1639 1254
1639 1253
1639 1252
1639 1251
1639 1250
1639 1249
1639 1248
1639 1247
1639 1246
1639 1245
1639 1244
1639 1243
1638 1242
1638 1241
1638 1240
1637 1239
1637 1238
1637 1237
1636 1236
1636 1235
1635 1234
1635 1233
1634 1232
1633 1231
1632 1230
1632 1229
1632 1228
1632 1227
1632 1226
1632 1225
1631 1225
1630 1225
1629 1225
1628 1225
1627 1225
1626 1225
1625 1225
1624 1225
1623 1225
1622 1225
1621 1225
1620 1225
1619 1225
1618 1225
1617 1225
1616 1225
1615 1224
1614 1224
1613 1224
1612 1224
1611 1224
1610 1224
1609 1224
1608 1224
1607 1224
1606 1224
1605 1224
1604 1224
1603 1224
1602 1224
1601 1224
1600 1224
1599 1224
1598 1224
1597 1224
1596 1224
1595 1224
1594 1224
1593 1224
1592 1224
1591 1224
1590 1224
1589 1224
1588 1224
1587 1224
1586 1223
1585 1223
1584 1223
1583 1222
1582 1222
1581 1222
1580 1222
1579 1222
