199 369
198 370
197 370
196 370
195 371
194 371
193 371
192 371
191 371
190 371
189 371
188 371
187 371
186 371
185 371
184 371
183 372
182 373
181 373
180 374
179 375
179 376
178 377
177 378
176 379
175 380
174 381
173 382
172 383
171 384
170 384
169 385
168 385
167 385
166 386
165 387
164 388
164 389
163 390
163 391
163 392
163 393
163 394
163 395
163 396
162 397
162 398
162 399
162 400
162 401
162 402
162 403
162 404
162 405
162 406
162 407
162 408
162 409
162 410
162 411
162 412
162 413
162 414
162 415
162 416
162 417
162 418
162 419
162 420
162 421
162 422
162 423
162 424
162 425
162 426
162 427
162 428
162 429
162 430
162 431
162 432
163 433
163 434
164 435
165 436
166 437
167 438
167 439
168 440
168 441
169 442
170 443
170 444
171 445
172 446
173 447
174 448
175 448
176 448
177 449
178 450
179 450
180 450
181 450
182 450
183 450
184 450
185 450
186 451
187 451
188 451
189 452
190 452
191 452
192 453
193 453
194 453
195 453
196 453
197 454
198 454
199 454
200 454
201 455
202 455
203 455
204 455
205 455
206 455
207 455
208 455
209 455
210 455
211 454
212 454
213 454
214 454
215 454
216 454
217 454
218 454
219 454
220 453
221 453
222 453
223 453
224 453
225 453
226 453
227 453
228 453
229 453
230 453
231 452
232 452
233 452
234 452
235 452
236 451
237 451
238 451
239 450
240 450
241 450
242 450
243 450
244 449
245 448
246 448
247 448
248 448
249 447
250 447
251 446
252 446
253 445
254 445
255 444
255 443
256 442
257 442
258 441
259 441
260 440
261 440
262 439
263 439
264 439
265 439
266 438
267 437
268 436
269 435
270 434
271 433
272 432
273 431
274 430
274 429
274 428
274 427
274 426
273 425
272 424
272 423
272 422
272 421
272 420
272 419
273 418
273 417
274 416
274 415
273 414
272 413
272 412
272 411
272 410
272 409
273 408
273 407
273 406
274 405
274 404
274 403
274 402
273 401
273 400
272 399
271 398
270 397
269 396
268 395
268 394
267 393
267 392
266 391
266 390
265 389
265 388
265 387
264 386
263 385
262 384
261 383
260 382
259 382
258 382
257 382
256 381
255 381
254 380
253 380
252 380
251 379
250 379
249 379
248 378
247 378
246 378
245 377
244 377
243 376
242 376
241 375
240 375
239 374
238 374
237 373
236 373
235 372
234 372
233 372
232 372
231 372
230 371
229 371
228 371
227 371
226 371
225 371
224 371
223 371
222 371
221 370
220 370
219 370
218 369
217 369
216 369
215 369
214 369
213 369
212 369
211 369
210 369
209 369
208 369
207 369
206 369
205 369
204 369
203 369
202 369
201 369
200 369
199 369
