591 370
590 371
589 371
588 371
587 372
586 372
585 372
584 372
583 373
582 373
581 374
580 375
579 375
578 376
577 377
576 377
575 377
574 377
573 377
572 377
571 377
570 378
569 378
568 378
567 378
566 378
565 378
564 378
563 378
562 378
561 378
560 377
559 377
558 376
557 376
556 376
555 375
554 375
553 375
552 375
551 375
550 375
549 374
548 374
547 374
546 374
545 374
544 374
543 374
542 374
541 374
540 373
539 373
538 372
537 372
536 372
535 372
534 372
533 372
532 372
531 372
530 372
529 372
528 372
527 372
526 372
525 372
524 372
523 372
522 372
521 373
521 374
520 375
520 376
519 377
518 377
517 378
516 378
515 378
514 378
513 378
512 378
511 378
510 379
510 380
509 381
509 382
510 383
510 384
511 385
512 386
513 387
513 388
514 389
515 390
516 391
517 392
518 393
519 394
519 395
520 396
521 397
522 398
523 399
524 400
524 401
525 402
526 403
527 404
528 405
529 406
530 407
531 408
532 409
533 410
534 410
535 410
536 411
537 411
538 411
539 412
540 412
541 413
542 414
543 414
544 414
545 415
546 415
547 415
548 415
549 415
550 416
551 416
552 416
553 417
554 417
555 417
556 418
557 419
558 419
559 419
560 419
561 419
562 420
563 420
564 420
565 420
566 420
567 420
568 420
569 421
570 421
571 421
572 422
573 422
574 422
575 422
576 422
577 422
578 422
579 422
580 422
581 422
582 422
583 422
584 423
585 423
586 423
587 423
588 424
589 424
590 424
591 424
592 424
593 424
594 424
595 424
596 424
597 424
598 424
599 424
600 424
601 424
602 424
603 424
604 424
605 424
606 424
607 423
608 423
609 422
610 422
611 421
612 421
613 420
614 420
615 420
616 419
617 418
618 417
619 416
620 415
621 414
622 413
622 412
623 411
623 410
624 409
624 408
624 407
624 406
624 405
624 404
625 403
625 402
625 401
625 400
626 399
626 398
626 397
626 396
626 395
626 394
626 393
626 392
626 391
626 390
625 389
625 388
625 387
624 386
624 385
623 384
622 383
621 382
620 381
619 380
618 380
617 379
616 378
615 378
614 378
613 378
612 377
611 377
610 376
609 376
608 375
607 374
606 374
605 373
604 373
603 373
602 373
601 373
600 373
599 372
598 372
597 371
596 371
595 371
594 371
593 371
592 371
591 370
