626 1650
625 1651
624 1651
623 1651
622 1651
621 1651
620 1651
619 1651
618 1651
617 1651
616 1651
615 1651
614 1651
613 1651
612 1651
611 1651
610 1651
609 1651
608 1651
607 1651
606 1651
605 1651
604 1651
603 1651
602 1651
601 1651
600 1651
599 1651
598 1651
597 1651
596 1651
595 1651
594 1651
593 1651
592 1651
591 1651
590 1651
589 1651
588 1651
587 1651
586 1652
585 1652
584 1652
583 1653
582 1653
581 1653
580 1653
579 1653
578 1653
577 1653
576 1653
575 1653
574 1653
573 1653
572 1654
571 1654
570 1655
569 1655
568 1656
567 1656
566 1656
565 1656
564 1657
563 1657
562 1658
561 1658
560 1658
559 1658
558 1658
557 1658
556 1658
555 1659
554 1659
553 1660
552 1660
551 1660
550 1660
549 1660
548 1660
547 1660
546 1660
545 1661
544 1662
543 1662
542 1663
541 1663
540 1663
539 1664
538 1665
537 1665
536 1666
535 1667
534 1667
533 1668
532 1669
531 1670
531 1671
530 1672
530 1673
530 1674
529 1675
530 1675
531 1675
532 1676
533 1676
534 1677
535 1678
536 1678
537 1678
538 1678
539 1678
540 1678
541 1678
542 1679
543 1679
544 1679
545 1679
546 1680
547 1680
548 1681
549 1681
550 1682
551 1682
552 1682
553 1683
554 1683
555 1684
556 1684
557 1684
558 1684
559 1684
560 1684
561 1685
562 1685
563 1686
564 1686
565 1686
566 1686
567 1686
568 1686
569 1687
570 1687
571 1687
572 1688
573 1688
574 1688
575 1688
576 1688
577 1689
578 1689
579 1689
580 1689
581 1689
582 1689
583 1689
584 1689
585 1689
586 1690
587 1690
588 1690
589 1690
590 1689
591 1689
592 1689
593 1689
594 1689
595 1689
596 1689
597 1689
598 1689
599 1689
600 1689
601 1689
602 1689
603 1689
604 1689
605 1689
606 1689
607 1689
608 1690
609 1690
610 1690
611 1690
612 1690
613 1690
614 1690
615 1690
616 1690
617 1690
618 1690
619 1690
620 1690
621 1690
622 1690
623 1690
624 1690
625 1690
626 1690
627 1690
628 1690
629 1690
630 1690
631 1690
632 1690
633 1690
634 1690
635 1690
636 1691
637 1691
638 1691
639 1691
640 1691
641 1691
642 1691
643 1691
644 1691
645 1691
646 1691
647 1690
648 1689
649 1689
650 1689
651 1689
652 1689
653 1690
654 1690
655 1690
656 1690
657 1690
658 1690
659 1690
660 1690
661 1689
662 1688
663 1688
664 1687
665 1686
665 1685
666 1684
667 1683
667 1682
667 1681
667 1680
667 1679
667 1678
667 1677
667 1676
668 1675
668 1674
668 1673
668 1672
668 1671
668 1670
668 1669
668 1668
668 1667
668 1666
668 1665
668 1664
668 1663
668 1662
667 1661
666 1661
665 1660
664 1660
663 1660
662 1660
661 1660
660 1660
659 1660
658 1660
657 1660
656 1660
655 1660
654 1660
653 1660
652 1660
651 1660
650 1659
649 1659
648 1659
647 1658
646 1658
645 1658
644 1658
643 1658
642 1658
641 1657
640 1657
639 1657
638 1656
637 1656
636 1655
635 1654
634 1653
633 1653
632 1652
631 1652
630 1652
629 1651
628 1651
627 1651
626 1650
