366 1282
365 1283
364 1284
364 1285
363 1286
362 1287
361 1288
361 1289
360 1290
360 1291
360 1292
360 1293
360 1294
360 1295
360 1296
360 1297
360 1298
360 1299
360 1300
360 1301
360 1302
360 1303
360 1304
361 1305
361 1306
361 1307
362 1308
362 1309
362 1310
362 1311
362 1312
362 1313
363 1314
363 1315
364 1316
364 1317
365 1318
365 1319
365 1320
366 1321
367 1322
368 1323
369 1324
370 1325
371 1326
372 1327
373 1328
374 1329
375 1330
376 1331
377 1332
378 1333
379 1334
380 1334
381 1335
382 1336
383 1337
384 1338
385 1339
386 1340
387 1341
388 1342
389 1343
390 1344
391 1344
392 1345
393 1346
394 1347
395 1348
396 1349
397 1349
398 1350
399 1351
400 1351
401 1352
402 1352
403 1352
404 1353
405 1352
406 1352
407 1351
408 1350
409 1350
410 1349
411 1349
412 1349
413 1349
414 1349
415 1349
416 1349
417 1349
418 1349
419 1349
420 1350
421 1350
422 1351
423 1351
424 1351
425 1351
426 1351
427 1351
428 1351
429 1351
430 1351
431 1351
432 1351
433 1351
434 1351
435 1351
436 1351
437 1351
438 1352
439 1352
440 1353
441 1353
442 1354
443 1354
444 1355
445 1355
446 1356
447 1356
448 1357
449 1357
450 1358
451 1359
452 1360
453 1360
454 1361
455 1361
456 1362
457 1363
458 1363
459 1364
460 1365
461 1365
462 1366
463 1367
464 1367
465 1367
466 1367
467 1367
468 1367
469 1367
470 1367
471 1366
472 1366
473 1366
474 1366
475 1366
476 1365
477 1365
478 1365
479 1364
480 1364
481 1364
482 1365
483 1364
484 1365
485 1365
486 1365
487 1365
488 1365
489 1365
490 1365
491 1365
492 1365
493 1365
494 1364
495 1364
496 1364
497 1364
498 1364
499 1364
500 1365
501 1365
502 1366
503 1367
504 1368
505 1369
505 1370
506 1370
507 1371
508 1372
509 1372
510 1372
511 1372
512 1372
513 1372
514 1372
515 1373
516 1373
517 1373
518 1374
519 1374
520 1374
521 1374
522 1374
523 1374
524 1374
525 1374
526 1374
527 1374
528 1374
529 1374
530 1374
531 1374
532 1374
533 1374
534 1374
535 1374
536 1374
537 1374
538 1374
539 1374
540 1374
541 1374
542 1374
543 1374
544 1374
545 1374
546 1374
547 1374
548 1373
549 1373
550 1373
551 1372
552 1372
553 1372
554 1371
555 1370
556 1370
557 1370
558 1370
559 1370
560 1369
561 1369
562 1368
563 1368
564 1367
565 1366
566 1365
567 1365
568 1364
569 1364
570 1364
571 1363
572 1363
573 1363
574 1363
575 1362
576 1362
577 1361
578 1361
579 1361
580 1360
581 1360
582 1359
583 1359
584 1358
585 1357
586 1357
586 1356
586 1355
586 1354
586 1353
586 1352
586 1351
586 1350
586 1349
586 1348
586 1347
586 1346
586 1345
586 1344
586 1343
586 1342
585 1341
584 1340
584 1339
583 1338
582 1337
582 1336
581 1336
580 1335
579 1334
578 1333
577 1333
576 1332
575 1332
574 1331
573 1331
572 1330
571 1329
570 1328
569 1327
568 1327
567 1326
567 1325
566 1324
566 1323
565 1322
565 1321
565 1320
564 1319
564 1318
563 1317
563 1316
563 1315
563 1314
563 1313
562 1312
562 1311
562 1310
561 1309
561 1308
561 1307
561 1306
561 1305
561 1304
560 1303
560 1302
560 1301
560 1300
560 1299
559 1298
558 1298
557 1297
556 1297
555 1296
554 1295
553 1294
552 1293
551 1292
550 1291
549 1290
548 1289
547 1289
546 1288
545 1288
544 1287
543 1287
542 1287
541 1287
540 1287
539 1287
538 1287
537 1287
536 1287
535 1287
534 1287
533 1287
532 1286
531 1286
530 1286
529 1285
528 1285
527 1285
526 1284
525 1284
524 1284
523 1284
522 1284
521 1284
520 1284
519 1284
518 1284
517 1284
516 1284
515 1284
514 1284
513 1285
512 1285
511 1285
510 1286
509 1286
508 1287
507 1287
506 1287
505 1287
504 1287
503 1287
502 1287
501 1287
500 1287
499 1286
498 1286
497 1286
496 1286
495 1286
494 1285
493 1285
492 1285
491 1284
490 1284
489 1284
488 1284
487 1284
486 1284
485 1284
484 1284
483 1284
482 1284
481 1283
480 1283
479 1283
478 1283
477 1283
476 1283
475 1283
474 1283
473 1283
472 1283
471 1283
470 1283
469 1283
468 1283
467 1283
466 1283
465 1283
464 1283
463 1283
462 1283
461 1283
460 1284
459 1284
458 1284
457 1284
456 1284
455 1284
454 1284
453 1284
452 1284
451 1284
450 1284
449 1284
448 1284
447 1284
446 1284
445 1284
444 1284
443 1284
442 1284
441 1284
440 1284
439 1284
438 1284
437 1284
436 1284
435 1284
434 1285
433 1285
432 1285
431 1286
430 1286
429 1286
428 1286
427 1286
426 1286
425 1286
424 1286
423 1286
422 1286
421 1286
420 1286
419 1286
418 1286
417 1286
416 1286
415 1286
414 1286
413 1286
412 1286
411 1286
410 1286
409 1286
408 1286
407 1286
406 1286
405 1286
404 1286
403 1285
402 1285
401 1285
400 1284
399 1284
398 1284
397 1284
396 1284
395 1284
394 1284
393 1284
392 1284
391 1284
390 1284
389 1284
388 1284
387 1284
386 1283
385 1283
384 1283
383 1283
382 1283
381 1283
380 1283
379 1282
378 1282
377 1282
376 1282
375 1282
374 1282
373 1282
372 1282
371 1282
370 1282
369 1282
368 1282
367 1282
366 1282
