1491 499
1490 500
1489 500
1488 501
1487 501
1486 502
1485 502
1484 503
1483 503
1482 503
1481 503
1480 503
1479 503
1478 503
1477 503
1476 504
1475 504
1474 504
1473 504
1472 505
1471 506
1470 506
1469 506
1468 507
1467 507
1466 507
1465 507
1464 507
1463 507
1462 507
1461 507
1460 507
1459 507
1458 507
1457 507
1456 507
1455 507
1454 508
1453 508
1452 508
1451 508
1450 509
1449 509
1448 510
1447 510
1446 510
1445 510
1444 511
1443 511
1442 511
1441 511
1440 511
1439 511
1438 511
1437 511
1436 511
1435 511
1434 511
1433 511
1432 512
1431 512
1430 512
1429 512
1428 513
1427 513
1426 513
1425 513
1424 513
1423 513
1422 513
1421 513
1420 514
1419 514
1418 514
1417 514
1416 515
1415 515
1414 515
1413 515
1412 515
1411 515
1410 515
1409 515
1408 516
1407 516
1406 516
1405 516
1404 517
1403 517
1402 518
1401 518
1400 518
1399 518
1398 519
1397 519
1396 520
1395 520
1394 520
1393 520
1392 521
1391 521
1390 521
1389 521
1388 522
1387 522
1386 522
1385 522
1384 523
1383 523
1382 523
1381 523
1380 524
1379 524
1378 524
1377 524
1376 525
1375 525
1374 526
1373 526
1372 526
1371 526
1370 527
1369 527
1368 528
1367 528
1366 528
1365 528
1364 529
1363 529
1362 530
1361 530
1360 531
1359 531
1358 532
1357 532
1356 533
1355 533
1354 533
1353 533
1352 533
1351 533
1350 533
1349 533
1348 533
1347 533
1346 533
1345 533
1344 534
1343 534
1342 534
1341 534
1340 535
1339 535
1338 536
1337 536
1336 536
1335 536
1334 537
1333 537
1332 537
1331 537
1330 538
1329 538
1328 539
1327 540
1326 540
1325 541
1324 542
1323 542
1322 543
1321 543
1320 543
1319 543
1318 544
1317 544
1316 544
1315 544
1314 545
1313 545
1312 545
1311 545
1310 546
1309 546
1308 546
1307 546
1306 547
1305 547
1304 548
1303 548
1302 549
1301 549
1300 550
1299 550
1298 551
1297 552
1296 552
1295 552
1294 553
1293 553
1292 554
1291 554
1290 554
1289 554
1288 555
1287 555
1286 555
1285 555
1284 555
1283 555
1282 555
1281 555
1280 555
1279 555
1278 556
1277 556
1276 556
1275 556
1274 557
1273 557
1272 557
1271 557
1270 558
1269 558
1268 559
1268 560
1267 561
1267 562
1267 563
1267 564
1266 565
1266 566
1266 567
1266 568
1265 569
1265 570
1265 571
1265 572
1265 573
1265 574
1265 575
1265 576
1265 577
1265 578
1265 579
1265 580
1265 581
1265 582
1265 583
1265 584
1265 585
1265 586
1265 587
1265 588
1265 589
1265 590
1265 591
1265 592
1265 593
1265 594
1265 595
1265 596
1264 597
1264 598
1264 599
1264 600
1263 601
1263 602
1264 603
1264 604
1265 605
1265 606
1266 607
1266 608
1267 609
1268 610
1269 611
1270 612
1271 613
1272 613
1273 614
1274 614
1275 615
1276 615
1277 616
1278 617
1279 617
1280 618
1281 619
1282 620
1283 621
1284 621
1285 622
1286 623
1287 623
1288 624
1288 625
1289 625
1290 626
1291 627
1292 628
1293 629
1294 629
1295 629
1296 630
1297 631
1298 631
1299 632
1300 633
1301 633
1302 634
1302 635
1303 635
1304 636
1304 637
1305 637
1306 638
1306 639
1307 639
1308 640
1308 641
1309 642
1310 643
1310 644
1311 645
1312 646
1313 647
1314 648
1314 649
1315 649
1316 650
1316 651
1317 652
1318 653
1318 654
1319 655
1320 656
1321 657
1322 658
1322 659
1323 659
1324 660
1324 661
1325 662
1326 663
1326 664
1327 665
1328 666
1328 667
1328 668
1329 669
1329 670
1329 671
1329 672
1328 673
1328 674
1328 675
1328 676
1328 677
1328 678
1329 679
1329 680
1330 681
1330 682
1331 683
1331 684
1332 685
1332 686
1332 687
1332 688
1333 689
1334 690
1335 691
1335 692
1336 693
1336 694
1337 695
1338 696
1338 697
1338 698
1339 699
1340 700
1341 701
1341 702
1342 703
1342 704
1343 705
1344 706
1344 707
1344 708
1345 709
1346 710
1346 711
1346 712
1347 713
1348 714
1348 715
1348 716
1349 717
1350 718
1350 719
1350 720
1351 721
1352 722
1352 723
1352 724
1353 725
1353 726
1354 727
1354 728
1354 729
1354 730
1355 731
1355 732
1356 733
1356 734
1356 735
1356 736
1357 737
1357 738
1357 739
1357 740
1358 741
1358 742
1358 743
1358 744
1359 745
1359 746
1359 747
1359 748
1359 749
1359 750
1360 751
1360 752
1360 753
1360 754
1361 755
1361 756
1361 757
1361 758
1361 759
1361 760
1361 761
1361 762
1361 763
1361 764
1362 765
1362 766
1362 767
1362 768
1363 769
1364 770
1364 771
1364 772
1365 773
1366 774
1366 775
1366 776
1367 777
1368 778
1368 779
1368 780
1369 781
1370 782
1371 783
1372 784
1372 785
1373 786
1374 787
1374 788
1375 789
1376 790
1377 791
1378 792
1378 793
1379 794
1380 795
1380 796
1381 797
1382 798
1383 799
1384 799
1385 800
1386 800
1387 800
1388 800
1389 800
1390 800
1391 801
1392 801
1393 801
1394 801
1395 802
1396 802
1397 802
1398 802
1399 803
1400 803
1401 803
1402 804
1403 805
1404 805
1405 805
1406 805
1407 806
1408 806
1409 806
1410 806
1411 806
1412 806
1413 806
1414 806
1415 807
1416 807
1417 807
1418 807
1419 808
1420 808
1421 808
1422 808
1423 808
1424 808
1425 809
1426 809
1427 810
1428 811
1428 812
1429 813
1429 814
1430 815
1430 816
1431 817
1432 818
1433 819
1434 819
1435 819
1436 819
1437 820
1438 820
1439 821
1440 821
1441 822
1442 823
1443 823
1444 824
1445 825
1446 825
1447 826
1448 826
1449 826
1450 826
1451 826
1452 826
1453 826
1454 826
1455 826
1456 826
1457 826
1458 826
1459 825
1460 825
1461 825
1462 825
1463 824
1464 824
1465 824
1466 824
1467 824
1468 824
1469 824
1470 824
1471 824
1472 824
1473 824
1474 824
1475 824
1476 824
1477 824
1478 824
1479 824
1480 824
1481 824
1482 824
1483 823
1484 823
1485 823
1486 823
1487 822
1488 822
1489 822
1490 822
1491 822
1492 822
1493 821
1494 821
1495 821
1496 821
1497 820
1498 820
1499 819
1500 819
1501 819
1502 819
1503 818
1504 818
1505 818
1506 818
1507 818
1508 818
1509 817
1510 817
1511 817
1512 817
1513 816
1514 815
1515 815
1516 815
1517 814
1518 813
1519 813
1520 813
1521 812
1522 811
1523 811
1524 811
1525 810
1526 810
1527 810
1528 810
1529 810
1530 810
1531 809
1532 809
1533 809
1534 809
1535 808
1536 808
1537 808
1538 808
1539 808
1540 808
1541 808
1542 808
1543 808
1544 808
1545 808
1546 808
1547 808
1548 808
1549 808
1550 808
1551 808
1552 808
1553 808
1554 808
1555 808
1556 808
1557 808
1558 808
1559 808
1560 808
1561 808
1562 808
1563 808
1564 808
1565 808
1566 808
1567 809
1568 809
1569 809
1570 809
1571 810
1572 810
1573 810
1574 810
1575 810
1576 810
1577 809
1578 809
1579 808
1580 808
1581 807
1582 807
1583 806
1584 805
1585 805
1586 805
1587 804
1588 803
1589 802
1590 801
1591 801
1592 800
1593 799
1594 799
1595 798
1596 797
1597 796
1598 795
1599 795
1599 794
1600 793
1601 793
1602 792
1603 791
1604 791
1605 790
1606 790
1607 790
1608 790
1609 790
1610 790
1611 790
1612 790
1613 789
1614 789
1615 788
1616 788
1617 787
1618 787
1619 786
1620 786
1621 785
1622 785
1623 785
1624 785
1625 784
1626 783
1627 783
1628 783
1629 782
1630 781
1631 781
1632 781
1633 780
1634 780
1635 780
1636 780
1637 780
1638 780
1639 779
1640 779
1641 778
1642 778
1643 777
1644 777
1645 776
1646 776
1647 776
1648 776
1649 776
1650 776
1651 775
1652 775
1653 775
1654 775
1655 774
1656 773
1657 773
1658 773
1659 772
1660 771
1661 771
1662 771
1663 770
1664 769
1665 769
1666 769
1667 768
1668 767
1669 767
1670 767
1671 766
1672 766
1673 765
1674 765
1675 764
1676 764
1677 763
1678 763
1679 762
1680 761
1681 760
1682 759
1683 759
1683 758
1684 757
1685 757
1686 756
1687 755
1688 755
1689 754
1690 753
1691 753
1692 753
1693 752
1694 751
1695 751
1696 751
1697 750
1698 749
1699 748
1700 747
1701 747
1702 746
1703 745
1704 745
1705 744
1706 744
1707 744
1708 744
1709 744
1710 744
1711 744
1712 744
1713 743
1714 743
1715 743
1716 743
1717 742
1718 742
1719 742
1720 742
1721 742
1722 742
1723 741
1724 741
1725 741
1726 741
1727 740
1728 740
1729 740
1730 740
1731 740
1732 740
1733 741
1734 741
1735 741
1736 741
1737 742
1738 742
1739 742
1740 742
1741 742
1742 742
1743 742
1744 742
1745 743
1746 743
1747 743
1748 743
1749 744
1750 744
1751 744
1752 744
1753 744
1754 744
1755 744
1756 744
1757 744
1758 744
1759 744
1760 744
1761 744
1762 744
1763 744
1764 744
1765 744
1766 744
1767 744
1768 744
1769 743
1770 743
1771 743
1772 743
1773 742
1774 742
1775 741
1776 741
1777 741
1778 741
1779 740
1780 740
1781 740
1782 740
1783 739
1784 739
1785 739
1786 739
1787 738
1788 738
1789 737
1790 737
1791 737
1792 737
1793 736
1794 736
1795 736
1796 736
1797 736
1798 736
1799 736
1800 736
1801 736
1802 736
1803 735
1804 735
1805 734
1806 734
1807 733
1808 733
1809 732
1810 732
1811 732
1812 732
1813 732
1814 732
1815 731
1816 731
1817 731
1818 731
1819 730
1820 730
1821 729
1822 729
1823 728
1824 728
1825 727
1826 727
1827 726
1828 726
1829 726
1830 726
1831 726
1832 726
1833 727
1834 727
1835 727
1836 727
1837 728
1838 728
1839 728
1840 728
1841 727
1842 727
1843 727
1844 727
1845 726
1846 726
1847 726
1848 726
1849 726
1850 726
1851 726
1852 726
1853 726
1854 726
1855 725
1856 725
1857 725
1858 725
1859 724
1860 724
1861 724
1862 724
1863 724
1864 724
1865 723
1866 723
1867 723
1868 723
1869 722
1870 722
1871 722
1872 722
1873 722
1874 722
1875 721
1876 721
1877 721
1878 721
1879 720
1880 719
1881 719
1882 719
1883 718
1884 717
1885 717
1886 717
1887 716
1888 716
1889 715
1890 715
1891 715
1892 715
1893 714
1894 714
1895 713
1896 713
1897 713
1898 713
1899 712
1900 712
1901 712
1902 712
1903 711
1904 711
1905 710
1906 709
1907 709
1908 708
1909 707
1910 707
1911 706
1912 705
1913 704
1914 703
1915 702
1915 701
1916 700
1917 699
1918 698
1919 697
1920 697
1921 696
1922 695
1923 694
1924 693
1925 692
1926 691
1927 690
1927 689
1928 688
1929 687
1929 686
1930 685
1931 685
1931 684
1932 683
1933 682
1933 681
1934 680
1934 679
1934 678
1934 677
1934 676
1934 675
1934 674
1934 673
1934 672
1934 671
1935 670
1935 669
1935 668
1935 667
1936 666
1936 665
1936 664
1936 663
1936 662
1936 661
1936 660
1936 659
1936 658
1936 657
1936 656
1936 655
1936 654
1936 653
1936 652
1936 651
1936 650
1936 649
1936 648
1936 647
1936 646
1936 645
1936 644
1936 643
1936 642
1936 641
1936 640
1936 639
1936 638
1936 637
1935 636
1935 635
1935 634
1935 633
1934 632
1934 631
1934 630
1934 629
1934 628
1934 627
1934 626
1934 625
1934 624
1934 623
1934 622
1934 621
1934 620
1934 619
1934 618
1934 617
1933 616
1933 615
1933 614
1933 613
1932 612
1932 611
1932 610
1932 609
1932 608
1932 607
1931 606
1931 605
1931 604
1931 603
1930 602
1930 601
1929 600
1929 599
1929 598
1929 597
1928 596
1928 595
1928 594
1928 593
1928 592
1928 591
1928 590
1928 589
1928 588
1928 587
1928 586
1928 585
1928 584
1928 583
1927 582
1927 581
1927 580
1927 579
1926 578
1926 577
1925 576
1925 575
1925 574
1925 573
1924 572
1924 571
1923 570
1923 569
1922 568
1921 567
1920 566
1919 566
1918 565
1917 564
1916 564
1915 563
1915 562
1914 562
1913 561
1913 560
1912 560
1911 559
1910 558
1909 558
1908 557
1907 557
1906 557
1905 557
1904 557
1903 557
1902 557
1901 557
1900 557
1899 557
1898 556
1897 556
1896 556
1895 555
1894 554
1893 554
1892 554
1891 554
1890 553
1889 553
1888 553
1887 553
1886 552
1885 552
1884 551
1883 551
1882 550
1881 550
1880 549
1879 549
1878 549
1877 549
1876 548
1875 548
1874 548
1873 548
1872 547
1871 547
1870 547
1869 547
1868 547
1867 547
1866 547
1865 547
1864 546
1863 546
1862 546
1861 546
1860 545
1859 545
1858 544
1857 544
1856 544
1855 544
1854 543
1853 543
1852 542
1851 542
1850 542
1849 542
1848 541
1847 541
1846 541
1845 541
1844 541
1843 541
1842 541
1841 541
1840 542
1839 542
1838 542
1837 542
1836 543
1835 543
1834 542
1833 542
1832 542
1831 542
1830 541
1829 541
1828 540
1827 540
1826 540
1825 540
1824 539
1823 539
1822 539
1821 539
1820 539
1819 539
1818 539
1817 539
1816 539
1815 539
1814 539
1813 539
1812 539
1811 539
1810 540
1809 540
1808 541
1807 541
1806 542
1805 542
1804 543
1803 543
1802 543
1801 543
1800 543
1799 543
1798 544
1797 544
1796 544
1795 544
1794 545
1793 545
1792 545
1791 545
1790 546
1789 546
1788 546
1787 546
1786 547
1785 547
1784 547
1783 547
1782 547
1781 547
1780 547
1779 547
1778 547
1777 547
1776 547
1775 547
1774 547
1773 547
1772 546
1771 546
1770 546
1769 546
1768 545
1767 545
1766 545
1765 545
1764 545
1763 545
1762 545
1761 545
1760 545
1759 545
1758 545
1757 545
1756 545
1755 545
1754 545
1753 545
1752 545
1751 545
1750 545
1749 545
1748 545
1747 545
1746 545
1745 545
1744 544
1743 544
1742 544
1741 544
1740 543
1739 543
1738 542
1737 542
1736 542
1735 542
1734 541
1733 541
1732 541
1731 541
1730 541
1729 541
1728 541
1727 541
1726 541
1725 541
1724 541
1723 541
1722 541
1721 541
1720 541
1719 541
1718 541
1717 541
1716 541
1715 541
1714 541
1713 541
1712 541
1711 541
1710 540
1709 540
1708 540
1707 540
1706 539
1705 539
1704 539
1703 539
1702 539
1701 539
1700 539
1699 539
1698 539
1697 539
1696 538
1695 538
1694 538
1693 538
1692 537
1691 537
1690 537
1689 537
1688 537
1687 537
1686 537
1685 537
1684 536
1683 536
1682 536
1681 536
1680 535
1679 535
1678 535
1677 535
1676 535
1675 535
1674 535
1673 535
1672 535
1671 535
1670 535
1669 535
1668 535
1667 535
1666 535
1665 535
1664 535
1663 535
1662 535
1661 535
1660 535
1659 535
1658 534
1657 534
1656 534
1655 534
1654 533
1653 533
1652 533
1651 533
1650 533
1649 533
1648 533
1647 533
1646 533
1645 533
1644 533
1643 533
1642 533
1641 533
1640 533
1639 533
1638 532
1637 532
1636 532
1635 532
1634 531
1633 531
1632 530
1631 530
1630 529
1629 529
1628 528
1627 527
1626 526
1625 526
1624 525
1623 525
1622 524
1621 523
1620 522
1619 522
1618 521
1617 521
1616 520
1615 519
1614 518
1613 518
1612 518
1611 518
1610 517
1609 517
1608 516
1607 516
1606 515
1605 514
1604 514
1603 513
1603 512
1602 512
1601 511
1600 510
1599 510
1598 509
1597 509
1596 508
1595 508
1594 508
1593 508
1592 507
1591 507
1590 506
1589 506
1588 506
1587 506
1586 505
1585 505
1584 505
1583 505
1582 505
1581 505
1580 505
1579 505
1578 505
1577 505
1576 505
1575 505
1574 505
1573 505
1572 505
1571 505
1570 505
1569 505
1568 505
1567 505
1566 505
1565 505
1564 505
1563 505
1562 506
1561 506
1560 506
1559 506
1558 507
1557 507
1556 507
1555 507
1554 507
1553 507
1552 507
1551 507
1550 507
1549 507
1548 508
1547 508
1546 508
1545 508
1544 509
1543 509
1542 509
1541 509
1540 509
1539 509
1538 509
1537 509
1536 508
1535 508
1534 507
1533 506
1532 506
1531 505
1530 504
1529 504
1528 503
1527 503
1526 503
1525 503
1524 503
1523 503
1522 503
1521 503
1520 502
1519 502
1518 502
1517 502
1516 501
1515 501
1514 501
1513 501
1512 501
1511 501
1510 501
1509 501
1508 501
1507 501
1506 501
1505 501
1504 501
1503 501
1502 501
1501 501
1500 501
1499 501
1498 501
1497 501
1496 500
1495 500
1494 500
1493 500
1492 499
1491 499
