224 622
223 623
222 623
221 623
220 624
219 624
218 624
217 625
216 625
215 626
214 626
213 626
212 627
211 627
210 627
209 627
208 627
207 628
206 628
205 628
204 628
203 628
202 629
201 629
200 629
199 630
198 630
197 630
196 630
195 630
194 630
193 630
192 630
191 630
190 630
189 630
188 629
187 629
186 628
185 628
184 627
183 627
182 627
181 628
180 628
179 628
178 628
177 629
176 629
175 629
174 630
173 630
172 630
171 630
170 630
169 630
168 631
167 631
166 631
165 631
164 632
163 632
162 633
161 633
160 633
159 634
158 634
157 635
156 636
155 637
154 638
153 639
152 640
151 641
150 642
149 643
148 643
147 644
146 644
145 645
144 645
143 645
142 645
141 646
140 646
140 647
139 648
138 649
138 650
138 651
138 652
138 653
137 654
137 655
137 656
136 657
136 658
135 659
135 660
135 661
135 662
135 663
135 664
135 665
135 666
135 667
135 668
135 669
135 670
135 671
135 672
135 673
135 674
135 675
135 676
136 677
137 678
138 678
139 678
140 678
141 679
142 679
143 679
144 680
145 680
146 680
147 680
148 680
149 680
150 681
151 681
152 682
153 682
154 683
155 683
156 684
157 684
158 684
159 685
160 685
161 685
162 686
163 686
164 686
165 686
166 687
167 688
168 688
169 688
170 689
171 689
172 689
173 689
174 689
175 689
176 690
177 690
178 690
179 691
180 691
181 691
182 691
183 691
184 691
185 691
186 691
187 691
188 691
189 691
190 691
191 691
192 691
193 691
194 692
195 692
196 692
197 692
198 692
199 692
200 692
201 692
202 692
203 692
204 692
205 692
206 692
207 692
208 692
209 692
210 692
211 692
212 692
213 692
214 692
215 692
216 692
217 692
218 693
219 693
220 693
221 693
222 693
223 693
224 693
225 693
226 694
227 694
228 694
229 694
230 694
231 694
232 694
233 694
234 694
235 694
236 694
237 694
238 695
239 695
240 695
241 696
242 696
243 696
244 696
245 697
246 697
247 697
248 698
249 698
250 698
251 698
252 698
253 699
254 699
255 699
256 699
257 699
258 700
259 700
260 700
261 701
262 701
263 701
264 701
265 701
266 701
267 701
268 701
269 701
270 701
271 701
272 701
273 701
274 701
275 702
276 702
277 703
278 704
279 704
280 704
281 704
282 704
283 704
284 704
285 704
286 704
287 704
288 704
289 704
290 703
291 702
292 702
293 702
294 701
295 701
296 700
297 699
298 698
299 697
300 696
301 695
302 694
303 693
303 692
304 691
305 690
305 689
306 688
306 687
307 686
307 685
308 684
308 683
308 682
309 681
309 680
309 679
309 678
309 677
309 676
309 675
308 674
308 673
308 672
308 671
307 670
307 669
307 668
306 667
306 666
305 665
305 664
304 663
303 662
303 661
302 660
301 659
300 658
299 657
298 656
297 655
296 655
295 654
294 653
293 652
292 651
291 650
290 649
289 648
288 647
287 646
286 645
285 644
284 643
284 642
283 641
282 640
281 639
280 638
279 637
278 636
277 635
276 634
275 633
274 632
273 632
272 631
271 631
270 631
269 631
268 631
267 631
266 631
265 630
264 630
263 630
262 629
261 629
260 629
259 628
258 628
257 627
256 627
255 626
254 626
253 626
252 626
251 626
250 626
249 625
248 625
247 624
246 624
245 624
244 623
243 623
242 623
241 623
240 622
239 622
238 622
237 622
236 622
235 622
234 622
233 622
232 622
231 622
230 622
229 622
228 622
227 622
226 622
225 622
224 622
