51 876
50 877
50 878
49 879
49 880
49 881
49 882
49 883
49 884
49 885
49 886
49 887
48 888
48 889
48 890
47 891
47 892
47 893
46 894
46 895
46 896
45 897
45 898
45 899
45 900
45 901
45 902
45 903
45 904
45 905
46 906
47 906
48 907
49 907
50 907
51 908
52 908
53 909
54 910
55 911
56 911
57 912
58 913
59 913
60 914
61 914
62 914
63 915
64 916
65 915
66 915
67 915
68 914
69 913
70 913
71 912
72 912
73 911
74 911
75 911
76 910
77 910
78 909
79 909
80 908
81 907
82 907
83 907
84 907
85 907
86 907
87 907
88 906
89 906
90 905
91 905
92 905
93 905
94 904
95 904
96 904
97 903
98 903
99 904
100 903
101 903
102 902
103 902
104 902
105 902
106 902
107 902
108 902
109 902
110 902
111 902
112 902
113 902
114 902
115 902
116 902
117 902
118 902
119 901
120 901
121 901
122 901
123 901
124 901
125 901
126 901
127 901
128 900
129 900
130 900
131 900
132 899
133 899
134 899
135 899
136 899
137 899
138 899
139 899
140 899
141 899
142 899
143 899
144 899
145 898
146 898
147 898
148 897
149 897
150 897
151 896
152 896
153 896
154 895
155 895
156 894
157 893
158 892
158 891
158 890
158 889
158 888
158 887
158 886
157 885
156 885
155 885
154 885
153 885
152 884
151 884
150 884
149 884
148 883
147 883
146 883
145 883
144 882
143 882
142 882
141 882
140 883
139 882
138 882
137 882
136 881
135 881
134 881
133 881
132 881
131 881
130 881
129 881
128 881
127 881
126 881
125 881
124 881
123 881
122 881
121 881
120 881
119 881
118 881
117 881
116 881
115 881
114 881
113 881
112 881
111 881
110 881
109 881
108 881
107 881
106 881
105 881
104 881
103 881
102 880
101 880
100 880
99 880
98 880
97 880
96 880
95 880
94 880
93 880
92 880
91 880
90 880
89 880
88 880
87 880
86 880
85 880
84 880
83 880
82 880
81 880
80 880
79 880
78 880
77 880
76 880
75 880
74 880
73 880
72 879
71 879
70 879
69 879
68 879
67 879
66 879
65 879
64 879
63 879
62 879
61 879
60 879
59 878
58 878
57 878
56 878
55 877
54 877
53 876
52 876
51 876
