545 2123
544 2124
543 2124
542 2125
541 2126
540 2127
539 2128
538 2128
537 2129
536 2129
535 2129
534 2130
533 2130
532 2130
531 2130
530 2130
529 2131
528 2131
527 2132
526 2133
525 2133
524 2134
523 2135
522 2135
521 2135
520 2136
519 2136
518 2137
517 2138
516 2139
515 2139
515 2140
515 2141
515 2142
515 2143
515 2144
516 2145
517 2146
518 2147
519 2148
520 2149
521 2150
522 2151
523 2152
523 2153
524 2154
524 2155
525 2156
526 2157
527 2158
527 2159
528 2160
529 2161
530 2162
531 2163
532 2163
533 2163
534 2163
535 2163
536 2164
537 2164
538 2164
539 2165
540 2165
541 2165
542 2166
543 2167
544 2167
545 2168
546 2168
547 2169
548 2170
549 2171
550 2171
551 2171
552 2172
553 2172
554 2172
555 2172
556 2172
557 2172
558 2172
559 2172
560 2172
561 2172
562 2172
563 2172
564 2172
565 2172
566 2172
567 2172
568 2172
569 2172
570 2172
571 2173
572 2173
573 2173
574 2174
575 2174
576 2174
577 2174
578 2174
579 2174
580 2174
581 2174
582 2174
583 2174
584 2174
585 2174
586 2174
587 2174
588 2174
589 2174
590 2174
591 2174
592 2174
593 2174
594 2174
595 2174
596 2174
597 2174
598 2174
599 2174
600 2174
601 2175
602 2175
603 2175
604 2175
605 2175
606 2175
607 2174
608 2174
609 2174
610 2174
611 2174
612 2174
613 2174
614 2174
615 2174
616 2174
617 2173
618 2173
619 2173
620 2173
621 2172
622 2172
623 2172
624 2172
625 2172
626 2172
627 2172
628 2171
629 2171
630 2171
631 2171
632 2171
633 2171
634 2171
635 2171
636 2171
637 2171
638 2170
639 2169
639 2168
640 2167
641 2166
641 2165
642 2164
642 2163
643 2162
643 2161
644 2160
645 2159
645 2158
646 2157
646 2156
647 2155
647 2154
648 2153
648 2152
648 2151
648 2150
648 2149
648 2148
648 2147
648 2146
648 2145
648 2144
648 2143
648 2142
648 2141
648 2140
647 2139
646 2138
645 2137
644 2137
643 2136
642 2136
641 2135
640 2135
639 2134
638 2134
637 2134
636 2133
635 2133
634 2132
633 2132
632 2131
631 2131
630 2130
629 2129
628 2129
627 2128
626 2128
625 2127
624 2127
623 2127
622 2127
621 2127
620 2127
619 2127
618 2126
617 2126
616 2125
615 2125
614 2124
613 2124
612 2124
611 2124
610 2123
609 2123
608 2123
607 2123
606 2123
605 2123
604 2123
603 2123
602 2123
601 2123
600 2123
599 2123
598 2123
597 2123
596 2123
595 2123
594 2123
593 2123
592 2123
591 2123
590 2123
589 2123
588 2123
587 2123
586 2123
585 2123
584 2123
583 2123
582 2123
581 2123
580 2123
579 2123
578 2123
577 2123
576 2123
575 2123
574 2123
573 2123
572 2123
571 2123
570 2123
569 2123
568 2123
567 2123
566 2123
565 2123
564 2123
563 2123
562 2123
561 2123
560 2123
559 2123
558 2123
557 2123
556 2123
555 2123
554 2123
553 2123
552 2123
551 2123
550 2123
549 2123
548 2123
547 2123
546 2123
545 2123
