730 1619
729 1620
728 1620
727 1621
726 1621
725 1622
724 1622
723 1622
722 1622
721 1622
720 1622
719 1622
718 1622
717 1623
716 1623
715 1623
714 1623
713 1623
712 1623
711 1624
710 1624
709 1625
708 1625
707 1626
706 1626
705 1627
704 1627
703 1627
702 1627
701 1627
700 1627
699 1627
698 1627
697 1627
696 1628
695 1628
694 1628
693 1629
692 1629
691 1629
690 1629
689 1629
688 1629
687 1629
686 1629
685 1629
684 1629
683 1629
682 1629
681 1629
680 1630
679 1630
678 1630
677 1630
676 1630
675 1630
674 1630
673 1630
672 1630
671 1630
670 1630
669 1630
668 1630
667 1630
666 1630
665 1630
664 1630
663 1630
662 1630
661 1630
660 1630
659 1630
658 1630
657 1630
656 1630
655 1630
654 1630
653 1630
652 1630
651 1630
650 1630
649 1630
648 1630
647 1630
646 1630
645 1630
644 1630
643 1630
642 1630
641 1630
640 1630
639 1630
638 1630
637 1630
636 1630
635 1630
634 1630
633 1630
632 1630
631 1630
630 1630
629 1630
628 1631
627 1631
626 1631
625 1632
624 1632
623 1631
622 1631
621 1630
620 1630
619 1629
618 1629
617 1629
616 1629
615 1629
614 1629
613 1629
612 1629
611 1629
610 1629
609 1629
608 1628
607 1628
606 1628
605 1628
604 1627
603 1627
602 1627
601 1627
600 1627
599 1627
598 1627
597 1627
596 1627
595 1627
594 1627
593 1627
592 1627
591 1627
590 1627
589 1627
588 1627
587 1626
586 1626
585 1626
584 1625
583 1625
582 1624
581 1624
580 1624
579 1624
578 1624
577 1624
576 1624
575 1624
574 1624
573 1624
572 1624
571 1624
570 1624
569 1625
568 1625
567 1625
566 1625
565 1625
564 1625
563 1625
562 1626
561 1626
560 1627
559 1627
558 1628
557 1628
556 1628
555 1628
554 1629
553 1630
552 1630
551 1631
550 1632
550 1633
549 1634
548 1635
548 1636
548 1637
548 1638
548 1639
548 1640
548 1641
547 1642
546 1643
546 1644
545 1645
545 1646
544 1647
543 1648
542 1649
541 1650
540 1651
540 1652
539 1653
538 1654
537 1655
536 1656
535 1657
534 1658
533 1659
532 1660
531 1661
530 1662
529 1663
528 1664
527 1665
526 1666
525 1667
524 1667
523 1668
522 1669
521 1670
520 1671
519 1672
518 1673
517 1674
516 1675
515 1676
515 1677
514 1678
514 1679
514 1680
514 1681
513 1682
513 1683
513 1684
512 1685
512 1686
512 1687
512 1688
512 1689
511 1690
511 1691
510 1692
509 1693
509 1694
508 1695
507 1696
506 1697
505 1698
504 1699
504 1700
503 1701
502 1702
502 1703
501 1704
500 1705
500 1706
499 1707
498 1708
498 1709
498 1710
498 1711
497 1712
496 1713
496 1714
495 1715
495 1716
494 1717
494 1718
493 1719
493 1720
493 1721
492 1722
492 1723
491 1724
491 1725
490 1726
490 1727
489 1728
489 1729
488 1730
488 1731
487 1732
487 1733
487 1734
486 1735
486 1736
485 1737
484 1738
484 1739
483 1740
483 1741
484 1742
484 1743
484 1744
485 1745
485 1746
485 1747
485 1748
486 1749
486 1750
487 1751
487 1752
488 1753
489 1754
490 1755
491 1756
492 1756
493 1757
494 1758
495 1759
496 1760
497 1760
498 1761
499 1761
500 1762
501 1762
502 1763
503 1763
504 1763
505 1763
506 1763
507 1763
508 1763
509 1763
510 1763
511 1763
512 1763
513 1763
514 1763
515 1763
516 1763
517 1763
518 1763
519 1763
520 1763
521 1762
522 1761
523 1761
524 1761
525 1761
526 1761
527 1761
528 1761
529 1761
530 1761
531 1761
532 1761
533 1761
534 1761
535 1761
536 1762
537 1762
538 1763
539 1764
540 1764
541 1765
542 1765
543 1765
544 1765
545 1765
546 1765
547 1766
548 1766
549 1766
550 1766
551 1766
552 1766
553 1767
554 1767
555 1767
556 1767
557 1767
558 1767
559 1767
560 1768
561 1768
562 1768
563 1768
564 1768
565 1769
566 1769
567 1769
568 1769
569 1769
570 1769
571 1769
572 1769
573 1769
574 1769
575 1769
576 1770
577 1770
578 1770
579 1771
580 1771
581 1771
582 1771
583 1771
584 1771
585 1771
586 1771
587 1771
588 1772
589 1772
590 1772
591 1772
592 1772
593 1772
594 1772
595 1772
596 1773
597 1773
598 1774
599 1774
600 1774
601 1774
602 1774
603 1774
604 1774
605 1774
606 1775
607 1775
608 1775
609 1776
610 1776
611 1776
612 1776
613 1776
614 1776
615 1776
616 1776
617 1776
618 1776
619 1777
620 1777
621 1777
622 1778
623 1778
624 1778
625 1778
626 1778
627 1778
628 1778
629 1778
630 1778
631 1778
632 1778
633 1778
634 1778
635 1777
636 1776
637 1776
638 1776
639 1776
640 1776
641 1776
642 1776
643 1776
644 1776
645 1776
646 1776
647 1776
648 1776
649 1776
650 1776
651 1776
652 1776
653 1776
654 1776
655 1776
656 1776
657 1776
658 1775
659 1775
660 1775
661 1774
662 1774
663 1774
664 1774
665 1774
666 1774
667 1774
668 1774
669 1774
670 1774
671 1774
672 1773
673 1773
674 1773
675 1773
676 1773
677 1773
678 1773
679 1772
680 1772
681 1772
682 1772
683 1772
684 1773
685 1773
686 1773
687 1773
688 1773
689 1773
690 1773
691 1773
692 1773
693 1773
694 1773
695 1773
696 1773
697 1773
698 1774
699 1774
700 1774
701 1774
702 1774
703 1774
704 1774
705 1774
706 1774
707 1774
708 1774
709 1774
710 1774
711 1774
712 1774
713 1774
714 1774
715 1774
716 1774
717 1774
718 1774
719 1774
720 1774
721 1774
722 1774
723 1774
724 1774
725 1774
726 1774
727 1774
728 1774
729 1773
730 1773
731 1773
732 1773
733 1773
734 1773
735 1773
736 1773
737 1773
738 1773
739 1773
740 1773
741 1773
742 1773
743 1773
744 1773
745 1773
746 1773
747 1773
748 1773
749 1773
750 1773
751 1773
752 1773
753 1773
754 1773
755 1773
756 1773
757 1773
758 1773
759 1773
760 1774
761 1774
762 1774
763 1774
764 1774
765 1774
766 1774
767 1774
768 1774
769 1774
770 1774
771 1774
772 1774
773 1773
774 1773
775 1773
776 1773
777 1773
778 1773
779 1773
780 1772
781 1772
782 1772
783 1771
784 1770
785 1770
786 1770
787 1769
788 1769
789 1768
790 1767
791 1767
792 1767
793 1767
794 1766
795 1765
796 1765
797 1764
798 1763
799 1763
800 1763
801 1763
802 1762
803 1761
804 1760
805 1759
806 1758
807 1758
808 1757
809 1756
810 1756
811 1756
812 1756
813 1756
814 1757
815 1757
816 1757
817 1757
818 1757
819 1757
820 1757
821 1757
822 1757
823 1757
824 1757
825 1756
826 1756
827 1756
828 1756
829 1756
830 1756
831 1757
832 1757
833 1757
834 1757
835 1758
836 1759
837 1759
838 1760
839 1760
840 1760
841 1760
842 1761
843 1761
844 1761
845 1761
846 1761
847 1761
848 1761
849 1761
850 1762
851 1762
852 1763
853 1764
854 1764
855 1765
856 1766
857 1767
858 1767
859 1767
860 1767
861 1767
862 1768
863 1768
864 1769
865 1769
866 1769
867 1769
868 1769
869 1769
870 1769
871 1769
872 1769
873 1769
874 1769
875 1769
876 1770
877 1769
878 1769
879 1768
880 1767
881 1767
882 1766
883 1766
884 1766
885 1766
886 1765
887 1765
888 1764
889 1763
890 1763
891 1762
892 1762
893 1761
894 1761
895 1761
896 1761
897 1761
898 1761
899 1760
900 1760
901 1760
902 1759
903 1759
904 1758
905 1758
906 1757
907 1756
908 1755
908 1754
908 1753
909 1752
910 1751
911 1751
912 1750
913 1750
914 1750
915 1750
916 1750
917 1749
918 1749
919 1748
920 1747
921 1746
922 1745
923 1745
924 1744
925 1744
926 1743
927 1743
928 1742
929 1741
930 1740
931 1739
932 1739
933 1738
933 1737
934 1736
934 1735
935 1734
936 1733
936 1732
936 1731
936 1730
936 1729
936 1728
936 1727
936 1726
936 1725
935 1724
935 1723
935 1722
936 1721
936 1720
936 1719
936 1718
936 1717
936 1716
936 1715
936 1714
935 1713
935 1712
935 1711
935 1710
934 1709
934 1708
934 1707
934 1706
934 1705
934 1704
934 1703
934 1702
934 1701
934 1700
935 1699
935 1698
935 1697
935 1696
935 1695
935 1694
935 1693
935 1692
934 1691
934 1690
933 1689
933 1688
933 1687
932 1686
932 1685
932 1684
931 1683
931 1682
931 1681
930 1680
929 1679
928 1678
927 1677
927 1676
926 1675
925 1674
924 1673
923 1672
922 1672
921 1672
920 1671
919 1670
918 1670
917 1669
916 1669
915 1668
914 1668
913 1667
912 1667
911 1666
910 1665
909 1664
908 1663
907 1662
906 1661
905 1661
904 1660
903 1659
902 1658
901 1657
900 1657
899 1656
898 1655
897 1655
896 1654
895 1654
894 1654
893 1654
892 1654
891 1653
890 1653
889 1653
888 1653
887 1653
886 1653
885 1652
884 1652
883 1651
882 1651
881 1650
880 1650
879 1650
878 1650
877 1649
876 1649
875 1648
874 1648
873 1647
872 1647
871 1647
870 1646
869 1646
868 1645
867 1645
866 1644
865 1643
864 1643
863 1643
862 1642
861 1642
860 1642
859 1641
858 1641
857 1640
856 1640
855 1639
854 1639
853 1639
852 1639
851 1638
850 1637
849 1637
848 1637
847 1636
846 1636
845 1635
844 1635
843 1634
842 1633
841 1633
840 1633
839 1633
838 1633
837 1633
836 1632
835 1632
834 1631
833 1630
832 1630
831 1629
830 1629
829 1629
828 1629
827 1629
826 1629
825 1629
824 1629
823 1629
822 1629
821 1629
820 1629
819 1629
818 1629
817 1629
816 1629
815 1629
814 1629
813 1629
812 1629
811 1628
810 1628
809 1628
808 1627
807 1627
806 1627
805 1627
804 1626
803 1626
802 1626
801 1625
800 1625
799 1625
798 1625
797 1625
796 1625
795 1625
794 1624
793 1624
792 1624
791 1624
790 1624
789 1624
788 1624
787 1623
786 1623
785 1623
784 1623
783 1623
782 1622
781 1622
780 1622
779 1622
778 1622
777 1622
776 1622
775 1622
774 1622
773 1621
772 1621
771 1621
770 1620
769 1620
768 1620
767 1620
766 1620
765 1620
764 1620
763 1619
762 1619
761 1619
760 1619
759 1619
758 1619
757 1619
756 1619
755 1619
754 1619
753 1619
752 1619
751 1619
750 1619
749 1619
748 1619
747 1619
746 1619
745 1619
744 1619
743 1619
742 1619
741 1619
740 1619
739 1619
738 1619
737 1619
736 1619
735 1619
734 1619
733 1619
732 1619
731 1619
730 1619
