435 998
434 999
433 999
432 999
431 999
430 999
429 999
428 1000
427 1000
426 1000
425 1000
424 1000
423 1000
422 1001
421 1001
420 1001
419 1002
418 1002
417 1002
416 1002
415 1002
414 1002
413 1002
412 1003
411 1003
410 1003
409 1003
408 1003
407 1003
406 1004
405 1004
404 1004
403 1004
402 1004
401 1004
400 1004
399 1005
398 1005
397 1005
396 1005
395 1005
394 1006
393 1006
392 1007
391 1008
390 1009
390 1010
389 1011
389 1012
390 1013
390 1014
390 1015
391 1016
391 1017
392 1018
393 1019
394 1019
395 1019
396 1020
397 1020
398 1020
399 1021
400 1021
401 1021
402 1022
403 1022
404 1022
405 1023
406 1023
407 1024
408 1024
409 1025
410 1025
411 1025
412 1026
413 1026
414 1027
415 1027
416 1028
417 1028
418 1028
419 1029
420 1029
421 1030
422 1030
423 1031
424 1032
425 1032
426 1033
427 1033
428 1033
429 1034
430 1034
431 1035
432 1035
433 1036
434 1036
435 1037
436 1037
437 1038
438 1038
439 1039
440 1039
441 1039
442 1040
443 1040
444 1041
445 1041
446 1041
447 1042
448 1042
449 1042
450 1043
451 1043
452 1043
453 1044
454 1044
455 1044
456 1044
457 1045
458 1045
459 1045
460 1045
461 1046
462 1046
463 1046
464 1047
465 1047
466 1047
467 1047
468 1047
469 1047
470 1047
471 1047
472 1046
473 1046
474 1045
475 1044
476 1044
477 1043
478 1043
479 1043
480 1043
481 1043
482 1043
483 1042
484 1042
485 1042
486 1042
487 1042
488 1042
489 1042
490 1042
491 1042
492 1042
493 1042
494 1042
495 1042
496 1042
497 1042
498 1042
499 1042
500 1042
501 1042
502 1042
503 1043
504 1043
505 1044
506 1044
507 1044
508 1044
509 1044
510 1044
511 1044
512 1044
513 1043
514 1042
514 1041
515 1040
516 1039
517 1038
517 1037
517 1036
517 1035
517 1034
517 1033
517 1032
517 1031
517 1030
517 1029
517 1028
516 1027
516 1026
515 1025
514 1024
514 1023
513 1023
512 1022
511 1021
510 1021
509 1020
508 1020
507 1020
506 1019
505 1018
504 1017
503 1016
502 1015
501 1015
500 1014
499 1013
498 1013
497 1012
496 1011
495 1011
494 1010
493 1010
492 1010
491 1010
490 1010
489 1009
488 1008
487 1008
486 1008
485 1007
484 1007
483 1006
482 1006
481 1005
480 1005
479 1004
478 1004
477 1004
476 1004
475 1003
474 1003
473 1003
472 1003
471 1003
470 1003
469 1003
468 1003
467 1003
466 1003
465 1003
464 1003
463 1003
462 1003
461 1003
460 1003
459 1003
458 1003
457 1003
456 1003
455 1003
454 1003
453 1002
452 1002
451 1001
450 1001
449 1000
448 1000
447 1000
446 1000
445 1000
444 1000
443 1000
442 999
441 999
440 999
439 998
438 998
437 998
436 998
435 998
