1794 569
1793 570
1792 570
1791 570
1790 570
1789 571
1788 571
1787 572
1786 572
1785 572
1784 573
1783 574
1782 574
1781 575
1780 575
1779 576
1778 576
1777 576
1776 576
1775 576
1774 576
1773 576
1772 576
1771 576
1770 576
1769 576
1768 576
1767 576
1766 576
1765 577
1764 577
1763 578
1762 578
1761 579
1760 579
1759 580
1758 580
1757 580
1756 580
1755 580
1754 580
1753 580
1752 581
1751 581
1750 581
1749 581
1748 582
1747 582
1746 582
1745 582
1744 582
1743 582
1742 582
1741 582
1740 582
1739 582
1738 582
1737 583
1736 583
1735 583
1734 583
1733 583
1732 583
1731 584
1730 584
1729 584
1728 585
1727 585
1726 585
1725 585
1724 585
1723 585
1722 586
1721 586
1720 586
1719 587
1718 587
1717 588
1716 588
1715 588
1714 588
1713 589
1712 589
1711 589
1710 589
1709 589
1708 589
1707 589
1706 590
1705 590
1704 590
1703 590
1702 590
1701 590
1700 590
1699 590
1698 590
1697 590
1696 590
1695 590
1694 590
1693 591
1692 591
1691 591
1690 592
1689 593
1688 593
1687 593
1686 594
1685 595
1684 595
1683 595
1682 596
1681 596
1680 596
1679 596
1678 596
1677 596
1676 596
1675 596
1674 596
1673 596
1672 596
1671 596
1670 595
1669 595
1668 595
1667 594
1666 594
1665 594
1664 594
1663 594
1662 595
1661 595
1660 595
1659 596
1658 596
1657 597
1656 597
1655 597
1654 597
1653 597
1652 597
1651 597
1650 597
1649 597
1648 597
1647 597
1646 597
1645 597
1644 597
1643 597
1642 598
1641 598
1640 598
1639 599
1638 599
1637 599
1636 599
1635 599
1634 599
1633 600
1632 600
1631 600
1630 601
1629 601
1628 601
1627 601
1626 601
1625 601
1624 601
1623 601
1622 601
1621 601
1620 601
1619 601
1618 601
1617 601
1616 601
1615 601
1614 601
1613 601
1612 601
1611 601
1610 601
1609 601
1608 601
1607 601
1606 601
1605 601
1604 602
1603 602
1602 602
1601 603
1600 603
1599 603
1598 603
1597 603
1596 603
1595 603
1594 603
1593 603
1592 603
1591 603
1590 603
1589 603
1588 603
1587 603
1586 603
1585 603
1584 603
1583 603
1582 603
1581 603
1580 603
1579 603
1578 603
1577 603
1576 603
1575 603
1574 603
1573 603
1572 603
1571 603
1570 603
1569 603
1568 603
1567 603
1566 603
1565 603
1564 603
1563 603
1562 603
1561 603
1560 602
1559 602
1558 602
1557 602
1556 601
1555 601
1554 601
1553 601
1552 601
1551 601
1550 601
1549 600
1548 600
1547 600
1546 600
1545 599
1544 599
1543 599
1542 599
1541 599
1540 599
1539 599
1538 599
1537 599
1536 599
1535 599
1534 599
1533 599
1532 599
1531 599
1530 599
1529 599
1528 599
1527 599
1526 599
1525 599
1524 599
1523 599
1522 599
1521 599
1520 599
1519 600
1518 600
1517 600
1516 601
1515 601
1514 601
1513 601
1512 601
1511 602
1510 602
1509 602
1508 603
1507 603
1506 603
1505 603
1504 603
1503 603
1502 603
1501 603
1500 603
1499 603
1498 603
1497 603
1496 603
1495 603
1494 603
1493 603
1492 603
1491 603
1490 603
1489 603
1488 603
1487 603
1486 603
1485 603
1484 603
1483 603
1482 604
1481 604
1480 604
1479 604
1478 604
1477 604
1476 604
1475 604
1474 604
1473 604
1472 604
1471 604
1470 604
1469 604
1468 604
1467 604
1466 604
1465 604
1464 604
1463 604
1462 604
1461 604
1460 605
1459 605
1458 605
1457 605
1456 606
1455 606
1454 606
1453 606
1452 606
1451 606
1450 606
1449 606
1448 606
1447 606
1446 606
1445 606
1444 606
1443 606
1442 606
1441 606
1440 606
1439 606
1438 606
1437 606
1436 606
1435 607
1434 607
1433 607
1432 607
1431 608
1430 608
1429 608
1428 608
1427 608
1426 608
1425 608
1424 608
1423 608
1422 608
1421 608
1420 608
1419 608
1418 608
1417 608
1416 608
1415 608
1414 608
1413 608
1412 608
1411 608
1410 608
1409 608
1408 608
1407 608
1406 608
1405 608
1404 609
1403 609
1402 609
1401 610
1400 610
1399 610
1398 610
1397 610
1396 610
1395 610
1394 610
1393 610
1392 610
1391 609
1390 609
1389 609
1388 608
1387 608
1386 608
1385 608
1384 608
1383 608
1382 608
1381 608
1380 608
1379 608
1378 608
1377 608
1376 608
1375 608
1374 608
1373 608
1372 608
1371 608
1370 608
1369 608
1368 608
1367 608
1366 608
1365 608
1364 608
1363 608
1362 608
1361 608
1360 608
1359 608
1358 608
1357 608
1356 608
1355 608
1354 608
1353 608
1352 608
1351 608
1350 608
1349 608
1348 608
1347 608
1346 608
1345 608
1344 608
1343 608
1342 608
1341 608
1340 608
1339 608
1338 608
1337 608
1336 608
1335 608
1334 608
1333 608
1332 608
1331 608
1330 608
1329 609
1328 609
1327 609
1326 610
1325 610
1324 610
1323 610
1322 610
1321 610
1320 610
1319 610
1318 610
1317 610
1316 610
1315 610
1314 610
1313 610
1312 610
1311 610
1310 610
1309 610
1308 610
1307 610
1306 610
1305 610
1304 610
1303 611
1302 611
1301 612
1300 613
1299 614
1298 615
1297 616
1296 617
1296 618
1296 619
1295 620
1295 621
1295 622
1294 623
1293 624
1293 625
1293 626
1293 627
1293 628
1293 629
1293 630
1294 631
1294 632
1294 633
1294 634
1294 635
1294 636
1294 637
1294 638
1294 639
1294 640
1294 641
1294 642
1294 643
1294 644
1294 645
1294 646
1295 647
1295 648
1296 649
1297 650
1298 651
1299 652
1300 653
1301 654
1302 655
1303 656
1303 657
1304 658
1304 659
1305 660
1305 661
1306 662
1306 663
1307 664
1308 665
1309 666
1310 667
1311 668
1312 669
1313 670
1314 671
1315 672
1316 672
1317 673
1318 674
1319 675
1320 675
1321 676
1322 677
1323 678
1324 678
1325 679
1326 680
1327 680
1328 681
1328 682
1329 683
1330 684
1330 685
1330 686
1330 687
1331 688
1331 689
1331 690
1331 691
1331 692
1331 693
1331 694
1331 695
1331 696
1331 697
1331 698
1331 699
1332 700
1333 701
1333 702
1334 703
1335 704
1336 705
1337 706
1338 707
1338 708
1339 709
1340 710
1341 711
1341 712
1342 713
1343 714
1344 715
1345 716
1346 717
1347 718
1348 719
1349 720
1350 721
1351 722
1352 723
1353 724
1354 725
1355 725
1356 726
1357 727
1358 727
1359 728
1360 729
1361 730
1362 731
1363 732
1364 733
1365 734
1366 735
1366 736
1367 737
1368 738
1368 739
1368 740
1369 741
1370 742
1371 743
1372 744
1373 745
1374 746
1375 747
1375 748
1376 749
1377 750
1377 751
1377 752
1378 753
1378 754
1378 755
1379 756
1379 757
1380 758
1381 759
1382 760
1383 761
1384 762
1385 763
1386 764
1387 765
1388 766
1389 767
1389 768
1390 769
1391 770
1392 771
1393 772
1394 773
1395 773
1396 774
1397 775
1398 776
1399 777
1400 778
1401 779
1402 779
1403 780
1404 780
1405 781
1406 781
1407 781
1408 781
1409 781
1410 781
1411 781
1412 782
1413 782
1414 783
1415 784
1416 785
1416 786
1417 787
1418 788
1418 789
1419 790
1420 791
1421 792
1422 793
1423 794
1424 795
1425 795
1426 796
1427 796
1428 796
1429 797
1430 797
1431 798
1432 799
1433 799
1434 800
1435 800
1436 801
1437 801
1438 802
1439 802
1440 803
1441 803
1442 803
1443 803
1444 804
1445 804
1446 805
1447 805
1448 806
1449 807
1450 808
1451 808
1452 808
1453 808
1454 809
1455 809
1456 809
1457 809
1458 810
1459 810
1460 811
1461 811
1462 811
1463 812
1464 813
1465 813
1466 813
1467 814
1468 815
1469 815
1470 815
1471 816
1472 817
1473 817
1474 818
1475 819
1476 820
1477 821
1478 822
1479 822
1480 822
1481 823
1482 824
1483 824
1484 824
1485 825
1486 825
1487 825
1488 826
1489 826
1490 827
1491 827
1492 827
1493 828
1494 829
1495 829
1496 830
1497 831
1498 832
1499 832
1500 833
1501 833
1502 833
1503 834
1504 835
1505 835
1506 836
1507 836
1508 837
1509 837
1510 837
1511 837
1512 838
1513 838
1514 839
1515 840
1516 841
1517 842
1518 843
1519 843
1520 844
1521 845
1522 845
1523 846
1524 846
1525 847
1526 848
1527 849
1528 849
1529 850
1530 851
1531 852
1532 852
1533 853
1534 853
1535 854
1536 854
1537 855
1538 855
1539 855
1540 856
1541 857
1542 858
1543 859
1544 860
1545 861
1546 862
1547 863
1548 864
1549 864
1550 865
1551 865
1552 866
1553 866
1554 866
1555 866
1556 866
1557 866
1558 866
1559 866
1560 866
1561 865
1562 865
1563 865
1564 865
1565 865
1566 865
1567 865
1568 865
1569 865
1570 865
1571 865
1572 865
1573 865
1574 865
1575 865
1576 865
1577 866
1578 866
1579 867
1580 868
1581 869
1582 869
1583 870
1584 871
1585 872
1586 873
1587 873
1588 874
1589 875
1590 876
1591 876
1592 877
1593 878
1594 879
1595 880
1596 881
1597 882
1598 883
1599 883
1600 884
1601 884
1602 884
1603 884
1604 884
1605 884
1606 884
1607 884
1608 884
1609 884
1610 883
1611 883
1612 882
1613 881
1614 881
1615 881
1616 881
1617 881
1618 881
1619 882
1620 882
1621 882
1622 882
1623 882
1624 882
1625 882
1626 881
1627 881
1628 881
1629 880
1630 879
1631 879
1632 878
1633 878
1634 877
1635 877
1636 877
1637 877
1638 877
1639 877
1640 877
1641 876
1642 876
1643 876
1644 876
1645 875
1646 875
1647 875
1648 875
1649 875
1650 875
1651 875
1652 874
1653 874
1654 874
1655 874
1656 873
1657 873
1658 874
1659 873
1660 873
1661 873
1662 873
1663 873
1664 873
1665 873
1666 873
1667 874
1668 874
1669 874
1670 875
1671 876
1672 876
1673 876
1674 877
1675 877
1676 876
1677 876
1678 875
1679 875
1680 874
1681 874
1682 873
1683 873
1684 873
1685 873
1686 873
1687 873
1688 873
1689 873
1690 873
1691 873
1692 873
1693 873
1694 873
1695 873
1696 874
1697 874
1698 874
1699 874
1700 875
1701 875
1702 875
1703 875
1704 876
1705 876
1706 876
1707 877
1708 878
1709 878
1710 878
1711 879
1712 879
1713 879
1714 880
1715 880
1716 880
1717 881
1718 881
1719 881
1720 881
1721 882
1722 882
1723 883
1724 883
1725 884
1726 884
1727 885
1728 885
1729 885
1730 886
1731 886
1732 885
1733 885
1734 885
1735 884
1736 884
1737 884
1738 884
1739 884
1740 884
1741 884
1742 884
1743 883
1744 883
1745 883
1746 882
1747 882
1748 883
1749 883
1750 884
1751 885
1752 885
1753 886
1754 887
1755 887
1756 887
1757 887
1758 888
1759 888
1760 888
1761 888
1762 888
1763 888
1764 888
1765 888
1766 888
1767 888
1768 887
1769 887
1770 887
1771 887
1772 886
1773 886
1774 886
1775 886
1776 886
1777 886
1778 886
1779 886
1780 885
1781 885
1782 885
1783 884
1784 884
1785 884
1786 884
1787 885
1788 885
1789 885
1790 886
1791 886
1792 886
1793 886
1794 886
1795 886
1796 886
1797 886
1798 886
1799 886
1800 886
1801 886
1802 886
1803 886
1804 886
1805 886
1806 886
1807 886
1808 885
1809 885
1810 885
1811 884
1812 884
1813 884
1814 884
1815 884
1816 884
1817 884
1818 884
1819 884
1820 884
1821 884
1822 884
1823 884
1824 884
1825 884
1826 884
1827 884
1828 884
1829 883
1830 883
1831 883
1832 882
1833 882
1834 882
1835 882
1836 882
1837 882
1838 882
1839 882
1840 882
1841 882
1842 882
1843 883
1844 883
1845 883
1846 884
1847 885
1848 885
1849 886
1850 887
1851 888
1852 889
1853 890
1854 890
1855 891
1856 891
1857 891
1858 891
1859 891
1860 891
1861 891
1862 891
1863 891
1864 891
1865 891
1866 891
1867 891
1868 891
1869 892
1870 892
1871 892
1872 893
1873 893
1874 892
1875 892
1876 892
1877 892
1878 891
1879 891
1880 891
1881 891
1882 891
1883 891
1884 891
1885 891
1886 891
1887 891
1888 891
1889 891
1890 891
1891 891
1892 891
1893 891
1894 891
1895 891
1896 891
1897 891
1898 891
1899 891
1900 891
1901 891
1902 891
1903 891
1904 891
1905 891
1906 890
1907 890
1908 890
1909 890
1910 889
1911 889
1912 889
1913 889
1914 888
1915 887
1916 887
1917 886
1918 885
1919 884
1920 883
1921 883
1922 882
1923 881
1924 880
1925 879
1926 878
1927 877
1928 876
1929 875
1930 875
1931 874
1932 873
1933 873
1934 873
1935 872
1936 872
1937 872
1938 872
1939 872
1940 872
1941 871
1942 871
1943 871
1944 870
1945 869
1946 869
1947 869
1948 868
1949 868
1950 867
1951 867
1952 867
1953 867
1954 866
1955 866
1956 865
1957 865
1958 864
1959 863
1960 862
1961 861
1962 860
1963 859
1964 858
1965 857
1966 856
1967 855
1968 854
1969 853
1970 852
1971 852
1972 851
1973 851
1974 851
1975 851
1976 851
1977 851
1978 850
1979 850
1980 849
1981 848
1982 847
1983 846
1984 845
1985 844
1986 843
1987 842
1988 841
1989 841
1990 840
1991 839
1992 839
1993 838
1994 838
1995 837
1996 836
1997 835
1998 834
1999 833
2000 832
2001 831
2002 830
2003 829
2004 828
2005 827
2006 826
2007 825
2008 824
2009 823
2010 822
2011 822
2012 821
2013 820
2014 820
2015 819
2016 818
2017 817
2018 816
2019 815
2020 814
2021 813
2022 812
2023 811
2024 810
2025 809
2026 808
2027 807
2028 806
2029 805
2030 804
2031 803
2032 802
2033 801
2034 800
2035 799
2035 798
2036 797
2037 796
2038 795
2038 794
2039 793
2039 792
2040 791
2040 790
2040 789
2040 788
2040 787
2040 786
2040 785
2040 784
2040 783
2040 782
2040 781
2040 780
2040 779
2040 778
2040 777
2040 776
2040 775
2040 774
2040 773
2040 772
2040 771
2040 770
2040 769
2040 768
2040 767
2040 766
2040 765
2040 764
2040 763
2040 762
2040 761
2040 760
2040 759
2039 758
2039 757
2039 756
2038 755
2037 754
2037 753
2037 752
2036 751
2036 750
2036 749
2035 748
2035 747
2034 746
2034 745
2034 744
2033 743
2032 742
2032 741
2032 740
2031 739
2031 738
2031 737
2031 736
2031 735
2031 734
2031 733
2031 732
2031 731
2031 730
2031 729
2031 728
2031 727
2031 726
2031 725
2031 724
2031 723
2031 722
2031 721
2031 720
2031 719
2031 718
2032 717
2032 716
2032 715
2033 714
2033 713
2033 712
2033 711
2033 710
2033 709
2033 708
2033 707
2033 706
2033 705
2033 704
2033 703
2033 702
2033 701
2033 700
2033 699
2033 698
2033 697
2033 696
2033 695
2033 694
2033 693
2033 692
2033 691
2033 690
2033 689
2033 688
2033 687
2033 686
2033 685
2033 684
2033 683
2033 682
2033 681
2033 680
2033 679
2033 678
2033 677
2033 676
2033 675
2033 674
2033 673
2033 672
2033 671
2033 670
2034 669
2035 668
2035 667
2036 666
2036 665
2036 664
2036 663
2036 662
2036 661
2036 660
2036 659
2036 658
2036 657
2036 656
2035 655
2034 654
2034 653
2034 652
2033 651
2033 650
2032 649
2032 648
2031 647
2031 646
2030 645
2029 644
2029 643
2029 642
2028 641
2027 640
2027 639
2026 638
2025 637
2024 636
2023 635
2022 634
2021 633
2020 632
2019 631
2018 630
2017 629
2016 628
2015 628
2014 627
2013 627
2012 627
2011 627
2010 627
2009 626
2008 625
2007 624
2006 623
2005 623
2004 622
2003 621
2002 621
2001 621
2000 620
1999 619
1998 619
1997 619
1996 619
1995 618
1994 618
1993 618
1992 617
1991 617
1990 617
1989 616
1988 616
1987 616
1986 615
1985 614
1984 614
1983 614
1982 613
1981 613
1980 612
1979 612
1978 612
1977 612
1976 611
1975 611
1974 611
1973 611
1972 611
1971 610
1970 610
1969 610
1968 610
1967 610
1966 610
1965 609
1964 609
1963 609
1962 608
1961 607
1960 607
1959 607
1958 606
1957 605
1956 605
1955 605
1954 604
1953 604
1952 604
1951 604
1950 604
1949 604
1948 604
1947 604
1946 604
1945 603
1944 603
1943 602
1942 602
1941 601
1940 601
1939 601
1938 601
1937 601
1936 600
1935 600
1934 600
1933 599
1932 599
1931 599
1930 599
1929 599
1928 599
1927 598
1926 598
1925 598
1924 597
1923 597
1922 597
1921 597
1920 597
1919 597
1918 597
1917 597
1916 597
1915 597
1914 596
1913 596
1912 596
1911 596
1910 596
1909 596
1908 596
1907 596
1906 596
1905 596
1904 596
1903 596
1902 596
1901 596
1900 596
1899 596
1898 596
1897 596
1896 596
1895 596
1894 596
1893 596
1892 596
1891 596
1890 596
1889 596
1888 596
1887 596
1886 596
1885 596
1884 595
1883 595
1882 595
1881 594
1880 594
1879 594
1878 593
1877 593
1876 592
1875 591
1874 591
1873 590
1872 590
1871 589
1870 589
1869 589
1868 588
1867 588
1866 588
1865 587
1864 587
1863 586
1862 586
1861 586
1860 585
1859 584
1858 584
1857 584
1856 583
1855 582
1854 582
1853 582
1852 582
1851 582
1850 582
1849 582
1848 582
1847 582
1846 581
1845 581
1844 581
1843 581
1842 580
1841 580
1840 580
1839 580
1838 580
1837 580
1836 579
1835 579
1834 579
1833 578
1832 577
1831 577
1830 577
1829 576
1828 576
1827 576
1826 576
1825 576
1824 576
1823 575
1822 575
1821 574
1820 573
1819 573
1818 573
1817 573
1816 573
1815 573
1814 572
1813 572
1812 572
1811 572
1810 571
1809 571
1808 571
1807 571
1806 571
1805 571
1804 571
1803 570
1802 570
1801 570
1800 570
1799 569
1798 569
1797 569
1796 569
1795 569
1794 569
