340 1232
339 1233
339 1234
338 1235
338 1236
338 1237
338 1238
338 1239
337 1240
337 1241
337 1242
337 1243
337 1244
337 1245
336 1246
336 1247
336 1248
336 1249
335 1250
335 1251
335 1252
334 1253
334 1254
334 1255
334 1256
334 1257
334 1258
334 1259
333 1260
333 1261
333 1262
332 1263
332 1264
332 1265
331 1266
331 1267
331 1268
330 1269
330 1270
330 1271
329 1272
329 1273
329 1274
329 1275
329 1276
328 1277
328 1278
328 1279
327 1280
327 1281
327 1282
326 1283
326 1284
326 1285
326 1286
326 1287
326 1288
325 1289
325 1290
325 1291
324 1292
324 1293
324 1294
324 1295
324 1296
324 1297
324 1298
323 1299
323 1300
323 1301
323 1302
322 1303
322 1304
322 1305
322 1306
322 1307
321 1308
321 1309
321 1310
320 1311
320 1312
320 1313
319 1314
319 1315
319 1316
319 1317
319 1318
319 1319
319 1320
318 1321
318 1322
318 1323
318 1324
318 1325
318 1326
318 1327
317 1328
317 1329
317 1330
317 1331
317 1332
317 1333
317 1334
317 1335
317 1336
317 1337
316 1338
316 1339
316 1340
315 1341
315 1342
315 1343
314 1344
314 1345
314 1346
315 1347
315 1348
315 1349
316 1350
317 1351
318 1352
319 1353
320 1354
321 1354
322 1354
323 1354
324 1354
325 1354
326 1354
327 1354
328 1354
329 1354
330 1355
331 1355
332 1355
333 1355
334 1355
335 1356
336 1356
337 1356
338 1356
339 1356
340 1356
341 1356
342 1356
343 1356
344 1356
345 1355
346 1354
347 1353
347 1352
347 1351
348 1350
348 1349
348 1348
348 1347
349 1346
349 1345
349 1344
349 1343
350 1342
350 1341
351 1340
352 1339
352 1338
353 1337
354 1336
354 1335
355 1334
356 1333
356 1332
357 1331
358 1330
359 1329
359 1328
360 1327
361 1327
362 1326
363 1325
364 1325
365 1324
366 1323
367 1322
368 1321
369 1321
370 1320
371 1319
372 1319
373 1318
374 1317
375 1316
376 1315
377 1314
378 1314
379 1313
380 1312
381 1312
382 1312
383 1311
383 1310
384 1309
385 1308
386 1308
387 1307
388 1306
389 1306
390 1305
391 1304
392 1304
393 1304
394 1303
395 1303
396 1303
397 1303
398 1302
399 1302
400 1302
401 1302
402 1302
403 1302
404 1302
405 1303
406 1302
407 1302
408 1302
409 1302
410 1302
411 1301
412 1301
413 1301
414 1301
415 1301
416 1301
417 1301
418 1301
419 1301
420 1301
421 1301
422 1301
423 1302
424 1301
425 1301
426 1301
427 1301
428 1301
429 1301
430 1301
431 1301
432 1301
433 1301
434 1301
435 1301
436 1301
437 1301
438 1301
439 1301
440 1301
441 1301
442 1301
443 1301
444 1301
445 1301
446 1301
447 1301
448 1301
449 1300
450 1299
451 1299
452 1298
453 1298
454 1297
455 1296
456 1295
457 1294
458 1293
458 1292
459 1291
460 1290
460 1289
461 1288
462 1288
463 1287
464 1286
464 1285
465 1284
465 1283
465 1282
464 1281
464 1280
464 1279
465 1278
465 1277
465 1276
465 1275
465 1274
464 1273
464 1272
464 1271
464 1270
464 1269
464 1268
463 1267
463 1266
463 1265
463 1264
462 1263
462 1262
461 1261
461 1260
460 1259
460 1258
459 1257
458 1256
457 1255
456 1255
455 1254
454 1253
453 1253
452 1252
451 1251
450 1251
449 1250
448 1250
447 1250
446 1250
445 1250
444 1250
443 1249
442 1249
441 1249
440 1248
439 1248
438 1248
437 1248
436 1248
435 1248
434 1248
433 1248
432 1248
431 1248
430 1248
429 1248
428 1248
427 1248
426 1248
425 1248
424 1248
423 1248
422 1248
421 1247
420 1247
419 1247
418 1247
417 1247
416 1247
415 1247
414 1247
413 1247
412 1247
411 1247
410 1247
409 1247
408 1247
407 1247
406 1247
405 1247
404 1247
403 1247
402 1247
401 1247
400 1247
399 1247
398 1247
397 1247
396 1247
395 1247
394 1247
393 1246
392 1246
391 1246
390 1246
389 1246
388 1245
387 1245
386 1245
385 1245
384 1245
383 1245
382 1245
381 1245
380 1245
379 1245
378 1245
377 1245
376 1245
375 1245
374 1244
373 1244
372 1244
371 1244
370 1243
369 1243
368 1243
367 1242
366 1242
365 1241
364 1241
363 1240
362 1240
361 1239
360 1238
359 1238
358 1238
357 1237
356 1236
355 1236
354 1236
353 1236
352 1235
351 1235
350 1235
349 1234
348 1234
347 1233
346 1233
345 1233
344 1233
343 1232
342 1232
341 1232
340 1232
