366 903
365 904
364 904
363 904
362 904
361 904
360 905
359 905
358 905
357 905
356 905
355 906
354 906
353 906
352 906
351 907
350 907
349 907
348 907
347 907
346 907
345 907
344 908
343 908
342 909
341 909
340 910
339 910
338 910
337 910
336 911
335 912
334 913
333 914
332 915
331 916
330 917
329 918
329 919
329 920
330 921
331 921
332 921
333 921
334 921
335 921
336 921
337 921
338 921
339 921
340 921
341 921
342 921
343 921
344 921
345 921
346 921
347 921
348 921
349 921
350 920
351 920
352 920
353 920
354 920
355 920
356 920
357 920
358 920
359 920
360 920
361 920
362 920
363 920
364 920
365 920
366 920
367 920
368 920
369 920
370 920
371 921
372 920
373 921
374 921
375 921
376 921
377 921
378 921
379 921
380 921
381 921
382 921
383 921
384 921
385 922
386 922
387 922
388 922
389 923
390 923
391 924
392 924
393 924
394 924
395 924
396 924
397 924
398 924
399 924
400 924
401 923
402 923
403 923
404 922
405 922
406 922
407 922
406 921
406 920
406 919
405 918
405 917
404 916
403 915
402 915
401 915
400 914
399 914
398 914
397 913
396 913
395 913
394 912
393 912
392 912
391 911
390 911
389 910
388 910
387 910
386 909
385 909
384 909
383 908
382 908
381 908
380 908
379 907
378 907
377 907
376 907
375 906
374 905
373 905
372 905
371 905
370 904
369 904
368 903
367 903
366 903
