103 206
102 207
101 207
100 208
99 208
98 208
97 209
96 209
95 209
94 210
93 211
92 211
91 211
90 211
89 212
88 212
87 212
86 213
85 213
84 214
83 215
82 216
81 216
80 217
79 218
78 219
78 220
77 221
76 222
75 223
75 224
74 225
73 226
73 227
72 228
71 229
70 230
70 231
69 232
69 233
69 234
68 235
68 236
68 237
68 238
68 239
68 240
68 241
67 242
67 243
67 244
67 245
67 246
68 247
69 248
69 249
69 250
70 251
70 252
71 253
72 254
73 255
74 255
75 255
76 254
77 254
78 254
79 254
80 253
81 253
82 253
83 253
84 254
85 254
86 254
87 254
88 255
89 255
90 255
91 255
92 255
93 255
94 255
95 255
96 255
97 255
98 255
99 255
100 255
101 255
102 255
103 255
104 255
105 255
106 255
107 255
108 255
109 255
110 255
111 255
112 255
113 255
114 255
115 255
116 255
117 255
118 255
119 255
120 255
121 255
122 255
123 255
124 255
125 255
126 255
127 256
128 256
129 256
130 256
131 256
132 256
133 256
134 256
135 256
136 256
137 256
138 256
139 256
140 256
141 256
142 256
143 256
144 256
145 256
146 256
147 256
148 256
149 256
150 256
151 256
152 256
153 257
154 257
155 257
156 257
157 257
158 257
159 257
160 257
161 257
162 257
163 257
164 257
165 257
166 257
167 257
168 257
169 257
170 257
171 257
172 257
173 257
174 258
175 258
176 258
177 259
178 259
179 260
180 260
181 260
182 260
183 260
184 260
185 260
186 260
187 260
188 260
189 260
190 260
191 261
192 261
193 261
194 261
195 261
196 261
197 261
198 261
199 261
200 261
201 261
202 261
203 260
204 259
205 259
206 258
207 258
208 258
209 258
210 257
211 257
212 257
213 257
214 256
215 256
216 255
217 255
218 254
219 253
220 253
221 252
222 252
223 251
224 251
225 250
226 249
227 248
228 247
228 246
229 245
229 244
229 243
229 242
229 241
229 240
229 239
229 238
229 237
229 236
229 235
229 234
228 233
228 232
227 231
227 230
226 229
226 228
225 227
224 226
223 225
222 224
221 223
220 222
219 222
218 221
217 220
216 220
215 219
214 218
213 218
212 218
211 218
210 217
209 217
208 216
207 215
206 214
205 213
204 212
203 212
202 211
201 210
200 209
199 209
198 209
197 208
196 208
195 208
194 208
193 208
192 208
191 208
190 208
189 208
188 207
187 207
186 207
185 207
184 208
183 208
182 208
181 208
180 208
179 208
178 207
177 207
176 208
175 209
174 209
173 210
172 210
171 210
170 210
169 210
168 210
167 210
166 210
165 210
164 210
163 210
162 210
161 209
160 209
159 209
158 209
157 210
156 210
155 210
154 210
153 210
152 210
151 210
150 210
149 210
148 210
147 211
146 211
145 212
144 212
143 212
142 212
141 212
140 212
139 212
138 212
137 212
136 212
135 212
134 212
133 212
132 212
131 212
130 212
129 212
128 212
127 211
126 211
125 211
124 211
123 211
122 211
121 211
120 211
119 210
118 210
117 210
116 210
115 210
114 210
113 210
112 210
111 210
110 210
109 209
108 209
107 208
106 207
105 206
104 206
103 206
