911 1505
910 1506
909 1506
908 1506
907 1506
906 1506
905 1506
904 1506
903 1506
902 1506
901 1506
900 1507
899 1508
898 1508
897 1509
896 1510
895 1510
894 1511
893 1511
892 1511
891 1511
890 1511
889 1511
888 1511
887 1511
886 1511
885 1511
884 1511
883 1511
882 1511
881 1511
880 1511
879 1511
878 1511
877 1511
876 1511
875 1511
874 1511
873 1511
872 1510
871 1510
870 1510
869 1510
868 1510
867 1510
866 1510
865 1510
864 1510
863 1510
862 1510
861 1510
860 1510
859 1510
858 1511
857 1511
857 1512
857 1513
856 1514
856 1515
855 1516
855 1517
855 1518
854 1519
854 1520
854 1521
854 1522
854 1523
854 1524
854 1525
854 1526
854 1527
854 1528
854 1529
854 1530
854 1531
854 1532
854 1533
854 1534
855 1535
855 1536
856 1537
857 1538
858 1539
859 1540
860 1541
861 1541
862 1541
863 1541
864 1541
865 1541
866 1541
867 1541
868 1542
869 1543
870 1544
871 1545
872 1545
873 1546
874 1546
875 1546
876 1546
877 1546
878 1546
879 1546
880 1546
881 1546
882 1546
883 1546
884 1546
885 1546
886 1546
887 1546
888 1546
889 1546
890 1546
891 1546
892 1546
893 1546
894 1547
895 1547
896 1547
897 1548
898 1548
899 1548
900 1548
901 1548
902 1548
903 1548
904 1548
905 1548
906 1548
907 1548
908 1548
909 1548
910 1548
911 1548
912 1548
913 1548
914 1548
915 1548
916 1548
917 1549
918 1549
919 1549
920 1549
921 1550
922 1550
923 1550
924 1550
925 1550
926 1550
927 1550
928 1550
929 1550
930 1549
931 1549
932 1548
933 1548
934 1548
935 1548
936 1548
937 1547
938 1546
939 1545
940 1544
941 1543
942 1542
942 1541
942 1540
943 1539
942 1538
942 1537
943 1536
943 1535
943 1534
944 1533
944 1532
944 1531
944 1530
944 1529
943 1528
943 1527
943 1526
942 1525
942 1524
941 1523
941 1522
940 1521
939 1520
939 1519
938 1518
938 1517
938 1516
937 1515
937 1514
937 1513
936 1512
936 1511
935 1510
934 1509
933 1508
932 1508
931 1508
930 1508
929 1508
928 1507
927 1507
926 1507
925 1506
924 1506
923 1505
922 1505
921 1505
920 1505
919 1505
918 1505
917 1505
916 1505
915 1505
914 1505
913 1505
912 1505
911 1505
