254 2038
253 2039
252 2039
251 2040
250 2040
249 2041
248 2042
247 2043
246 2043
245 2043
244 2044
243 2044
242 2045
241 2046
240 2046
239 2047
238 2048
237 2049
236 2049
235 2049
234 2049
233 2050
232 2050
231 2050
230 2050
229 2051
228 2051
227 2050
226 2050
225 2050
224 2049
223 2049
222 2049
221 2049
220 2049
219 2049
218 2049
217 2048
216 2048
215 2047
214 2047
213 2047
212 2047
211 2047
210 2047
209 2047
208 2047
207 2047
206 2047
205 2047
204 2047
203 2047
202 2047
201 2047
200 2047
199 2047
198 2047
197 2047
196 2047
195 2047
194 2048
193 2048
192 2048
191 2048
190 2048
189 2048
188 2048
187 2049
186 2049
185 2049
184 2049
183 2049
182 2049
181 2049
180 2049
179 2049
178 2049
177 2049
176 2049
175 2050
174 2050
174 2051
173 2052
173 2053
172 2054
172 2055
172 2056
172 2057
172 2058
172 2059
172 2060
173 2061
174 2062
175 2063
176 2063
177 2064
178 2065
179 2065
180 2066
181 2066
182 2067
183 2068
184 2069
185 2070
186 2071
187 2072
188 2073
189 2074
190 2075
191 2076
192 2077
193 2078
194 2078
195 2079
196 2080
197 2081
198 2082
199 2083
200 2084
201 2084
202 2085
203 2085
204 2086
205 2086
206 2086
207 2087
208 2088
209 2089
210 2089
211 2090
212 2090
213 2091
214 2091
215 2092
216 2093
217 2094
218 2094
219 2094
220 2094
221 2094
222 2094
223 2094
224 2094
225 2094
226 2094
227 2094
228 2094
229 2094
230 2094
231 2094
232 2094
233 2094
234 2094
235 2094
236 2094
237 2094
238 2094
239 2094
240 2095
241 2095
242 2095
243 2096
244 2096
245 2097
246 2097
247 2097
248 2097
249 2097
250 2097
251 2097
252 2097
253 2098
254 2099
255 2100
256 2101
257 2102
257 2103
258 2104
259 2105
260 2105
261 2106
262 2106
263 2106
264 2107
265 2107
266 2108
267 2109
268 2110
269 2111
270 2112
271 2113
272 2114
273 2115
274 2115
275 2115
276 2115
277 2114
278 2114
279 2114
280 2114
281 2114
282 2113
283 2113
284 2113
285 2113
286 2113
287 2113
288 2113
289 2113
290 2113
291 2113
292 2113
293 2113
294 2112
295 2112
296 2111
297 2110
298 2110
299 2109
300 2109
301 2108
302 2107
303 2106
304 2106
305 2105
306 2104
307 2103
308 2102
308 2101
308 2100
309 2099
309 2098
309 2097
308 2096
308 2095
308 2094
307 2093
307 2092
306 2091
306 2090
306 2089
306 2088
306 2087
306 2086
306 2085
305 2084
305 2083
305 2082
305 2081
306 2080
306 2079
306 2078
306 2077
306 2076
306 2075
306 2074
306 2073
305 2072
305 2071
305 2070
305 2069
304 2068
304 2067
303 2066
303 2065
303 2064
302 2063
302 2062
301 2061
300 2060
300 2059
299 2058
298 2057
298 2056
297 2055
296 2054
296 2053
295 2052
294 2051
293 2050
292 2049
291 2048
290 2047
290 2046
289 2045
288 2044
287 2043
286 2042
285 2041
284 2041
283 2040
282 2040
281 2040
280 2040
279 2040
278 2040
277 2039
276 2039
275 2039
274 2038
273 2038
272 2038
271 2038
270 2038
269 2038
268 2038
267 2038
266 2038
265 2038
264 2038
263 2038
262 2038
261 2038
260 2038
259 2038
258 2038
257 2038
256 2038
255 2038
254 2038
