687 1178
686 1179
685 1180
684 1181
683 1182
682 1183
681 1184
680 1185
680 1186
680 1187
679 1188
678 1189
677 1189
676 1189
676 1190
676 1191
676 1192
676 1193
676 1194
676 1195
676 1196
676 1197
676 1198
676 1199
675 1200
675 1201
675 1202
675 1203
675 1204
675 1205
675 1206
675 1207
675 1208
675 1209
675 1210
676 1211
677 1211
678 1212
679 1211
680 1211
681 1211
682 1211
683 1211
684 1212
685 1212
686 1212
687 1213
688 1213
689 1213
690 1213
691 1213
692 1213
693 1213
694 1213
695 1213
696 1213
697 1213
698 1213
699 1213
700 1213
701 1213
702 1213
703 1213
704 1214
705 1214
706 1214
707 1214
708 1214
709 1214
710 1214
711 1214
712 1214
713 1214
714 1215
715 1215
716 1215
717 1215
718 1215
719 1215
720 1215
721 1215
722 1215
723 1216
724 1216
725 1216
726 1216
727 1216
728 1216
729 1216
730 1217
731 1217
732 1217
733 1218
734 1218
735 1219
736 1219
737 1219
738 1219
739 1219
740 1220
741 1220
742 1220
743 1220
744 1220
745 1220
746 1220
747 1220
748 1220
749 1220
750 1220
751 1219
752 1219
753 1219
754 1219
755 1219
756 1219
757 1219
758 1219
759 1219
760 1220
761 1220
762 1221
763 1221
764 1222
765 1222
766 1222
767 1223
768 1223
769 1223
770 1224
771 1224
772 1225
773 1225
774 1225
775 1225
776 1225
777 1225
778 1225
779 1224
780 1224
780 1223
780 1222
780 1221
780 1220
780 1219
780 1218
780 1217
780 1216
780 1215
780 1214
780 1213
780 1212
780 1211
780 1210
780 1209
780 1208
780 1207
780 1206
780 1205
780 1204
780 1203
780 1202
779 1201
779 1200
779 1199
779 1198
779 1197
778 1196
778 1195
777 1194
777 1193
776 1192
776 1191
775 1190
774 1190
773 1189
772 1189
771 1189
770 1189
769 1189
768 1189
767 1189
766 1189
765 1189
764 1189
763 1189
762 1189
761 1189
760 1189
759 1189
758 1189
757 1189
756 1189
755 1188
754 1188
753 1188
752 1188
751 1188
750 1188
749 1188
748 1188
747 1188
746 1188
745 1188
744 1188
743 1188
742 1188
741 1188
740 1188
739 1188
738 1188
737 1188
736 1188
735 1188
734 1188
733 1188
732 1188
731 1188
730 1188
729 1188
728 1188
727 1188
726 1188
725 1188
724 1188
723 1188
722 1187
721 1187
720 1187
719 1187
718 1187
717 1188
716 1188
715 1188
714 1188
713 1187
712 1187
711 1187
710 1186
709 1186
708 1186
707 1186
706 1186
705 1186
704 1186
703 1186
702 1185
701 1185
700 1185
699 1185
698 1185
697 1184
696 1184
695 1183
694 1183
693 1182
692 1181
691 1180
690 1179
689 1179
688 1178
687 1178
