451 277
450 278
449 278
448 278
447 278
446 278
445 278
444 279
443 279
442 279
441 280
440 280
439 280
438 281
437 281
436 281
435 281
434 282
433 283
432 284
431 284
430 285
429 285
428 285
427 286
426 286
425 286
424 286
423 286
422 286
421 286
420 285
419 285
418 285
417 285
416 285
415 285
414 285
413 285
412 286
411 286
410 286
409 286
408 286
407 286
406 286
405 286
404 286
403 286
402 286
401 286
400 286
399 286
398 286
397 286
396 286
395 286
394 286
393 286
392 286
391 286
390 286
389 286
388 287
387 287
386 288
385 289
385 290
384 291
384 292
385 293
386 294
387 294
388 295
389 295
390 295
391 296
392 296
393 297
394 298
395 299
396 299
397 300
398 301
399 301
400 302
401 302
402 303
403 304
404 305
405 306
406 306
407 307
408 307
409 308
410 309
411 309
412 310
413 311
414 311
415 312
416 312
417 312
418 313
419 313
420 313
421 314
422 315
423 315
424 316
425 316
426 316
427 316
428 317
429 317
430 317
431 318
432 318
433 319
434 319
435 319
436 319
437 319
438 319
439 320
440 320
441 320
442 320
443 321
444 321
445 321
446 321
447 321
448 321
449 321
450 321
451 321
452 321
453 321
454 321
455 321
456 321
457 320
458 320
459 320
460 320
461 320
462 320
463 319
464 318
465 318
466 317
467 316
468 315
468 314
469 313
469 312
469 311
469 310
469 309
469 308
469 307
469 306
469 305
469 304
468 303
468 302
468 301
467 300
466 299
466 298
465 297
465 296
466 295
466 294
467 293
467 292
468 291
467 290
467 289
467 288
468 287
467 286
467 285
467 284
466 283
465 282
464 281
463 280
462 280
461 280
460 280
459 281
458 281
457 281
456 281
455 280
454 279
453 278
452 278
451 277
