544 1677
543 1678
542 1678
541 1678
540 1678
539 1679
538 1679
537 1679
536 1679
535 1680
534 1680
533 1680
532 1680
531 1680
530 1680
529 1681
528 1681
527 1681
526 1682
525 1682
524 1682
523 1682
522 1683
521 1683
520 1684
519 1685
518 1686
517 1687
516 1687
515 1688
514 1688
513 1688
512 1689
511 1689
510 1688
509 1688
508 1688
507 1687
506 1687
505 1686
504 1686
503 1687
502 1687
501 1688
500 1689
499 1690
498 1691
497 1691
496 1692
496 1693
495 1694
495 1695
495 1696
494 1697
495 1698
494 1699
495 1700
495 1701
495 1702
496 1703
497 1704
497 1705
497 1706
498 1707
498 1708
499 1709
500 1710
501 1711
502 1712
503 1713
504 1713
505 1713
506 1714
507 1714
508 1714
509 1715
510 1715
511 1715
512 1715
513 1716
514 1716
515 1716
516 1716
517 1716
518 1716
519 1716
520 1716
521 1717
522 1717
523 1717
524 1717
525 1717
526 1717
527 1717
528 1717
529 1718
530 1718
531 1718
532 1719
533 1719
534 1719
535 1719
536 1719
537 1719
538 1719
539 1719
540 1719
541 1720
542 1720
543 1720
544 1719
545 1719
546 1718
547 1717
548 1716
549 1715
550 1714
551 1713
552 1712
552 1711
553 1710
554 1709
555 1708
555 1707
556 1706
556 1705
556 1704
557 1703
557 1702
557 1701
557 1700
557 1699
557 1698
557 1697
557 1696
557 1695
557 1694
557 1693
557 1692
556 1691
556 1690
556 1689
556 1688
556 1687
556 1686
555 1685
555 1684
555 1683
554 1683
553 1682
552 1681
551 1681
550 1680
550 1679
549 1679
548 1678
547 1678
546 1677
545 1677
544 1677
