1175 667
1174 668
1173 668
1172 668
1171 668
1170 668
1169 668
1168 669
1167 669
1166 669
1165 670
1164 670
1163 671
1162 671
1162 672
1161 673
1161 674
1160 675
1159 676
1158 677
1157 678
1156 679
1155 679
1154 679
1153 680
1152 680
1151 680
1151 681
1150 682
1149 683
1149 684
1148 685
1148 686
1147 687
1147 688
1146 689
1145 690
1145 691
1144 692
1144 693
1143 694
1142 695
1141 696
1141 697
1140 698
1140 699
1139 700
1139 701
1138 702
1138 703
1137 704
1136 705
1136 706
1136 707
1136 708
1136 709
1137 709
1138 709
1139 709
1140 709
1141 709
1142 709
1143 709
1144 709
1145 709
1146 709
1147 709
1148 709
1149 709
1150 709
1151 709
1152 709
1153 709
1154 709
1155 709
1156 709
1157 709
1158 710
1159 710
1160 710
1161 711
1162 711
1163 711
1164 711
1165 712
1166 712
1167 712
1168 712
1169 712
1170 713
1171 713
1172 713
1173 714
1174 714
1175 714
1176 714
1177 714
1178 714
1179 715
1180 715
1181 715
1182 715
1183 715
1184 715
1185 715
1186 715
1187 715
1188 715
1189 715
1190 715
1191 715
1192 715
1193 715
1194 716
1195 716
1196 716
1197 716
1198 717
1199 717
1200 717
1201 717
1202 717
1203 717
1204 717
1205 717
1206 717
1207 717
1208 717
1209 717
1210 717
1211 717
1212 717
1213 717
1214 717
1215 717
1216 717
1217 717
1218 717
1219 717
1220 717
1221 717
1222 717
1223 717
1224 716
1225 715
1226 715
1227 714
1227 713
1228 712
1229 711
1230 710
1231 710
1232 709
1233 708
1234 707
1235 706
1235 705
1235 704
1235 703
1235 702
1235 701
1235 700
1234 699
1234 698
1234 697
1234 696
1234 695
1233 694
1233 693
1232 692
1231 692
1230 691
1229 690
1228 690
1227 689
1226 689
1225 688
1224 687
1223 687
1222 686
1221 685
1220 684
1219 683
1218 682
1217 682
1216 681
1215 680
1214 679
1213 678
1212 677
1211 676
1210 675
1209 674
1208 673
1207 672
1206 672
1205 671
1204 671
1203 670
1202 670
1201 670
1200 669
1199 669
1198 669
1197 668
1196 668
1195 668
1194 668
1193 667
1192 667
1191 667
1190 667
1189 667
1188 667
1187 667
1186 667
1185 667
1184 667
1183 667
1182 667
1181 667
1180 667
1179 667
1178 667
1177 667
1176 667
1175 667
