535 622
534 623
534 624
534 625
534 626
534 627
534 628
534 629
534 630
534 631
534 632
534 633
534 634
534 635
534 636
535 637
535 638
536 639
536 640
536 641
537 642
538 643
539 644
539 645
540 646
540 647
541 648
542 649
542 650
543 651
544 652
545 653
545 654
546 655
547 656
548 656
549 657
550 658
551 659
552 659
553 659
554 660
555 661
556 662
557 662
558 662
559 662
560 662
561 662
562 662
563 662
564 662
565 662
566 662
567 662
568 662
569 662
570 662
571 662
572 663
573 663
574 663
575 663
576 662
577 662
578 661
579 660
580 659
581 659
582 659
583 659
584 659
585 659
586 659
587 659
588 659
589 659
590 659
591 659
592 659
593 659
594 659
595 659
596 659
597 659
598 659
599 659
600 660
601 660
602 660
603 660
604 660
605 660
606 660
607 660
608 660
609 660
610 660
611 660
612 660
613 660
614 660
615 660
616 661
617 661
618 661
619 661
620 661
621 661
622 661
623 661
624 660
625 659
626 659
627 658
628 657
629 657
630 656
631 656
632 655
633 655
634 654
635 653
636 653
637 652
638 652
639 653
640 653
641 652
641 651
642 650
642 649
643 648
643 647
643 646
644 645
644 644
645 643
645 642
645 641
645 640
645 639
645 638
645 637
645 636
645 635
644 634
643 634
642 633
641 632
640 632
639 632
638 631
637 631
636 630
635 630
634 630
633 629
632 629
631 628
630 628
629 627
628 627
627 626
626 626
625 626
624 626
623 626
622 626
621 626
620 626
619 626
618 626
617 626
616 625
615 625
614 625
613 624
612 624
611 624
610 623
609 623
608 623
607 623
606 623
605 623
604 623
603 623
602 623
601 623
600 623
599 623
598 624
597 625
596 625
595 625
594 625
593 625
592 625
591 625
590 625
589 625
588 625
587 625
586 625
585 625
584 625
583 625
582 625
581 625
580 625
579 625
578 625
577 624
576 624
575 624
574 624
573 624
572 624
571 624
570 624
569 623
568 623
567 623
566 623
565 623
564 623
563 623
562 623
561 622
560 622
559 622
558 622
557 622
556 622
555 622
554 622
553 622
552 622
551 622
550 622
549 622
548 622
547 622
546 622
545 622
544 622
543 622
542 622
541 622
540 622
539 622
538 622
537 622
536 622
535 622
