627 233
626 234
625 234
624 234
623 235
622 235
621 235
620 235
619 235
618 235
617 235
616 235
615 235
614 236
613 236
612 237
611 237
610 237
609 237
608 237
607 237
606 237
605 237
604 238
603 238
602 238
601 239
600 240
599 240
598 240
597 240
596 240
595 241
594 241
593 242
592 242
591 243
590 244
589 244
588 245
587 246
586 246
585 247
584 247
583 248
582 249
581 250
580 251
579 252
578 252
577 253
576 254
575 254
574 255
573 255
572 256
571 257
571 258
570 259
570 260
570 261
570 262
571 263
572 264
573 265
574 265
575 266
576 266
577 267
578 268
579 269
580 269
581 269
582 269
583 270
584 270
585 270
586 271
587 271
588 272
589 272
590 273
591 273
592 274
593 274
594 275
595 275
596 275
597 276
598 276
599 276
600 276
601 276
602 276
603 276
604 276
605 277
606 277
607 277
608 277
609 277
610 277
611 277
612 278
613 278
614 278
615 279
616 279
617 280
618 280
619 280
620 280
621 280
622 281
623 281
624 281
625 281
626 281
627 281
628 281
629 282
630 282
631 282
632 282
633 282
634 282
635 282
636 283
637 283
638 283
639 283
640 284
641 284
642 284
643 284
644 284
645 284
646 284
647 284
648 284
649 284
650 285
651 285
652 285
653 285
654 285
655 285
656 285
657 285
658 285
659 285
660 286
661 286
662 286
663 286
664 286
665 286
666 286
667 286
668 286
669 286
670 286
671 286
672 286
673 286
674 286
675 286
676 286
677 286
678 286
679 286
680 285
680 284
681 283
682 282
683 281
683 280
684 279
684 278
685 277
685 276
685 275
685 274
685 273
685 272
685 271
685 270
685 269
685 268
686 267
686 266
686 265
686 264
686 263
686 262
686 261
686 260
686 259
686 258
686 257
686 256
686 255
686 254
686 253
686 252
686 251
685 250
685 249
684 248
684 247
683 246
682 245
681 244
680 243
679 242
678 242
677 241
676 241
675 240
674 239
673 239
672 239
671 238
670 238
669 238
668 237
667 237
666 237
665 237
664 237
663 236
662 236
661 236
660 236
659 236
658 236
657 236
656 235
655 235
654 235
653 235
652 235
651 235
650 234
649 234
648 234
647 233
646 233
645 233
644 233
643 233
642 233
641 233
640 233
639 233
638 233
637 233
636 233
635 233
634 233
633 233
632 233
631 233
630 233
629 233
628 233
627 233
