239 1039
238 1040
237 1040
236 1040
235 1040
234 1040
233 1040
232 1040
231 1040
230 1040
229 1040
228 1040
227 1040
226 1040
225 1040
224 1040
223 1040
222 1040
221 1040
220 1041
219 1041
218 1041
217 1042
216 1042
215 1041
214 1041
213 1041
212 1040
211 1041
210 1041
209 1042
208 1043
207 1044
206 1045
205 1046
204 1047
203 1048
202 1049
201 1050
200 1051
200 1052
199 1053
199 1054
200 1055
200 1056
201 1057
201 1058
202 1059
202 1060
202 1061
202 1062
202 1063
202 1064
202 1065
202 1066
202 1067
202 1068
202 1069
202 1070
202 1071
202 1072
203 1073
203 1074
204 1075
204 1076
205 1077
206 1078
207 1079
208 1080
209 1081
210 1081
211 1081
212 1081
213 1081
214 1081
215 1081
216 1081
217 1081
218 1081
219 1081
220 1082
221 1082
222 1082
223 1083
224 1083
225 1083
226 1083
227 1082
228 1082
229 1082
230 1081
231 1081
232 1081
233 1080
234 1080
235 1080
236 1080
237 1080
238 1080
239 1080
240 1080
241 1080
242 1080
243 1080
244 1080
245 1080
246 1080
247 1080
248 1079
249 1079
250 1079
251 1079
252 1078
253 1078
254 1077
255 1077
256 1076
257 1075
258 1074
259 1073
260 1072
261 1072
262 1071
263 1070
264 1070
265 1069
266 1069
267 1069
268 1068
269 1067
270 1066
270 1065
271 1064
271 1063
272 1062
272 1061
272 1060
273 1059
272 1058
272 1057
271 1056
270 1055
269 1054
268 1053
268 1052
267 1051
266 1050
265 1049
264 1048
263 1047
262 1046
261 1046
260 1045
259 1045
258 1044
257 1043
256 1043
255 1042
254 1042
253 1042
252 1042
251 1041
250 1041
249 1041
248 1040
247 1040
246 1039
245 1039
244 1039
243 1039
242 1039
241 1039
240 1039
239 1039
