434 154
433 155
433 156
432 157
431 158
430 159
429 160
428 161
427 161
426 162
425 163
424 164
423 165
422 165
421 165
420 165
419 165
418 165
417 165
416 165
415 165
414 166
413 166
412 166
411 167
411 168
411 169
411 170
411 171
411 172
412 173
412 174
412 175
413 176
413 177
414 178
414 179
414 180
415 181
416 182
417 183
418 183
419 184
420 184
421 184
422 185
423 185
424 186
425 186
426 186
427 187
428 187
429 188
430 188
431 188
432 188
433 189
434 189
435 189
436 189
437 189
438 189
439 189
440 189
441 189
442 189
443 189
444 189
445 189
446 189
447 189
448 188
449 188
450 188
451 188
452 187
453 187
454 187
455 186
456 186
457 185
458 185
459 185
460 185
461 185
462 184
463 184
464 183
465 183
466 183
467 182
468 182
469 182
470 181
471 181
472 180
473 179
474 178
475 178
476 177
476 176
476 175
476 174
475 173
475 172
475 171
474 170
473 169
472 168
471 167
470 167
469 166
468 165
467 164
466 164
465 164
464 164
463 164
462 163
461 163
460 163
459 163
458 163
457 162
456 162
455 162
454 162
453 161
452 161
451 161
450 160
449 160
448 160
447 160
446 159
445 159
444 158
443 158
442 157
441 157
440 156
439 156
438 155
437 155
436 154
435 154
434 154
