563 684
562 685
561 685
560 685
560 686
559 687
559 688
558 689
558 690
558 691
558 692
558 693
557 694
557 695
557 696
557 697
557 698
557 699
557 700
558 701
559 702
560 703
561 704
562 705
563 706
564 707
565 708
565 709
565 710
566 711
566 712
566 713
567 714
567 715
567 716
568 716
569 717
570 717
571 717
572 717
573 718
574 718
575 719
576 720
577 721
578 722
579 723
580 724
581 725
582 726
583 726
584 727
585 727
586 727
587 726
588 726
589 726
590 725
591 725
592 725
593 725
594 725
595 725
596 725
597 725
598 725
599 725
600 725
601 725
602 725
603 725
604 725
605 725
606 724
607 724
608 724
609 724
610 724
611 724
612 724
613 724
614 723
615 723
616 723
617 723
618 723
619 723
620 723
621 723
622 723
623 724
624 724
625 724
626 724
627 724
628 724
629 724
630 724
631 724
632 725
633 725
634 725
635 725
636 725
637 725
638 725
639 725
640 725
641 725
642 725
643 725
644 725
645 725
646 725
647 725
648 725
649 725
650 725
651 725
652 725
653 725
654 724
655 723
656 722
657 721
657 720
657 719
658 718
658 717
658 716
659 715
659 714
659 713
660 712
660 711
661 710
662 709
662 708
662 707
662 706
662 705
662 704
662 703
662 702
662 701
661 700
661 699
661 698
661 697
660 696
659 695
658 694
657 693
656 692
655 691
654 690
653 689
652 689
651 688
650 688
649 688
648 688
647 688
646 687
645 687
644 687
643 687
642 687
641 687
640 686
639 686
638 686
637 685
636 685
635 685
634 685
633 685
632 685
631 685
630 685
629 685
628 685
627 686
626 686
625 686
624 687
623 687
622 687
621 687
620 687
619 687
618 687
617 687
616 687
615 687
614 687
613 687
612 687
611 687
610 687
609 686
608 686
607 686
606 685
605 685
604 685
603 685
602 685
601 685
600 685
599 685
598 684
597 684
596 684
595 684
594 684
593 684
592 684
591 684
590 684
589 684
588 684
587 684
586 684
585 684
584 684
583 684
582 684
581 684
580 684
579 684
578 684
577 684
576 684
575 684
574 684
573 684
572 684
571 684
570 684
569 684
568 684
567 684
566 684
565 684
564 684
563 684
