891 1469
890 1470
889 1470
888 1470
887 1470
886 1471
885 1471
884 1471
883 1472
882 1472
881 1473
880 1473
879 1473
878 1473
877 1473
876 1474
875 1475
874 1475
873 1475
872 1475
871 1476
870 1476
869 1476
868 1477
867 1477
866 1477
865 1477
864 1477
863 1478
862 1478
861 1479
860 1479
859 1480
858 1480
857 1480
856 1481
855 1481
854 1482
853 1483
852 1484
851 1485
851 1486
851 1487
852 1488
853 1489
854 1489
855 1490
856 1491
857 1492
858 1493
858 1494
859 1495
860 1496
861 1496
862 1497
863 1497
864 1497
865 1498
866 1499
867 1499
868 1499
869 1499
870 1500
871 1500
872 1501
873 1501
874 1502
875 1502
876 1502
877 1502
878 1502
879 1502
880 1502
881 1502
882 1502
883 1502
884 1502
885 1502
886 1502
887 1502
888 1502
889 1502
890 1502
891 1502
892 1502
893 1502
894 1502
895 1502
896 1502
897 1502
898 1502
899 1502
900 1502
901 1502
902 1502
903 1502
904 1501
905 1501
906 1500
907 1500
908 1500
909 1499
910 1499
911 1499
912 1498
913 1498
914 1498
915 1497
916 1497
917 1496
917 1495
918 1494
918 1493
918 1492
918 1491
919 1490
919 1489
920 1488
919 1487
920 1486
919 1485
919 1484
918 1483
918 1482
918 1481
917 1480
917 1479
916 1478
915 1477
914 1476
913 1475
912 1474
911 1473
910 1472
909 1472
908 1471
907 1471
906 1471
905 1470
904 1470
903 1470
902 1470
901 1470
900 1470
899 1470
898 1470
897 1469
896 1469
895 1469
894 1469
893 1469
892 1469
891 1469
