182 1980
181 1981
180 1981
179 1982
178 1983
177 1984
176 1984
175 1985
174 1986
173 1986
172 1986
171 1986
170 1986
169 1986
168 1986
167 1985
166 1985
165 1985
165 1986
164 1987
164 1988
164 1989
163 1990
163 1991
163 1992
163 1993
163 1994
162 1995
162 1996
162 1997
162 1998
162 1999
162 2000
162 2001
162 2002
162 2003
162 2004
162 2005
162 2006
162 2007
162 2008
162 2009
163 2010
163 2011
163 2012
164 2013
164 2014
165 2015
165 2016
166 2017
167 2018
167 2019
168 2020
168 2021
169 2022
169 2023
169 2024
170 2025
170 2026
170 2027
171 2028
171 2029
172 2030
173 2031
173 2032
173 2033
174 2034
174 2035
175 2036
175 2037
176 2038
176 2039
176 2040
177 2041
177 2042
178 2043
178 2044
179 2045
179 2046
180 2047
180 2048
180 2049
181 2050
181 2051
181 2052
182 2053
183 2054
183 2055
184 2056
184 2057
185 2058
186 2059
187 2060
188 2061
189 2062
190 2062
191 2063
192 2064
193 2064
194 2065
195 2065
196 2065
197 2066
198 2066
199 2066
200 2066
201 2066
202 2066
203 2067
204 2068
205 2069
206 2069
207 2070
208 2070
209 2071
210 2071
211 2071
212 2071
213 2071
214 2071
215 2071
216 2071
217 2072
218 2072
219 2073
220 2073
221 2073
222 2073
223 2074
224 2075
225 2074
226 2075
227 2075
228 2075
229 2075
230 2075
231 2075
232 2075
233 2075
234 2075
235 2074
236 2073
237 2072
238 2072
239 2072
240 2072
241 2072
242 2072
243 2072
244 2072
245 2072
246 2072
247 2072
248 2071
249 2071
250 2070
251 2070
252 2070
253 2070
254 2070
255 2070
256 2070
257 2070
258 2070
259 2070
260 2070
261 2069
262 2069
263 2069
264 2068
265 2068
266 2068
267 2067
268 2067
269 2067
270 2067
271 2067
272 2066
273 2066
274 2065
275 2065
276 2065
277 2065
278 2065
279 2065
280 2065
281 2065
282 2065
283 2064
284 2064
285 2064
286 2063
287 2063
288 2062
289 2061
290 2060
291 2059
292 2058
293 2057
294 2056
294 2055
295 2054
296 2053
296 2052
297 2051
298 2050
298 2049
298 2048
299 2047
299 2046
300 2045
301 2044
301 2043
301 2042
301 2041
301 2040
301 2039
301 2038
301 2037
302 2036
302 2035
302 2034
303 2033
303 2032
303 2031
303 2030
303 2029
303 2028
303 2027
303 2026
303 2025
303 2024
303 2023
303 2022
303 2021
302 2020
302 2019
301 2018
301 2017
300 2016
299 2015
298 2015
297 2014
296 2014
295 2014
294 2013
293 2014
292 2014
291 2013
290 2013
289 2013
288 2012
287 2012
286 2011
285 2010
284 2010
283 2010
282 2010
281 2010
280 2009
279 2009
278 2008
277 2008
276 2008
275 2007
274 2007
273 2006
272 2006
271 2005
270 2005
269 2005
268 2004
267 2004
266 2004
265 2004
264 2003
263 2003
262 2002
261 2002
260 2002
259 2002
258 2002
257 2002
256 2002
255 2002
254 2002
253 2003
252 2003
251 2003
250 2004
249 2004
248 2004
247 2005
246 2005
245 2004
244 2004
243 2004
242 2004
241 2003
240 2003
239 2003
238 2002
237 2002
236 2002
235 2002
234 2002
233 2001
232 2001
231 2000
230 2000
229 2000
228 1999
227 1999
226 1999
225 1999
224 1999
223 1999
222 1998
221 1998
220 1998
219 1997
218 1997
217 1997
216 1997
215 1996
214 1996
213 1995
212 1995
211 1994
210 1994
209 1994
208 1994
207 1994
206 1994
205 1994
204 1994
203 1993
202 1993
201 1993
200 1992
199 1992
198 1991
197 1990
196 1989
195 1988
194 1987
193 1987
192 1986
191 1986
190 1985
189 1984
188 1983
187 1982
186 1982
185 1981
184 1981
183 1980
182 1980
