337 2007
336 2008
335 2008
334 2009
333 2009
332 2009
331 2010
330 2010
329 2010
328 2010
327 2011
326 2011
325 2011
324 2011
323 2011
322 2011
321 2011
320 2011
319 2012
318 2012
317 2013
316 2013
315 2013
314 2013
313 2013
312 2013
311 2013
310 2013
309 2013
308 2013
307 2013
306 2013
305 2013
304 2013
303 2013
302 2013
301 2013
300 2013
299 2014
298 2014
297 2014
296 2015
295 2015
294 2015
293 2015
292 2015
291 2015
290 2015
289 2015
288 2015
287 2015
286 2015
285 2015
284 2015
283 2015
282 2015
281 2015
280 2015
279 2015
278 2015
277 2015
276 2015
275 2015
274 2015
273 2015
272 2015
271 2015
270 2015
269 2015
268 2015
267 2015
266 2015
265 2015
264 2014
263 2014
262 2014
261 2013
260 2013
259 2013
258 2013
257 2013
256 2013
255 2013
254 2013
253 2013
252 2013
251 2013
250 2013
249 2013
248 2013
247 2014
246 2014
245 2014
244 2015
243 2015
242 2016
241 2016
240 2016
239 2017
238 2017
237 2018
236 2018
235 2018
234 2019
233 2019
232 2020
231 2020
230 2020
229 2021
228 2021
227 2022
226 2023
225 2024
224 2025
224 2026
224 2027
224 2028
224 2029
224 2030
224 2031
224 2032
224 2033
224 2034
224 2035
225 2036
225 2037
225 2038
225 2039
225 2040
226 2041
226 2042
227 2043
228 2044
229 2044
230 2045
231 2045
232 2046
233 2046
234 2047
235 2048
236 2048
237 2048
238 2049
239 2049
240 2050
241 2050
242 2051
243 2051
244 2052
245 2053
246 2053
247 2053
248 2053
249 2053
250 2054
251 2055
252 2056
252 2057
253 2057
254 2058
255 2059
256 2059
257 2060
258 2060
259 2060
260 2061
261 2061
262 2061
263 2062
264 2062
265 2062
266 2062
267 2062
268 2062
269 2062
270 2062
271 2062
272 2062
273 2062
274 2062
275 2062
276 2062
277 2062
278 2062
279 2062
280 2062
281 2062
282 2062
283 2062
284 2062
285 2062
286 2063
287 2063
288 2063
289 2063
290 2063
291 2063
292 2063
293 2063
294 2063
295 2063
296 2063
297 2063
298 2063
299 2063
300 2064
301 2064
302 2065
303 2065
304 2066
305 2066
306 2066
307 2066
308 2066
309 2066
310 2066
311 2067
312 2067
313 2067
314 2067
315 2068
316 2068
317 2069
318 2069
319 2069
320 2069
321 2069
322 2069
323 2070
324 2070
325 2070
326 2071
327 2071
328 2071
329 2071
330 2071
331 2071
332 2071
333 2071
334 2071
335 2071
336 2071
337 2071
338 2071
339 2071
340 2070
341 2070
342 2070
343 2069
344 2069
345 2069
346 2069
347 2069
348 2068
349 2068
350 2068
351 2068
352 2068
353 2068
354 2068
355 2068
356 2068
357 2067
358 2067
359 2067
360 2067
361 2067
362 2067
363 2066
364 2066
365 2065
366 2064
367 2064
368 2063
369 2062
370 2061
371 2060
372 2059
373 2058
374 2057
375 2056
376 2056
377 2056
378 2055
379 2055
380 2054
381 2054
382 2053
382 2052
383 2051
383 2050
384 2049
384 2048
384 2047
384 2046
384 2045
384 2044
384 2043
384 2042
384 2041
384 2040
384 2039
384 2038
384 2037
384 2036
384 2035
384 2034
384 2033
384 2032
384 2031
384 2030
384 2029
384 2028
383 2027
383 2026
382 2025
381 2025
380 2024
379 2024
378 2023
377 2023
376 2023
375 2022
374 2022
373 2021
372 2020
371 2019
370 2018
369 2018
368 2017
367 2017
366 2017
365 2016
364 2016
363 2015
362 2014
361 2014
360 2014
359 2013
358 2013
357 2012
356 2012
355 2012
354 2012
353 2011
352 2010
351 2010
350 2009
349 2009
348 2009
347 2010
346 2010
345 2010
344 2010
343 2010
342 2010
341 2010
340 2009
339 2008
338 2008
337 2007
