606 828
605 829
604 829
603 829
602 829
601 829
600 829
599 830
598 830
597 831
596 831
595 832
594 832
593 832
592 832
591 832
590 832
589 832
588 832
587 832
586 832
585 832
584 832
583 832
582 832
581 832
580 832
579 832
578 832
577 832
576 832
575 833
574 834
573 835
572 835
571 836
570 836
569 837
568 837
567 837
566 837
565 838
564 838
563 838
562 838
561 839
560 839
559 840
558 840
557 840
556 840
555 840
554 840
553 841
552 841
551 841
550 842
549 842
548 843
547 844
546 844
545 845
544 845
544 846
543 847
542 847
541 848
540 849
539 849
538 850
537 851
537 852
536 853
536 854
536 855
537 855
538 856
539 856
540 857
541 857
542 858
543 859
544 859
545 860
546 861
547 861
548 862
549 863
550 864
551 864
552 865
553 866
554 866
555 867
556 867
557 868
558 868
559 868
560 869
561 869
562 869
563 870
564 870
565 870
566 871
567 871
568 872
569 873
570 873
571 874
572 874
573 875
574 875
575 875
576 875
577 876
578 876
579 876
580 877
581 877
582 877
583 877
584 877
585 878
586 878
587 878
588 878
589 878
590 878
591 878
592 878
593 878
594 878
595 878
596 879
597 880
598 881
598 882
599 883
600 884
601 885
602 885
603 885
604 885
605 886
606 886
607 886
608 887
609 886
610 887
611 887
612 887
613 888
614 888
615 888
616 888
617 888
618 888
619 888
620 889
621 889
622 890
623 890
624 890
625 890
626 890
627 890
628 891
629 891
630 891
631 891
632 891
633 891
634 891
635 891
636 892
637 892
638 892
639 893
640 893
641 893
642 893
643 894
644 894
645 894
646 895
647 895
648 895
649 896
650 896
651 896
652 897
653 897
654 898
655 898
656 898
657 898
658 898
659 898
660 898
661 898
662 898
663 898
664 898
665 898
666 898
667 898
668 898
669 898
670 899
671 899
672 899
673 899
674 899
675 899
676 899
677 899
678 899
679 899
680 899
681 899
682 899
683 899
684 899
685 899
686 899
687 899
688 899
689 899
690 899
691 899
692 899
693 899
694 899
695 899
696 899
697 898
698 898
699 898
700 898
701 898
702 897
703 897
704 897
705 896
706 896
707 896
708 896
709 896
710 896
711 896
712 895
713 895
714 895
715 895
716 895
717 895
718 894
719 894
720 894
721 894
722 894
723 894
724 893
725 893
726 893
727 893
728 893
729 893
730 892
731 892
732 891
733 891
734 891
735 890
736 890
737 890
738 889
739 888
740 888
741 888
742 888
743 888
744 888
745 888
746 888
747 888
748 888
749 888
750 888
751 888
752 887
753 887
754 886
755 886
756 885
757 885
758 885
759 885
760 885
760 884
761 883
761 882
761 881
761 880
761 879
761 878
761 877
761 876
761 875
760 874
760 873
759 872
758 872
757 871
756 871
755 870
754 870
753 869
752 868
751 868
750 867
749 867
748 866
747 866
746 866
745 865
744 865
743 864
742 863
741 863
740 862
739 861
738 860
737 859
736 858
735 857
734 856
733 855
732 854
731 854
730 854
729 854
728 854
727 853
726 853
725 853
724 853
723 852
722 852
721 852
720 851
719 851
718 850
717 850
716 849
715 849
714 848
713 848
712 847
711 847
710 846
709 845
708 845
707 844
706 843
705 842
704 842
703 842
702 842
701 841
700 841
699 841
698 840
697 840
696 840
695 840
694 839
693 838
692 838
691 837
690 837
689 837
688 837
687 837
686 836
685 836
684 836
683 835
682 835
681 834
680 834
679 833
678 833
677 833
676 833
675 832
674 832
673 832
672 832
671 832
670 832
669 832
668 832
667 832
666 832
665 832
664 832
663 832
662 833
661 833
660 833
659 833
658 832
657 832
656 832
655 832
654 832
653 831
652 831
651 830
650 830
649 830
648 829
647 829
646 829
645 829
644 829
643 829
642 829
641 829
640 829
639 829
638 828
637 828
636 828
635 828
634 828
633 828
632 828
631 828
630 828
629 828
628 828
627 828
626 828
625 828
624 828
623 828
622 828
621 828
620 828
619 828
618 828
617 828
616 828
615 828
614 828
613 828
612 828
611 828
610 828
609 828
608 828
607 828
606 828
