875 1554
874 1555
873 1555
872 1555
871 1556
870 1556
869 1556
868 1557
867 1557
866 1557
865 1558
864 1558
863 1558
862 1559
861 1559
860 1560
859 1560
858 1560
857 1560
856 1560
855 1561
854 1562
853 1562
852 1562
851 1562
850 1563
849 1563
848 1564
847 1564
846 1565
845 1565
844 1566
843 1566
842 1567
841 1567
840 1568
839 1568
838 1568
837 1569
836 1570
835 1570
834 1571
833 1571
832 1572
831 1572
830 1573
829 1573
828 1574
827 1574
826 1575
825 1576
824 1577
823 1578
823 1579
823 1580
824 1580
825 1581
826 1582
827 1582
828 1583
829 1583
830 1584
831 1584
832 1584
833 1585
834 1585
835 1585
836 1586
837 1586
838 1586
839 1586
840 1587
841 1587
842 1587
843 1588
844 1588
845 1588
846 1588
847 1589
848 1590
849 1590
850 1590
851 1590
852 1590
853 1591
854 1591
855 1591
856 1592
857 1592
858 1593
859 1593
860 1594
861 1594
862 1594
863 1594
864 1594
865 1595
866 1595
867 1595
868 1596
869 1596
870 1596
871 1596
872 1596
873 1597
874 1597
875 1597
876 1598
877 1598
878 1598
879 1598
880 1598
881 1598
882 1599
883 1599
884 1599
885 1600
886 1600
887 1600
888 1600
889 1600
890 1600
891 1600
892 1599
893 1599
894 1599
895 1598
896 1598
897 1598
898 1597
899 1597
900 1596
901 1596
902 1595
903 1595
904 1594
905 1593
906 1592
906 1591
907 1590
907 1589
907 1588
907 1587
907 1586
907 1585
907 1584
907 1583
907 1582
908 1581
908 1580
908 1579
909 1578
908 1577
908 1576
907 1575
906 1574
905 1573
904 1572
903 1571
903 1570
902 1569
901 1568
901 1567
900 1566
900 1565
899 1564
899 1563
898 1562
897 1562
896 1561
895 1560
894 1560
893 1559
892 1559
891 1558
890 1558
889 1558
888 1557
887 1556
886 1556
885 1555
884 1555
883 1554
882 1554
881 1554
880 1554
879 1554
878 1554
877 1554
876 1554
875 1554
