180 740
179 741
178 741
177 741
176 741
175 741
174 741
173 741
172 741
171 741
170 741
169 741
168 741
167 741
166 741
165 741
164 741
163 741
162 741
161 741
160 741
159 741
158 741
157 741
156 741
155 741
154 741
153 741
152 742
151 742
150 742
149 742
148 742
147 743
146 743
145 744
144 744
143 744
142 744
141 744
140 744
139 744
138 744
137 744
136 744
135 744
134 744
133 744
132 744
131 745
130 745
129 745
128 746
127 746
126 747
125 748
124 749
124 750
123 751
123 752
122 753
121 754
120 755
120 756
119 757
119 758
118 759
118 760
118 761
117 762
117 763
117 764
117 765
117 766
117 767
116 768
115 769
115 770
115 771
115 772
115 773
116 774
117 775
117 776
118 777
118 778
119 778
120 779
121 779
122 779
123 780
124 780
125 780
126 780
127 781
128 781
129 781
130 781
131 781
132 781
133 781
134 782
135 782
136 782
137 782
138 782
139 782
140 783
141 783
142 783
143 784
144 784
145 784
146 784
147 784
148 784
149 784
150 784
151 784
152 785
153 785
154 785
155 786
156 786
157 787
158 787
159 788
160 788
161 788
162 788
163 788
164 789
165 789
166 789
167 790
168 790
169 790
170 791
171 792
172 792
173 793
174 793
175 793
176 793
177 793
178 793
179 793
180 793
181 794
182 794
183 794
184 795
185 795
186 795
187 795
188 795
189 795
190 795
191 795
192 795
193 795
194 795
195 795
196 795
197 795
198 795
199 795
200 794
201 794
202 794
203 793
204 793
205 793
206 793
207 792
208 792
209 792
210 791
211 790
212 790
213 789
214 789
215 788
216 787
217 787
218 786
219 785
220 785
221 784
222 783
223 782
224 782
225 781
226 780
226 779
227 778
227 777
227 776
228 775
228 774
228 773
228 772
228 771
228 770
228 769
228 768
228 767
228 766
228 765
229 764
229 763
229 762
229 761
229 760
229 759
229 758
228 757
228 756
227 755
227 754
226 753
225 753
224 752
223 751
222 751
221 750
220 749
219 748
218 748
217 747
216 746
215 746
214 745
213 744
212 744
211 744
210 744
209 744
208 744
207 744
206 744
205 743
204 743
203 743
202 742
201 742
200 742
199 742
198 742
197 742
196 742
195 742
194 742
193 742
192 742
191 742
190 742
189 741
188 741
187 741
186 741
185 740
184 740
183 740
182 740
181 740
180 740
