908 1336
907 1337
906 1337
905 1337
904 1338
903 1338
902 1339
901 1340
900 1340
899 1341
898 1341
897 1342
896 1343
895 1343
894 1344
893 1345
892 1345
891 1345
890 1346
889 1346
888 1347
887 1347
886 1348
885 1348
884 1349
883 1350
882 1351
882 1352
881 1353
880 1354
879 1355
878 1356
877 1356
876 1357
875 1358
874 1359
873 1360
872 1361
871 1362
871 1363
870 1364
870 1365
870 1366
870 1367
871 1368
872 1369
873 1370
874 1371
875 1372
876 1373
877 1373
878 1374
879 1375
880 1376
881 1376
882 1376
883 1377
884 1378
885 1379
886 1380
887 1380
888 1381
889 1382
890 1382
891 1383
892 1383
893 1383
894 1384
895 1384
896 1383
897 1383
898 1383
899 1382
900 1382
901 1381
902 1381
903 1381
904 1381
905 1381
906 1382
907 1382
908 1382
909 1383
910 1383
911 1383
912 1384
913 1384
914 1385
915 1385
916 1386
917 1387
918 1387
919 1388
920 1388
921 1388
922 1389
923 1389
924 1389
925 1389
926 1389
927 1388
928 1388
929 1388
930 1388
931 1387
932 1387
933 1386
934 1386
935 1386
936 1385
937 1385
938 1384
939 1383
940 1382
941 1382
942 1381
943 1381
944 1380
945 1380
946 1380
947 1379
947 1378
948 1377
948 1376
948 1375
949 1374
949 1373
949 1372
949 1371
949 1370
949 1369
950 1368
950 1367
951 1366
951 1365
952 1364
952 1363
952 1362
952 1361
952 1360
952 1359
951 1358
950 1357
949 1356
948 1355
947 1354
946 1353
945 1352
944 1351
943 1351
942 1351
941 1350
940 1350
939 1350
938 1349
937 1349
936 1349
935 1349
934 1349
933 1349
932 1349
931 1349
930 1349
929 1349
928 1349
927 1348
926 1347
925 1346
924 1345
924 1344
923 1343
922 1342
921 1341
920 1341
919 1340
918 1339
917 1339
916 1338
915 1338
914 1338
913 1337
912 1337
911 1337
910 1336
909 1336
908 1336
