1551 292
1550 293
1549 293
1548 293
1547 294
1546 294
1545 294
1544 294
1543 294
1542 294
1541 294
1540 294
1539 295
1538 295
1537 295
1536 295
1535 295
1534 296
1533 296
1532 296
1531 297
1530 297
1529 298
1528 298
1527 299
1526 300
1526 301
1525 302
1525 303
1524 304
1524 305
1524 306
1523 307
1523 308
1523 309
1522 310
1522 311
1522 312
1522 313
1523 314
1523 315
1524 316
1525 317
1526 318
1527 319
1528 319
1529 319
1530 319
1531 319
1532 319
1533 319
1534 319
1535 320
1536 320
1537 320
1538 320
1539 320
1540 320
1541 320
1542 320
1543 320
1544 320
1545 320
1546 320
1547 320
1548 320
1549 320
1550 320
1551 320
1552 320
1553 320
1554 321
1555 321
1556 321
1557 321
1558 321
1559 321
1560 322
1561 322
1562 323
1563 323
1564 323
1565 324
1566 324
1567 324
1568 324
1569 324
1570 324
1571 324
1572 325
1573 325
1574 325
1575 325
1576 325
1577 325
1578 326
1579 326
1580 326
1581 326
1582 326
1583 326
1584 326
1585 326
1586 326
1587 327
1588 327
1589 327
1590 327
1591 327
1592 327
1593 328
1594 328
1595 328
1596 329
1597 329
1598 329
1599 330
1600 330
1601 331
1602 331
1603 331
1604 331
1605 331
1606 331
1607 331
1608 331
1609 331
1610 332
1611 332
1612 332
1613 332
1614 332
1615 332
1616 332
1617 332
1618 332
1619 332
1620 332
1621 332
1622 332
1623 332
1624 332
1625 332
1626 332
1627 332
1628 332
1629 332
1630 332
1631 332
1632 332
1633 331
1634 331
1635 330
1636 329
1637 328
1638 327
1639 326
1640 326
1641 325
1642 325
1643 325
1643 324
1643 323
1643 322
1643 321
1643 320
1642 319
1642 318
1642 317
1641 316
1641 315
1640 314
1639 313
1638 312
1637 311
1636 310
1636 309
1635 309
1634 308
1633 307
1632 306
1631 306
1630 305
1629 304
1628 304
1627 303
1626 303
1625 303
1624 302
1623 302
1622 302
1621 301
1620 301
1619 300
1618 300
1617 299
1616 299
1615 298
1614 298
1613 297
1612 297
1611 297
1610 297
1609 296
1608 296
1607 296
1606 296
1605 296
1604 296
1603 296
1602 296
1601 296
1600 296
1599 296
1598 297
1597 297
1596 297
1595 297
1594 297
1593 297
1592 297
1591 296
1590 296
1589 296
1588 296
1587 296
1586 296
1585 296
1584 296
1583 296
1582 296
1581 296
1580 296
1579 295
1578 295
1577 295
1576 295
1575 295
1574 295
1573 294
1572 294
1571 294
1570 294
1569 294
1568 294
1567 294
1566 294
1565 294
1564 294
1563 293
1562 293
1561 293
1560 292
1559 292
1558 292
1557 292
1556 292
1555 292
1554 292
1553 292
1552 292
1551 292
