179 1842
178 1843
177 1843
176 1843
175 1844
174 1844
173 1844
172 1844
171 1845
170 1846
169 1847
168 1847
167 1847
166 1848
165 1848
164 1849
163 1850
162 1850
161 1851
160 1852
159 1852
158 1853
157 1854
157 1855
156 1856
156 1857
156 1858
156 1859
156 1860
156 1861
156 1862
156 1863
156 1864
156 1865
156 1866
156 1867
156 1868
156 1869
156 1870
156 1871
156 1872
156 1873
156 1874
156 1875
156 1876
156 1877
156 1878
156 1879
156 1880
156 1881
157 1882
157 1883
158 1884
159 1885
159 1886
159 1887
159 1888
159 1889
159 1890
159 1891
159 1892
159 1893
159 1894
159 1895
159 1896
159 1897
159 1898
158 1899
157 1900
156 1901
156 1902
155 1903
155 1904
155 1905
155 1906
155 1907
155 1908
154 1909
154 1910
154 1911
154 1912
154 1913
154 1914
154 1915
154 1916
154 1917
154 1918
154 1919
154 1920
155 1921
155 1922
155 1923
155 1924
155 1925
155 1926
155 1927
155 1928
155 1929
155 1930
155 1931
155 1932
155 1933
155 1934
155 1935
155 1936
155 1937
155 1938
155 1939
155 1940
155 1941
156 1942
156 1943
156 1944
157 1945
157 1946
158 1947
159 1948
160 1949
161 1950
161 1951
162 1952
163 1953
164 1954
165 1955
166 1956
167 1956
168 1957
169 1957
170 1957
171 1957
172 1957
173 1957
174 1957
175 1957
176 1957
177 1957
178 1956
179 1956
180 1956
181 1955
182 1956
183 1955
184 1955
185 1954
186 1954
187 1953
188 1953
189 1952
190 1952
191 1952
192 1952
193 1952
194 1952
195 1951
196 1951
197 1951
198 1951
199 1951
200 1951
201 1951
202 1950
203 1950
204 1949
205 1949
206 1948
207 1948
208 1948
209 1947
210 1947
211 1947
212 1947
213 1947
214 1946
215 1946
216 1946
217 1946
218 1946
219 1946
220 1946
221 1946
222 1946
223 1946
224 1946
225 1946
226 1946
227 1945
228 1945
229 1945
230 1944
231 1944
232 1944
233 1944
234 1944
235 1944
236 1943
237 1942
238 1942
239 1942
240 1941
241 1941
242 1941
243 1940
244 1940
245 1939
246 1938
247 1937
248 1936
249 1935
250 1934
251 1933
252 1932
253 1931
254 1930
255 1929
256 1928
257 1927
258 1926
259 1925
260 1924
261 1924
262 1923
263 1923
264 1923
265 1923
266 1922
267 1921
268 1921
269 1920
270 1920
271 1919
272 1919
273 1918
274 1917
275 1916
276 1915
277 1914
278 1913
279 1912
279 1911
279 1910
279 1909
279 1908
279 1907
279 1906
279 1905
279 1904
279 1903
279 1902
279 1901
279 1900
279 1899
279 1898
278 1897
277 1896
276 1895
275 1894
274 1893
274 1892
273 1891
272 1890
271 1889
270 1888
269 1887
268 1886
267 1886
266 1885
265 1884
264 1884
263 1883
262 1882
261 1881
260 1880
259 1880
258 1880
257 1879
256 1879
255 1878
254 1877
253 1876
252 1876
251 1875
250 1874
249 1874
248 1873
247 1872
246 1871
246 1870
245 1869
244 1868
243 1867
242 1866
241 1865
240 1865
239 1865
238 1864
237 1864
236 1864
235 1863
234 1863
233 1862
232 1862
231 1862
230 1861
229 1861
228 1860
227 1860
226 1860
225 1860
224 1860
223 1860
222 1860
221 1859
220 1859
219 1858
218 1858
217 1857
216 1856
215 1855
214 1854
213 1854
212 1853
211 1853
210 1853
209 1852
208 1852
207 1852
206 1851
205 1850
204 1849
203 1848
202 1847
201 1846
200 1845
199 1845
198 1845
197 1845
196 1845
195 1844
194 1844
193 1844
192 1844
191 1844
190 1844
189 1843
188 1843
187 1843
186 1842
185 1842
184 1842
183 1842
182 1842
181 1842
180 1842
179 1842
