1520 1601
1519 1602
1518 1602
1517 1603
1516 1603
1515 1604
1514 1605
1513 1606
1512 1607
1511 1607
1510 1607
1509 1607
1508 1607
1507 1607
1506 1607
1505 1608
1504 1609
1503 1609
1502 1609
1501 1609
1500 1610
1499 1610
1498 1611
1497 1611
1496 1612
1495 1612
1494 1613
1493 1614
1492 1614
1491 1615
1490 1615
1489 1616
1488 1616
1487 1617
1486 1617
1485 1618
1484 1619
1483 1619
1482 1620
1481 1620
1480 1620
1479 1620
1478 1620
1477 1620
1476 1620
1475 1621
1474 1621
1473 1621
1472 1622
1471 1622
1470 1622
1469 1622
1468 1623
1467 1623
1466 1624
1465 1624
1464 1625
1463 1625
1462 1626
1461 1627
1460 1627
1459 1627
1458 1628
1457 1628
1456 1629
1455 1630
1454 1631
1453 1632
1452 1633
1452 1634
1452 1635
1452 1636
1452 1637
1452 1638
1452 1639
1452 1640
1452 1641
1452 1642
1452 1643
1452 1644
1453 1645
1454 1646
1455 1647
1455 1648
1456 1649
1456 1650
1457 1651
1458 1652
1459 1653
1460 1654
1460 1655
1461 1656
1462 1657
1463 1658
1463 1659
1463 1660
1463 1661
1463 1662
1464 1663
1464 1664
1465 1665
1466 1666
1467 1667
1467 1668
1468 1669
1469 1670
1470 1671
1471 1672
1472 1673
1473 1674
1474 1675
1475 1675
1476 1676
1477 1676
1478 1677
1479 1678
1480 1679
1481 1679
1482 1680
1483 1681
1484 1681
1485 1682
1486 1683
1487 1684
1488 1684
1489 1685
1490 1685
1491 1686
1492 1686
1493 1686
1494 1687
1495 1687
1496 1687
1497 1688
1498 1688
1499 1688
1500 1689
1501 1690
1502 1690
1503 1690
1504 1690
1505 1690
1506 1690
1507 1691
1508 1692
1509 1692
1510 1693
1511 1693
1512 1693
1513 1693
1514 1693
1515 1694
1516 1694
1517 1694
1518 1695
1519 1695
1520 1695
1521 1695
1522 1695
1523 1695
1524 1695
1525 1695
1526 1695
1527 1695
1528 1695
1529 1695
1530 1695
1531 1695
1532 1695
1533 1695
1534 1695
1535 1695
1536 1695
1537 1695
1538 1695
1539 1695
1540 1695
1541 1695
1542 1695
1543 1695
1544 1695
1545 1695
1546 1695
1547 1694
1548 1693
1549 1692
1550 1692
1551 1691
1552 1691
1553 1690
1554 1690
1555 1689
1556 1688
1557 1688
1558 1687
1559 1687
1560 1686
1561 1685
1562 1684
1562 1683
1562 1682
1563 1681
1563 1680
1564 1679
1564 1678
1565 1677
1566 1676
1567 1675
1567 1674
1568 1673
1569 1672
1569 1671
1570 1670
1571 1669
1572 1668
1573 1667
1574 1666
1575 1665
1576 1664
1577 1663
1578 1662
1579 1661
1579 1660
1580 1659
1580 1658
1580 1657
1580 1656
1580 1655
1580 1654
1580 1653
1580 1652
1580 1651
1580 1650
1580 1649
1580 1648
1580 1647
1580 1646
1580 1645
1580 1644
1580 1643
1580 1642
1580 1641
1580 1640
1580 1639
1579 1638
1579 1637
1578 1636
1578 1635
1577 1634
1577 1633
1576 1632
1575 1631
1575 1630
1574 1629
1574 1628
1574 1627
1573 1626
1573 1625
1572 1625
1571 1624
1570 1624
1569 1624
1568 1623
1567 1623
1566 1622
1566 1621
1565 1620
1564 1619
1564 1618
1563 1618
1562 1617
1561 1616
1560 1616
1559 1615
1558 1615
1557 1614
1556 1614
1555 1614
1554 1613
1553 1612
1552 1612
1551 1611
1550 1611
1549 1610
1548 1609
1547 1608
1546 1607
1545 1606
1544 1605
1543 1605
1542 1604
1541 1604
1540 1604
1539 1603
1538 1603
1537 1602
1536 1602
1535 1602
1534 1602
1533 1602
1532 1602
1531 1602
1530 1601
1529 1601
1528 1601
1527 1601
1526 1601
1525 1601
1524 1601
1523 1601
1522 1601
1521 1601
1520 1601
