1642 8093
1641 8094
1640 8094
1639 8094
1638 8094
1637 8095
1636 8095
1635 8095
1634 8095
1633 8095
1632 8095
1631 8095
1630 8095
1629 8096
1628 8096
1627 8096
1626 8096
1625 8097
1624 8097
1623 8097
1622 8097
1621 8097
1620 8097
1619 8097
1618 8097
1617 8097
1616 8097
1615 8098
1614 8098
1613 8098
1612 8098
1611 8099
1610 8099
1609 8099
1608 8099
1607 8099
1606 8099
1605 8099
1604 8099
1603 8099
1602 8099
1601 8099
1600 8099
1599 8099
1598 8099
1597 8100
1596 8100
1595 8100
1594 8100
1593 8101
1592 8101
1591 8101
1590 8101
1589 8101
1588 8101
1587 8102
1586 8102
1585 8102
1584 8102
1583 8103
1582 8103
1581 8103
1580 8103
1579 8103
1578 8103
1577 8103
1576 8103
1575 8104
1574 8104
1573 8104
1572 8104
1571 8105
1570 8105
1569 8105
1568 8105
1567 8106
1566 8106
1565 8106
1564 8106
1563 8107
1562 8107
1561 8107
1560 8107
1559 8107
1558 8107
1557 8107
1556 8107
1555 8107
1554 8107
1553 8107
1552 8107
1551 8107
1550 8107
1549 8108
1548 8108
1547 8108
1546 8108
1545 8109
1544 8109
1543 8109
1542 8109
1541 8109
1540 8109
1539 8109
1538 8109
1537 8109
1536 8109
1535 8110
1534 8110
1533 8110
1532 8110
1531 8111
1530 8111
1529 8111
1528 8111
1527 8111
1526 8111
1525 8111
1524 8111
1523 8111
1522 8111
1521 8111
1520 8111
1519 8111
1518 8111
1517 8111
1516 8111
1515 8111
1514 8111
1513 8111
1512 8111
1511 8112
1510 8112
1509 8112
1508 8112
1507 8113
1506 8113
1505 8113
1504 8113
1503 8113
1502 8113
1501 8113
1500 8113
1499 8114
1498 8114
1497 8114
1496 8114
1495 8115
1494 8116
1493 8116
1492 8116
1491 8117
1490 8117
1489 8117
1488 8117
1487 8117
1486 8117
1485 8117
1484 8117
1483 8117
1482 8117
1481 8118
1480 8118
1479 8118
1478 8118
1477 8119
1476 8119
1475 8119
1474 8119
1473 8119
1472 8119
1471 8119
1470 8119
1469 8119
1468 8119
1467 8119
1466 8119
1465 8120
1464 8120
1463 8120
1462 8120
1461 8121
1460 8121
1459 8121
1458 8121
1457 8121
1456 8121
1455 8121
1454 8121
1453 8122
1452 8122
1451 8122
1450 8122
1449 8123
1448 8123
1447 8123
1446 8123
1445 8123
1444 8123
1443 8123
1442 8123
1441 8123
1440 8123
1439 8123
1438 8123
1437 8124
1436 8124
1435 8124
1434 8124
1433 8125
1432 8125
1431 8125
1430 8125
1429 8125
1428 8125
1427 8125
1426 8125
1425 8125
1424 8125
1423 8125
1422 8125
1421 8125
1420 8125
1419 8126
1418 8126
1417 8126
1416 8126
1415 8127
1414 8127
1413 8128
1412 8128
1411 8128
1410 8128
1409 8129
1408 8129
1407 8129
1406 8129
1405 8129
1404 8129
1403 8129
1402 8129
1401 8129
1400 8129
1399 8129
1398 8129
1397 8130
1396 8130
1395 8130
1394 8130
1393 8131
1392 8131
1391 8131
1390 8131
1389 8131
1388 8131
1387 8131
1386 8131
1385 8131
1384 8131
1383 8131
1382 8131
1381 8132
1380 8132
1379 8132
1378 8132
1377 8133
1376 8133
1375 8133
1374 8133
1373 8133
1372 8133
1371 8133
1370 8133
1369 8134
1368 8134
1367 8134
1366 8134
1365 8135
1364 8135
1363 8135
1362 8135
1361 8136
1360 8136
1359 8136
1358 8136
1357 8137
1356 8137
1355 8137
1354 8137
1353 8137
1352 8137
1351 8137
1350 8137
1349 8138
1348 8138
1347 8138
1346 8138
1345 8139
1344 8139
1343 8139
1342 8139
1341 8140
1340 8140
1339 8140
1338 8140
1337 8141
1336 8141
1335 8141
1334 8141
1333 8141
1332 8141
1331 8142
1330 8142
1329 8142
1328 8142
1327 8143
1326 8143
1325 8143
1324 8143
1323 8143
1322 8143
1321 8144
1320 8144
1319 8144
1318 8144
1317 8145
1316 8145
1315 8145
1314 8145
1313 8145
1312 8145
1311 8145
1310 8145
1309 8145
1308 8145
1307 8145
1306 8145
1305 8146
1304 8146
1303 8146
1302 8146
1301 8147
1300 8147
1299 8147
1298 8147
1297 8147
1296 8147
1295 8147
1294 8147
1293 8147
1292 8147
1291 8147
1290 8147
1289 8147
1288 8147
1287 8147
1286 8147
1285 8147
1284 8147
1283 8148
1282 8148
1281 8148
1280 8148
1279 8149
1278 8149
1277 8149
1276 8149
1275 8149
1274 8149
1273 8149
1272 8149
1271 8149
1270 8149
1269 8149
1268 8149
1267 8149
1266 8149
1265 8150
1264 8150
1263 8150
1262 8150
1261 8151
1260 8151
1259 8151
1258 8151
1257 8151
1256 8151
1255 8151
1254 8151
1253 8151
1252 8151
1251 8151
1250 8151
1249 8151
1248 8151
1247 8152
1246 8152
1245 8152
1244 8152
1243 8153
1242 8153
1241 8153
1240 8153
1239 8153
1238 8153
1237 8154
1236 8154
1235 8154
1234 8154
1233 8155
1232 8155
1231 8155
1230 8155
1229 8155
1228 8155
1227 8155
1226 8155
1225 8155
1224 8155
1223 8156
1222 8156
1221 8156
1220 8156
1219 8157
1218 8157
1217 8157
1216 8157
1215 8157
1214 8157
1213 8157
1212 8157
1211 8158
1210 8158
1209 8158
1208 8158
1207 8159
1206 8159
1205 8160
1204 8160
1203 8160
1202 8160
1201 8161
1200 8161
1199 8161
1198 8161
1197 8161
1196 8161
1195 8161
1194 8161
1193 8162
1192 8162
1191 8162
1190 8162
1189 8163
1188 8163
1187 8163
1186 8163
1185 8163
1184 8163
1183 8163
1182 8163
1181 8163
1180 8163
1179 8164
1178 8164
1177 8164
1176 8164
1175 8165
1174 8165
1173 8165
1172 8165
1171 8165
1170 8165
1169 8165
1168 8165
1167 8165
1166 8165
1165 8166
1164 8166
1163 8166
1162 8166
1161 8167
1160 8167
1159 8167
1158 8167
1157 8167
1156 8167
1155 8167
1154 8167
1153 8168
1152 8168
1151 8168
1150 8168
1149 8169
1148 8169
1147 8169
1146 8169
1145 8169
1144 8169
1143 8169
1142 8169
1141 8169
1140 8169
1139 8169
1138 8169
1137 8170
1136 8170
1135 8170
1134 8170
1133 8171
1132 8171
1131 8171
1130 8171
1129 8171
1128 8171
1127 8171
1126 8171
1125 8172
1124 8172
1123 8172
1122 8172
1121 8173
1120 8173
1119 8173
1118 8173
1117 8173
1116 8173
1115 8174
1114 8174
1113 8174
1112 8174
1111 8175
1110 8175
1109 8176
1108 8176
1107 8176
1106 8176
1105 8177
1104 8177
1103 8178
1102 8178
1101 8178
1100 8178
1099 8179
1098 8180
1097 8180
1096 8180
1095 8181
1094 8181
1093 8181
1092 8181
1091 8182
1090 8182
1089 8182
1088 8182
1087 8183
1086 8183
1085 8184
1084 8184
1083 8184
1082 8184
1081 8185
1080 8185
1079 8185
1078 8185
1077 8186
1076 8186
1075 8186
1074 8186
1073 8187
1072 8187
1071 8187
1070 8187
1069 8188
1068 8188
1067 8188
1066 8188
1065 8189
1064 8189
1063 8189
1062 8189
1061 8190
1060 8190
1059 8190
1058 8190
1057 8191
1056 8191
1055 8191
1054 8191
1053 8191
1052 8191
1051 8192
1050 8192
1049 8192
1048 8192
1047 8193
1046 8193
1045 8194
1044 8194
1043 8194
1042 8194
1041 8195
1040 8196
1039 8196
1038 8196
1037 8197
1036 8197
1035 8198
1034 8198
1033 8198
1032 8198
1031 8199
1030 8199
1029 8200
1028 8200
1027 8200
1026 8200
1025 8201
1024 8202
1023 8202
1022 8202
1021 8203
1020 8204
1019 8204
1018 8204
1017 8205
1016 8205
1015 8206
1014 8206
1013 8206
1012 8206
1011 8207
1010 8208
1009 8208
1008 8208
1007 8209
1006 8210
1005 8210
1004 8210
1003 8211
1002 8211
1001 8212
1000 8212
999 8212
998 8212
997 8213
996 8214
995 8214
994 8214
993 8215
992 8215
991 8216
990 8216
989 8216
988 8216
987 8217
986 8218
985 8218
984 8218
983 8219
982 8219
981 8220
980 8220
979 8220
978 8220
977 8221
976 8222
975 8222
974 8222
973 8223
972 8224
971 8224
970 8224
969 8225
968 8226
967 8226
966 8226
965 8227
964 8228
963 8229
962 8229
961 8230
960 8230
959 8231
958 8232
957 8232
956 8232
955 8233
954 8234
953 8235
952 8235
951 8236
950 8236
949 8237
948 8238
947 8238
946 8238
945 8239
944 8240
943 8240
942 8240
941 8241
940 8242
939 8243
938 8243
937 8244
936 8244
935 8245
934 8246
933 8246
932 8246
931 8247
930 8248
929 8248
928 8248
927 8249
926 8250
925 8250
924 8250
923 8251
922 8252
921 8252
920 8252
919 8253
918 8254
917 8254
916 8254
915 8255
914 8256
913 8256
912 8256
911 8257
910 8257
909 8258
908 8258
907 8258
906 8258
905 8259
904 8260
903 8260
902 8260
901 8261
900 8262
899 8262
898 8262
897 8263
896 8263
895 8264
894 8264
893 8264
892 8264
891 8265
890 8266
889 8266
888 8266
887 8267
886 8267
885 8268
884 8268
883 8268
882 8268
881 8269
880 8270
879 8270
878 8270
877 8271
876 8272
875 8272
874 8272
873 8273
872 8274
871 8274
870 8274
869 8275
868 8276
867 8276
866 8276
865 8277
864 8278
863 8278
862 8278
861 8279
860 8280
859 8280
858 8280
857 8281
856 8282
855 8282
854 8282
853 8283
852 8284
851 8284
850 8284
849 8285
848 8286
847 8286
846 8286
845 8287
844 8288
843 8288
842 8288
841 8289
840 8290
839 8290
838 8290
837 8291
836 8291
835 8292
834 8292
833 8292
832 8292
831 8293
830 8293
829 8293
828 8293
827 8294
826 8294
825 8294
824 8294
823 8295
822 8295
821 8295
820 8295
819 8296
818 8296
817 8296
816 8296
815 8297
814 8297
813 8298
812 8298
811 8298
810 8298
809 8299
808 8299
807 8299
806 8299
805 8300
804 8300
803 8300
802 8300
801 8301
800 8302
799 8302
798 8302
797 8303
796 8304
795 8304
794 8304
793 8305
792 8305
791 8306
790 8306
789 8306
788 8306
787 8307
786 8308
785 8308
784 8308
783 8309
782 8310
781 8310
780 8310
779 8311
778 8312
777 8312
776 8312
775 8313
774 8314
773 8314
772 8314
771 8315
770 8316
769 8316
768 8316
767 8317
766 8318
765 8318
764 8318
763 8319
762 8320
761 8320
760 8320
759 8321
758 8322
757 8323
756 8323
755 8324
754 8324
753 8325
752 8326
751 8326
750 8326
749 8327
748 8328
747 8328
746 8328
745 8329
744 8329
743 8330
742 8330
741 8330
740 8330
739 8331
738 8332
737 8333
736 8333
735 8334
734 8334
733 8335
732 8336
731 8336
730 8336
729 8337
728 8337
727 8338
726 8338
725 8338
724 8338
723 8339
722 8340
721 8340
720 8340
719 8341
718 8342
717 8342
716 8342
715 8343
714 8343
713 8344
712 8344
711 8344
710 8344
709 8345
708 8345
707 8346
706 8346
705 8346
704 8346
703 8347
702 8347
701 8348
700 8348
699 8348
698 8348
697 8349
696 8349
695 8350
694 8350
693 8350
692 8350
691 8351
690 8352
689 8352
688 8352
687 8353
686 8353
685 8354
684 8354
683 8354
682 8354
681 8355
680 8355
679 8356
678 8356
677 8356
676 8356
675 8357
674 8357
673 8358
672 8358
671 8358
670 8358
669 8359
668 8359
667 8359
666 8359
665 8360
664 8360
663 8360
662 8360
661 8361
660 8361
659 8361
658 8361
657 8361
656 8361
655 8361
654 8361
653 8361
652 8361
651 8361
650 8361
649 8361
648 8361
647 8361
646 8361
645 8361
644 8361
643 8361
642 8361
641 8361
640 8361
639 8361
638 8361
637 8361
636 8361
635 8361
634 8361
633 8361
632 8361
631 8361
630 8361
629 8362
628 8362
627 8362
626 8362
625 8363
624 8363
623 8363
622 8363
621 8364
620 8364
619 8364
618 8364
617 8365
616 8365
615 8366
614 8366
613 8366
612 8366
611 8367
610 8367
609 8368
608 8368
607 8368
606 8368
605 8369
604 8370
603 8370
602 8370
601 8371
600 8371
599 8372
598 8372
597 8372
596 8372
595 8373
594 8373
593 8374
592 8374
591 8374
590 8374
589 8375
588 8375
587 8376
586 8376
585 8376
584 8376
583 8377
582 8377
581 8378
580 8378
579 8378
578 8378
577 8379
576 8379
575 8379
574 8379
573 8379
572 8379
571 8380
570 8380
569 8380
568 8380
567 8381
566 8381
565 8382
564 8382
563 8382
562 8382
561 8383
560 8383
559 8384
558 8384
557 8384
556 8384
555 8385
554 8385
553 8385
552 8385
551 8385
550 8385
549 8385
548 8385
547 8385
546 8385
545 8386
544 8386
543 8386
542 8386
541 8387
540 8387
539 8388
538 8388
537 8388
536 8388
535 8389
534 8390
533 8390
532 8390
531 8391
530 8392
529 8392
528 8392
527 8393
526 8394
525 8394
524 8394
523 8395
522 8396
521 8396
520 8396
519 8397
518 8398
517 8398
516 8398
515 8399
514 8399
513 8400
512 8400
511 8400
510 8400
509 8401
508 8401
507 8402
506 8402
505 8403
504 8403
503 8404
502 8404
501 8405
500 8405
499 8406
498 8406
497 8407
496 8407
495 8408
494 8408
493 8409
492 8410
491 8410
490 8410
489 8411
488 8412
487 8413
486 8413
485 8414
484 8414
483 8415
482 8416
481 8416
480 8416
479 8417
478 8418
477 8419
476 8419
475 8420
474 8420
473 8421
472 8422
471 8423
470 8423
469 8424
468 8424
467 8425
466 8426
465 8427
464 8428
463 8428
463 8429
462 8430
461 8430
461 8431
460 8432
459 8432
458 8433
457 8434
456 8434
455 8435
454 8436
453 8436
452 8436
451 8437
450 8438
449 8439
448 8439
447 8440
446 8440
445 8441
444 8442
443 8443
442 8443
441 8444
440 8444
439 8445
438 8446
437 8446
436 8446
435 8447
434 8448
433 8449
432 8449
431 8450
430 8450
429 8451
428 8452
427 8453
426 8453
425 8454
424 8454
423 8455
422 8456
421 8456
420 8456
419 8457
418 8458
417 8458
416 8458
415 8459
414 8460
413 8461
412 8462
411 8462
410 8463
409 8464
408 8464
407 8465
406 8466
405 8466
404 8466
403 8467
402 8468
401 8468
400 8468
399 8469
398 8470
397 8470
396 8470
395 8471
394 8471
393 8472
392 8472
391 8472
390 8472
389 8473
388 8474
387 8474
386 8474
385 8475
384 8476
383 8476
382 8476
381 8477
380 8478
379 8479
378 8480
377 8480
377 8481
376 8482
375 8482
375 8483
374 8484
373 8484
373 8485
372 8486
371 8486
370 8487
369 8488
368 8488
367 8489
366 8490
365 8491
364 8492
363 8492
363 8493
362 8494
361 8494
361 8495
360 8496
359 8496
359 8497
358 8498
357 8498
357 8499
356 8500
355 8501
354 8502
353 8503
353 8504
353 8505
352 8506
351 8507
351 8508
351 8509
351 8510
350 8511
350 8512
349 8513
349 8514
349 8515
348 8516
347 8517
347 8518
347 8519
346 8520
345 8521
345 8522
345 8523
344 8524
343 8525
343 8526
343 8527
342 8528
341 8529
341 8530
340 8531
340 8532
339 8533
338 8534
337 8535
337 8536
336 8537
335 8538
335 8539
334 8540
333 8540
333 8541
332 8542
331 8542
331 8543
330 8544
329 8544
329 8545
328 8546
327 8546
327 8547
326 8548
325 8548
325 8549
324 8550
323 8550
323 8551
322 8552
321 8552
321 8553
320 8554
319 8554
319 8555
318 8556
317 8556
317 8557
316 8558
315 8558
315 8559
314 8560
313 8561
312 8562
311 8563
311 8564
310 8565
309 8566
309 8567
308 8568
307 8568
307 8569
306 8570
305 8570
305 8571
304 8572
303 8572
303 8573
302 8574
301 8574
301 8575
300 8576
299 8576
299 8577
298 8578
297 8578
297 8579
296 8580
295 8580
295 8581
294 8582
293 8582
292 8583
291 8584
290 8584
289 8585
288 8586
287 8587
286 8588
285 8588
285 8589
284 8590
283 8590
282 8591
281 8592
280 8592
279 8593
278 8594
277 8595
276 8596
275 8596
275 8597
274 8598
273 8598
273 8599
272 8600
271 8600
271 8601
270 8602
269 8602
269 8603
268 8604
267 8604
267 8605
266 8606
265 8607
264 8608
263 8609
263 8610
262 8611
261 8612
261 8613
260 8614
259 8614
259 8615
258 8616
257 8616
257 8617
256 8618
255 8619
254 8620
253 8621
253 8622
253 8623
252 8624
251 8625
251 8626
250 8627
250 8628
249 8629
249 8630
248 8631
248 8632
247 8633
247 8634
247 8635
246 8636
245 8637
245 8638
245 8639
244 8640
243 8641
243 8642
243 8643
243 8644
242 8645
242 8646
241 8647
241 8648
241 8649
241 8650
240 8651
240 8652
239 8653
239 8654
239 8655
239 8656
238 8657
238 8658
238 8659
238 8660
237 8661
237 8662
237 8663
237 8664
236 8665
236 8666
236 8667
236 8668
235 8669
235 8670
235 8671
235 8672
234 8673
234 8674
234 8675
234 8676
234 8677
234 8678
234 8679
234 8680
234 8681
234 8682
234 8683
234 8684
234 8685
234 8686
234 8687
234 8688
235 8689
235 8690
235 8691
235 8692
236 8693
237 8694
238 8695
239 8696
239 8697
240 8697
241 8698
241 8699
242 8699
243 8700
243 8701
244 8701
245 8702
245 8703
246 8703
247 8704
247 8705
248 8705
249 8706
250 8707
251 8708
252 8709
253 8709
254 8710
255 8710
256 8711
257 8712
258 8713
259 8713
260 8713
261 8714
262 8715
263 8715
264 8715
265 8716
266 8717
267 8717
268 8717
269 8718
270 8719
271 8719
272 8719
273 8720
274 8721
275 8721
276 8721
277 8722
278 8723
279 8723
280 8723
281 8724
282 8725
283 8725
284 8725
285 8726
286 8727
287 8727
288 8727
289 8727
290 8728
291 8728
292 8729
293 8729
294 8729
295 8730
296 8731
297 8731
298 8731
299 8731
300 8732
301 8732
302 8733
303 8733
304 8733
305 8734
306 8735
307 8735
308 8735
309 8736
310 8737
311 8737
312 8737
313 8738
314 8739
315 8739
316 8739
317 8740
318 8741
319 8741
320 8741
321 8742
322 8743
323 8743
324 8744
325 8744
326 8745
327 8746
328 8747
329 8747
330 8747
331 8748
332 8749
333 8749
334 8749
335 8750
336 8751
337 8751
338 8751
339 8752
340 8753
341 8753
342 8753
343 8754
344 8755
345 8755
346 8755
347 8756
348 8757
349 8757
350 8757
351 8758
352 8759
353 8759
354 8760
355 8760
356 8761
357 8762
358 8763
359 8763
360 8764
361 8764
362 8765
363 8766
364 8767
365 8767
366 8768
367 8769
368 8769
369 8770
369 8771
370 8771
371 8772
371 8773
372 8773
373 8774
373 8775
374 8775
375 8776
375 8777
376 8777
377 8778
378 8779
379 8780
380 8781
381 8781
382 8782
383 8783
384 8783
385 8784
385 8785
386 8785
387 8786
387 8787
388 8787
389 8788
389 8789
390 8789
391 8790
391 8791
392 8791
393 8792
393 8793
394 8793
395 8794
395 8795
396 8795
397 8796
398 8797
399 8798
400 8799
401 8799
402 8800
403 8801
404 8801
405 8802
406 8803
407 8804
408 8805
409 8805
410 8806
411 8806
412 8807
413 8808
414 8809
415 8809
416 8810
417 8811
418 8811
419 8812
419 8813
420 8813
421 8814
421 8815
422 8815
423 8816
424 8817
425 8818
426 8819
427 8819
428 8820
429 8820
430 8821
431 8822
432 8823
433 8823
434 8824
435 8824
436 8825
437 8826
438 8827
439 8827
440 8828
441 8828
442 8829
443 8830
444 8831
445 8831
446 8831
447 8832
448 8833
449 8833
450 8833
451 8834
452 8835
453 8835
454 8835
455 8835
456 8836
457 8836
458 8837
459 8837
460 8837
461 8838
462 8839
463 8839
464 8839
465 8839
466 8840
467 8840
468 8841
469 8841
470 8841
471 8841
472 8842
473 8842
474 8843
475 8843
476 8843
477 8844
478 8845
479 8845
480 8845
481 8845
482 8846
483 8846
484 8847
485 8847
486 8847
487 8847
488 8848
489 8848
490 8849
491 8849
492 8849
493 8850
494 8851
495 8851
496 8851
497 8851
498 8852
499 8852
500 8852
501 8852
502 8853
503 8853
504 8853
505 8853
506 8854
507 8854
508 8854
509 8854
510 8854
511 8854
512 8854
513 8854
514 8855
515 8855
516 8855
517 8855
518 8856
519 8856
520 8856
521 8856
522 8856
523 8856
524 8856
525 8856
526 8856
527 8856
528 8857
529 8857
530 8857
531 8857
532 8858
533 8858
534 8858
535 8858
536 8858
537 8858
538 8858
539 8858
540 8859
541 8859
542 8859
543 8859
544 8860
545 8860
546 8861
547 8861
548 8861
549 8861
550 8862
551 8862
552 8863
553 8863
554 8863
555 8864
556 8865
557 8865
558 8865
559 8866
560 8867
561 8867
562 8867
563 8868
564 8869
565 8869
566 8870
567 8870
568 8871
569 8872
570 8873
571 8873
572 8874
573 8874
574 8875
575 8876
576 8877
577 8877
578 8877
579 8878
580 8879
581 8879
582 8879
583 8879
584 8880
585 8880
586 8881
587 8881
588 8881
589 8881
590 8882
591 8882
592 8882
593 8882
594 8883
595 8883
596 8883
597 8884
598 8885
599 8885
600 8885
601 8885
602 8886
603 8886
604 8887
605 8887
606 8887
607 8887
608 8888
609 8888
610 8889
611 8889
612 8889
613 8890
614 8891
615 8891
616 8891
617 8891
618 8892
619 8892
620 8893
621 8893
622 8893
623 8893
624 8894
625 8894
626 8894
627 8894
628 8895
629 8895
630 8895
631 8895
632 8896
633 8896
634 8897
635 8897
636 8897
637 8897
638 8898
639 8898
640 8898
641 8898
642 8899
643 8899
644 8899
645 8899
646 8900
647 8900
648 8901
649 8901
650 8901
651 8901
652 8902
653 8902
654 8902
655 8902
656 8902
657 8902
658 8902
659 8902
660 8902
661 8902
662 8903
663 8903
664 8903
665 8903
666 8904
667 8904
668 8904
669 8904
670 8904
671 8904
672 8905
673 8905
674 8905
675 8905
676 8906
677 8906
678 8906
679 8906
680 8907
681 8907
682 8907
683 8907
684 8908
685 8908
686 8908
687 8908
688 8908
689 8908
690 8908
691 8908
692 8909
693 8909
694 8909
695 8910
696 8911
697 8911
698 8911
699 8911
700 8912
701 8912
702 8912
703 8912
704 8913
705 8913
706 8913
707 8913
708 8914
709 8914
710 8914
711 8914
712 8914
713 8914
714 8914
715 8914
716 8915
717 8915
718 8915
719 8915
720 8916
721 8916
722 8916
723 8916
724 8916
725 8916
726 8916
727 8916
728 8916
729 8916
730 8916
731 8916
732 8916
733 8916
734 8916
735 8916
736 8916
737 8916
738 8916
739 8916
740 8916
741 8916
742 8916
743 8916
744 8916
745 8916
746 8917
747 8917
748 8917
749 8917
750 8918
751 8918
752 8918
753 8918
754 8918
755 8918
756 8918
757 8918
758 8918
759 8918
760 8918
761 8918
762 8918
763 8918
764 8918
765 8918
766 8918
767 8918
768 8918
769 8918
770 8918
771 8918
772 8918
773 8918
774 8918
775 8918
776 8918
777 8918
778 8918
779 8918
780 8918
781 8918
782 8918
783 8918
784 8918
785 8918
786 8918
787 8918
788 8918
789 8918
790 8918
791 8918
792 8918
793 8918
794 8918
795 8918
796 8918
797 8918
798 8918
799 8918
800 8918
801 8918
802 8918
803 8918
804 8918
805 8918
806 8918
807 8918
808 8919
809 8919
810 8919
811 8919
812 8920
813 8920
814 8920
815 8920
816 8920
817 8920
818 8920
819 8920
820 8921
821 8921
822 8921
823 8921
824 8922
825 8922
826 8922
827 8922
828 8922
829 8922
830 8923
831 8923
832 8923
833 8923
834 8924
835 8924
836 8924
837 8924
838 8925
839 8925
840 8925
841 8925
842 8926
843 8926
844 8926
845 8926
846 8927
847 8927
848 8927
849 8927
850 8928
851 8928
852 8928
853 8928
854 8929
855 8929
856 8929
857 8929
858 8930
859 8930
860 8930
861 8930
862 8931
863 8931
864 8931
865 8932
866 8933
867 8933
868 8933
869 8933
870 8934
871 8934
872 8934
873 8934
874 8935
875 8935
876 8935
877 8935
878 8936
879 8936
880 8936
881 8936
882 8936
883 8936
884 8937
885 8937
886 8937
887 8937
888 8938
889 8938
890 8938
891 8938
892 8939
893 8939
894 8939
895 8939
896 8940
897 8940
898 8940
899 8940
900 8940
901 8940
902 8941
903 8941
904 8941
905 8941
906 8942
907 8942
908 8942
909 8942
910 8942
911 8942
912 8942
913 8942
914 8942
915 8942
916 8942
917 8942
918 8943
919 8943
920 8943
921 8943
922 8944
923 8944
924 8944
925 8944
926 8944
927 8944
928 8944
929 8944
930 8944
931 8944
932 8944
933 8944
934 8944
935 8944
936 8944
937 8944
938 8944
939 8944
940 8944
941 8944
942 8944
943 8944
944 8945
945 8945
946 8945
947 8945
948 8946
949 8946
950 8946
951 8946
952 8946
953 8946
954 8946
955 8946
956 8946
957 8946
958 8946
959 8946
960 8946
961 8946
962 8946
963 8946
964 8946
965 8946
966 8946
967 8946
968 8946
969 8946
970 8946
971 8946
972 8947
973 8947
974 8947
975 8947
976 8948
977 8948
978 8948
979 8948
980 8948
981 8948
982 8948
983 8948
984 8949
985 8949
986 8949
987 8949
988 8950
989 8950
990 8950
991 8950
992 8951
993 8951
994 8951
995 8951
996 8952
997 8952
998 8953
999 8953
1000 8953
1001 8953
1002 8954
1003 8954
1004 8954
1005 8954
1006 8955
1007 8955
1008 8955
1009 8955
1010 8956
1011 8956
1012 8957
1013 8957
1014 8957
1015 8957
1016 8958
1017 8958
1018 8959
1019 8959
1020 8959
1021 8959
1022 8960
1023 8960
1024 8961
1025 8961
1026 8961
1027 8961
1028 8962
1029 8962
1030 8963
1031 8963
1032 8963
1033 8963
1034 8964
1035 8964
1036 8965
1037 8965
1038 8965
1039 8965
1040 8966
1041 8966
1042 8967
1043 8967
1044 8967
1045 8967
1046 8968
1047 8968
1048 8969
1049 8969
1050 8969
1051 8970
1052 8971
1053 8971
1054 8971
1055 8972
1056 8973
1057 8973
1058 8973
1059 8974
1060 8975
1061 8975
1062 8975
1063 8976
1064 8977
1065 8977
1066 8977
1067 8977
1068 8978
1069 8978
1070 8979
1071 8979
1072 8979
1073 8980
1074 8981
1075 8981
1076 8982
1077 8982
1078 8983
1079 8984
1080 8985
1081 8985
1082 8985
1083 8986
1084 8987
1085 8987
1086 8987
1087 8988
1088 8989
1089 8989
1090 8989
1091 8990
1092 8991
1093 8991
1094 8991
1095 8991
1096 8992
1097 8992
1098 8993
1099 8993
1100 8993
1101 8993
1102 8994
1103 8994
1104 8994
1105 8994
1106 8995
1107 8995
1108 8995
1109 8995
1110 8996
1111 8996
1112 8997
1113 8997
1114 8997
1115 8998
1116 8999
1117 8999
1118 8999
1119 8999
1120 9000
1121 9000
1122 9001
1123 9001
1124 9001
1125 9001
1126 9002
1127 9002
1128 9003
1129 9003
1130 9003
1131 9003
1132 9004
1133 9004
1134 9005
1135 9005
1136 9005
1137 9006
1138 9007
1139 9007
1140 9007
1141 9007
1142 9008
1143 9008
1144 9009
1145 9009
1146 9009
1147 9009
1148 9010
1149 9010
1150 9010
1151 9010
1152 9011
1153 9011
1154 9011
1155 9011
1156 9012
1157 9012
1158 9012
1159 9012
1160 9013
1161 9013
1162 9013
1163 9013
1164 9014
1165 9014
1166 9014
1167 9014
1168 9014
1169 9014
1170 9014
1171 9014
1172 9014
1173 9014
1174 9015
1175 9015
1176 9015
1177 9015
1178 9016
1179 9016
1180 9016
1181 9016
1182 9016
1183 9016
1184 9016
1185 9016
1186 9016
1187 9016
1188 9016
1189 9016
1190 9016
1191 9016
1192 9016
1193 9016
1194 9016
1195 9016
1196 9016
1197 9016
1198 9016
1199 9016
1200 9016
1201 9016
1202 9016
1203 9016
1204 9016
1205 9016
1206 9016
1207 9016
1208 9016
1209 9016
1210 9016
1211 9016
1212 9015
1213 9015
1214 9015
1215 9015
1216 9014
1217 9014
1218 9014
1219 9014
1220 9014
1221 9014
1222 9014
1223 9014
1224 9014
1225 9014
1226 9014
1227 9014
1228 9014
1229 9014
1230 9014
1231 9014
1232 9014
1233 9014
1234 9014
1235 9014
1236 9014
1237 9014
1238 9014
1239 9014
1240 9014
1241 9014
1242 9014
1243 9014
1244 9014
1245 9014
1246 9014
1247 9014
1248 9014
1249 9014
1250 9014
1251 9014
1252 9013
1253 9013
1254 9013
1255 9013
1256 9012
1257 9012
1258 9012
1259 9012
1260 9012
1261 9012
1262 9012
1263 9012
1264 9012
1265 9012
1266 9012
1267 9012
1268 9012
1269 9012
1270 9012
1271 9012
1272 9012
1273 9012
1274 9012
1275 9012
1276 9011
1277 9011
1278 9011
1279 9011
1280 9010
1281 9010
1282 9010
1283 9010
1284 9010
1285 9010
1286 9010
1287 9010
1288 9010
1289 9010
1290 9010
1291 9010
1292 9010
1293 9010
1294 9010
1295 9010
1296 9010
1297 9010
1298 9010
1299 9010
1300 9010
1301 9010
1302 9010
1303 9010
1304 9010
1305 9010
1306 9010
1307 9010
1308 9010
1309 9010
1310 9010
1311 9010
1312 9010
1313 9010
1314 9010
1315 9010
1316 9010
1317 9010
1318 9010
1319 9010
1320 9011
1321 9011
1322 9011
1323 9011
1324 9012
1325 9012
1326 9012
1327 9012
1328 9012
1329 9012
1330 9012
1331 9012
1332 9012
1333 9012
1334 9012
1335 9012
1336 9013
1337 9013
1338 9013
1339 9013
1340 9014
1341 9014
1342 9015
1343 9015
1344 9015
1345 9015
1346 9016
1347 9016
1348 9016
1349 9016
1350 9016
1351 9016
1352 9017
1353 9017
1354 9017
1355 9017
1356 9018
1357 9018
1358 9018
1359 9018
1360 9018
1361 9018
1362 9019
1363 9019
1364 9019
1365 9019
1366 9020
1367 9020
1368 9020
1369 9020
1370 9020
1371 9020
1372 9020
1373 9020
1374 9021
1375 9021
1376 9021
1377 9021
1378 9022
1379 9022
1380 9022
1381 9022
1382 9022
1383 9022
1384 9022
1385 9022
1386 9022
1387 9022
1388 9022
1389 9022
1390 9022
1391 9022
1392 9022
1393 9022
1394 9022
1395 9022
1396 9022
1397 9022
1398 9022
1399 9022
1400 9022
1401 9022
1402 9022
1403 9022
1404 9022
1405 9022
1406 9022
1407 9022
1408 9022
1409 9022
1410 9022
1411 9022
1412 9022
1413 9022
1414 9023
1415 9023
1416 9023
1417 9023
1418 9024
1419 9024
1420 9025
1421 9025
1422 9025
1423 9025
1424 9026
1425 9026
1426 9026
1427 9026
1428 9026
1429 9026
1430 9026
1431 9026
1432 9026
1433 9026
1434 9026
1435 9026
1436 9027
1437 9027
1438 9027
1439 9027
1440 9028
1441 9028
1442 9028
1443 9028
1444 9029
1445 9029
1446 9029
1447 9029
1448 9030
1449 9030
1450 9030
1451 9030
1452 9030
1453 9030
1454 9031
1455 9031
1456 9031
1457 9031
1458 9032
1459 9032
1460 9032
1461 9032
1462 9032
1463 9032
1464 9033
1465 9033
1466 9033
1467 9033
1468 9034
1469 9034
1470 9034
1471 9034
1472 9034
1473 9034
1474 9034
1475 9034
1476 9035
1477 9035
1478 9035
1479 9035
1480 9036
1481 9036
1482 9036
1483 9036
1484 9036
1485 9036
1486 9036
1487 9036
1488 9036
1489 9036
1490 9036
1491 9036
1492 9036
1493 9036
1494 9036
1495 9036
1496 9036
1497 9036
1498 9037
1499 9037
1500 9037
1501 9037
1502 9038
1503 9038
1504 9038
1505 9038
1506 9038
1507 9038
1508 9038
1509 9038
1510 9038
1511 9038
1512 9038
1513 9038
1514 9039
1515 9039
1516 9039
1517 9039
1518 9040
1519 9040
1520 9040
1521 9040
1522 9040
1523 9040
1524 9040
1525 9040
1526 9040
1527 9040
1528 9040
1529 9040
1530 9040
1531 9040
1532 9040
1533 9040
1534 9040
1535 9040
1536 9040
1537 9040
1538 9040
1539 9040
1540 9040
1541 9040
1542 9040
1543 9040
1544 9040
1545 9040
1546 9040
1547 9040
1548 9040
1549 9040
1550 9040
1551 9040
1552 9040
1553 9040
1554 9040
1555 9040
1556 9040
1557 9040
1558 9040
1559 9040
1560 9040
1561 9040
1562 9040
1563 9040
1564 9040
1565 9040
1566 9040
1567 9040
1568 9040
1569 9040
1570 9040
1571 9040
1572 9040
1573 9040
1574 9041
1575 9041
1576 9041
1577 9041
1578 9042
1579 9042
1580 9042
1581 9042
1582 9042
1583 9042
1584 9042
1585 9042
1586 9042
1587 9042
1588 9042
1589 9042
1590 9043
1591 9043
1592 9043
1593 9043
1594 9044
1595 9044
1596 9044
1597 9044
1598 9044
1599 9044
1600 9044
1601 9044
1602 9044
1603 9044
1604 9044
1605 9044
1606 9044
1607 9044
1608 9044
1609 9044
1610 9044
1611 9044
1612 9044
1613 9044
1614 9044
1615 9044
1616 9044
1617 9044
1618 9044
1619 9044
1620 9044
1621 9044
1622 9044
1623 9044
1624 9044
1625 9044
1626 9044
1627 9044
1628 9044
1629 9044
1630 9044
1631 9044
1632 9044
1633 9044
1634 9044
1635 9044
1636 9044
1637 9044
1638 9043
1639 9043
1640 9043
1641 9043
1642 9042
1643 9042
1644 9042
1645 9042
1646 9042
1647 9042
1648 9042
1649 9042
1650 9042
1651 9042
1652 9042
1653 9042
1654 9042
1655 9042
1656 9042
1657 9042
1658 9042
1659 9042
1660 9043
1661 9043
1662 9043
1663 9043
1664 9044
1665 9044
1666 9044
1667 9044
1668 9044
1669 9044
1670 9044
1671 9044
1672 9044
1673 9044
1674 9044
1675 9044
1676 9044
1677 9044
1678 9044
1679 9044
1680 9044
1681 9044
1682 9044
1683 9044
1684 9044
1685 9044
1686 9044
1687 9044
1688 9045
1689 9045
1690 9045
1691 9045
1692 9046
1693 9046
1694 9046
1695 9046
1696 9046
1697 9046
1698 9046
1699 9046
1700 9046
1701 9046
1702 9046
1703 9046
1704 9046
1705 9046
1706 9046
1707 9046
1708 9046
1709 9046
1710 9046
1711 9046
1712 9046
1713 9046
1714 9046
1715 9046
1716 9046
1717 9046
1718 9046
1719 9046
1720 9046
1721 9046
1722 9046
1723 9046
1724 9046
1725 9046
1726 9047
1727 9047
1728 9047
1729 9047
1730 9048
1731 9048
1732 9048
1733 9048
1734 9048
1735 9048
1736 9048
1737 9048
1738 9048
1739 9048
1740 9048
1741 9048
1742 9048
1743 9048
1744 9048
1745 9048
1746 9048
1747 9048
1748 9048
1749 9048
1750 9048
1751 9048
1752 9048
1753 9048
1754 9049
1755 9049
1756 9049
1757 9049
1758 9050
1759 9050
1760 9050
1761 9050
1762 9050
1763 9050
1764 9050
1765 9050
1766 9050
1767 9050
1768 9050
1769 9050
1770 9050
1771 9050
1772 9050
1773 9050
1774 9050
1775 9050
1776 9050
1777 9050
1778 9050
1779 9050
1780 9050
1781 9050
1782 9050
1783 9050
1784 9051
1785 9051
1786 9051
1787 9051
1788 9052
1789 9052
1790 9052
1791 9052
1792 9052
1793 9052
1794 9052
1795 9052
1796 9053
1797 9053
1798 9053
1799 9053
1800 9054
1801 9054
1802 9055
1803 9055
1804 9055
1805 9055
1806 9056
1807 9056
1808 9056
1809 9056
1810 9057
1811 9057
1812 9057
1813 9057
1814 9058
1815 9058
1816 9058
1817 9058
1818 9058
1819 9058
1820 9058
1821 9058
1822 9058
1823 9058
1824 9058
1825 9058
1826 9058
1827 9058
1828 9058
1829 9058
1830 9058
1831 9058
1832 9058
1833 9058
1834 9058
1835 9058
1836 9058
1837 9058
1838 9058
1839 9058
1840 9058
1841 9058
1842 9058
1843 9058
1844 9058
1845 9058
1846 9058
1847 9058
1848 9058
1849 9058
1850 9058
1851 9058
1852 9058
1853 9058
1854 9058
1855 9058
1856 9058
1857 9058
1858 9058
1859 9058
1860 9058
1861 9058
1862 9058
1863 9058
1864 9058
1865 9058
1866 9058
1867 9058
1868 9058
1869 9058
1870 9058
1871 9058
1872 9058
1873 9058
1874 9058
1875 9058
1876 9058
1877 9058
1878 9058
1879 9058
1880 9058
1881 9058
1882 9058
1883 9058
1884 9058
1885 9058
1886 9058
1887 9058
1888 9058
1889 9058
1890 9058
1891 9058
1892 9058
1893 9058
1894 9058
1895 9058
1896 9058
1897 9058
1898 9058
1899 9058
1900 9058
1901 9058
1902 9058
1903 9058
1904 9058
1905 9058
1906 9058
1907 9058
1908 9058
1909 9058
1910 9058
1911 9058
1912 9058
1913 9058
1914 9058
1915 9058
1916 9059
1917 9059
1918 9059
1919 9059
1920 9060
1921 9060
1922 9060
1923 9060
1924 9060
1925 9060
1926 9060
1927 9060
1928 9060
1929 9060
1930 9060
1931 9060
1932 9060
1933 9060
1934 9060
1935 9060
1936 9060
1937 9060
1938 9060
1939 9060
1940 9061
1941 9061
1942 9061
1943 9061
1944 9062
1945 9062
1946 9063
1947 9063
1948 9063
1949 9063
1950 9064
1951 9064
1952 9064
1953 9064
1954 9064
1955 9064
1956 9064
1957 9064
1958 9064
1959 9064
1960 9064
1961 9064
1962 9064
1963 9064
1964 9064
1965 9064
1966 9064
1967 9064
1968 9065
1969 9065
1970 9065
1971 9065
1972 9066
1973 9066
1974 9066
1975 9066
1976 9066
1977 9066
1978 9066
1979 9066
1980 9066
1981 9066
1982 9067
1983 9067
1984 9067
1985 9067
1986 9068
1987 9068
1988 9068
1989 9068
1990 9068
1991 9068
1992 9068
1993 9068
1994 9068
1995 9068
1996 9069
1997 9069
1998 9069
1999 9069
2000 9070
2001 9070
2002 9070
2003 9070
2004 9070
2005 9070
2006 9071
2007 9071
2008 9071
2009 9071
2010 9072
2011 9072
2012 9072
2013 9072
2014 9072
2015 9072
2016 9072
2017 9072
2018 9072
2019 9072
2020 9072
2021 9072
2022 9072
2023 9072
2024 9072
2025 9072
2026 9073
2027 9073
2028 9073
2029 9073
2030 9074
2031 9074
2032 9074
2033 9074
2034 9074
2035 9074
2036 9075
2037 9075
2038 9075
2039 9075
2040 9076
2041 9076
2042 9076
2043 9076
2044 9076
2045 9076
2046 9076
2047 9076
2048 9076
2049 9076
2050 9076
2051 9076
2052 9076
2053 9076
2054 9076
2055 9076
2056 9076
2057 9076
2058 9075
2059 9075
2060 9075
2061 9075
2062 9074
2063 9073
2064 9073
2065 9073
2066 9072
2067 9072
2068 9071
2069 9071
2070 9071
2071 9071
2072 9070
2073 9069
2074 9069
2075 9069
2076 9068
2077 9067
2078 9067
2079 9067
2080 9066
2081 9065
2082 9064
2083 9064
2084 9063
2085 9063
2086 9062
2087 9061
2088 9060
2089 9059
2090 9059
2091 9058
2092 9057
2093 9057
2094 9056
2095 9055
2096 9054
2097 9053
2098 9053
2098 9052
2099 9051
2100 9051
2100 9050
2101 9049
2102 9049
2102 9048
2103 9047
2104 9047
2105 9046
2106 9045
2107 9045
2108 9044
2109 9043
2110 9043
2111 9043
2112 9042
2113 9041
2114 9041
2115 9041
2116 9040
2117 9039
2118 9039
2119 9039
2120 9038
2121 9037
2122 9037
2123 9037
2124 9036
2125 9035
2126 9035
2127 9035
2128 9034
2129 9033
2130 9033
2131 9033
2132 9032
2133 9031
2134 9031
2135 9031
2136 9030
2137 9029
2138 9029
2139 9029
2140 9028
2141 9027
2142 9027
2143 9027
2144 9026
2145 9025
2146 9025
2147 9025
2148 9024
2149 9024
2150 9023
2151 9023
2152 9023
2153 9023
2154 9022
2155 9021
2156 9021
2157 9021
2158 9020
2159 9019
2160 9019
2161 9019
2162 9018
2163 9017
2164 9017
2165 9017
2166 9016
2167 9015
2168 9015
2169 9015
2170 9014
2171 9014
2172 9014
2173 9014
2174 9013
2175 9013
2176 9013
2177 9013
2178 9012
2179 9012
2180 9012
2181 9012
2182 9012
2183 9012
2184 9011
2185 9011
2186 9011
2187 9011
2188 9010
2189 9009
2190 9009
2191 9009
2192 9008
2193 9008
2194 9008
2195 9008
2196 9008
2197 9008
2198 9008
2199 9008
2200 9008
2201 9008
2202 9008
2203 9008
2204 9008
2205 9008
2206 9007
2207 9007
2208 9007
2209 9007
2210 9006
2211 9006
2212 9005
2213 9005
2214 9005
2215 9005
2216 9004
2217 9004
2218 9004
2219 9004
2220 9003
2221 9003
2222 9003
2223 9003
2224 9002
2225 9002
2226 9001
2227 9001
2228 9001
2229 9001
2230 9000
2231 8999
2232 8999
2233 8999
2234 8998
2235 8997
2236 8997
2237 8997
2238 8996
2239 8995
2240 8995
2241 8995
2242 8994
2243 8993
2244 8993
2245 8993
2246 8992
2247 8991
2248 8991
2249 8991
2250 8990
2251 8990
2252 8989
2253 8989
2254 8989
2255 8989
2256 8988
2257 8988
2258 8988
2259 8988
2260 8988
2261 8988
2262 8988
2263 8988
2264 8988
2265 8988
2266 8988
2267 8988
2268 8988
2269 8988
2270 8988
2271 8988
2272 8988
2273 8988
2274 8988
2275 8988
2276 8988
2277 8988
2278 8989
2279 8989
2280 8989
2281 8989
2282 8990
2283 8990
2284 8990
2285 8990
2286 8990
2287 8990
2288 8990
2289 8990
2290 8991
2291 8991
2292 8991
2293 8991
2294 8992
2295 8992
2296 8992
2297 8992
2298 8992
2299 8992
2300 8992
2301 8992
2302 8993
2303 8993
2304 8993
2305 8993
2306 8994
2307 8994
2308 8994
2309 8994
2310 8994
2311 8994
2312 8994
2313 8994
2314 8994
2315 8994
2316 8995
2317 8995
2318 8995
2319 8995
2320 8996
2321 8996
2322 8996
2323 8996
2324 8996
2325 8996
2326 8996
2327 8996
2328 8996
2329 8996
2330 8996
2331 8996
2332 8996
2333 8996
2334 8996
2335 8996
2336 8996
2337 8996
2338 8996
2339 8996
2340 8996
2341 8996
2342 8996
2343 8996
2344 8996
2345 8996
2346 8996
2347 8996
2348 8996
2349 8996
2350 8996
2351 8996
2352 8996
2353 8996
2354 8996
2355 8996
2356 8996
2357 8996
2358 8996
2359 8996
2360 8996
2361 8996
2362 8996
2363 8996
2364 8996
2365 8996
2366 8996
2367 8996
2368 8996
2369 8996
2370 8995
2371 8995
2372 8995
2373 8995
2374 8994
2375 8994
2376 8993
2377 8993
2378 8993
2379 8993
2380 8992
2381 8992
2382 8991
2383 8991
2384 8991
2385 8991
2386 8990
2387 8989
2388 8989
2389 8989
2390 8988
2391 8988
2392 8987
2393 8987
2394 8987
2395 8987
2396 8986
2397 8985
2398 8985
2399 8985
2400 8984
2401 8984
2402 8983
2403 8983
2404 8983
2405 8983
2406 8982
2407 8982
2408 8981
2409 8981
2410 8981
2411 8981
2412 8980
2413 8980
2414 8979
2415 8979
2416 8979
2417 8979
2418 8978
2419 8977
2420 8977
2421 8977
2422 8976
2423 8975
2424 8975
2425 8975
2426 8974
2427 8973
2428 8973
2429 8973
2430 8972
2431 8972
2432 8971
2433 8971
2434 8971
2435 8971
2436 8970
2437 8969
2438 8969
2439 8969
2440 8968
2441 8967
2442 8967
2443 8967
2444 8966
2445 8965
2446 8965
2447 8965
2448 8964
2449 8963
2450 8962
2451 8962
2452 8961
2453 8961
2454 8960
2455 8959
2456 8958
2457 8957
2458 8957
2458 8956
2459 8955
2460 8955
2460 8954
2461 8953
2462 8953
2462 8952
2463 8951
2464 8951
2464 8950
2465 8949
2466 8949
2466 8948
2467 8947
2468 8947
2468 8946
2469 8945
2470 8945
2470 8944
2471 8943
2472 8943
2472 8942
2473 8941
2474 8941
2474 8940
2475 8939
2476 8939
2476 8938
2477 8937
2478 8936
2479 8935
2480 8934
2480 8933
2480 8932
2481 8931
2482 8930
2482 8929
2482 8928
2483 8927
2484 8926
2484 8925
2485 8924
2485 8923
2486 8922
2487 8921
2488 8920
2488 8919
2488 8918
2489 8917
2490 8916
2490 8915
2490 8914
2491 8913
2492 8912
2492 8911
2492 8910
2493 8909
2494 8908
2494 8907
2495 8906
2495 8905
2496 8904
2497 8903
2498 8902
2498 8901
2498 8900
2499 8899
2500 8898
2500 8897
2500 8896
2501 8895
2502 8894
2502 8893
2502 8892
2503 8891
2504 8890
2504 8889
2504 8888
2505 8887
2506 8886
2506 8885
2507 8884
2507 8883
2508 8882
2509 8881
2510 8880
2510 8879
2510 8878
2511 8877
2512 8876
2512 8875
2513 8874
2513 8873
2514 8872
2515 8871
2516 8870
2516 8869
2517 8868
2517 8867
2518 8866
2519 8865
2520 8864
2520 8863
2521 8862
2521 8861
2522 8860
2523 8859
2524 8858
2524 8857
2525 8856
2526 8855
2526 8854
2527 8853
2528 8853
2528 8852
2529 8851
2530 8850
2531 8849
2532 8848
2532 8847
2533 8846
2534 8845
2534 8844
2535 8843
2536 8842
2537 8841
2538 8840
2538 8839
2539 8838
2540 8837
2540 8836
2541 8835
2542 8834
2543 8833
2544 8832
2544 8831
2545 8830
2545 8829
2546 8828
2547 8827
2548 8826
2548 8825
2548 8824
2549 8823
2550 8822
2550 8821
2551 8820
2551 8819
2552 8818
2553 8817
2554 8816
2554 8815
2555 8814
2555 8813
2556 8812
2557 8811
2558 8810
2558 8809
2559 8808
2559 8807
2560 8806
2561 8805
2562 8804
2562 8803
2563 8802
2563 8801
2564 8800
2565 8799
2566 8798
2566 8797
2567 8796
2568 8795
2568 8794
2569 8793
2570 8793
2570 8792
2571 8791
2572 8791
2572 8790
2573 8789
2574 8788
2575 8787
2576 8786
2576 8785
2577 8784
2578 8783
2578 8782
2579 8781
2580 8781
2580 8780
2581 8779
2582 8779
2582 8778
2583 8777
2584 8776
2585 8775
2586 8774
2586 8773
2587 8772
2588 8771
2588 8770
2589 8769
2590 8769
2590 8768
2591 8767
2592 8767
2592 8766
2593 8765
2594 8765
2594 8764
2595 8763
2596 8763
2596 8762
2597 8761
2598 8761
2598 8760
2599 8759
2600 8759
2600 8758
2601 8757
2602 8757
2602 8756
2603 8755
2604 8755
2604 8754
2605 8753
2606 8753
2606 8752
2607 8751
2608 8751
2608 8750
2609 8749
2610 8749
2610 8748
2611 8747
2612 8747
2612 8746
2613 8745
2614 8745
2614 8744
2615 8743
2616 8743
2616 8742
2617 8741
2618 8741
2618 8740
2619 8739
2620 8739
2620 8738
2621 8737
2622 8737
2622 8736
2623 8735
2624 8735
2624 8734
2625 8733
2626 8733
2626 8732
2627 8731
2628 8731
2628 8730
2629 8729
2630 8729
2630 8728
2631 8727
2632 8726
2633 8725
2634 8724
2634 8723
2635 8722
2636 8721
2636 8720
2637 8719
2638 8719
2638 8718
2639 8717
2640 8717
2640 8716
2641 8715
2642 8714
2643 8713
2644 8712
2644 8711
2645 8710
2646 8709
2646 8708
2647 8707
2648 8706
2649 8705
2650 8704
2650 8703
2651 8702
2651 8701
2652 8700
2653 8699
2654 8698
2654 8697
2654 8696
2655 8695
2656 8694
2656 8693
2656 8692
2657 8691
2658 8690
2658 8689
2658 8688
2658 8687
2659 8686
2659 8685
2659 8684
2659 8683
2660 8682
2660 8681
2660 8680
2660 8679
2661 8678
2661 8677
2661 8676
2661 8675
2661 8674
2661 8673
2662 8672
2662 8671
2662 8670
2662 8669
2663 8668
2663 8667
2663 8666
2663 8665
2663 8664
2663 8663
2663 8662
2663 8661
2663 8660
2663 8659
2663 8658
2663 8657
2663 8656
2663 8655
2663 8654
2663 8653
2663 8652
2663 8651
2663 8650
2663 8649
2662 8648
2662 8647
2662 8646
2662 8645
2661 8644
2661 8643
2661 8642
2661 8641
2661 8640
2661 8639
2661 8638
2661 8637
2661 8636
2661 8635
2661 8634
2661 8633
2660 8632
2660 8631
2660 8630
2660 8629
2659 8628
2659 8627
2659 8626
2659 8625
2659 8624
2659 8623
2659 8622
2659 8621
2659 8620
2659 8619
2659 8618
2659 8617
2659 8616
2659 8615
2659 8614
2659 8613
2659 8612
2659 8611
2659 8610
2659 8609
2659 8608
2659 8607
2659 8606
2659 8605
2659 8604
2659 8603
2659 8602
2659 8601
2659 8600
2659 8599
2659 8598
2659 8597
2659 8596
2659 8595
2659 8594
2659 8593
2659 8592
2659 8591
2659 8590
2659 8589
2659 8588
2659 8587
2659 8586
2659 8585
2659 8584
2659 8583
2659 8582
2659 8581
2659 8580
2659 8579
2659 8578
2659 8577
2660 8576
2660 8575
2660 8574
2660 8573
2661 8572
2661 8571
2661 8570
2661 8569
2661 8568
2661 8567
2661 8566
2661 8565
2661 8564
2661 8563
2661 8562
2661 8561
2661 8560
2661 8559
2661 8558
2661 8557
2661 8556
2661 8555
2661 8554
2661 8553
2661 8552
2661 8551
2661 8550
2661 8549
2661 8548
2661 8547
2661 8546
2661 8545
2660 8544
2660 8543
2660 8542
2660 8541
2659 8540
2659 8539
2659 8538
2659 8537
2658 8536
2658 8535
2658 8534
2658 8533
2657 8532
2656 8531
2656 8530
2656 8529
2655 8528
2655 8527
2654 8526
2654 8525
2654 8524
2654 8523
2653 8522
2652 8521
2651 8520
2651 8519
2650 8518
2650 8517
2649 8516
2648 8515
2648 8514
2648 8513
2647 8512
2646 8511
2645 8510
2645 8509
2644 8508
2644 8507
2643 8506
2642 8505
2641 8504
2641 8503
2640 8502
2640 8501
2639 8500
2638 8499
2637 8498
2637 8497
2636 8496
2636 8495
2635 8494
2634 8493
2633 8492
2632 8491
2632 8490
2631 8489
2630 8488
2630 8487
2629 8486
2628 8485
2627 8484
2626 8483
2626 8482
2625 8482
2624 8481
2624 8480
2623 8479
2622 8478
2622 8477
2621 8476
2620 8475
2619 8474
2618 8473
2618 8472
2617 8472
2616 8471
2616 8470
2615 8470
2614 8469
2614 8468
2613 8468
2612 8467
2612 8466
2611 8466
2610 8465
2610 8464
2609 8464
2608 8463
2608 8462
2607 8461
2606 8460
2606 8459
2605 8458
2604 8457
2603 8456
2602 8455
2602 8454
2601 8454
2600 8453
2600 8452
2599 8452
2598 8451
2598 8450
2597 8449
2596 8448
2596 8447
2595 8446
2594 8445
2593 8444
2592 8443
2592 8442
2591 8442
2590 8441
2590 8440
2589 8440
2588 8439
2588 8438
2587 8437
2586 8436
2586 8435
2585 8434
2584 8433
2583 8432
2582 8431
2582 8430
2581 8430
2580 8429
2580 8428
2579 8428
2578 8427
2578 8426
2577 8426
2576 8425
2576 8424
2575 8424
2574 8423
2574 8422
2573 8422
2572 8421
2572 8420
2571 8420
2570 8419
2570 8418
2569 8418
2568 8417
2568 8416
2567 8416
2566 8415
2566 8414
2565 8414
2564 8413
2564 8412
2563 8412
2562 8411
2562 8410
2561 8410
2560 8409
2560 8408
2559 8408
2558 8407
2558 8406
2557 8406
2556 8405
2556 8404
2555 8403
2554 8402
2554 8401
2553 8400
2552 8399
2551 8398
2550 8397
2550 8396
2549 8396
2548 8395
2548 8394
2547 8394
2546 8393
2546 8392
2545 8392
2544 8391
2544 8390
2543 8389
2542 8388
2542 8387
2541 8386
2540 8385
2539 8384
2538 8383
2538 8382
2537 8381
2536 8380
2536 8379
2535 8378
2534 8377
2534 8376
2534 8375
2533 8374
2532 8373
2531 8372
2531 8371
2530 8370
2530 8369
2529 8368
2528 8367
2528 8366
2528 8365
2527 8364
2526 8363
2525 8362
2524 8361
2524 8360
2523 8359
2522 8358
2522 8357
2521 8356
2520 8355
2520 8354
2520 8353
2519 8352
2518 8351
2517 8350
2516 8349
2516 8348
2515 8348
2514 8347
2514 8346
2513 8346
2512 8345
2512 8344
2511 8344
2510 8343
2510 8342
2509 8342
2508 8341
2508 8340
2507 8340
2506 8339
2506 8338
2505 8337
2504 8336
2504 8335
2503 8334
2502 8333
2502 8332
2502 8331
2501 8330
2500 8329
2500 8328
2500 8327
2499 8326
2499 8325
2499 8324
2499 8323
2498 8322
2498 8321
2498 8320
2498 8319
2497 8318
2497 8317
2497 8316
2497 8315
2496 8314
2496 8313
2496 8312
2496 8311
2495 8310
2495 8309
2495 8308
2495 8307
2495 8306
2495 8305
2495 8304
2495 8303
2495 8302
2495 8301
2494 8300
2494 8299
2494 8298
2494 8297
2493 8296
2493 8295
2492 8294
2492 8293
2492 8292
2492 8291
2491 8290
2490 8289
2490 8288
2490 8287
2489 8286
2488 8285
2488 8284
2488 8283
2487 8282
2486 8281
2486 8280
2486 8279
2485 8278
2484 8277
2483 8276
2483 8275
2482 8274
2482 8273
2481 8272
2480 8271
2479 8270
2478 8269
2478 8268
2477 8267
2476 8266
2476 8265
2475 8264
2474 8263
2473 8262
2473 8261
2472 8260
2472 8259
2471 8258
2470 8257
2469 8256
2468 8255
2468 8254
2467 8254
2466 8253
2466 8252
2465 8252
2464 8251
2464 8250
2463 8250
2462 8249
2462 8248
2461 8248
2460 8247
2460 8246
2459 8246
2458 8245
2457 8244
2456 8243
2455 8242
2454 8242
2453 8241
2452 8240
2451 8240
2450 8239
2449 8238
2448 8237
2447 8236
2446 8236
2445 8235
2444 8235
2443 8234
2442 8233
2441 8232
2440 8232
2439 8232
2438 8231
2437 8230
2436 8230
2435 8230
2434 8229
2433 8228
2432 8228
2431 8228
2430 8227
2429 8226
2428 8226
2427 8226
2426 8225
2425 8224
2424 8224
2423 8224
2422 8224
2421 8223
2420 8223
2419 8222
2418 8222
2417 8221
2416 8221
2415 8220
2414 8219
2413 8218
2412 8218
2411 8218
2410 8217
2409 8216
2408 8216
2407 8216
2406 8215
2405 8214
2404 8214
2403 8214
2402 8213
2401 8212
2400 8212
2399 8212
2398 8212
2397 8211
2396 8211
2395 8210
2394 8210
2393 8210
2392 8210
2391 8209
2390 8209
2389 8208
2388 8208
2387 8208
2386 8208
2385 8207
2384 8207
2383 8207
2382 8207
2381 8206
2380 8206
2379 8206
2378 8206
2377 8205
2376 8205
2375 8204
2374 8204
2373 8204
2372 8203
2371 8202
2370 8202
2369 8202
2368 8201
2367 8200
2366 8200
2365 8200
2364 8199
2363 8198
2362 8198
2361 8198
2360 8197
2359 8196
2358 8196
2357 8196
2356 8195
2355 8194
2354 8194
2353 8194
2352 8193
2351 8192
2350 8192
2349 8191
2348 8191
2347 8190
2346 8190
2345 8189
2344 8189
2343 8188
2342 8188
2341 8188
2340 8187
2339 8186
2338 8186
2337 8186
2336 8185
2335 8184
2334 8184
2333 8184
2332 8184
2331 8183
2330 8183
2329 8182
2328 8182
2327 8182
2326 8182
2325 8181
2324 8181
2323 8181
2322 8181
2321 8181
2320 8181
2319 8181
2318 8181
2317 8181
2316 8181
2315 8181
2314 8181
2313 8180
2312 8180
2311 8180
2310 8180
2309 8179
2308 8179
2307 8179
2306 8179
2305 8179
2304 8179
2303 8179
2302 8179
2301 8179
2300 8179
2299 8179
2298 8179
2297 8178
2296 8178
2295 8178
2294 8178
2293 8177
2292 8177
2291 8177
2290 8177
2289 8177
2288 8177
2287 8176
2286 8176
2285 8176
2284 8176
2283 8175
2282 8175
2281 8174
2280 8174
2279 8174
2278 8174
2277 8173
2276 8173
2275 8173
2274 8173
2273 8173
2272 8173
2271 8172
2270 8172
2269 8172
2268 8172
2267 8171
2266 8171
2265 8170
2264 8170
2263 8170
2262 8169
2261 8168
2260 8168
2259 8168
2258 8168
2257 8167
2256 8167
2255 8166
2254 8166
2253 8166
2252 8166
2251 8165
2250 8165
2249 8164
2248 8164
2247 8164
2246 8164
2245 8163
2244 8163
2243 8163
2242 8163
2241 8163
2240 8163
2239 8162
2238 8162
2237 8162
2236 8161
2235 8160
2234 8160
2233 8160
2232 8160
2231 8159
2230 8159
2229 8159
2228 8159
2227 8159
2226 8159
2225 8159
2224 8159
2223 8158
2222 8158
2221 8158
2220 8157
2219 8156
2218 8156
2217 8156
2216 8156
2215 8155
2214 8155
2213 8154
2212 8154
2211 8154
2210 8153
2209 8152
2208 8152
2207 8152
2206 8152
2205 8151
2204 8151
2203 8150
2202 8150
2201 8150
2200 8150
2199 8149
2198 8149
2197 8148
2196 8148
2195 8148
2194 8147
2193 8146
2192 8146
2191 8146
2190 8145
2189 8144
2188 8144
2187 8144
2186 8144
2185 8143
2184 8143
2183 8142
2182 8142
2181 8142
2180 8141
2179 8140
2178 8140
2177 8140
2176 8139
2175 8138
2174 8138
2173 8138
2172 8137
2171 8136
2170 8136
2169 8136
2168 8135
2167 8134
2166 8134
2165 8134
2164 8134
2163 8133
2162 8133
2161 8132
2160 8132
2159 8132
2158 8131
2157 8130
2156 8130
2155 8130
2154 8130
2153 8129
2152 8129
2151 8128
2150 8128
2149 8128
2148 8127
2147 8126
2146 8126
2145 8126
2144 8126
2143 8125
2142 8125
2141 8124
2140 8124
2139 8124
2138 8124
2137 8123
2136 8123
2135 8123
2134 8123
2133 8123
2132 8123
2131 8122
2130 8122
2129 8122
2128 8122
2127 8121
2126 8121
2125 8120
2124 8120
2123 8120
2122 8120
2121 8119
2120 8119
2119 8119
2118 8119
2117 8119
2116 8119
2115 8118
2114 8118
2113 8118
2112 8118
2111 8117
2110 8117
2109 8117
2108 8117
2107 8116
2106 8116
2105 8116
2104 8116
2103 8115
2102 8115
2101 8115
2100 8115
2099 8114
2098 8114
2097 8114
2096 8114
2095 8113
2094 8113
2093 8112
2092 8112
2091 8112
2090 8112
2089 8111
2088 8111
2087 8111
2086 8111
2085 8111
2084 8111
2083 8111
2082 8111
2081 8110
2080 8110
2079 8110
2078 8110
2077 8109
2076 8109
2075 8109
2074 8109
2073 8109
2072 8109
2071 8108
2070 8108
2069 8108
2068 8108
2067 8107
2066 8107
2065 8107
2064 8107
2063 8107
2062 8107
2061 8107
2060 8107
2059 8106
2058 8106
2057 8106
2056 8106
2055 8105
2054 8105
2053 8105
2052 8105
2051 8105
2050 8105
2049 8105
2048 8105
2047 8104
2046 8104
2045 8104
2044 8104
2043 8103
2042 8103
2041 8103
2040 8103
2039 8102
2038 8102
2037 8102
2036 8102
2035 8101
2034 8101
2033 8101
2032 8101
2031 8101
2030 8101
2029 8101
2028 8101
2027 8101
2026 8101
2025 8101
2024 8101
2023 8101
2022 8101
2021 8101
2020 8101
2019 8101
2018 8101
2017 8101
2016 8101
2015 8101
2014 8101
2013 8100
2012 8100
2011 8100
2010 8100
2009 8099
2008 8099
2007 8099
2006 8099
2005 8099
2004 8099
2003 8099
2002 8099
2001 8099
2000 8099
1999 8099
1998 8099
1997 8099
1996 8099
1995 8099
1994 8099
1993 8099
1992 8099
1991 8099
1990 8099
1989 8099
1988 8099
1987 8099
1986 8099
1985 8099
1984 8099
1983 8099
1982 8099
1981 8099
1980 8099
1979 8099
1978 8099
1977 8099
1976 8099
1975 8099
1974 8099
1973 8100
1972 8100
1971 8100
1970 8100
1969 8101
1968 8101
1967 8101
1966 8101
1965 8101
1964 8101
1963 8101
1962 8101
1961 8101
1960 8101
1959 8101
1958 8101
1957 8101
1956 8101
1955 8101
1954 8101
1953 8101
1952 8101
1951 8101
1950 8101
1949 8101
1948 8101
1947 8101
1946 8101
1945 8101
1944 8101
1943 8101
1942 8101
1941 8101
1940 8101
1939 8101
1938 8101
1937 8101
1936 8101
1935 8102
1934 8102
1933 8102
1932 8102
1931 8103
1930 8103
1929 8103
1928 8103
1927 8103
1926 8103
1925 8103
1924 8103
1923 8103
1922 8103
1921 8103
1920 8103
1919 8103
1918 8103
1917 8103
1916 8103
1915 8103
1914 8103
1913 8103
1912 8103
1911 8103
1910 8103
1909 8103
1908 8103
1907 8103
1906 8103
1905 8103
1904 8103
1903 8102
1902 8102
1901 8102
1900 8102
1899 8101
1898 8101
1897 8101
1896 8101
1895 8101
1894 8101
1893 8101
1892 8101
1891 8100
1890 8100
1889 8100
1888 8100
1887 8099
1886 8099
1885 8099
1884 8099
1883 8099
1882 8099
1881 8098
1880 8098
1879 8098
1878 8098
1877 8097
1876 8097
1875 8097
1874 8097
1873 8097
1872 8097
1871 8097
1870 8097
1869 8097
1868 8097
1867 8097
1866 8097
1865 8097
1864 8097
1863 8097
1862 8097
1861 8097
1860 8097
1859 8097
1858 8097
1857 8097
1856 8097
1855 8097
1854 8097
1853 8096
1852 8096
1851 8096
1850 8096
1849 8095
1848 8095
1847 8095
1846 8095
1845 8095
1844 8095
1843 8095
1842 8095
1841 8095
1840 8095
1839 8095
1838 8095
1837 8095
1836 8095
1835 8095
1834 8095
1833 8095
1832 8095
1831 8095
1830 8095
1829 8095
1828 8095
1827 8095
1826 8095
1825 8095
1824 8095
1823 8095
1822 8095
1821 8095
1820 8095
1819 8095
1818 8095
1817 8095
1816 8095
1815 8095
1814 8095
1813 8095
1812 8095
1811 8095
1810 8095
1809 8095
1808 8095
1807 8095
1806 8095
1805 8095
1804 8095
1803 8095
1802 8095
1801 8095
1800 8095
1799 8095
1798 8095
1797 8095
1796 8095
1795 8095
1794 8095
1793 8095
1792 8095
1791 8095
1790 8095
1789 8095
1788 8095
1787 8095
1786 8095
1785 8095
1784 8095
1783 8095
1782 8095
1781 8095
1780 8095
1779 8095
1778 8095
1777 8095
1776 8095
1775 8095
1774 8095
1773 8095
1772 8095
1771 8095
1770 8095
1769 8095
1768 8095
1767 8095
1766 8095
1765 8095
1764 8095
1763 8095
1762 8095
1761 8095
1760 8095
1759 8095
1758 8095
1757 8095
1756 8095
1755 8094
1754 8094
1753 8094
1752 8094
1751 8093
1750 8093
1749 8093
1748 8093
1747 8093
1746 8093
1745 8093
1744 8093
1743 8093
1742 8093
1741 8093
1740 8093
1739 8093
1738 8093
1737 8093
1736 8093
1735 8093
1734 8093
1733 8093
1732 8093
1731 8093
1730 8093
1729 8093
1728 8093
1727 8093
1726 8093
1725 8093
1724 8093
1723 8093
1722 8093
1721 8093
1720 8093
1719 8093
1718 8093
1717 8093
1716 8093
1715 8093
1714 8093
1713 8093
1712 8093
1711 8093
1710 8093
1709 8093
1708 8093
1707 8093
1706 8093
1705 8093
1704 8093
1703 8093
1702 8093
1701 8093
1700 8093
1699 8093
1698 8093
1697 8093
1696 8093
1695 8093
1694 8093
1693 8093
1692 8093
1691 8093
1690 8093
1689 8093
1688 8093
1687 8093
1686 8093
1685 8093
1684 8093
1683 8093
1682 8093
1681 8093
1680 8093
1679 8093
1678 8093
1677 8093
1676 8093
1675 8093
1674 8093
1673 8093
1672 8093
1671 8093
1670 8093
1669 8093
1668 8093
1667 8093
1666 8093
1665 8093
1664 8093
1663 8093
1662 8093
1661 8093
1660 8093
1659 8093
1658 8093
1657 8093
1656 8093
1655 8093
1654 8093
1653 8093
1652 8093
1651 8093
1650 8093
1649 8093
1648 8093
1647 8093
1646 8093
1645 8093
1644 8093
1643 8093
1642 8093
