436 794
435 795
434 796
433 797
433 798
432 799
431 800
430 801
429 802
428 803
427 804
426 805
425 805
424 805
423 806
422 807
421 807
420 807
419 808
418 808
418 809
417 810
416 811
416 812
415 813
415 814
415 815
414 816
414 817
414 818
414 819
414 820
413 821
413 822
412 823
412 824
411 825
411 826
410 827
410 828
409 829
408 830
408 831
407 832
407 833
406 834
406 835
406 836
406 837
406 838
406 839
406 840
406 841
406 842
406 843
406 844
406 845
406 846
405 847
405 848
405 849
405 850
405 851
405 852
405 853
405 854
405 855
405 856
406 857
406 858
406 859
407 860
407 861
407 862
408 863
409 864
410 865
411 866
412 866
413 867
414 868
415 869
416 869
417 870
418 871
419 872
420 873
421 874
422 875
423 875
424 876
425 877
426 878
426 879
426 880
426 881
425 882
425 883
425 884
425 885
426 886
426 887
426 888
426 889
426 890
426 891
426 892
426 893
426 894
427 895
427 896
427 897
428 898
428 899
429 900
429 901
429 902
429 903
430 904
431 905
432 906
432 907
433 908
433 909
433 910
434 911
434 912
435 913
435 914
435 915
435 916
436 917
436 918
437 919
437 920
437 921
437 922
437 923
437 924
437 925
437 926
438 927
438 928
439 929
440 930
440 931
441 932
442 933
443 934
444 935
444 936
445 935
446 935
447 935
448 935
449 934
450 934
451 933
452 932
453 932
454 931
455 931
456 931
457 930
458 929
459 929
460 929
461 929
462 929
463 929
464 930
465 930
466 930
467 930
468 929
469 929
470 929
471 929
472 928
473 928
474 928
475 928
476 928
477 928
478 928
479 927
480 927
481 927
482 926
483 926
484 926
485 926
486 926
487 926
488 926
489 926
490 926
491 925
492 925
493 924
494 924
495 923
496 923
497 922
498 922
499 921
500 920
501 920
502 919
503 919
504 919
505 919
506 918
507 918
508 918
509 918
510 917
511 917
512 916
513 916
514 915
515 915
516 914
517 914
518 913
519 913
520 913
521 912
522 912
523 912
524 912
525 912
526 911
527 911
528 911
529 910
530 909
530 908
531 907
531 906
531 905
531 904
531 903
531 902
531 901
531 900
531 899
531 898
531 897
531 896
531 895
530 894
530 893
530 892
529 891
529 890
529 889
529 888
529 887
529 886
530 885
530 884
530 883
531 882
531 881
532 880
533 879
533 878
533 877
533 876
533 875
533 874
532 873
532 872
532 871
532 870
532 869
532 868
532 867
531 866
531 865
531 864
531 863
531 862
531 861
530 860
530 859
530 858
530 857
530 856
531 855
531 854
531 853
531 852
531 851
530 850
530 849
529 848
528 847
528 846
527 845
527 844
526 843
526 842
525 841
525 840
524 839
524 838
523 837
522 836
521 835
520 834
519 833
518 832
517 831
516 830
515 830
514 829
513 828
512 828
511 827
511 826
510 825
509 824
508 823
507 822
506 821
505 820
504 820
503 819
502 818
501 818
500 817
499 817
498 817
497 817
496 817
495 816
494 816
493 816
492 816
491 816
490 817
489 817
488 818
487 818
486 818
485 818
484 819
483 819
482 819
481 820
480 820
479 820
478 820
477 820
476 820
475 819
474 819
473 819
472 818
471 818
470 818
469 818
468 818
467 817
467 816
467 815
467 814
466 813
465 812
464 811
463 810
462 809
461 808
460 808
459 807
458 807
457 807
456 806
455 806
454 806
453 805
452 805
451 805
450 804
449 804
448 803
447 803
446 802
445 801
445 800
444 799
443 798
442 797
441 796
440 795
439 794
438 794
437 794
436 794
