378 73
377 74
376 75
375 75
374 76
373 77
372 77
371 78
370 79
369 80
368 80
367 81
366 81
365 81
364 82
363 82
362 83
361 84
360 84
360 85
359 86
358 87
358 88
357 89
356 90
356 91
355 92
355 93
355 94
354 95
354 96
353 97
352 98
352 99
352 100
351 101
351 102
351 103
350 104
350 105
350 106
349 107
349 108
349 109
349 110
349 111
349 112
349 113
349 114
349 115
349 116
349 117
349 118
350 119
350 120
351 120
352 121
353 121
354 121
355 121
356 121
357 121
358 121
359 121
360 121
361 122
362 122
363 123
364 124
365 125
366 126
367 127
368 128
369 129
370 130
371 130
372 131
373 131
374 131
375 131
376 131
377 131
378 131
379 132
380 132
381 133
382 133
383 134
384 135
385 136
386 136
387 137
388 138
389 139
390 139
391 140
392 140
393 140
394 139
395 139
396 139
397 139
398 139
399 139
400 139
401 139
402 140
403 140
404 139
405 139
406 138
407 137
408 137
409 136
410 136
411 136
412 136
413 136
414 136
415 136
416 135
417 134
418 133
419 132
420 131
421 130
422 129
423 128
423 127
423 126
424 125
424 124
425 123
425 122
425 121
425 120
425 119
425 118
425 117
425 116
425 115
425 114
424 113
424 112
423 111
423 110
423 109
423 108
423 107
423 106
423 105
423 104
423 103
423 102
423 101
423 100
422 99
422 98
422 97
421 96
421 95
420 94
419 93
418 93
417 93
416 93
415 93
414 93
413 93
412 94
411 94
410 93
409 93
408 92
407 91
406 90
405 89
404 88
403 87
402 86
401 85
400 84
399 83
398 83
397 83
396 82
395 81
394 80
393 79
392 78
391 77
390 76
389 75
388 74
387 74
386 74
385 74
384 73
383 73
382 73
381 73
380 73
379 73
378 73
