720 382
719 383
718 383
717 384
716 384
715 385
714 386
713 387
712 387
711 388
710 388
709 389
708 390
707 390
706 391
705 392
704 392
703 393
702 394
701 395
700 396
699 397
698 397
697 398
696 398
695 399
694 400
693 401
692 402
691 403
690 404
690 405
690 406
689 407
689 408
689 409
689 410
689 411
689 412
689 413
689 414
689 415
689 416
690 417
690 418
690 419
691 420
691 421
691 422
691 423
692 424
693 425
694 425
695 425
696 425
697 425
698 426
699 426
700 427
701 427
702 428
703 428
704 428
705 428
706 429
707 429
708 429
709 429
710 429
711 429
712 429
713 429
714 429
715 429
716 429
717 429
718 429
719 429
720 430
721 430
722 430
723 430
724 430
725 431
726 431
727 432
728 433
729 434
730 435
731 435
732 436
733 436
734 437
735 437
736 438
737 438
738 439
739 440
740 441
741 442
742 442
743 443
744 443
745 444
746 445
747 445
748 445
749 445
750 445
751 445
752 445
753 445
754 445
755 445
756 445
757 445
758 445
759 445
760 445
761 445
762 445
763 445
764 445
765 445
766 445
767 445
768 445
769 445
770 445
771 445
772 445
773 445
774 445
775 445
776 445
777 445
778 445
779 445
780 445
781 445
782 445
783 445
784 445
785 445
786 445
787 444
788 444
789 444
790 444
791 443
792 443
793 443
794 443
795 442
796 442
797 441
798 441
799 441
800 440
801 440
802 440
803 439
804 439
805 438
806 438
807 438
808 438
809 438
810 437
811 437
812 437
813 436
814 436
815 436
816 436
817 435
818 435
819 435
819 434
820 433
821 432
821 431
821 430
820 429
820 428
820 427
820 426
819 425
819 424
818 423
818 422
818 421
817 420
817 419
816 418
816 417
815 416
815 415
814 414
814 413
814 412
813 411
813 410
812 409
812 408
812 407
812 406
811 405
810 404
810 403
810 402
810 401
810 400
809 399
809 398
808 397
808 396
808 395
807 394
807 393
806 392
805 391
805 390
804 390
803 389
802 389
801 389
800 389
799 388
798 388
797 387
796 387
795 387
794 387
793 386
792 386
791 386
790 386
789 386
788 386
787 387
786 387
785 387
784 387
783 387
782 388
781 388
780 388
779 389
778 389
777 389
776 389
775 389
774 390
773 390
772 390
771 390
770 390
769 390
768 390
767 391
766 391
765 391
764 392
763 392
762 392
761 392
760 392
759 392
758 391
757 391
756 391
755 390
754 390
753 390
752 390
751 390
750 390
749 389
748 389
747 388
746 388
745 388
744 388
743 388
742 388
741 388
740 388
739 387
738 387
737 387
736 386
735 386
734 386
733 385
732 385
731 385
730 384
729 384
728 383
727 383
726 382
725 382
724 382
723 382
722 382
721 382
720 382
