244 1964
243 1965
242 1965
241 1965
240 1965
239 1966
238 1966
237 1967
236 1967
235 1968
234 1968
233 1968
232 1968
231 1968
230 1968
229 1968
228 1968
227 1968
226 1968
225 1969
224 1969
223 1969
222 1969
221 1969
220 1969
219 1969
218 1969
217 1969
216 1969
215 1969
214 1969
213 1969
212 1969
211 1969
210 1969
209 1969
208 1970
207 1971
206 1971
205 1971
204 1972
203 1972
202 1973
201 1973
200 1974
199 1975
198 1975
197 1976
196 1977
195 1977
194 1978
193 1979
192 1980
191 1981
190 1982
189 1983
188 1984
188 1985
187 1986
186 1987
185 1988
184 1989
183 1990
182 1991
181 1992
180 1993
179 1994
178 1995
177 1996
176 1997
175 1998
175 1999
175 2000
175 2001
175 2002
175 2003
175 2004
176 2005
176 2006
177 2007
178 2008
179 2009
180 2010
181 2010
182 2011
183 2011
184 2011
185 2011
186 2012
187 2012
188 2013
189 2013
190 2013
191 2014
192 2014
193 2014
194 2014
195 2014
196 2014
197 2013
198 2013
199 2012
200 2012
201 2011
202 2011
203 2010
204 2010
205 2010
206 2010
207 2009
208 2009
209 2008
210 2008
211 2008
212 2008
213 2008
214 2008
215 2008
216 2008
217 2008
218 2009
219 2009
220 2009
221 2009
222 2010
223 2010
224 2010
225 2009
226 2009
227 2009
228 2008
229 2008
230 2008
231 2008
232 2008
233 2008
234 2007
235 2007
236 2007
237 2006
238 2006
239 2006
240 2006
241 2006
242 2006
243 2006
244 2005
245 2005
246 2004
247 2004
248 2004
249 2004
250 2004
251 2004
252 2003
253 2003
254 2003
255 2003
256 2003
257 2003
258 2003
259 2003
260 2003
261 2003
262 2003
263 2003
264 2003
265 2003
266 2003
267 2003
268 2003
269 2003
270 2003
271 2003
272 2003
273 2003
274 2003
275 2003
276 2003
277 2003
278 2003
279 2003
280 2003
281 2003
282 2002
283 2002
284 2001
285 2001
286 2000
287 2000
288 2000
289 2000
290 2000
291 2000
292 2000
293 2001
294 2001
295 2001
296 2001
297 2001
298 2001
299 2001
300 2000
301 1999
302 1998
302 1997
303 1996
303 1995
303 1994
304 1993
304 1992
304 1991
304 1990
304 1989
303 1988
303 1987
302 1986
301 1985
300 1984
299 1984
298 1983
297 1982
296 1982
295 1981
294 1981
293 1980
292 1980
291 1980
290 1980
289 1980
288 1979
287 1978
286 1978
285 1978
284 1978
283 1978
282 1977
281 1977
280 1976
279 1976
278 1975
277 1974
276 1973
275 1972
274 1971
273 1970
272 1970
271 1969
270 1969
269 1968
268 1968
267 1967
266 1967
265 1966
264 1966
263 1965
262 1965
261 1964
260 1964
259 1964
258 1964
257 1964
256 1964
255 1964
254 1964
253 1964
252 1964
251 1964
250 1964
249 1964
248 1964
247 1964
246 1964
245 1964
244 1964
