464 694
463 695
462 695
461 695
460 696
459 697
458 697
457 698
456 699
455 699
454 700
453 700
452 701
451 701
450 702
449 703
448 704
447 705
446 706
445 707
444 708
443 709
443 710
443 711
442 712
442 713
442 714
442 715
442 716
442 717
441 718
441 719
441 720
441 721
440 722
440 723
440 724
440 725
440 726
440 727
440 728
440 729
440 730
440 731
440 732
440 733
440 734
440 735
440 736
439 737
439 738
439 739
439 740
439 741
439 742
440 743
441 744
442 745
443 746
444 747
445 747
446 748
447 749
448 750
449 750
450 750
451 750
452 750
453 750
454 750
455 750
456 750
457 750
458 750
459 750
460 750
461 750
462 750
463 751
464 751
465 751
466 751
467 751
468 751
469 750
470 750
471 750
472 750
473 750
474 750
475 750
476 750
477 750
478 750
479 750
480 749
481 749
482 749
483 750
484 750
485 750
486 749
487 749
488 749
489 749
490 749
491 749
492 749
493 748
494 747
495 747
496 748
497 747
498 747
499 746
499 745
500 744
500 743
500 742
501 741
501 740
501 739
501 738
501 737
502 736
502 735
502 734
502 733
502 732
502 731
501 730
501 729
501 728
501 727
501 726
501 725
501 724
501 723
501 722
501 721
501 720
500 719
500 718
499 717
498 716
498 715
497 714
496 713
495 712
494 711
494 710
493 709
493 708
492 707
491 706
490 705
489 704
488 704
487 704
486 704
485 704
484 703
483 702
482 702
481 702
480 702
479 701
478 701
477 700
476 700
475 699
474 699
473 699
472 699
471 698
470 697
469 696
468 695
467 695
466 694
465 694
464 694
