231 778
230 779
229 779
228 779
227 780
226 780
225 780
224 780
223 780
222 780
221 781
220 781
219 781
218 782
217 782
216 782
215 783
214 783
213 784
212 785
211 786
210 787
209 788
208 789
207 790
206 790
205 791
204 792
203 792
202 793
201 794
200 794
199 795
198 796
198 797
197 798
197 799
197 800
196 801
196 802
195 803
195 804
195 805
195 806
195 807
194 808
194 809
194 810
194 811
194 812
194 813
194 814
194 815
194 816
194 817
194 818
194 819
194 820
193 821
194 822
194 823
194 824
194 825
195 826
195 827
195 828
195 829
196 830
196 831
196 832
196 833
197 834
198 835
199 836
200 836
201 836
202 837
203 837
204 837
205 837
206 838
207 838
208 839
209 840
210 841
211 842
212 843
213 843
214 844
215 844
216 844
217 844
218 844
219 844
220 844
221 844
222 845
223 845
224 846
225 846
226 847
227 848
228 849
229 849
230 849
231 849
232 849
233 849
234 849
235 849
236 849
237 849
238 849
239 849
240 849
241 849
242 849
243 849
244 848
245 848
246 848
247 848
248 848
249 848
250 848
251 848
252 849
253 849
254 850
255 850
256 851
257 851
258 851
259 852
260 852
261 852
262 852
263 852
264 852
265 852
266 852
267 852
268 852
269 852
270 852
271 852
272 852
273 852
274 852
275 852
276 852
277 852
278 852
279 852
280 852
281 852
282 852
283 852
284 852
285 852
286 852
287 851
288 851
289 850
290 850
291 849
292 849
293 848
294 847
295 846
296 845
297 844
298 843
299 842
300 841
300 840
301 839
301 838
302 837
302 836
302 835
302 834
302 833
303 832
303 831
304 830
304 829
304 828
304 827
304 826
304 825
304 824
304 823
304 822
303 821
303 820
303 819
302 818
302 817
301 816
301 815
300 814
300 813
300 812
299 811
299 810
299 809
299 808
299 807
299 806
299 805
299 804
298 803
298 802
298 801
298 800
298 799
297 798
296 797
295 796
295 795
294 794
293 794
292 793
291 792
290 791
289 790
288 790
287 789
286 789
285 788
284 788
283 788
282 788
281 788
280 787
279 787
278 786
277 786
276 786
275 786
274 785
273 785
272 785
271 784
270 784
269 784
268 783
267 783
266 783
265 783
264 783
263 783
262 783
261 783
260 783
259 783
258 783
257 782
256 782
255 782
254 782
253 782
252 782
251 782
250 782
249 782
248 782
247 782
246 782
245 781
244 781
243 781
242 781
241 781
240 781
239 780
238 780
237 779
236 779
235 779
234 778
233 778
232 778
231 778
