247 2119
246 2120
245 2120
244 2120
243 2121
242 2121
241 2122
240 2122
239 2123
238 2124
237 2124
236 2125
235 2126
234 2127
233 2127
232 2128
231 2128
230 2129
229 2129
228 2130
227 2130
226 2131
226 2132
225 2133
225 2134
225 2135
225 2136
225 2137
225 2138
225 2139
225 2140
225 2141
226 2142
226 2143
226 2144
227 2145
227 2146
228 2147
228 2148
229 2149
229 2150
230 2151
231 2152
232 2153
233 2154
234 2155
234 2156
235 2157
235 2158
236 2159
237 2160
238 2161
239 2162
240 2163
241 2164
241 2165
242 2166
242 2167
243 2168
244 2168
245 2169
246 2170
247 2170
248 2171
249 2172
250 2173
251 2174
252 2174
253 2175
254 2176
255 2177
256 2177
257 2178
258 2178
259 2179
260 2180
261 2180
262 2181
263 2182
264 2182
265 2182
266 2182
267 2182
268 2182
269 2182
270 2182
271 2182
272 2183
273 2183
274 2183
275 2184
276 2184
277 2184
278 2185
279 2185
280 2185
281 2185
282 2185
283 2185
284 2186
285 2186
286 2186
287 2186
288 2185
289 2185
290 2184
291 2184
292 2183
293 2182
294 2182
295 2181
296 2181
297 2181
298 2180
299 2180
300 2179
301 2178
302 2178
303 2178
304 2177
305 2177
306 2177
307 2176
308 2176
309 2176
310 2176
311 2176
312 2176
313 2176
314 2176
315 2176
316 2175
317 2174
318 2173
318 2172
319 2171
320 2170
320 2169
321 2168
322 2167
322 2166
323 2165
323 2164
324 2163
325 2162
325 2161
326 2160
326 2159
327 2158
328 2157
328 2156
329 2155
330 2154
330 2153
331 2152
331 2151
331 2150
331 2149
330 2148
330 2147
329 2146
329 2145
329 2144
328 2143
328 2142
328 2141
327 2140
327 2139
326 2138
325 2137
325 2136
324 2135
323 2134
323 2133
322 2132
321 2131
320 2131
319 2130
318 2129
317 2129
316 2128
315 2128
314 2128
313 2127
312 2127
311 2127
310 2126
309 2126
308 2126
307 2126
306 2126
305 2126
304 2125
303 2125
302 2125
301 2124
300 2124
299 2124
298 2124
297 2124
296 2123
295 2123
294 2123
293 2123
292 2122
291 2122
290 2122
289 2121
288 2121
287 2121
286 2121
285 2121
284 2121
283 2121
282 2121
281 2121
280 2121
279 2121
278 2121
277 2120
276 2120
275 2120
274 2120
273 2120
272 2120
271 2120
270 2120
269 2120
268 2120
267 2119
266 2119
265 2119
264 2119
263 2119
262 2119
261 2119
260 2119
259 2119
258 2119
257 2119
256 2119
255 2119
254 2119
253 2119
252 2119
251 2119
250 2119
249 2119
248 2119
247 2119
