753 2083
752 2084
751 2084
750 2084
749 2084
748 2084
747 2084
746 2085
745 2085
744 2085
743 2085
742 2085
741 2085
740 2085
739 2085
738 2085
737 2085
736 2085
735 2085
734 2085
733 2085
732 2085
731 2085
730 2085
729 2085
728 2084
727 2084
726 2084
725 2085
724 2085
723 2085
722 2085
721 2085
720 2085
719 2085
718 2085
717 2085
716 2085
715 2085
714 2085
713 2085
712 2085
711 2085
710 2085
709 2085
708 2085
707 2085
706 2085
705 2085
704 2085
703 2085
702 2086
701 2086
700 2087
699 2087
698 2088
697 2088
696 2088
695 2088
694 2088
693 2088
692 2089
691 2089
690 2090
689 2090
688 2091
687 2091
686 2092
685 2093
684 2093
683 2093
682 2093
681 2093
680 2093
679 2093
678 2093
677 2093
676 2094
675 2094
674 2095
673 2095
672 2095
671 2095
670 2095
669 2095
668 2095
667 2095
666 2095
665 2095
664 2095
663 2095
662 2095
661 2095
660 2095
659 2095
658 2095
657 2095
656 2095
655 2095
654 2095
653 2095
652 2095
651 2095
650 2095
649 2095
648 2095
647 2095
646 2095
645 2095
644 2095
643 2095
642 2095
641 2095
640 2095
639 2096
638 2096
637 2096
636 2097
635 2097
634 2097
633 2097
632 2097
631 2097
630 2097
629 2097
628 2097
627 2097
626 2097
625 2097
624 2097
623 2097
622 2097
621 2097
620 2097
619 2097
618 2098
617 2098
616 2098
615 2098
614 2098
613 2098
612 2098
611 2098
610 2098
609 2098
608 2098
607 2099
606 2099
605 2100
604 2101
603 2101
602 2102
601 2102
600 2103
599 2103
598 2104
597 2104
596 2104
595 2104
594 2104
593 2104
592 2103
591 2103
590 2102
589 2102
588 2102
587 2102
586 2102
585 2102
584 2103
583 2103
582 2104
581 2104
580 2105
579 2105
578 2105
577 2105
576 2105
575 2105
574 2106
573 2106
572 2107
571 2107
570 2108
569 2108
568 2108
567 2108
566 2109
565 2109
564 2109
563 2109
562 2109
561 2109
560 2109
559 2109
558 2109
557 2109
556 2110
555 2110
554 2111
553 2111
552 2112
551 2113
551 2114
550 2115
550 2116
549 2117
548 2118
548 2119
547 2120
546 2121
546 2122
546 2123
545 2124
545 2125
545 2126
544 2127
544 2128
544 2129
544 2130
544 2131
544 2132
544 2133
544 2134
544 2135
544 2136
544 2137
544 2138
544 2139
544 2140
544 2141
544 2142
544 2143
544 2144
544 2145
544 2146
544 2147
544 2148
545 2149
545 2150
545 2151
545 2152
546 2153
547 2153
548 2153
549 2154
550 2155
551 2156
552 2157
553 2158
554 2159
554 2160
554 2161
554 2162
554 2163
554 2164
555 2165
555 2166
556 2167
557 2168
558 2169
559 2170
560 2171
561 2172
562 2173
563 2174
564 2175
565 2176
566 2176
567 2176
568 2176
569 2177
570 2177
571 2178
572 2179
573 2180
574 2181
575 2182
576 2183
577 2184
578 2185
578 2186
579 2187
580 2188
581 2189
582 2190
583 2191
584 2192
585 2193
586 2194
587 2195
588 2196
589 2197
590 2198
591 2199
592 2200
593 2201
594 2201
595 2201
596 2201
597 2201
598 2202
599 2202
600 2203
601 2203
602 2204
603 2204
604 2205
605 2205
606 2206
607 2206
608 2206
609 2206
610 2206
611 2206
612 2206
613 2206
614 2206
615 2207
616 2207
617 2208
618 2208
619 2209
620 2210
621 2210
622 2211
623 2212
624 2212
625 2212
626 2212
627 2212
628 2212
629 2212
630 2213
631 2213
632 2214
633 2214
634 2215
635 2216
636 2217
637 2217
638 2217
639 2217
640 2216
641 2216
642 2216
643 2216
644 2216
645 2216
646 2216
647 2216
648 2216
649 2217
650 2218
651 2219
652 2220
653 2221
654 2221
655 2221
656 2221
657 2221
658 2221
659 2222
660 2223
661 2223
662 2223
663 2223
664 2223
665 2223
666 2224
667 2224
668 2224
669 2225
670 2225
671 2225
672 2226
673 2226
674 2227
675 2227
676 2227
677 2227
678 2227
679 2227
680 2228
681 2228
682 2228
683 2228
684 2228
685 2228
686 2228
687 2228
688 2228
689 2228
690 2228
691 2228
692 2228
693 2228
694 2228
695 2228
696 2228
697 2228
698 2228
699 2228
700 2228
701 2228
702 2228
703 2229
704 2229
705 2230
706 2231
707 2231
708 2231
709 2231
710 2231
711 2231
712 2231
713 2231
714 2231
715 2231
716 2231
717 2230
718 2229
719 2229
720 2228
721 2228
722 2228
723 2228
724 2228
725 2228
726 2228
727 2228
728 2228
729 2228
730 2228
731 2228
732 2228
733 2228
734 2228
735 2228
736 2228
737 2228
738 2228
739 2228
740 2227
741 2227
742 2227
743 2227
744 2227
745 2227
746 2227
747 2227
748 2228
749 2228
750 2228
751 2228
752 2228
753 2228
754 2228
755 2228
756 2227
757 2227
758 2227
759 2227
760 2227
761 2226
762 2226
763 2226
764 2226
765 2226
766 2226
767 2226
768 2226
769 2226
770 2226
771 2226
772 2226
773 2226
774 2226
775 2226
776 2226
777 2226
778 2226
779 2226
780 2226
781 2227
782 2228
783 2228
784 2228
785 2228
786 2228
787 2228
788 2227
789 2226
790 2226
791 2225
792 2224
793 2224
794 2224
795 2223
796 2223
797 2223
798 2222
799 2222
800 2221
801 2221
802 2221
803 2221
804 2221
805 2221
806 2221
807 2221
808 2221
809 2221
810 2221
811 2221
812 2221
813 2220
814 2220
815 2220
816 2220
817 2219
818 2219
819 2218
820 2217
821 2216
822 2216
823 2215
824 2214
825 2213
826 2212
827 2211
828 2210
829 2209
830 2208
831 2208
832 2207
833 2206
834 2205
835 2204
836 2204
837 2203
837 2202
838 2201
838 2200
838 2199
838 2198
838 2197
838 2196
839 2195
839 2194
840 2193
841 2192
841 2191
842 2190
842 2189
842 2188
842 2187
842 2186
843 2185
843 2184
843 2183
843 2182
844 2181
844 2180
844 2179
844 2178
844 2177
844 2176
844 2175
844 2174
844 2173
844 2172
844 2171
844 2170
844 2169
844 2168
844 2167
844 2166
844 2165
844 2164
844 2163
845 2162
845 2161
844 2160
844 2159
844 2158
844 2157
844 2156
844 2155
845 2154
845 2153
845 2152
846 2151
846 2150
846 2149
846 2148
846 2147
846 2146
846 2145
846 2144
846 2143
846 2142
846 2141
846 2140
845 2139
845 2138
845 2137
845 2136
844 2135
844 2134
844 2133
843 2132
843 2131
843 2130
843 2129
843 2128
843 2127
843 2126
843 2125
842 2124
842 2123
842 2122
842 2121
841 2120
841 2119
841 2118
840 2117
840 2116
839 2115
839 2114
839 2113
839 2112
838 2111
837 2110
837 2109
836 2108
836 2107
835 2107
834 2106
833 2106
832 2105
831 2105
830 2105
829 2105
828 2105
827 2105
826 2105
825 2105
824 2105
823 2105
822 2105
821 2105
820 2105
819 2104
818 2104
817 2104
816 2104
815 2103
814 2103
813 2102
812 2101
811 2100
810 2099
809 2099
808 2098
807 2097
806 2097
805 2096
804 2096
803 2095
802 2094
801 2093
800 2093
799 2093
798 2092
797 2092
796 2091
795 2091
794 2091
793 2090
792 2090
791 2090
790 2089
789 2089
788 2088
787 2087
786 2087
785 2087
784 2087
783 2087
782 2087
781 2087
780 2087
779 2086
778 2086
777 2086
776 2085
775 2085
774 2085
773 2085
772 2084
771 2083
770 2083
769 2083
768 2083
767 2083
766 2083
765 2083
764 2083
763 2083
762 2083
761 2083
760 2083
759 2083
758 2083
757 2083
756 2083
755 2083
754 2083
753 2083
