1377 622
1376 623
1375 623
1374 623
1373 623
1372 623
1371 623
1370 623
1369 623
1368 623
1367 623
1366 623
1365 623
1364 624
1363 624
1362 624
1361 625
1360 625
1359 625
1358 625
1357 625
1356 625
1355 625
1354 626
1353 626
1352 626
1351 626
1350 626
1349 627
1348 627
1347 627
1346 627
1345 628
1344 628
1343 628
1342 628
1341 629
1340 629
1339 629
1338 629
1337 629
1336 630
1335 631
1334 631
1333 631
1332 632
1331 632
1330 632
1329 633
1328 633
1327 633
1326 634
1325 634
1324 635
1323 636
1322 636
1321 636
1320 637
1319 637
1318 637
1317 637
1316 638
1315 639
1314 639
1313 640
1312 640
1311 641
1310 642
1309 642
1308 643
1307 644
1306 644
1305 645
1304 645
1303 646
1303 647
1303 648
1304 649
1305 649
1306 649
1307 649
1308 649
1309 650
1310 650
1311 651
1312 651
1313 651
1314 652
1315 652
1316 652
1317 653
1318 653
1319 653
1320 653
1321 653
1322 653
1323 654
1324 654
1325 655
1326 655
1327 655
1328 655
1329 655
1330 655
1331 656
1332 656
1333 656
1334 657
1335 657
1336 657
1337 656
1338 657
1339 657
1340 657
1341 658
1342 659
1343 659
1344 659
1345 659
1346 659
1347 659
1348 660
1349 660
1350 660
1351 660
1352 661
1353 661
1354 661
1355 662
1356 662
1357 662
1358 663
1359 663
1360 663
1361 663
1362 663
1363 664
1364 664
1365 664
1366 664
1367 664
1368 664
1369 664
1370 665
1371 665
1372 665
1373 666
1374 666
1375 666
1376 667
1377 667
1378 667
1379 667
1380 667
1381 667
1382 667
1383 667
1384 666
1385 666
1386 665
1387 665
1388 664
1389 664
1390 664
1391 664
1392 663
1393 662
1393 661
1394 660
1394 659
1395 658
1395 657
1395 656
1396 655
1396 654
1397 653
1398 652
1398 651
1398 650
1399 649
1398 648
1399 647
1399 646
1399 645
1399 644
1400 643
1400 642
1399 641
1399 640
1399 639
1399 638
1398 637
1399 636
1399 635
1399 634
1399 633
1398 632
1398 631
1397 630
1396 629
1395 628
1394 627
1393 626
1392 625
1391 624
1390 624
1389 624
1388 623
1387 623
1386 623
1385 622
1384 622
1383 622
1382 622
1381 622
1380 622
1379 622
1378 622
1377 622
