217 1521
216 1522
215 1522
214 1523
213 1524
212 1525
211 1526
211 1527
211 1528
210 1529
210 1530
210 1531
209 1532
209 1533
208 1534
208 1535
207 1536
207 1537
207 1538
207 1539
207 1540
206 1541
206 1542
205 1543
204 1544
203 1545
202 1545
201 1546
200 1547
199 1548
199 1549
198 1550
198 1551
197 1552
197 1553
196 1554
196 1555
195 1556
195 1557
195 1558
194 1559
194 1560
193 1561
193 1562
192 1563
191 1564
191 1565
191 1566
190 1567
190 1568
190 1569
189 1570
188 1571
188 1572
187 1573
187 1574
187 1575
187 1576
187 1577
188 1578
188 1579
188 1580
188 1581
188 1582
188 1583
187 1584
187 1585
187 1586
187 1587
187 1588
187 1589
186 1590
186 1591
185 1592
185 1593
184 1594
185 1595
185 1596
184 1597
184 1598
184 1599
183 1600
182 1601
182 1602
182 1603
182 1604
182 1605
182 1606
182 1607
182 1608
183 1609
183 1610
184 1611
184 1612
185 1613
185 1614
186 1615
187 1616
187 1617
187 1618
187 1619
186 1620
186 1621
186 1622
186 1623
186 1624
186 1625
186 1626
186 1627
186 1628
186 1629
186 1630
186 1631
185 1632
184 1633
183 1634
182 1635
181 1636
181 1637
181 1638
181 1639
181 1640
181 1641
181 1642
181 1643
181 1644
181 1645
181 1646
182 1647
183 1647
184 1648
185 1648
186 1648
187 1648
188 1648
189 1648
190 1648
191 1647
192 1647
193 1646
194 1646
195 1646
196 1645
197 1644
198 1643
199 1643
200 1642
201 1641
202 1641
203 1641
204 1640
205 1640
206 1639
207 1639
208 1638
209 1637
210 1637
211 1636
212 1635
213 1635
214 1634
215 1633
215 1632
216 1631
217 1630
218 1630
219 1629
220 1628
220 1627
221 1626
222 1625
223 1624
224 1623
224 1622
225 1621
225 1620
226 1619
227 1618
228 1617
229 1616
230 1615
230 1614
231 1613
231 1612
232 1611
233 1610
234 1609
235 1608
236 1607
237 1606
238 1605
238 1604
239 1603
240 1602
240 1601
241 1600
242 1599
243 1598
244 1598
245 1597
246 1597
247 1596
248 1596
249 1596
250 1596
251 1595
252 1595
253 1594
254 1594
255 1593
256 1593
257 1593
258 1592
259 1592
260 1592
261 1592
262 1591
263 1591
264 1591
265 1590
266 1590
267 1590
268 1590
269 1590
270 1590
271 1589
272 1589
273 1589
274 1588
275 1588
276 1587
277 1587
278 1587
279 1587
280 1587
281 1587
282 1587
283 1587
284 1587
285 1587
286 1587
287 1587
288 1587
289 1587
290 1587
291 1587
292 1587
293 1586
294 1586
295 1585
296 1584
297 1583
298 1582
299 1581
300 1580
301 1579
302 1578
303 1577
304 1576
305 1575
306 1574
307 1573
308 1572
309 1571
309 1570
310 1569
311 1568
311 1567
311 1566
311 1565
311 1564
311 1563
311 1562
311 1561
311 1560
311 1559
311 1558
311 1557
311 1556
311 1555
311 1554
310 1553
310 1552
310 1551
310 1550
309 1549
308 1548
307 1547
306 1546
305 1546
304 1545
303 1544
302 1544
301 1543
300 1543
299 1542
298 1542
297 1542
296 1543
295 1543
294 1544
293 1544
292 1545
291 1545
290 1546
289 1546
288 1546
287 1546
286 1546
285 1547
284 1547
283 1547
282 1547
281 1547
280 1547
279 1547
278 1547
277 1546
276 1546
275 1545
274 1545
273 1544
272 1544
271 1544
270 1544
269 1544
268 1544
267 1544
266 1544
265 1544
264 1544
263 1543
262 1543
261 1543
260 1542
259 1542
258 1542
257 1542
256 1542
255 1542
254 1542
253 1542
252 1541
251 1541
250 1540
249 1539
248 1539
247 1538
246 1538
245 1537
244 1536
243 1535
242 1534
241 1534
240 1533
239 1533
238 1532
237 1532
236 1532
235 1532
234 1531
233 1530
232 1530
231 1530
230 1529
229 1528
229 1527
229 1526
228 1526
227 1526
226 1525
225 1525
224 1524
223 1524
222 1523
221 1523
220 1522
219 1522
218 1522
217 1521
