927 790
926 791
925 792
924 792
923 793
922 793
921 793
920 794
919 794
918 795
917 796
916 797
915 798
914 799
913 799
912 800
911 800
910 800
909 800
908 800
907 800
906 800
905 800
904 800
903 800
902 800
901 800
900 801
899 801
898 801
897 802
896 802
895 803
894 803
893 803
892 804
891 804
890 804
889 804
888 805
887 805
886 805
885 806
884 806
883 806
882 806
881 807
880 807
879 807
878 807
877 807
876 807
875 807
874 807
873 807
872 807
871 808
870 808
869 809
868 809
867 809
866 810
865 810
864 810
863 811
862 811
861 811
860 812
859 813
858 813
857 814
856 814
855 815
855 816
854 817
854 818
853 819
852 820
851 821
850 822
850 823
849 824
848 825
848 826
847 827
846 828
845 829
845 830
844 831
843 832
843 833
843 834
842 835
841 836
841 837
841 838
841 839
842 840
843 841
844 842
845 842
846 843
847 844
848 844
849 844
850 844
851 845
852 845
853 845
854 846
855 846
856 846
857 846
858 846
859 846
860 847
861 847
862 847
863 847
864 848
865 848
866 848
867 849
868 849
869 850
870 850
871 850
872 851
873 851
874 851
875 852
876 852
877 852
878 853
879 854
880 854
881 854
882 855
883 855
884 856
885 856
886 857
887 857
888 857
889 857
890 858
891 858
892 858
893 858
894 858
895 858
896 858
897 858
898 858
899 859
900 859
901 859
902 859
903 859
904 859
905 859
906 859
907 859
908 859
909 859
910 859
911 859
912 859
913 858
914 858
915 858
916 858
917 858
918 858
919 858
920 858
921 858
922 858
923 858
924 859
925 859
926 859
927 859
928 859
929 859
930 859
931 859
932 859
933 859
934 859
935 859
936 859
937 858
938 857
939 857
940 856
941 856
942 856
943 855
944 855
945 855
946 854
947 854
948 854
949 854
950 854
951 854
952 855
953 855
954 855
955 856
956 856
957 856
958 857
959 857
960 858
961 859
962 859
963 860
964 861
965 862
966 863
967 864
967 865
968 866
969 867
970 868
970 869
971 870
971 871
972 872
972 873
973 874
973 875
973 876
974 877
974 878
975 879
976 880
977 881
978 881
979 881
980 882
981 882
982 882
983 882
984 882
985 882
986 882
987 881
988 881
989 881
990 880
991 880
992 880
993 880
994 879
995 879
996 878
997 877
998 877
999 876
1000 875
1001 874
1002 873
1003 872
1004 871
1005 871
1005 870
1006 869
1006 868
1006 867
1006 866
1006 865
1007 864
1008 863
1009 862
1009 861
1009 860
1009 859
1010 858
1010 857
1011 856
1012 855
1013 854
1014 853
1015 852
1016 851
1017 850
1018 849
1018 848
1018 847
1018 846
1018 845
1018 844
1018 843
1018 842
1018 841
1018 840
1018 839
1019 838
1019 837
1019 836
1019 835
1019 834
1019 833
1019 832
1019 831
1019 830
1019 829
1019 828
1018 827
1017 826
1017 825
1017 824
1017 823
1017 822
1017 821
1017 820
1017 819
1018 818
1018 817
1018 816
1018 815
1018 814
1018 813
1018 812
1018 811
1018 810
1018 809
1018 808
1018 807
1018 806
1018 805
1018 804
1018 803
1017 802
1017 801
1016 801
1015 800
1014 799
1013 798
1012 798
1011 797
1010 797
1009 796
1008 796
1007 795
1006 795
1005 795
1004 795
1003 795
1002 795
1001 795
1000 795
999 795
998 795
997 795
996 795
995 795
994 795
993 795
992 795
991 794
990 794
989 794
988 793
987 793
986 793
985 793
984 793
983 793
982 793
981 793
980 793
979 793
978 793
977 793
976 793
975 792
974 792
973 792
972 792
971 792
970 792
969 792
968 792
967 792
966 792
965 792
964 792
963 792
962 792
961 792
960 792
959 792
958 792
957 792
956 792
955 792
954 792
953 792
952 792
951 793
950 793
949 793
948 793
947 793
946 793
945 793
944 793
943 793
942 793
941 793
940 793
939 793
938 793
937 792
936 792
935 791
934 790
933 790
932 790
931 790
930 790
929 790
928 790
927 790
