251 581
250 582
249 582
248 582
247 582
246 583
245 583
244 584
243 584
242 584
241 584
240 584
239 584
238 584
237 585
236 586
235 586
234 587
233 587
232 587
231 588
230 588
229 588
228 588
227 588
226 588
225 587
224 588
223 588
222 589
221 589
220 590
219 590
218 591
217 591
216 591
215 592
214 592
213 593
212 593
211 594
210 595
209 595
208 596
207 597
207 598
207 599
207 600
206 601
206 602
206 603
206 604
206 605
206 606
206 607
205 608
205 609
205 610
204 611
205 612
205 613
206 614
207 615
208 616
209 617
210 617
211 618
212 618
213 618
214 618
215 618
216 618
217 618
218 618
219 618
220 618
221 618
222 618
223 618
224 618
225 618
226 618
227 618
228 618
229 618
230 618
231 618
232 618
233 618
234 618
235 618
236 618
237 618
238 618
239 618
240 618
241 618
242 618
243 618
244 618
245 618
246 618
247 618
248 618
249 618
250 618
251 618
252 618
253 618
254 618
255 618
256 618
257 618
258 619
259 619
260 619
261 619
262 619
263 619
264 619
265 619
266 619
267 619
268 619
269 619
270 619
271 619
272 619
273 619
274 619
275 619
276 619
277 619
278 619
279 619
280 619
281 619
282 619
283 618
284 618
285 618
286 618
287 618
288 618
289 618
290 618
291 618
292 618
293 618
294 618
295 617
296 617
297 617
298 616
299 615
300 614
301 613
302 613
302 612
303 611
303 610
303 609
304 608
304 607
304 606
304 605
304 604
305 603
305 602
305 601
305 600
305 599
305 598
305 597
304 596
304 595
303 594
302 593
301 592
300 592
299 591
298 591
297 590
296 590
295 589
294 588
293 588
292 587
291 588
290 588
289 588
288 588
287 588
286 588
285 588
284 588
283 588
282 588
281 588
280 588
279 588
278 588
277 587
276 587
275 587
274 586
273 586
272 586
271 586
270 586
269 586
268 586
267 586
266 586
265 586
264 586
263 586
262 586
261 585
260 585
259 585
258 584
257 584
256 583
255 582
254 582
253 582
252 582
251 581
