1594 1731
1593 1732
1592 1733
1591 1733
1590 1733
1589 1733
1588 1733
1587 1733
1586 1733
1585 1733
1584 1733
1583 1733
1582 1733
1581 1733
1580 1733
1579 1733
1578 1733
1577 1734
1576 1734
1575 1735
1574 1736
1573 1737
1572 1738
1572 1739
1571 1740
1570 1741
1570 1742
1569 1743
1568 1744
1567 1745
1567 1746
1567 1747
1566 1748
1565 1749
1564 1750
1563 1751
1562 1752
1561 1753
1560 1754
1559 1754
1558 1755
1557 1756
1556 1757
1556 1758
1556 1759
1555 1760
1555 1761
1554 1762
1554 1763
1553 1764
1553 1765
1552 1766
1551 1767
1551 1768
1550 1769
1549 1770
1548 1771
1547 1772
1546 1773
1545 1774
1545 1775
1544 1776
1543 1777
1542 1778
1541 1779
1540 1780
1539 1781
1538 1782
1537 1783
1536 1784
1535 1785
1534 1786
1533 1787
1532 1788
1532 1789
1531 1790
1531 1791
1531 1792
1532 1793
1532 1794
1533 1795
1533 1796
1534 1797
1535 1798
1536 1799
1537 1800
1538 1801
1539 1801
1540 1802
1541 1802
1542 1802
1543 1803
1544 1803
1545 1803
1546 1803
1547 1804
1548 1804
1549 1804
1550 1804
1551 1804
1552 1804
1553 1804
1554 1804
1555 1804
1556 1804
1557 1804
1558 1804
1559 1804
1560 1804
1561 1804
1562 1804
1563 1804
1564 1804
1565 1804
1566 1804
1567 1804
1568 1804
1569 1804
1570 1804
1571 1804
1572 1804
1573 1804
1574 1804
1575 1804
1576 1804
1577 1804
1578 1804
1579 1804
1580 1804
1581 1804
1582 1804
1583 1804
1584 1804
1585 1804
1586 1804
1587 1804
1588 1804
1589 1804
1590 1804
1591 1804
1592 1805
1593 1805
1594 1805
1595 1805
1596 1805
1597 1805
1598 1805
1599 1805
1600 1805
1601 1805
1602 1804
1603 1804
1604 1804
1605 1804
1606 1804
1607 1804
1608 1804
1609 1804
1610 1804
1611 1804
1612 1804
1613 1804
1614 1804
1615 1804
1616 1804
1617 1804
1618 1805
1619 1805
1620 1805
1621 1806
1622 1806
1623 1806
1624 1807
1625 1807
1626 1808
1627 1808
1628 1808
1629 1809
1630 1809
1631 1809
1632 1809
1633 1809
1634 1809
1635 1809
1636 1809
1637 1809
1638 1809
1639 1809
1640 1809
1641 1809
1642 1809
1643 1809
1644 1809
1645 1809
1646 1809
1647 1809
1648 1810
1649 1810
1650 1810
1651 1810
1652 1810
1653 1810
1654 1810
1655 1810
1656 1810
1657 1810
1658 1810
1659 1810
1660 1810
1661 1810
1662 1810
1663 1810
1664 1810
1665 1809
1666 1809
1667 1808
1668 1808
1669 1808
1670 1807
1671 1807
1672 1807
1673 1806
1674 1806
1675 1805
1676 1805
1677 1805
1678 1805
1679 1804
1680 1804
1681 1804
1682 1803
1683 1803
1684 1802
1685 1802
1686 1802
1687 1801
1688 1801
1689 1801
1690 1800
1691 1800
1692 1800
1693 1799
1694 1799
1695 1799
1696 1798
1697 1798
1698 1798
1699 1798
1700 1798
1701 1798
1702 1797
1703 1797
1704 1797
1705 1797
1706 1797
1707 1797
1708 1797
1709 1796
1710 1795
1711 1795
1712 1794
1713 1793
1714 1792
1714 1791
1714 1790
1714 1789
1715 1788
1715 1787
1715 1786
1715 1785
1715 1784
1715 1783
1715 1782
1715 1781
1715 1780
1715 1779
1715 1778
1715 1777
1715 1776
1715 1775
1715 1774
1715 1773
1715 1772
1715 1771
1715 1770
1714 1769
1714 1768
1713 1767
1712 1766
1711 1765
1710 1764
1709 1763
1708 1763
1707 1762
1706 1761
1705 1761
1704 1760
1703 1760
1702 1759
1701 1758
1700 1757
1699 1757
1698 1756
1697 1755
1696 1754
1695 1754
1694 1753
1693 1752
1692 1752
1691 1751
1690 1751
1689 1750
1688 1750
1687 1749
1686 1749
1685 1749
1684 1748
1683 1748
1682 1747
1681 1747
1680 1746
1679 1746
1678 1746
1677 1745
1676 1745
1675 1745
1674 1744
1673 1744
1672 1743
1671 1743
1670 1743
1669 1743
1668 1743
1667 1743
1666 1743
1665 1743
1664 1743
1663 1743
1662 1742
1661 1742
1660 1742
1659 1742
1658 1742
1657 1742
1656 1742
1655 1742
1654 1742
1653 1741
1652 1741
1651 1741
1650 1741
1649 1741
1648 1741
1647 1740
1646 1740
1645 1740
1644 1739
1643 1738
1642 1737
1641 1736
1640 1735
1639 1734
1638 1733
1637 1733
1636 1732
1635 1732
1634 1732
1633 1732
1632 1732
1631 1732
1630 1732
1629 1732
1628 1732
1627 1732
1626 1731
1625 1731
1624 1731
1623 1731
1622 1731
1621 1731
1620 1731
1619 1731
1618 1731
1617 1731
1616 1731
1615 1731
1614 1731
1613 1731
1612 1731
1611 1731
1610 1731
1609 1731
1608 1731
1607 1731
1606 1731
1605 1731
1604 1731
1603 1731
1602 1731
1601 1731
1600 1731
1599 1731
1598 1731
1597 1731
1596 1731
1595 1731
1594 1731
