177 1288
176 1289
175 1289
174 1289
173 1289
172 1289
171 1289
170 1289
169 1289
168 1289
167 1289
166 1289
165 1289
164 1289
163 1289
162 1289
161 1289
160 1290
159 1290
158 1290
157 1290
156 1290
155 1290
154 1290
153 1290
152 1290
151 1290
150 1290
149 1291
148 1291
147 1291
146 1292
145 1292
144 1292
143 1292
142 1292
141 1292
140 1292
139 1292
138 1292
137 1292
136 1292
135 1292
134 1292
133 1292
132 1292
131 1292
130 1292
129 1293
128 1293
127 1293
126 1293
125 1293
124 1293
123 1293
122 1294
121 1294
120 1294
119 1294
118 1294
117 1294
116 1295
115 1295
114 1295
113 1295
112 1296
111 1296
110 1296
109 1297
108 1297
107 1297
106 1298
105 1298
104 1299
103 1300
102 1300
101 1300
100 1301
99 1301
98 1302
97 1302
96 1303
95 1303
94 1304
93 1304
92 1305
91 1306
90 1306
89 1307
88 1308
87 1308
86 1309
85 1309
84 1310
83 1310
82 1311
81 1312
80 1313
79 1314
78 1315
78 1316
78 1317
78 1318
78 1319
78 1320
78 1321
78 1322
79 1323
79 1324
80 1325
81 1326
81 1327
82 1328
82 1329
83 1330
83 1331
83 1332
83 1333
84 1334
84 1335
84 1336
85 1337
86 1338
87 1338
88 1339
89 1339
90 1340
91 1340
92 1340
93 1341
94 1341
95 1342
96 1342
97 1343
98 1343
99 1344
100 1345
101 1346
102 1346
103 1346
104 1347
105 1347
106 1347
107 1348
108 1348
109 1348
110 1348
111 1348
112 1348
113 1349
114 1350
115 1350
116 1351
117 1351
118 1351
119 1352
120 1352
121 1352
122 1353
123 1353
124 1353
125 1353
126 1353
127 1353
128 1353
129 1354
130 1354
131 1354
132 1354
133 1354
134 1355
135 1355
136 1355
137 1355
138 1355
139 1355
140 1355
141 1354
142 1355
143 1355
144 1355
145 1354
146 1355
147 1355
148 1356
149 1356
150 1356
151 1356
152 1356
153 1356
154 1356
155 1356
156 1356
157 1356
158 1356
159 1356
160 1356
161 1356
162 1356
163 1356
164 1356
165 1356
166 1356
167 1357
168 1357
169 1357
170 1356
171 1356
172 1356
173 1356
174 1356
175 1356
176 1356
177 1356
178 1356
179 1356
180 1356
181 1356
182 1356
183 1356
184 1356
185 1356
186 1356
187 1356
188 1356
189 1356
190 1356
191 1356
192 1356
193 1356
194 1356
195 1356
196 1356
197 1356
198 1356
199 1356
200 1356
201 1356
202 1356
203 1356
204 1356
205 1356
206 1356
207 1356
208 1356
209 1356
210 1356
211 1356
212 1356
213 1356
214 1356
215 1356
216 1356
217 1356
218 1356
219 1355
220 1355
221 1355
222 1355
223 1355
224 1355
225 1355
226 1355
227 1355
228 1355
229 1355
230 1355
231 1355
232 1355
233 1355
234 1355
235 1355
236 1354
237 1354
238 1354
239 1354
240 1354
241 1354
242 1353
243 1353
244 1353
245 1353
246 1353
247 1353
248 1353
249 1353
250 1353
251 1353
252 1353
253 1353
254 1352
255 1352
256 1351
257 1350
258 1349
259 1348
260 1348
261 1347
262 1346
263 1346
264 1345
265 1344
265 1343
265 1342
266 1341
266 1340
267 1339
267 1338
267 1337
268 1336
268 1335
268 1334
268 1333
268 1332
269 1331
269 1330
269 1329
269 1328
269 1327
269 1326
269 1325
269 1324
269 1323
269 1322
269 1321
269 1320
269 1319
269 1318
269 1317
269 1316
269 1315
268 1314
268 1313
267 1312
267 1311
267 1310
266 1309
266 1308
265 1307
264 1306
264 1305
263 1304
263 1303
262 1302
262 1301
262 1300
261 1299
260 1298
259 1297
258 1296
257 1295
257 1294
256 1293
256 1292
256 1291
255 1290
254 1289
253 1288
252 1288
251 1288
250 1288
249 1288
248 1288
247 1288
246 1288
245 1289
244 1289
243 1289
242 1289
241 1289
240 1289
239 1289
238 1289
237 1289
236 1289
235 1289
234 1289
233 1289
232 1289
231 1289
230 1289
229 1289
228 1289
227 1289
226 1289
225 1289
224 1289
223 1289
222 1289
221 1289
220 1289
219 1289
218 1289
217 1289
216 1289
215 1289
214 1289
213 1289
212 1289
211 1289
210 1289
209 1289
208 1289
207 1289
206 1289
205 1289
204 1289
203 1288
202 1288
201 1288
200 1288
199 1288
198 1288
197 1288
196 1288
195 1288
194 1288
193 1288
192 1288
191 1288
190 1288
189 1288
188 1288
187 1288
186 1288
185 1288
184 1288
183 1288
182 1288
181 1288
180 1288
179 1288
178 1288
177 1288
