585 704
584 705
583 705
582 706
581 706
580 707
579 707
578 707
577 707
576 707
575 707
574 707
573 707
572 707
571 707
570 707
569 707
568 707
567 707
566 707
565 707
564 707
563 707
562 707
561 707
560 707
559 708
558 708
557 708
556 709
555 709
554 709
553 710
552 710
551 711
550 712
549 712
548 713
547 713
546 713
545 714
544 715
543 716
542 717
541 718
540 719
539 720
538 721
537 722
536 723
535 724
534 725
533 726
532 727
532 728
532 729
532 730
532 731
532 732
532 733
532 734
532 735
532 736
533 737
534 738
535 739
536 740
537 740
538 741
539 742
540 742
541 742
542 743
543 743
544 743
545 743
546 743
547 743
548 742
549 742
550 742
551 742
552 742
553 742
554 742
555 742
556 742
557 743
558 743
559 744
560 745
561 746
562 747
563 748
564 749
565 750
566 751
567 752
568 753
569 753
570 754
571 754
572 754
573 754
574 754
575 754
576 755
577 755
578 755
579 755
580 755
581 755
582 755
583 755
584 755
585 755
586 754
587 754
588 753
589 752
590 752
591 751
592 750
593 749
594 749
595 749
596 748
597 747
598 746
599 745
599 744
600 743
600 742
600 741
600 740
600 739
600 738
601 737
601 736
601 735
602 734
602 733
602 732
602 731
602 730
602 729
602 728
602 727
602 726
602 725
602 724
602 723
602 722
602 721
601 720
601 719
600 718
600 717
599 716
599 715
598 714
597 713
597 712
597 711
596 710
595 709
594 708
594 707
593 706
592 705
591 704
590 704
589 704
588 704
587 704
586 704
585 704
