1409 276
1408 277
1407 277
1406 277
1405 277
1404 277
1403 277
1402 277
1401 277
1400 277
1399 277
1398 277
1397 278
1396 278
1395 278
1394 278
1393 279
1392 279
1391 279
1390 280
1389 280
1388 280
1387 281
1386 281
1385 282
1384 282
1383 282
1382 282
1381 282
1380 282
1379 283
1378 283
1377 283
1376 283
1375 284
1374 284
1373 284
1372 284
1371 284
1370 284
1369 285
1368 285
1367 286
1366 286
1365 286
1364 287
1363 287
1362 288
1361 288
1360 288
1359 289
1358 289
1357 290
1356 290
1355 291
1354 292
1353 293
1352 294
1351 295
1350 295
1349 295
1348 295
1347 296
1346 296
1346 297
1346 298
1346 299
1347 299
1348 300
1349 300
1350 301
1351 301
1352 301
1353 301
1354 302
1355 302
1356 302
1357 302
1358 302
1359 302
1360 302
1361 302
1362 302
1363 303
1364 303
1365 303
1366 304
1367 304
1368 304
1369 305
1370 305
1371 305
1372 305
1373 306
1374 306
1375 307
1376 307
1377 307
1378 307
1379 308
1380 308
1381 308
1382 309
1383 309
1384 309
1385 309
1386 309
1387 310
1388 310
1389 310
1390 310
1391 310
1392 310
1393 310
1394 310
1395 310
1396 311
1397 311
1398 311
1399 311
1400 311
1401 311
1402 311
1403 312
1404 312
1405 312
1406 313
1407 313
1408 313
1409 313
1410 313
1411 313
1412 313
1413 313
1414 313
1415 313
1416 313
1417 313
1418 313
1419 313
1420 314
1421 314
1422 314
1423 314
1424 314
1425 314
1426 314
1427 314
1428 314
1429 314
1430 314
1431 314
1432 314
1433 314
1434 314
1435 314
1436 314
1437 314
1438 314
1439 315
1440 315
1441 315
1442 315
1443 315
1444 315
1445 315
1446 315
1447 315
1448 315
1449 315
1450 315
1451 315
1452 315
1453 315
1454 315
1455 315
1456 315
1457 315
1458 315
1459 315
1460 315
1461 314
1462 314
1463 314
1464 314
1465 314
1466 314
1467 314
1468 313
1469 313
1470 313
1471 313
1472 313
1473 313
1474 313
1475 313
1476 313
1477 313
1478 313
1479 312
1480 312
1481 312
1482 311
1483 311
1484 311
1485 311
1486 311
1487 311
1488 311
1489 310
1490 309
1490 308
1491 307
1491 306
1491 305
1492 304
1492 303
1492 302
1492 301
1492 300
1492 299
1491 298
1491 297
1490 296
1489 295
1488 294
1487 293
1486 292
1485 292
1484 291
1483 290
1482 290
1481 289
1480 289
1479 289
1478 289
1477 288
1476 287
1475 286
1474 286
1473 285
1472 285
1471 285
1470 285
1469 285
1468 284
1467 284
1466 283
1465 283
1464 282
1463 282
1462 282
1461 282
1460 282
1459 282
1458 282
1457 282
1456 282
1455 282
1454 282
1453 282
1452 281
1451 281
1450 281
1449 281
1448 280
1447 280
1446 280
1445 280
1444 280
1443 280
1442 280
1441 279
1440 279
1439 279
1438 278
1437 278
1436 278
1435 277
1434 276
1433 276
1432 276
1431 276
1430 276
1429 276
1428 276
1427 276
1426 276
1425 276
1424 276
1423 276
1422 276
1421 276
1420 276
1419 276
1418 276
1417 276
1416 276
1415 276
1414 276
1413 276
1412 276
1411 276
1410 276
1409 276
