430 792
429 793
428 793
427 793
426 794
425 794
424 794
423 794
422 794
421 794
420 794
419 794
418 794
417 794
416 794
415 795
414 796
413 796
412 796
411 797
410 797
409 797
408 798
407 798
406 798
405 798
404 799
403 799
402 799
401 800
400 800
399 800
398 800
397 800
396 801
395 801
394 802
393 802
392 803
391 803
390 803
389 804
388 804
387 804
386 805
385 805
384 806
383 807
382 807
381 808
380 808
379 808
378 809
377 809
376 810
375 810
374 810
373 810
372 811
371 812
370 813
369 813
368 813
367 813
366 814
365 814
364 814
363 815
362 815
361 815
360 816
359 816
358 816
357 816
356 816
355 817
354 817
353 817
352 818
351 818
350 818
349 819
348 819
347 820
346 821
345 822
344 823
343 824
342 825
342 826
343 827
343 828
343 829
344 830
344 831
345 832
346 833
347 834
348 835
349 836
350 837
350 838
351 839
352 839
353 840
354 841
355 842
356 843
357 844
358 844
359 845
360 845
361 846
362 846
363 847
364 848
365 848
366 849
367 849
368 849
369 850
370 850
371 851
372 852
373 853
374 853
375 854
376 854
377 855
378 855
379 855
380 856
381 857
382 857
383 857
384 858
385 858
386 859
387 859
388 860
389 860
390 860
391 861
392 861
393 861
394 862
395 863
396 864
397 864
398 864
399 864
400 864
401 865
402 865
403 865
404 866
405 867
406 867
407 868
408 869
409 869
410 870
411 870
412 871
413 871
414 872
415 873
416 874
417 874
418 875
419 876
420 876
421 877
422 877
423 877
424 878
425 878
426 878
427 879
428 879
429 879
430 879
431 879
432 879
433 879
434 880
435 880
436 880
437 881
438 881
439 881
440 881
441 881
442 880
443 880
444 880
445 879
446 879
447 879
448 879
449 879
450 879
451 879
452 878
453 878
454 878
455 878
456 877
457 877
458 877
459 877
460 877
461 876
462 876
463 875
464 874
465 873
466 872
467 871
468 870
469 869
470 869
471 868
472 868
473 867
474 866
475 866
476 865
477 864
478 863
479 862
479 861
480 860
481 859
481 858
481 857
482 856
482 855
482 854
482 853
482 852
482 851
483 850
483 849
484 848
485 847
486 846
486 845
486 844
486 843
486 842
487 841
487 840
487 839
487 838
487 837
487 836
487 835
487 834
487 833
487 832
487 831
487 830
487 829
487 828
487 827
487 826
487 825
486 824
486 823
486 822
486 821
485 820
484 819
483 818
482 817
482 816
481 815
481 814
480 813
479 812
479 811
478 810
477 809
476 808
475 807
474 806
473 805
472 804
471 803
470 803
469 802
468 801
467 800
466 799
465 798
464 798
463 797
462 797
461 796
460 796
459 796
458 796
457 795
456 795
455 794
454 794
453 794
452 793
451 793
450 793
449 792
448 792
447 792
446 792
445 792
444 792
443 792
442 792
441 792
440 792
439 792
438 792
437 792
436 792
435 792
434 792
433 792
432 792
431 792
430 792
