558 281
557 282
556 282
555 282
554 282
553 283
552 283
551 283
550 283
549 284
548 284
547 284
546 284
545 285
544 286
543 286
542 286
541 286
540 286
539 287
538 287
537 288
536 288
535 289
534 289
533 290
532 291
532 292
532 293
532 294
532 295
532 296
532 297
532 298
532 299
532 300
532 301
533 302
534 303
534 304
535 305
535 306
535 307
535 308
536 309
536 310
537 311
537 312
538 313
538 314
538 315
539 316
539 317
540 318
540 319
541 320
542 321
542 322
543 323
544 324
544 325
545 326
546 326
547 327
548 328
549 328
550 328
551 329
552 329
553 329
554 329
555 329
556 329
557 329
558 329
559 329
560 329
561 329
562 329
563 330
564 330
565 330
566 330
567 330
568 330
569 330
570 330
571 330
572 330
573 330
574 330
575 330
576 330
577 330
578 330
579 330
580 330
581 330
582 330
583 330
584 330
585 330
586 330
587 330
588 330
589 330
590 330
591 330
592 330
593 330
594 330
595 330
596 330
597 331
598 331
599 331
600 332
601 332
602 333
603 333
604 334
605 334
606 334
607 335
608 335
609 336
610 336
611 336
612 335
613 334
614 333
615 332
616 331
617 331
618 330
619 330
620 330
621 330
622 330
623 330
624 330
625 330
626 329
627 329
628 329
629 328
630 328
631 327
632 326
633 325
634 324
635 323
635 322
636 321
637 320
637 319
638 318
639 317
640 316
641 315
642 314
642 313
642 312
643 311
643 310
644 309
645 308
645 307
645 306
645 305
645 304
645 303
645 302
645 301
645 300
644 299
644 298
643 297
642 296
642 295
641 294
640 293
639 292
638 291
637 290
636 289
635 288
634 287
633 286
632 285
631 284
630 283
629 283
628 282
627 282
626 282
625 282
624 282
623 283
622 283
621 283
620 284
619 284
618 284
617 284
616 284
615 285
614 285
613 286
612 286
611 286
610 286
609 286
608 285
607 285
606 284
605 284
604 284
603 284
602 284
601 284
600 284
599 284
598 284
597 284
596 284
595 284
594 284
593 284
592 284
591 284
590 284
589 284
588 284
587 284
586 284
585 284
584 284
583 284
582 284
581 284
580 284
579 284
578 284
577 284
576 284
575 284
574 284
573 284
572 284
571 284
570 284
569 283
568 283
567 283
566 282
565 282
564 282
563 282
562 281
561 281
560 281
559 281
558 281
