760 1399
759 1400
758 1400
757 1401
756 1402
755 1402
754 1403
753 1404
752 1404
751 1404
750 1404
749 1404
748 1404
747 1405
746 1405
745 1405
744 1405
743 1405
742 1406
741 1406
740 1407
739 1407
738 1408
737 1409
736 1409
735 1410
734 1411
733 1412
732 1413
731 1414
730 1414
729 1415
728 1415
727 1416
726 1417
725 1418
724 1419
723 1420
722 1421
721 1422
720 1423
719 1424
718 1425
718 1426
718 1427
718 1428
718 1429
718 1430
718 1431
719 1432
720 1433
721 1434
722 1434
723 1435
724 1435
725 1436
726 1437
727 1438
728 1439
729 1440
730 1441
731 1441
732 1442
733 1443
734 1443
735 1444
736 1445
737 1446
738 1447
739 1447
740 1448
741 1448
742 1449
743 1449
744 1449
745 1450
746 1450
747 1451
748 1452
749 1452
750 1452
751 1452
752 1452
753 1453
754 1454
755 1454
756 1455
757 1455
758 1455
759 1455
760 1455
761 1455
762 1455
763 1455
764 1455
765 1455
766 1456
767 1456
768 1457
769 1457
770 1457
771 1457
772 1457
773 1457
774 1457
775 1457
776 1457
777 1457
778 1457
779 1457
780 1457
781 1457
782 1457
783 1457
784 1457
785 1457
786 1458
787 1458
788 1459
789 1460
790 1460
791 1461
792 1461
793 1461
794 1461
795 1461
796 1461
797 1461
798 1461
799 1461
800 1461
801 1461
802 1461
803 1461
804 1460
805 1459
806 1458
807 1457
808 1456
809 1456
810 1455
811 1454
812 1454
813 1453
814 1452
815 1451
816 1450
816 1449
817 1448
818 1447
818 1446
818 1445
819 1444
819 1443
819 1442
820 1441
820 1440
820 1439
820 1438
820 1437
820 1436
820 1435
820 1434
820 1433
820 1432
820 1431
820 1430
820 1429
820 1428
820 1427
819 1426
819 1425
818 1424
817 1423
817 1422
816 1421
815 1420
814 1419
813 1418
812 1418
811 1417
810 1417
809 1417
808 1416
807 1415
806 1415
805 1414
804 1413
803 1413
802 1413
801 1412
800 1412
799 1412
798 1411
797 1410
796 1410
795 1409
794 1409
793 1409
792 1409
791 1409
790 1409
789 1409
788 1408
787 1408
786 1407
785 1407
784 1406
783 1405
782 1405
781 1404
780 1404
779 1403
778 1403
777 1402
776 1402
775 1402
774 1401
773 1400
772 1400
771 1399
770 1399
769 1399
768 1399
767 1399
766 1399
765 1399
764 1399
763 1399
762 1399
761 1399
760 1399
