387 430
386 431
385 431
384 431
383 431
382 431
381 431
380 431
379 431
378 432
377 432
376 432
375 432
374 432
373 432
372 432
371 432
370 433
369 433
368 433
367 434
366 434
365 434
364 434
363 434
362 434
361 435
360 436
359 436
358 436
357 437
356 437
355 437
354 438
353 438
352 438
351 438
350 438
349 438
348 439
347 439
346 440
345 440
344 440
343 441
342 441
341 442
340 442
339 443
338 443
337 443
336 444
335 445
334 446
333 447
333 448
333 449
333 450
333 451
334 452
335 452
336 452
337 452
338 452
339 452
340 452
341 452
342 453
343 453
344 454
345 455
346 456
347 457
348 458
349 459
350 460
351 461
352 461
353 462
354 462
355 462
356 463
357 463
358 463
359 464
360 464
361 464
362 464
363 465
364 465
365 465
366 466
367 466
368 466
369 466
370 467
371 467
372 467
373 467
374 467
375 467
376 467
377 467
378 468
379 468
380 468
381 468
382 468
383 469
384 469
385 469
386 469
387 470
388 470
389 470
390 470
391 471
392 471
393 471
394 471
395 471
396 471
397 471
398 471
399 471
400 470
401 470
402 470
403 470
404 469
405 469
406 469
407 469
408 468
409 467
410 466
411 465
412 465
413 464
414 463
415 463
415 462
416 461
417 460
417 459
418 458
418 457
418 456
419 455
419 454
420 453
420 452
421 451
421 450
421 449
421 448
420 447
419 446
418 446
417 445
416 444
415 443
414 442
413 441
413 440
413 439
412 438
411 437
410 436
409 435
409 434
408 433
407 433
406 432
405 431
404 430
403 430
402 430
401 430
400 430
399 430
398 430
397 430
396 430
395 430
394 430
393 430
392 430
391 430
390 430
389 430
388 430
387 430
