620 337
619 338
618 338
617 338
616 338
615 338
614 338
613 338
612 338
611 338
610 338
609 338
608 339
607 339
606 340
605 341
604 342
603 343
602 344
601 345
600 346
599 347
599 348
599 349
599 350
598 351
598 352
597 353
597 354
597 355
596 356
596 357
596 358
596 359
596 360
596 361
596 362
596 363
596 364
596 365
595 366
594 367
594 368
594 369
594 370
594 371
594 372
594 373
594 374
594 375
594 376
594 377
595 378
596 379
597 380
597 381
598 382
598 383
599 384
599 385
600 386
601 387
601 388
602 389
602 390
603 391
603 392
603 393
604 394
604 395
604 396
604 397
604 398
604 399
605 400
605 401
606 402
606 403
607 404
607 405
607 406
607 407
608 408
608 409
608 410
608 411
609 412
609 413
609 414
609 415
609 416
610 417
611 418
611 419
611 420
611 421
611 422
612 423
612 424
612 425
612 426
613 427
613 428
614 429
615 430
616 431
617 432
618 432
619 432
620 432
621 432
622 432
623 432
624 432
625 432
626 432
627 431
628 431
629 431
630 430
631 430
632 430
633 430
634 430
635 430
636 429
637 428
638 428
639 427
640 427
641 427
642 426
643 426
644 426
645 425
646 425
647 425
648 424
649 424
650 424
651 424
652 423
653 423
654 423
655 422
656 422
657 422
658 421
659 421
660 421
661 420
662 420
663 419
664 418
665 418
666 417
667 416
668 415
669 414
670 413
671 412
672 411
673 410
674 409
674 408
675 407
676 406
676 405
677 404
677 403
677 402
677 401
677 400
677 399
677 398
677 397
677 396
677 395
677 394
677 393
677 392
677 391
677 390
677 389
677 388
677 387
677 386
677 385
677 384
676 383
676 382
675 381
675 380
674 379
674 378
673 377
673 376
673 375
673 374
672 373
671 372
670 371
669 370
668 369
667 368
666 367
665 366
664 365
663 364
662 364
661 363
660 363
659 362
658 361
657 361
656 360
655 360
654 359
653 359
652 358
651 358
650 357
649 357
648 356
647 356
646 355
645 355
644 354
643 354
642 353
641 353
640 352
639 352
638 351
637 351
636 351
635 350
634 350
633 350
632 349
631 348
630 347
629 346
628 345
628 344
628 343
627 342
627 341
626 340
626 339
625 338
624 338
623 337
622 337
621 337
620 337
