1404 3523
1403 3524
1402 3524
1401 3525
1400 3525
1399 3526
1398 3526
1397 3527
1396 3527
1395 3527
1394 3527
1393 3528
1392 3528
1391 3528
1390 3528
1389 3529
1388 3529
1387 3529
1386 3529
1385 3529
1384 3529
1383 3529
1382 3529
1381 3529
1380 3529
1379 3530
1378 3530
1377 3530
1376 3530
1375 3531
1374 3531
1373 3531
1372 3531
1371 3532
1370 3532
1369 3532
1368 3532
1367 3533
1366 3533
1365 3534
1364 3534
1363 3534
1362 3534
1361 3535
1360 3535
1359 3535
1358 3535
1357 3535
1356 3535
1355 3536
1354 3536
1353 3536
1352 3536
1351 3537
1350 3537
1349 3537
1348 3537
1347 3537
1346 3537
1345 3537
1344 3537
1343 3537
1342 3537
1341 3536
1340 3536
1339 3536
1338 3536
1337 3535
1336 3535
1335 3535
1334 3535
1333 3535
1332 3535
1331 3535
1330 3535
1329 3535
1328 3535
1327 3534
1326 3534
1325 3534
1324 3534
1323 3533
1322 3533
1321 3533
1320 3533
1319 3534
1318 3534
1317 3534
1316 3534
1315 3535
1314 3535
1313 3535
1312 3535
1311 3535
1310 3535
1309 3536
1308 3536
1307 3536
1306 3536
1305 3537
1304 3538
1303 3538
1302 3538
1301 3539
1300 3539
1299 3540
1298 3540
1297 3540
1296 3540
1295 3541
1294 3541
1293 3541
1292 3541
1291 3541
1290 3541
1289 3541
1288 3541
1287 3541
1286 3541
1285 3541
1284 3541
1283 3542
1282 3542
1281 3542
1280 3542
1279 3543
1278 3543
1277 3544
1276 3544
1275 3544
1274 3544
1273 3545
1272 3545
1271 3545
1270 3545
1269 3545
1268 3545
1267 3545
1266 3545
1265 3545
1264 3545
1263 3545
1262 3545
1261 3545
1260 3545
1259 3545
1258 3545
1257 3545
1256 3545
1255 3545
1254 3545
1253 3545
1252 3545
1251 3545
1250 3545
1249 3546
1248 3546
1247 3546
1246 3546
1245 3547
1244 3547
1243 3547
1242 3547
1241 3547
1240 3547
1239 3548
1238 3548
1237 3549
1236 3549
1235 3550
1234 3550
1233 3551
1232 3551
1231 3551
1230 3551
1229 3552
1228 3552
1227 3552
1226 3552
1225 3553
1224 3553
1223 3554
1222 3554
1221 3554
1220 3554
1219 3555
1218 3556
1217 3556
1216 3556
1215 3557
1214 3557
1213 3558
1212 3558
1211 3558
1210 3558
1209 3559
1208 3559
1207 3559
1206 3559
1205 3559
1204 3559
1203 3560
1202 3560
1201 3560
1200 3560
1199 3561
1198 3561
1197 3561
1196 3561
1195 3561
1194 3561
1193 3561
1192 3561
1191 3561
1190 3561
1189 3561
1188 3561
1187 3561
1186 3561
1185 3561
1184 3561
1183 3562
1182 3562
1181 3562
1180 3562
1179 3563
1178 3563
1177 3563
1176 3563
1175 3563
1174 3563
1173 3563
1172 3563
1171 3563
1170 3563
1169 3563
1168 3563
1167 3563
1166 3563
1165 3563
1164 3563
1163 3563
1162 3563
1161 3563
1160 3563
1159 3563
1158 3563
1157 3563
1156 3563
1155 3564
1154 3564
1153 3564
1152 3564
1151 3565
1150 3565
1149 3566
1148 3566
1147 3566
1146 3566
1145 3567
1144 3567
1143 3568
1142 3568
1141 3568
1140 3568
1139 3569
1138 3570
1137 3570
1136 3570
1135 3571
1134 3572
1133 3572
1132 3572
1131 3573
1130 3573
1129 3574
1128 3574
1127 3574
1126 3574
1125 3575
1124 3575
1123 3576
1122 3576
1121 3576
1120 3576
1119 3577
1118 3578
1117 3578
1116 3578
1115 3579
1114 3579
1113 3580
1112 3580
1111 3580
1110 3580
1109 3581
1108 3581
1107 3581
1106 3581
1105 3582
1104 3582
1103 3582
1102 3582
1101 3583
1100 3584
1099 3585
1098 3586
1097 3586
1097 3587
1096 3588
1095 3588
1095 3589
1094 3590
1093 3590
1093 3591
1092 3592
1091 3592
1091 3593
1090 3594
1089 3594
1089 3595
1088 3596
1087 3596
1087 3597
1086 3598
1085 3598
1084 3599
1083 3600
1082 3600
1081 3601
1080 3602
1079 3602
1078 3602
1077 3603
1076 3604
1075 3605
1074 3605
1073 3606
1072 3606
1071 3607
1070 3608
1069 3608
1068 3608
1067 3609
1066 3610
1065 3610
1064 3610
1063 3611
1062 3611
1061 3612
1060 3612
1059 3613
1058 3614
1057 3614
1057 3615
1056 3616
1055 3616
1054 3617
1053 3618
1052 3618
1051 3619
1050 3619
1049 3619
1048 3619
1047 3620
1046 3620
1045 3620
1044 3620
1043 3621
1042 3622
1041 3622
1040 3622
1039 3623
1038 3624
1037 3625
1036 3626
1035 3626
1034 3627
1033 3628
1032 3628
1031 3629
1030 3629
1029 3630
1028 3630
1027 3631
1026 3632
1025 3632
1024 3633
1023 3634
1022 3634
1021 3635
1020 3636
1019 3636
1018 3636
1017 3637
1016 3637
1015 3638
1014 3638
1013 3638
1012 3638
1011 3639
1010 3640
1009 3641
1008 3641
1007 3642
1006 3642
1005 3643
1004 3644
1003 3644
1002 3644
1001 3645
1000 3645
999 3645
998 3645
997 3646
996 3646
995 3647
994 3648
993 3648
992 3649
991 3650
990 3650
989 3651
988 3651
987 3652
986 3652
985 3652
984 3652
983 3653
982 3654
981 3654
980 3654
979 3655
978 3656
977 3657
976 3657
975 3658
974 3658
973 3659
972 3660
971 3660
970 3660
969 3661
968 3662
967 3662
966 3662
965 3663
964 3664
963 3665
962 3665
961 3666
960 3666
959 3667
958 3667
957 3667
956 3667
955 3667
954 3667
953 3667
952 3667
951 3667
950 3667
949 3667
948 3667
947 3668
946 3668
945 3668
944 3668
943 3669
942 3670
941 3670
940 3670
939 3671
938 3672
937 3672
936 3672
935 3673
934 3673
933 3673
932 3673
931 3673
930 3673
929 3673
928 3673
927 3673
926 3673
925 3673
924 3673
923 3674
922 3674
921 3674
920 3674
919 3675
918 3676
917 3677
916 3677
915 3678
914 3678
913 3679
912 3680
911 3680
910 3680
909 3681
908 3682
907 3682
906 3682
905 3683
904 3684
903 3684
902 3684
901 3685
900 3685
899 3686
898 3686
897 3687
896 3687
895 3688
894 3688
893 3689
892 3689
891 3689
890 3689
889 3689
888 3689
887 3689
886 3689
885 3690
884 3690
883 3691
882 3692
881 3692
881 3693
880 3694
879 3694
878 3695
877 3696
876 3696
875 3697
874 3698
873 3698
872 3698
871 3699
870 3699
869 3700
868 3700
867 3701
866 3702
865 3702
865 3703
864 3704
863 3704
863 3705
862 3706
861 3706
861 3707
860 3708
859 3708
858 3709
857 3710
856 3710
855 3711
854 3712
853 3713
852 3714
851 3714
851 3715
850 3716
849 3716
849 3717
848 3718
847 3719
846 3720
845 3721
845 3722
845 3723
844 3724
843 3725
843 3726
842 3727
841 3728
841 3729
840 3730
839 3730
839 3731
838 3732
837 3733
836 3734
835 3735
835 3736
835 3737
834 3738
833 3739
833 3740
833 3741
832 3742
831 3743
831 3744
830 3745
829 3746
829 3747
828 3748
827 3748
826 3749
825 3750
824 3750
823 3751
822 3752
821 3753
820 3754
819 3754
819 3755
818 3756
817 3757
816 3758
815 3759
815 3760
814 3761
813 3762
813 3763
812 3764
811 3764
811 3765
810 3766
809 3766
809 3767
808 3768
807 3768
807 3769
806 3770
805 3770
805 3771
804 3772
803 3773
802 3774
801 3775
801 3776
800 3777
800 3778
799 3779
798 3780
797 3781
797 3782
796 3783
796 3784
795 3785
794 3786
793 3787
793 3788
792 3789
791 3790
791 3791
790 3792
789 3793
788 3794
787 3795
787 3796
787 3797
786 3798
785 3799
785 3800
784 3801
783 3802
783 3803
782 3804
781 3804
781 3805
780 3806
779 3806
779 3807
778 3808
777 3808
777 3809
776 3810
775 3810
775 3811
774 3812
773 3812
773 3813
772 3814
771 3814
771 3815
770 3816
769 3816
769 3817
768 3818
767 3818
767 3819
766 3820
765 3820
765 3821
764 3822
763 3822
763 3823
762 3824
761 3824
761 3825
760 3826
759 3826
759 3827
758 3828
757 3828
757 3829
756 3830
755 3831
754 3832
753 3833
753 3834
752 3835
751 3836
751 3837
750 3838
749 3839
748 3840
747 3841
747 3842
747 3843
746 3844
745 3845
745 3846
744 3847
743 3848
743 3849
742 3850
741 3850
741 3851
740 3852
739 3852
739 3853
738 3854
737 3854
737 3855
736 3856
735 3856
735 3857
734 3858
733 3858
733 3859
732 3860
731 3861
731 3862
730 3863
730 3864
729 3865
729 3866
728 3867
727 3868
727 3869
726 3870
725 3870
725 3871
724 3872
723 3872
723 3873
722 3874
721 3874
721 3875
720 3876
719 3876
719 3877
718 3878
717 3878
717 3879
716 3880
715 3880
715 3881
714 3882
713 3882
713 3883
712 3884
711 3884
711 3885
710 3886
709 3886
709 3887
708 3888
707 3888
707 3889
706 3890
705 3890
705 3891
704 3892
703 3892
703 3893
702 3894
701 3895
700 3896
699 3897
699 3898
698 3899
697 3900
697 3901
696 3902
695 3902
694 3903
693 3904
692 3904
691 3905
690 3906
689 3907
688 3908
687 3909
687 3910
686 3911
685 3912
685 3913
684 3914
683 3914
683 3915
682 3916
681 3916
681 3917
680 3918
679 3918
679 3919
678 3920
677 3920
677 3921
676 3922
675 3922
675 3923
674 3924
673 3924
673 3925
672 3926
671 3926
671 3927
670 3928
669 3928
669 3929
668 3930
667 3930
667 3931
666 3932
665 3932
665 3933
664 3934
663 3934
663 3935
662 3936
661 3936
661 3937
660 3938
659 3938
659 3939
658 3940
657 3941
656 3942
655 3943
655 3944
655 3945
654 3946
653 3947
653 3948
652 3949
651 3950
650 3951
649 3952
648 3952
647 3953
646 3954
645 3954
644 3954
643 3955
642 3956
641 3956
640 3956
639 3957
638 3958
637 3959
636 3960
635 3960
635 3961
634 3962
633 3963
632 3964
631 3965
631 3966
630 3967
629 3968
629 3969
628 3970
627 3971
626 3972
625 3973
625 3974
624 3975
623 3976
623 3977
622 3978
621 3978
621 3979
620 3980
619 3980
619 3981
618 3982
617 3982
617 3983
616 3984
615 3984
615 3985
614 3986
613 3987
612 3988
611 3989
611 3990
610 3991
609 3992
609 3993
608 3994
607 3994
606 3995
605 3996
604 3996
603 3997
602 3998
601 3999
600 4000
599 4000
599 4001
598 4002
597 4002
597 4003
596 4004
595 4004
595 4005
594 4006
593 4006
593 4007
592 4008
591 4008
591 4009
590 4010
589 4010
589 4011
588 4012
587 4012
587 4013
586 4014
585 4015
584 4016
583 4017
583 4018
582 4019
581 4020
580 4020
579 4021
578 4022
577 4023
576 4024
575 4024
575 4025
574 4026
573 4026
573 4027
572 4028
571 4028
571 4029
570 4030
569 4030
569 4031
568 4032
567 4032
567 4033
566 4034
565 4034
565 4035
564 4036
563 4036
563 4037
562 4038
561 4038
561 4039
560 4040
559 4040
559 4041
558 4042
557 4042
557 4043
556 4044
555 4045
554 4046
553 4047
553 4048
552 4049
551 4050
551 4051
550 4052
549 4052
549 4053
548 4054
547 4054
546 4055
545 4056
544 4056
543 4057
542 4058
541 4059
540 4060
539 4060
539 4061
538 4062
537 4062
537 4063
536 4064
535 4064
535 4065
534 4066
533 4066
533 4067
532 4068
531 4068
531 4069
530 4070
529 4070
529 4071
528 4072
527 4073
526 4074
525 4075
525 4076
525 4077
524 4078
523 4079
523 4080
522 4081
521 4082
521 4083
520 4084
519 4084
518 4085
517 4086
516 4086
515 4087
514 4088
513 4089
512 4090
511 4090
511 4091
510 4092
509 4092
509 4093
508 4094
507 4094
507 4095
506 4096
505 4096
505 4097
504 4098
503 4098
503 4099
502 4100
501 4100
501 4101
500 4102
499 4102
499 4103
498 4104
497 4105
497 4106
496 4107
496 4108
495 4109
495 4110
494 4111
493 4112
493 4113
492 4114
491 4114
491 4115
490 4116
489 4117
488 4118
487 4119
487 4120
486 4121
486 4122
485 4123
484 4124
483 4125
483 4126
482 4127
481 4128
481 4129
480 4130
479 4131
478 4132
477 4133
477 4134
476 4135
475 4136
475 4137
474 4138
473 4138
473 4139
472 4140
471 4140
470 4141
469 4142
468 4142
467 4143
466 4144
465 4145
464 4146
463 4146
463 4147
462 4148
461 4148
461 4149
460 4150
459 4150
459 4151
458 4152
457 4152
457 4153
456 4154
455 4154
455 4155
454 4156
453 4156
452 4157
451 4158
450 4158
449 4159
448 4160
447 4161
446 4162
445 4162
445 4163
444 4164
443 4164
443 4165
442 4166
441 4166
441 4167
440 4168
439 4168
439 4169
438 4170
437 4170
437 4171
436 4172
435 4172
435 4173
434 4174
433 4174
433 4175
432 4176
431 4177
430 4178
429 4179
429 4180
428 4181
427 4182
426 4183
425 4184
424 4184
423 4185
422 4186
421 4187
420 4188
419 4188
419 4189
418 4190
417 4190
417 4191
416 4192
415 4192
415 4193
414 4194
413 4194
413 4195
412 4196
411 4196
411 4197
410 4198
409 4198
409 4199
408 4200
407 4200
407 4201
406 4202
405 4202
405 4203
404 4204
403 4204
403 4205
402 4206
401 4207
400 4208
399 4209
399 4210
398 4211
397 4212
397 4213
396 4214
395 4214
395 4215
394 4216
393 4216
392 4217
391 4218
390 4218
389 4219
388 4220
387 4221
386 4222
385 4222
385 4223
384 4224
383 4224
383 4225
382 4226
381 4226
381 4227
380 4228
379 4228
379 4229
378 4230
377 4230
377 4231
376 4232
375 4232
375 4233
374 4234
373 4234
373 4235
372 4236
371 4236
371 4237
370 4238
369 4238
369 4239
368 4240
367 4240
367 4241
366 4242
365 4243
364 4244
363 4245
363 4246
363 4247
363 4248
362 4249
362 4250
361 4251
361 4252
360 4253
360 4254
359 4255
359 4256
358 4257
358 4258
358 4259
358 4260
357 4261
357 4262
357 4263
356 4264
355 4265
355 4266
354 4267
353 4268
353 4269
352 4270
351 4270
351 4271
350 4272
349 4273
348 4274
347 4275
347 4276
346 4277
346 4278
345 4279
344 4280
343 4281
343 4282
343 4283
342 4284
341 4285
341 4286
340 4287
339 4288
339 4289
338 4290
337 4290
337 4291
336 4292
335 4292
335 4293
334 4294
333 4294
333 4295
332 4296
331 4296
331 4297
330 4298
329 4298
329 4299
328 4300
327 4300
327 4301
326 4302
325 4303
324 4304
323 4305
323 4306
322 4307
321 4308
320 4308
319 4309
318 4310
317 4311
316 4312
315 4312
315 4313
314 4314
313 4314
313 4315
312 4316
311 4316
311 4317
310 4318
309 4318
309 4319
308 4320
307 4320
307 4321
306 4322
305 4322
305 4323
304 4324
303 4324
303 4325
302 4326
301 4326
301 4327
300 4328
299 4329
298 4330
297 4331
297 4332
297 4333
296 4334
295 4335
295 4336
295 4337
295 4338
294 4339
294 4340
294 4341
294 4342
293 4343
293 4344
293 4345
292 4346
291 4347
291 4348
291 4349
291 4350
290 4351
290 4352
289 4353
289 4354
289 4355
288 4356
287 4357
287 4358
286 4359
286 4360
285 4361
284 4362
283 4363
283 4364
283 4365
282 4366
281 4367
281 4368
281 4369
280 4370
279 4371
279 4372
278 4373
278 4374
277 4375
276 4376
275 4377
275 4378
274 4379
274 4380
273 4381
273 4382
272 4383
272 4384
271 4385
271 4386
271 4387
270 4388
269 4389
269 4390
269 4391
268 4392
267 4393
267 4394
267 4395
266 4396
265 4397
265 4398
265 4399
264 4400
263 4401
263 4402
263 4403
262 4404
261 4405
261 4406
261 4407
261 4408
260 4409
260 4410
259 4411
259 4412
259 4413
259 4414
258 4415
258 4416
258 4417
258 4418
258 4419
258 4420
258 4421
258 4422
258 4423
258 4424
258 4425
258 4426
258 4427
258 4428
258 4429
258 4430
258 4431
258 4432
257 4433
257 4434
257 4435
256 4436
255 4437
255 4438
255 4439
254 4440
253 4441
253 4442
253 4443
252 4444
251 4445
251 4446
251 4447
251 4448
250 4449
250 4450
250 4451
250 4452
250 4453
250 4454
250 4455
250 4456
250 4457
250 4458
250 4459
250 4460
250 4461
250 4462
250 4463
250 4464
250 4465
250 4466
250 4467
250 4468
251 4469
251 4470
251 4471
251 4472
252 4473
253 4474
253 4475
253 4476
254 4477
254 4478
254 4479
254 4480
254 4481
254 4482
255 4483
255 4484
255 4485
255 4486
256 4487
256 4488
256 4489
256 4490
256 4491
256 4492
256 4493
256 4494
257 4495
257 4496
257 4497
257 4498
258 4499
258 4500
259 4501
259 4502
259 4503
259 4504
260 4505
261 4506
261 4507
261 4508
262 4509
262 4510
263 4511
263 4512
264 4513
265 4514
265 4515
266 4515
267 4516
268 4517
269 4517
270 4518
271 4518
272 4519
273 4519
274 4520
275 4521
276 4522
277 4523
277 4524
278 4525
279 4526
280 4527
280 4528
281 4529
281 4530
282 4531
283 4532
283 4533
283 4534
284 4535
285 4536
285 4537
285 4538
286 4539
287 4540
288 4541
288 4542
289 4543
289 4544
290 4545
291 4546
292 4547
293 4548
293 4549
294 4549
295 4550
295 4551
296 4552
297 4553
297 4554
298 4555
298 4556
298 4557
298 4558
299 4559
299 4560
299 4561
299 4562
300 4563
301 4564
302 4565
302 4566
303 4567
303 4568
304 4569
305 4570
306 4571
307 4572
307 4573
308 4574
309 4575
309 4576
310 4577
311 4578
312 4579
312 4580
313 4581
313 4582
314 4583
315 4584
315 4585
315 4586
316 4587
317 4588
318 4589
319 4590
319 4591
320 4591
321 4592
321 4593
322 4593
323 4594
323 4595
324 4595
325 4596
325 4597
326 4598
327 4599
327 4600
328 4601
328 4602
329 4603
329 4604
330 4605
331 4606
332 4607
333 4608
334 4609
335 4609
336 4609
337 4609
338 4610
339 4610
340 4611
341 4611
342 4611
343 4612
344 4613
345 4613
346 4614
347 4615
348 4615
349 4616
349 4617
350 4617
351 4618
351 4619
352 4619
353 4620
354 4621
355 4621
356 4622
357 4622
358 4623
359 4623
360 4623
361 4624
362 4625
363 4625
364 4625
365 4626
366 4627
367 4627
368 4627
369 4628
370 4629
371 4629
372 4629
373 4630
374 4631
375 4631
376 4631
377 4632
378 4633
379 4633
380 4633
381 4633
382 4634
383 4634
384 4635
385 4635
386 4635
387 4635
388 4636
389 4636
390 4637
391 4637
392 4637
393 4637
394 4638
395 4638
396 4638
397 4638
398 4638
399 4638
400 4638
401 4638
402 4638
403 4638
404 4638
405 4638
406 4637
407 4637
408 4637
409 4637
410 4636
411 4636
412 4636
413 4636
414 4636
415 4636
416 4636
417 4636
418 4636
419 4636
420 4636
421 4636
422 4636
423 4636
424 4635
425 4635
426 4635
427 4635
428 4634
429 4634
430 4634
431 4634
432 4634
433 4634
434 4634
435 4634
436 4633
437 4633
438 4633
439 4633
440 4632
441 4632
442 4632
443 4632
444 4632
445 4632
446 4631
447 4631
448 4631
449 4631
450 4630
451 4630
452 4629
453 4629
454 4629
455 4629
456 4628
457 4628
458 4627
459 4627
460 4626
461 4626
462 4625
463 4625
464 4624
465 4623
466 4623
467 4623
468 4622
469 4621
470 4621
471 4621
472 4620
473 4619
474 4619
475 4619
476 4618
477 4617
478 4617
479 4617
480 4616
481 4615
482 4615
483 4615
484 4614
485 4613
486 4613
487 4613
488 4612
489 4611
490 4611
491 4611
492 4610
493 4609
494 4609
495 4609
496 4608
497 4608
498 4607
499 4607
500 4607
501 4607
502 4606
503 4605
504 4605
505 4605
506 4604
507 4604
508 4603
509 4603
510 4603
511 4603
512 4602
513 4602
514 4601
515 4601
516 4601
517 4601
518 4600
519 4599
520 4599
521 4599
522 4598
523 4598
524 4597
525 4597
526 4597
527 4597
528 4596
529 4595
530 4595
531 4595
532 4594
533 4593
534 4593
535 4593
536 4592
537 4591
538 4591
539 4591
540 4590
541 4590
542 4589
543 4589
544 4589
545 4589
546 4588
547 4587
548 4587
549 4587
550 4586
551 4586
552 4586
553 4586
554 4586
555 4586
556 4586
557 4586
558 4586
559 4586
560 4586
561 4586
562 4586
563 4586
564 4586
565 4586
566 4586
567 4586
568 4587
569 4587
570 4587
571 4587
572 4588
573 4588
574 4589
575 4589
576 4589
577 4590
578 4591
579 4591
580 4591
581 4592
582 4593
583 4593
584 4594
585 4594
586 4595
587 4595
588 4596
589 4596
590 4596
591 4596
592 4596
593 4596
594 4597
595 4597
596 4598
597 4599
598 4599
599 4600
600 4601
601 4602
602 4603
603 4603
604 4604
605 4605
606 4605
607 4606
607 4607
608 4607
609 4608
610 4609
611 4610
612 4611
613 4611
614 4611
615 4611
616 4612
617 4612
618 4612
619 4612
620 4613
621 4613
622 4613
623 4613
624 4614
625 4614
626 4614
627 4614
628 4615
629 4615
630 4615
631 4615
632 4616
633 4616
634 4616
635 4616
636 4616
637 4616
638 4616
639 4616
640 4616
641 4616
642 4616
643 4616
644 4617
645 4617
646 4617
647 4618
648 4619
649 4619
650 4620
651 4620
652 4621
653 4622
654 4623
655 4623
656 4624
657 4624
658 4625
659 4626
660 4627
661 4627
662 4627
663 4628
664 4629
665 4629
666 4630
667 4630
668 4631
669 4631
670 4632
671 4632
672 4632
673 4632
674 4632
675 4632
676 4633
677 4633
678 4633
679 4633
680 4634
681 4634
682 4634
683 4634
684 4634
685 4634
686 4635
687 4635
688 4635
689 4636
690 4637
691 4637
692 4637
693 4637
694 4638
695 4638
696 4638
697 4638
698 4638
699 4638
700 4638
701 4638
702 4638
703 4638
704 4638
705 4638
706 4638
707 4638
708 4638
709 4638
710 4638
711 4638
712 4638
713 4638
714 4638
715 4638
716 4638
717 4638
718 4638
719 4638
720 4638
721 4638
722 4638
723 4638
724 4638
725 4638
726 4639
727 4639
728 4639
729 4640
730 4641
731 4641
732 4641
733 4641
734 4642
735 4642
736 4642
737 4642
738 4642
739 4642
740 4642
741 4642
742 4642
743 4642
744 4642
745 4642
746 4642
747 4642
748 4642
749 4642
750 4642
751 4642
752 4642
753 4642
754 4642
755 4642
756 4642
757 4642
758 4643
759 4643
760 4643
761 4643
762 4644
763 4644
764 4644
765 4644
766 4644
767 4644
768 4643
769 4643
770 4643
771 4643
772 4642
773 4642
774 4642
775 4642
776 4642
777 4642
778 4642
779 4642
780 4641
781 4641
782 4641
783 4641
784 4640
785 4640
786 4639
787 4639
788 4639
789 4639
790 4638
791 4638
792 4637
793 4637
794 4637
795 4637
796 4636
797 4636
798 4636
799 4636
800 4635
801 4635
802 4635
803 4635
804 4634
805 4634
806 4634
807 4634
808 4634
809 4634
810 4634
811 4634
812 4634
813 4634
814 4634
815 4634
816 4634
817 4634
818 4633
819 4633
820 4633
821 4633
822 4632
823 4632
824 4631
825 4631
826 4631
827 4631
828 4630
829 4630
830 4629
831 4629
832 4629
833 4629
834 4628
835 4627
836 4627
837 4627
838 4626
839 4626
840 4626
841 4626
842 4626
843 4626
844 4626
845 4626
846 4626
847 4626
848 4626
849 4626
850 4626
851 4626
852 4626
853 4626
854 4627
855 4627
856 4627
857 4627
858 4628
859 4628
860 4628
861 4628
862 4628
863 4628
864 4629
865 4629
866 4629
867 4629
868 4630
869 4630
870 4630
871 4630
872 4630
873 4630
874 4630
875 4630
876 4631
877 4631
878 4631
879 4631
880 4632
881 4632
882 4633
883 4633
884 4633
885 4633
886 4634
887 4634
888 4634
889 4634
890 4634
891 4634
892 4635
893 4635
894 4635
895 4636
896 4637
897 4637
898 4638
899 4639
900 4640
901 4641
901 4642
902 4643
903 4644
904 4645
904 4646
905 4647
905 4648
906 4649
906 4650
906 4651
906 4652
907 4653
907 4654
908 4655
909 4656
909 4657
910 4657
911 4658
911 4659
912 4659
913 4660
913 4661
914 4661
915 4662
916 4663
917 4664
918 4665
919 4665
920 4666
921 4667
922 4667
923 4668
924 4669
925 4670
926 4671
927 4671
928 4671
929 4671
930 4672
931 4672
932 4672
933 4672
934 4673
935 4673
936 4674
937 4674
938 4675
939 4676
940 4677
941 4677
942 4678
943 4679
944 4679
945 4680
945 4681
946 4681
947 4682
947 4683
948 4683
949 4684
950 4685
951 4685
952 4686
953 4686
954 4687
955 4687
956 4687
957 4688
958 4689
959 4689
960 4690
961 4691
962 4691
963 4692
964 4693
965 4693
966 4694
967 4694
968 4694
969 4694
970 4694
971 4694
972 4695
973 4695
974 4696
975 4696
976 4697
977 4698
978 4699
979 4699
980 4699
981 4699
982 4700
983 4700
984 4701
985 4701
986 4701
987 4701
988 4702
989 4702
990 4702
991 4702
992 4702
993 4702
994 4702
995 4702
996 4702
997 4702
998 4702
999 4702
1000 4702
1001 4702
1002 4701
1003 4701
1004 4701
1005 4701
1006 4700
1007 4700
1008 4700
1009 4700
1010 4700
1011 4700
1012 4700
1013 4700
1014 4699
1015 4699
1016 4699
1017 4699
1018 4698
1019 4698
1020 4698
1021 4698
1022 4699
1023 4699
1024 4699
1025 4700
1026 4701
1027 4701
1028 4701
1029 4702
1030 4703
1031 4703
1032 4703
1033 4703
1034 4704
1035 4704
1036 4704
1037 4704
1038 4704
1039 4704
1040 4704
1041 4704
1042 4705
1043 4705
1044 4705
1045 4705
1046 4706
1047 4706
1048 4706
1049 4706
1050 4706
1051 4706
1052 4707
1053 4707
1054 4707
1055 4707
1056 4708
1057 4708
1058 4708
1059 4708
1060 4708
1061 4708
1062 4708
1063 4708
1064 4708
1065 4708
1066 4708
1067 4708
1068 4708
1069 4708
1070 4708
1071 4708
1072 4708
1073 4708
1074 4708
1075 4708
1076 4708
1077 4708
1078 4708
1079 4708
1080 4708
1081 4708
1082 4708
1083 4708
1084 4707
1085 4707
1086 4707
1087 4707
1088 4706
1089 4706
1090 4707
1091 4707
1092 4707
1093 4707
1094 4708
1095 4708
1096 4708
1097 4708
1098 4708
1099 4708
1100 4708
1101 4708
1102 4709
1103 4709
1104 4709
1105 4709
1106 4710
1107 4710
1108 4710
1109 4710
1110 4710
1111 4710
1112 4709
1113 4709
1114 4709
1115 4709
1116 4708
1117 4708
1118 4707
1119 4707
1120 4707
1121 4707
1122 4706
1123 4706
1124 4706
1125 4706
1126 4706
1127 4706
1128 4706
1129 4706
1130 4706
1131 4706
1132 4706
1133 4706
1134 4707
1135 4707
1136 4707
1137 4707
1138 4708
1139 4708
1140 4708
1141 4708
1142 4708
1143 4708
1144 4708
1145 4708
1146 4708
1147 4708
1148 4708
1149 4708
1150 4708
1151 4708
1152 4708
1153 4708
1154 4708
1155 4708
1156 4708
1157 4708
1158 4708
1159 4708
1160 4708
1161 4708
1162 4708
1163 4708
1164 4708
1165 4708
1166 4708
1167 4708
1168 4708
1169 4708
1170 4708
1171 4708
1172 4708
1173 4708
1174 4708
1175 4708
1176 4708
1177 4708
1178 4708
1179 4708
1180 4708
1181 4708
1182 4707
1183 4707
1184 4707
1185 4707
1186 4706
1187 4706
1188 4706
1189 4706
1190 4706
1191 4706
1192 4706
1193 4706
1194 4706
1195 4706
1196 4706
1197 4706
1198 4706
1199 4706
1200 4706
1201 4706
1202 4706
1203 4706
1204 4706
1205 4706
1206 4706
1207 4706
1208 4705
1209 4705
1210 4705
1211 4705
1212 4705
1213 4705
1214 4705
1215 4705
1216 4706
1217 4706
1218 4706
1219 4706
1220 4706
1221 4706
1222 4707
1223 4707
1224 4707
1225 4707
1226 4708
1227 4708
1228 4708
1229 4708
1230 4708
1231 4708
1232 4709
1233 4709
1234 4709
1235 4709
1236 4710
1237 4710
1238 4710
1239 4710
1240 4711
1241 4711
1242 4711
1243 4711
1244 4712
1245 4712
1246 4712
1247 4712
1248 4712
1249 4712
1250 4712
1251 4712
1252 4712
1253 4712
1254 4712
1255 4712
1256 4712
1257 4712
1258 4712
1259 4712
1260 4711
1261 4711
1262 4711
1263 4711
1264 4710
1265 4710
1266 4709
1267 4709
1268 4709
1269 4709
1270 4708
1271 4708
1272 4708
1273 4708
1274 4708
1275 4708
1276 4708
1277 4708
1278 4708
1279 4708
1280 4708
1281 4708
1282 4708
1283 4708
1284 4708
1285 4708
1286 4708
1287 4708
1288 4707
1289 4707
1290 4707
1291 4707
1292 4706
1293 4706
1294 4706
1295 4706
1296 4705
1297 4705
1298 4705
1299 4705
1300 4704
1301 4704
1302 4704
1303 4704
1304 4704
1305 4704
1306 4704
1307 4704
1308 4704
1309 4704
1310 4704
1311 4704
1312 4704
1313 4704
1314 4704
1315 4704
1316 4704
1317 4704
1318 4704
1319 4704
1320 4703
1321 4703
1322 4702
1323 4702
1324 4701
1325 4701
1326 4700
1327 4700
1328 4699
1329 4699
1330 4699
1331 4699
1332 4698
1333 4698
1334 4699
1335 4699
1336 4699
1337 4699
1338 4700
1339 4700
1340 4701
1341 4701
1342 4702
1343 4703
1344 4703
1345 4704
1346 4705
1347 4706
1348 4707
1349 4707
1350 4708
1351 4708
1352 4709
1353 4709
1354 4710
1355 4710
1356 4711
1357 4711
1358 4711
1359 4711
1360 4712
1361 4712
1362 4713
1363 4713
1364 4713
1365 4714
1366 4715
1367 4715
1368 4716
1369 4716
1370 4717
1371 4717
1372 4718
1373 4718
1374 4718
1375 4718
1376 4718
1377 4718
1378 4718
1379 4718
1380 4718
1381 4718
1382 4718
1383 4718
1384 4719
1385 4719
1386 4719
1387 4719
1388 4720
1389 4720
1390 4720
1391 4720
1392 4720
1393 4720
1394 4720
1395 4720
1396 4720
1397 4720
1398 4721
1399 4721
1400 4721
1401 4721
1402 4722
1403 4722
1404 4723
1405 4723
1406 4723
1407 4724
1408 4725
1409 4725
1410 4725
1411 4725
1412 4726
1413 4726
1414 4726
1415 4726
1416 4726
1417 4726
1418 4726
1419 4726
1420 4727
1421 4727
1422 4727
1423 4728
1424 4729
1425 4729
1426 4729
1427 4730
1428 4731
1429 4731
1430 4731
1431 4732
1432 4733
1433 4733
1434 4733
1435 4733
1436 4734
1437 4734
1438 4734
1439 4734
1440 4734
1441 4734
1442 4734
1443 4734
1444 4734
1445 4734
1446 4735
1447 4735
1448 4735
1449 4735
1450 4736
1451 4736
1452 4736
1453 4736
1454 4737
1455 4737
1456 4737
1457 4737
1458 4738
1459 4738
1460 4738
1461 4738
1462 4738
1463 4738
1464 4738
1465 4738
1466 4738
1467 4738
1468 4738
1469 4738
1470 4738
1471 4738
1472 4738
1473 4738
1474 4738
1475 4738
1476 4738
1477 4738
1478 4738
1479 4738
1480 4738
1481 4738
1482 4738
1483 4738
1484 4739
1485 4739
1486 4739
1487 4739
1488 4740
1489 4740
1490 4740
1491 4740
1492 4740
1493 4740
1494 4740
1495 4740
1496 4740
1497 4740
1498 4740
1499 4740
1500 4740
1501 4740
1502 4740
1503 4740
1504 4740
1505 4740
1506 4740
1507 4740
1508 4740
1509 4740
1510 4740
1511 4740
1512 4740
1513 4740
1514 4740
1515 4740
1516 4740
1517 4740
1518 4740
1519 4740
1520 4740
1521 4740
1522 4740
1523 4740
1524 4740
1525 4740
1526 4740
1527 4740
1528 4740
1529 4740
1530 4740
1531 4740
1532 4740
1533 4740
1534 4739
1535 4739
1536 4739
1537 4739
1538 4738
1539 4738
1540 4738
1541 4738
1542 4737
1543 4737
1544 4738
1545 4738
1546 4737
1547 4737
1548 4738
1549 4738
1550 4738
1551 4738
1552 4737
1553 4737
1554 4737
1555 4737
1556 4736
1557 4736
1558 4736
1559 4736
1560 4736
1561 4736
1562 4736
1563 4736
1564 4736
1565 4736
1566 4736
1567 4736
1568 4736
1569 4736
1570 4736
1571 4736
1572 4736
1573 4736
1574 4736
1575 4736
1576 4736
1577 4736
1578 4737
1579 4737
1580 4736
1581 4736
1582 4737
1583 4737
1584 4736
1585 4736
1586 4736
1587 4736
1588 4736
1589 4736
1590 4736
1591 4736
1592 4736
1593 4736
1594 4735
1595 4735
1596 4735
1597 4735
1598 4734
1599 4734
1600 4734
1601 4734
1602 4734
1603 4734
1604 4734
1605 4734
1606 4734
1607 4734
1608 4734
1609 4734
1610 4734
1611 4734
1612 4733
1613 4733
1614 4733
1615 4733
1616 4732
1617 4732
1618 4732
1619 4732
1620 4732
1621 4732
1622 4732
1623 4732
1624 4732
1625 4732
1626 4732
1627 4732
1628 4732
1629 4732
1630 4732
1631 4732
1632 4732
1633 4732
1634 4732
1635 4732
1636 4732
1637 4732
1638 4732
1639 4732
1640 4732
1641 4732
1642 4732
1643 4732
1644 4732
1645 4732
1646 4732
1647 4732
1648 4732
1649 4732
1650 4732
1651 4732
1652 4732
1653 4732
1654 4732
1655 4732
1656 4732
1657 4732
1658 4732
1659 4732
1660 4732
1661 4732
1662 4732
1663 4732
1664 4733
1665 4733
1666 4733
1667 4734
1668 4735
1669 4735
1670 4736
1671 4736
1672 4737
1673 4737
1674 4738
1675 4738
1676 4738
1677 4738
1678 4738
1679 4738
1680 4738
1681 4738
1682 4738
1683 4738
1684 4738
1685 4738
1686 4738
1687 4738
1688 4738
1689 4738
1690 4737
1691 4737
1692 4737
1693 4737
1694 4737
1695 4737
1696 4737
1697 4737
1698 4738
1699 4738
1700 4738
1701 4738
1702 4738
1703 4738
1704 4738
1705 4738
1706 4738
1707 4738
1708 4738
1709 4738
1710 4738
1711 4738
1712 4738
1713 4738
1714 4739
1715 4739
1716 4738
1717 4738
1718 4739
1718 4740
1719 4740
1720 4739
1721 4739
1722 4740
1723 4740
1724 4740
1725 4740
1726 4740
1727 4740
1728 4740
1729 4740
1730 4740
1731 4740
1732 4740
1733 4740
1734 4739
1735 4739
1736 4739
1737 4739
1738 4739
1739 4739
1740 4739
1741 4739
1742 4740
1743 4740
1744 4740
1745 4740
1746 4740
1747 4740
1748 4740
1749 4740
1750 4740
1751 4740
1752 4740
1753 4740
1754 4741
1755 4741
1756 4741
1757 4741
1758 4742
1759 4742
1760 4742
1761 4742
1762 4742
1763 4742
1764 4742
1765 4742
1766 4742
1767 4742
1768 4742
1769 4742
1770 4742
1771 4742
1772 4741
1773 4741
1774 4741
1775 4741
1776 4740
1777 4740
1778 4740
1779 4740
1780 4740
1781 4740
1782 4741
1783 4741
1784 4741
1785 4741
1786 4742
1787 4742
1788 4742
1789 4742
1790 4742
1791 4742
1792 4741
1793 4741
1794 4741
1795 4741
1796 4740
1797 4740
1798 4740
1799 4740
1800 4740
1801 4740
1802 4740
1803 4740
1804 4740
1805 4740
1806 4739
1807 4739
1808 4739
1809 4739
1810 4738
1811 4738
1812 4738
1813 4738
1814 4738
1815 4738
1816 4738
1817 4738
1818 4738
1819 4738
1820 4738
1821 4738
1822 4738
1823 4738
1824 4738
1825 4738
1826 4738
1827 4738
1828 4738
1829 4738
1830 4738
1831 4738
1832 4738
1833 4738
1834 4738
1835 4738
1836 4738
1837 4738
1838 4738
1839 4738
1840 4738
1841 4738
1842 4738
1843 4738
1844 4737
1845 4737
1846 4737
1847 4737
1848 4736
1849 4736
1850 4736
1851 4736
1852 4736
1853 4736
1854 4736
1855 4736
1856 4736
1857 4736
1858 4736
1859 4736
1860 4736
1861 4736
1862 4735
1863 4735
1864 4735
1865 4735
1866 4734
1867 4733
1868 4733
1869 4733
1870 4732
1871 4732
1872 4732
1873 4732
1874 4732
1875 4732
1876 4732
1877 4732
1878 4733
1879 4733
1880 4733
1881 4733
1882 4734
1883 4734
1884 4734
1885 4734
1886 4733
1887 4733
1888 4733
1889 4733
1890 4732
1891 4732
1892 4732
1893 4732
1894 4732
1895 4732
1896 4732
1897 4732
1898 4732
1899 4732
1900 4732
1901 4732
1902 4732
1903 4732
1904 4732
1905 4732
1906 4732
1907 4732
1908 4732
1909 4732
1910 4732
1911 4732
1912 4731
1913 4731
1914 4731
1915 4731
1916 4730
1917 4730
1918 4730
1919 4730
1920 4730
1921 4730
1922 4730
1923 4730
1924 4730
1925 4730
1926 4729
1927 4729
1928 4730
1929 4730
1930 4729
1931 4729
1932 4730
1933 4730
1934 4730
1935 4730
1936 4730
1937 4730
1938 4729
1939 4729
1940 4729
1941 4729
1942 4729
1943 4729
1944 4728
1945 4728
1946 4729
1947 4729
1948 4728
1949 4728
1950 4728
1951 4728
1952 4728
1953 4728
1954 4728
1955 4728
1956 4728
1957 4728
1958 4728
1959 4728
1960 4728
1961 4728
1962 4728
1963 4728
1964 4728
1965 4728
1966 4728
1967 4728
1968 4728
1969 4728
1970 4728
1971 4728
1972 4728
1973 4728
1974 4728
1975 4728
1976 4728
1977 4728
1978 4728
1979 4728
1980 4728
1981 4728
1982 4727
1983 4727
1984 4727
1985 4727
1986 4726
1987 4726
1988 4726
1989 4726
1990 4726
1991 4726
1992 4725
1993 4725
1994 4725
1995 4725
1996 4724
1997 4724
1998 4724
1999 4724
2000 4724
2001 4724
2002 4724
2003 4724
2004 4724
2005 4724
2006 4724
2007 4724
2008 4724
2009 4724
2010 4724
2011 4724
2012 4724
2013 4724
2014 4724
2015 4724
2016 4724
2017 4724
2018 4724
2019 4724
2020 4724
2021 4724
2022 4724
2023 4724
2024 4724
2025 4724
2026 4724
2027 4724
2028 4724
2029 4724
2030 4725
2031 4725
2032 4725
2033 4725
2034 4726
2035 4726
2036 4726
2037 4726
2038 4726
2039 4726
2040 4726
2041 4726
2042 4726
2043 4726
2044 4726
2045 4726
2046 4726
2047 4726
2048 4726
2049 4726
2050 4726
2051 4726
2052 4726
2053 4726
2054 4726
2055 4726
2056 4726
2057 4726
2058 4726
2059 4726
2060 4726
2061 4726
2062 4726
2063 4726
2064 4726
2065 4726
2066 4726
2067 4726
2068 4727
2069 4727
2070 4726
2071 4726
2072 4727
2073 4727
2074 4726
2075 4726
2076 4726
2077 4726
2078 4726
2079 4726
2080 4726
2081 4726
2082 4726
2083 4726
2084 4726
2085 4726
2086 4726
2087 4726
2088 4726
2089 4726
2090 4726
2091 4726
2092 4726
2093 4726
2094 4725
2095 4725
2096 4724
2097 4724
2098 4723
2099 4723
2100 4722
2101 4722
2102 4722
2103 4722
2104 4722
2105 4722
2106 4722
2107 4722
2108 4722
2109 4722
2110 4721
2111 4721
2112 4721
2113 4721
2114 4720
2115 4720
2116 4720
2117 4720
2118 4719
2119 4719
2120 4719
2121 4719
2122 4718
2123 4717
2124 4717
2125 4717
2126 4716
2127 4716
2128 4715
2129 4715
2130 4715
2131 4715
2132 4714
2133 4714
2134 4714
2135 4714
2136 4715
2137 4715
2138 4715
2139 4715
2140 4715
2141 4715
2142 4715
2143 4715
2144 4714
2145 4714
2146 4714
2147 4714
2148 4714
2149 4714
2150 4715
2151 4715
2152 4714
2153 4714
2154 4715
2155 4715
2156 4714
2157 4714
2158 4714
2159 4714
2160 4713
2161 4713
2162 4713
2163 4713
2164 4712
2165 4712
2166 4712
2167 4712
2168 4711
2169 4711
2170 4711
2171 4711
2172 4710
2173 4710
2174 4709
2175 4709
2176 4709
2177 4709
2178 4708
2179 4708
2180 4708
2181 4708
2182 4708
2183 4708
2184 4708
2185 4708
2186 4708
2187 4708
2188 4707
2189 4707
2190 4707
2191 4707
2192 4706
2193 4706
2194 4706
2195 4706
2196 4706
2197 4706
2198 4706
2199 4706
2200 4706
2201 4706
2202 4705
2203 4705
2204 4705
2205 4705
2206 4704
2207 4704
2208 4704
2209 4704
2210 4704
2211 4704
2212 4704
2213 4704
2214 4703
2215 4703
2216 4702
2217 4701
2218 4700
2218 4699
2219 4698
2220 4697
2221 4697
2222 4696
2223 4695
2224 4695
2225 4695
2226 4694
2227 4694
2228 4694
2229 4694
2230 4693
2231 4693
2232 4692
2233 4692
2234 4691
2235 4691
2236 4690
2237 4690
2238 4689
2239 4689
2240 4689
2241 4689
2242 4688
2243 4688
2244 4688
2245 4688
2246 4687
2247 4687
2248 4687
2249 4687
2250 4686
2251 4685
2252 4685
2253 4685
2254 4684
2255 4684
2256 4683
2257 4683
2258 4682
2259 4682
2260 4681
2261 4681
2262 4680
2263 4680
2264 4680
2265 4680
2266 4680
2267 4680
2268 4680
2269 4680
2270 4679
2271 4679
2272 4678
2273 4678
2274 4677
2275 4677
2276 4676
2277 4676
2278 4676
2279 4676
2280 4675
2281 4675
2282 4675
2283 4675
2284 4674
2285 4674
2286 4673
2287 4673
2288 4674
2289 4674
2289 4673
2290 4672
2291 4672
2292 4673
2293 4673
2294 4672
2295 4672
2296 4672
2297 4672
2298 4672
2299 4672
2300 4671
2301 4671
2302 4670
2303 4670
2304 4669
2305 4669
2306 4668
2307 4667
2308 4667
2309 4667
2310 4666
2311 4666
2312 4666
2313 4666
2314 4666
2315 4666
2316 4666
2317 4666
2318 4665
2319 4665
2320 4665
2321 4665
2322 4664
2323 4664
2324 4663
2325 4663
2326 4662
2327 4662
2328 4661
2329 4661
2330 4660
2331 4659
2332 4659
2333 4659
2334 4658
2335 4658
2336 4658
2337 4658
2338 4658
2339 4658
2340 4658
2341 4658
2342 4658
2343 4658
2344 4657
2345 4657
2346 4657
2347 4657
2348 4656
2349 4655
2350 4655
2351 4655
2352 4654
2353 4654
2354 4654
2355 4654
2356 4654
2357 4654
2358 4654
2359 4654
2360 4653
2361 4653
2362 4652
2363 4651
2364 4651
2365 4650
2366 4649
2367 4649
2368 4648
2369 4647
2370 4646
2371 4645
2372 4645
2373 4644
2374 4643
2375 4643
2376 4642
2377 4642
2378 4641
2379 4641
2380 4641
2381 4641
2382 4640
2383 4639
2384 4639
2385 4639
2386 4638
2387 4638
2388 4637
2389 4637
2390 4636
2391 4636
2392 4635
2393 4635
2394 4634
2395 4634
2396 4633
2397 4633
2398 4632
2399 4631
2400 4631
2400 4630
2401 4629
2402 4628
2403 4627
2404 4626
2405 4625
2406 4624
2407 4624
2408 4623
2409 4623
2410 4623
2411 4623
2412 4622
2413 4622
2414 4621
2415 4621
2416 4620
2417 4620
2418 4619
2419 4619
2420 4618
2421 4618
2422 4617
2423 4617
2424 4616
2425 4615
2426 4614
2426 4613
2426 4612
2427 4611
2428 4610
2428 4609
2429 4608
2430 4607
2430 4606
2431 4605
2432 4605
2433 4604
2434 4603
2435 4603
2436 4602
2437 4601
2438 4601
2439 4601
2440 4600
2441 4599
2442 4599
2443 4599
2444 4598
2445 4597
2446 4597
2447 4597
2448 4596
2449 4595
2450 4595
2451 4595
2452 4594
2453 4594
2454 4593
2455 4593
2456 4592
2457 4591
2458 4591
2458 4590
2459 4589
2460 4589
2460 4588
2461 4587
2462 4587
2462 4586
2463 4585
2464 4585
2464 4584
2465 4583
2466 4582
2467 4581
2468 4580
2468 4579
2469 4578
2470 4577
2471 4576
2472 4575
2473 4575
2474 4574
2475 4574
2476 4573
2477 4573
2478 4572
2479 4572
2480 4571
2481 4571
2482 4570
2483 4569
2484 4568
2484 4567
2485 4566
2485 4565
2485 4564
2485 4563
2486 4562
2486 4561
2487 4560
2488 4559
2489 4558
2490 4557
2491 4557
2492 4556
2493 4555
2494 4555
2495 4555
2496 4554
2497 4554
2498 4554
2499 4554
2500 4553
2501 4553
2502 4552
2503 4552
2504 4551
2505 4551
2506 4550
2507 4549
2508 4549
2509 4549
2510 4548
2511 4547
2512 4546
2513 4545
2514 4544
2515 4543
2516 4542
2517 4541
2518 4540
2519 4540
2520 4539
2521 4539
2522 4538
2523 4538
2524 4537
2525 4537
2526 4536
2527 4535
2528 4535
2528 4534
2529 4533
2530 4533
2530 4532
2531 4531
2532 4530
2533 4529
2534 4528
2534 4527
2535 4526
2536 4525
2536 4524
2537 4523
2538 4523
2539 4522
2540 4521
2541 4521
2542 4520
2543 4519
2544 4518
2545 4518
2546 4517
2547 4517
2548 4516
2549 4515
2550 4514
2551 4514
2552 4513
2553 4513
2554 4512
2555 4511
2556 4510
2557 4509
2558 4508
2558 4507
2559 4506
2560 4505
2560 4504
2561 4503
2562 4503
2562 4502
2563 4501
2564 4501
2564 4500
2565 4499
2566 4499
2566 4498
2567 4497
2568 4497
2568 4496
2569 4495
2570 4495
2571 4494
2572 4493
2573 4493
2574 4492
2575 4491
2576 4490
2577 4489
2578 4489
2578 4488
2579 4487
2580 4486
2581 4485
2582 4484
2582 4483
2583 4482
2583 4481
2584 4480
2585 4479
2586 4478
2586 4477
2587 4476
2588 4475
2588 4474
2589 4473
2590 4472
2591 4471
2592 4470
2592 4469
2592 4468
2592 4467
2593 4466
2593 4465
2594 4464
2594 4463
2594 4462
2595 4461
2596 4460
2596 4459
2596 4458
2597 4457
2598 4456
2598 4455
2598 4454
2599 4453
2600 4452
2600 4451
2601 4450
2602 4449
2602 4448
2603 4447
2604 4447
2604 4446
2605 4445
2606 4444
2607 4443
2608 4442
2608 4441
2609 4440
2610 4439
2610 4438
2611 4437
2612 4436
2613 4435
2614 4434
2614 4433
2614 4432
2615 4431
2616 4430
2616 4429
2616 4428
2617 4427
2618 4426
2618 4425
2618 4424
2619 4423
2620 4422
2620 4421
2620 4420
2620 4419
2621 4418
2621 4417
2622 4416
2622 4415
2623 4414
2624 4413
2624 4412
2625 4411
2626 4411
2626 4410
2627 4409
2628 4409
2628 4408
2629 4407
2630 4406
2630 4405
2631 4404
2631 4403
2632 4402
2632 4401
2632 4400
2632 4399
2633 4398
2633 4397
2634 4396
2634 4395
2634 4394
2635 4393
2636 4392
2636 4391
2637 4390
2638 4389
2638 4388
2639 4387
2640 4386
2641 4385
2642 4384
2642 4383
2643 4382
2644 4381
2644 4380
2645 4379
2646 4378
2647 4377
2648 4376
2648 4375
2648 4374
2649 4373
2650 4372
2650 4371
2650 4370
2651 4369
2652 4368
2652 4367
2652 4366
2652 4365
2653 4364
2653 4363
2654 4362
2654 4361
2654 4360
2655 4359
2656 4358
2656 4357
2657 4356
2657 4355
2658 4354
2659 4353
2660 4352
2660 4351
2660 4350
2661 4349
2662 4348
2662 4347
2662 4346
2663 4345
2664 4344
2664 4343
2665 4342
2666 4341
2666 4340
2667 4339
2668 4338
2669 4337
2670 4336
2670 4335
2670 4334
2671 4333
2672 4332
2672 4331
2672 4330
2673 4329
2674 4328
2674 4327
2674 4326
2675 4325
2676 4324
2676 4323
2676 4322
2677 4321
2678 4320
2678 4319
2678 4318
2678 4317
2679 4316
2679 4315
2679 4314
2679 4313
2679 4312
2679 4311
2679 4310
2679 4309
2679 4308
2679 4307
2679 4306
2679 4305
2678 4304
2678 4303
2678 4302
2678 4301
2677 4300
2677 4299
2676 4298
2676 4297
2676 4296
2676 4295
2675 4294
2675 4293
2674 4292
2674 4291
2673 4290
2673 4289
2672 4288
2672 4287
2671 4286
2670 4285
2669 4284
2669 4283
2668 4282
2668 4281
2667 4280
2666 4279
2665 4278
2664 4277
2664 4276
2663 4275
2662 4274
2662 4273
2661 4272
2660 4271
2659 4270
2659 4269
2658 4268
2658 4267
2657 4266
2656 4265
2655 4264
2654 4263
2654 4262
2653 4262
2652 4261
2652 4260
2651 4260
2650 4259
2650 4258
2649 4257
2648 4256
2648 4255
2647 4254
2646 4253
2646 4252
2646 4251
2645 4250
2644 4249
2643 4248
2642 4247
2642 4246
2641 4246
2640 4245
2639 4244
2638 4244
2637 4243
2636 4243
2635 4242
2634 4242
2633 4241
2632 4240
2631 4240
2630 4239
2630 4238
2629 4238
2628 4237
2628 4236
2627 4236
2626 4235
2625 4234
2624 4233
2623 4232
2622 4232
2621 4231
2620 4231
2619 4230
2618 4229
2617 4228
2616 4228
2615 4227
2614 4226
2613 4226
2612 4225
2612 4224
2611 4224
2610 4223
2610 4222
2609 4222
2608 4221
2607 4220
2606 4219
2605 4218
2604 4218
2603 4217
2602 4216
2601 4216
2600 4215
2600 4214
2599 4214
2598 4213
2598 4212
2597 4212
2596 4211
2596 4210
2595 4210
2594 4209
2594 4208
2593 4207
2592 4206
2592 4205
2591 4204
2590 4203
2590 4202
2590 4201
2589 4200
2589 4199
2589 4198
2589 4197
2588 4196
2588 4195
2588 4194
2588 4193
2587 4192
2587 4191
2587 4190
2587 4189
2586 4188
2586 4187
2586 4186
2586 4185
2585 4184
2584 4183
2583 4182
2582 4181
2582 4180
2581 4180
2580 4179
2580 4178
2579 4177
2578 4176
2578 4175
2577 4174
2576 4173
2576 4172
2576 4171
2575 4170
2575 4169
2575 4168
2575 4167
2575 4166
2575 4165
2574 4164
2574 4163
2574 4162
2574 4161
2573 4160
2572 4159
2572 4158
2572 4157
2571 4156
2571 4155
2571 4154
2571 4153
2571 4152
2571 4151
2571 4150
2571 4149
2570 4148
2570 4147
2570 4146
2570 4145
2569 4144
2568 4143
2568 4142
2568 4141
2567 4140
2566 4139
2566 4138
2566 4137
2565 4136
2565 4135
2565 4134
2565 4133
2565 4132
2565 4131
2565 4130
2565 4129
2565 4128
2565 4127
2565 4126
2565 4125
2565 4124
2565 4123
2565 4122
2565 4121
2565 4120
2565 4119
2565 4118
2565 4117
2564 4116
2564 4115
2564 4114
2564 4113
2563 4112
2563 4111
2563 4110
2563 4109
2563 4108
2563 4107
2563 4106
2563 4105
2563 4104
2563 4103
2563 4102
2563 4101
2563 4100
2563 4099
2563 4098
2563 4097
2563 4096
2563 4095
2563 4094
2563 4093
2563 4092
2563 4091
2563 4090
2563 4089
2563 4088
2563 4087
2562 4086
2562 4085
2562 4084
2562 4083
2561 4082
2561 4081
2561 4080
2561 4079
2561 4078
2561 4077
2561 4076
2561 4075
2561 4074
2561 4073
2561 4072
2561 4071
2561 4070
2561 4069
2561 4068
2561 4067
2561 4066
2561 4065
2561 4064
2561 4063
2560 4062
2560 4061
2560 4060
2560 4059
2559 4058
2559 4057
2559 4056
2559 4055
2559 4054
2559 4053
2559 4052
2559 4051
2559 4050
2559 4049
2559 4048
2559 4047
2559 4046
2559 4045
2559 4044
2559 4043
2559 4042
2559 4041
2559 4040
2559 4039
2558 4038
2558 4037
2558 4036
2558 4035
2557 4034
2556 4033
2556 4032
2556 4031
2555 4030
2554 4029
2554 4028
2554 4027
2553 4026
2553 4025
2553 4024
2553 4023
2553 4022
2553 4021
2552 4020
2552 4019
2552 4018
2552 4017
2551 4016
2550 4015
2550 4014
2550 4013
2549 4012
2548 4011
2547 4010
2546 4009
2546 4008
2545 4008
2544 4007
2544 4006
2543 4006
2542 4005
2542 4004
2541 4004
2540 4003
2540 4002
2539 4002
2538 4001
2537 4000
2536 4000
2535 3999
2534 3999
2533 3998
2532 3998
2531 3998
2530 3997
2529 3996
2528 3996
2527 3996
2526 3996
2525 3995
2524 3995
2523 3994
2522 3994
2521 3994
2520 3994
2519 3993
2518 3993
2517 3992
2516 3992
2515 3991
2514 3991
2513 3990
2512 3990
2511 3989
2510 3989
2509 3989
2508 3989
2507 3988
2506 3988
2505 3988
2504 3988
2503 3987
2502 3987
2501 3987
2500 3987
2499 3987
2498 3987
2497 3987
2496 3987
2495 3987
2494 3987
2493 3987
2492 3987
2491 3987
2490 3987
2489 3987
2488 3987
2487 3986
2486 3986
2485 3985
2484 3985
2483 3984
2482 3983
2481 3982
2480 3982
2479 3982
2478 3982
2477 3981
2476 3981
2475 3981
2474 3981
2473 3980
2472 3980
2471 3979
2470 3978
2469 3978
2468 3977
2468 3976
2467 3976
2466 3975
2466 3974
2465 3973
2464 3972
2464 3971
2463 3970
2462 3969
2461 3968
2460 3967
2460 3966
2459 3966
2458 3965
2458 3964
2457 3964
2456 3963
2456 3962
2455 3962
2454 3961
2454 3960
2453 3960
2452 3959
2451 3958
2450 3958
2449 3957
2448 3957
2447 3957
2446 3957
2445 3957
2444 3957
2443 3956
2442 3956
2441 3956
2440 3956
2439 3955
2438 3955
2437 3955
2436 3955
2435 3955
2434 3955
2433 3954
2432 3954
2431 3953
2430 3952
2429 3952
2428 3951
2427 3950
2426 3949
2425 3948
2424 3948
2423 3947
2422 3946
2421 3946
2420 3945
2420 3944
2419 3944
2418 3943
2418 3942
2417 3942
2416 3941
2416 3940
2415 3940
2414 3939
2413 3938
2412 3937
2411 3936
2410 3936
2409 3935
2408 3935
2407 3934
2406 3934
2405 3933
2404 3933
2403 3933
2402 3933
2401 3933
2400 3933
2399 3933
2398 3933
2397 3933
2396 3933
2395 3933
2394 3933
2393 3932
2392 3932
2391 3932
2390 3932
2389 3931
2388 3931
2387 3930
2386 3930
2385 3929
2384 3928
2383 3928
2382 3927
2381 3926
2380 3925
2379 3924
2378 3924
2377 3923
2376 3922
2375 3921
2374 3920
2374 3919
2373 3918
2372 3917
2371 3916
2370 3915
2369 3914
2368 3914
2367 3913
2366 3912
2365 3912
2364 3911
2364 3910
2363 3910
2362 3909
2362 3908
2361 3908
2360 3907
2359 3906
2358 3906
2357 3905
2356 3905
2355 3904
2354 3904
2353 3903
2352 3902
2351 3902
2350 3901
2350 3900
2349 3900
2348 3899
2348 3898
2347 3898
2346 3897
2346 3896
2345 3896
2344 3895
2344 3894
2343 3894
2342 3893
2342 3892
2341 3892
2340 3891
2340 3890
2339 3890
2338 3889
2337 3888
2336 3888
2335 3887
2334 3887
2333 3886
2332 3886
2331 3885
2330 3884
2329 3884
2328 3883
2328 3882
2327 3882
2326 3881
2326 3880
2325 3880
2324 3879
2323 3878
2322 3877
2321 3876
2320 3876
2319 3876
2318 3875
2317 3874
2316 3874
2315 3874
2314 3874
2313 3873
2312 3873
2311 3873
2310 3873
2309 3873
2308 3873
2307 3873
2306 3873
2305 3872
2304 3872
2303 3872
2302 3872
2301 3871
2300 3871
2299 3871
2298 3871
2297 3871
2296 3871
2295 3871
2294 3871
2293 3872
2292 3872
2291 3872
2290 3872
2289 3873
2288 3873
2287 3872
2286 3872
2285 3871
2284 3871
2283 3870
2282 3870
2281 3869
2280 3869
2279 3868
2278 3868
2277 3868
2276 3867
2275 3866
2274 3866
2273 3866
2272 3866
2271 3865
2270 3865
2269 3864
2268 3864
2267 3864
2266 3863
2265 3862
2264 3862
2263 3861
2262 3860
2261 3860
2260 3859
2260 3858
2259 3858
2258 3857
2258 3856
2257 3856
2256 3855
2255 3854
2254 3854
2253 3853
2252 3853
2251 3853
2250 3853
2249 3852
2248 3852
2247 3852
2246 3851
2245 3850
2244 3850
2243 3850
2242 3850
2241 3849
2240 3849
2239 3849
2238 3849
2237 3849
2236 3849
2235 3849
2234 3849
2233 3849
2232 3849
2231 3848
2230 3848
2229 3847
2228 3846
2227 3846
2226 3845
2225 3844
2224 3843
2223 3842
2222 3842
2221 3842
2220 3841
2219 3840
2218 3840
2217 3839
2216 3838
2215 3838
2214 3837
2214 3836
2213 3836
2212 3835
2212 3834
2211 3834
2210 3833
2209 3832
2208 3831
2207 3830
2206 3830
2205 3829
2204 3828
2203 3828
2202 3827
2201 3826
2200 3825
2199 3824
2198 3824
2197 3823
2196 3823
2195 3822
2194 3821
2193 3820
2192 3820
2191 3820
2190 3819
2189 3818
2188 3818
2187 3818
2186 3818
2185 3817
2184 3817
2183 3816
2182 3816
2181 3816
2180 3816
2179 3815
2178 3815
2177 3814
2176 3814
2175 3814
2174 3814
2173 3813
2172 3813
2171 3813
2170 3813
2169 3813
2168 3813
2167 3813
2166 3813
2165 3813
2164 3813
2163 3813
2162 3813
2161 3813
2160 3813
2159 3813
2158 3813
2157 3812
2156 3812
2155 3812
2154 3812
2153 3811
2152 3811
2151 3811
2150 3811
2149 3811
2148 3811
2147 3810
2146 3810
2145 3809
2144 3809
2143 3808
2142 3807
2141 3806
2140 3806
2139 3805
2138 3804
2137 3804
2136 3803
2136 3802
2135 3802
2134 3801
2134 3800
2133 3800
2132 3799
2132 3798
2131 3798
2130 3797
2129 3796
2128 3795
2127 3794
2126 3794
2125 3793
2124 3792
2123 3792
2122 3791
2122 3790
2121 3790
2120 3789
2119 3788
2118 3788
2117 3787
2116 3787
2115 3786
2114 3786
2113 3785
2112 3785
2111 3784
2110 3783
2109 3782
2108 3782
2107 3782
2106 3781
2105 3780
2104 3780
2103 3779
2102 3778
2101 3778
2100 3777
2099 3776
2098 3776
2097 3775
2096 3775
2095 3774
2094 3774
2093 3774
2092 3774
2091 3773
2090 3773
2089 3773
2088 3773
2087 3773
2086 3773
2085 3772
2084 3772
2083 3772
2082 3772
2081 3771
2080 3771
2079 3771
2078 3771
2077 3771
2076 3771
2075 3771
2074 3771
2073 3770
2072 3770
2071 3770
2070 3770
2069 3769
2068 3769
2067 3769
2066 3769
2065 3769
2064 3769
2063 3769
2062 3769
2061 3770
2060 3770
2059 3770
2058 3770
2057 3771
2056 3772
2055 3773
2054 3774
2053 3774
2053 3775
2052 3776
2051 3776
2051 3777
2050 3778
2049 3778
2049 3779
2048 3780
2047 3780
2046 3781
2045 3781
2044 3781
2044 3782
2043 3783
2042 3783
2041 3782
2040 3782
2039 3783
2038 3784
2037 3785
2036 3785
2035 3786
2034 3786
2033 3787
2032 3787
2031 3787
2030 3787
2029 3787
2028 3787
2027 3788
2026 3788
2025 3788
2024 3788
2023 3789
2022 3789
2021 3789
2020 3789
2019 3790
2018 3790
2017 3790
2016 3790
2015 3791
2014 3791
2013 3791
2012 3791
2011 3791
2010 3791
2009 3791
2008 3791
2007 3791
2006 3791
2005 3791
2004 3791
2003 3790
2002 3790
2001 3790
2000 3790
1999 3789
1998 3789
1997 3789
1996 3789
1995 3788
1994 3788
1993 3789
1992 3789
1991 3789
1990 3789
1989 3790
1988 3790
1987 3791
1986 3791
1985 3791
1984 3791
1983 3791
1982 3791
1981 3792
1980 3792
1979 3792
1978 3792
1977 3793
1976 3793
1975 3793
1974 3793
1973 3793
1972 3793
1971 3793
1970 3793
1969 3793
1968 3793
1967 3793
1966 3793
1965 3793
1964 3793
1963 3793
1962 3793
1961 3793
1960 3793
1959 3793
1958 3793
1957 3792
1956 3792
1955 3792
1954 3792
1953 3791
1952 3791
1951 3791
1950 3791
1949 3790
1948 3790
1947 3790
1946 3790
1945 3789
1944 3789
1943 3789
1942 3789
1941 3789
1940 3789
1939 3788
1938 3788
1937 3787
1936 3787
1935 3786
1934 3785
1933 3784
1932 3784
1931 3784
1930 3784
1929 3783
1928 3783
1927 3783
1926 3783
1925 3783
1924 3783
1923 3782
1922 3782
1921 3782
1920 3782
1919 3781
1918 3781
1917 3781
1916 3781
1915 3781
1914 3781
1913 3781
1912 3781
1911 3781
1910 3781
1909 3781
1908 3781
1907 3781
1906 3781
1905 3781
1904 3781
1903 3782
1902 3782
1901 3782
1900 3782
1899 3783
1898 3783
1897 3783
1896 3783
1895 3783
1894 3783
1893 3783
1892 3783
1891 3782
1890 3782
1889 3782
1888 3782
1887 3781
1886 3781
1885 3781
1884 3781
1883 3781
1882 3781
1881 3781
1880 3781
1879 3781
1878 3781
1877 3781
1876 3781
1875 3781
1874 3781
1873 3781
1872 3781
1871 3781
1870 3781
1869 3781
1868 3781
1867 3781
1866 3781
1865 3781
1864 3781
1863 3781
1862 3781
1861 3781
1860 3781
1859 3781
1858 3781
1857 3781
1856 3781
1855 3781
1854 3781
1853 3781
1852 3781
1851 3781
1850 3781
1849 3781
1848 3781
1847 3780
1846 3780
1845 3780
1844 3779
1843 3778
1842 3778
1841 3778
1840 3778
1839 3777
1838 3777
1837 3777
1836 3777
1835 3777
1834 3777
1833 3777
1832 3777
1831 3777
1830 3777
1829 3777
1828 3777
1827 3777
1826 3777
1825 3777
1824 3777
1823 3777
1822 3777
1821 3777
1820 3777
1819 3777
1818 3777
1817 3778
1816 3778
1815 3778
1814 3778
1813 3779
1812 3779
1811 3779
1810 3779
1809 3779
1808 3779
1807 3779
1806 3779
1805 3779
1804 3779
1803 3779
1802 3779
1801 3780
1800 3780
1799 3780
1798 3780
1797 3781
1796 3781
1795 3781
1794 3781
1793 3781
1792 3781
1791 3781
1790 3781
1789 3781
1788 3781
1787 3780
1786 3780
1785 3780
1784 3780
1783 3779
1782 3779
1781 3779
1780 3779
1779 3778
1778 3778
1777 3778
1776 3778
1775 3778
1774 3778
1773 3778
1772 3778
1771 3779
1770 3779
1769 3779
1768 3779
1767 3779
1766 3779
1765 3779
1764 3779
1763 3778
1762 3778
1761 3778
1760 3778
1759 3777
1758 3777
1757 3777
1756 3777
1755 3777
1754 3777
1753 3776
1752 3776
1751 3776
1750 3775
1749 3774
1748 3774
1747 3774
1746 3774
1745 3773
1744 3773
1743 3772
1742 3772
1741 3772
1740 3772
1739 3771
1738 3771
1737 3770
1736 3770
1735 3770
1734 3769
1733 3768
1732 3768
1731 3769
1730 3769
1729 3768
1728 3768
1727 3769
1726 3769
1725 3768
1724 3768
1723 3768
1722 3768
1721 3767
1720 3767
1719 3767
1718 3767
1717 3767
1716 3767
1715 3767
1714 3767
1713 3767
1712 3767
1711 3767
1710 3767
1709 3767
1708 3767
1707 3766
1706 3766
1705 3766
1704 3766
1703 3765
1702 3765
1701 3766
1700 3766
1699 3767
1698 3767
1697 3768
1696 3768
1695 3769
1694 3769
1693 3769
1692 3769
1691 3769
1690 3769
1689 3769
1688 3769
1687 3769
1686 3769
1685 3769
1684 3769
1683 3769
1682 3769
1681 3770
1680 3770
1679 3770
1678 3770
1677 3771
1676 3771
1675 3771
1674 3771
1673 3771
1672 3771
1671 3772
1670 3772
1669 3772
1668 3772
1667 3773
1666 3773
1665 3773
1664 3773
1663 3773
1662 3773
1661 3773
1660 3773
1659 3773
1658 3773
1657 3773
1656 3773
1655 3772
1654 3772
1653 3772
1652 3771
1651 3770
1650 3770
1649 3769
1648 3768
1647 3768
1646 3767
1646 3766
1645 3766
1644 3765
1643 3764
1642 3763
1641 3762
1640 3762
1639 3761
1638 3760
1637 3760
1636 3759
1635 3758
1634 3757
1633 3756
1632 3756
1631 3755
1630 3754
1629 3754
1628 3753
1627 3752
1626 3752
1625 3751
1624 3751
1623 3750
1622 3750
1621 3749
1620 3748
1620 3747
1619 3746
1618 3745
1617 3744
1616 3743
1615 3742
1614 3741
1613 3740
1612 3740
1611 3740
1610 3739
1609 3738
1608 3738
1607 3737
1606 3736
1605 3736
1604 3735
1604 3734
1603 3733
1602 3732
1602 3731
1601 3730
1600 3729
1599 3728
1598 3727
1597 3726
1596 3726
1595 3726
1594 3725
1593 3724
1592 3724
1591 3723
1590 3722
1590 3721
1589 3720
1588 3719
1587 3718
1586 3717
1586 3716
1585 3715
1584 3714
1584 3713
1583 3712
1582 3711
1581 3710
1580 3709
1580 3708
1579 3708
1578 3707
1578 3706
1577 3705
1576 3704
1576 3703
1575 3702
1574 3701
1574 3700
1574 3699
1573 3698
1572 3697
1572 3696
1572 3695
1571 3694
1570 3693
1570 3692
1570 3691
1569 3690
1569 3689
1568 3688
1568 3687
1568 3686
1568 3685
1567 3684
1567 3683
1566 3682
1566 3681
1566 3680
1566 3679
1565 3678
1565 3677
1564 3676
1564 3675
1564 3674
1564 3673
1563 3672
1563 3671
1563 3670
1563 3669
1562 3668
1562 3667
1562 3666
1562 3665
1561 3664
1560 3663
1560 3662
1560 3661
1559 3660
1558 3659
1558 3658
1558 3657
1557 3656
1557 3655
1556 3654
1556 3653
1555 3652
1554 3651
1554 3650
1553 3650
1552 3649
1551 3648
1550 3647
1549 3646
1548 3646
1547 3645
1546 3644
1545 3644
1544 3643
1544 3642
1543 3642
1542 3641
1542 3640
1541 3640
1540 3639
1539 3638
1538 3637
1537 3636
1536 3636
1535 3636
1534 3635
1533 3634
1532 3634
1531 3633
1530 3632
1529 3632
1528 3631
1528 3630
1527 3630
1526 3629
1526 3628
1525 3628
1524 3627
1524 3626
1523 3626
1522 3625
1522 3624
1521 3624
1520 3623
1520 3622
1519 3622
1518 3621
1518 3620
1517 3620
1516 3619
1515 3618
1514 3617
1513 3616
1512 3616
1511 3615
1510 3614
1509 3614
1508 3613
1508 3612
1507 3612
1506 3611
1505 3610
1504 3609
1503 3608
1502 3608
1501 3607
1500 3606
1499 3606
1498 3605
1498 3604
1497 3604
1496 3603
1496 3602
1495 3602
1494 3601
1494 3600
1493 3600
1492 3599
1492 3598
1491 3597
1490 3596
1490 3595
1489 3594
1489 3593
1488 3592
1488 3591
1488 3590
1488 3589
1487 3588
1487 3587
1486 3586
1486 3585
1486 3584
1486 3583
1485 3582
1485 3581
1484 3580
1484 3579
1484 3578
1484 3577
1483 3576
1482 3575
1481 3574
1480 3573
1480 3572
1479 3572
1478 3571
1478 3570
1477 3570
1476 3569
1476 3568
1475 3568
1474 3567
1474 3566
1473 3566
1472 3565
1472 3564
1471 3564
1470 3563
1470 3562
1469 3561
1468 3560
1468 3559
1467 3558
1467 3557
1466 3556
1466 3555
1465 3554
1464 3553
1464 3552
1463 3552
1462 3551
1462 3550
1461 3549
1460 3548
1460 3547
1459 3546
1458 3545
1457 3544
1457 3543
1456 3542
1456 3541
1455 3540
1454 3539
1453 3538
1452 3537
1452 3536
1451 3536
1450 3535
1450 3534
1449 3534
1448 3533
1447 3532
1446 3531
1445 3530
1444 3530
1443 3529
1442 3529
1441 3528
1440 3528
1439 3527
1438 3527
1437 3527
1436 3527
1435 3527
1434 3527
1433 3527
1432 3527
1431 3527
1430 3527
1429 3526
1428 3526
1427 3526
1426 3525
1425 3524
1424 3524
1423 3524
1422 3524
1421 3523
1420 3523
1419 3523
1418 3523
1417 3523
1416 3523
1415 3523
1414 3523
1413 3523
1412 3523
1411 3523
1410 3523
1409 3523
1408 3523
1407 3523
1406 3523
1405 3523
1404 3523
