223 2247
222 2248
221 2248
220 2249
219 2250
218 2250
217 2251
216 2252
215 2253
214 2254
213 2255
213 2256
212 2257
211 2258
211 2259
211 2260
211 2261
210 2262
210 2263
210 2264
209 2265
209 2266
209 2267
209 2268
208 2269
208 2270
208 2271
208 2272
207 2273
207 2274
207 2275
207 2276
206 2277
206 2278
206 2279
206 2280
205 2281
205 2282
205 2283
204 2284
204 2285
204 2286
204 2287
204 2288
203 2289
203 2290
203 2291
203 2292
203 2293
203 2294
203 2295
203 2296
203 2297
202 2298
201 2299
201 2300
201 2301
200 2302
200 2303
200 2304
199 2305
199 2306
198 2307
198 2308
198 2309
198 2310
197 2311
196 2312
196 2313
196 2314
196 2315
195 2316
195 2317
194 2318
194 2319
193 2320
193 2321
193 2322
193 2323
192 2324
192 2325
191 2326
191 2327
191 2328
190 2329
190 2330
190 2331
189 2332
189 2333
189 2334
188 2335
188 2336
188 2337
187 2338
187 2339
186 2340
186 2341
186 2342
186 2343
186 2344
185 2345
185 2346
185 2347
184 2348
185 2349
185 2350
185 2351
185 2352
184 2353
184 2354
184 2355
183 2356
183 2357
182 2358
181 2359
181 2360
180 2361
180 2362
180 2363
180 2364
180 2365
180 2366
180 2367
180 2368
180 2369
180 2370
181 2371
181 2372
182 2373
183 2373
184 2373
185 2373
186 2373
187 2372
188 2372
189 2371
190 2370
191 2369
192 2369
193 2368
193 2367
194 2366
195 2365
196 2365
197 2364
198 2363
199 2363
200 2362
201 2361
202 2360
203 2359
204 2358
205 2357
206 2357
207 2356
208 2355
209 2354
210 2354
211 2353
212 2352
213 2351
214 2351
215 2350
216 2349
217 2348
218 2347
219 2347
220 2346
221 2345
222 2345
223 2344
224 2343
225 2342
226 2341
227 2340
227 2339
228 2338
229 2337
229 2336
230 2335
231 2335
232 2334
233 2333
234 2333
235 2332
236 2332
237 2332
238 2331
239 2331
240 2330
241 2330
242 2329
243 2329
244 2328
245 2328
246 2328
247 2327
248 2326
249 2326
250 2325
251 2324
252 2324
253 2323
254 2323
255 2322
256 2321
257 2321
258 2320
259 2319
260 2318
261 2318
262 2318
263 2318
264 2318
265 2318
266 2318
267 2317
268 2317
269 2317
270 2316
271 2316
272 2315
273 2314
274 2314
275 2313
276 2313
277 2313
278 2312
279 2312
280 2311
281 2311
282 2311
283 2310
284 2309
285 2309
286 2309
287 2309
288 2309
289 2308
290 2308
291 2307
292 2307
293 2307
294 2306
295 2306
296 2306
297 2305
298 2305
299 2304
300 2303
301 2303
302 2303
303 2302
304 2302
305 2302
306 2301
307 2301
308 2300
309 2300
310 2300
311 2300
312 2299
313 2298
314 2298
315 2298
316 2297
317 2297
318 2296
319 2296
320 2296
321 2295
322 2295
323 2294
324 2294
324 2293
325 2292
326 2291
326 2290
326 2289
326 2288
326 2287
327 2286
328 2285
328 2284
329 2283
329 2282
329 2281
329 2280
328 2279
328 2278
327 2277
326 2277
325 2276
324 2276
323 2276
322 2275
321 2274
320 2274
319 2273
318 2273
317 2272
316 2271
315 2271
314 2270
313 2269
312 2269
311 2268
310 2268
309 2267
308 2267
307 2267
306 2266
305 2266
304 2266
303 2266
302 2266
301 2265
300 2265
299 2264
298 2264
297 2264
296 2264
295 2264
294 2264
293 2263
292 2262
291 2262
290 2261
289 2261
288 2260
287 2260
286 2260
285 2260
284 2260
283 2260
282 2260
281 2260
280 2260
279 2260
278 2260
277 2260
276 2260
275 2259
274 2258
273 2257
272 2257
271 2257
270 2256
269 2256
268 2256
267 2255
266 2255
265 2255
264 2254
263 2254
262 2254
261 2254
260 2254
259 2254
258 2254
257 2254
256 2254
255 2254
254 2254
253 2254
252 2254
251 2254
250 2254
249 2254
248 2254
247 2254
246 2254
245 2254
244 2254
243 2254
242 2254
241 2254
240 2254
239 2253
238 2253
237 2253
236 2253
235 2252
234 2251
233 2251
232 2250
231 2249
230 2249
229 2248
228 2247
227 2247
226 2247
225 2247
224 2247
223 2247
