696 709
695 710
694 711
693 712
692 713
692 714
692 715
692 716
693 717
693 718
693 719
694 720
694 721
694 722
694 723
694 724
694 725
694 726
695 727
695 728
695 729
696 730
696 731
697 732
697 733
697 734
697 735
697 736
697 737
698 738
699 739
699 740
699 741
699 742
699 743
699 744
699 745
699 746
700 747
700 748
700 749
701 750
701 751
701 752
701 753
701 754
701 755
701 756
701 757
701 758
702 759
703 760
704 761
705 762
706 763
707 764
708 764
709 765
710 765
711 766
712 766
713 767
714 767
715 768
716 768
717 768
718 768
719 768
720 769
721 769
722 769
723 770
724 770
725 770
726 770
727 770
728 770
729 770
730 770
731 771
732 771
733 771
734 771
735 771
736 771
737 771
738 771
739 771
740 772
741 772
742 772
743 773
744 773
745 773
746 773
747 773
748 773
749 773
750 773
751 774
752 774
753 774
754 774
755 774
756 774
757 774
758 774
759 774
760 774
761 775
762 776
763 776
764 776
765 776
766 776
767 776
768 777
769 777
770 778
771 778
772 779
773 779
774 778
775 778
776 777
777 776
778 775
779 774
780 774
781 774
782 774
783 774
784 774
785 774
786 774
787 774
788 774
789 773
790 773
791 772
792 771
793 770
793 769
794 768
795 767
795 766
796 765
796 764
797 763
797 762
798 761
799 760
800 759
801 758
802 757
802 756
803 755
803 754
803 753
803 752
803 751
803 750
803 749
803 748
803 747
803 746
802 745
802 744
802 743
801 742
801 741
801 740
801 739
800 738
799 737
799 736
798 735
798 734
797 733
797 732
796 731
795 730
794 729
793 728
792 727
791 726
790 725
789 725
788 724
787 723
786 723
785 722
784 722
783 721
782 720
781 719
780 719
779 719
778 719
777 719
776 719
775 719
774 718
773 718
772 718
771 718
770 718
769 718
768 718
767 718
766 718
765 717
764 717
763 717
762 716
761 716
760 716
759 715
758 715
757 715
756 714
755 714
754 714
753 714
752 714
751 714
750 714
749 714
748 714
747 714
746 714
745 714
744 714
743 714
742 714
741 714
740 714
739 714
738 714
737 714
736 714
735 714
734 714
733 714
732 714
731 714
730 714
729 714
728 715
727 715
726 715
725 715
724 715
723 715
722 715
721 715
720 715
719 715
718 715
717 715
716 715
715 715
714 715
713 715
712 715
711 715
710 715
709 715
708 714
707 714
706 714
705 713
704 713
703 712
702 712
701 711
700 711
699 710
698 709
697 709
696 709
