206 1744
205 1745
204 1745
203 1745
202 1746
201 1746
200 1746
199 1746
198 1746
197 1746
196 1746
195 1746
194 1746
193 1746
192 1746
191 1746
190 1746
189 1746
188 1746
187 1746
186 1746
185 1746
184 1746
183 1746
182 1746
181 1745
180 1745
179 1746
178 1746
177 1746
176 1746
175 1746
174 1746
173 1746
172 1746
171 1746
170 1746
169 1746
168 1746
167 1746
166 1746
165 1746
164 1746
163 1746
162 1746
161 1746
160 1746
159 1746
158 1746
157 1746
156 1746
155 1746
154 1746
153 1746
152 1747
151 1747
150 1748
149 1749
148 1749
147 1750
146 1750
145 1751
144 1751
143 1752
142 1753
141 1754
140 1755
140 1756
140 1757
139 1758
138 1759
137 1760
137 1761
136 1762
136 1763
135 1764
135 1765
134 1766
134 1767
134 1768
134 1769
134 1770
135 1771
135 1772
135 1773
136 1774
136 1775
137 1776
137 1777
138 1778
138 1779
138 1780
139 1781
140 1782
140 1783
141 1784
141 1785
141 1786
142 1787
142 1788
143 1789
143 1790
144 1791
145 1791
146 1792
146 1793
147 1793
148 1794
149 1794
150 1795
151 1795
152 1796
153 1797
154 1798
155 1799
156 1799
157 1799
158 1800
159 1800
160 1801
161 1801
162 1802
163 1803
164 1804
165 1805
166 1806
167 1806
168 1807
169 1807
170 1807
171 1808
172 1809
173 1809
174 1809
175 1809
176 1809
177 1809
178 1809
179 1809
180 1809
181 1809
182 1809
183 1809
184 1809
185 1809
186 1809
187 1809
188 1808
189 1808
190 1807
191 1807
192 1807
193 1807
194 1807
195 1807
196 1807
197 1807
198 1808
199 1808
200 1809
201 1809
202 1810
203 1810
204 1810
205 1810
206 1810
207 1810
208 1810
209 1810
210 1810
211 1809
212 1809
213 1809
214 1809
215 1809
216 1809
217 1809
218 1809
219 1809
220 1809
221 1809
222 1809
223 1809
224 1809
225 1809
226 1808
227 1808
228 1808
229 1807
230 1807
231 1807
232 1807
233 1806
234 1806
235 1806
236 1805
237 1805
238 1804
239 1804
240 1804
241 1804
242 1804
243 1803
244 1802
245 1801
246 1800
247 1799
248 1798
249 1797
250 1796
251 1795
252 1794
253 1793
253 1792
254 1791
254 1790
254 1789
255 1788
255 1787
256 1786
256 1785
256 1784
256 1783
256 1782
256 1781
256 1780
256 1779
256 1778
256 1777
256 1776
256 1775
256 1774
256 1773
256 1772
255 1771
255 1770
255 1769
254 1768
254 1767
253 1766
252 1765
252 1764
251 1763
250 1763
249 1762
248 1761
247 1761
246 1761
245 1760
244 1760
243 1759
242 1758
241 1758
240 1757
239 1756
238 1755
237 1755
236 1754
235 1754
234 1754
233 1753
232 1753
231 1752
230 1751
229 1751
228 1751
227 1751
226 1750
225 1750
224 1749
223 1749
222 1748
221 1748
220 1747
219 1746
218 1746
217 1746
216 1745
215 1745
214 1745
213 1744
212 1744
211 1744
210 1744
209 1744
208 1744
207 1744
206 1744
