291 1477
290 1478
289 1478
288 1478
287 1478
286 1479
285 1480
284 1481
283 1482
282 1482
282 1483
281 1484
280 1484
280 1485
279 1486
278 1487
278 1488
277 1489
277 1490
277 1491
277 1492
278 1493
278 1494
278 1495
278 1496
279 1497
280 1498
281 1499
281 1500
282 1501
282 1502
283 1503
283 1504
284 1505
284 1506
285 1507
286 1508
286 1509
287 1510
288 1511
288 1512
289 1513
290 1514
290 1515
290 1516
291 1517
292 1518
292 1519
292 1520
293 1521
294 1522
295 1523
296 1524
296 1525
297 1526
298 1527
298 1528
299 1529
300 1530
301 1531
302 1532
303 1533
304 1534
305 1535
306 1535
307 1536
308 1536
309 1537
310 1538
311 1539
312 1539
313 1540
314 1541
315 1541
316 1542
316 1543
317 1543
318 1544
318 1545
319 1545
320 1546
320 1547
321 1547
322 1548
323 1549
324 1549
325 1550
326 1550
327 1551
328 1551
329 1551
330 1552
331 1553
332 1553
333 1554
334 1555
335 1555
336 1556
337 1557
338 1558
339 1559
340 1559
341 1559
342 1560
343 1561
344 1561
345 1562
346 1562
347 1563
348 1563
349 1564
350 1564
351 1565
352 1565
353 1565
354 1565
355 1566
356 1566
357 1566
358 1566
359 1566
360 1566
361 1566
362 1566
363 1567
364 1567
365 1567
366 1567
367 1568
368 1568
369 1568
370 1568
371 1568
372 1568
373 1569
374 1569
375 1569
376 1570
377 1571
378 1571
379 1571
380 1571
381 1572
382 1572
383 1572
384 1572
385 1572
386 1572
387 1573
388 1573
389 1573
390 1574
391 1575
392 1575
393 1575
394 1575
395 1576
396 1576
397 1577
398 1577
399 1577
400 1577
401 1578
402 1578
403 1578
404 1578
405 1579
406 1579
407 1579
408 1579
409 1580
410 1580
411 1580
412 1580
413 1580
414 1580
415 1581
416 1581
417 1581
418 1581
419 1582
420 1582
421 1582
422 1582
423 1582
424 1582
425 1582
426 1582
427 1583
428 1583
429 1583
430 1583
431 1584
432 1584
433 1584
434 1584
435 1584
436 1584
437 1584
438 1584
439 1585
440 1585
441 1585
442 1585
443 1586
444 1586
445 1586
446 1586
447 1586
448 1586
449 1586
450 1586
451 1586
452 1586
453 1586
454 1586
455 1586
456 1586
457 1586
458 1586
459 1586
460 1586
461 1586
462 1586
463 1586
464 1586
465 1586
466 1586
467 1586
468 1586
469 1587
470 1587
471 1587
472 1587
473 1588
474 1588
475 1588
476 1588
477 1588
478 1588
479 1589
480 1589
481 1589
482 1589
483 1590
484 1590
485 1590
486 1590
487 1590
488 1590
489 1590
490 1590
491 1590
492 1590
493 1590
494 1590
495 1590
496 1590
497 1591
498 1591
499 1591
500 1591
501 1592
502 1592
503 1592
504 1592
505 1592
506 1592
507 1592
508 1592
509 1592
510 1592
511 1592
512 1592
513 1593
514 1593
515 1593
516 1593
517 1594
518 1594
519 1594
520 1594
521 1594
522 1594
523 1594
524 1594
525 1594
526 1594
527 1594
528 1594
529 1594
530 1594
531 1594
532 1594
533 1594
534 1594
535 1595
536 1595
537 1595
538 1595
539 1596
540 1596
541 1596
542 1596
543 1596
544 1596
545 1596
546 1596
547 1596
548 1596
549 1596
550 1596
551 1596
552 1596
553 1596
554 1596
555 1596
556 1596
557 1596
558 1596
559 1596
560 1596
561 1596
562 1596
563 1596
564 1596
565 1597
566 1597
567 1597
568 1597
569 1598
570 1598
571 1598
572 1598
573 1598
574 1598
575 1599
576 1599
577 1599
578 1599
579 1600
580 1600
581 1600
582 1600
583 1600
584 1600
585 1600
586 1600
587 1600
588 1600
589 1600
590 1600
591 1600
592 1600
593 1600
594 1600
595 1600
596 1600
597 1600
598 1600
599 1600
600 1600
601 1600
602 1600
603 1600
604 1600
605 1600
606 1600
607 1600
608 1600
609 1600
610 1600
611 1600
612 1600
613 1600
614 1600
615 1600
616 1600
617 1600
618 1600
619 1600
620 1600
621 1600
622 1600
623 1600
624 1600
625 1600
626 1600
627 1600
628 1600
629 1600
630 1600
631 1600
632 1600
633 1600
634 1600
635 1600
636 1600
637 1600
638 1600
639 1600
640 1600
641 1600
642 1600
643 1600
644 1600
645 1600
646 1600
647 1600
648 1600
649 1600
650 1600
651 1600
652 1600
653 1600
654 1600
655 1600
656 1600
657 1600
658 1600
659 1600
660 1600
661 1600
662 1600
663 1600
664 1600
665 1600
666 1600
667 1600
668 1600
669 1600
670 1600
671 1600
672 1600
673 1600
674 1600
675 1600
676 1600
677 1601
678 1601
679 1601
680 1601
681 1602
682 1602
683 1602
684 1602
685 1602
686 1602
687 1602
688 1602
689 1602
690 1602
691 1602
692 1602
693 1602
694 1602
695 1602
696 1602
697 1602
698 1602
699 1602
700 1602
701 1602
702 1602
703 1602
704 1602
705 1602
706 1602
707 1602
708 1602
709 1602
710 1602
711 1602
712 1602
713 1602
714 1602
715 1602
716 1602
717 1601
718 1601
719 1601
720 1601
721 1600
722 1600
723 1600
724 1600
725 1600
726 1600
727 1600
728 1600
729 1600
730 1600
731 1600
732 1600
733 1600
734 1600
735 1600
736 1600
737 1599
738 1599
739 1599
740 1599
741 1598
742 1598
743 1598
744 1598
745 1598
746 1598
747 1598
748 1598
749 1598
750 1598
751 1598
752 1598
753 1598
754 1598
755 1598
756 1598
757 1598
758 1598
759 1597
760 1597
761 1597
762 1597
763 1596
764 1596
765 1596
766 1596
767 1596
768 1596
769 1595
770 1595
771 1595
772 1595
773 1594
774 1594
775 1594
776 1594
777 1593
778 1593
779 1593
780 1593
781 1592
782 1592
783 1592
784 1592
785 1591
786 1591
787 1591
788 1591
789 1590
790 1590
791 1590
792 1590
793 1589
794 1589
795 1589
796 1589
797 1588
798 1588
799 1587
800 1587
801 1587
802 1586
803 1585
804 1584
804 1583
804 1582
804 1581
804 1580
804 1579
805 1578
805 1577
806 1576
806 1575
807 1574
808 1573
809 1572
809 1571
809 1570
809 1569
810 1568
810 1567
810 1566
810 1565
810 1564
810 1563
810 1562
810 1561
810 1560
810 1559
810 1558
810 1557
810 1556
810 1555
810 1554
810 1553
810 1552
810 1551
810 1550
810 1549
810 1548
810 1547
810 1546
810 1545
810 1544
810 1543
810 1542
810 1541
810 1540
810 1539
810 1538
810 1537
810 1536
810 1535
809 1534
808 1533
807 1532
806 1532
805 1531
804 1530
803 1530
802 1529
801 1529
800 1528
799 1528
798 1527
797 1527
796 1527
795 1527
794 1526
793 1526
792 1525
791 1525
790 1524
789 1524
788 1523
787 1523
786 1523
785 1523
784 1522
783 1522
782 1522
781 1521
780 1520
779 1520
778 1520
777 1520
776 1519
775 1519
774 1519
773 1519
772 1519
771 1519
770 1519
769 1519
768 1519
767 1519
766 1519
765 1519
764 1519
763 1519
762 1519
761 1519
760 1519
759 1519
758 1518
757 1518
756 1518
755 1517
754 1516
753 1516
752 1515
751 1515
750 1514
749 1514
748 1513
747 1513
746 1513
745 1513
744 1513
743 1513
742 1513
741 1513
740 1512
739 1512
738 1512
737 1512
736 1511
735 1511
734 1511
733 1511
732 1511
731 1511
730 1510
729 1510
728 1510
727 1510
726 1509
725 1509
724 1509
723 1509
722 1509
721 1509
720 1509
719 1509
718 1509
717 1509
716 1509
715 1509
714 1509
713 1509
712 1509
711 1509
710 1509
709 1509
708 1509
707 1509
706 1509
705 1509
704 1508
703 1508
702 1508
701 1508
700 1507
699 1507
698 1507
697 1507
696 1507
695 1507
694 1507
693 1507
692 1507
691 1507
690 1506
689 1506
688 1506
687 1506
686 1505
685 1505
684 1504
683 1504
682 1504
681 1504
680 1503
679 1503
678 1503
677 1503
676 1503
675 1503
674 1503
673 1503
672 1502
671 1502
670 1502
669 1502
668 1501
667 1501
666 1500
665 1500
664 1500
663 1500
662 1499
661 1499
660 1499
659 1499
658 1498
657 1498
656 1498
655 1498
654 1497
653 1497
652 1497
651 1497
650 1497
649 1497
648 1497
647 1497
646 1497
645 1497
644 1497
643 1497
642 1497
641 1497
640 1497
639 1497
638 1497
637 1497
636 1497
635 1497
634 1498
633 1498
632 1498
631 1498
630 1499
629 1499
628 1499
627 1499
626 1499
625 1499
624 1499
623 1499
622 1499
621 1499
620 1499
619 1499
618 1499
617 1499
616 1498
615 1498
614 1498
613 1497
612 1496
611 1496
610 1496
609 1496
608 1495
607 1495
606 1495
605 1495
604 1494
603 1494
602 1493
601 1493
600 1492
599 1492
598 1491
597 1491
596 1491
595 1491
594 1490
593 1490
592 1490
591 1490
590 1489
589 1489
588 1489
587 1489
586 1489
585 1489
584 1489
583 1489
582 1489
581 1489
580 1489
579 1489
578 1489
577 1489
576 1489
575 1489
574 1489
573 1489
572 1489
571 1489
570 1489
569 1489
568 1488
567 1488
566 1488
565 1488
564 1487
563 1487
562 1487
561 1487
560 1487
559 1487
558 1487
557 1487
556 1487
555 1487
554 1486
553 1486
552 1486
551 1486
550 1485
549 1485
548 1485
547 1485
546 1485
545 1485
544 1485
543 1485
542 1485
541 1485
540 1485
539 1485
538 1485
537 1485
536 1485
535 1485
534 1485
533 1485
532 1485
531 1485
530 1485
529 1485
528 1485
527 1485
526 1485
525 1485
524 1484
523 1484
522 1484
521 1484
520 1483
519 1483
518 1483
517 1483
516 1483
515 1483
514 1483
513 1483
512 1483
511 1483
510 1483
509 1483
508 1483
507 1483
506 1483
505 1483
504 1483
503 1483
502 1483
501 1483
500 1483
499 1483
498 1483
497 1483
496 1483
495 1483
494 1483
493 1483
492 1483
491 1483
490 1483
489 1483
488 1483
487 1483
486 1484
485 1484
484 1484
483 1484
482 1485
481 1485
480 1485
479 1485
478 1485
477 1485
476 1485
475 1485
474 1485
473 1485
472 1485
471 1485
470 1485
469 1485
468 1485
467 1485
466 1485
465 1485
464 1485
463 1485
462 1485
461 1485
460 1485
459 1485
458 1485
457 1485
456 1485
455 1485
454 1485
453 1485
452 1485
451 1485
450 1484
449 1484
448 1484
447 1484
446 1483
445 1483
444 1483
443 1483
442 1483
441 1483
440 1483
439 1483
438 1483
437 1483
436 1483
435 1483
434 1483
433 1483
432 1483
431 1483
430 1483
429 1483
428 1483
427 1483
426 1483
425 1483
424 1483
423 1483
422 1483
421 1483
420 1483
419 1483
418 1483
417 1483
416 1483
415 1483
414 1483
413 1483
412 1483
411 1483
410 1483
409 1483
408 1483
407 1483
406 1483
405 1483
404 1483
403 1483
402 1483
401 1483
400 1483
399 1483
398 1482
397 1482
396 1482
395 1482
394 1481
393 1481
392 1481
391 1481
390 1481
389 1481
388 1481
387 1481
386 1480
385 1480
384 1480
383 1480
382 1479
381 1479
380 1479
379 1479
378 1479
377 1479
376 1479
375 1479
374 1479
373 1479
372 1479
371 1479
370 1478
369 1478
368 1478
367 1478
366 1477
365 1477
364 1477
363 1477
362 1477
361 1477
360 1477
359 1477
358 1477
357 1477
356 1477
355 1477
354 1477
353 1477
352 1477
351 1477
350 1477
349 1477
348 1477
347 1477
346 1477
345 1477
344 1477
343 1477
342 1477
341 1477
340 1477
339 1477
338 1477
337 1477
336 1477
335 1477
334 1477
333 1477
332 1477
331 1477
330 1477
329 1477
328 1477
327 1477
326 1477
325 1477
324 1478
323 1478
322 1478
321 1478
320 1479
319 1479
318 1479
317 1479
316 1479
315 1479
314 1479
313 1479
312 1479
311 1479
310 1479
309 1479
308 1479
307 1479
306 1479
305 1479
304 1479
303 1479
302 1479
301 1479
300 1479
299 1479
298 1479
297 1479
296 1478
295 1478
294 1478
293 1478
292 1477
291 1477
