408 873
407 874
406 874
405 874
404 874
403 875
402 875
401 876
400 876
399 877
398 877
397 878
397 879
397 880
397 881
397 882
397 883
397 884
397 885
397 886
397 887
397 888
397 889
398 890
399 891
400 892
401 892
402 892
403 892
404 892
405 892
406 892
407 891
408 891
409 891
410 891
411 891
412 891
413 891
414 891
415 891
416 891
417 891
418 891
419 891
420 891
421 892
422 892
423 891
424 891
425 891
426 891
427 892
428 892
429 892
430 893
431 893
432 893
433 894
434 894
435 894
436 894
437 894
438 894
439 894
440 894
441 893
442 893
443 893
444 894
445 894
446 894
447 894
448 894
449 894
450 895
451 895
452 896
453 896
454 896
455 896
456 896
457 896
458 896
459 896
460 896
461 895
462 894
463 893
463 892
464 891
465 890
465 889
465 888
465 887
464 886
464 885
464 884
464 883
464 882
464 881
463 881
462 881
461 882
460 882
459 882
458 882
457 883
456 882
455 883
454 883
453 883
452 883
451 883
450 883
449 882
448 881
447 881
446 880
445 880
444 880
443 879
442 878
441 877
440 877
439 876
438 876
437 876
436 875
435 875
434 874
433 874
432 874
431 874
430 873
429 873
428 873
427 873
426 873
425 873
424 873
423 873
422 873
421 873
420 873
419 873
418 873
417 873
416 873
415 873
414 873
413 873
412 873
411 873
410 873
409 873
408 873
