509 754
508 755
507 755
506 755
505 755
504 755
503 755
502 755
501 755
500 755
499 755
498 755
497 756
496 756
495 756
494 756
493 756
492 756
491 756
490 756
489 756
488 756
487 756
486 756
485 756
484 756
483 756
482 756
481 756
480 756
479 756
478 756
477 756
476 756
475 756
474 756
473 756
472 756
471 756
470 756
469 756
468 756
467 756
466 756
465 756
464 756
463 756
462 756
461 756
460 756
459 756
458 756
457 756
456 756
455 756
454 756
453 756
452 756
451 756
450 756
449 756
448 756
447 756
446 756
445 756
444 756
443 756
442 756
441 756
440 756
439 757
438 757
437 758
436 758
435 759
434 759
433 760
432 761
431 761
430 762
429 763
428 763
427 764
426 765
425 765
424 765
423 766
423 767
423 768
423 769
423 770
423 771
423 772
423 773
424 774
424 775
425 776
425 777
426 778
427 779
428 780
429 781
430 782
431 782
432 783
433 783
434 783
435 784
436 784
437 784
438 785
439 785
440 786
441 787
442 787
443 788
444 788
445 789
446 790
447 790
448 791
449 792
450 793
451 794
452 794
453 795
454 795
455 796
456 797
457 797
458 797
459 798
460 798
461 799
462 799
463 800
464 801
465 802
466 802
467 802
468 803
469 803
470 803
471 804
472 804
473 805
474 806
475 807
476 808
477 809
478 810
479 811
480 812
481 813
482 814
483 815
484 815
485 816
486 816
487 817
488 817
489 818
490 818
491 818
492 818
493 818
494 818
495 818
496 818
497 818
498 818
499 818
500 818
501 819
502 819
503 819
504 820
505 820
506 820
507 821
508 821
509 821
510 821
511 820
512 820
513 820
514 819
515 818
516 817
517 817
518 816
519 815
520 815
521 815
522 815
523 815
524 815
525 815
526 815
527 815
528 815
529 815
530 815
531 815
532 815
533 815
534 815
535 815
536 815
537 815
538 815
539 815
540 815
541 815
542 815
543 815
544 814
545 814
546 814
547 813
548 813
549 813
550 813
551 813
552 812
553 812
554 812
555 812
556 812
557 811
558 811
559 811
560 811
561 811
561 810
561 809
561 808
562 807
563 806
564 805
565 804
566 803
566 802
567 801
567 800
567 799
568 798
568 797
568 796
568 795
568 794
568 793
568 792
568 791
568 790
568 789
568 788
568 787
568 786
568 785
568 784
568 783
568 782
568 781
568 780
568 779
567 778
567 777
567 776
566 775
566 774
565 774
564 773
563 773
562 772
561 771
560 771
559 770
558 770
557 769
556 769
555 769
554 768
553 768
552 767
551 767
550 766
549 765
548 765
547 765
546 764
545 764
544 764
543 764
542 763
541 763
540 762
539 762
538 761
537 761
536 760
535 760
534 759
533 759
532 758
531 758
530 757
529 757
528 756
527 756
526 755
525 755
524 754
523 754
522 754
521 754
520 754
519 754
518 754
517 754
516 754
515 754
514 754
513 754
512 754
511 754
510 754
509 754
