477 1210
476 1211
475 1211
474 1211
473 1212
472 1213
471 1214
470 1215
470 1216
470 1217
470 1218
470 1219
470 1220
470 1221
471 1222
471 1223
472 1224
472 1225
472 1226
473 1227
473 1228
473 1229
474 1230
475 1231
475 1232
476 1233
477 1234
478 1235
479 1236
480 1237
480 1238
480 1239
481 1240
481 1241
481 1242
482 1243
483 1244
483 1245
484 1246
484 1247
485 1248
486 1249
487 1250
488 1251
489 1252
490 1253
490 1254
490 1255
491 1256
492 1257
493 1258
494 1259
495 1260
496 1261
497 1262
498 1263
499 1264
499 1265
500 1266
501 1267
502 1268
502 1269
503 1270
504 1271
504 1272
505 1273
506 1274
507 1275
508 1276
509 1277
510 1278
511 1279
511 1280
512 1281
513 1282
514 1283
515 1284
516 1285
517 1286
518 1287
519 1288
520 1289
521 1290
522 1291
523 1292
524 1293
525 1294
526 1294
527 1295
528 1296
529 1297
530 1298
531 1299
532 1299
533 1300
534 1300
535 1301
536 1301
537 1301
538 1301
539 1301
540 1301
541 1301
542 1300
543 1300
544 1300
545 1300
546 1300
547 1300
548 1300
549 1300
550 1300
551 1300
552 1300
553 1300
554 1300
555 1300
556 1301
557 1301
558 1302
559 1302
560 1302
561 1302
562 1303
563 1303
564 1304
565 1304
566 1304
567 1305
568 1304
569 1304
570 1304
571 1304
572 1304
573 1304
574 1304
575 1304
576 1305
577 1305
578 1305
579 1306
580 1306
581 1306
582 1306
583 1306
584 1305
585 1305
586 1304
587 1303
588 1303
589 1302
590 1302
591 1301
592 1301
593 1300
594 1300
595 1299
596 1299
597 1298
598 1297
599 1297
600 1297
601 1296
602 1295
603 1295
604 1294
605 1294
606 1293
607 1293
608 1292
609 1291
610 1291
611 1290
612 1290
613 1290
614 1289
615 1289
616 1289
617 1288
618 1288
619 1288
620 1288
621 1288
622 1288
623 1287
624 1287
625 1287
626 1287
627 1287
628 1286
629 1285
630 1284
631 1284
632 1283
633 1283
634 1283
635 1282
636 1282
637 1282
638 1281
639 1280
640 1279
641 1279
642 1278
643 1278
644 1277
645 1277
646 1277
647 1277
648 1276
649 1275
650 1274
651 1273
652 1272
653 1271
653 1270
654 1269
653 1268
654 1267
654 1266
655 1265
655 1264
656 1263
656 1262
656 1261
656 1260
656 1259
657 1258
657 1257
657 1256
657 1255
657 1254
657 1253
657 1252
656 1251
656 1250
656 1249
655 1248
654 1247
653 1246
652 1245
651 1244
650 1244
649 1243
648 1242
647 1242
646 1241
645 1240
644 1239
643 1238
642 1237
641 1236
640 1235
639 1234
638 1233
637 1232
636 1231
635 1230
634 1229
633 1229
632 1229
631 1229
630 1229
629 1229
628 1229
627 1230
626 1230
625 1230
624 1231
623 1231
622 1231
621 1232
620 1232
619 1232
618 1233
617 1233
616 1233
615 1234
614 1234
613 1234
612 1234
611 1235
610 1235
609 1235
608 1235
607 1235
606 1234
605 1234
604 1233
603 1232
602 1232
601 1232
600 1232
599 1232
598 1232
597 1232
596 1232
595 1232
594 1232
593 1232
592 1232
591 1232
590 1232
589 1232
588 1232
587 1233
586 1233
585 1233
584 1234
583 1234
582 1235
581 1235
580 1235
579 1235
578 1235
577 1236
576 1236
575 1237
574 1237
573 1237
572 1237
571 1237
570 1237
569 1237
568 1237
567 1237
566 1237
565 1236
564 1236
563 1236
562 1236
561 1236
560 1236
559 1236
558 1236
557 1236
556 1235
555 1235
554 1235
553 1235
552 1235
551 1235
550 1235
549 1235
548 1234
547 1234
546 1234
545 1233
544 1233
543 1233
542 1232
541 1232
540 1232
539 1231
538 1230
537 1229
536 1228
535 1228
534 1227
533 1227
532 1227
531 1226
530 1226
529 1226
528 1226
527 1226
526 1225
525 1225
524 1225
523 1224
522 1224
521 1223
520 1222
519 1221
518 1220
517 1219
516 1218
515 1218
514 1217
513 1217
512 1217
511 1217
510 1217
509 1216
508 1216
507 1216
506 1216
505 1216
504 1216
503 1215
502 1215
501 1214
500 1214
499 1214
498 1214
497 1213
496 1213
495 1213
494 1212
493 1212
492 1212
491 1212
490 1212
489 1211
488 1211
487 1211
486 1211
485 1210
484 1210
483 1210
482 1210
481 1210
480 1210
479 1210
478 1210
477 1210
