418 419
417 420
416 420
415 420
414 420
413 421
412 421
411 421
410 421
409 421
408 422
408 423
407 424
406 425
405 426
405 427
406 428
407 429
408 430
409 430
410 430
411 430
412 431
413 431
414 431
415 432
416 432
417 433
418 433
419 434
420 435
421 435
422 436
423 436
424 437
425 437
426 438
427 438
428 438
429 438
430 438
431 439
432 439
433 439
434 439
435 440
436 440
437 440
438 441
439 440
440 440
441 440
442 440
443 441
444 441
445 441
446 441
447 441
448 441
449 441
450 441
451 441
452 441
453 440
454 440
455 440
456 440
457 440
458 440
459 440
460 440
461 439
462 439
463 438
464 438
465 438
466 437
467 437
468 437
469 436
470 436
471 436
472 436
473 436
474 435
475 434
476 434
477 433
478 432
478 431
478 430
478 429
478 428
479 427
479 426
479 425
478 424
477 423
476 422
476 421
475 421
474 420
473 420
472 420
471 420
470 419
469 419
468 419
467 419
466 419
465 419
464 419
463 420
462 420
461 420
460 420
459 420
458 420
457 421
456 421
455 421
454 421
453 421
452 421
451 421
450 421
449 421
448 421
447 421
446 422
445 422
444 422
443 422
442 422
441 422
440 421
439 421
438 421
437 421
436 421
435 421
434 421
433 421
432 421
431 421
430 421
429 421
428 421
427 421
426 421
425 420
424 420
423 420
422 419
421 419
420 419
419 419
418 419
