1331 754
1330 755
1329 755
1328 755
1327 755
1326 756
1325 756
1324 756
1323 756
1322 757
1321 757
1320 757
1319 758
1318 758
1317 759
1316 759
1315 759
1314 759
1313 759
1312 759
1311 759
1310 759
1309 759
1308 759
1307 759
1306 760
1305 760
1304 760
1303 760
1302 760
1301 761
1300 761
1299 761
1298 761
1297 761
1296 761
1295 761
1294 761
1293 761
1292 761
1291 761
1290 761
1289 761
1288 761
1287 761
1286 761
1285 761
1284 761
1283 761
1282 761
1281 761
1280 761
1279 761
1278 761
1277 761
1276 761
1275 761
1274 761
1273 761
1272 761
1271 761
1270 761
1269 761
1268 761
1267 762
1266 762
1265 762
1264 762
1263 762
1262 762
1261 763
1260 763
1259 763
1258 764
1257 764
1256 764
1255 764
1254 764
1253 764
1252 764
1251 764
1250 764
1249 764
1248 764
1247 764
1246 764
1245 764
1244 765
1243 765
1242 766
1241 766
1240 767
1239 767
1238 767
1237 767
1236 767
1235 767
1234 767
1233 768
1232 768
1231 768
1230 769
1229 769
1228 769
1227 769
1226 769
1225 769
1224 769
1223 769
1222 769
1221 769
1220 769
1219 769
1218 769
1217 770
1216 770
1215 770
1214 770
1213 770
1212 770
1211 770
1210 770
1209 770
1208 770
1207 770
1206 770
1205 770
1204 770
1203 770
1202 770
1201 770
1200 770
1199 770
1198 770
1197 770
1196 770
1195 770
1194 770
1193 770
1192 770
1191 770
1190 770
1189 770
1188 770
1187 770
1186 770
1185 770
1184 770
1183 770
1182 770
1181 770
1180 770
1179 770
1178 770
1177 770
1176 770
1175 770
1174 770
1173 770
1172 770
1171 770
1170 770
1169 770
1168 770
1167 770
1166 770
1165 770
1164 770
1163 770
1162 770
1161 770
1160 770
1159 770
1158 770
1157 770
1156 770
1155 770
1154 770
1153 770
1152 770
1151 770
1150 770
1149 770
1148 770
1147 770
1146 769
1145 769
1144 769
1143 769
1142 769
1141 769
1140 768
1139 768
1138 768
1137 767
1136 767
1135 767
1134 767
1133 767
1132 767
1131 767
1130 767
1129 767
1128 767
1127 767
1126 767
1125 767
1124 767
1123 767
1122 767
1121 767
1120 767
1119 767
1118 767
1117 767
1116 768
1115 768
1114 768
1113 769
1112 769
1111 769
1110 769
1109 769
1108 769
1107 769
1106 769
1105 769
1104 769
1103 769
1102 769
1101 769
1100 769
1099 769
1098 769
1097 769
1096 769
1095 769
1094 769
1093 769
1092 769
1091 769
1090 769
1089 769
1088 769
1087 769
1086 769
1085 769
1084 769
1083 769
1082 769
1081 769
1080 769
1079 770
1078 770
1077 770
1076 770
1075 770
1074 771
1073 771
1072 771
1071 771
1070 771
1069 771
1068 771
1067 771
1066 771
1065 771
1064 771
1063 772
1062 772
1061 773
1060 773
1059 773
1058 774
1057 774
1056 774
1055 774
1054 774
1053 774
1052 774
1051 775
1050 775
1049 776
1048 777
1047 778
1046 778
1045 779
1044 780
1043 781
1042 782
1042 783
1041 784
1041 785
1041 786
1041 787
1040 788
1039 789
1039 790
1039 791
1039 792
1039 793
1039 794
1039 795
1040 796
1041 797
1041 798
1041 799
1041 800
1041 801
1042 802
1042 803
1043 804
1043 805
1044 806
1044 807
1045 808
1046 809
1047 810
1048 811
1049 812
1050 813
1051 814
1052 815
1053 816
1054 817
1055 818
1056 819
1057 819
1058 820
1059 820
1060 821
1061 821
1062 822
1063 822
1064 823
1065 824
1066 824
1067 825
1068 826
1069 826
1070 827
1071 827
1072 828
1073 828
1074 829
1075 830
1076 831
1077 832
1078 832
1079 833
1080 833
1081 833
1082 833
1083 833
1084 833
1085 833
1086 833
1087 833
1088 834
1089 834
1090 835
1091 836
1092 836
1093 837
1094 837
1095 838
1096 838
1097 839
1098 840
1099 841
1100 841
1101 841
1102 842
1103 843
1104 844
1105 845
1106 845
1107 846
1108 846
1109 847
1110 848
1111 848
1112 849
1113 849
1114 849
1115 850
1116 850
1117 851
1118 851
1119 852
1120 852
1121 853
1122 854
1123 854
1124 854
1125 854
1126 854
1127 855
1128 855
1129 856
1130 857
1131 858
1132 859
1133 859
1134 859
1135 860
1136 860
1137 861
1138 861
1139 861
1140 861
1141 861
1142 862
1143 862
1144 862
1145 863
1146 863
1147 864
1148 864
1149 864
1150 864
1151 864
1152 865
1153 865
1154 865
1155 866
1156 866
1157 866
1158 866
1159 866
1160 867
1161 867
1162 868
1163 869
1164 869
1165 869
1166 870
1167 870
1168 871
1169 871
1170 871
1171 871
1172 872
1173 872
1174 872
1175 872
1176 872
1177 872
1178 873
1179 874
1180 874
1181 874
1182 875
1183 876
1184 876
1185 877
1186 877
1187 877
1188 877
1189 877
1190 877
1191 878
1192 878
1193 879
1194 879
1195 880
1196 880
1197 880
1198 880
1199 880
1200 880
1201 880
1202 880
1203 880
1204 880
1205 880
1206 880
1207 880
1208 880
1209 880
1210 880
1211 880
1212 880
1213 880
1214 880
1215 880
1216 881
1217 881
1218 881
1219 882
1220 882
1221 882
1222 881
1223 881
1224 881
1225 880
1226 880
1227 880
1228 880
1229 880
1230 880
1231 880
1232 880
1233 880
1234 880
1235 880
1236 880
1237 880
1238 881
1239 881
1240 881
1241 882
1242 882
1243 882
1244 882
1245 882
1246 882
1247 882
1248 883
1249 883
1250 883
1251 883
1252 883
1253 883
1254 883
1255 883
1256 883
1257 883
1258 883
1259 883
1260 883
1261 883
1262 883
1263 883
1264 883
1265 883
1266 884
1267 884
1268 884
1269 884
1270 884
1271 884
1272 884
1273 883
1274 883
1275 883
1276 883
1277 883
1278 883
1279 883
1280 882
1281 882
1282 882
1283 881
1284 881
1285 881
1286 880
1287 880
1288 880
1289 879
1290 879
1291 879
1292 878
1293 878
1294 877
1295 877
1296 877
1297 876
1298 876
1299 876
1300 875
1301 875
1302 875
1303 874
1304 874
1305 874
1306 873
1307 873
1308 872
1309 872
1310 872
1311 871
1312 870
1313 869
1314 869
1315 868
1316 867
1317 867
1318 866
1319 865
1320 865
1321 864
1322 864
1323 864
1324 863
1325 862
1326 862
1327 861
1328 861
1329 860
1330 860
1331 859
1332 858
1333 858
1334 858
1335 857
1336 856
1337 856
1338 855
1339 855
1340 854
1341 854
1342 853
1343 852
1344 851
1345 850
1346 849
1347 849
1348 849
1349 848
1350 848
1351 847
1352 846
1353 845
1354 845
1355 844
1356 844
1357 843
1358 843
1359 842
1360 841
1361 840
1361 839
1362 838
1362 837
1362 836
1362 835
1362 834
1362 833
1362 832
1363 831
1363 830
1363 829
1363 828
1363 827
1363 826
1363 825
1363 824
1364 823
1364 822
1364 821
1364 820
1364 819
1364 818
1364 817
1364 816
1365 815
1365 814
1365 813
1365 812
1365 811
1365 810
1365 809
1365 808
1365 807
1365 806
1364 805
1364 804
1364 803
1364 802
1364 801
1364 800
1364 799
1364 798
1364 797
1364 796
1364 795
1364 794
1364 793
1364 792
1363 791
1363 790
1362 789
1362 788
1362 787
1362 786
1362 785
1362 784
1361 783
1361 782
1361 781
1360 780
1360 779
1360 778
1360 777
1360 776
1360 775
1360 774
1360 773
1360 772
1360 771
1360 770
1359 769
1359 768
1358 767
1358 766
1357 765
1357 764
1356 763
1355 762
1355 761
1355 760
1354 759
1353 758
1352 757
1351 756
1350 755
1349 754
1348 754
1347 754
1346 754
1345 754
1344 754
1343 754
1342 754
1341 754
1340 754
1339 754
1338 754
1337 754
1336 754
1335 754
1334 754
1333 754
1332 754
1331 754
