1563 2242
1562 2243
1561 2244
1560 2245
1560 2246
1560 2247
1560 2248
1560 2249
1561 2250
1561 2251
1562 2252
1562 2253
1563 2254
1564 2255
1565 2256
1566 2257
1566 2258
1567 2259
1567 2260
1568 2261
1568 2262
1568 2263
1569 2264
1569 2265
1570 2266
1570 2267
1571 2268
1571 2269
1572 2270
1572 2271
1572 2272
1572 2273
1572 2274
1572 2275
1572 2276
1573 2277
1573 2278
1574 2279
1574 2280
1574 2281
1575 2282
1575 2283
1575 2284
1575 2285
1576 2286
1576 2287
1576 2288
1576 2289
1576 2290
1577 2291
1578 2292
1578 2293
1578 2294
1578 2295
1578 2296
1578 2297
1578 2298
1578 2299
1578 2300
1578 2301
1578 2302
1578 2303
1578 2304
1578 2305
1578 2306
1578 2307
1578 2308
1578 2309
1578 2310
1578 2311
1578 2312
1578 2313
1578 2314
1578 2315
1578 2316
1578 2317
1578 2318
1578 2319
1578 2320
1578 2321
1579 2322
1579 2323
1579 2324
1580 2325
1580 2326
1580 2327
1581 2328
1582 2328
1583 2329
1584 2329
1585 2330
1586 2330
1587 2330
1588 2331
1589 2332
1590 2333
1590 2334
1591 2335
1591 2336
1591 2337
1591 2338
1592 2339
1593 2340
1594 2341
1595 2341
1596 2341
1597 2341
1598 2341
1599 2341
1600 2341
1601 2342
1602 2342
1603 2342
1604 2342
1605 2342
1606 2342
1607 2343
1608 2343
1609 2343
1610 2344
1611 2344
1612 2344
1613 2344
1614 2344
1615 2343
1616 2343
1617 2343
1618 2342
1619 2342
1620 2342
1621 2342
1622 2342
1623 2342
1624 2342
1625 2342
1626 2342
1627 2341
1628 2340
1629 2340
1630 2339
1631 2339
1632 2339
1633 2338
1634 2338
1635 2337
1636 2337
1637 2336
1638 2335
1639 2334
1640 2333
1641 2332
1642 2331
1643 2330
1644 2329
1645 2328
1645 2327
1646 2326
1647 2325
1648 2324
1649 2323
1650 2322
1651 2321
1652 2320
1653 2320
1654 2320
1655 2320
1656 2320
1657 2320
1658 2320
1659 2320
1660 2320
1661 2320
1662 2320
1663 2320
1664 2320
1665 2320
1666 2319
1667 2319
1668 2319
1669 2319
1670 2319
1671 2319
1672 2319
1673 2319
1674 2319
1675 2319
1676 2319
1677 2319
1678 2319
1679 2319
1680 2319
1681 2319
1682 2319
1683 2319
1684 2319
1685 2319
1686 2319
1687 2319
1688 2318
1689 2318
1690 2318
1691 2317
1692 2317
1692 2316
1693 2315
1693 2314
1693 2313
1693 2312
1693 2311
1693 2310
1693 2309
1693 2308
1693 2307
1693 2306
1693 2305
1693 2304
1693 2303
1693 2302
1693 2301
1694 2300
1695 2299
1696 2298
1696 2297
1697 2296
1697 2295
1698 2294
1698 2293
1699 2292
1699 2291
1698 2290
1698 2289
1698 2288
1698 2287
1698 2286
1697 2285
1697 2284
1697 2283
1696 2282
1695 2281
1694 2280
1693 2279
1692 2278
1691 2277
1690 2276
1689 2275
1688 2274
1687 2273
1686 2272
1685 2271
1684 2270
1683 2269
1682 2269
1681 2268
1680 2267
1679 2267
1678 2267
1677 2266
1676 2266
1675 2266
1674 2266
1673 2266
1672 2266
1671 2266
1670 2266
1669 2266
1668 2266
1667 2266
1666 2266
1665 2266
1664 2266
1663 2266
1662 2266
1661 2266
1660 2267
1659 2267
1658 2267
1657 2268
1656 2268
1655 2269
1654 2269
1653 2269
1652 2269
1651 2269
1650 2269
1649 2269
1648 2269
1647 2269
1646 2269
1645 2269
1644 2269
1643 2269
1642 2269
1641 2269
1640 2269
1639 2269
1638 2269
1637 2269
1636 2269
1635 2269
1634 2269
1633 2269
1632 2269
1631 2268
1630 2268
1629 2267
1628 2267
1627 2266
1626 2266
1625 2265
1624 2264
1623 2263
1622 2263
1621 2262
1620 2262
1619 2262
1618 2262
1617 2262
1616 2262
1615 2261
1614 2261
1613 2260
1612 2259
1611 2258
1610 2258
1609 2257
1608 2257
1607 2257
1606 2257
1605 2257
1604 2257
1603 2257
1602 2257
1601 2257
1600 2256
1599 2256
1598 2256
1597 2255
1596 2255
1595 2254
1594 2254
1593 2254
1592 2253
1591 2253
1590 2252
1589 2252
1588 2251
1587 2250
1586 2249
1585 2249
1584 2248
1583 2247
1582 2246
1581 2246
1580 2245
1579 2244
1578 2244
1577 2244
1576 2244
1575 2244
1574 2244
1573 2243
1572 2242
1571 2242
1570 2242
1569 2242
1568 2242
1567 2242
1566 2242
1565 2242
1564 2242
1563 2242
