1646 462
1645 463
1644 463
1643 463
1642 464
1641 464
1640 464
1639 464
1638 465
1637 465
1636 465
1635 465
1634 465
1633 465
1632 465
1631 465
1630 466
1629 466
1628 466
1627 466
1626 466
1625 467
1624 467
1623 467
1622 467
1621 467
1620 467
1619 467
1618 467
1617 467
1616 467
1615 467
1614 467
1613 468
1612 468
1611 468
1610 468
1609 468
1608 468
1607 468
1606 468
1605 468
1604 468
1603 468
1602 468
1601 468
1600 468
1599 468
1598 468
1597 468
1596 468
1595 468
1594 468
1593 468
1592 468
1591 468
1590 468
1589 468
1588 468
1587 468
1586 468
1585 469
1584 469
1583 469
1582 470
1581 470
1580 470
1579 470
1578 470
1577 470
1576 470
1575 471
1574 472
1573 472
1572 473
1571 474
1570 475
1569 475
1568 475
1567 475
1566 475
1565 476
1564 477
1563 478
1562 478
1561 478
1560 479
1559 479
1558 479
1557 480
1556 480
1555 479
1554 479
1553 479
1552 478
1551 478
1550 478
1549 478
1548 478
1547 478
1546 478
1545 478
1544 478
1543 478
1542 479
1541 479
1540 479
1539 480
1538 480
1537 480
1536 480
1535 479
1534 479
1533 479
1532 478
1531 478
1530 478
1529 478
1528 479
1527 479
1526 479
1525 480
1524 480
1523 480
1522 480
1521 480
1520 480
1519 480
1518 480
1517 480
1516 480
1515 480
1514 480
1513 480
1512 480
1511 480
1510 480
1509 480
1508 480
1507 480
1506 480
1505 480
1504 481
1503 481
1502 482
1501 482
1500 482
1499 483
1498 483
1497 484
1496 485
1496 486
1495 487
1495 488
1494 489
1494 490
1494 491
1493 492
1493 493
1493 494
1493 495
1493 496
1493 497
1493 498
1493 499
1493 500
1493 501
1493 502
1492 503
1492 504
1492 505
1491 506
1491 507
1491 508
1490 509
1490 510
1490 511
1490 512
1490 513
1490 514
1490 515
1489 516
1488 517
1488 518
1488 519
1487 520
1487 521
1487 522
1487 523
1487 524
1487 525
1486 526
1486 527
1486 528
1485 529
1485 530
1485 531
1484 532
1484 533
1484 534
1484 535
1484 536
1484 537
1485 538
1485 539
1486 540
1487 541
1488 542
1489 543
1490 543
1491 543
1492 543
1493 543
1494 543
1495 543
1496 543
1497 543
1498 543
1499 543
1500 542
1501 542
1502 542
1503 541
1504 541
1505 540
1506 540
1507 540
1508 539
1509 539
1510 539
1511 539
1512 539
1513 539
1514 539
1515 538
1516 538
1517 538
1518 538
1519 537
1520 537
1521 537
1522 537
1523 537
1524 537
1525 537
1526 537
1527 537
1528 537
1529 537
1530 537
1531 537
1532 537
1533 537
1534 537
1535 537
1536 537
1537 537
1538 537
1539 537
1540 537
1541 537
1542 538
1543 538
1544 538
1545 539
1546 539
1547 539
1548 540
1549 540
1550 540
1551 541
1552 541
1553 541
1554 541
1555 541
1556 542
1557 542
1558 543
1559 543
1560 543
1561 544
1562 543
1563 543
1564 543
1565 543
1566 543
1567 543
1568 543
1569 543
1570 543
1571 543
1572 543
1573 543
1574 543
1575 543
1576 542
1577 542
1578 542
1579 542
1580 542
1581 542
1582 542
1583 542
1584 541
1585 541
1586 541
1587 541
1588 541
1589 541
1590 541
1591 541
1592 541
1593 541
1594 541
1595 541
1596 541
1597 542
1598 542
1599 542
1600 542
1601 542
1602 542
1603 543
1604 543
1605 543
1606 543
1607 543
1608 543
1609 542
1610 542
1611 542
1612 541
1613 541
1614 540
1615 540
1616 540
1617 539
1618 539
1619 539
1620 539
1621 539
1622 539
1623 539
1624 540
1625 540
1626 540
1627 541
1628 541
1629 541
1630 541
1631 541
1632 541
1633 541
1634 542
1635 542
1636 541
1637 541
1638 541
1639 541
1640 541
1641 541
1642 542
1643 542
1644 543
1645 543
1646 543
1647 543
1648 543
1649 543
1650 542
1651 542
1652 542
1653 541
1654 541
1655 541
1656 541
1657 541
1658 541
1659 541
1660 540
1661 540
1662 540
1663 539
1664 539
1665 539
1666 539
1667 539
1668 538
1669 538
1670 538
1671 538
1672 537
1673 538
1674 538
1675 538
1676 538
1677 538
1678 538
1679 538
1680 538
1681 538
1682 538
1683 538
1684 538
1685 538
1686 538
1687 537
1688 537
1689 537
1690 537
1691 537
1692 537
1693 537
1694 537
1695 536
1696 536
1697 536
1698 536
1699 536
1700 536
1701 536
1702 536
1703 536
1704 536
1705 535
1706 535
1707 535
1708 534
1709 534
1710 534
1711 534
1712 534
1713 534
1714 534
1715 534
1716 534
1717 533
1718 533
1719 533
1720 532
1721 532
1722 532
1723 531
1724 531
1725 530
1726 530
1727 530
1728 529
1729 529
1730 529
1731 529
1732 529
1733 529
1734 530
1735 529
1736 529
1737 528
1738 527
1739 526
1740 525
1741 524
1742 523
1742 522
1742 521
1742 520
1742 519
1742 518
1742 517
1741 516
1740 515
1740 514
1739 513
1738 512
1738 511
1737 510
1736 509
1736 508
1735 507
1734 506
1734 505
1733 504
1732 503
1731 502
1730 501
1729 500
1728 499
1727 498
1726 497
1725 496
1724 495
1723 494
1722 493
1721 492
1720 491
1719 491
1718 490
1717 489
1716 488
1715 488
1714 487
1713 486
1712 485
1711 484
1710 484
1709 483
1708 482
1707 482
1706 481
1705 481
1704 480
1703 479
1702 479
1701 478
1700 478
1699 478
1698 477
1697 476
1696 476
1695 475
1694 475
1693 475
1692 475
1691 475
1690 474
1689 474
1688 473
1687 472
1686 472
1685 471
1684 470
1683 470
1682 469
1681 469
1680 469
1679 469
1678 468
1677 468
1676 468
1675 468
1674 468
1673 468
1672 468
1671 467
1670 466
1669 466
1668 466
1667 466
1666 466
1665 466
1664 465
1663 465
1662 465
1661 465
1660 465
1659 464
1658 464
1657 464
1656 463
1655 464
1654 463
1653 463
1652 463
1651 463
1650 462
1649 462
1648 462
1647 462
1646 462
