1255 196
1254 197
1253 198
1252 198
1251 198
1250 198
1249 198
1248 198
1247 199
1246 199
1245 199
1244 199
1243 199
1242 199
1241 199
1240 200
1239 200
1238 200
1237 201
1236 201
1235 201
1234 201
1233 201
1232 201
1231 201
1230 201
1229 201
1228 201
1227 201
1226 201
1225 201
1224 201
1223 201
1222 201
1221 201
1220 201
1219 202
1218 202
1217 202
1216 202
1215 202
1214 202
1213 202
1212 202
1211 202
1210 202
1209 202
1208 202
1207 202
1206 202
1205 202
1204 202
1203 202
1202 202
1201 202
1200 202
1199 202
1198 202
1197 202
1196 202
1195 202
1194 203
1193 203
1192 204
1191 204
1190 204
1189 204
1188 205
1187 205
1186 205
1185 206
1184 206
1183 206
1182 207
1181 207
1180 207
1179 207
1178 208
1177 208
1176 209
1175 209
1174 210
1173 210
1172 211
1171 211
1170 212
1169 212
1168 212
1167 213
1166 214
1165 215
1164 215
1163 216
1162 216
1161 217
1160 217
1159 218
1158 219
1157 219
1156 220
1155 220
1154 221
1153 221
1152 222
1151 223
1150 224
1149 224
1148 225
1147 225
1146 226
1145 226
1144 227
1143 227
1142 228
1141 229
1140 230
1139 231
1138 232
1137 233
1137 234
1137 235
1137 236
1137 237
1137 238
1137 239
1137 240
1137 241
1138 241
1139 241
1140 241
1141 241
1142 241
1143 241
1144 241
1145 241
1146 241
1147 241
1148 241
1149 241
1150 241
1151 241
1152 241
1153 241
1154 241
1155 241
1156 241
1157 242
1158 242
1159 242
1160 242
1161 242
1162 242
1163 242
1164 242
1165 242
1166 243
1167 243
1168 243
1169 244
1170 244
1171 244
1172 244
1173 244
1174 244
1175 244
1176 244
1177 244
1178 244
1179 244
1180 244
1181 244
1182 244
1183 244
1184 244
1185 244
1186 244
1187 244
1188 244
1189 244
1190 244
1191 244
1192 244
1193 244
1194 244
1195 245
1196 245
1197 245
1198 246
1199 246
1200 246
1201 247
1202 247
1203 247
1204 247
1205 247
1206 247
1207 247
1208 247
1209 247
1210 247
1211 247
1212 247
1213 247
1214 247
1215 247
1216 247
1217 247
1218 247
1219 248
1220 248
1221 248
1222 248
1223 248
1224 248
1225 248
1226 248
1227 248
1228 248
1229 248
1230 248
1231 248
1232 248
1233 248
1234 248
1235 248
1236 248
1237 248
1238 248
1239 248
1240 249
1241 249
1242 249
1243 250
1244 250
1245 250
1246 250
1247 251
1248 250
1249 250
1250 251
1251 251
1252 251
1253 252
1254 252
1255 252
1256 252
1257 252
1258 252
1259 252
1260 252
1261 252
1262 251
1263 251
1263 250
1264 249
1264 248
1264 247
1264 246
1264 245
1264 244
1264 243
1264 242
1264 241
1264 240
1264 239
1265 238
1266 237
1267 236
1268 235
1268 234
1269 233
1269 232
1270 231
1271 230
1271 229
1272 228
1273 227
1273 226
1273 225
1274 224
1274 223
1274 222
1275 221
1275 220
1275 219
1275 218
1275 217
1275 216
1275 215
1276 214
1276 213
1276 212
1276 211
1276 210
1276 209
1276 208
1275 207
1275 206
1275 205
1275 204
1274 203
1274 202
1273 201
1273 200
1272 200
1271 199
1270 199
1269 198
1268 198
1267 198
1266 198
1265 198
1264 197
1263 197
1262 197
1261 196
1260 196
1259 196
1258 196
1257 196
1256 196
1255 196
