860 1322
859 1323
858 1323
857 1323
856 1324
855 1325
854 1325
853 1326
852 1326
851 1327
850 1328
849 1328
848 1329
847 1330
846 1331
845 1332
844 1333
844 1334
843 1335
843 1336
842 1337
842 1338
841 1339
840 1340
839 1341
838 1342
837 1343
836 1344
835 1345
834 1346
833 1347
832 1347
831 1348
830 1348
829 1349
828 1349
827 1349
826 1350
825 1351
824 1352
823 1353
822 1354
821 1355
820 1356
819 1357
818 1358
817 1359
816 1360
815 1361
815 1362
814 1363
814 1364
814 1365
813 1366
812 1367
811 1368
810 1369
809 1369
808 1369
807 1369
806 1369
805 1370
805 1371
804 1372
804 1373
803 1374
804 1375
804 1376
805 1377
805 1378
806 1379
806 1380
807 1381
808 1382
809 1383
810 1384
811 1384
812 1385
813 1385
814 1386
815 1386
816 1387
817 1387
818 1388
819 1388
820 1389
821 1389
822 1390
823 1390
824 1391
825 1392
826 1392
827 1393
828 1394
829 1395
830 1395
831 1396
832 1397
833 1397
834 1398
835 1398
836 1399
837 1400
838 1400
839 1401
840 1402
841 1402
842 1403
843 1403
844 1404
845 1404
846 1404
847 1404
848 1405
849 1405
850 1405
851 1405
852 1405
853 1405
854 1405
855 1405
856 1405
857 1405
858 1405
859 1405
860 1405
861 1405
862 1404
863 1404
864 1404
865 1404
866 1404
867 1404
868 1403
869 1403
870 1402
871 1401
872 1401
873 1401
874 1401
875 1401
876 1401
877 1401
878 1401
879 1401
880 1400
881 1400
882 1400
883 1399
884 1399
885 1398
886 1398
887 1398
888 1397
889 1397
890 1396
891 1396
892 1396
893 1396
894 1395
895 1395
896 1394
897 1394
898 1394
899 1394
900 1394
901 1394
902 1394
903 1394
904 1394
905 1394
906 1394
907 1394
908 1394
909 1394
910 1394
911 1394
912 1393
913 1393
914 1393
915 1393
916 1393
917 1392
918 1392
919 1392
920 1391
921 1391
922 1390
923 1390
924 1390
925 1390
926 1390
927 1390
928 1390
929 1390
930 1390
931 1390
932 1390
933 1390
934 1390
935 1390
936 1390
937 1389
938 1389
939 1389
940 1388
941 1388
942 1388
943 1388
944 1388
945 1388
946 1388
947 1388
948 1388
949 1388
950 1388
951 1388
952 1388
953 1388
954 1388
955 1388
956 1389
957 1389
958 1390
959 1391
960 1392
961 1393
962 1394
963 1394
964 1394
965 1394
966 1394
967 1393
968 1393
969 1393
970 1393
971 1393
972 1393
973 1392
974 1392
975 1391
976 1390
977 1389
978 1388
978 1387
978 1386
978 1385
978 1384
978 1383
979 1382
979 1381
980 1380
981 1379
982 1378
983 1377
984 1376
985 1375
986 1374
987 1373
988 1372
989 1372
990 1371
991 1371
992 1370
993 1369
993 1368
994 1367
995 1366
995 1365
996 1364
996 1363
997 1362
997 1361
997 1360
997 1359
997 1358
997 1357
997 1356
997 1355
997 1354
997 1353
996 1352
995 1351
994 1350
993 1349
992 1348
991 1347
990 1346
989 1346
988 1346
987 1345
986 1345
985 1345
984 1344
983 1344
982 1343
981 1343
980 1343
979 1343
978 1342
977 1342
976 1342
975 1341
974 1341
973 1341
972 1341
971 1341
970 1341
969 1341
968 1341
967 1340
966 1340
965 1340
964 1340
963 1340
962 1340
961 1340
960 1340
959 1340
958 1340
957 1340
956 1340
955 1339
954 1338
953 1338
952 1337
951 1337
950 1336
949 1336
948 1336
947 1335
946 1335
945 1335
944 1334
943 1334
942 1334
941 1334
940 1334
939 1334
938 1334
937 1334
936 1334
935 1334
934 1334
933 1334
932 1333
931 1333
930 1332
929 1332
928 1331
927 1331
926 1330
925 1329
924 1328
923 1327
922 1327
921 1326
920 1326
919 1325
918 1325
917 1325
916 1325
915 1324
914 1324
913 1324
912 1324
911 1324
910 1324
909 1324
908 1324
907 1324
906 1324
905 1324
904 1324
903 1324
902 1324
901 1325
900 1325
899 1325
898 1324
897 1323
896 1323
895 1322
894 1322
893 1322
892 1322
891 1322
890 1322
889 1322
888 1323
887 1323
886 1323
885 1323
884 1323
883 1323
882 1323
881 1323
880 1323
879 1323
878 1323
877 1323
876 1323
875 1323
874 1322
873 1322
872 1322
871 1322
870 1322
869 1322
868 1322
867 1322
866 1322
865 1322
864 1322
863 1322
862 1322
861 1322
860 1322
