871 1391
870 1392
869 1392
868 1392
867 1392
866 1392
865 1392
864 1392
863 1392
862 1392
861 1393
860 1393
859 1393
858 1393
857 1393
856 1394
855 1394
854 1394
853 1395
852 1395
851 1395
850 1395
849 1395
848 1395
847 1396
846 1396
845 1396
844 1396
843 1396
842 1397
841 1397
840 1398
839 1398
838 1398
837 1398
836 1398
835 1398
834 1399
833 1399
832 1400
831 1401
830 1401
829 1402
828 1403
827 1403
826 1403
825 1404
824 1405
823 1405
822 1406
821 1406
820 1406
819 1407
818 1408
817 1408
816 1409
815 1409
814 1410
813 1411
812 1412
811 1412
810 1413
809 1414
808 1414
807 1415
806 1415
805 1415
804 1416
803 1416
802 1416
801 1416
800 1417
799 1417
798 1417
797 1418
796 1418
795 1419
794 1419
793 1419
792 1420
791 1420
790 1421
789 1421
788 1421
787 1422
786 1422
785 1422
784 1422
783 1422
782 1422
781 1423
780 1423
779 1423
778 1423
777 1424
776 1424
775 1425
774 1426
773 1427
772 1428
771 1429
770 1430
769 1430
768 1431
767 1432
766 1432
765 1433
764 1434
763 1435
762 1436
761 1437
760 1438
759 1439
759 1440
758 1441
759 1442
760 1443
760 1444
761 1445
762 1446
762 1447
763 1447
764 1448
765 1449
766 1449
767 1450
768 1451
769 1451
770 1452
771 1453
772 1454
773 1455
774 1455
775 1455
776 1456
777 1456
778 1457
779 1457
780 1457
781 1456
782 1456
783 1455
784 1454
785 1453
786 1453
787 1453
788 1453
789 1453
790 1452
791 1452
792 1452
793 1453
794 1454
795 1455
796 1456
797 1456
798 1457
799 1457
800 1457
801 1457
802 1457
803 1457
804 1457
805 1457
806 1458
807 1459
808 1459
809 1459
810 1459
811 1459
812 1459
813 1459
814 1459
815 1460
816 1460
817 1461
818 1461
819 1462
820 1462
821 1463
822 1463
823 1463
824 1463
825 1464
826 1465
827 1466
828 1467
828 1468
829 1469
830 1470
831 1471
832 1472
833 1473
834 1474
835 1475
836 1475
837 1474
838 1474
839 1474
840 1475
841 1475
842 1475
843 1475
844 1475
845 1476
846 1476
847 1476
848 1476
849 1476
850 1476
851 1476
852 1477
853 1477
854 1477
855 1477
856 1477
857 1477
858 1477
859 1477
860 1477
861 1477
862 1477
863 1477
864 1477
865 1477
866 1477
867 1477
868 1478
869 1478
870 1479
871 1479
872 1479
873 1480
874 1480
875 1480
876 1480
877 1480
878 1480
879 1480
880 1480
881 1480
882 1480
883 1480
884 1480
885 1480
886 1480
887 1479
888 1479
889 1479
890 1478
891 1478
892 1477
893 1476
893 1475
894 1474
894 1473
895 1472
895 1471
896 1470
897 1469
897 1468
898 1467
898 1466
899 1465
900 1464
900 1463
900 1462
901 1461
902 1460
902 1459
902 1458
903 1457
903 1456
904 1455
905 1454
905 1453
905 1452
906 1451
907 1450
908 1449
908 1448
909 1447
909 1446
910 1445
910 1444
910 1443
911 1442
911 1441
911 1440
911 1439
911 1438
911 1437
911 1436
911 1435
911 1434
911 1433
911 1432
911 1431
911 1430
911 1429
911 1428
912 1427
912 1426
912 1425
913 1424
913 1423
913 1422
914 1421
914 1420
915 1419
915 1418
915 1417
915 1416
915 1415
915 1414
914 1413
914 1412
914 1411
914 1410
914 1409
914 1408
914 1407
914 1406
914 1405
914 1404
914 1403
914 1402
914 1401
913 1400
913 1399
913 1398
912 1397
912 1396
912 1395
912 1394
912 1393
911 1393
910 1392
909 1392
908 1392
907 1392
906 1392
905 1392
904 1392
903 1391
902 1391
901 1391
900 1391
899 1391
898 1391
897 1391
896 1391
895 1391
894 1391
893 1391
892 1391
891 1391
890 1391
889 1391
888 1391
887 1391
886 1391
885 1391
884 1391
883 1391
882 1391
881 1391
880 1391
879 1391
878 1391
877 1391
876 1391
875 1391
874 1391
873 1391
872 1391
871 1391
