835 2270
834 2271
833 2271
832 2271
831 2271
830 2271
829 2271
828 2271
827 2271
826 2271
825 2271
824 2271
823 2271
822 2271
821 2271
820 2271
819 2271
818 2271
817 2271
816 2272
815 2272
814 2272
813 2273
812 2273
811 2273
810 2273
809 2273
808 2273
807 2273
806 2274
805 2274
804 2274
803 2274
802 2274
801 2274
800 2274
799 2274
798 2275
797 2275
796 2275
795 2276
794 2276
793 2276
792 2276
791 2276
790 2276
789 2276
788 2277
787 2277
786 2277
785 2278
784 2279
783 2279
783 2280
782 2281
782 2282
782 2283
782 2284
782 2285
782 2286
782 2287
782 2288
782 2289
783 2290
783 2291
783 2292
783 2293
784 2294
784 2295
785 2296
786 2296
787 2297
788 2297
789 2298
790 2299
791 2300
792 2300
793 2300
794 2300
795 2301
796 2301
797 2301
798 2302
799 2302
800 2302
801 2303
802 2304
803 2305
804 2306
805 2307
806 2307
807 2308
808 2308
809 2308
810 2308
811 2308
812 2309
813 2309
814 2310
815 2310
816 2310
817 2311
818 2311
819 2311
820 2312
821 2312
822 2313
823 2313
824 2313
825 2313
826 2313
827 2313
828 2313
829 2313
830 2313
831 2313
832 2313
833 2313
834 2313
835 2313
836 2313
837 2313
838 2313
839 2313
840 2313
841 2313
842 2313
843 2313
844 2313
845 2313
846 2313
847 2313
848 2313
849 2313
850 2313
851 2313
852 2313
853 2312
854 2312
855 2311
856 2311
857 2310
858 2309
859 2309
860 2309
861 2309
862 2309
863 2309
864 2309
865 2309
866 2309
867 2309
868 2309
869 2309
870 2310
871 2310
872 2310
873 2310
874 2310
875 2310
876 2309
877 2308
878 2307
879 2306
880 2305
881 2304
881 2303
882 2302
882 2301
883 2300
883 2299
884 2298
884 2297
884 2296
884 2295
884 2294
884 2293
884 2292
884 2291
884 2290
884 2289
884 2288
884 2287
884 2286
884 2285
883 2284
883 2283
882 2282
881 2281
881 2280
880 2279
879 2278
878 2277
877 2277
876 2276
875 2276
874 2276
873 2276
872 2276
871 2276
870 2276
869 2275
868 2274
867 2273
866 2273
865 2273
864 2273
863 2273
862 2273
861 2272
860 2272
859 2272
858 2271
857 2271
856 2271
855 2271
854 2270
853 2270
852 2270
851 2270
850 2270
849 2270
848 2270
847 2270
846 2270
845 2270
844 2270
843 2270
842 2270
841 2270
840 2270
839 2270
838 2270
837 2270
836 2270
835 2270
