551 1530
550 1531
549 1531
548 1532
547 1533
546 1533
545 1533
544 1534
543 1535
542 1536
541 1537
540 1538
539 1539
538 1539
537 1540
536 1541
535 1542
534 1543
533 1544
532 1545
531 1545
530 1546
529 1547
528 1547
527 1548
526 1549
525 1550
524 1551
523 1551
522 1551
521 1552
520 1552
519 1552
518 1553
517 1553
516 1554
515 1554
514 1555
513 1555
512 1556
511 1557
510 1558
510 1559
509 1560
509 1561
510 1562
510 1563
510 1564
511 1565
511 1566
512 1567
512 1568
512 1569
512 1570
513 1571
514 1572
514 1573
514 1574
514 1575
514 1576
514 1577
514 1578
514 1579
514 1580
514 1581
514 1582
513 1583
512 1584
511 1585
510 1586
510 1587
509 1588
509 1589
509 1590
509 1591
510 1592
510 1593
511 1594
512 1595
513 1596
514 1597
515 1598
515 1599
516 1600
516 1601
516 1602
516 1603
516 1604
516 1605
516 1606
516 1607
516 1608
516 1609
516 1610
516 1611
516 1612
516 1613
517 1614
517 1615
517 1616
517 1617
517 1618
517 1619
518 1620
519 1621
519 1622
519 1623
519 1624
519 1625
519 1626
520 1627
520 1628
521 1629
521 1630
522 1631
523 1632
524 1633
524 1634
525 1634
526 1634
527 1634
528 1634
529 1634
530 1635
531 1635
532 1636
533 1636
534 1636
535 1636
536 1636
537 1636
538 1637
538 1638
538 1639
539 1640
540 1641
541 1641
542 1641
543 1642
544 1642
545 1643
546 1644
547 1644
548 1644
549 1644
550 1644
551 1644
552 1644
553 1644
554 1644
555 1644
556 1644
557 1644
558 1644
559 1644
560 1644
561 1644
562 1644
563 1644
564 1644
565 1644
566 1644
567 1644
568 1643
569 1643
570 1643
571 1643
572 1642
573 1642
574 1642
575 1642
576 1642
577 1642
578 1642
579 1642
580 1642
581 1642
582 1642
583 1642
584 1642
585 1641
586 1641
587 1641
588 1641
589 1641
590 1641
591 1641
592 1641
593 1641
594 1641
595 1641
596 1641
597 1640
598 1640
599 1640
600 1639
601 1639
602 1639
603 1638
604 1638
605 1638
606 1638
607 1638
608 1638
609 1638
610 1638
611 1637
612 1637
613 1637
614 1636
615 1636
616 1636
617 1636
618 1636
619 1635
620 1635
621 1634
622 1634
623 1633
624 1633
625 1633
626 1632
627 1632
628 1632
629 1631
630 1630
631 1629
632 1628
633 1627
634 1627
635 1626
636 1626
637 1626
638 1626
639 1627
640 1626
641 1626
642 1625
643 1625
644 1625
645 1624
646 1624
647 1623
648 1623
649 1623
650 1622
651 1623
652 1623
653 1623
654 1623
655 1623
656 1623
657 1622
658 1621
659 1621
660 1621
661 1621
662 1621
663 1621
664 1621
665 1622
666 1623
667 1623
668 1624
669 1624
670 1624
671 1624
672 1624
673 1624
674 1624
675 1624
676 1624
677 1624
678 1624
679 1624
680 1624
681 1624
682 1624
683 1624
684 1624
685 1623
686 1623
687 1622
688 1621
689 1621
690 1620
691 1620
692 1619
693 1619
694 1618
695 1618
696 1617
697 1617
698 1616
699 1615
700 1615
701 1614
702 1613
702 1612
703 1611
703 1610
703 1609
703 1608
703 1607
703 1606
703 1605
703 1604
703 1603
704 1602
704 1601
704 1600
704 1599
704 1598
704 1597
704 1596
704 1595
704 1594
704 1593
704 1592
704 1591
704 1590
704 1589
703 1588
702 1587
701 1586
700 1585
699 1584
698 1583
697 1582
696 1581
695 1580
694 1579
693 1579
692 1578
691 1577
690 1576
689 1575
688 1574
687 1573
686 1572
685 1571
684 1570
683 1569
682 1569
681 1568
680 1568
679 1567
678 1567
677 1567
676 1567
675 1567
674 1567
673 1567
672 1567
671 1567
670 1567
669 1567
668 1567
667 1566
666 1565
665 1565
664 1564
663 1563
662 1563
661 1562
660 1562
659 1562
658 1562
657 1561
656 1560
655 1560
654 1560
653 1560
652 1559
651 1559
650 1558
649 1557
648 1557
647 1557
646 1557
645 1557
644 1557
643 1557
642 1557
641 1557
640 1557
639 1556
638 1556
637 1555
636 1554
635 1554
634 1553
633 1552
632 1551
631 1550
630 1550
629 1550
628 1550
627 1550
626 1549
625 1549
624 1548
623 1547
622 1547
621 1546
620 1545
619 1545
618 1545
617 1545
616 1545
615 1545
614 1544
613 1544
612 1543
611 1542
610 1542
609 1541
608 1540
607 1539
606 1538
605 1538
604 1537
603 1537
602 1537
601 1537
600 1537
599 1537
598 1537
597 1537
596 1537
595 1536
594 1536
593 1536
592 1536
591 1536
590 1536
589 1536
588 1536
587 1536
586 1536
585 1536
584 1536
583 1536
582 1535
581 1535
580 1534
579 1534
578 1534
577 1534
576 1534
575 1534
574 1534
573 1534
572 1534
571 1533
570 1533
569 1533
568 1532
567 1532
566 1532
565 1532
564 1532
563 1532
562 1531
561 1531
560 1530
559 1530
558 1530
557 1530
556 1530
555 1530
554 1530
553 1530
552 1530
551 1530
