211 926
210 927
209 927
208 927
207 927
206 927
205 927
204 927
203 927
202 928
201 928
200 929
199 929
198 929
197 930
196 930
195 930
194 931
193 931
192 931
191 931
190 932
189 932
188 932
187 932
186 932
185 932
184 932
183 932
182 933
181 933
180 934
179 934
178 934
177 935
176 935
175 935
174 935
173 935
172 936
171 936
170 937
169 937
168 937
167 937
166 938
165 938
165 939
165 940
165 941
166 942
167 943
168 944
169 944
170 944
171 945
172 945
173 945
174 945
175 945
176 946
177 947
178 947
179 947
180 948
181 948
182 949
183 949
184 949
185 949
186 950
187 950
188 950
189 951
190 952
191 952
192 953
193 953
194 953
195 954
196 954
197 954
198 955
199 955
200 955
201 955
202 955
203 955
204 955
205 956
206 956
207 957
208 958
209 958
210 958
211 959
212 959
213 959
214 959
215 960
216 960
217 960
218 960
219 961
220 961
221 962
222 962
223 962
224 963
225 963
226 963
227 963
228 964
229 964
230 964
231 964
232 965
233 965
234 965
235 965
236 966
237 966
238 966
239 966
240 967
241 967
242 967
243 967
244 968
245 968
246 969
247 969
248 970
249 970
250 971
251 972
252 972
253 972
254 973
255 973
256 973
257 973
258 973
259 974
260 974
261 974
262 975
263 975
264 975
265 975
266 975
267 975
268 975
269 975
270 975
271 975
272 975
273 975
274 975
275 975
276 976
277 976
278 976
279 976
280 976
281 977
282 977
283 977
284 977
285 977
286 977
287 977
288 977
289 977
290 978
291 978
292 978
293 978
294 978
295 978
296 978
297 978
298 978
299 978
300 978
301 978
302 979
303 979
304 979
305 980
306 980
307 980
308 980
309 980
310 980
311 980
312 980
313 980
314 980
315 981
316 981
317 981
318 981
319 981
320 981
321 981
322 981
323 981
324 981
325 981
326 981
327 981
328 981
329 980
330 980
331 980
332 980
333 979
334 979
335 978
336 978
337 977
338 977
339 977
340 977
341 977
342 977
343 977
344 976
345 975
346 975
347 974
348 974
349 973
350 973
351 972
352 971
353 971
354 970
355 969
355 968
355 967
356 966
356 965
356 964
356 963
356 962
356 961
356 960
356 959
355 958
354 957
354 956
353 955
352 954
351 953
351 952
351 951
351 950
351 949
350 948
349 947
348 946
347 946
346 945
345 944
344 943
343 942
342 941
341 940
340 939
339 938
338 937
337 937
336 936
335 935
334 935
333 934
332 933
331 933
330 932
329 932
328 932
327 932
326 932
325 932
324 932
323 932
322 932
321 932
320 932
319 932
318 932
317 931
316 931
315 931
314 931
313 931
312 931
311 932
310 932
309 932
308 932
307 932
306 932
305 932
304 932
303 932
302 932
301 932
300 932
299 932
298 932
297 932
296 932
295 932
294 932
293 932
292 932
291 932
290 932
289 932
288 932
287 932
286 932
285 932
284 932
283 932
282 932
281 932
280 933
279 933
278 933
277 933
276 933
275 933
274 933
273 933
272 933
271 933
270 933
269 933
268 933
267 933
266 933
265 933
264 933
263 933
262 933
261 933
260 933
259 933
258 932
257 932
256 932
255 932
254 932
253 932
252 932
251 931
250 931
249 931
248 931
247 931
246 931
245 931
244 930
243 930
242 929
241 929
240 929
239 928
238 928
237 927
236 927
235 927
234 926
233 926
232 926
231 926
230 926
229 926
228 926
227 926
226 926
225 926
224 926
223 926
222 926
221 926
220 926
219 926
218 926
217 926
216 926
215 926
214 926
213 926
212 926
211 926
