275 1448
274 1449
273 1449
272 1449
271 1449
270 1449
269 1449
268 1449
267 1449
266 1449
265 1449
264 1449
263 1449
262 1449
261 1449
260 1449
259 1449
258 1449
257 1449
256 1449
255 1449
254 1449
253 1449
252 1449
251 1449
250 1449
249 1449
248 1449
247 1449
246 1449
245 1449
244 1450
243 1450
242 1450
241 1451
240 1451
239 1451
238 1451
237 1452
236 1453
236 1454
236 1455
235 1456
235 1457
236 1458
236 1459
236 1460
237 1461
237 1462
237 1463
237 1464
237 1465
237 1466
237 1467
238 1468
239 1469
240 1470
240 1471
240 1472
241 1473
241 1474
241 1475
242 1476
242 1477
242 1478
242 1479
243 1480
244 1481
244 1482
245 1483
246 1483
247 1484
248 1485
249 1485
250 1486
251 1487
252 1487
253 1487
254 1487
255 1487
256 1487
257 1488
258 1488
259 1488
260 1488
261 1488
262 1488
263 1489
264 1489
265 1489
266 1489
267 1489
268 1489
269 1489
270 1489
271 1489
272 1489
273 1489
274 1489
275 1489
276 1489
277 1489
278 1489
279 1489
280 1489
281 1489
282 1489
283 1489
284 1489
285 1489
286 1489
287 1489
288 1489
289 1489
290 1489
291 1489
292 1489
293 1489
294 1489
295 1489
296 1489
297 1489
298 1489
299 1489
300 1489
301 1489
302 1489
303 1489
304 1489
305 1489
306 1489
307 1489
308 1489
309 1489
310 1489
311 1489
312 1489
313 1489
314 1489
315 1489
316 1488
317 1487
318 1486
319 1485
320 1484
321 1483
322 1482
323 1481
324 1480
325 1479
326 1478
326 1477
326 1476
326 1475
326 1474
326 1473
326 1472
326 1471
326 1470
326 1469
325 1468
325 1467
325 1466
325 1465
324 1464
324 1463
323 1462
323 1461
322 1460
321 1459
320 1459
319 1458
318 1457
317 1457
316 1456
315 1456
314 1456
313 1455
312 1455
311 1454
310 1454
309 1453
308 1453
307 1453
306 1452
305 1452
304 1451
303 1451
302 1451
301 1451
300 1451
299 1450
298 1450
297 1450
296 1449
295 1449
294 1449
293 1448
292 1448
291 1448
290 1448
289 1448
288 1448
287 1448
286 1448
285 1448
284 1448
283 1448
282 1448
281 1448
280 1448
279 1448
278 1448
277 1448
276 1448
275 1448
