611 1328
610 1329
609 1329
608 1329
607 1329
606 1329
605 1329
604 1329
603 1329
602 1329
601 1329
600 1329
599 1329
598 1330
597 1330
596 1330
595 1331
594 1331
593 1332
592 1332
591 1333
590 1333
589 1333
588 1333
587 1333
586 1334
585 1334
584 1335
583 1336
582 1337
581 1338
580 1338
579 1338
578 1339
577 1339
576 1340
575 1340
574 1341
573 1341
572 1342
571 1342
570 1343
569 1344
568 1345
567 1345
566 1345
565 1346
564 1346
563 1347
562 1348
561 1348
560 1349
559 1350
558 1350
557 1351
556 1351
555 1352
554 1352
553 1353
552 1353
551 1354
550 1355
549 1355
548 1356
547 1356
546 1357
545 1357
544 1358
543 1359
542 1360
541 1361
541 1362
541 1363
540 1364
541 1365
541 1366
541 1367
542 1368
543 1369
544 1370
545 1371
546 1372
547 1372
548 1373
549 1373
550 1373
551 1374
552 1374
553 1375
554 1376
555 1376
556 1377
557 1377
558 1377
559 1377
560 1377
561 1377
562 1377
563 1377
564 1377
565 1378
566 1378
567 1379
568 1380
569 1380
570 1380
571 1380
572 1380
573 1380
574 1380
575 1380
576 1381
577 1381
578 1381
579 1381
580 1382
581 1382
582 1382
583 1383
584 1383
585 1384
586 1384
587 1385
588 1385
589 1386
590 1386
591 1387
592 1388
593 1389
594 1390
595 1391
596 1392
596 1393
596 1394
596 1395
597 1396
597 1397
598 1398
599 1398
600 1399
601 1400
602 1401
603 1401
604 1401
605 1401
606 1401
607 1402
608 1402
609 1403
610 1404
611 1404
612 1405
613 1405
614 1405
615 1405
616 1405
617 1405
618 1405
619 1405
620 1405
621 1405
622 1405
623 1405
624 1405
625 1405
626 1405
627 1405
628 1405
629 1406
630 1406
631 1406
632 1406
633 1406
634 1406
635 1406
636 1406
637 1406
638 1406
639 1405
640 1405
641 1404
642 1404
643 1403
644 1403
645 1402
646 1402
647 1401
648 1401
649 1401
650 1401
651 1401
652 1401
653 1400
654 1399
655 1398
655 1397
656 1396
657 1395
658 1394
658 1393
659 1392
659 1391
659 1390
660 1389
661 1388
661 1387
662 1386
662 1385
662 1384
662 1383
662 1382
662 1381
663 1380
663 1379
663 1378
664 1377
664 1376
664 1375
664 1374
664 1373
664 1372
664 1371
664 1370
664 1369
664 1368
664 1367
664 1366
664 1365
664 1364
664 1363
664 1362
664 1361
664 1360
664 1359
664 1358
663 1357
663 1356
662 1355
661 1354
660 1353
659 1352
658 1351
657 1350
656 1349
655 1348
654 1347
653 1346
652 1345
651 1345
650 1344
649 1343
648 1342
647 1341
646 1340
645 1339
644 1339
643 1338
642 1337
641 1337
640 1337
639 1337
638 1337
637 1337
636 1336
635 1335
634 1335
633 1334
632 1333
632 1332
631 1332
630 1331
629 1331
628 1330
627 1330
626 1330
625 1329
624 1329
623 1329
622 1329
621 1329
620 1329
619 1329
618 1329
617 1329
616 1328
615 1328
614 1328
613 1328
612 1328
611 1328
