2127 571
2126 572
2125 572
2124 573
2123 574
2122 574
2121 575
2120 576
2119 576
2118 577
2117 577
2116 577
2115 577
2114 577
2113 577
2112 577
2111 577
2110 577
2109 577
2108 577
2107 577
2106 577
2105 577
2104 577
2103 577
2102 577
2101 577
2100 577
2099 577
2098 577
2097 577
2096 576
2095 576
2094 576
2093 576
2092 575
2091 575
2090 575
2089 575
2088 575
2087 575
2086 576
2085 576
2084 577
2083 577
2082 578
2081 578
2080 579
2079 579
2078 579
2077 579
2076 580
2075 580
2074 580
2073 580
2072 581
2071 582
2070 582
2069 582
2068 583
2067 584
2066 585
2065 585
2064 586
2063 586
2062 587
2061 588
2060 589
2059 590
2058 590
2057 591
2056 592
2055 592
2054 593
2053 594
2052 595
2052 596
2051 597
2051 598
2050 599
2050 600
2049 601
2049 602
2048 603
2047 604
2046 605
2046 606
2045 607
2045 608
2044 609
2044 610
2043 611
2043 612
2043 613
2043 614
2043 615
2043 616
2043 617
2043 618
2043 619
2043 620
2042 621
2042 622
2041 623
2040 624
2040 625
2039 626
2038 626
2038 627
2037 628
2036 629
2035 630
2034 631
2034 632
2033 633
2033 634
2032 635
2032 636
2031 637
2031 638
2031 639
2031 640
2030 641
2030 642
2030 643
2029 644
2028 645
2028 646
2027 647
2027 648
2026 649
2025 650
2024 651
2024 652
2023 653
2022 654
2022 655
2021 656
2020 656
2020 657
2019 658
2018 658
2018 659
2017 660
2016 660
2016 661
2015 662
2014 662
2014 663
2013 664
2012 664
2012 665
2011 666
2010 666
2010 667
2009 668
2008 668
2008 669
2007 670
2006 670
2006 671
2005 672
2004 673
2003 674
2002 675
2002 676
2001 677
2000 678
2000 679
1999 680
1998 680
1998 681
1997 682
1996 682
1996 683
1995 684
1994 685
1993 686
1992 687
1992 688
1992 689
1991 690
1990 691
1990 692
1989 693
1989 694
1988 695
1987 696
1986 697
1986 698
1986 699
1985 700
1984 701
1984 702
1983 703
1982 704
1982 705
1981 706
1980 706
1980 707
1979 708
1978 708
1977 709
1976 710
1975 710
1974 711
1973 712
1972 713
1971 714
1970 714
1970 715
1969 716
1968 717
1967 718
1966 719
1966 720
1965 721
1965 722
1964 723
1963 724
1962 725
1962 726
1962 727
1961 728
1960 729
1960 730
1959 731
1958 732
1958 733
1957 734
1956 734
1956 735
1955 736
1954 736
1954 737
1953 738
1952 738
1952 739
1951 740
1950 740
1950 741
1949 742
1948 742
1947 743
1946 744
1945 744
1944 745
1943 746
1942 747
1941 747
1940 748
1939 748
1938 749
1937 749
1936 750
1935 750
1934 751
1933 752
1932 752
1931 753
1930 754
1929 754
1928 755
1927 756
1926 756
1925 756
1924 757
1923 758
1922 758
1921 758
1920 759
1919 759
1918 759
1917 759
1916 759
1915 759
1914 759
1913 759
1912 760
1911 760
1910 760
1909 760
1908 761
1907 762
1906 762
1905 762
1904 763
1903 764
1902 765
1901 765
1900 766
1899 766
1898 767
1897 767
1896 768
1895 768
1894 768
1893 768
1892 769
1891 770
1890 771
1889 772
1888 773
1887 774
1886 775
1885 775
1884 776
1883 776
1882 776
1881 776
1880 777
1879 778
1878 779
1877 779
1876 780
1875 780
1874 781
1873 781
1872 782
1871 782
1870 783
1869 783
1868 784
1867 784
1866 785
1865 786
1864 786
1863 786
1862 787
1861 787
1860 788
1859 788
1858 788
1857 788
1856 789
1855 789
1854 789
1853 789
1852 789
1851 789
1850 789
1849 789
1848 789
1847 789
1846 789
1845 789
1844 790
1843 790
1842 791
1841 792
1840 792
1840 793
1839 794
1838 795
1837 796
1836 797
1836 798
1836 799
1835 800
1834 801
1834 802
1833 803
1832 804
1831 804
1830 805
1829 806
1828 807
1827 808
1826 808
1826 809
1825 810
1824 810
1824 811
1823 812
1822 812
1821 813
1820 814
1819 814
1818 815
1817 816
1816 817
1815 817
1814 818
1813 818
1812 819
1811 820
1810 820
1809 820
1808 821
1807 822
1806 823
1805 824
1804 824
1804 825
1803 826
1802 826
1802 827
1801 828
1800 828
1800 829
1799 830
1798 830
1798 831
1797 832
1796 832
1796 833
1795 834
1794 834
1794 835
1793 836
1792 836
1792 837
1791 838
1790 838
1790 839
1789 840
1788 840
1787 841
1786 842
1785 842
1784 843
1783 844
1782 844
1781 844
1780 845
1779 846
1778 846
1777 846
1776 847
1775 848
1774 849
1773 850
1772 850
1772 851
1771 852
1770 852
1770 853
1769 854
1768 854
1768 855
1767 856
1766 856
1766 857
1765 858
1764 858
1764 859
1763 860
1762 860
1762 861
1761 862
1760 862
1759 863
1758 864
1757 864
1756 865
1755 866
1754 867
1753 868
1752 869
1752 870
1751 871
1750 872
1750 873
1749 874
1748 874
1748 875
1747 876
1746 876
1746 877
1745 878
1744 878
1744 879
1743 880
1742 880
1742 881
1741 882
1740 882
1740 883
1739 884
1738 884
1738 885
1737 886
1736 887
1735 888
1734 889
1734 890
1733 891
1732 892
1732 893
1731 894
1730 894
1729 895
1728 896
1727 896
1726 897
1725 898
1724 899
1723 900
1722 900
1721 901
1720 902
1719 902
1718 903
1717 904
1716 905
1715 906
1714 906
1714 907
1713 908
1712 908
1712 909
1711 910
1710 910
1709 911
1708 912
1707 912
1706 913
1705 914
1704 915
1703 915
1702 916
1701 916
1700 917
1699 918
1698 919
1697 920
1696 920
1696 921
1695 922
1694 922
1694 923
1693 924
1692 924
1692 925
1691 926
1690 926
1690 927
1689 928
1688 928
1688 929
1687 930
1686 931
1686 932
1685 933
1685 934
1684 935
1684 936
1683 937
1682 938
1682 939
1681 940
1680 940
1680 941
1679 942
1678 942
1678 943
1677 944
1676 945
1675 946
1674 947
1674 948
1673 949
1673 950
1672 951
1672 952
1671 953
1671 954
1670 955
1670 956
1670 957
1669 958
1668 959
1668 960
1667 961
1666 962
1666 963
1665 964
1664 964
1664 965
1663 966
1662 966
1662 967
1661 968
1660 968
1660 969
1659 970
1658 970
1658 971
1657 972
1656 972
1656 973
1655 974
1654 974
1654 975
1653 976
1652 976
1652 977
1651 978
1650 978
1650 979
1649 980
1648 980
1647 981
1646 982
1645 982
1644 983
1643 984
1642 985
1641 986
1640 986
1640 987
1639 988
1638 988
1637 989
1636 990
1635 990
1634 991
1633 991
1632 992
1631 992
1630 993
1629 994
1628 995
1627 996
1626 997
1626 998
1626 999
1625 1000
1624 1001
1624 1002
1623 1003
1622 1004
1622 1005
1621 1006
1620 1007
1619 1008
1618 1009
1617 1010
1616 1011
1615 1012
1614 1013
1613 1014
1612 1014
1612 1015
1611 1016
1610 1016
1610 1017
1609 1018
1608 1019
1607 1020
1606 1021
1606 1022
1605 1023
1604 1024
1604 1025
1603 1026
1602 1027
1601 1028
1600 1029
1600 1030
1599 1031
1598 1032
1598 1033
1597 1034
1596 1034
1596 1035
1595 1036
1594 1036
1594 1037
1593 1038
1592 1038
1592 1039
1591 1040
1590 1041
1589 1042
1588 1043
1588 1044
1588 1045
1588 1046
1587 1047
1587 1048
1586 1049
1586 1050
1586 1051
1585 1052
1584 1053
1584 1054
1584 1055
1583 1056
1582 1057
1582 1058
1582 1059
1582 1060
1581 1061
1581 1062
1581 1063
1581 1064
1581 1065
1581 1066
1581 1067
1581 1068
1581 1069
1581 1070
1581 1071
1581 1072
1582 1073
1582 1074
1582 1075
1582 1076
1583 1077
1583 1078
1583 1079
1583 1080
1583 1081
1583 1082
1584 1083
1584 1084
1585 1085
1586 1086
1586 1087
1587 1088
1588 1089
1588 1090
1589 1091
1589 1092
1590 1093
1590 1094
1591 1095
1592 1096
1592 1097
1593 1097
1594 1098
1594 1099
1595 1099
1596 1100
1596 1101
1597 1101
1598 1102
1598 1103
1599 1103
1600 1104
1600 1105
1601 1105
1602 1106
1602 1107
1603 1107
1604 1108
1604 1109
1605 1109
1606 1110
1606 1111
1607 1111
1608 1112
1609 1113
1610 1113
1611 1114
1612 1114
1613 1115
1614 1115
1615 1116
1616 1117
1617 1117
1618 1118
1618 1119
1619 1119
1620 1120
1620 1121
1621 1122
1622 1123
1622 1124
1623 1125
1624 1126
1625 1127
1626 1128
1627 1129
1628 1130
1629 1131
1630 1131
1631 1132
1632 1133
1633 1133
1634 1134
1634 1135
1635 1135
1636 1136
1636 1137
1637 1137
1638 1138
1638 1139
1639 1139
1640 1140
1640 1141
1641 1141
1642 1142
1643 1143
1644 1143
1645 1144
1646 1144
1647 1145
1648 1145
1649 1146
1650 1146
1651 1147
1652 1148
1653 1149
1654 1149
1655 1150
1656 1151
1657 1151
1658 1152
1659 1153
1660 1154
1661 1155
1662 1155
1663 1156
1664 1157
1665 1157
1666 1158
1666 1159
1667 1159
1668 1160
1668 1161
1669 1161
1670 1162
1671 1163
1672 1163
1673 1164
1674 1164
1675 1164
1676 1164
1677 1165
1678 1165
1679 1165
1680 1166
1681 1167
1682 1167
1683 1168
1684 1169
1685 1169
1686 1170
1687 1171
1688 1171
1689 1172
1690 1172
1691 1173
1692 1173
1693 1174
1694 1175
1695 1175
1696 1176
1697 1177
1698 1177
1699 1178
1700 1178
1701 1179
1702 1179
1703 1179
1704 1180
1705 1181
1706 1181
1707 1181
1708 1182
1709 1183
1710 1183
1711 1184
1712 1184
1713 1185
1714 1186
1715 1187
1716 1187
1717 1187
1718 1187
1719 1188
1720 1188
1721 1189
1722 1189
1723 1190
1724 1190
1725 1191
1726 1191
1727 1192
1728 1192
1729 1192
1730 1192
1731 1193
1732 1193
1733 1193
1734 1193
1735 1194
1736 1194
1737 1194
1738 1194
1739 1194
1740 1194
1741 1194
1742 1194
1743 1194
1744 1194
1745 1194
1746 1194
1747 1194
1748 1194
1749 1194
1750 1194
1751 1194
1752 1194
1753 1195
1754 1195
1755 1196
1756 1196
1757 1197
1758 1197
1759 1198
1760 1198
1761 1198
1762 1198
1763 1198
1764 1198
1765 1198
1766 1198
1767 1198
1768 1198
1769 1198
1770 1198
1771 1198
1772 1198
1773 1198
1774 1198
1775 1198
1776 1198
1777 1198
1778 1198
1779 1198
1780 1198
1781 1198
1782 1198
1783 1198
1784 1198
1785 1198
1786 1198
1787 1198
1788 1198
1789 1198
1790 1198
1791 1198
1792 1198
1793 1198
1794 1198
1795 1198
1796 1198
1797 1198
1798 1198
1799 1198
1800 1198
1801 1198
1802 1198
1803 1198
1804 1198
1805 1198
1806 1198
1807 1197
1808 1197
1809 1197
1810 1197
1811 1196
1812 1196
1813 1196
1814 1196
1815 1196
1816 1196
1817 1196
1818 1196
1819 1196
1820 1196
1821 1196
1822 1196
1823 1196
1824 1196
1825 1196
1826 1196
1827 1196
1828 1196
1829 1196
1830 1196
1831 1196
1832 1196
1833 1196
1834 1196
1835 1196
1836 1196
1837 1196
1838 1196
1839 1196
1840 1196
1841 1196
1842 1196
1843 1196
1844 1196
1845 1196
1846 1196
1847 1196
1848 1196
1849 1196
1850 1196
1851 1196
1852 1196
1853 1196
1854 1196
1855 1196
1856 1196
1857 1196
1858 1196
1859 1196
1860 1196
1861 1196
1862 1196
1863 1196
1864 1196
1865 1196
1866 1196
1867 1196
1868 1196
1869 1196
1870 1196
1871 1197
1872 1197
1873 1197
1874 1197
1875 1198
1876 1198
1877 1198
1878 1198
1879 1198
1880 1198
1881 1198
1882 1198
1883 1197
1884 1197
1885 1197
1886 1197
1887 1196
1888 1195
1889 1195
1890 1195
1891 1194
1892 1194
1893 1193
1894 1193
1895 1192
1896 1192
1897 1191
1898 1191
1899 1190
1900 1190
1901 1190
1902 1190
1903 1190
1904 1190
1905 1190
1906 1190
1907 1190
1908 1190
1909 1191
1910 1191
1911 1191
1912 1191
1913 1192
1914 1192
1915 1192
1916 1192
1917 1192
1918 1192
1919 1192
1920 1192
1921 1192
1922 1192
1923 1192
1924 1192
1925 1192
1926 1192
1927 1192
1928 1192
1929 1192
1930 1192
1931 1192
1932 1192
1933 1192
1934 1192
1935 1192
1936 1192
1937 1192
1938 1192
1939 1192
1940 1192
1941 1192
1942 1192
1943 1192
1944 1192
1945 1192
1946 1192
1947 1192
1948 1192
1949 1193
1950 1193
1951 1193
1952 1193
1953 1194
1954 1194
1955 1194
1956 1194
1957 1194
1958 1194
1959 1194
1960 1194
1961 1193
1962 1193
1963 1192
1964 1191
1965 1191
1966 1190
1967 1189
1968 1189
1969 1188
1970 1188
1971 1188
1972 1188
1973 1188
1974 1188
1975 1188
1976 1188
1977 1188
1978 1188
1979 1188
1980 1188
1981 1188
1982 1188
1983 1188
1984 1188
1985 1189
1986 1189
1987 1189
1988 1189
1989 1190
1990 1190
1991 1190
1992 1190
1993 1190
1994 1190
1995 1190
1996 1190
1997 1191
1998 1191
1999 1191
2000 1191
2001 1192
2002 1192
2003 1192
2004 1192
2005 1192
2006 1192
2007 1192
2008 1192
2009 1192
2010 1192
2011 1192
2012 1192
2013 1192
2014 1192
2015 1192
2016 1192
2017 1192
2018 1192
2019 1192
2020 1192
2021 1193
2022 1193
2023 1193
2024 1193
2025 1194
2026 1194
2027 1194
2028 1194
2029 1194
2030 1194
2031 1195
2032 1195
2033 1195
2034 1195
2035 1196
2036 1196
2037 1196
2038 1196
2039 1196
2040 1196
2041 1197
2042 1197
2043 1198
2044 1198
2045 1199
2046 1199
2047 1200
2048 1200
2049 1200
2050 1200
2051 1200
2052 1200
2053 1200
2054 1200
2055 1200
2056 1200
2057 1200
2058 1200
2059 1200
2060 1200
2061 1200
2062 1200
2063 1200
2064 1200
2065 1200
2066 1200
2067 1200
2068 1200
2069 1200
2070 1200
2071 1200
2072 1200
2073 1199
2074 1199
2075 1199
2076 1199
2077 1198
2078 1198
2079 1197
2080 1197
2081 1196
2082 1195
2083 1195
2083 1194
2084 1193
2085 1193
2085 1192
2086 1191
2087 1191
2088 1190
2089 1189
2090 1189
2091 1188
2092 1188
2093 1188
2094 1188
2095 1188
2096 1188
2097 1188
2098 1188
2099 1188
2100 1188
2101 1188
2102 1188
2103 1188
2104 1188
2105 1188
2106 1188
2107 1188
2108 1188
2109 1188
2110 1188
2111 1187
2112 1187
2113 1187
2114 1187
2115 1186
2116 1186
2117 1187
2118 1187
2119 1187
2120 1187
2121 1188
2122 1188
2123 1188
2124 1188
2125 1188
2126 1188
2127 1188
2128 1188
2129 1189
2130 1189
2131 1190
2132 1190
2133 1191
2134 1191
2135 1192
2136 1192
2137 1192
2138 1192
2139 1192
2140 1192
2141 1192
2142 1192
2143 1192
2144 1192
2145 1192
2146 1192
2147 1192
2148 1192
2149 1192
2150 1192
2151 1192
2152 1192
2153 1192
2154 1192
2155 1192
2156 1192
2157 1192
2158 1192
2159 1192
2160 1192
2161 1193
2162 1193
2163 1193
2164 1194
2165 1195
2166 1195
2167 1195
2168 1195
2169 1196
2170 1196
2171 1196
2172 1196
2173 1197
2174 1197
2175 1197
2176 1197
2177 1198
2178 1198
2179 1198
2180 1198
2181 1198
2182 1198
2183 1198
2184 1198
2185 1199
2186 1199
2187 1199
2188 1199
2189 1200
2190 1200
2191 1200
2192 1200
2193 1200
2194 1200
2195 1200
2196 1200
2197 1200
2198 1200
2199 1200
2200 1200
2201 1200
2202 1200
2203 1200
2204 1200
2205 1200
2206 1200
2207 1200
2208 1200
2209 1200
2210 1200
2211 1200
2212 1200
2213 1200
2214 1200
2215 1200
2216 1200
2217 1200
2218 1200
2219 1200
2220 1200
2221 1200
2222 1200
2223 1200
2224 1200
2225 1199
2226 1199
2227 1199
2228 1199
2229 1198
2230 1198
2231 1198
2232 1198
2233 1198
2234 1198
2235 1198
2236 1198
2237 1198
2238 1198
2239 1198
2240 1198
2241 1198
2242 1198
2243 1198
2244 1198
2245 1198
2246 1198
2247 1197
2248 1197
2249 1197
2250 1197
2251 1196
2252 1196
2253 1195
2254 1195
2255 1195
2256 1195
2257 1194
2258 1194
2259 1194
2260 1194
2261 1194
2262 1194
2263 1194
2264 1194
2265 1194
2266 1194
2267 1194
2268 1194
2269 1193
2270 1193
2271 1193
2272 1193
2273 1192
2274 1192
2275 1192
2276 1192
2277 1191
2278 1191
2279 1191
2280 1191
2281 1190
2282 1190
2283 1189
2284 1189
2285 1189
2286 1189
2287 1188
2288 1188
2289 1188
2290 1188
2291 1188
2292 1188
2293 1188
2294 1188
2295 1187
2296 1187
2297 1186
2298 1185
2299 1185
2300 1184
2301 1183
2302 1183
2303 1182
2304 1181
2305 1180
2306 1179
2307 1179
2308 1178
2309 1177
2310 1177
2311 1176
2312 1176
2313 1175
2314 1175
2315 1175
2316 1175
2317 1174
2318 1174
2319 1173
2320 1173
2321 1173
2322 1173
2323 1172
2324 1171
2325 1171
2326 1171
2327 1170
2328 1170
2329 1170
2330 1170
2331 1170
2332 1170
2333 1170
2334 1170
2335 1170
2336 1170
2337 1170
2338 1170
2339 1170
2340 1170
2341 1170
2342 1170
2343 1170
2344 1170
2345 1170
2346 1170
2347 1171
2348 1171
2349 1172
2350 1173
2351 1173
2352 1174
2352 1175
2353 1175
2354 1176
2355 1177
2356 1177
2357 1178
2358 1178
2359 1178
2360 1178
2361 1178
2362 1178
2363 1177
2364 1177
2365 1176
2366 1176
2367 1175
2368 1175
2369 1174
2370 1174
2371 1174
2372 1174
2373 1173
2374 1173
2375 1173
2376 1173
2377 1172
2378 1171
2379 1171
2380 1171
2381 1170
2382 1169
2383 1169
2384 1169
2385 1168
2386 1168
2387 1168
2388 1168
2389 1168
2390 1168
2391 1168
2392 1168
2393 1168
2394 1168
2395 1167
2396 1167
2397 1167
2398 1167
2399 1166
2400 1166
2401 1166
2402 1166
2403 1166
2404 1166
2405 1166
2406 1166
2407 1166
2408 1166
2409 1166
2410 1166
2411 1166
2412 1166
2413 1166
2414 1166
2415 1166
2416 1166
2417 1166
2418 1166
2419 1166
2420 1166
2421 1166
2422 1166
2423 1166
2424 1166
2425 1166
2426 1166
2427 1166
2428 1166
2429 1165
2430 1165
2431 1164
2432 1164
2433 1163
2434 1163
2435 1162
2436 1162
2437 1162
2438 1162
2439 1161
2440 1161
2441 1161
2442 1161
2443 1160
2444 1160
2445 1160
2446 1160
2447 1160
2448 1160
2449 1160
2450 1160
2451 1160
2452 1160
2453 1160
2454 1160
2455 1160
2456 1160
2457 1159
2458 1159
2459 1159
2460 1159
2461 1158
2462 1158
2463 1158
2464 1158
2465 1158
2466 1158
2467 1158
2468 1158
2469 1158
2470 1158
2471 1158
2472 1158
2473 1158
2474 1158
2475 1158
2476 1158
2477 1159
2478 1159
2479 1159
2480 1160
2481 1161
2482 1161
2483 1162
2484 1162
2485 1163
2486 1163
2487 1164
2488 1164
2489 1165
2490 1165
2491 1166
2492 1167
2493 1167
2494 1168
2495 1169
2496 1169
2497 1170
2498 1170
2499 1170
2500 1170
2501 1170
2502 1170
2503 1171
2504 1171
2505 1171
2506 1171
2507 1172
2508 1172
2509 1173
2510 1173
2511 1173
2512 1173
2513 1174
2514 1174
2515 1174
2516 1174
2517 1175
2518 1175
2519 1175
2520 1175
2521 1176
2522 1176
2523 1176
2524 1176
2525 1176
2526 1176
2527 1177
2528 1177
2529 1177
2530 1177
2531 1178
2532 1178
2533 1179
2534 1179
2535 1179
2536 1180
2537 1181
2538 1181
2539 1181
2540 1182
2541 1183
2542 1183
2543 1183
2544 1183
2545 1184
2546 1184
2547 1184
2548 1184
2549 1184
2550 1184
2551 1184
2552 1184
2553 1184
2554 1184
2555 1184
2556 1184
2557 1184
2558 1184
2559 1184
2560 1184
2561 1185
2562 1185
2563 1186
2564 1187
2565 1187
2566 1188
2567 1189
2568 1189
2569 1190
2570 1190
2571 1191
2572 1191
2573 1191
2574 1191
2575 1192
2576 1192
2577 1192
2578 1192
2579 1192
2580 1192
2581 1192
2582 1192
2583 1192
2584 1192
2585 1192
2586 1192
2587 1192
2588 1192
2589 1192
2590 1192
2591 1192
2592 1192
2593 1192
2594 1192
2595 1192
2596 1192
2597 1192
2598 1192
2599 1193
2600 1193
2601 1193
2602 1193
2603 1194
2604 1194
2605 1195
2606 1195
2607 1195
2608 1196
2609 1197
2610 1197
2611 1197
2612 1198
2613 1199
2614 1199
2615 1199
2616 1199
2617 1200
2618 1200
2619 1200
2620 1200
2621 1200
2622 1200
2623 1200
2624 1200
2625 1200
2626 1200
2627 1200
2628 1200
2629 1200
2630 1200
2631 1200
2632 1200
2633 1200
2634 1200
2635 1200
2636 1200
2637 1200
2638 1200
2639 1200
2640 1200
2641 1200
2642 1200
2643 1200
2644 1200
2645 1200
2646 1200
2647 1200
2648 1200
2649 1200
2650 1200
2651 1200
2652 1200
2653 1200
2654 1200
2655 1200
2656 1200
2657 1201
2658 1201
2659 1201
2660 1202
2661 1203
2662 1203
2663 1203
2664 1203
2665 1204
2666 1204
2667 1204
2668 1204
2669 1204
2670 1204
2671 1203
2672 1203
2673 1203
2674 1203
2675 1202
2676 1202
2677 1202
2678 1202
2679 1202
2680 1202
2681 1202
2682 1202
2683 1202
2684 1202
2685 1202
2686 1202
2687 1202
2688 1202
2689 1202
2690 1202
2691 1202
2692 1202
2693 1202
2694 1202
2695 1201
2696 1201
2697 1201
2698 1201
2699 1200
2700 1200
2701 1200
2702 1200
2703 1200
2704 1200
2705 1200
2706 1200
2707 1200
2708 1200
2709 1200
2710 1200
2711 1200
2712 1200
2713 1200
2714 1200
2715 1200
2716 1200
2717 1201
2718 1201
2719 1201
2720 1201
2721 1202
2722 1202
2723 1202
2724 1202
2725 1202
2726 1202
2727 1203
2728 1203
2729 1203
2730 1203
2731 1204
2732 1204
2733 1204
2734 1204
2735 1204
2736 1204
2737 1204
2738 1204
2739 1205
2740 1205
2741 1206
2742 1207
2743 1207
2744 1208
2745 1209
2746 1209
2747 1210
2748 1210
2749 1210
2750 1210
2751 1210
2752 1210
2753 1210
2754 1210
2755 1210
2756 1210
2757 1211
2758 1211
2759 1211
2760 1211
2761 1212
2762 1212
2763 1212
2764 1212
2765 1212
2766 1212
2767 1212
2768 1212
2769 1212
2770 1212
2771 1212
2772 1212
2773 1212
2774 1212
2775 1212
2776 1212
2777 1212
2778 1212
2779 1212
2780 1212
2781 1212
2782 1212
2783 1212
2784 1212
2785 1212
2786 1212
2787 1212
2788 1212
2789 1212
2790 1212
2791 1212
2792 1212
2793 1212
2794 1212
2795 1212
2796 1212
2797 1212
2798 1212
2799 1212
2800 1212
2801 1213
2802 1213
2803 1213
2804 1213
2805 1214
2806 1214
2807 1214
2808 1214
2809 1214
2810 1214
2811 1214
2812 1214
2813 1214
2814 1214
2815 1214
2816 1214
2817 1214
2818 1214
2819 1215
2820 1215
2821 1216
2822 1216
2823 1217
2824 1217
2825 1218
2826 1218
2827 1218
2828 1218
2829 1218
2830 1218
2831 1218
2832 1218
2833 1218
2834 1218
2835 1218
2836 1218
2837 1218
2838 1218
2839 1218
2840 1218
2841 1218
2842 1218
2843 1218
2844 1218
2845 1218
2846 1218
2847 1218
2848 1218
2849 1218
2850 1218
2851 1218
2852 1218
2853 1219
2854 1219
2855 1219
2856 1219
2857 1220
2858 1220
2859 1220
2860 1220
2861 1220
2862 1220
2863 1220
2864 1220
2865 1220
2866 1220
2867 1220
2868 1220
2869 1220
2870 1220
2871 1220
2872 1220
2873 1220
2874 1220
2875 1220
2876 1220
2877 1220
2878 1220
2879 1220
2880 1220
2881 1220
2882 1220
2883 1220
2884 1220
2885 1220
2886 1220
2887 1220
2888 1220
2889 1220
2890 1220
2891 1220
2892 1220
2893 1220
2894 1220
2895 1220
2896 1220
2897 1220
2898 1220
2899 1220
2900 1220
2901 1220
2902 1220
2903 1220
2904 1220
2905 1220
2906 1220
2907 1220
2908 1220
2909 1220
2910 1220
2911 1219
2912 1219
2913 1219
2914 1219
2915 1218
2916 1218
2917 1217
2918 1217
2919 1217
2920 1217
2921 1216
2922 1216
2923 1216
2924 1216
2925 1216
2926 1216
2927 1216
2928 1216
2929 1216
2930 1216
2931 1216
2932 1216
2933 1216
2934 1216
2935 1216
2936 1216
2937 1216
2938 1216
2939 1216
2940 1216
2941 1216
2942 1216
2943 1216
2944 1216
2945 1216
2946 1216
2947 1216
2948 1216
2949 1216
2950 1216
2951 1216
2952 1216
2953 1216
2954 1216
2955 1216
2956 1216
2957 1216
2958 1216
2959 1216
2960 1216
2961 1216
2962 1216
2963 1216
2964 1216
2965 1216
2966 1216
2967 1216
2968 1216
2969 1216
2970 1216
2971 1216
2972 1216
2973 1216
2974 1216
2975 1216
2976 1216
2977 1215
2978 1215
2979 1215
2980 1215
2981 1214
2982 1214
2983 1214
2984 1214
2985 1214
2986 1214
2987 1214
2988 1214
2989 1214
2990 1214
2991 1214
2992 1214
2993 1214
2994 1214
2995 1214
2996 1214
2997 1213
2998 1213
2999 1213
3000 1213
3001 1212
3002 1212
3003 1212
3004 1212
3005 1212
3006 1212
3007 1212
3008 1212
3009 1212
3010 1212
3011 1212
3012 1212
3013 1212
3014 1212
3015 1212
3016 1212
3017 1212
3018 1212
3019 1212
3020 1212
3021 1213
3022 1213
3023 1213
3024 1213
3025 1214
3026 1214
3027 1214
3028 1214
3029 1214
3030 1214
3031 1214
3032 1214
3033 1214
3034 1214
3035 1214
3036 1214
3037 1214
3038 1214
3039 1214
3040 1214
3041 1214
3042 1214
3043 1214
3044 1214
3045 1214
3046 1214
3047 1214
3048 1214
3049 1214
3050 1214
3051 1214
3052 1214
3053 1214
3054 1214
3055 1214
3056 1214
3057 1214
3058 1214
3059 1213
3060 1213
3061 1213
3062 1213
3063 1212
3064 1212
3065 1212
3066 1212
3067 1212
3068 1212
3069 1212
3070 1212
3071 1212
3072 1212
3073 1212
3074 1212
3075 1212
3076 1212
3077 1212
3078 1212
3079 1212
3080 1212
3081 1212
3082 1212
3083 1212
3084 1212
3085 1212
3086 1212
3087 1212
3088 1212
3089 1212
3090 1212
3091 1212
3092 1212
3093 1211
3094 1211
3095 1211
3096 1211
3097 1210
3098 1210
3099 1210
3100 1210
3101 1209
3102 1209
3103 1209
3104 1209
3105 1208
3106 1208
3107 1208
3108 1208
3109 1208
3110 1208
3111 1208
3112 1208
3113 1208
3114 1208
3115 1207
3116 1207
3117 1207
3118 1207
3119 1206
3120 1206
3121 1206
3122 1206
3123 1205
3124 1205
3125 1205
3126 1205
3127 1204
3128 1204
3129 1204
3130 1204
3131 1204
3132 1204
3133 1204
3134 1204
3135 1204
3136 1204
3137 1204
3138 1204
3139 1204
3140 1204
3141 1204
3142 1204
3143 1204
3144 1204
3145 1203
3146 1203
3147 1203
3148 1203
3149 1202
3150 1202
3151 1201
3152 1201
3153 1201
3154 1201
3155 1200
3156 1199
3157 1199
3158 1199
3159 1198
3160 1198
3161 1197
3162 1197
3163 1197
3164 1197
3165 1196
3166 1196
3167 1196
3168 1196
3169 1195
3170 1195
3171 1195
3172 1195
3173 1194
3174 1194
3175 1194
3176 1194
3177 1194
3178 1194
3179 1193
3180 1193
3181 1193
3182 1193
3183 1192
3184 1192
3185 1191
3186 1191
3187 1191
3188 1191
3189 1190
3190 1190
3191 1190
3192 1190
3193 1190
3194 1190
3195 1190
3196 1190
3197 1190
3198 1190
3199 1190
3200 1190
3201 1190
3202 1190
3203 1190
3204 1190
3205 1190
3206 1190
3207 1190
3208 1190
3209 1190
3210 1190
3211 1190
3212 1190
3213 1190
3214 1190
3215 1190
3216 1190
3217 1190
3218 1190
3219 1190
3220 1190
3221 1190
3222 1190
3223 1190
3224 1190
3225 1190
3226 1190
3227 1190
3228 1190
3229 1190
3230 1190
3231 1189
3232 1189
3233 1189
3234 1189
3235 1188
3236 1188
3237 1187
3238 1187
3239 1186
3240 1185
3241 1185
3241 1184
3242 1183
3243 1183
3243 1182
3244 1181
3245 1181
3245 1180
3246 1179
3247 1179
3248 1178
3249 1177
3250 1177
3251 1176
3252 1175
3253 1175
3254 1175
3255 1174
3256 1173
3257 1173
3258 1173
3259 1172
3260 1171
3261 1171
3262 1171
3263 1170
3264 1169
3265 1168
3266 1167
3267 1167
3267 1166
3268 1165
3269 1165
3269 1164
3270 1163
3271 1163
3271 1162
3272 1161
3273 1161
3273 1160
3274 1159
3275 1159
3275 1158
3276 1157
3277 1157
3277 1156
3278 1155
3279 1155
3279 1154
3280 1153
3281 1153
3282 1152
3283 1151
3284 1151
3285 1150
3286 1149
3287 1148
3288 1147
3289 1146
3289 1145
3289 1144
3290 1143
3291 1142
3291 1141
3292 1140
3293 1139
3293 1138
3294 1137
3295 1137
3295 1136
3296 1135
3297 1135
3297 1134
3298 1133
3299 1133
3299 1132
3300 1131
3301 1131
3301 1130
3302 1129
3303 1129
3303 1128
3304 1127
3305 1127
3306 1126
3307 1125
3308 1125
3309 1124
3310 1123
3311 1122
3312 1121
3313 1121
3313 1120
3314 1119
3315 1118
3316 1117
3317 1116
3317 1115
3317 1114
3318 1113
3319 1112
3319 1111
3320 1110
3320 1109
3321 1108
3321 1107
3322 1106
3322 1105
3322 1104
3322 1103
3322 1102
3322 1101
3322 1100
3322 1099
3322 1098
3322 1097
3322 1096
3322 1095
3322 1094
3322 1093
3322 1092
3322 1091
3322 1090
3322 1089
3322 1088
3322 1087
3323 1086
3323 1085
3323 1084
3324 1083
3325 1082
3325 1081
3325 1080
3325 1079
3326 1078
3326 1077
3326 1076
3326 1075
3326 1074
3326 1073
3326 1072
3326 1071
3326 1070
3326 1069
3325 1068
3325 1067
3324 1066
3323 1065
3322 1064
3321 1063
3320 1062
3319 1062
3318 1061
3317 1060
3316 1060
3315 1059
3315 1058
3314 1058
3313 1057
3313 1056
3312 1056
3311 1055
3311 1054
3310 1054
3309 1053
3309 1052
3308 1051
3307 1050
3307 1049
3306 1048
3305 1047
3305 1046
3305 1045
3304 1044
3303 1043
3302 1042
3301 1041
3301 1040
3300 1040
3299 1039
3299 1038
3298 1037
3297 1036
3297 1035
3296 1034
3295 1033
3294 1032
3293 1031
3293 1030
3292 1029
3291 1028
3291 1027
3290 1026
3289 1025
3289 1024
3289 1023
3288 1022
3287 1021
3286 1020
3285 1019
3285 1018
3284 1017
3283 1016
3283 1015
3282 1014
3281 1013
3281 1012
3281 1011
3280 1010
3279 1009
3278 1008
3277 1007
3277 1006
3276 1005
3275 1004
3275 1003
3274 1002
3273 1001
3273 1000
3273 999
3272 998
3272 997
3272 996
3272 995
3272 994
3272 993
3272 992
3272 991
3272 990
3272 989
3271 988
3271 987
3271 986
3271 985
3270 984
3270 983
3270 982
3270 981
3270 980
3270 979
3270 978
3270 977
3270 976
3270 975
3270 974
3270 973
3270 972
3270 971
3270 970
3270 969
3270 968
3270 967
3270 966
3270 965
3269 964
3269 963
3269 962
3269 961
3268 960
3268 959
3268 958
3268 957
3268 956
3268 955
3268 954
3268 953
3268 952
3268 951
3268 950
3268 949
3268 948
3268 947
3268 946
3268 945
3268 944
3268 943
3268 942
3268 941
3268 940
3268 939
3268 938
3268 937
3268 936
3268 935
3268 934
3268 933
3268 932
3268 931
3268 930
3268 929
3268 928
3268 927
3268 926
3268 925
3268 924
3268 923
3268 922
3268 921
3267 920
3267 919
3267 918
3267 917
3266 916
3266 915
3265 914
3265 913
3264 912
3263 911
3263 910
3262 909
3261 908
3261 907
3260 906
3259 905
3258 904
3257 903
3257 902
3256 902
3255 901
3255 900
3254 900
3253 899
3253 898
3252 898
3251 897
3251 896
3250 896
3249 895
3249 894
3248 893
3247 892
3247 891
3246 890
3245 889
3244 888
3243 887
3243 886
3242 886
3241 885
3241 884
3240 884
3239 883
3239 882
3238 882
3237 881
3237 880
3236 879
3235 878
3235 877
3234 876
3233 875
3232 874
3231 873
3231 872
3230 872
3229 871
3229 870
3228 869
3227 868
3227 867
3226 866
3225 865
3224 864
3224 863
3223 862
3223 861
3222 860
3221 859
3221 858
3221 857
3220 856
3219 855
3218 854
3217 853
3217 852
3216 852
3215 851
3215 850
3214 850
3213 849
3213 848
3212 847
3211 846
3211 845
3210 844
3209 843
3208 842
3208 841
3207 840
3207 839
3206 838
3206 837
3205 836
3205 835
3205 834
3205 833
3204 832
3203 831
3203 830
3203 829
3202 828
3201 827
3201 826
3201 825
3200 824
3199 823
3199 822
3199 821
3198 820
3198 819
3198 818
3198 817
3198 816
3198 815
3197 814
3197 813
3196 812
3196 811
3195 810
3195 809
3194 808
3194 807
3194 806
3194 805
3193 804
3193 803
3192 802
3191 801
3191 800
3190 799
3189 798
3189 797
3188 796
3188 795
3187 794
3187 793
3187 792
3187 791
3186 790
3186 789
3186 788
3186 787
3185 786
3185 785
3184 784
3183 783
3183 782
3182 782
3181 781
3181 780
3180 780
3179 779
3179 778
3178 777
3177 776
3177 775
3176 774
3175 773
3174 772
3173 771
3173 770
3172 770
3171 769
3170 768
3169 767
3168 766
3167 766
3166 765
3165 765
3164 764
3163 763
3162 762
3161 762
3160 761
3159 760
3158 760
3157 759
3157 758
3156 758
3155 757
3155 756
3154 756
3153 755
3152 754
3151 753
3150 752
3149 752
3148 751
3147 750
3146 750
3145 749
3145 748
3144 748
3143 747
3142 746
3141 745
3140 744
3139 744
3138 743
3137 743
3136 742
3135 741
3134 740
3133 740
3132 739
3131 739
3130 738
3129 738
3128 737
3127 737
3126 736
3125 736
3124 735
3123 735
3122 734
3121 734
3120 733
3119 733
3118 733
3117 733
3116 733
3115 733
3114 733
3113 733
3112 733
3111 733
3110 733
3109 733
3108 733
3107 733
3106 732
3105 732
3104 731
3103 730
3103 729
3102 728
3101 727
3100 726
3099 725
3098 724
3097 723
3096 722
3095 722
3094 722
3093 721
3092 720
3091 720
3090 720
3089 720
3088 719
3087 719
3086 719
3085 719
3084 719
3083 719
3082 718
3081 718
3080 717
3079 716
3078 716
3077 715
3077 714
3076 714
3075 713
3074 712
3073 711
3072 710
3071 710
3070 709
3069 709
3068 708
3067 708
3066 707
3065 707
3064 706
3063 706
3062 706
3061 706
3060 705
3059 705
3058 704
3057 704
3056 703
3055 703
3054 702
3053 701
3052 700
3051 700
3050 699
3049 699
3048 698
3047 698
3046 697
3045 697
3044 696
3043 696
3042 696
3041 695
3040 694
3039 694
3038 693
3037 693
3036 692
3035 691
3034 690
3033 690
3032 690
3031 690
3030 689
3029 689
3028 689
3027 689
3026 688
3025 688
3024 688
3023 687
3022 686
3021 686
3020 686
3019 685
3018 684
3017 684
3016 684
3015 684
3014 683
3013 683
3012 682
3011 682
3010 682
3009 682
3008 681
3007 681
3006 681
3005 681
3004 681
3003 681
3002 681
3001 681
3000 681
2999 681
2998 681
2997 681
2996 681
2995 681
2994 681
2993 681
2992 681
2991 681
2990 681
2989 681
2988 681
2987 681
2986 681
2985 681
2984 681
2983 681
2982 681
2981 681
2980 681
2979 681
2978 680
2977 680
2976 680
2975 679
2974 678
2973 678
2972 678
2971 678
2970 677
2969 677
2968 677
2967 677
2966 677
2965 677
2964 677
2963 677
2962 677
2961 677
2960 677
2959 677
2958 677
2957 677
2956 676
2955 676
2954 675
2953 675
2952 674
2951 673
2950 672
2949 672
2948 672
2947 672
2946 671
2945 671
2944 670
2943 670
2942 670
2941 670
2940 669
2939 669
2938 668
2937 668
2936 668
2935 668
2934 667
2933 667
2932 666
2931 666
2930 666
2929 665
2928 664
2927 664
2926 664
2925 663
2924 662
2923 662
2922 661
2921 661
2920 660
2919 660
2918 659
2917 659
2916 658
2915 658
2914 657
2913 657
2912 656
2911 655
2910 654
2909 654
2908 653
2907 652
2906 652
2905 651
2904 650
2903 650
2902 649
2901 649
2900 649
2899 649
2898 648
2897 648
2896 648
2895 648
2894 647
2893 647
2892 646
2891 646
2890 646
2889 646
2888 645
2887 645
2886 644
2885 644
2884 643
2883 643
2882 642
2881 642
2880 641
2879 641
2878 641
2877 641
2876 642
2875 642
2874 642
2873 642
2872 643
2871 643
2870 643
2869 643
2868 643
2867 643
2866 643
2865 643
2864 643
2863 643
2862 644
2861 644
2860 644
2859 644
2858 645
2857 646
2856 646
2855 646
2854 647
2853 648
2852 648
2851 648
2850 649
2849 649
2848 649
2847 649
2846 650
2845 650
2844 650
2843 650
2842 651
2841 652
2840 653
2839 653
2838 654
2837 654
2836 655
2835 655
2834 655
2833 655
2832 655
2831 655
2830 655
2829 655
2828 655
2827 655
2826 655
2825 655
2824 655
2823 655
2822 654
2821 654
2820 654
2819 654
2818 654
2817 654
2816 654
2815 654
2814 655
2813 655
2812 655
2811 655
2810 656
2809 656
2808 656
2807 656
2806 657
2805 657
2804 658
2803 658
2802 658
2801 658
2800 659
2799 659
2798 660
2797 660
2796 660
2795 660
2794 661
2793 661
2792 661
2791 661
2790 661
2789 661
2788 661
2787 661
2786 660
2785 660
2784 660
2783 660
2782 659
2781 659
2780 659
2779 659
2778 659
2777 659
2776 659
2775 659
2774 659
2773 659
2772 659
2771 659
2770 658
2769 658
2768 657
2767 657
2766 656
2765 656
2764 655
2763 655
2762 655
2761 655
2760 655
2759 655
2758 654
2757 654
2756 654
2755 654
2754 653
2753 653
2752 652
2751 652
2750 651
2749 651
2748 650
2747 649
2746 648
2745 648
2744 647
2743 647
2742 646
2741 645
2740 644
2739 644
2738 644
2737 643
2736 642
2735 642
2734 642
2733 642
2732 641
2731 641
2730 640
2729 640
2728 639
2727 638
2726 638
2725 637
2724 636
2723 636
2722 635
2721 635
2720 634
2719 633
2718 632
2717 631
2716 630
2715 629
2715 628
2714 628
2713 627
2712 626
2711 625
2710 624
2709 624
2708 624
2707 624
2706 623
2705 623
2704 623
2703 623
2702 622
2701 622
2700 621
2699 620
2698 620
2697 619
2697 618
2696 617
2695 616
2695 615
2694 614
2694 613
2693 612
2693 611
2692 610
2691 609
2691 608
2690 608
2689 607
2688 606
2687 605
2686 604
2685 604
2684 603
2683 603
2682 602
2681 602
2680 601
2679 601
2678 601
2677 601
2676 601
2675 601
2674 601
2673 601
2672 601
2671 601
2670 601
2669 601
2668 601
2667 601
2666 601
2665 601
2664 601
2663 601
2662 601
2661 601
2660 601
2659 601
2658 601
2657 601
2656 601
2655 601
2654 601
2653 601
2652 601
2651 601
2650 601
2649 601
2648 601
2647 601
2646 602
2645 602
2644 602
2643 602
2642 603
2641 603
2640 603
2639 603
2638 603
2637 603
2636 603
2635 603
2634 604
2633 604
2632 604
2631 604
2630 605
2629 605
2628 605
2627 605
2626 605
2625 605
2624 605
2623 605
2622 605
2621 605
2620 606
2619 606
2618 606
2617 606
2616 607
2615 607
2614 607
2613 607
2612 607
2611 607
2610 606
2609 606
2608 606
2607 606
2606 605
2605 605
2604 606
2603 606
2602 606
2601 606
2600 606
2599 606
2598 605
2597 605
2596 604
2595 604
2594 603
2593 603
2592 603
2591 603
2590 603
2589 603
2588 603
2587 603
2586 603
2585 603
2584 603
2583 603
2582 603
2581 603
2580 603
2579 603
2578 603
2577 603
2576 603
2575 603
2574 603
2573 603
2572 603
2571 603
2570 602
2569 602
2568 602
2567 602
2566 601
2565 601
2564 601
2563 601
2562 601
2561 601
2560 600
2559 600
2558 600
2557 600
2556 599
2555 599
2554 598
2553 598
2552 598
2551 598
2550 597
2549 597
2548 597
2547 597
2546 597
2545 597
2544 597
2543 597
2542 597
2541 597
2540 597
2539 597
2538 597
2537 597
2536 597
2535 597
2534 597
2533 597
2532 597
2531 597
2530 597
2529 597
2528 597
2527 597
2526 597
2525 597
2524 597
2523 597
2522 597
2521 597
2520 597
2519 597
2518 597
2517 597
2516 596
2515 596
2514 596
2513 596
2512 595
2511 595
2510 595
2509 595
2508 595
2507 595
2506 595
2505 595
2504 595
2503 595
2502 595
2501 595
2500 595
2499 595
2498 596
2497 596
2496 596
2495 596
2494 597
2493 597
2492 598
2491 598
2490 598
2489 598
2488 599
2487 599
2486 600
2485 600
2484 600
2483 600
2482 601
2481 601
2480 601
2479 601
2478 601
2477 601
2476 601
2475 601
2474 601
2473 601
2472 601
2471 601
2470 601
2469 601
2468 602
2467 602
2466 601
2465 601
2464 602
2463 602
2462 602
2461 602
2460 602
2459 602
2458 603
2457 604
2456 605
2455 605
2454 606
2453 606
2452 607
2451 607
2450 607
2449 607
2448 608
2447 608
2446 608
2445 608
2444 609
2443 609
2442 609
2441 609
2440 609
2439 609
2438 609
2437 609
2436 610
2435 610
2434 611
2433 611
2432 612
2431 612
2430 613
2429 613
2428 613
2427 613
2426 613
2425 613
2424 613
2423 613
2422 613
2421 613
2420 613
2419 613
2418 613
2417 613
2416 613
2415 613
2414 614
2413 614
2412 614
2411 614
2410 615
2409 615
2408 615
2407 615
2406 616
2405 616
2404 616
2403 616
2402 617
2401 618
2400 618
2399 618
2398 619
2397 619
2396 619
2395 619
2394 620
2393 620
2392 620
2391 620
2390 621
2389 622
2388 622
2387 622
2386 623
2385 623
2384 623
2383 623
2382 623
2381 623
2380 624
2379 624
2378 624
2377 624
2376 625
2375 625
2374 625
2373 625
2372 626
2371 626
2370 626
2369 626
2368 627
2367 628
2366 629
2365 629
2364 630
2363 630
2362 631
2361 632
2360 633
2359 634
2358 634
2358 635
2357 636
2356 636
2355 637
2354 638
2353 638
2352 639
2351 640
2350 639
2349 639
2348 639
2347 639
2346 638
2345 638
2344 637
2343 637
2342 637
2341 637
2340 637
2339 637
2338 637
2337 637
2336 637
2335 637
2334 637
2333 637
2332 637
2331 637
2330 637
2329 637
2328 637
2327 637
2326 637
2325 637
2324 638
2323 638
2322 638
2321 638
2320 639
2319 639
2318 640
2317 640
2316 640
2315 640
2314 641
2313 641
2312 641
2311 641
2310 642
2309 642
2308 642
2307 642
2306 643
2305 643
2304 643
2303 643
2302 643
2301 643
2300 644
2299 644
2298 644
2297 644
2296 645
2295 645
2294 646
2293 646
2292 647
2291 648
2290 648
2290 649
2289 650
2288 651
2287 652
2286 653
2286 654
2285 655
2284 656
2284 657
2283 658
2282 658
2281 659
2280 660
2279 660
2278 661
2277 661
2276 661
2275 661
2274 661
2273 661
2272 661
2271 661
2270 661
2269 661
2268 661
2267 661
2266 660
2265 660
2264 660
2263 660
2262 659
2261 659
2260 659
2259 659
2258 658
2257 658
2256 658
2255 657
2254 656
2253 656
2252 656
2251 656
2250 655
2249 655
2248 654
2247 654
2246 654
2245 654
2244 653
2243 653
2242 653
2241 653
2240 652
2239 652
2238 652
2237 652
2236 651
2235 651
2234 651
2233 651
2232 651
2231 651
2230 651
2229 651
2228 651
2227 651
2226 650
2225 650
2224 649
2223 648
2222 648
2221 647
2220 646
2219 645
2218 644
2217 643
2216 642
2215 641
2215 640
2214 639
2213 638
2212 637
2211 636
2210 635
2209 634
2209 633
2208 632
2207 631
2206 630
2205 629
2204 628
2203 627
2202 626
2201 626
2200 625
2199 624
2198 624
2197 623
2197 622
2196 622
2195 621
2194 620
2193 619
2192 618
2191 618
2190 618
2189 617
2188 616
2187 616
2186 615
2185 614
2184 614
2183 613
2183 612
2182 612
2181 611
2181 610
2180 610
2179 609
2179 608
2178 607
2177 606
2177 605
2176 604
2175 603
2175 602
2175 601
2174 600
2174 599
2174 598
2174 597
2173 596
2173 595
2172 594
2171 593
2171 592
2170 592
2169 591
2169 590
2168 590
2167 589
2166 588
2165 587
2164 586
2163 586
2162 586
2161 585
2160 584
2159 584
2158 583
2157 582
2156 582
2155 581
2154 580
2153 579
2152 578
2151 578
2150 578
2149 577
2148 576
2147 576
2146 575
2145 574
2144 574
2143 573
2142 572
2141 572
2140 571
2139 571
2138 571
2137 571
2136 571
2135 571
2134 571
2133 571
2132 571
2131 571
2130 571
2129 571
2128 571
2127 571
