629 1903
628 1904
627 1904
626 1904
625 1904
624 1905
623 1905
622 1905
621 1905
620 1905
619 1905
618 1905
617 1905
616 1905
615 1905
614 1905
613 1905
612 1905
611 1905
610 1905
609 1905
608 1905
607 1905
606 1905
605 1905
604 1905
603 1905
602 1906
601 1906
600 1906
599 1906
598 1907
597 1907
596 1907
595 1907
594 1907
593 1907
592 1907
591 1907
590 1907
589 1907
588 1907
587 1907
586 1907
585 1907
584 1908
583 1908
582 1908
581 1908
580 1909
579 1909
578 1909
577 1909
576 1909
575 1909
574 1909
573 1909
572 1910
571 1910
570 1910
569 1910
568 1911
567 1911
566 1911
565 1911
564 1911
563 1911
562 1911
561 1911
560 1911
559 1911
558 1911
557 1911
556 1912
555 1912
554 1912
553 1912
552 1913
551 1913
550 1913
549 1913
548 1913
547 1913
546 1913
545 1913
544 1913
543 1913
542 1913
541 1913
540 1913
539 1913
538 1913
537 1913
536 1913
535 1913
534 1913
533 1913
532 1913
531 1913
530 1913
529 1913
528 1913
527 1913
526 1913
525 1913
524 1913
523 1913
522 1913
521 1913
520 1913
519 1913
518 1913
517 1913
516 1913
515 1913
514 1913
513 1913
512 1913
511 1913
510 1914
509 1914
508 1914
507 1914
506 1915
505 1915
504 1915
503 1915
502 1915
501 1915
500 1915
499 1915
498 1915
497 1915
496 1915
495 1915
494 1915
493 1915
492 1915
491 1915
490 1915
489 1915
488 1915
487 1915
486 1916
485 1916
484 1916
483 1916
482 1917
481 1917
480 1917
479 1917
478 1917
477 1917
476 1917
475 1917
474 1917
473 1917
472 1917
471 1917
470 1917
469 1917
468 1917
467 1917
466 1917
465 1917
464 1917
463 1917
462 1917
461 1917
460 1917
459 1917
458 1917
457 1917
456 1917
455 1917
454 1917
453 1917
452 1916
451 1916
450 1916
449 1916
448 1915
447 1915
446 1915
445 1915
444 1915
443 1915
442 1914
441 1914
440 1913
439 1912
438 1912
437 1911
436 1910
435 1910
434 1909
433 1909
432 1909
431 1909
430 1909
429 1909
428 1909
427 1909
426 1909
425 1909
424 1909
423 1909
422 1909
421 1909
420 1909
419 1909
418 1909
417 1909
416 1908
415 1908
414 1908
413 1908
412 1907
411 1907
410 1907
409 1907
408 1907
407 1907
406 1908
405 1908
404 1908
403 1908
402 1909
401 1909
400 1909
399 1909
398 1909
397 1909
396 1909
395 1909
394 1909
393 1909
392 1909
391 1909
390 1909
389 1909
388 1909
387 1909
386 1909
385 1909
384 1909
383 1909
382 1909
381 1909
380 1909
379 1909
378 1909
377 1909
376 1909
375 1909
374 1909
373 1909
372 1909
371 1909
370 1910
369 1910
368 1911
367 1911
366 1912
365 1912
364 1913
363 1913
362 1913
361 1913
360 1913
359 1913
358 1913
357 1913
356 1913
355 1913
354 1914
353 1914
352 1914
351 1914
350 1915
349 1915
348 1915
347 1915
346 1915
345 1915
344 1915
343 1915
342 1915
341 1915
340 1915
339 1915
338 1915
337 1915
336 1915
335 1915
334 1915
333 1915
332 1916
331 1916
330 1916
329 1916
328 1917
327 1917
326 1917
325 1917
324 1917
323 1917
322 1917
321 1917
320 1918
319 1918
318 1919
317 1920
316 1920
315 1921
314 1922
313 1922
312 1923
311 1924
310 1924
309 1924
308 1925
307 1925
306 1925
305 1925
304 1925
303 1925
302 1925
301 1925
300 1925
299 1925
298 1925
297 1925
296 1926
295 1926
294 1926
293 1926
292 1927
291 1928
290 1928
289 1928
288 1929
287 1929
286 1929
285 1929
284 1930
283 1930
282 1930
281 1930
280 1931
279 1931
278 1931
277 1931
276 1931
275 1931
274 1932
273 1932
272 1932
271 1932
270 1933
269 1933
268 1933
267 1933
266 1933
265 1933
264 1934
263 1934
262 1935
261 1935
260 1936
259 1936
258 1937
257 1937
256 1937
255 1937
254 1937
253 1937
252 1937
251 1937
250 1937
249 1937
248 1937
247 1937
246 1937
245 1937
244 1938
243 1938
242 1938
241 1938
240 1939
239 1940
238 1940
237 1940
236 1941
235 1942
234 1943
233 1944
232 1944
232 1945
231 1946
230 1946
229 1947
228 1948
227 1948
226 1949
225 1949
224 1949
223 1949
222 1949
221 1949
220 1949
219 1949
218 1949
217 1949
216 1949
215 1949
214 1949
213 1949
212 1949
211 1949
210 1949
209 1949
208 1949
207 1949
206 1949
205 1949
204 1949
203 1949
202 1950
201 1950
200 1951
199 1952
198 1952
197 1953
196 1954
195 1954
194 1955
193 1956
192 1956
191 1956
190 1957
189 1958
188 1959
188 1960
188 1961
188 1962
189 1963
190 1964
190 1965
191 1965
192 1966
192 1967
193 1967
194 1968
195 1969
196 1970
197 1971
198 1971
199 1972
200 1973
201 1973
202 1974
202 1975
203 1975
204 1976
204 1977
205 1977
206 1978
207 1979
208 1980
209 1981
210 1981
211 1981
212 1982
213 1983
214 1983
215 1984
216 1985
217 1985
218 1986
218 1987
219 1987
220 1988
220 1989
221 1989
222 1990
222 1991
223 1991
224 1992
224 1993
225 1993
226 1994
226 1995
227 1995
228 1996
229 1997
230 1997
231 1998
232 1998
233 1998
234 1998
235 1999
236 1999
237 1999
238 1999
239 2000
240 2000
241 2001
242 2001
243 2002
244 2003
245 2004
246 2005
246 2006
247 2007
248 2008
249 2009
250 2010
250 2011
251 2011
252 2012
252 2013
253 2013
254 2014
254 2015
255 2016
256 2017
256 2018
257 2019
257 2020
258 2021
258 2022
259 2023
260 2024
261 2025
262 2025
263 2026
264 2027
265 2027
266 2028
266 2029
267 2029
268 2030
268 2031
269 2031
270 2032
270 2033
271 2033
272 2034
273 2035
274 2036
275 2037
276 2037
277 2038
278 2039
279 2039
280 2040
280 2041
281 2041
282 2042
282 2043
283 2043
284 2044
285 2045
286 2045
287 2046
288 2046
289 2047
290 2047
291 2048
292 2048
293 2049
294 2049
295 2050
296 2050
297 2050
298 2050
299 2050
300 2050
301 2050
302 2050
303 2051
304 2051
305 2051
306 2051
307 2052
308 2052
309 2053
310 2053
311 2053
312 2054
313 2055
314 2055
315 2056
316 2057
317 2057
318 2058
318 2059
319 2059
320 2060
321 2061
322 2061
323 2062
324 2062
325 2063
326 2063
327 2064
328 2064
329 2065
330 2066
331 2067
332 2067
333 2068
334 2069
335 2069
336 2070
337 2071
338 2072
339 2073
340 2073
341 2073
342 2074
343 2075
344 2075
345 2075
346 2076
347 2077
348 2077
349 2077
350 2077
351 2078
352 2078
353 2079
354 2079
355 2080
356 2081
357 2081
358 2082
359 2083
360 2084
361 2085
362 2085
363 2086
364 2086
365 2087
366 2087
367 2088
368 2088
369 2088
370 2088
371 2089
372 2089
373 2089
374 2090
375 2091
376 2091
377 2092
378 2092
379 2093
380 2094
381 2095
382 2095
383 2095
384 2095
385 2096
386 2096
387 2097
388 2097
389 2098
390 2098
391 2099
392 2099
393 2100
394 2100
395 2100
396 2100
397 2101
398 2101
399 2102
400 2102
401 2103
402 2103
403 2104
404 2104
405 2104
406 2104
407 2105
408 2105
409 2106
410 2106
411 2107
412 2107
413 2108
414 2108
415 2108
416 2108
417 2108
418 2108
419 2108
420 2108
421 2109
422 2109
423 2109
424 2109
425 2110
426 2110
427 2110
428 2110
429 2110
430 2110
431 2110
432 2110
433 2110
434 2110
435 2110
436 2110
437 2110
438 2110
439 2111
440 2111
441 2111
442 2111
443 2112
444 2112
445 2112
446 2112
447 2112
448 2112
449 2112
450 2112
451 2112
452 2112
453 2112
454 2112
455 2112
456 2112
457 2112
458 2112
459 2112
460 2112
461 2112
462 2112
463 2112
464 2112
465 2112
466 2112
467 2112
468 2112
469 2112
470 2112
471 2112
472 2112
473 2112
474 2112
475 2112
476 2112
477 2112
478 2112
479 2112
480 2112
481 2111
482 2111
483 2111
484 2111
485 2110
486 2109
487 2109
488 2109
489 2108
490 2108
491 2108
492 2108
493 2108
494 2108
495 2109
496 2109
497 2109
498 2110
499 2111
500 2111
501 2111
502 2111
503 2112
504 2112
505 2112
506 2112
507 2112
508 2112
509 2112
510 2112
511 2112
512 2112
513 2112
514 2112
515 2112
516 2112
517 2112
518 2112
519 2111
520 2111
521 2111
522 2111
523 2110
524 2110
525 2110
526 2110
527 2110
528 2110
529 2110
530 2110
531 2110
532 2110
533 2109
534 2109
535 2108
536 2107
537 2107
538 2106
539 2105
540 2105
541 2104
542 2104
543 2104
544 2104
545 2104
546 2104
547 2104
548 2104
549 2104
550 2104
551 2105
552 2105
553 2105
554 2105
555 2106
556 2106
557 2107
558 2107
559 2107
560 2108
561 2109
562 2109
563 2109
564 2109
565 2110
566 2110
567 2110
568 2110
569 2110
570 2110
571 2111
572 2111
573 2111
574 2111
575 2112
576 2112
577 2112
578 2112
579 2112
580 2112
581 2112
582 2112
583 2112
584 2112
585 2112
586 2112
587 2112
588 2112
589 2112
590 2112
591 2112
592 2112
593 2112
594 2112
595 2112
596 2112
597 2111
598 2111
599 2111
600 2111
601 2110
602 2110
603 2110
604 2110
605 2110
606 2110
607 2110
608 2110
609 2110
610 2110
611 2110
612 2110
613 2110
614 2110
615 2110
616 2110
617 2110
618 2110
619 2110
620 2110
621 2110
622 2110
623 2110
624 2110
625 2110
626 2110
627 2110
628 2110
629 2110
630 2110
631 2110
632 2110
633 2110
634 2110
635 2110
636 2110
637 2110
638 2110
639 2111
640 2111
641 2111
642 2111
643 2112
644 2112
645 2112
646 2112
647 2112
648 2112
649 2112
650 2112
651 2112
652 2112
653 2112
654 2112
655 2112
656 2112
657 2112
658 2112
659 2112
660 2112
661 2112
662 2112
663 2112
664 2112
665 2112
666 2112
667 2112
668 2112
669 2112
670 2112
671 2112
672 2112
673 2112
674 2112
675 2112
676 2112
677 2112
678 2112
679 2112
680 2112
681 2112
682 2112
683 2112
684 2112
685 2112
686 2112
687 2112
688 2112
689 2112
690 2112
691 2112
692 2112
693 2112
694 2112
695 2112
696 2112
697 2112
698 2112
699 2112
700 2112
701 2112
702 2112
703 2112
704 2112
705 2112
706 2112
707 2112
708 2112
709 2112
710 2112
711 2112
712 2112
713 2112
714 2112
715 2112
716 2112
717 2112
718 2112
719 2111
720 2111
721 2111
722 2111
723 2110
724 2110
725 2110
726 2110
727 2110
728 2110
729 2109
730 2109
731 2108
732 2107
733 2107
733 2106
734 2105
735 2104
735 2103
736 2102
736 2101
736 2100
736 2099
736 2098
736 2097
736 2096
736 2095
736 2094
736 2093
736 2092
736 2091
736 2090
736 2089
736 2088
736 2087
736 2086
736 2085
736 2084
736 2083
736 2082
736 2081
737 2080
737 2079
737 2078
738 2077
739 2076
739 2075
740 2074
740 2073
741 2072
741 2071
742 2070
742 2069
742 2068
742 2067
742 2066
742 2065
743 2064
743 2063
743 2062
744 2061
745 2060
745 2059
745 2058
746 2057
747 2056
747 2055
747 2054
747 2053
748 2052
748 2051
749 2050
749 2049
749 2048
750 2047
751 2046
751 2045
752 2044
753 2043
753 2042
754 2041
755 2041
755 2040
756 2039
757 2039
757 2038
758 2037
759 2037
759 2036
760 2035
761 2035
761 2034
762 2033
763 2032
763 2031
764 2030
764 2029
764 2028
764 2027
764 2026
764 2025
764 2024
764 2023
764 2022
764 2021
764 2020
764 2019
764 2018
764 2017
764 2016
764 2015
763 2014
763 2013
763 2012
763 2011
762 2010
761 2009
761 2008
761 2007
760 2006
760 2005
760 2004
760 2003
760 2002
760 2001
760 2000
760 1999
760 1998
760 1997
760 1996
760 1995
760 1994
760 1993
760 1992
760 1991
759 1990
759 1989
759 1988
759 1987
758 1986
757 1985
757 1984
757 1983
756 1982
756 1981
756 1980
756 1979
755 1978
755 1977
755 1976
755 1975
754 1974
753 1973
753 1972
753 1971
752 1970
752 1969
752 1968
752 1967
751 1966
751 1965
751 1964
751 1963
750 1962
750 1961
750 1960
750 1959
749 1958
749 1957
749 1956
749 1955
748 1954
747 1953
746 1952
745 1951
745 1950
744 1950
743 1949
743 1948
742 1948
741 1947
741 1946
740 1946
739 1945
739 1944
738 1944
737 1943
737 1942
736 1942
735 1941
735 1940
734 1940
733 1939
733 1938
732 1938
731 1937
731 1936
730 1936
729 1935
729 1934
728 1934
727 1933
727 1932
726 1932
725 1931
725 1930
724 1930
723 1929
722 1928
721 1928
720 1927
719 1927
718 1927
717 1927
716 1926
715 1926
714 1926
713 1925
712 1924
711 1924
710 1923
709 1923
708 1922
707 1922
706 1921
705 1921
704 1920
703 1920
702 1919
701 1918
700 1918
699 1917
698 1916
697 1915
696 1914
695 1914
694 1913
693 1913
692 1912
691 1911
690 1910
689 1910
688 1910
687 1909
686 1908
685 1908
684 1907
683 1907
682 1906
681 1906
680 1905
679 1905
678 1905
677 1905
676 1905
675 1905
674 1905
673 1905
672 1904
671 1904
670 1904
669 1904
668 1903
667 1903
666 1903
665 1903
664 1903
663 1903
662 1903
661 1903
660 1903
659 1903
658 1903
657 1903
656 1903
655 1903
654 1903
653 1903
652 1903
651 1903
650 1903
649 1903
648 1903
647 1903
646 1903
645 1903
644 1903
643 1903
642 1903
641 1903
640 1903
639 1903
638 1903
637 1903
636 1903
635 1903
634 1903
633 1903
632 1903
631 1903
630 1903
629 1903
