1618 6787
1617 6788
1616 6788
1615 6788
1614 6788
1613 6789
1612 6789
1611 6789
1610 6789
1609 6790
1608 6790
1607 6790
1606 6790
1605 6791
1604 6792
1603 6792
1602 6792
1601 6793
1600 6793
1599 6794
1598 6794
1597 6794
1596 6794
1595 6795
1594 6796
1593 6796
1592 6796
1591 6797
1590 6797
1589 6798
1588 6798
1587 6798
1586 6798
1585 6799
1584 6799
1583 6799
1582 6799
1581 6799
1580 6799
1579 6799
1578 6799
1577 6799
1576 6799
1575 6799
1574 6799
1573 6799
1572 6799
1571 6799
1570 6799
1569 6799
1568 6799
1567 6799
1566 6799
1565 6799
1564 6799
1563 6799
1562 6799
1561 6799
1560 6799
1559 6799
1558 6799
1557 6799
1556 6799
1555 6800
1554 6800
1553 6800
1552 6800
1551 6801
1550 6801
1549 6801
1548 6801
1547 6801
1546 6801
1545 6801
1544 6801
1543 6801
1542 6801
1541 6801
1540 6801
1539 6801
1538 6801
1537 6801
1536 6801
1535 6801
1534 6801
1533 6801
1532 6801
1531 6801
1530 6801
1529 6801
1528 6801
1527 6801
1526 6801
1525 6801
1524 6801
1523 6801
1522 6801
1521 6801
1520 6801
1519 6801
1518 6801
1517 6801
1516 6801
1515 6801
1514 6801
1513 6801
1512 6801
1511 6801
1510 6801
1509 6801
1508 6801
1507 6801
1506 6801
1505 6801
1504 6801
1503 6801
1502 6801
1501 6801
1500 6801
1499 6801
1498 6801
1497 6801
1496 6801
1495 6801
1494 6801
1493 6801
1492 6801
1491 6801
1490 6801
1489 6801
1488 6801
1487 6801
1486 6801
1485 6801
1484 6801
1483 6801
1482 6801
1481 6801
1480 6801
1479 6801
1478 6801
1477 6801
1476 6801
1475 6801
1474 6801
1473 6801
1472 6801
1471 6801
1470 6801
1469 6801
1468 6801
1467 6801
1466 6801
1465 6801
1464 6801
1463 6802
1462 6802
1461 6802
1460 6802
1459 6803
1458 6803
1457 6803
1456 6803
1455 6803
1454 6803
1453 6803
1452 6803
1451 6803
1450 6803
1449 6803
1448 6803
1447 6804
1446 6804
1445 6804
1444 6804
1443 6805
1442 6805
1441 6805
1440 6805
1439 6805
1438 6805
1437 6805
1436 6805
1435 6805
1434 6805
1433 6806
1432 6806
1431 6806
1430 6806
1429 6807
1428 6807
1427 6807
1426 6807
1425 6807
1424 6807
1423 6807
1422 6807
1421 6807
1420 6807
1419 6807
1418 6807
1417 6807
1416 6807
1415 6807
1414 6807
1413 6808
1412 6808
1411 6808
1410 6808
1409 6809
1408 6809
1407 6809
1406 6809
1405 6809
1404 6809
1403 6809
1402 6809
1401 6809
1400 6809
1399 6809
1398 6809
1397 6810
1396 6810
1395 6810
1394 6810
1393 6811
1392 6811
1391 6811
1390 6811
1389 6812
1388 6812
1387 6812
1386 6812
1385 6813
1384 6813
1383 6813
1382 6813
1381 6814
1380 6814
1379 6814
1378 6814
1377 6815
1376 6815
1375 6815
1374 6815
1373 6815
1372 6815
1371 6815
1370 6815
1369 6815
1368 6815
1367 6815
1366 6815
1365 6815
1364 6815
1363 6815
1362 6815
1361 6815
1360 6815
1359 6816
1358 6816
1357 6816
1356 6816
1355 6817
1354 6817
1353 6818
1352 6818
1351 6818
1350 6818
1349 6819
1348 6819
1347 6819
1346 6819
1345 6819
1344 6819
1343 6820
1342 6820
1341 6820
1340 6820
1339 6821
1338 6821
1337 6821
1336 6821
1335 6821
1334 6821
1333 6821
1332 6821
1331 6822
1330 6822
1329 6822
1328 6822
1327 6823
1326 6823
1325 6823
1324 6823
1323 6823
1322 6823
1321 6823
1320 6823
1319 6824
1318 6824
1317 6824
1316 6824
1315 6825
1314 6825
1313 6825
1312 6825
1311 6826
1310 6826
1309 6826
1308 6826
1307 6827
1306 6827
1305 6828
1304 6828
1303 6828
1302 6828
1301 6829
1300 6829
1299 6829
1298 6829
1297 6829
1296 6829
1295 6829
1294 6829
1293 6829
1292 6829
1291 6829
1290 6829
1289 6829
1288 6829
1287 6829
1286 6829
1285 6829
1284 6829
1283 6829
1282 6829
1281 6829
1280 6829
1279 6829
1278 6829
1277 6829
1276 6829
1275 6829
1274 6829
1273 6829
1272 6829
1271 6829
1270 6829
1269 6829
1268 6829
1267 6829
1266 6829
1265 6829
1264 6829
1263 6829
1262 6829
1261 6829
1260 6829
1259 6829
1258 6829
1257 6829
1256 6829
1255 6829
1254 6829
1253 6829
1252 6829
1251 6829
1250 6829
1249 6829
1248 6829
1247 6829
1246 6829
1245 6829
1244 6829
1243 6829
1242 6829
1241 6830
1240 6830
1239 6830
1238 6830
1237 6831
1236 6831
1235 6831
1234 6831
1233 6831
1232 6831
1231 6831
1230 6831
1229 6831
1228 6831
1227 6831
1226 6831
1225 6831
1224 6831
1223 6831
1222 6831
1221 6831
1220 6831
1219 6831
1218 6831
1217 6831
1216 6831
1215 6832
1214 6832
1213 6832
1212 6832
1211 6833
1210 6833
1209 6834
1208 6834
1207 6834
1206 6834
1205 6835
1204 6835
1203 6835
1202 6835
1201 6835
1200 6835
1199 6835
1198 6835
1197 6835
1196 6835
1195 6835
1194 6835
1193 6835
1192 6835
1191 6836
1190 6836
1189 6836
1188 6836
1187 6837
1186 6837
1185 6837
1184 6837
1183 6837
1182 6837
1181 6838
1180 6838
1179 6838
1178 6838
1177 6839
1176 6839
1175 6840
1174 6840
1173 6840
1172 6840
1171 6841
1170 6841
1169 6841
1168 6841
1167 6841
1166 6841
1165 6842
1164 6842
1163 6842
1162 6842
1161 6843
1160 6843
1159 6843
1158 6843
1157 6843
1156 6843
1155 6843
1154 6843
1153 6843
1152 6843
1151 6843
1150 6843
1149 6843
1148 6843
1147 6843
1146 6843
1145 6843
1144 6843
1143 6843
1142 6843
1141 6843
1140 6843
1139 6843
1138 6843
1137 6842
1136 6842
1135 6842
1134 6841
1133 6840
1132 6840
1131 6840
1130 6840
1129 6839
1128 6839
1127 6839
1126 6839
1125 6839
1124 6839
1123 6839
1122 6839
1121 6839
1120 6839
1119 6839
1118 6839
1117 6839
1116 6839
1115 6839
1114 6839
1113 6839
1112 6839
1111 6839
1110 6839
1109 6839
1108 6839
1107 6839
1106 6839
1105 6838
1104 6838
1103 6838
1102 6838
1101 6837
1100 6837
1099 6836
1098 6836
1097 6836
1096 6836
1095 6835
1094 6835
1093 6835
1092 6835
1091 6835
1090 6835
1089 6835
1088 6835
1087 6835
1086 6835
1085 6835
1084 6835
1083 6835
1082 6835
1081 6835
1080 6835
1079 6835
1078 6835
1077 6835
1076 6835
1075 6835
1074 6835
1073 6835
1072 6835
1071 6835
1070 6835
1069 6835
1068 6835
1067 6835
1066 6835
1065 6836
1064 6836
1063 6836
1062 6836
1061 6837
1060 6837
1059 6838
1058 6838
1057 6838
1056 6838
1055 6839
1054 6839
1053 6840
1052 6840
1051 6840
1050 6840
1049 6841
1048 6841
1047 6842
1046 6842
1045 6842
1044 6842
1043 6843
1042 6843
1041 6843
1040 6843
1039 6843
1038 6843
1037 6843
1036 6843
1035 6843
1034 6843
1033 6843
1032 6843
1031 6843
1030 6843
1029 6844
1028 6844
1027 6844
1026 6844
1025 6845
1024 6845
1023 6845
1022 6845
1021 6846
1020 6846
1019 6846
1018 6846
1017 6847
1016 6847
1015 6848
1014 6848
1013 6848
1012 6848
1011 6849
1010 6849
1009 6850
1008 6850
1007 6850
1006 6850
1005 6851
1004 6851
1003 6852
1002 6852
1001 6852
1000 6852
999 6853
998 6853
997 6854
996 6854
995 6854
994 6854
993 6855
992 6855
991 6855
990 6855
989 6855
988 6855
987 6856
986 6856
985 6856
984 6856
983 6857
982 6857
981 6857
980 6857
979 6857
978 6857
977 6858
976 6858
975 6858
974 6858
973 6859
972 6859
971 6860
970 6860
969 6860
968 6860
967 6861
966 6861
965 6861
964 6861
963 6861
962 6861
961 6862
960 6862
959 6862
958 6862
957 6863
956 6863
955 6864
954 6864
953 6864
952 6864
951 6865
950 6866
949 6866
948 6866
947 6867
946 6868
945 6868
944 6868
943 6869
942 6870
941 6870
940 6870
939 6871
938 6872
937 6872
936 6872
935 6873
934 6874
933 6874
932 6874
931 6875
930 6876
929 6877
928 6877
927 6878
926 6878
925 6879
924 6880
923 6881
922 6882
921 6882
920 6883
919 6884
918 6884
917 6885
916 6886
915 6887
914 6887
913 6888
912 6888
911 6889
910 6890
909 6891
908 6892
907 6892
906 6893
905 6894
904 6894
903 6895
902 6896
901 6896
900 6896
899 6897
898 6898
897 6899
896 6899
895 6900
894 6900
893 6901
892 6901
891 6902
890 6902
889 6902
888 6902
887 6903
886 6903
885 6904
884 6904
883 6904
882 6904
881 6905
880 6905
879 6906
878 6906
877 6906
876 6906
875 6907
874 6908
873 6908
872 6908
871 6909
870 6910
869 6910
868 6910
867 6911
866 6911
865 6912
864 6912
863 6912
862 6912
861 6913
860 6913
859 6914
858 6914
857 6914
856 6914
855 6915
854 6916
853 6916
852 6916
851 6917
850 6918
849 6918
848 6918
847 6919
846 6919
845 6919
844 6919
843 6919
842 6919
841 6920
840 6920
839 6920
838 6920
837 6921
836 6921
835 6921
834 6921
833 6922
832 6922
831 6922
830 6922
829 6923
828 6923
827 6924
826 6924
825 6924
824 6924
823 6925
822 6925
821 6926
820 6926
819 6926
818 6926
817 6927
816 6927
815 6928
814 6928
813 6928
812 6928
811 6929
810 6930
809 6930
808 6930
807 6931
806 6931
805 6932
804 6932
803 6932
802 6932
801 6933
800 6934
799 6934
798 6934
797 6935
796 6935
795 6935
794 6935
793 6936
792 6936
791 6936
790 6936
789 6937
788 6938
787 6938
786 6938
785 6939
784 6939
783 6940
782 6940
781 6940
780 6940
779 6941
778 6941
777 6942
776 6942
775 6942
774 6942
773 6943
772 6944
771 6944
770 6944
769 6945
768 6945
767 6946
766 6946
765 6946
764 6946
763 6947
762 6947
761 6948
760 6948
759 6948
758 6948
757 6949
756 6950
755 6950
754 6950
753 6951
752 6951
751 6951
750 6951
749 6951
748 6951
747 6951
746 6951
745 6952
744 6952
743 6952
742 6952
741 6953
740 6953
739 6953
738 6953
737 6953
736 6953
735 6954
734 6954
733 6954
732 6954
731 6955
730 6955
729 6956
728 6956
727 6956
726 6956
725 6957
724 6958
723 6958
722 6958
721 6959
720 6959
719 6960
718 6960
717 6960
716 6960
715 6961
714 6961
713 6962
712 6962
711 6962
710 6962
709 6963
708 6963
707 6963
706 6963
705 6964
704 6964
703 6964
702 6964
701 6965
700 6965
699 6965
698 6965
697 6965
696 6965
695 6966
694 6966
693 6966
692 6966
691 6967
690 6967
689 6968
688 6968
687 6968
686 6968
685 6969
684 6969
683 6969
682 6969
681 6969
680 6969
679 6969
678 6969
677 6969
676 6969
675 6969
674 6969
673 6969
672 6969
671 6969
670 6969
669 6969
668 6969
667 6969
666 6969
665 6969
664 6969
663 6969
662 6969
661 6969
660 6969
659 6969
658 6969
657 6969
656 6969
655 6969
654 6969
653 6969
652 6969
651 6969
650 6969
649 6969
648 6969
647 6969
646 6969
645 6969
644 6969
643 6969
642 6969
641 6969
640 6969
639 6969
638 6969
637 6969
636 6969
635 6969
634 6969
633 6969
632 6969
631 6969
630 6969
629 6969
628 6969
627 6969
626 6969
625 6969
624 6969
623 6969
622 6969
621 6969
620 6969
619 6969
618 6969
617 6970
616 6970
615 6970
614 6970
613 6971
612 6971
611 6971
610 6971
609 6971
608 6971
607 6971
606 6971
605 6971
604 6971
603 6971
602 6971
601 6971
600 6971
599 6971
598 6971
597 6972
596 6972
595 6972
594 6972
593 6973
592 6973
591 6973
590 6973
589 6973
588 6973
587 6973
586 6973
585 6973
584 6973
583 6973
582 6973
581 6974
580 6974
579 6974
578 6974
577 6975
576 6975
575 6976
574 6976
573 6976
572 6976
571 6977
570 6977
569 6978
568 6978
567 6978
566 6978
565 6979
564 6980
563 6981
562 6981
561 6982
560 6982
559 6983
558 6984
557 6984
556 6984
555 6985
554 6986
553 6986
552 6986
551 6987
550 6988
549 6988
548 6988
547 6989
546 6990
545 6990
544 6990
543 6991
542 6991
541 6992
540 6992
539 6992
538 6992
537 6993
536 6993
535 6994
534 6994
533 6994
532 6994
531 6995
530 6996
529 6996
528 6996
527 6997
526 6998
525 6998
524 6998
523 6999
522 7000
521 7000
520 7000
519 7001
518 7002
517 7002
516 7002
515 7003
514 7003
513 7004
512 7004
511 7004
510 7004
509 7005
508 7006
507 7006
506 7006
505 7007
504 7007
503 7008
502 7008
501 7008
500 7008
499 7009
498 7010
497 7010
496 7010
495 7011
494 7012
493 7013
492 7013
491 7014
490 7014
489 7015
488 7016
487 7016
486 7016
485 7017
484 7018
483 7019
482 7019
481 7020
480 7020
479 7021
478 7022
477 7023
476 7024
475 7024
475 7025
474 7026
473 7026
472 7027
471 7028
470 7028
469 7029
468 7030
467 7031
466 7032
465 7032
465 7033
464 7034
463 7034
463 7035
462 7036
461 7036
461 7037
460 7038
459 7038
459 7039
458 7040
457 7040
457 7041
456 7042
455 7042
455 7043
454 7044
453 7044
453 7045
452 7046
451 7046
451 7047
450 7048
449 7048
448 7049
447 7050
446 7050
445 7051
444 7052
443 7052
442 7052
441 7053
440 7054
439 7055
438 7055
437 7056
436 7056
435 7057
434 7058
433 7059
432 7059
431 7060
430 7060
429 7061
428 7062
427 7063
426 7063
425 7064
424 7064
423 7065
422 7066
421 7067
420 7068
419 7068
419 7069
418 7070
417 7070
416 7071
415 7072
414 7072
413 7073
412 7074
411 7075
410 7075
409 7076
408 7076
407 7077
406 7078
405 7079
404 7080
403 7080
403 7081
402 7082
401 7082
401 7083
400 7084
399 7084
399 7085
398 7086
397 7086
397 7087
396 7088
395 7088
394 7089
393 7090
392 7090
391 7091
390 7092
389 7092
388 7092
387 7093
386 7094
385 7095
384 7096
383 7096
382 7097
381 7098
380 7098
379 7099
378 7100
377 7100
376 7100
375 7101
374 7102
373 7102
372 7102
371 7103
370 7104
369 7105
368 7105
367 7106
366 7106
365 7107
364 7108
363 7108
362 7108
361 7109
360 7110
359 7110
358 7110
357 7111
356 7112
355 7112
354 7112
353 7113
352 7114
351 7114
350 7114
349 7115
348 7116
347 7116
346 7116
345 7117
344 7118
343 7118
342 7118
341 7119
340 7119
339 7120
338 7120
337 7120
336 7120
335 7121
334 7122
333 7122
332 7122
331 7123
330 7124
329 7124
328 7124
327 7125
326 7126
325 7126
324 7126
323 7127
322 7127
321 7128
320 7128
319 7129
318 7129
317 7130
316 7130
315 7131
314 7132
313 7132
312 7132
311 7133
310 7134
309 7134
308 7134
307 7135
306 7136
305 7136
304 7136
303 7137
302 7138
301 7138
300 7138
299 7139
298 7140
297 7140
296 7140
295 7141
294 7142
293 7143
292 7144
291 7144
290 7145
289 7146
288 7146
287 7147
286 7148
285 7149
284 7149
283 7150
282 7150
281 7151
280 7152
279 7153
278 7154
277 7154
276 7155
275 7156
274 7156
273 7157
272 7158
271 7159
270 7160
269 7160
269 7161
268 7162
267 7162
267 7163
266 7164
265 7164
265 7165
264 7166
263 7166
263 7167
262 7168
261 7168
261 7169
260 7170
259 7170
259 7171
258 7172
257 7172
257 7173
256 7174
255 7175
254 7176
253 7177
253 7178
253 7179
252 7180
251 7181
251 7182
251 7183
250 7184
249 7185
249 7186
249 7187
248 7188
247 7189
247 7190
247 7191
246 7192
245 7193
245 7194
244 7195
244 7196
243 7197
242 7198
241 7199
241 7200
241 7201
240 7202
239 7203
239 7204
239 7205
238 7206
237 7207
237 7208
237 7209
237 7210
236 7211
236 7212
235 7213
235 7214
235 7215
235 7216
234 7217
234 7218
234 7219
234 7220
234 7221
234 7222
234 7223
234 7224
234 7225
234 7226
234 7227
234 7228
234 7229
234 7230
235 7231
235 7232
235 7233
235 7234
236 7235
237 7236
237 7237
237 7238
238 7239
239 7240
239 7241
239 7242
240 7243
241 7244
242 7245
242 7246
243 7247
243 7248
244 7249
245 7250
246 7251
247 7252
247 7253
248 7254
249 7255
249 7256
250 7257
251 7258
251 7259
251 7260
252 7261
253 7262
254 7263
255 7264
255 7265
256 7266
257 7267
257 7268
258 7269
259 7270
260 7271
260 7272
261 7273
261 7274
262 7275
263 7276
264 7277
265 7278
265 7279
266 7279
267 7280
267 7281
268 7282
269 7283
269 7284
270 7285
271 7286
271 7287
271 7288
272 7289
273 7290
274 7291
274 7292
275 7293
275 7294
276 7295
277 7296
278 7297
278 7298
279 7299
279 7300
280 7301
281 7302
281 7303
281 7304
282 7305
283 7306
283 7307
283 7308
284 7309
285 7310
286 7311
286 7312
287 7313
287 7314
288 7315
289 7316
289 7317
289 7318
290 7319
291 7320
291 7321
291 7322
292 7323
293 7324
294 7325
294 7326
295 7327
295 7328
296 7329
297 7330
297 7331
297 7332
298 7333
299 7334
300 7335
300 7336
301 7337
301 7338
302 7339
303 7340
304 7341
304 7342
305 7343
305 7344
306 7345
307 7346
308 7347
308 7348
309 7349
309 7350
310 7351
311 7352
312 7353
313 7354
313 7355
314 7356
315 7357
315 7358
316 7359
317 7360
318 7361
318 7362
319 7363
319 7364
320 7365
321 7366
322 7367
323 7368
323 7369
324 7370
325 7371
325 7372
326 7373
327 7374
328 7375
328 7376
329 7377
329 7378
330 7379
331 7380
332 7381
333 7382
333 7383
334 7384
335 7385
335 7386
336 7387
337 7388
337 7389
337 7390
338 7391
339 7392
340 7393
340 7394
341 7395
341 7396
342 7397
343 7398
344 7399
344 7400
345 7401
345 7402
346 7403
347 7404
348 7405
348 7406
349 7407
349 7408
350 7409
351 7410
352 7411
352 7412
353 7413
353 7414
354 7415
355 7416
356 7417
356 7418
357 7419
357 7420
358 7421
359 7422
360 7423
361 7424
361 7425
362 7426
363 7427
363 7428
364 7429
365 7430
365 7431
365 7432
366 7433
367 7434
368 7435
369 7436
369 7437
370 7437
371 7438
371 7439
372 7439
373 7440
373 7441
374 7441
375 7442
375 7443
376 7443
377 7444
377 7445
378 7445
379 7446
379 7447
380 7447
381 7448
381 7449
382 7449
383 7450
383 7451
384 7451
385 7452
386 7453
387 7454
388 7455
389 7455
390 7456
391 7456
392 7457
393 7458
394 7459
395 7459
396 7460
397 7460
398 7461
399 7462
400 7463
401 7463
402 7463
403 7464
404 7465
405 7465
406 7466
407 7466
408 7467
409 7468
410 7469
411 7469
412 7469
413 7470
414 7471
415 7471
416 7471
417 7472
418 7473
419 7473
420 7473
421 7474
422 7475
423 7475
424 7475
425 7476
426 7477
427 7477
428 7477
429 7478
430 7479
431 7479
432 7479
433 7480
434 7481
435 7481
436 7481
437 7481
438 7482
439 7482
440 7483
441 7483
442 7483
443 7484
444 7485
445 7485
446 7485
447 7485
448 7486
449 7486
450 7487
451 7487
452 7487
453 7487
454 7488
455 7488
456 7489
457 7489
458 7489
459 7489
460 7490
461 7490
462 7491
463 7491
464 7491
465 7492
466 7493
467 7493
468 7493
469 7493
470 7494
471 7494
472 7495
473 7495
474 7495
475 7496
476 7497
477 7497
478 7497
479 7497
480 7498
481 7498
482 7498
483 7498
484 7499
485 7499
486 7499
487 7500
488 7501
489 7501
490 7501
491 7501
492 7502
493 7502
494 7503
495 7503
496 7503
497 7504
498 7505
499 7505
500 7505
501 7506
502 7507
503 7507
504 7507
505 7507
506 7508
507 7508
508 7509
509 7509
510 7509
511 7510
512 7511
513 7511
514 7511
515 7511
516 7512
517 7512
518 7513
519 7513
520 7513
521 7513
522 7514
523 7514
524 7515
525 7515
526 7515
527 7515
528 7516
529 7516
530 7517
531 7517
532 7517
533 7517
534 7518
535 7518
536 7519
537 7519
538 7519
539 7519
540 7520
541 7520
542 7521
543 7521
544 7521
545 7521
546 7522
547 7522
548 7522
549 7522
550 7523
551 7523
552 7523
553 7523
554 7524
555 7524
556 7525
557 7525
558 7525
559 7525
560 7526
561 7526
562 7526
563 7526
564 7527
565 7527
566 7527
567 7527
568 7528
569 7528
570 7528
571 7528
572 7529
573 7529
574 7529
575 7529
576 7530
577 7530
578 7530
579 7530
580 7531
581 7531
582 7531
583 7531
584 7532
585 7532
586 7533
587 7533
588 7533
589 7533
590 7534
591 7534
592 7534
593 7534
594 7535
595 7535
596 7535
597 7535
598 7536
599 7536
600 7537
601 7537
602 7537
603 7537
604 7538
605 7538
606 7538
607 7538
608 7538
609 7538
610 7539
611 7539
612 7539
613 7539
614 7540
615 7540
616 7541
617 7541
618 7541
619 7541
620 7542
621 7542
622 7542
623 7542
624 7543
625 7543
626 7543
627 7543
628 7544
629 7544
630 7544
631 7544
632 7545
633 7545
634 7545
635 7545
636 7546
637 7546
638 7547
639 7547
640 7547
641 7547
642 7548
643 7548
644 7548
645 7548
646 7548
647 7548
648 7548
649 7548
650 7548
651 7548
652 7548
653 7548
654 7548
655 7548
656 7549
657 7549
658 7549
659 7549
660 7550
661 7550
662 7550
663 7550
664 7550
665 7550
666 7550
667 7550
668 7550
669 7550
670 7551
671 7551
672 7551
673 7551
674 7552
675 7552
676 7553
677 7553
678 7553
679 7553
680 7554
681 7554
682 7554
683 7554
684 7555
685 7555
686 7555
687 7556
688 7557
689 7557
690 7557
691 7557
692 7558
693 7558
694 7558
695 7558
696 7559
697 7559
698 7559
699 7559
700 7560
701 7560
702 7560
703 7560
704 7561
705 7561
706 7561
707 7561
708 7562
709 7562
710 7563
711 7563
712 7563
713 7563
714 7564
715 7564
716 7564
717 7564
718 7565
719 7565
720 7565
721 7565
722 7566
723 7566
724 7566
725 7566
726 7566
727 7566
728 7566
729 7566
730 7566
731 7566
732 7567
733 7567
734 7567
735 7567
736 7568
737 7568
738 7568
739 7568
740 7568
741 7568
742 7569
743 7569
744 7569
745 7569
746 7570
747 7570
748 7570
749 7570
750 7570
751 7570
752 7570
753 7570
754 7570
755 7570
756 7570
757 7570
758 7570
759 7570
760 7570
761 7570
762 7570
763 7570
764 7571
765 7571
766 7571
767 7571
768 7572
769 7572
770 7572
771 7572
772 7572
773 7572
774 7573
775 7573
776 7573
777 7573
778 7574
779 7574
780 7574
781 7574
782 7575
783 7575
784 7575
785 7575
786 7576
787 7576
788 7576
789 7576
790 7576
791 7576
792 7577
793 7577
794 7577
795 7577
796 7578
797 7578
798 7578
799 7578
800 7579
801 7579
802 7579
803 7579
804 7580
805 7580
806 7580
807 7580
808 7580
809 7580
810 7581
811 7581
812 7581
813 7581
814 7582
815 7582
816 7582
817 7582
818 7583
819 7583
820 7583
821 7583
822 7584
823 7584
824 7585
825 7585
826 7585
827 7585
828 7586
829 7586
830 7586
831 7586
832 7586
833 7586
834 7587
835 7587
836 7587
837 7587
838 7588
839 7588
840 7589
841 7589
842 7589
843 7590
844 7591
845 7591
846 7591
847 7591
848 7592
849 7592
850 7592
851 7592
852 7593
853 7593
854 7593
855 7593
856 7594
857 7594
858 7595
859 7595
860 7595
861 7595
862 7596
863 7596
864 7596
865 7596
866 7596
867 7596
868 7596
869 7596
870 7597
871 7597
872 7597
873 7597
874 7598
875 7598
876 7598
877 7598
878 7599
879 7599
880 7599
881 7599
882 7600
883 7600
884 7600
885 7600
886 7600
887 7600
888 7600
889 7600
890 7600
891 7600
892 7600
893 7600
894 7600
895 7600
896 7601
897 7601
898 7601
899 7601
900 7602
901 7602
902 7602
903 7602
904 7602
905 7602
906 7602
907 7602
908 7602
909 7602
910 7602
911 7602
912 7602
913 7602
914 7602
915 7602
916 7602
917 7602
918 7602
919 7602
920 7603
921 7603
922 7603
923 7603
924 7604
925 7604
926 7604
927 7604
928 7604
929 7604
930 7604
931 7604
932 7604
933 7604
934 7604
935 7604
936 7605
937 7605
938 7605
939 7605
940 7606
941 7606
942 7606
943 7606
944 7606
945 7606
946 7606
947 7606
948 7606
949 7606
950 7606
951 7606
952 7606
953 7606
954 7606
955 7606
956 7606
957 7606
958 7607
959 7607
960 7607
961 7607
962 7608
963 7608
964 7608
965 7608
966 7608
967 7608
968 7608
969 7608
970 7608
971 7608
972 7608
973 7608
974 7608
975 7608
976 7608
977 7608
978 7608
979 7608
980 7608
981 7608
982 7608
983 7608
984 7608
985 7608
986 7609
987 7609
988 7609
989 7609
990 7610
991 7610
992 7610
993 7610
994 7611
995 7611
996 7611
997 7611
998 7612
999 7612
1000 7612
1001 7612
1002 7613
1003 7613
1004 7613
1005 7613
1006 7614
1007 7614
1008 7614
1009 7614
1010 7615
1011 7615
1012 7615
1013 7615
1014 7616
1015 7616
1016 7616
1017 7616
1018 7616
1019 7616
1020 7616
1021 7616
1022 7616
1023 7616
1024 7617
1025 7617
1026 7617
1027 7617
1028 7618
1029 7618
1030 7618
1031 7618
1032 7618
1033 7618
1034 7618
1035 7618
1036 7618
1037 7618
1038 7618
1039 7618
1040 7618
1041 7618
1042 7618
1043 7618
1044 7618
1045 7618
1046 7618
1047 7618
1048 7619
1049 7619
1050 7619
1051 7619
1052 7620
1053 7620
1054 7620
1055 7620
1056 7620
1057 7620
1058 7620
1059 7620
1060 7620
1061 7620
1062 7621
1063 7621
1064 7621
1065 7621
1066 7622
1067 7622
1068 7622
1069 7622
1070 7623
1071 7623
1072 7623
1073 7623
1074 7624
1075 7624
1076 7624
1077 7624
1078 7624
1079 7624
1080 7624
1081 7624
1082 7624
1083 7624
1084 7624
1085 7624
1086 7625
1087 7625
1088 7625
1089 7625
1090 7626
1091 7626
1092 7626
1093 7626
1094 7626
1095 7626
1096 7626
1097 7626
1098 7626
1099 7626
1100 7626
1101 7626
1102 7626
1103 7626
1104 7626
1105 7626
1106 7627
1107 7627
1108 7627
1109 7627
1110 7628
1111 7628
1112 7628
1113 7628
1114 7628
1115 7628
1116 7628
1117 7628
1118 7628
1119 7628
1120 7628
1121 7628
1122 7629
1123 7629
1124 7629
1125 7629
1126 7630
1127 7630
1128 7630
1129 7630
1130 7630
1131 7630
1132 7630
1133 7630
1134 7630
1135 7630
1136 7630
1137 7630
1138 7630
1139 7630
1140 7630
1141 7630
1142 7630
1143 7630
1144 7630
1145 7630
1146 7630
1147 7630
1148 7630
1149 7630
1150 7630
1151 7630
1152 7630
1153 7630
1154 7630
1155 7630
1156 7630
1157 7630
1158 7630
1159 7630
1160 7629
1161 7629
1162 7629
1163 7629
1164 7628
1165 7628
1166 7628
1167 7628
1168 7628
1169 7628
1170 7628
1171 7628
1172 7628
1173 7628
1174 7628
1175 7628
1176 7628
1177 7628
1178 7628
1179 7628
1180 7628
1181 7628
1182 7628
1183 7628
1184 7628
1185 7628
1186 7628
1187 7628
1188 7628
1189 7628
1190 7628
1191 7628
1192 7628
1193 7628
1194 7628
1195 7628
1196 7628
1197 7628
1198 7628
1199 7628
1200 7628
1201 7628
1202 7629
1203 7629
1204 7629
1205 7629
1206 7630
1207 7630
1208 7630
1209 7630
1210 7630
1211 7630
1212 7630
1213 7630
1214 7631
1215 7631
1216 7631
1217 7631
1218 7632
1219 7632
1220 7632
1221 7632
1222 7633
1223 7633
1224 7633
1225 7633
1226 7634
1227 7634
1228 7634
1229 7634
1230 7634
1231 7634
1232 7634
1233 7634
1234 7635
1235 7635
1236 7635
1237 7635
1238 7636
1239 7636
1240 7636
1241 7636
1242 7636
1243 7636
1244 7636
1245 7636
1246 7636
1247 7636
1248 7637
1249 7637
1250 7637
1251 7637
1252 7638
1253 7638
1254 7638
1255 7638
1256 7638
1257 7638
1258 7638
1259 7638
1260 7638
1261 7638
1262 7638
1263 7638
1264 7638
1265 7638
1266 7638
1267 7638
1268 7638
1269 7638
1270 7638
1271 7638
1272 7638
1273 7638
1274 7638
1275 7638
1276 7638
1277 7638
1278 7638
1279 7638
1280 7638
1281 7638
1282 7638
1283 7638
1284 7638
1285 7638
1286 7638
1287 7638
1288 7638
1289 7638
1290 7638
1291 7638
1292 7638
1293 7638
1294 7638
1295 7638
1296 7638
1297 7638
1298 7638
1299 7638
1300 7638
1301 7638
1302 7638
1303 7638
1304 7638
1305 7638
1306 7638
1307 7638
1308 7638
1309 7638
1310 7638
1311 7638
1312 7638
1313 7638
1314 7638
1315 7638
1316 7638
1317 7638
1318 7638
1319 7638
1320 7638
1321 7638
1322 7638
1323 7638
1324 7638
1325 7638
1326 7638
1327 7638
1328 7638
1329 7638
1330 7638
1331 7638
1332 7638
1333 7638
1334 7638
1335 7638
1336 7638
1337 7638
1338 7638
1339 7638
1340 7638
1341 7638
1342 7638
1343 7638
1344 7637
1345 7637
1346 7637
1347 7637
1348 7636
1349 7636
1350 7636
1351 7636
1352 7636
1353 7636
1354 7636
1355 7636
1356 7636
1357 7636
1358 7636
1359 7636
1360 7636
1361 7636
1362 7636
1363 7636
1364 7636
1365 7636
1366 7635
1367 7635
1368 7635
1369 7635
1370 7634
1371 7634
1372 7634
1373 7634
1374 7634
1375 7634
1376 7634
1377 7634
1378 7634
1379 7634
1380 7634
1381 7634
1382 7634
1383 7634
1384 7634
1385 7634
1386 7633
1387 7633
1388 7633
1389 7633
1390 7632
1391 7632
1392 7632
1393 7632
1394 7632
1395 7632
1396 7632
1397 7632
1398 7632
1399 7632
1400 7632
1401 7632
1402 7631
1403 7631
1404 7631
1405 7631
1406 7630
1407 7630
1408 7630
1409 7630
1410 7630
1411 7630
1412 7630
1413 7630
1414 7630
1415 7630
1416 7630
1417 7630
1418 7630
1419 7630
1420 7630
1421 7630
1422 7629
1423 7629
1424 7629
1425 7629
1426 7628
1427 7628
1428 7628
1429 7628
1430 7628
1431 7628
1432 7628
1433 7628
1434 7627
1435 7627
1436 7627
1437 7627
1438 7626
1439 7626
1440 7626
1441 7626
1442 7626
1443 7626
1444 7626
1445 7626
1446 7626
1447 7626
1448 7626
1449 7626
1450 7626
1451 7626
1452 7626
1453 7626
1454 7626
1455 7626
1456 7626
1457 7626
1458 7626
1459 7626
1460 7625
1461 7625
1462 7625
1463 7625
1464 7624
1465 7624
1466 7624
1467 7624
1468 7624
1469 7624
1470 7624
1471 7624
1472 7624
1473 7624
1474 7624
1475 7624
1476 7624
1477 7624
1478 7624
1479 7624
1480 7624
1481 7624
1482 7624
1483 7624
1484 7624
1485 7624
1486 7624
1487 7624
1488 7624
1489 7624
1490 7624
1491 7624
1492 7624
1493 7624
1494 7624
1495 7624
1496 7624
1497 7624
1498 7624
1499 7624
1500 7624
1501 7624
1502 7624
1503 7624
1504 7624
1505 7624
1506 7624
1507 7624
1508 7624
1509 7624
1510 7624
1511 7624
1512 7624
1513 7624
1514 7624
1515 7624
1516 7624
1517 7624
1518 7623
1519 7623
1520 7623
1521 7623
1522 7622
1523 7622
1524 7622
1525 7622
1526 7622
1527 7622
1528 7622
1529 7622
1530 7622
1531 7622
1532 7622
1533 7622
1534 7622
1535 7622
1536 7622
1537 7622
1538 7622
1539 7622
1540 7622
1541 7622
1542 7621
1543 7621
1544 7621
1545 7621
1546 7620
1547 7620
1548 7620
1549 7620
1550 7620
1551 7620
1552 7620
1553 7620
1554 7619
1555 7619
1556 7619
1557 7619
1558 7618
1559 7618
1560 7618
1561 7618
1562 7618
1563 7618
1564 7617
1565 7617
1566 7617
1567 7617
1568 7616
1569 7616
1570 7616
1571 7616
1572 7616
1573 7616
1574 7615
1575 7615
1576 7615
1577 7615
1578 7614
1579 7614
1580 7614
1581 7614
1582 7614
1583 7614
1584 7614
1585 7614
1586 7613
1587 7613
1588 7613
1589 7613
1590 7612
1591 7612
1592 7612
1593 7612
1594 7612
1595 7612
1596 7612
1597 7612
1598 7612
1599 7612
1600 7612
1601 7612
1602 7612
1603 7612
1604 7612
1605 7612
1606 7611
1607 7611
1608 7611
1609 7611
1610 7610
1611 7610
1612 7610
1613 7610
1614 7610
1615 7610
1616 7610
1617 7610
1618 7610
1619 7610
1620 7610
1621 7610
1622 7610
1623 7610
1624 7610
1625 7610
1626 7610
1627 7610
1628 7609
1629 7609
1630 7609
1631 7609
1632 7608
1633 7608
1634 7608
1635 7608
1636 7608
1637 7608
1638 7608
1639 7608
1640 7607
1641 7607
1642 7607
1643 7607
1644 7606
1645 7606
1646 7606
1647 7606
1648 7606
1649 7606
1650 7606
1651 7606
1652 7605
1653 7605
1654 7605
1655 7605
1656 7604
1657 7604
1658 7604
1659 7604
1660 7604
1661 7604
1662 7604
1663 7604
1664 7604
1665 7604
1666 7604
1667 7604
1668 7604
1669 7604
1670 7603
1671 7603
1672 7603
1673 7603
1674 7602
1675 7602
1676 7602
1677 7602
1678 7602
1679 7602
1680 7602
1681 7602
1682 7602
1683 7602
1684 7602
1685 7602
1686 7602
1687 7602
1688 7602
1689 7602
1690 7602
1691 7602
1692 7602
1693 7602
1694 7602
1695 7602
1696 7602
1697 7602
1698 7602
1699 7602
1700 7602
1701 7602
1702 7601
1703 7601
1704 7601
1705 7601
1706 7600
1707 7600
1708 7600
1709 7600
1710 7600
1711 7600
1712 7600
1713 7600
1714 7600
1715 7600
1716 7600
1717 7600
1718 7600
1719 7600
1720 7600
1721 7600
1722 7600
1723 7600
1724 7600
1725 7600
1726 7600
1727 7600
1728 7600
1729 7600
1730 7600
1731 7600
1732 7600
1733 7600
1734 7600
1735 7600
1736 7600
1737 7600
1738 7600
1739 7600
1740 7600
1741 7600
1742 7599
1743 7599
1744 7599
1745 7599
1746 7598
1747 7598
1748 7598
1749 7598
1750 7598
1751 7598
1752 7598
1753 7598
1754 7598
1755 7598
1756 7598
1757 7598
1758 7598
1759 7598
1760 7598
1761 7598
1762 7598
1763 7598
1764 7598
1765 7598
1766 7598
1767 7598
1768 7598
1769 7598
1770 7598
1771 7598
1772 7597
1773 7597
1774 7597
1775 7597
1776 7596
1777 7596
1778 7596
1779 7596
1780 7596
1781 7596
1782 7595
1783 7595
1784 7595
1785 7595
1786 7594
1787 7594
1788 7594
1789 7594
1790 7594
1791 7594
1792 7594
1793 7594
1794 7594
1795 7594
1796 7593
1797 7593
1798 7593
1799 7593
1800 7592
1801 7592
1802 7592
1803 7592
1804 7591
1805 7591
1806 7591
1807 7591
1808 7590
1809 7590
1810 7590
1811 7590
1812 7590
1813 7590
1814 7590
1815 7590
1816 7589
1817 7589
1818 7589
1819 7589
1820 7588
1821 7588
1822 7588
1823 7588
1824 7587
1825 7587
1826 7587
1827 7587
1828 7586
1829 7586
1830 7586
1831 7586
1832 7586
1833 7586
1834 7586
1835 7586
1836 7585
1837 7585
1838 7585
1839 7585
1840 7584
1841 7584
1842 7584
1843 7584
1844 7584
1845 7584
1846 7583
1847 7583
1848 7583
1849 7583
1850 7582
1851 7582
1852 7582
1853 7582
1854 7582
1855 7582
1856 7581
1857 7581
1858 7581
1859 7581
1860 7580
1861 7580
1862 7580
1863 7580
1864 7580
1865 7580
1866 7580
1867 7580
1868 7579
1869 7579
1870 7579
1871 7579
1872 7578
1873 7578
1874 7578
1875 7578
1876 7578
1877 7578
1878 7578
1879 7578
1880 7578
1881 7578
1882 7578
1883 7578
1884 7577
1885 7577
1886 7577
1887 7577
1888 7576
1889 7576
1890 7576
1891 7576
1892 7576
1893 7576
1894 7576
1895 7576
1896 7576
1897 7576
1898 7576
1899 7576
1900 7576
1901 7576
1902 7575
1903 7575
1904 7575
1905 7575
1906 7574
1907 7574
1908 7574
1909 7574
1910 7574
1911 7574
1912 7574
1913 7574
1914 7574
1915 7574
1916 7574
1917 7574
1918 7574
1919 7574
1920 7574
1921 7574
1922 7574
1923 7574
1924 7574
1925 7574
1926 7574
1927 7574
1928 7573
1929 7573
1930 7573
1931 7573
1932 7572
1933 7572
1934 7572
1935 7572
1936 7572
1937 7572
1938 7572
1939 7572
1940 7572
1941 7572
1942 7572
1943 7572
1944 7572
1945 7572
1946 7572
1947 7572
1948 7572
1949 7572
1950 7572
1951 7572
1952 7572
1953 7572
1954 7572
1955 7572
1956 7572
1957 7572
1958 7572
1959 7572
1960 7572
1961 7572
1962 7572
1963 7572
1964 7572
1965 7572
1966 7571
1967 7571
1968 7571
1969 7571
1970 7570
1971 7570
1972 7570
1973 7570
1974 7569
1975 7569
1976 7569
1977 7569
1978 7568
1979 7568
1980 7568
1981 7568
1982 7568
1983 7568
1984 7568
1985 7568
1986 7567
1987 7567
1988 7567
1989 7567
1990 7566
1991 7566
1992 7566
1993 7566
1994 7565
1995 7565
1996 7565
1997 7565
1998 7564
1999 7563
2000 7563
2001 7563
2002 7562
2003 7562
2004 7561
2005 7561
2006 7561
2007 7561
2008 7560
2009 7559
2010 7559
2011 7559
2012 7558
2013 7558
2014 7557
2015 7557
2016 7557
2017 7557
2018 7556
2019 7555
2020 7555
2021 7555
2022 7554
2023 7554
2024 7553
2025 7553
2026 7553
2027 7553
2028 7552
2029 7552
2030 7551
2031 7551
2032 7551
2033 7551
2034 7550
2035 7550
2036 7549
2037 7549
2038 7549
2039 7549
2040 7548
2041 7548
2042 7547
2043 7547
2044 7547
2045 7547
2046 7546
2047 7546
2048 7546
2049 7546
2050 7546
2051 7546
2052 7545
2053 7545
2054 7545
2055 7545
2056 7544
2057 7544
2058 7544
2059 7544
2060 7544
2061 7544
2062 7543
2063 7543
2064 7543
2065 7543
2066 7542
2067 7542
2068 7542
2069 7542
2070 7541
2071 7541
2072 7541
2073 7541
2074 7540
2075 7540
2076 7540
2077 7540
2078 7540
2079 7540
2080 7539
2081 7539
2082 7539
2083 7539
2084 7538
2085 7538
2086 7538
2087 7538
2088 7538
2089 7538
2090 7538
2091 7538
2092 7537
2093 7537
2094 7537
2095 7537
2096 7536
2097 7536
2098 7536
2099 7536
2100 7536
2101 7536
2102 7536
2103 7536
2104 7536
2105 7536
2106 7535
2107 7535
2108 7535
2109 7535
2110 7534
2111 7534
2112 7534
2113 7534
2114 7534
2115 7534
2116 7534
2117 7534
2118 7534
2119 7534
2120 7534
2121 7534
2122 7534
2123 7534
2124 7534
2125 7534
2126 7534
2127 7534
2128 7533
2129 7533
2130 7533
2131 7533
2132 7532
2133 7532
2134 7532
2135 7532
2136 7532
2137 7532
2138 7532
2139 7532
2140 7532
2141 7532
2142 7532
2143 7532
2144 7532
2145 7532
2146 7532
2147 7532
2148 7532
2149 7532
2150 7532
2151 7532
2152 7531
2153 7531
2154 7531
2155 7531
2156 7530
2157 7530
2158 7530
2159 7530
2160 7530
2161 7530
2162 7530
2163 7530
2164 7530
2165 7530
2166 7530
2167 7530
2168 7530
2169 7530
2170 7530
2171 7530
2172 7530
2173 7530
2174 7530
2175 7530
2176 7530
2177 7530
2178 7530
2179 7530
2180 7529
2181 7529
2182 7529
2183 7529
2184 7528
2185 7528
2186 7528
2187 7528
2188 7528
2189 7528
2190 7528
2191 7528
2192 7528
2193 7528
2194 7527
2195 7527
2196 7527
2197 7527
2198 7526
2199 7526
2200 7526
2201 7526
2202 7526
2203 7526
2204 7525
2205 7525
2206 7525
2207 7525
2208 7524
2209 7524
2210 7524
2211 7524
2212 7524
2213 7524
2214 7523
2215 7523
2216 7523
2217 7523
2218 7522
2219 7522
2220 7521
2221 7521
2222 7521
2223 7521
2224 7520
2225 7520
2226 7519
2227 7519
2228 7519
2229 7519
2230 7518
2231 7518
2232 7518
2233 7518
2234 7517
2235 7517
2236 7517
2237 7517
2238 7516
2239 7516
2240 7515
2241 7515
2242 7515
2243 7515
2244 7514
2245 7514
2246 7513
2247 7513
2248 7513
2249 7513
2250 7512
2251 7512
2252 7511
2253 7511
2254 7511
2255 7511
2256 7510
2257 7510
2258 7509
2259 7509
2260 7509
2261 7509
2262 7508
2263 7508
2264 7507
2265 7507
2266 7507
2267 7507
2268 7506
2269 7506
2270 7506
2271 7506
2272 7505
2273 7505
2274 7505
2275 7505
2276 7504
2277 7504
2278 7503
2279 7503
2280 7503
2281 7503
2282 7502
2283 7502
2284 7501
2285 7501
2286 7501
2287 7501
2288 7500
2289 7500
2290 7500
2291 7500
2292 7499
2293 7499
2294 7499
2295 7499
2296 7498
2297 7497
2298 7497
2299 7497
2300 7496
2301 7496
2302 7495
2303 7495
2304 7495
2305 7495
2306 7494
2307 7494
2308 7493
2309 7493
2310 7493
2311 7493
2312 7492
2313 7492
2314 7491
2315 7491
2316 7491
2317 7491
2318 7490
2319 7489
2320 7489
2321 7489
2322 7488
2323 7488
2324 7487
2325 7487
2326 7487
2327 7487
2328 7486
2329 7485
2330 7485
2331 7485
2332 7484
2333 7484
2334 7483
2335 7483
2336 7483
2337 7483
2338 7482
2339 7481
2340 7481
2341 7481
2342 7480
2343 7480
2344 7479
2345 7479
2346 7479
2347 7479
2348 7478
2349 7477
2350 7477
2351 7477
2352 7476
2353 7476
2354 7475
2355 7475
2356 7475
2357 7475
2358 7474
2359 7473
2360 7473
2361 7473
2362 7472
2363 7471
2364 7471
2365 7471
2366 7470
2367 7469
2368 7469
2369 7469
2370 7468
2371 7468
2372 7467
2373 7467
2374 7467
2375 7467
2376 7466
2377 7465
2378 7465
2379 7465
2380 7464
2381 7463
2382 7463
2383 7463
2384 7462
2385 7461
2386 7461
2387 7461
2388 7460
2389 7459
2390 7459
2391 7459
2392 7458
2393 7457
2394 7457
2395 7457
2396 7456
2397 7455
2398 7455
2399 7455
2400 7454
2401 7453
2402 7453
2403 7453
2404 7452
2405 7451
2406 7451
2407 7451
2408 7450
2409 7449
2410 7449
2411 7449
2412 7448
2413 7448
2414 7447
2415 7447
2416 7447
2417 7447
2418 7446
2419 7445
2420 7445
2421 7445
2422 7444
2423 7444
2424 7443
2425 7443
2426 7443
2427 7443
2428 7442
2429 7442
2430 7441
2431 7441
2432 7441
2433 7441
2434 7440
2435 7440
2436 7439
2437 7439
2438 7439
2439 7439
2440 7438
2441 7438
2442 7438
2443 7438
2444 7437
2445 7437
2446 7437
2447 7437
2448 7436
2449 7436
2450 7436
2451 7436
2452 7435
2453 7435
2454 7435
2455 7435
2456 7434
2457 7434
2458 7434
2459 7434
2460 7434
2461 7434
2462 7434
2463 7434
2464 7433
2465 7433
2466 7433
2467 7433
2468 7432
2469 7432
2470 7432
2471 7432
2472 7432
2473 7432
2474 7431
2475 7431
2476 7431
2477 7431
2478 7430
2479 7430
2480 7430
2481 7430
2482 7430
2483 7430
2484 7429
2485 7429
2486 7429
2487 7429
2488 7428
2489 7428
2490 7428
2491 7428
2492 7428
2493 7428
2494 7427
2495 7427
2496 7427
2497 7427
2498 7426
2499 7426
2500 7426
2501 7426
2502 7425
2503 7425
2504 7425
2505 7425
2506 7424
2507 7424
2508 7423
2509 7423
2510 7423
2511 7423
2512 7422
2513 7422
2514 7421
2515 7421
2516 7421
2517 7421
2518 7420
2519 7420
2520 7420
2521 7420
2522 7419
2523 7419
2524 7419
2525 7419
2526 7418
2527 7417
2528 7417
2529 7417
2530 7416
2531 7416
2532 7416
2533 7416
2534 7415
2535 7415
2536 7415
2537 7415
2538 7414
2539 7414
2540 7413
2541 7413
2542 7413
2543 7413
2544 7412
2545 7412
2546 7411
2547 7411
2548 7411
2549 7411
2550 7410
2551 7410
2552 7409
2553 7409
2554 7409
2555 7409
2556 7408
2557 7408
2558 7408
2559 7408
2560 7407
2561 7407
2562 7407
2563 7407
2564 7406
2565 7405
2566 7405
2567 7405
2568 7404
2569 7404
2570 7403
2571 7403
2572 7403
2573 7403
2574 7402
2575 7402
2576 7401
2577 7401
2578 7401
2579 7401
2580 7400
2581 7399
2582 7399
2583 7399
2584 7398
2585 7398
2586 7397
2587 7397
2588 7397
2589 7397
2590 7396
2591 7396
2592 7395
2593 7395
2594 7395
2595 7395
2596 7394
2597 7393
2598 7393
2599 7393
2600 7392
2601 7391
2602 7390
2603 7390
2604 7389
2605 7389
2606 7388
2607 7387
2608 7386
2609 7386
2610 7385
2611 7385
2612 7384
2613 7383
2614 7382
2615 7382
2616 7381
2617 7381
2618 7380
2619 7379
2620 7378
2621 7377
2622 7377
2622 7376
2623 7375
2624 7375
2624 7374
2625 7373
2626 7373
2626 7372
2627 7371
2628 7371
2628 7370
2629 7369
2630 7369
2630 7368
2631 7367
2632 7367
2632 7366
2633 7365
2634 7365
2634 7364
2635 7363
2636 7363
2636 7362
2637 7361
2638 7360
2639 7359
2640 7358
2640 7357
2640 7356
2641 7355
2642 7354
2642 7353
2642 7352
2643 7351
2644 7350
2644 7349
2644 7348
2644 7347
2645 7346
2645 7345
2646 7344
2646 7343
2646 7342
2647 7341
2648 7340
2648 7339
2648 7338
2648 7337
2649 7336
2649 7335
2649 7334
2649 7333
2649 7332
2649 7331
2650 7330
2650 7329
2650 7328
2651 7327
2652 7326
2652 7325
2652 7324
2652 7323
2653 7322
2653 7321
2653 7320
2653 7319
2653 7318
2653 7317
2654 7316
2654 7315
2654 7314
2654 7313
2655 7312
2655 7311
2655 7310
2655 7309
2655 7308
2655 7307
2655 7306
2655 7305
2656 7304
2656 7303
2656 7302
2656 7301
2657 7300
2657 7299
2657 7298
2657 7297
2657 7296
2657 7295
2658 7294
2658 7293
2658 7292
2658 7291
2659 7290
2659 7289
2659 7288
2659 7287
2659 7286
2659 7285
2659 7284
2659 7283
2660 7282
2660 7281
2660 7280
2660 7279
2661 7278
2661 7277
2661 7276
2661 7275
2661 7274
2661 7273
2661 7272
2661 7271
2661 7270
2661 7269
2661 7268
2661 7267
2661 7266
2661 7265
2661 7264
2661 7263
2661 7262
2661 7261
2662 7260
2662 7259
2662 7258
2662 7257
2663 7256
2663 7255
2663 7254
2663 7253
2663 7252
2663 7251
2663 7250
2663 7249
2663 7248
2663 7247
2663 7246
2663 7245
2663 7244
2663 7243
2663 7242
2663 7241
2663 7240
2663 7239
2663 7238
2663 7237
2663 7236
2663 7235
2663 7234
2663 7233
2662 7232
2662 7231
2662 7230
2662 7229
2661 7228
2661 7227
2661 7226
2661 7225
2661 7224
2661 7223
2661 7222
2661 7221
2660 7220
2660 7219
2660 7218
2660 7217
2659 7216
2659 7215
2659 7214
2659 7213
2658 7212
2658 7211
2658 7210
2658 7209
2657 7208
2657 7207
2656 7206
2656 7205
2656 7204
2656 7203
2655 7202
2655 7201
2654 7200
2654 7199
2654 7198
2654 7197
2653 7196
2653 7195
2653 7194
2653 7193
2652 7192
2652 7191
2652 7190
2652 7189
2651 7188
2650 7187
2650 7186
2650 7185
2649 7184
2649 7183
2648 7182
2648 7181
2648 7180
2648 7179
2647 7178
2647 7177
2646 7176
2646 7175
2646 7174
2646 7173
2645 7172
2645 7171
2644 7170
2644 7169
2644 7168
2644 7167
2643 7166
2642 7165
2642 7164
2642 7163
2641 7162
2640 7161
2640 7160
2640 7159
2639 7158
2638 7157
2638 7156
2638 7155
2637 7154
2637 7153
2636 7152
2636 7151
2636 7150
2636 7149
2635 7148
2634 7147
2634 7146
2634 7145
2633 7144
2632 7143
2632 7142
2632 7141
2631 7140
2630 7139
2630 7138
2630 7137
2629 7136
2628 7135
2627 7134
2627 7133
2626 7132
2626 7131
2625 7130
2624 7129
2624 7128
2624 7127
2623 7126
2622 7125
2621 7124
2621 7123
2620 7122
2620 7121
2619 7120
2618 7119
2617 7118
2617 7117
2616 7116
2616 7115
2615 7114
2614 7113
2613 7112
2613 7111
2612 7110
2612 7109
2611 7108
2610 7107
2610 7106
2610 7105
2609 7104
2608 7103
2607 7102
2607 7101
2606 7100
2606 7099
2605 7098
2604 7097
2603 7096
2603 7095
2602 7094
2602 7093
2601 7092
2600 7091
2600 7090
2600 7089
2599 7088
2598 7087
2597 7086
2596 7085
2596 7084
2595 7083
2594 7082
2594 7081
2593 7080
2592 7079
2592 7078
2592 7077
2591 7076
2590 7075
2590 7074
2590 7073
2589 7072
2588 7071
2588 7070
2588 7069
2587 7068
2586 7067
2586 7066
2586 7065
2585 7064
2584 7063
2584 7062
2584 7061
2583 7060
2582 7059
2581 7058
2581 7057
2580 7056
2580 7055
2579 7054
2578 7053
2578 7052
2578 7051
2577 7050
2576 7049
2576 7048
2576 7047
2575 7046
2574 7045
2574 7044
2574 7043
2573 7042
2572 7041
2572 7040
2572 7039
2571 7038
2570 7037
2570 7036
2570 7035
2569 7034
2568 7033
2567 7032
2567 7031
2566 7030
2566 7029
2565 7028
2564 7027
2564 7026
2564 7025
2563 7024
2562 7023
2562 7022
2562 7021
2561 7020
2561 7019
2560 7018
2560 7017
2560 7016
2560 7015
2559 7014
2558 7013
2558 7012
2558 7011
2557 7010
2556 7009
2556 7008
2556 7007
2555 7006
2554 7005
2553 7004
2553 7003
2552 7002
2552 7001
2551 7000
2551 6999
2550 6998
2550 6997
2550 6996
2550 6995
2549 6994
2549 6993
2548 6992
2548 6991
2548 6990
2548 6989
2547 6988
2546 6987
2546 6986
2546 6985
2545 6984
2544 6983
2543 6982
2543 6981
2542 6980
2542 6979
2541 6978
2540 6977
2540 6976
2540 6975
2539 6974
2538 6973
2538 6972
2538 6971
2537 6970
2536 6969
2535 6968
2535 6967
2534 6966
2534 6965
2533 6964
2532 6963
2532 6962
2532 6961
2531 6960
2530 6959
2529 6958
2529 6957
2528 6956
2528 6955
2527 6954
2526 6953
2525 6952
2524 6951
2524 6950
2523 6949
2522 6948
2522 6947
2521 6946
2520 6945
2519 6944
2518 6943
2518 6942
2517 6941
2516 6940
2516 6939
2515 6938
2514 6937
2514 6936
2514 6935
2513 6934
2512 6933
2511 6932
2510 6931
2510 6930
2509 6929
2508 6928
2508 6927
2507 6926
2506 6925
2505 6924
2504 6923
2504 6922
2503 6922
2502 6921
2502 6920
2501 6920
2500 6919
2500 6918
2499 6918
2498 6917
2498 6916
2497 6916
2496 6915
2496 6914
2495 6914
2494 6913
2494 6912
2493 6912
2492 6911
2492 6910
2491 6910
2490 6909
2490 6908
2489 6908
2488 6907
2488 6906
2487 6906
2486 6905
2486 6904
2485 6904
2484 6903
2484 6902
2483 6902
2482 6901
2482 6900
2481 6900
2480 6899
2480 6898
2479 6898
2478 6897
2478 6896
2477 6896
2476 6895
2476 6894
2475 6894
2474 6893
2474 6892
2473 6892
2472 6891
2472 6890
2471 6890
2470 6889
2469 6888
2468 6887
2467 6886
2466 6886
2465 6885
2464 6885
2463 6884
2462 6883
2461 6882
2460 6882
2459 6881
2458 6881
2457 6880
2456 6879
2455 6878
2454 6878
2453 6877
2452 6877
2451 6876
2450 6875
2449 6874
2448 6874
2447 6873
2446 6873
2445 6872
2444 6871
2443 6870
2442 6870
2441 6869
2440 6869
2439 6868
2438 6867
2437 6866
2436 6866
2435 6866
2434 6865
2433 6864
2432 6864
2431 6864
2430 6863
2429 6862
2428 6862
2427 6862
2426 6861
2425 6860
2424 6860
2423 6860
2422 6860
2421 6859
2420 6859
2419 6858
2418 6858
2417 6858
2416 6857
2415 6856
2414 6856
2413 6856
2412 6856
2411 6855
2410 6855
2409 6854
2408 6854
2407 6854
2406 6854
2405 6853
2404 6853
2403 6852
2402 6852
2401 6852
2400 6852
2399 6851
2398 6851
2397 6850
2396 6850
2395 6850
2394 6850
2393 6849
2392 6849
2391 6849
2390 6849
2389 6849
2388 6849
2387 6848
2386 6848
2385 6848
2384 6848
2383 6847
2382 6847
2381 6846
2380 6846
2379 6846
2378 6846
2377 6845
2376 6845
2375 6845
2374 6845
2373 6845
2372 6845
2371 6845
2370 6845
2369 6844
2368 6844
2367 6844
2366 6844
2365 6843
2364 6843
2363 6843
2362 6843
2361 6842
2360 6842
2359 6842
2358 6842
2357 6841
2356 6841
2355 6841
2354 6841
2353 6841
2352 6841
2351 6841
2350 6841
2349 6841
2348 6841
2347 6841
2346 6841
2345 6841
2344 6841
2343 6840
2342 6840
2341 6840
2340 6840
2339 6839
2338 6839
2337 6839
2336 6839
2335 6839
2334 6839
2333 6839
2332 6839
2331 6839
2330 6839
2329 6839
2328 6839
2327 6839
2326 6839
2325 6839
2324 6839
2323 6839
2322 6839
2321 6839
2320 6839
2319 6839
2318 6839
2317 6839
2316 6839
2315 6839
2314 6839
2313 6839
2312 6839
2311 6839
2310 6839
2309 6839
2308 6839
2307 6839
2306 6839
2305 6839
2304 6839
2303 6839
2302 6839
2301 6839
2300 6839
2299 6839
2298 6839
2297 6839
2296 6839
2295 6839
2294 6839
2293 6839
2292 6839
2291 6839
2290 6839
2289 6839
2288 6839
2287 6839
2286 6839
2285 6839
2284 6839
2283 6839
2282 6839
2281 6839
2280 6839
2279 6839
2278 6839
2277 6839
2276 6839
2275 6839
2274 6839
2273 6839
2272 6839
2271 6839
2270 6839
2269 6839
2268 6839
2267 6839
2266 6839
2265 6838
2264 6838
2263 6838
2262 6838
2261 6837
2260 6837
2259 6837
2258 6837
2257 6837
2256 6837
2255 6837
2254 6837
2253 6836
2252 6836
2251 6836
2250 6836
2249 6835
2248 6835
2247 6835
2246 6835
2245 6835
2244 6835
2243 6834
2242 6834
2241 6834
2240 6834
2239 6833
2238 6833
2237 6833
2236 6833
2235 6833
2234 6833
2233 6833
2232 6833
2231 6833
2230 6833
2229 6832
2228 6832
2227 6832
2226 6832
2225 6831
2224 6831
2223 6831
2222 6831
2221 6831
2220 6831
2219 6831
2218 6831
2217 6831
2216 6831
2215 6830
2214 6830
2213 6830
2212 6830
2211 6829
2210 6829
2209 6829
2208 6829
2207 6828
2206 6828
2205 6828
2204 6828
2203 6827
2202 6827
2201 6827
2200 6827
2199 6826
2198 6826
2197 6826
2196 6826
2195 6825
2194 6825
2193 6824
2192 6824
2191 6824
2190 6824
2189 6823
2188 6823
2187 6822
2186 6822
2185 6822
2184 6821
2183 6820
2182 6820
2181 6820
2180 6819
2179 6818
2178 6818
2177 6818
2176 6817
2175 6816
2174 6816
2173 6816
2172 6816
2171 6815
2170 6815
2169 6814
2168 6814
2167 6814
2166 6813
2165 6812
2164 6812
2163 6812
2162 6812
2161 6811
2160 6811
2159 6810
2158 6810
2157 6810
2156 6810
2155 6809
2154 6809
2153 6808
2152 6808
2151 6808
2150 6808
2149 6807
2148 6807
2147 6806
2146 6806
2145 6806
2144 6805
2143 6804
2142 6804
2141 6804
2140 6804
2139 6803
2138 6803
2137 6803
2136 6803
2135 6803
2134 6803
2133 6802
2132 6802
2131 6802
2130 6802
2129 6801
2128 6801
2127 6800
2126 6800
2125 6800
2124 6800
2123 6799
2122 6799
2121 6798
2120 6798
2119 6798
2118 6798
2117 6797
2116 6797
2115 6797
2114 6797
2113 6797
2112 6797
2111 6797
2110 6797
2109 6797
2108 6797
2107 6797
2106 6797
2105 6797
2104 6797
2103 6797
2102 6797
2101 6797
2100 6797
2099 6797
2098 6797
2097 6797
2096 6797
2095 6798
2094 6798
2093 6798
2092 6798
2091 6799
2090 6799
2089 6799
2088 6799
2087 6799
2086 6799
2085 6799
2084 6799
2083 6799
2082 6799
2081 6800
2080 6800
2079 6800
2078 6800
2077 6801
2076 6801
2075 6801
2074 6801
2073 6801
2072 6801
2071 6801
2070 6801
2069 6801
2068 6801
2067 6801
2066 6801
2065 6801
2064 6801
2063 6801
2062 6801
2061 6802
2060 6802
2059 6802
2058 6802
2057 6803
2056 6803
2055 6803
2054 6803
2053 6803
2052 6803
2051 6803
2050 6803
2049 6803
2048 6803
2047 6803
2046 6803
2045 6803
2044 6803
2043 6803
2042 6803
2041 6803
2040 6803
2039 6803
2038 6803
2037 6803
2036 6803
2035 6803
2034 6803
2033 6803
2032 6803
2031 6803
2030 6803
2029 6803
2028 6803
2027 6803
2026 6803
2025 6803
2024 6803
2023 6803
2022 6803
2021 6803
2020 6803
2019 6803
2018 6803
2017 6803
2016 6803
2015 6803
2014 6803
2013 6803
2012 6803
2011 6803
2010 6803
2009 6803
2008 6803
2007 6803
2006 6803
2005 6803
2004 6803
2003 6803
2002 6803
2001 6803
2000 6803
1999 6803
1998 6803
1997 6803
1996 6803
1995 6803
1994 6803
1993 6802
1992 6802
1991 6802
1990 6802
1989 6801
1988 6801
1987 6801
1986 6801
1985 6801
1984 6801
1983 6801
1982 6801
1981 6801
1980 6801
1979 6800
1978 6800
1977 6800
1976 6800
1975 6799
1974 6799
1973 6799
1972 6799
1971 6799
1970 6799
1969 6798
1968 6798
1967 6798
1966 6798
1965 6797
1964 6797
1963 6797
1962 6797
1961 6797
1960 6797
1959 6796
1958 6796
1957 6796
1956 6796
1955 6795
1954 6795
1953 6795
1952 6795
1951 6795
1950 6795
1949 6795
1948 6795
1947 6795
1946 6795
1945 6795
1944 6795
1943 6795
1942 6795
1941 6795
1940 6795
1939 6795
1938 6795
1937 6795
1936 6795
1935 6795
1934 6795
1933 6795
1932 6795
1931 6795
1930 6795
1929 6795
1928 6795
1927 6795
1926 6795
1925 6795
1924 6795
1923 6795
1922 6795
1921 6795
1920 6795
1919 6796
1918 6796
1917 6796
1916 6796
1915 6797
1914 6797
1913 6797
1912 6797
1911 6797
1910 6797
1909 6798
1908 6798
1907 6798
1906 6798
1905 6799
1904 6799
1903 6799
1902 6799
1901 6799
1900 6799
1899 6799
1898 6799
1897 6800
1896 6800
1895 6800
1894 6800
1893 6801
1892 6801
1891 6801
1890 6801
1889 6801
1888 6801
1887 6801
1886 6801
1885 6801
1884 6801
1883 6801
1882 6801
1881 6801
1880 6801
1879 6801
1878 6801
1877 6801
1876 6801
1875 6801
1874 6801
1873 6801
1872 6801
1871 6801
1870 6801
1869 6801
1868 6801
1867 6801
1866 6801
1865 6801
1864 6801
1863 6801
1862 6801
1861 6801
1860 6801
1859 6801
1858 6801
1857 6801
1856 6801
1855 6801
1854 6801
1853 6801
1852 6801
1851 6801
1850 6801
1849 6801
1848 6801
1847 6801
1846 6801
1845 6801
1844 6801
1843 6801
1842 6801
1841 6801
1840 6801
1839 6801
1838 6801
1837 6801
1836 6801
1835 6801
1834 6801
1833 6801
1832 6801
1831 6801
1830 6801
1829 6801
1828 6801
1827 6801
1826 6801
1825 6801
1824 6801
1823 6801
1822 6801
1821 6801
1820 6801
1819 6801
1818 6801
1817 6801
1816 6801
1815 6801
1814 6801
1813 6801
1812 6801
1811 6801
1810 6801
1809 6801
1808 6801
1807 6801
1806 6801
1805 6801
1804 6801
1803 6800
1802 6800
1801 6800
1800 6800
1799 6799
1798 6799
1797 6799
1796 6799
1795 6799
1794 6799
1793 6799
1792 6799
1791 6799
1790 6799
1789 6799
1788 6799
1787 6799
1786 6799
1785 6798
1784 6798
1783 6798
1782 6798
1781 6797
1780 6797
1779 6797
1778 6797
1777 6797
1776 6797
1775 6797
1774 6797
1773 6796
1772 6796
1771 6796
1770 6796
1769 6795
1768 6795
1767 6795
1766 6795
1765 6795
1764 6795
1763 6795
1762 6795
1761 6795
1760 6795
1759 6795
1758 6795
1757 6794
1756 6794
1755 6794
1754 6794
1753 6793
1752 6793
1751 6793
1750 6793
1749 6793
1748 6793
1747 6793
1746 6793
1745 6792
1744 6792
1743 6792
1742 6792
1741 6791
1740 6791
1739 6790
1738 6790
1737 6790
1736 6789
1735 6788
1734 6788
1733 6788
1732 6788
1731 6787
1730 6787
1729 6787
1728 6787
1727 6787
1726 6787
1725 6787
1724 6787
1723 6787
1722 6787
1721 6787
1720 6787
1719 6787
1718 6787
1717 6787
1716 6787
1715 6787
1714 6787
1713 6787
1712 6787
1711 6787
1710 6787
1709 6787
1708 6787
1707 6787
1706 6787
1705 6787
1704 6787
1703 6787
1702 6787
1701 6787
1700 6787
1699 6788
1698 6788
1697 6788
1696 6788
1695 6789
1694 6789
1693 6789
1692 6789
1691 6789
1690 6789
1689 6789
1688 6789
1687 6789
1686 6789
1685 6789
1684 6789
1683 6789
1682 6789
1681 6789
1680 6789
1679 6789
1678 6789
1677 6789
1676 6789
1675 6789
1674 6789
1673 6789
1672 6789
1671 6789
1670 6789
1669 6789
1668 6789
1667 6789
1666 6789
1665 6789
1664 6789
1663 6789
1662 6789
1661 6789
1660 6789
1659 6789
1658 6789
1657 6789
1656 6789
1655 6789
1654 6789
1653 6789
1652 6789
1651 6788
1650 6788
1649 6788
1648 6788
1647 6787
1646 6787
1645 6787
1644 6787
1643 6787
1642 6787
1641 6787
1640 6787
1639 6787
1638 6787
1637 6787
1636 6787
1635 6787
1634 6787
1633 6787
1632 6787
1631 6787
1630 6787
1629 6787
1628 6787
1627 6787
1626 6787
1625 6787
1624 6787
1623 6787
1622 6787
1621 6787
1620 6787
1619 6787
1618 6787
