541 795
540 796
539 796
538 796
537 796
536 796
535 796
534 797
533 798
532 798
531 798
530 798
529 798
528 799
527 799
526 799
525 800
524 800
523 800
522 801
521 801
520 802
519 802
518 802
517 802
516 802
515 802
514 803
513 803
512 803
511 803
510 803
509 803
508 803
507 803
506 804
505 804
504 804
503 805
502 805
501 805
500 806
499 806
498 806
497 806
496 806
495 806
494 806
493 807
492 807
491 807
490 808
489 808
488 808
487 809
486 809
485 809
484 809
483 810
482 810
481 811
480 812
479 813
478 814
478 815
477 816
476 817
476 818
476 819
477 820
477 821
478 822
479 823
480 824
481 825
482 826
483 827
483 828
484 829
485 830
486 831
487 831
488 832
489 833
490 834
491 834
492 834
493 835
494 835
495 836
496 836
497 836
498 837
499 837
500 837
501 837
502 838
503 838
504 838
505 838
506 839
507 839
508 840
509 840
510 840
511 841
512 841
513 841
514 841
515 841
516 841
517 841
518 842
519 842
520 843
521 843
522 843
523 843
524 843
525 843
526 843
527 843
528 843
529 843
530 843
531 844
532 844
533 844
534 844
535 844
536 844
537 844
538 844
539 844
540 844
541 844
542 844
543 844
544 844
545 844
546 844
547 844
548 844
549 844
550 844
551 844
552 844
553 844
554 843
555 843
556 843
557 843
558 843
559 843
560 842
561 842
562 842
563 841
564 841
565 841
566 841
567 841
568 841
569 840
570 840
571 840
572 839
573 839
574 839
575 839
576 839
577 839
578 840
579 839
580 839
581 839
582 838
583 837
584 836
585 835
586 835
587 835
588 834
589 834
590 834
591 833
592 833
593 833
594 833
595 833
596 833
597 833
598 833
599 833
600 832
600 831
601 830
602 829
602 828
603 827
603 826
604 825
604 824
605 823
606 823
607 822
608 821
609 820
609 819
609 818
609 817
609 816
609 815
609 814
609 813
609 812
609 811
609 810
608 809
607 808
606 807
605 806
604 805
603 805
602 804
601 803
600 802
599 801
598 800
597 799
596 798
595 798
594 797
593 797
592 797
591 797
590 797
589 797
588 797
587 797
586 797
585 797
584 797
583 797
582 797
581 797
580 797
579 797
578 797
577 797
576 796
575 796
574 796
573 796
572 796
571 796
570 796
569 796
568 796
567 796
566 796
565 796
564 795
563 795
562 795
561 795
560 795
559 795
558 795
557 795
556 795
555 795
554 795
553 795
552 795
551 795
550 795
549 795
548 795
547 795
546 795
545 795
544 795
543 795
542 795
541 795
