866 1929
865 1930
864 1930
863 1930
862 1930
861 1930
860 1930
859 1930
858 1930
857 1930
856 1930
855 1930
854 1931
853 1931
852 1931
851 1931
850 1931
849 1931
848 1932
847 1932
846 1932
845 1933
844 1933
843 1933
842 1934
841 1934
840 1934
839 1934
838 1934
837 1934
836 1934
835 1935
834 1935
833 1936
832 1936
831 1937
830 1938
829 1938
828 1939
827 1940
826 1940
825 1941
824 1941
823 1942
822 1942
821 1942
820 1943
819 1944
818 1945
817 1945
816 1945
815 1946
814 1947
813 1948
813 1949
812 1950
812 1951
811 1952
811 1953
812 1954
813 1955
814 1956
815 1956
816 1956
817 1956
818 1956
819 1957
820 1957
821 1957
822 1958
823 1958
824 1959
825 1960
826 1960
827 1960
828 1960
829 1960
830 1960
831 1960
832 1961
833 1961
834 1961
835 1962
836 1962
837 1962
838 1962
839 1962
840 1963
841 1964
842 1964
843 1964
844 1964
845 1965
846 1965
847 1965
848 1966
849 1966
850 1967
851 1968
852 1968
853 1969
854 1969
855 1969
856 1970
857 1970
858 1970
859 1970
860 1970
861 1970
862 1971
863 1972
864 1973
865 1973
866 1973
867 1974
868 1974
869 1974
870 1974
871 1974
872 1974
873 1974
874 1974
875 1975
876 1975
877 1975
878 1975
879 1975
880 1975
881 1975
882 1975
883 1975
884 1975
885 1975
886 1975
887 1974
888 1974
889 1974
890 1974
891 1974
892 1974
893 1974
894 1975
895 1976
896 1976
897 1976
898 1976
899 1976
900 1976
901 1976
902 1977
903 1977
904 1977
905 1978
906 1978
907 1978
908 1978
909 1977
910 1977
911 1976
912 1975
913 1974
914 1973
915 1972
916 1971
917 1970
917 1969
918 1968
918 1967
918 1966
918 1965
917 1964
917 1963
917 1962
917 1961
917 1960
917 1959
917 1958
917 1957
917 1956
917 1955
917 1954
917 1953
917 1952
916 1951
916 1950
916 1949
916 1948
915 1947
915 1946
914 1945
913 1944
912 1943
912 1942
911 1941
910 1941
909 1940
908 1939
907 1938
906 1937
905 1937
904 1936
903 1935
902 1934
901 1933
900 1933
899 1933
898 1933
897 1932
896 1932
895 1932
894 1932
893 1932
892 1931
891 1930
890 1930
889 1930
888 1929
887 1929
886 1929
885 1929
884 1929
883 1929
882 1929
881 1929
880 1929
879 1929
878 1929
877 1929
876 1929
875 1929
874 1929
873 1929
872 1929
871 1929
870 1929
869 1929
868 1929
867 1929
866 1929
