758 1382
757 1383
756 1383
755 1383
754 1384
753 1384
752 1385
751 1386
750 1387
749 1388
748 1388
747 1389
746 1389
745 1390
744 1390
743 1390
742 1390
741 1389
740 1389
739 1388
738 1387
737 1386
736 1386
735 1386
734 1386
733 1386
732 1386
731 1387
730 1387
729 1387
728 1388
727 1388
726 1389
725 1389
724 1390
723 1391
722 1391
721 1392
720 1393
719 1393
718 1393
717 1394
716 1394
715 1395
714 1395
713 1396
712 1397
711 1397
711 1398
710 1399
709 1400
708 1401
707 1402
706 1402
705 1402
704 1402
703 1402
702 1403
701 1403
700 1403
699 1404
698 1404
697 1405
696 1406
695 1406
694 1406
693 1407
692 1408
691 1408
690 1408
689 1409
688 1409
687 1410
686 1410
685 1411
684 1411
683 1412
682 1412
681 1412
680 1412
679 1412
678 1412
677 1412
676 1412
675 1413
674 1413
673 1414
672 1414
671 1414
670 1414
669 1414
668 1414
667 1414
666 1414
665 1414
664 1414
663 1414
662 1415
661 1415
660 1415
659 1416
658 1416
657 1416
656 1416
655 1417
654 1417
653 1417
652 1417
651 1417
650 1417
649 1418
648 1418
647 1418
646 1419
645 1419
644 1420
643 1420
642 1421
641 1421
640 1421
639 1422
638 1423
637 1424
636 1425
635 1426
634 1427
633 1428
632 1429
631 1429
630 1430
629 1431
629 1432
628 1433
628 1434
628 1435
629 1436
629 1437
629 1438
630 1439
630 1440
630 1441
631 1442
631 1443
632 1444
632 1445
633 1446
634 1446
635 1447
636 1448
637 1448
638 1448
639 1448
640 1448
641 1448
642 1449
643 1449
644 1450
645 1450
646 1451
647 1451
648 1451
649 1452
650 1452
651 1453
652 1453
653 1454
654 1454
655 1454
656 1455
657 1455
658 1455
659 1456
660 1456
661 1457
662 1457
663 1457
664 1458
665 1458
666 1458
667 1458
668 1459
669 1459
670 1460
671 1461
672 1461
673 1462
674 1462
675 1463
676 1464
677 1464
678 1465
679 1466
680 1466
681 1467
682 1468
683 1468
684 1469
685 1469
686 1469
687 1469
688 1470
689 1470
690 1470
691 1471
692 1471
693 1471
694 1471
695 1472
696 1472
697 1472
698 1472
699 1472
700 1472
701 1473
702 1473
703 1473
704 1473
705 1473
706 1473
707 1474
708 1474
709 1474
710 1474
711 1474
712 1474
713 1474
714 1475
715 1475
716 1475
717 1476
718 1476
719 1476
720 1477
721 1477
722 1477
723 1477
724 1477
725 1477
726 1477
727 1478
728 1479
729 1479
730 1479
731 1479
732 1479
733 1479
734 1479
735 1479
736 1480
737 1480
738 1480
739 1480
740 1480
741 1480
742 1481
743 1481
744 1481
745 1482
746 1482
747 1482
748 1482
749 1482
750 1482
751 1482
752 1482
753 1482
754 1482
755 1482
756 1482
757 1482
758 1482
759 1482
760 1482
761 1482
762 1482
763 1482
764 1482
765 1482
766 1482
767 1482
768 1482
769 1482
770 1482
771 1481
772 1481
773 1480
774 1480
775 1479
776 1479
777 1478
778 1478
779 1477
780 1477
781 1476
782 1475
783 1475
784 1474
785 1474
786 1473
787 1473
788 1473
789 1472
790 1472
791 1472
792 1472
793 1472
794 1472
795 1472
796 1472
797 1472
798 1473
799 1474
800 1474
801 1475
802 1475
803 1476
804 1477
805 1477
806 1478
807 1478
808 1477
809 1477
810 1477
811 1476
812 1475
813 1474
813 1473
813 1472
813 1471
813 1470
813 1469
813 1468
813 1467
813 1466
813 1465
813 1464
813 1463
813 1462
813 1461
813 1460
813 1459
813 1458
813 1457
813 1456
813 1455
813 1454
813 1453
813 1452
813 1451
813 1450
812 1449
812 1448
812 1447
812 1446
812 1445
812 1444
812 1443
813 1442
814 1441
815 1440
816 1439
816 1438
817 1437
817 1436
817 1435
817 1434
817 1433
817 1432
817 1431
817 1430
817 1429
817 1428
817 1427
817 1426
817 1425
817 1424
817 1423
816 1422
816 1421
816 1420
816 1419
815 1418
815 1417
815 1416
814 1415
814 1414
813 1413
812 1412
811 1411
810 1410
809 1409
808 1408
807 1408
806 1407
805 1406
804 1405
803 1405
802 1404
801 1403
800 1402
799 1401
798 1400
797 1400
796 1399
795 1398
794 1397
793 1396
792 1395
791 1394
790 1393
789 1392
788 1391
787 1390
786 1389
785 1388
784 1387
783 1386
782 1385
781 1385
780 1385
779 1385
778 1385
777 1385
776 1385
775 1385
774 1385
773 1385
772 1384
771 1384
770 1383
769 1382
768 1382
767 1382
766 1383
765 1383
764 1383
763 1384
762 1383
761 1383
760 1383
759 1382
758 1382
