629 315
628 316
627 316
626 316
625 316
624 316
623 316
622 316
621 316
620 316
619 317
618 316
617 316
616 316
615 316
614 316
613 316
612 316
611 316
610 316
609 316
608 316
607 316
606 316
605 316
604 316
603 316
602 316
601 317
600 317
599 317
598 317
597 316
596 316
595 316
594 316
593 316
592 316
591 317
590 317
589 318
588 319
587 320
586 321
585 321
584 322
583 323
582 324
581 325
580 325
579 326
578 327
577 327
576 328
575 328
574 329
573 329
572 329
571 330
570 330
569 331
568 331
567 331
566 332
565 333
564 334
563 335
563 336
562 337
562 338
561 339
560 340
560 341
560 342
559 343
559 344
559 345
559 346
558 347
558 348
557 349
557 350
556 351
556 352
555 353
554 354
554 355
554 356
554 357
553 358
553 359
552 360
551 361
551 362
551 363
550 364
550 365
550 366
550 367
550 368
550 369
550 370
550 371
549 372
549 373
549 374
549 375
549 376
548 377
548 378
548 379
547 380
547 381
547 382
547 383
547 384
547 385
547 386
547 387
547 388
547 389
547 390
547 391
547 392
547 393
547 394
547 395
547 396
547 397
547 398
547 399
547 400
547 401
547 402
547 403
547 404
547 405
547 406
547 407
547 408
547 409
547 410
547 411
546 412
546 413
546 414
546 415
546 416
546 417
546 418
546 419
546 420
546 421
546 422
546 423
546 424
546 425
546 426
546 427
546 428
545 429
545 430
545 431
545 432
545 433
545 434
545 435
545 436
544 437
544 438
544 439
544 440
543 441
543 442
543 443
543 444
542 445
542 446
542 447
542 448
541 449
541 450
541 451
541 452
541 453
540 454
540 455
540 456
539 457
539 458
539 459
538 460
538 461
538 462
538 463
537 464
537 465
537 466
536 467
536 468
535 469
535 470
535 471
535 472
535 473
535 474
536 475
536 476
537 477
537 478
538 478
539 479
540 479
541 479
542 479
543 479
544 479
545 479
546 478
547 478
548 478
549 477
550 477
551 477
552 477
553 477
554 477
555 476
556 476
557 476
558 475
559 475
560 475
561 474
562 474
563 473
564 473
565 472
566 472
567 472
568 472
569 472
570 472
571 472
572 471
573 471
574 470
575 469
576 469
577 469
578 469
579 469
580 469
581 469
582 469
583 469
584 469
585 469
586 469
587 469
588 469
589 469
590 469
591 469
592 469
593 469
594 468
595 468
596 468
597 467
598 467
599 467
600 467
601 467
602 467
603 467
604 467
605 467
606 466
607 466
608 466
609 466
610 465
611 465
612 465
613 465
614 465
615 465
616 465
617 465
618 465
619 465
620 465
621 465
622 465
623 465
624 465
625 465
626 465
627 465
628 465
629 465
630 465
631 465
632 465
633 465
634 465
635 465
636 465
637 465
638 465
639 465
640 465
641 465
642 466
643 466
644 466
645 466
646 466
647 466
648 466
649 466
650 466
651 466
652 466
653 466
654 467
655 467
656 467
657 467
658 467
659 468
660 468
661 468
662 469
663 469
664 469
665 469
666 469
667 469
668 469
669 469
670 469
671 469
672 469
673 469
674 469
675 469
676 469
677 469
678 469
679 469
680 469
681 469
682 469
683 469
684 469
685 469
686 469
687 469
688 469
689 469
690 469
691 469
692 469
693 469
694 469
695 469
696 468
697 468
698 467
699 467
700 466
701 466
702 466
703 466
704 466
705 466
706 466
707 466
708 466
709 466
710 466
711 465
712 464
713 464
714 464
715 463
716 463
717 462
718 462
719 462
720 461
721 461
722 460
723 460
724 460
725 460
726 460
727 460
728 460
729 460
730 460
731 460
732 460
733 459
734 459
735 458
736 458
737 458
738 457
739 457
740 457
741 456
742 456
743 456
744 455
745 454
746 454
747 453
748 452
749 452
750 452
751 451
752 451
753 451
754 451
755 451
756 450
757 450
758 449
759 449
760 448
761 447
762 447
763 446
764 446
765 446
766 446
767 445
768 445
769 445
770 445
771 444
772 444
773 443
774 442
775 441
776 440
777 439
778 438
779 437
780 436
781 435
782 434
783 433
784 432
784 431
785 430
785 429
785 428
785 427
786 426
787 425
788 424
789 423
790 422
790 421
791 420
791 419
791 418
791 417
791 416
791 415
791 414
791 413
791 412
791 411
791 410
791 409
790 408
790 407
790 406
790 405
790 404
790 403
790 402
790 401
790 400
791 399
791 398
791 397
791 396
791 395
791 394
791 393
791 392
791 391
791 390
791 389
791 388
791 387
791 386
791 385
791 384
791 383
791 382
791 381
790 380
789 379
789 378
788 377
788 376
787 375
786 374
786 373
785 372
784 371
783 370
782 369
781 368
780 367
779 366
778 365
777 365
776 364
775 364
774 363
773 362
772 362
771 361
770 361
769 360
768 360
767 360
766 359
765 358
764 358
763 357
762 356
761 355
760 354
759 353
758 352
757 351
756 350
755 349
754 348
753 347
752 346
751 345
750 344
749 343
748 342
747 341
746 340
745 339
744 338
743 337
742 337
741 336
740 335
739 334
738 334
737 333
736 332
735 331
734 331
733 330
732 329
731 329
730 328
729 328
728 327
727 326
726 326
725 325
724 325
723 324
722 323
721 323
720 322
719 321
718 321
717 321
716 321
715 321
714 321
713 321
712 321
711 321
710 321
709 321
708 321
707 321
706 321
705 321
704 321
703 322
702 322
701 322
700 322
699 322
698 322
697 322
696 322
695 322
694 322
693 322
692 322
691 322
690 322
689 322
688 322
687 322
686 322
685 321
684 321
683 321
682 321
681 321
680 320
679 320
678 319
677 319
676 318
675 317
674 317
673 316
672 316
671 315
670 315
669 315
668 315
667 315
666 315
665 315
664 315
663 315
662 315
661 315
660 315
659 315
658 315
657 315
656 316
655 316
654 316
653 316
652 316
651 316
650 316
649 316
648 316
647 316
646 315
645 315
644 315
643 315
642 315
641 315
640 315
639 315
638 315
637 315
636 315
635 315
634 315
633 315
632 315
631 315
630 315
629 315
