635 129
634 130
633 130
632 130
631 130
630 130
629 131
628 131
627 131
626 131
625 131
624 131
623 131
622 131
621 131
620 131
619 131
618 131
617 131
616 132
615 132
614 132
613 132
612 132
611 132
610 132
609 132
608 132
607 132
606 132
605 132
604 133
603 133
602 133
601 134
600 134
599 134
598 134
597 134
596 134
595 134
594 135
593 136
592 136
591 136
590 136
589 136
588 136
587 136
586 136
585 136
584 136
583 136
582 136
581 136
580 136
579 137
578 137
577 138
576 138
575 139
574 139
573 139
572 139
571 139
570 139
569 140
568 140
567 140
566 140
565 141
564 141
563 142
562 143
561 144
561 145
560 146
560 147
559 148
559 149
558 150
558 151
558 152
558 153
558 154
558 155
558 156
558 157
558 158
558 159
557 160
557 161
556 162
555 163
555 164
554 165
554 166
554 167
554 168
554 169
553 170
553 171
553 172
553 173
553 174
554 175
554 176
554 177
554 178
555 179
556 179
557 179
558 180
559 180
560 180
561 181
562 182
563 182
564 182
565 182
566 182
567 182
568 182
569 181
570 181
571 181
572 180
573 180
574 180
575 179
576 179
577 179
578 178
579 178
580 178
581 177
582 177
583 177
584 177
585 176
586 176
587 176
588 176
589 176
590 176
591 176
592 176
593 175
594 175
595 175
596 175
597 175
598 175
599 175
600 175
601 175
602 175
603 175
604 175
605 175
606 175
607 175
608 175
609 175
610 175
611 175
612 175
613 175
614 175
615 175
616 175
617 175
618 175
619 175
620 175
621 175
622 175
623 175
624 175
625 175
626 176
627 176
628 176
629 176
630 176
631 176
632 176
633 175
634 175
635 175
636 175
637 175
638 175
639 175
640 175
641 175
642 175
643 175
644 175
645 175
646 175
647 175
648 175
649 175
650 175
651 175
652 175
653 175
654 175
655 175
656 175
657 174
658 174
659 173
660 172
661 171
662 170
663 170
664 169
665 169
666 168
667 168
668 167
669 167
670 167
671 167
672 166
673 166
674 166
675 165
676 165
677 165
678 165
679 165
680 165
681 165
682 165
683 165
684 165
685 165
686 165
687 165
688 165
689 165
690 165
691 165
692 164
693 164
694 164
695 164
696 164
697 164
698 164
699 164
700 164
701 164
702 164
703 163
704 163
705 162
705 161
706 160
706 159
706 158
706 157
706 156
706 155
706 154
706 153
706 152
706 151
705 150
705 149
704 148
703 148
702 147
701 147
700 147
699 146
698 145
697 144
696 144
695 144
694 143
693 143
692 142
691 142
690 142
689 142
688 141
687 141
686 140
685 140
684 140
683 140
682 140
681 139
680 139
679 139
678 139
677 139
676 138
675 138
674 138
673 137
672 137
671 137
670 137
669 137
668 137
667 137
666 136
665 136
664 135
663 135
662 134
661 133
660 133
659 132
658 132
657 132
656 131
655 130
654 130
653 129
652 129
651 129
650 129
649 129
648 129
647 129
646 129
645 129
644 129
643 129
642 129
641 129
640 129
639 129
638 129
637 129
636 129
635 129
