188 1437
187 1438
186 1438
185 1439
184 1440
184 1441
183 1442
183 1443
182 1444
181 1445
181 1446
181 1447
180 1448
180 1449
180 1450
180 1451
180 1452
180 1453
180 1454
180 1455
180 1456
181 1457
181 1458
181 1459
182 1460
182 1461
183 1462
183 1463
184 1464
184 1465
185 1466
185 1467
186 1468
186 1469
187 1470
188 1471
188 1472
189 1473
189 1474
190 1475
190 1476
190 1477
191 1478
192 1479
192 1480
193 1481
193 1482
193 1483
194 1484
194 1485
194 1486
195 1487
195 1488
196 1489
196 1490
196 1491
197 1492
198 1493
198 1494
199 1495
199 1496
200 1497
200 1498
201 1499
202 1500
202 1501
203 1502
204 1503
204 1504
205 1505
206 1506
207 1507
208 1508
209 1509
209 1510
210 1511
211 1512
212 1513
213 1514
214 1515
214 1516
215 1517
215 1518
216 1519
217 1520
218 1521
219 1522
219 1523
220 1524
220 1525
221 1526
221 1527
222 1528
223 1529
223 1530
224 1531
225 1532
226 1532
227 1533
228 1533
229 1533
230 1534
231 1534
232 1534
233 1534
234 1533
235 1533
236 1533
237 1532
238 1531
239 1530
240 1529
241 1528
242 1527
243 1527
244 1527
245 1526
246 1526
247 1526
248 1527
249 1527
250 1527
251 1528
252 1528
253 1529
254 1529
255 1530
256 1530
257 1530
258 1531
259 1531
260 1531
261 1531
262 1531
263 1531
264 1531
265 1531
266 1531
267 1531
268 1531
269 1531
270 1531
271 1531
272 1531
273 1531
274 1531
275 1531
276 1530
277 1530
278 1530
279 1530
280 1530
281 1529
282 1529
283 1529
284 1529
285 1529
286 1529
287 1529
288 1529
289 1529
290 1529
291 1529
292 1529
293 1529
294 1529
295 1529
296 1529
297 1529
298 1529
299 1529
300 1528
301 1528
302 1528
303 1528
304 1528
305 1527
306 1527
307 1527
308 1526
309 1526
310 1526
311 1526
312 1526
313 1526
314 1526
315 1526
316 1526
317 1526
318 1526
319 1526
320 1526
321 1526
322 1526
323 1526
324 1525
325 1525
326 1524
327 1524
328 1523
329 1523
330 1523
331 1523
332 1523
333 1523
334 1523
335 1523
336 1523
337 1523
338 1523
339 1523
340 1523
341 1523
342 1523
343 1523
344 1522
345 1522
346 1522
347 1521
348 1521
349 1520
350 1520
351 1520
352 1520
353 1520
354 1520
355 1519
356 1518
357 1518
358 1517
359 1517
360 1517
361 1517
362 1517
363 1517
364 1517
365 1517
366 1516
367 1516
368 1515
369 1515
370 1514
371 1514
372 1513
373 1513
374 1512
375 1511
376 1510
377 1510
378 1509
379 1509
380 1509
381 1508
382 1508
383 1507
384 1506
385 1506
386 1505
387 1505
388 1504
389 1504
390 1504
391 1504
392 1503
393 1502
394 1502
395 1502
396 1502
397 1502
398 1501
399 1501
400 1501
401 1500
402 1500
403 1500
404 1499
405 1498
406 1497
406 1496
407 1495
407 1494
407 1493
407 1492
407 1491
407 1490
406 1489
406 1488
406 1487
405 1486
405 1485
405 1484
404 1483
404 1482
403 1481
403 1480
402 1479
401 1478
400 1477
399 1476
398 1475
397 1474
396 1473
395 1472
394 1471
393 1470
392 1469
391 1468
390 1467
389 1466
388 1466
387 1466
386 1465
385 1465
384 1464
383 1463
382 1463
381 1463
380 1462
379 1461
378 1461
377 1460
376 1460
375 1459
374 1458
373 1457
372 1457
371 1456
370 1455
369 1455
368 1455
367 1454
366 1454
365 1453
364 1453
363 1453
362 1453
361 1453
360 1452
359 1451
358 1451
357 1451
356 1450
355 1450
354 1450
353 1449
352 1449
351 1449
350 1448
349 1448
348 1448
347 1448
346 1448
345 1448
344 1447
343 1447
342 1446
341 1446
340 1445
339 1444
338 1443
337 1442
336 1442
335 1442
334 1442
333 1442
332 1442
331 1443
330 1443
329 1444
328 1445
327 1446
326 1446
325 1447
324 1447
323 1447
322 1448
321 1449
320 1449
319 1449
318 1450
317 1450
316 1451
315 1451
314 1452
313 1452
312 1452
311 1453
310 1453
309 1454
308 1454
307 1454
306 1454
305 1454
304 1454
303 1454
302 1454
301 1454
300 1454
299 1454
298 1453
297 1453
296 1453
295 1453
294 1453
293 1452
292 1451
291 1450
291 1449
290 1448
290 1447
289 1446
288 1446
287 1445
286 1445
285 1444
284 1443
283 1442
282 1441
282 1440
281 1439
280 1439
279 1438
278 1438
277 1438
276 1438
275 1438
274 1438
273 1438
272 1438
271 1439
270 1439
269 1439
268 1439
267 1439
266 1440
265 1440
264 1441
263 1441
262 1441
261 1442
260 1442
259 1442
258 1442
257 1442
256 1442
255 1442
254 1442
253 1442
252 1442
251 1442
250 1442
249 1442
248 1442
247 1442
246 1442
245 1443
244 1443
243 1443
242 1443
241 1443
240 1443
239 1443
238 1443
237 1443
236 1443
235 1443
234 1443
233 1443
232 1443
231 1443
230 1443
229 1443
228 1443
227 1443
226 1443
225 1443
224 1443
223 1443
222 1443
221 1443
220 1443
219 1443
218 1443
217 1443
216 1443
215 1443
214 1443
213 1443
212 1442
211 1442
210 1442
209 1442
208 1442
207 1442
206 1442
205 1442
204 1441
203 1441
202 1441
201 1441
200 1441
199 1440
198 1440
197 1440
196 1439
195 1439
194 1438
193 1438
192 1438
191 1437
190 1437
189 1437
188 1437
