1429 1319
1428 1320
1427 1320
1426 1321
1426 1322
1425 1323
1425 1324
1425 1325
1425 1326
1424 1327
1423 1327
1422 1327
1421 1327
1420 1327
1419 1327
1418 1327
1417 1327
1416 1327
1415 1327
1414 1328
1413 1328
1412 1328
1411 1328
1410 1329
1409 1329
1408 1329
1407 1329
1406 1329
1405 1329
1404 1329
1403 1329
1402 1330
1401 1330
1400 1330
1399 1330
1398 1331
1397 1331
1396 1331
1395 1331
1394 1331
1393 1331
1392 1331
1391 1331
1390 1332
1389 1332
1388 1332
1387 1332
1386 1333
1385 1334
1384 1334
1383 1334
1382 1335
1381 1335
1380 1335
1379 1335
1378 1335
1377 1335
1376 1335
1375 1335
1374 1336
1373 1336
1372 1336
1371 1336
1370 1337
1369 1337
1368 1337
1367 1337
1366 1337
1365 1337
1364 1337
1363 1337
1362 1337
1361 1337
1360 1338
1359 1338
1358 1338
1357 1338
1356 1339
1355 1339
1354 1339
1353 1339
1352 1339
1351 1339
1350 1339
1349 1339
1348 1339
1347 1339
1346 1340
1345 1340
1344 1341
1343 1341
1342 1342
1341 1342
1340 1343
1339 1344
1338 1344
1337 1344
1336 1345
1335 1345
1334 1345
1333 1345
1332 1346
1331 1346
1330 1346
1329 1346
1328 1347
1327 1348
1326 1348
1325 1348
1324 1349
1323 1349
1322 1349
1321 1349
1320 1350
1319 1350
1318 1350
1317 1350
1316 1351
1315 1351
1314 1351
1313 1351
1312 1352
1311 1352
1310 1352
1309 1352
1308 1353
1307 1353
1306 1353
1305 1353
1304 1353
1303 1353
1302 1353
1301 1353
1300 1353
1299 1353
1298 1354
1297 1354
1296 1354
1295 1354
1294 1355
1293 1355
1292 1355
1291 1355
1290 1355
1289 1355
1288 1355
1287 1355
1286 1356
1285 1356
1284 1356
1283 1356
1282 1357
1281 1358
1280 1358
1279 1358
1278 1359
1277 1360
1276 1360
1275 1360
1274 1361
1273 1361
1272 1361
1271 1361
1270 1361
1269 1361
1268 1362
1267 1362
1266 1362
1265 1362
1264 1363
1263 1363
1262 1363
1261 1363
1260 1363
1259 1363
1258 1363
1257 1363
1256 1364
1255 1364
1254 1364
1253 1364
1252 1365
1251 1366
1250 1366
1249 1366
1248 1367
1247 1367
1246 1367
1245 1367
1244 1367
1243 1367
1242 1367
1241 1367
1240 1367
1239 1367
1238 1367
1237 1367
1236 1367
1235 1367
1234 1368
1233 1368
1232 1369
1231 1369
1230 1370
1229 1370
1228 1371
1227 1371
1226 1371
1225 1371
1224 1371
1223 1371
1222 1371
1221 1371
1220 1371
1219 1371
1218 1371
1217 1371
1216 1372
1215 1372
1214 1372
1213 1372
1212 1373
1211 1373
1210 1373
1209 1373
1208 1373
1207 1373
1206 1374
1205 1374
1204 1374
1203 1374
1202 1375
1201 1376
1200 1377
1199 1377
1198 1378
1197 1378
1196 1379
1195 1380
1194 1380
1193 1380
1192 1381
1191 1382
1190 1382
1189 1382
1188 1383
1187 1384
1186 1384
1185 1384
1184 1385
1183 1386
1182 1386
1181 1386
1180 1387
1179 1388
1178 1388
1177 1388
1176 1389
1175 1389
1174 1390
1173 1390
1172 1391
1171 1391
1170 1392
1169 1392
1168 1393
1167 1394
1166 1394
1165 1394
1164 1395
1163 1396
1162 1396
1161 1396
1160 1397
1159 1398
1158 1398
1157 1398
1156 1399
1155 1400
1154 1401
1153 1401
1152 1402
1151 1402
1150 1403
1149 1404
1148 1404
1147 1404
1146 1405
1145 1406
1144 1406
1143 1406
1142 1407
1141 1408
1140 1408
1139 1408
1138 1409
1137 1410
1136 1410
1135 1410
1134 1411
1133 1412
1132 1412
1131 1412
1130 1413
1129 1414
1128 1414
1127 1414
1126 1415
1125 1416
1124 1417
1123 1417
1122 1418
1121 1418
1120 1419
1119 1420
1118 1420
1117 1420
1116 1421
1115 1422
1114 1422
1113 1422
1112 1423
1111 1424
1110 1424
1109 1424
1108 1425
1107 1426
1106 1426
1105 1426
1104 1427
1103 1428
1102 1429
1101 1429
1100 1430
1099 1430
1098 1431
1097 1432
1096 1432
1095 1432
1094 1433
1093 1434
1092 1434
1091 1434
1090 1435
1089 1436
1088 1437
1087 1437
1086 1438
1085 1438
1084 1439
1083 1439
1082 1440
1081 1440
1080 1441
1079 1441
1078 1442
1077 1442
1076 1443
1075 1444
1074 1444
1073 1444
1072 1445
1071 1446
1070 1446
1069 1446
1068 1447
1067 1448
1066 1448
1065 1448
1064 1449
1063 1450
1062 1450
1061 1450
1060 1451
1059 1452
1058 1452
1057 1452
1056 1453
1055 1454
1054 1455
1053 1455
1052 1456
1051 1456
1050 1457
1049 1458
1048 1458
1047 1458
1046 1459
1045 1460
1044 1461
1043 1461
1042 1462
1041 1462
1040 1463
1039 1463
1038 1464
1037 1464
1036 1464
1035 1464
1034 1465
1033 1466
1032 1467
1031 1467
1030 1468
1029 1468
1028 1469
1027 1470
1026 1470
1025 1470
1024 1471
1023 1472
1022 1472
1021 1472
1020 1473
1019 1474
1018 1474
1017 1474
1016 1475
1015 1476
1014 1476
1013 1476
1012 1477
1011 1478
1010 1478
1009 1478
1008 1479
1007 1480
1006 1480
1005 1480
1004 1481
1003 1482
1002 1482
1001 1482
1000 1483
999 1484
998 1484
997 1484
996 1485
995 1486
994 1486
993 1486
992 1487
991 1488
990 1488
989 1488
988 1489
987 1489
986 1490
985 1490
984 1491
983 1491
982 1492
981 1492
980 1493
979 1494
978 1494
977 1494
976 1495
975 1496
974 1496
973 1496
972 1497
971 1498
970 1498
969 1498
968 1499
967 1500
966 1500
965 1500
964 1501
963 1502
962 1503
961 1503
960 1504
959 1504
958 1505
957 1506
956 1506
955 1506
954 1507
953 1507
952 1508
951 1508
950 1509
949 1509
948 1510
947 1510
946 1511
945 1512
944 1512
943 1512
942 1513
941 1514
940 1514
939 1514
938 1515
937 1516
936 1516
935 1516
934 1517
933 1518
932 1518
931 1518
930 1519
929 1520
928 1521
927 1521
926 1522
925 1522
924 1523
923 1524
922 1525
922 1526
921 1527
921 1528
921 1529
921 1530
921 1531
921 1532
921 1533
921 1534
921 1535
921 1536
922 1537
922 1538
922 1539
922 1540
923 1541
924 1542
924 1543
924 1544
925 1545
925 1546
926 1547
926 1548
926 1549
926 1550
927 1551
927 1552
927 1553
927 1554
927 1555
927 1556
927 1557
927 1558
928 1559
928 1560
928 1561
928 1562
929 1563
930 1564
931 1565
932 1566
932 1567
933 1567
934 1568
934 1569
935 1569
936 1570
936 1571
937 1572
938 1573
938 1574
939 1575
940 1576
940 1577
940 1578
941 1579
942 1580
943 1581
944 1582
944 1583
945 1583
946 1584
946 1585
947 1585
948 1586
949 1587
950 1588
951 1589
952 1589
953 1590
954 1591
955 1591
956 1592
956 1593
957 1593
958 1594
958 1595
959 1596
960 1597
960 1598
961 1599
961 1600
962 1601
962 1602
962 1603
962 1604
963 1605
963 1606
964 1607
964 1608
964 1609
964 1610
965 1611
965 1612
965 1613
965 1614
965 1615
965 1616
966 1617
966 1618
967 1619
968 1619
969 1620
970 1620
971 1620
972 1620
973 1621
974 1621
975 1621
976 1621
977 1622
978 1622
979 1622
980 1622
981 1622
982 1622
983 1622
984 1622
985 1622
986 1622
987 1622
988 1622
989 1622
990 1622
991 1622
992 1622
993 1622
994 1622
995 1621
996 1621
997 1621
998 1621
999 1620
1000 1620
1001 1620
1002 1620
1003 1620
1004 1620
1005 1621
1006 1621
1007 1621
1008 1621
1009 1622
1010 1622
1011 1622
1012 1622
1013 1622
1014 1622
1015 1622
1016 1622
1017 1622
1018 1622
1019 1622
1020 1622
1021 1623
1022 1623
1023 1623
1024 1623
1025 1624
1026 1624
1027 1624
1028 1624
1029 1624
1030 1624
1031 1623
1032 1623
1033 1623
1034 1623
1035 1622
1036 1621
1037 1620
1038 1619
1039 1619
1040 1618
1041 1617
1042 1617
1043 1616
1044 1616
1045 1616
1046 1616
1047 1616
1048 1616
1049 1616
1050 1616
1051 1615
1052 1615
1053 1615
1054 1615
1055 1614
1056 1614
1057 1615
1058 1615
1059 1615
1060 1616
1061 1617
1062 1617
1063 1617
1064 1617
1065 1618
1066 1618
1067 1618
1068 1618
1069 1618
1070 1618
1071 1618
1072 1618
1073 1618
1074 1618
1075 1617
1076 1617
1077 1617
1078 1617
1079 1616
1080 1615
1081 1614
1082 1614
1083 1613
1084 1613
1085 1612
1086 1611
1087 1611
1088 1611
1089 1610
1090 1610
1091 1609
1092 1609
1093 1608
1094 1608
1095 1607
1096 1607
1097 1607
1098 1607
1099 1607
1100 1607
1101 1608
1102 1608
1103 1607
1104 1607
1105 1607
1106 1607
1107 1606
1108 1605
1109 1605
1110 1605
1111 1604
1112 1604
1113 1604
1114 1604
1115 1603
1116 1603
1117 1603
1118 1603
1119 1602
1120 1602
1121 1602
1122 1602
1123 1601
1124 1601
1125 1601
1126 1601
1127 1600
1128 1600
1129 1600
1130 1600
1131 1600
1132 1600
1133 1600
1134 1600
1135 1600
1136 1600
1137 1600
1138 1600
1139 1600
1140 1600
1141 1600
1142 1600
1143 1600
1144 1600
1145 1600
1146 1600
1147 1599
1148 1599
1149 1599
1150 1599
1151 1598
1152 1598
1153 1598
1154 1598
1155 1598
1156 1598
1157 1598
1158 1598
1159 1598
1160 1598
1161 1598
1162 1598
1163 1598
1164 1598
1165 1598
1166 1598
1167 1598
1168 1598
1169 1598
1170 1598
1171 1598
1172 1598
1173 1598
1174 1598
1175 1598
1176 1598
1177 1598
1178 1598
1179 1598
1180 1598
1181 1597
1182 1597
1183 1597
1184 1597
1185 1596
1186 1596
1187 1596
1188 1596
1189 1596
1190 1596
1191 1596
1192 1596
1193 1596
1194 1596
1195 1596
1196 1596
1197 1596
1198 1596
1199 1596
1200 1596
1201 1595
1202 1595
1203 1595
1204 1595
1205 1594
1206 1594
1207 1593
1208 1593
1209 1593
1210 1593
1211 1592
1212 1592
1213 1592
1214 1592
1215 1592
1216 1592
1217 1592
1218 1592
1219 1592
1220 1592
1221 1592
1222 1592
1223 1592
1224 1592
1225 1592
1226 1592
1227 1592
1228 1592
1229 1592
1230 1592
1231 1592
1232 1592
1233 1591
1234 1591
1235 1591
1236 1591
1237 1590
1238 1590
1239 1590
1240 1590
1241 1590
1242 1590
1243 1590
1244 1590
1245 1590
1246 1590
1247 1590
1248 1590
1249 1589
1250 1589
1251 1589
1252 1589
1253 1588
1254 1588
1255 1588
1256 1588
1257 1588
1258 1588
1259 1588
1260 1588
1261 1588
1262 1588
1263 1588
1264 1588
1265 1588
1266 1588
1267 1588
1268 1588
1269 1588
1270 1588
1271 1588
1272 1588
1273 1588
1274 1588
1275 1587
1276 1587
1277 1587
1278 1587
1279 1586
1280 1586
1281 1586
1282 1586
1283 1586
1284 1586
1285 1586
1286 1586
1287 1586
1288 1586
1289 1586
1290 1586
1291 1586
1292 1586
1293 1586
1294 1586
1295 1586
1296 1586
1297 1586
1298 1586
1299 1586
1300 1586
1301 1586
1302 1586
1303 1586
1304 1586
1305 1586
1306 1586
1307 1586
1308 1586
1309 1586
1310 1586
1311 1586
1312 1586
1313 1587
1314 1587
1315 1587
1316 1587
1317 1588
1318 1588
1319 1589
1320 1589
1321 1589
1322 1589
1323 1590
1324 1590
1325 1590
1326 1590
1327 1590
1328 1590
1329 1590
1330 1590
1331 1590
1332 1590
1333 1591
1334 1591
1335 1591
1336 1591
1337 1592
1338 1592
1339 1593
1340 1593
1341 1593
1342 1593
1343 1594
1344 1594
1345 1594
1346 1594
1347 1594
1348 1594
1349 1594
1350 1594
1351 1594
1352 1594
1353 1594
1354 1594
1355 1594
1356 1594
1357 1594
1358 1594
1359 1594
1360 1594
1361 1594
1362 1594
1363 1594
1364 1594
1365 1594
1366 1594
1367 1595
1368 1595
1369 1595
1370 1595
1371 1596
1372 1596
1373 1596
1374 1596
1375 1596
1376 1596
1377 1596
1378 1596
1379 1596
1380 1596
1381 1596
1382 1596
1383 1596
1384 1596
1385 1596
1386 1596
1387 1596
1388 1596
1389 1596
1390 1596
1391 1596
1392 1596
1393 1596
1394 1596
1395 1596
1396 1596
1397 1596
1398 1596
1399 1596
1400 1596
1401 1596
1402 1596
1403 1596
1404 1596
1405 1596
1406 1596
1407 1596
1408 1596
1409 1596
1410 1596
1411 1596
1412 1596
1413 1596
1414 1596
1415 1596
1416 1596
1417 1596
1418 1596
1419 1596
1420 1596
1421 1596
1422 1596
1423 1596
1424 1596
1425 1595
1426 1595
1427 1595
1428 1595
1429 1594
1430 1594
1431 1594
1432 1594
1433 1594
1434 1594
1435 1594
1436 1594
1437 1594
1438 1594
1439 1594
1440 1594
1441 1594
1442 1594
1443 1594
1444 1594
1445 1594
1446 1594
1447 1593
1448 1593
1449 1593
1450 1593
1451 1592
1452 1592
1453 1592
1454 1592
1455 1593
1456 1593
1457 1593
1458 1593
1459 1594
1460 1594
1461 1594
1462 1594
1463 1594
1464 1594
1465 1594
1466 1594
1467 1594
1468 1594
1469 1594
1470 1594
1471 1595
1472 1595
1473 1595
1474 1595
1475 1596
1476 1596
1477 1596
1478 1596
1479 1596
1480 1596
1481 1596
1482 1596
1483 1596
1484 1596
1485 1596
1486 1596
1487 1596
1488 1596
1489 1596
1490 1596
1491 1596
1492 1596
1493 1596
1494 1596
1495 1596
1496 1596
1497 1596
1498 1596
1499 1596
1500 1596
1501 1596
1502 1596
1503 1597
1504 1597
1505 1597
1506 1597
1507 1598
1508 1598
1509 1598
1510 1598
1511 1598
1512 1598
1513 1598
1514 1598
1515 1598
1516 1598
1517 1598
1518 1598
1519 1598
1520 1598
1521 1598
1522 1598
1523 1598
1524 1598
1525 1599
1526 1599
1527 1599
1528 1599
1529 1600
1530 1600
1531 1600
1532 1600
1533 1600
1534 1600
1535 1600
1536 1600
1537 1600
1538 1600
1539 1601
1540 1601
1541 1601
1542 1601
1543 1602
1544 1602
1545 1602
1546 1602
1547 1602
1548 1602
1549 1602
1550 1602
1551 1603
1552 1603
1553 1603
1554 1603
1555 1604
1556 1604
1557 1604
1558 1604
1559 1604
1560 1604
1561 1604
1562 1604
1563 1604
1564 1604
1565 1605
1566 1605
1567 1605
1568 1605
1569 1606
1570 1606
1571 1606
1572 1606
1573 1606
1574 1606
1575 1607
1576 1607
1577 1607
1578 1607
1579 1608
1580 1608
1581 1608
1582 1608
1583 1608
1584 1608
1585 1609
1586 1609
1587 1609
1588 1609
1589 1610
1590 1610
1591 1611
1592 1611
1593 1611
1594 1611
1595 1612
1596 1612
1597 1612
1598 1612
1599 1613
1600 1613
1601 1613
1602 1613
1603 1614
1604 1614
1605 1615
1606 1615
1607 1615
1608 1615
1609 1616
1610 1616
1611 1617
1612 1617
1613 1617
1614 1617
1615 1618
1616 1618
1617 1619
1618 1619
1619 1619
1620 1619
1621 1620
1622 1620
1623 1621
1624 1621
1625 1621
1626 1621
1627 1622
1628 1622
1629 1623
1630 1623
1631 1623
1632 1624
1633 1625
1634 1625
1635 1625
1636 1625
1637 1626
1638 1626
1639 1626
1640 1626
1641 1627
1642 1627
1643 1627
1644 1628
1645 1629
1646 1629
1647 1629
1648 1630
1649 1631
1650 1631
1651 1632
1652 1632
1653 1633
1654 1634
1655 1635
1656 1635
1657 1635
1658 1635
1659 1636
1660 1636
1661 1636
1662 1636
1663 1637
1664 1637
1665 1638
1666 1638
1667 1639
1668 1640
1669 1641
1670 1641
1671 1641
1672 1641
1673 1642
1674 1642
1675 1643
1676 1643
1677 1643
1678 1644
1679 1645
1680 1645
1681 1645
1682 1646
1683 1647
1684 1647
1685 1647
1686 1647
1687 1648
1688 1648
1689 1648
1690 1648
1691 1649
1692 1649
1693 1649
1694 1649
1695 1650
1696 1650
1697 1650
1698 1650
1699 1649
1700 1649
1701 1649
1702 1649
1703 1649
1704 1649
1705 1649
1706 1649
1707 1650
1708 1650
1709 1651
1710 1651
1711 1651
1712 1651
1713 1652
1714 1652
1715 1651
1716 1651
1717 1652
1718 1652
1719 1651
1720 1651
1721 1652
1722 1652
1723 1652
1724 1652
1725 1653
1726 1653
1727 1653
1728 1653
1729 1654
1730 1654
1731 1653
1732 1653
1733 1653
1734 1653
1735 1652
1736 1652
1737 1653
1738 1653
1739 1653
1740 1653
1741 1654
1742 1654
1743 1654
1744 1654
1745 1654
1746 1654
1747 1654
1748 1654
1749 1654
1750 1654
1751 1654
1752 1654
1753 1654
1754 1654
1755 1655
1756 1655
1757 1655
1758 1655
1759 1655
1760 1655
1761 1655
1762 1655
1763 1654
1764 1654
1765 1654
1766 1654
1767 1654
1768 1654
1769 1654
1770 1654
1771 1654
1772 1654
1773 1653
1774 1653
1775 1653
1776 1653
1777 1652
1778 1652
1779 1652
1780 1652
1781 1652
1782 1652
1783 1652
1784 1652
1785 1652
1786 1652
1787 1652
1788 1652
1789 1653
1790 1653
1791 1653
1792 1653
1793 1654
1794 1654
1795 1654
1796 1654
1797 1654
1798 1654
1799 1654
1800 1654
1801 1654
1802 1654
1803 1653
1804 1653
1805 1653
1806 1653
1807 1652
1808 1651
1809 1650
1809 1649
1810 1648
1810 1647
1811 1646
1811 1645
1812 1644
1813 1643
1813 1642
1814 1641
1815 1641
1816 1640
1817 1639
1818 1639
1819 1638
1820 1637
1821 1637
1822 1637
1823 1636
1824 1635
1825 1634
1826 1634
1827 1633
1828 1633
1829 1632
1830 1631
1831 1630
1831 1629
1832 1628
1832 1627
1833 1626
1833 1625
1833 1624
1833 1623
1834 1622
1834 1621
1835 1620
1835 1619
1835 1618
1835 1617
1836 1616
1836 1615
1836 1614
1836 1613
1836 1612
1836 1611
1836 1610
1836 1609
1837 1608
1837 1607
1838 1606
1839 1605
1839 1604
1840 1603
1841 1603
1841 1602
1842 1601
1843 1600
1844 1599
1845 1598
1845 1597
1845 1596
1846 1595
1847 1594
1847 1593
1848 1592
1849 1591
1849 1590
1850 1589
1851 1589
1851 1588
1852 1587
1853 1587
1853 1586
1854 1585
1855 1585
1855 1584
1856 1583
1857 1582
1858 1581
1859 1580
1859 1579
1859 1578
1860 1577
1861 1576
1861 1575
1861 1574
1861 1573
1862 1572
1862 1571
1862 1570
1862 1569
1862 1568
1862 1567
1862 1566
1862 1565
1862 1564
1862 1563
1862 1562
1862 1561
1862 1560
1862 1559
1862 1558
1862 1557
1862 1556
1862 1555
1862 1554
1862 1553
1862 1552
1862 1551
1862 1550
1862 1549
1862 1548
1862 1547
1862 1546
1862 1545
1861 1544
1861 1543
1861 1542
1861 1541
1860 1540
1860 1539
1860 1538
1860 1537
1860 1536
1860 1535
1860 1534
1860 1533
1860 1532
1860 1531
1860 1530
1860 1529
1860 1528
1860 1527
1860 1526
1860 1525
1860 1524
1860 1523
1860 1522
1860 1521
1860 1520
1860 1519
1859 1518
1859 1517
1859 1516
1859 1515
1858 1514
1857 1513
1857 1512
1857 1511
1856 1510
1855 1509
1855 1508
1855 1507
1854 1506
1854 1505
1853 1504
1853 1503
1853 1502
1853 1501
1852 1500
1851 1499
1850 1498
1849 1497
1849 1496
1848 1496
1847 1495
1847 1494
1846 1493
1845 1492
1845 1491
1844 1490
1843 1489
1842 1488
1841 1487
1841 1486
1840 1486
1839 1485
1839 1484
1838 1484
1837 1483
1837 1482
1836 1482
1835 1481
1835 1480
1834 1479
1833 1478
1833 1477
1832 1476
1831 1475
1830 1474
1829 1473
1829 1472
1828 1471
1827 1470
1827 1469
1826 1468
1826 1467
1825 1466
1825 1465
1825 1464
1825 1463
1824 1462
1823 1461
1822 1460
1821 1459
1821 1458
1820 1457
1819 1456
1819 1455
1818 1454
1817 1453
1816 1452
1815 1451
1815 1450
1814 1450
1813 1449
1813 1448
1812 1448
1811 1447
1811 1446
1810 1446
1809 1445
1809 1444
1808 1444
1807 1443
1806 1442
1805 1441
1804 1440
1803 1440
1802 1439
1801 1438
1800 1438
1799 1437
1798 1436
1797 1436
1796 1435
1795 1435
1794 1435
1793 1435
1792 1434
1791 1434
1790 1434
1789 1433
1788 1432
1787 1432
1786 1431
1785 1431
1784 1430
1783 1429
1782 1428
1781 1428
1780 1428
1779 1428
1778 1427
1777 1427
1776 1427
1775 1427
1774 1427
1773 1427
1772 1427
1771 1427
1770 1426
1769 1426
1768 1425
1767 1424
1766 1424
1765 1423
1764 1422
1763 1422
1762 1421
1761 1421
1760 1421
1759 1421
1758 1420
1757 1420
1756 1419
1755 1419
1754 1418
1753 1418
1752 1417
1751 1417
1750 1417
1749 1417
1748 1416
1747 1416
1746 1415
1745 1414
1744 1414
1743 1413
1742 1412
1741 1411
1740 1410
1739 1410
1738 1410
1737 1409
1736 1408
1735 1408
1734 1408
1733 1408
1732 1407
1731 1407
1730 1406
1729 1406
1728 1406
1727 1405
1726 1404
1725 1404
1724 1404
1723 1404
1722 1403
1721 1403
1720 1402
1719 1402
1718 1401
1717 1401
1716 1400
1715 1400
1714 1399
1713 1399
1712 1398
1711 1398
1710 1398
1709 1397
1708 1396
1707 1396
1706 1396
1705 1396
1704 1395
1703 1395
1702 1394
1701 1394
1700 1394
1699 1394
1698 1393
1697 1393
1696 1392
1695 1392
1694 1392
1693 1392
1692 1391
1691 1391
1690 1390
1689 1390
1688 1390
1687 1390
1686 1389
1685 1389
1684 1388
1683 1388
1682 1388
1681 1388
1680 1387
1679 1387
1678 1386
1677 1386
1676 1386
1675 1386
1674 1385
1673 1385
1672 1385
1671 1385
1670 1385
1669 1385
1668 1385
1667 1385
1666 1384
1665 1384
1664 1384
1663 1384
1662 1383
1661 1383
1660 1383
1659 1383
1658 1383
1657 1383
1656 1383
1655 1383
1654 1382
1653 1382
1652 1382
1651 1382
1650 1381
1649 1381
1648 1381
1647 1381
1646 1381
1645 1381
1644 1380
1643 1380
1642 1380
1641 1380
1640 1379
1639 1379
1638 1379
1637 1379
1636 1379
1635 1379
1634 1379
1633 1379
1632 1378
1631 1378
1630 1378
1629 1378
1628 1377
1627 1377
1626 1377
1625 1377
1624 1376
1623 1376
1622 1376
1621 1376
1620 1375
1619 1375
1618 1375
1617 1375
1616 1375
1615 1375
1614 1374
1613 1374
1612 1374
1611 1374
1610 1373
1609 1373
1608 1372
1607 1372
1606 1372
1605 1372
1604 1371
1603 1371
1602 1371
1601 1371
1600 1371
1599 1371
1598 1370
1597 1370
1596 1370
1595 1370
1594 1369
1593 1369
1592 1369
1591 1369
1590 1368
1589 1368
1588 1368
1587 1368
1586 1367
1585 1367
1584 1366
1583 1366
1582 1366
1581 1366
1580 1365
1579 1365
1578 1364
1577 1364
1576 1364
1575 1364
1574 1363
1573 1363
1572 1363
1571 1363
1570 1362
1569 1362
1568 1362
1567 1362
1566 1361
1565 1361
1564 1361
1563 1361
1562 1361
1561 1361
1560 1360
1559 1360
1558 1360
1557 1360
1556 1359
1555 1359
1554 1358
1553 1358
1552 1358
1551 1357
1550 1356
1549 1356
1548 1356
1547 1355
1546 1354
1545 1354
1544 1354
1543 1354
1542 1353
1541 1353
1540 1352
1539 1352
1538 1352
1537 1351
1536 1350
1535 1350
1534 1350
1533 1349
1532 1348
1531 1348
1530 1348
1529 1347
1528 1346
1527 1346
1526 1345
1525 1345
1524 1344
1523 1344
1522 1343
1521 1343
1520 1343
1519 1343
1518 1342
1517 1342
1516 1342
1515 1342
1514 1341
1513 1341
1512 1341
1511 1341
1510 1340
1509 1340
1508 1340
1507 1339
1506 1338
1505 1338
1504 1337
1503 1337
1502 1336
1501 1336
1500 1335
1499 1335
1498 1334
1497 1334
1496 1334
1495 1334
1494 1333
1493 1333
1492 1332
1491 1332
1490 1332
1489 1331
1488 1330
1487 1330
1486 1330
1485 1330
1484 1329
1483 1329
1482 1328
1481 1328
1480 1327
1479 1327
1478 1326
1477 1326
1476 1325
1475 1325
1474 1325
1473 1325
1472 1324
1471 1324
1470 1324
1469 1323
1468 1322
1467 1322
1466 1322
1465 1321
1464 1320
1463 1320
1462 1320
1461 1320
1460 1319
1459 1319
1458 1319
1457 1319
1456 1319
1455 1319
1454 1319
1453 1319
1452 1319
1451 1319
1450 1319
1449 1319
1448 1319
1447 1319
1446 1319
1445 1319
1444 1319
1443 1319
1442 1319
1441 1319
1440 1319
1439 1319
1438 1319
1437 1319
1436 1319
1435 1319
1434 1319
1433 1319
1432 1319
1431 1319
1430 1319
1429 1319
