144 1039
143 1040
142 1040
141 1040
140 1040
139 1040
138 1040
137 1040
136 1040
135 1040
134 1040
133 1041
132 1041
131 1041
130 1041
129 1041
128 1041
127 1041
126 1041
125 1041
124 1041
123 1041
122 1041
121 1041
120 1041
119 1041
118 1041
117 1041
116 1041
115 1041
114 1041
113 1041
112 1041
111 1041
110 1042
109 1042
108 1043
107 1043
106 1043
105 1044
104 1044
103 1045
102 1045
101 1046
100 1046
99 1047
98 1047
97 1047
96 1048
95 1048
94 1048
93 1049
92 1049
91 1049
90 1049
89 1049
88 1050
87 1051
86 1051
85 1051
84 1051
83 1051
82 1051
81 1051
80 1052
79 1052
78 1053
77 1054
76 1055
75 1056
75 1057
74 1058
74 1059
73 1060
72 1061
72 1062
72 1063
72 1064
72 1065
72 1066
73 1067
73 1068
73 1069
73 1070
74 1071
74 1072
74 1073
75 1074
76 1075
77 1076
78 1076
79 1077
80 1077
81 1077
82 1078
83 1079
84 1079
85 1079
86 1079
87 1079
88 1079
89 1079
90 1079
91 1079
92 1079
93 1079
94 1079
95 1079
96 1079
97 1079
98 1079
99 1079
100 1079
101 1079
102 1079
103 1079
104 1079
105 1080
106 1080
107 1080
108 1081
109 1081
110 1081
111 1081
112 1081
113 1082
114 1082
115 1082
116 1082
117 1082
118 1082
119 1082
120 1082
121 1082
122 1082
123 1082
124 1082
125 1082
126 1082
127 1082
128 1083
129 1083
130 1083
131 1083
132 1083
133 1084
134 1084
135 1084
136 1085
137 1085
138 1085
139 1085
140 1085
141 1085
142 1085
143 1086
144 1086
145 1086
146 1086
147 1086
148 1086
149 1087
150 1087
151 1088
152 1088
153 1088
154 1088
155 1089
156 1089
157 1089
158 1089
159 1089
160 1089
161 1088
162 1088
163 1088
164 1087
165 1087
166 1087
167 1086
168 1085
169 1084
169 1083
170 1082
170 1081
170 1080
170 1079
170 1078
171 1077
171 1076
171 1075
171 1074
171 1073
171 1072
171 1071
171 1070
171 1069
171 1068
171 1067
171 1066
171 1065
171 1064
170 1063
169 1062
169 1061
169 1060
169 1059
169 1058
169 1057
168 1056
168 1055
168 1054
167 1053
167 1052
166 1051
166 1050
165 1049
164 1048
163 1048
162 1047
161 1046
160 1046
159 1045
158 1044
157 1044
156 1044
155 1043
154 1043
153 1042
152 1042
151 1041
150 1041
149 1041
148 1041
147 1040
146 1040
145 1040
144 1039
