554 229
553 230
552 230
551 231
550 231
549 232
548 233
547 234
546 235
545 236
544 236
543 237
542 237
541 237
540 238
539 239
538 240
537 241
536 241
535 242
534 242
533 243
532 244
531 245
530 246
529 247
529 248
528 249
527 250
527 251
526 252
527 253
527 254
527 255
528 256
528 257
529 258
529 259
530 260
530 261
530 262
529 263
528 263
527 264
526 264
525 265
524 266
524 267
524 268
524 269
524 270
525 271
525 272
525 273
526 274
526 275
525 276
526 277
526 278
527 279
527 280
528 281
528 282
529 283
529 284
530 285
531 286
532 287
533 288
534 288
535 289
536 290
537 290
538 291
539 292
540 293
541 293
542 294
543 294
544 295
545 296
546 296
547 297
548 298
549 298
550 299
551 299
552 299
553 299
554 299
555 299
556 299
557 300
558 300
559 300
560 300
561 301
562 302
563 302
564 303
565 303
566 304
567 304
568 305
569 305
570 305
571 305
572 305
573 306
574 306
575 306
576 307
577 307
578 307
579 307
580 308
581 308
582 308
583 308
584 309
585 309
586 310
587 310
588 310
589 310
590 310
591 310
592 310
593 310
594 310
595 310
596 310
597 310
598 310
599 310
600 310
601 310
602 310
603 310
604 310
605 310
606 310
607 310
608 310
609 310
610 311
611 311
612 311
613 311
614 311
615 311
616 311
617 311
618 311
619 311
620 311
621 311
622 311
623 311
624 311
625 312
626 312
627 312
628 313
629 313
630 313
631 314
632 314
633 314
634 314
635 314
636 314
637 314
638 314
639 314
640 314
641 314
642 314
643 314
644 314
645 314
646 314
647 314
648 313
649 313
650 313
651 312
652 312
653 312
654 312
655 312
656 312
657 311
658 311
659 311
660 311
661 311
662 311
663 310
664 309
665 308
666 308
667 308
668 308
669 307
670 307
671 306
672 306
673 305
674 304
675 304
676 303
677 302
678 302
679 301
680 301
681 301
682 301
683 300
684 299
685 298
686 298
687 297
688 296
689 296
690 295
691 295
692 295
693 295
694 294
695 294
696 293
697 292
698 291
699 290
700 289
701 288
702 287
702 286
702 285
702 284
702 283
702 282
702 281
703 280
703 279
703 278
703 277
703 276
703 275
703 274
703 273
702 272
702 271
701 270
700 269
700 268
699 267
698 266
697 265
697 264
696 263
696 262
695 261
695 260
694 259
693 258
693 257
692 256
692 255
692 254
691 253
691 252
690 251
689 250
688 249
687 248
686 247
685 246
684 245
683 244
682 243
681 242
680 241
679 240
678 239
677 239
676 238
675 237
674 237
673 236
672 236
671 235
670 235
669 235
668 235
667 235
666 235
665 235
664 235
663 235
662 235
661 235
660 235
659 235
658 235
657 235
656 235
655 235
654 235
653 235
652 235
651 235
650 235
649 235
648 235
647 236
646 236
645 236
644 237
643 237
642 237
641 237
640 237
639 237
638 237
637 237
636 237
635 237
634 237
633 237
632 237
631 237
630 237
629 237
628 237
627 237
626 237
625 237
624 236
623 236
622 235
621 234
620 233
619 233
618 232
617 231
616 231
615 230
614 230
613 230
612 230
611 230
610 230
609 230
608 229
607 229
606 229
605 229
604 229
603 229
602 229
601 230
600 230
599 230
598 230
597 230
596 230
595 230
594 231
593 231
592 231
591 232
590 232
589 232
588 232
587 232
586 232
585 232
584 232
583 232
582 232
581 232
580 232
579 232
578 232
577 232
576 232
575 232
574 232
573 231
572 231
571 231
570 230
569 230
568 230
567 230
566 230
565 230
564 230
563 230
562 230
561 229
560 229
559 229
558 229
557 229
556 229
555 229
554 229
