340 893
339 894
338 894
337 895
336 895
335 895
334 896
333 896
332 897
331 897
330 897
329 898
328 898
327 898
326 899
325 899
324 899
323 899
322 899
321 899
320 899
319 899
318 899
317 899
316 899
315 899
314 899
313 899
312 899
311 899
310 899
309 899
308 899
307 899
306 899
305 899
304 899
303 899
302 899
301 899
300 898
299 898
298 898
297 897
296 898
295 898
294 898
293 898
292 898
291 898
290 898
289 898
288 898
287 898
286 898
285 898
284 898
283 898
282 898
281 898
280 898
279 898
278 898
277 898
276 898
275 898
274 898
273 898
272 898
271 898
270 898
269 898
268 898
267 898
266 898
265 898
264 898
263 898
262 897
261 898
260 898
259 898
258 899
257 899
256 899
255 900
254 901
253 901
252 902
251 902
250 903
249 903
248 903
247 904
246 904
245 905
244 906
243 906
242 907
241 908
240 908
239 909
238 910
237 911
237 912
237 913
237 914
237 915
236 916
236 917
235 918
234 919
234 920
233 921
233 922
232 923
231 924
231 925
231 926
231 927
231 928
232 929
232 930
232 931
233 932
234 933
235 933
236 933
237 934
238 934
239 934
240 935
241 936
242 936
243 937
244 937
245 937
246 938
247 938
248 938
249 939
250 939
251 940
252 940
253 941
254 941
255 941
256 942
257 942
258 943
259 943
260 944
261 944
262 945
263 945
264 945
265 946
266 946
267 947
268 947
269 947
270 948
271 948
272 949
273 950
274 950
275 951
276 951
277 952
278 952
279 952
280 952
281 952
282 952
283 952
284 953
285 953
286 953
287 954
288 954
289 954
290 954
291 954
292 954
293 954
294 954
295 954
296 954
297 954
298 954
299 954
300 955
301 955
302 955
303 955
304 955
305 955
306 955
307 955
308 955
309 955
310 955
311 955
312 955
313 955
314 955
315 955
316 955
317 955
318 955
319 955
320 955
321 955
322 955
323 955
324 955
325 955
326 955
327 955
328 955
329 955
330 955
331 955
332 955
333 955
334 956
335 956
336 956
337 956
338 956
339 956
340 956
341 956
342 956
343 956
344 957
345 957
346 957
347 957
348 957
349 957
350 957
351 957
352 957
353 958
354 958
355 958
356 959
357 959
358 958
359 958
360 958
361 957
362 957
363 957
364 958
365 958
366 958
367 959
368 959
369 960
370 960
371 960
372 960
373 959
374 959
375 959
376 959
377 959
378 959
379 959
380 959
381 959
382 959
383 959
384 959
385 958
386 958
387 958
388 957
389 957
390 957
391 956
392 956
393 956
394 955
395 955
396 954
397 953
398 952
399 952
400 951
401 951
402 951
403 951
404 950
405 950
406 950
407 950
408 949
409 949
410 948
411 948
412 947
413 946
413 945
414 944
415 943
416 942
417 941
418 940
418 939
419 938
420 937
420 936
420 935
420 934
420 933
420 932
420 931
420 930
420 929
420 928
420 927
420 926
420 925
420 924
420 923
420 922
420 921
420 920
419 919
419 918
418 917
418 916
417 915
417 914
416 913
415 912
414 911
413 911
412 910
411 910
410 910
409 910
408 910
407 910
406 910
405 910
404 910
403 909
402 909
401 909
400 909
399 908
398 908
397 908
396 907
395 907
394 907
393 907
392 907
391 906
390 906
389 906
388 905
387 905
386 904
385 904
384 903
383 902
382 901
381 900
380 900
379 899
378 899
377 898
376 898
375 898
374 897
373 897
372 897
371 896
370 896
369 895
368 895
367 895
366 894
365 894
364 894
363 893
362 893
361 893
360 893
359 893
358 893
357 893
356 893
355 893
354 893
353 893
352 893
351 893
350 893
349 893
348 893
347 893
346 893
345 893
344 893
343 893
342 893
341 893
340 893
