917 1134
916 1135
915 1135
914 1135
913 1136
912 1136
911 1137
910 1137
909 1137
908 1137
907 1137
906 1138
905 1138
904 1138
903 1138
902 1139
901 1139
900 1139
899 1140
898 1140
897 1141
896 1141
895 1142
894 1143
893 1143
892 1144
891 1144
890 1145
889 1146
888 1147
887 1148
887 1149
886 1150
885 1151
885 1152
884 1153
883 1154
882 1155
881 1156
880 1157
880 1158
879 1159
879 1160
879 1161
879 1162
879 1163
879 1164
879 1165
880 1166
880 1167
880 1168
880 1169
881 1170
881 1171
881 1172
881 1173
882 1174
882 1175
882 1176
882 1177
882 1178
882 1179
882 1180
883 1181
884 1182
885 1183
886 1184
887 1184
888 1185
889 1186
890 1186
891 1187
892 1187
893 1188
894 1188
895 1188
896 1188
897 1188
898 1188
899 1188
900 1188
901 1188
902 1188
903 1188
904 1188
905 1188
906 1188
907 1188
908 1188
909 1188
910 1188
911 1188
912 1188
913 1188
914 1188
915 1187
916 1187
917 1187
918 1187
919 1187
920 1187
921 1187
922 1187
923 1187
924 1187
925 1187
926 1187
927 1187
928 1187
929 1187
930 1187
931 1186
932 1186
933 1186
934 1186
935 1186
936 1186
937 1186
938 1186
939 1186
940 1186
941 1186
942 1186
943 1186
944 1185
945 1185
946 1185
947 1184
948 1184
949 1184
950 1183
951 1183
952 1182
953 1182
954 1181
955 1180
956 1179
957 1179
957 1178
958 1177
959 1176
959 1175
960 1174
961 1173
962 1172
962 1171
962 1170
962 1169
962 1168
962 1167
962 1166
962 1165
962 1164
962 1163
962 1162
962 1161
962 1160
961 1159
960 1158
959 1157
958 1156
957 1155
956 1155
955 1154
954 1154
953 1154
952 1153
951 1152
950 1151
949 1151
948 1151
947 1151
946 1150
945 1149
944 1149
943 1148
942 1147
942 1146
941 1146
940 1145
939 1144
938 1144
937 1144
936 1143
935 1143
934 1143
933 1142
932 1141
931 1141
930 1140
929 1139
928 1139
927 1138
926 1137
925 1136
924 1135
923 1135
922 1134
921 1135
920 1135
919 1135
918 1135
917 1134
