429 1530
428 1531
427 1531
426 1531
425 1532
424 1533
424 1534
424 1535
423 1536
423 1537
423 1538
423 1539
423 1540
423 1541
423 1542
423 1543
423 1544
423 1545
423 1546
423 1547
423 1548
423 1549
423 1550
424 1551
424 1552
425 1553
426 1554
427 1555
428 1556
429 1557
430 1557
431 1557
432 1558
433 1558
434 1558
435 1559
436 1560
437 1561
438 1562
439 1562
440 1563
441 1563
442 1563
443 1564
444 1564
445 1565
446 1565
447 1565
448 1565
449 1565
450 1565
451 1565
452 1565
453 1565
454 1565
455 1565
456 1565
457 1565
458 1565
459 1565
460 1565
461 1565
462 1565
463 1565
464 1565
465 1565
466 1565
467 1565
468 1565
469 1565
470 1565
471 1565
472 1565
473 1564
474 1564
475 1564
476 1564
477 1564
478 1564
479 1564
480 1564
481 1564
482 1563
483 1563
484 1563
485 1562
486 1562
487 1562
488 1561
489 1560
490 1559
491 1558
492 1557
492 1556
493 1555
493 1554
493 1553
493 1552
493 1551
493 1550
493 1549
493 1548
493 1547
493 1546
493 1545
493 1544
493 1543
493 1542
493 1541
492 1540
492 1539
492 1538
491 1537
491 1536
491 1535
490 1534
490 1533
489 1533
488 1532
487 1531
486 1530
485 1530
484 1530
483 1530
482 1531
481 1531
480 1532
479 1532
478 1532
477 1533
476 1533
475 1534
474 1534
473 1534
472 1534
471 1534
470 1534
469 1534
468 1534
467 1534
466 1534
465 1534
464 1534
463 1534
462 1534
461 1533
460 1533
459 1534
458 1534
457 1534
456 1534
455 1534
454 1534
453 1534
452 1534
451 1534
450 1534
449 1534
448 1533
447 1533
446 1533
445 1532
444 1532
443 1531
442 1531
441 1530
440 1530
439 1530
438 1530
437 1530
436 1530
435 1530
434 1530
433 1530
432 1530
431 1530
430 1531
429 1530
