751 1964
750 1965
749 1965
748 1966
747 1967
746 1968
745 1969
744 1970
743 1971
743 1972
743 1973
742 1974
742 1975
742 1976
742 1977
741 1978
741 1979
742 1980
742 1981
743 1982
743 1983
744 1984
745 1985
745 1986
746 1987
747 1988
747 1989
748 1990
749 1991
750 1991
751 1991
752 1991
753 1991
754 1991
755 1991
756 1991
757 1991
758 1991
759 1991
760 1991
761 1991
762 1991
763 1991
764 1991
765 1991
766 1991
767 1991
768 1991
769 1990
770 1990
771 1990
772 1990
773 1990
774 1990
775 1990
776 1990
777 1990
778 1990
779 1990
780 1990
781 1990
782 1990
783 1990
784 1990
785 1990
786 1990
787 1990
788 1989
789 1989
790 1989
791 1988
792 1988
793 1987
794 1987
795 1986
796 1986
797 1986
798 1985
799 1984
800 1983
801 1982
802 1981
802 1980
802 1979
802 1978
802 1977
802 1976
802 1975
802 1974
801 1973
800 1972
799 1971
798 1970
797 1969
796 1968
795 1967
794 1966
793 1965
793 1964
792 1964
791 1964
790 1964
789 1964
788 1964
787 1964
786 1964
785 1964
784 1964
783 1964
782 1964
781 1964
780 1964
779 1964
778 1965
777 1965
776 1965
775 1965
774 1965
773 1965
772 1965
771 1965
770 1965
769 1965
768 1965
767 1965
766 1965
765 1965
764 1965
763 1965
762 1965
761 1965
760 1965
759 1965
758 1964
757 1964
756 1964
755 1964
754 1964
753 1964
752 1964
751 1964
