240 1002
239 1003
238 1003
237 1003
236 1003
235 1003
234 1003
233 1003
232 1003
231 1003
230 1003
229 1003
228 1003
227 1003
226 1003
225 1003
224 1003
223 1003
222 1003
221 1003
220 1003
219 1003
218 1003
217 1003
216 1003
215 1003
214 1003
213 1003
212 1003
211 1003
210 1003
209 1004
208 1004
207 1004
206 1005
205 1005
204 1005
203 1006
202 1006
201 1007
200 1008
199 1008
198 1009
197 1010
196 1011
196 1012
197 1013
198 1014
199 1015
200 1016
201 1017
202 1018
203 1019
204 1020
205 1021
206 1022
206 1023
207 1024
208 1025
209 1025
210 1025
211 1026
212 1026
213 1027
214 1027
215 1028
216 1028
217 1028
218 1028
219 1028
220 1028
221 1028
222 1028
223 1028
224 1028
225 1028
226 1028
227 1029
228 1029
229 1029
230 1029
231 1029
232 1029
233 1029
234 1030
235 1030
236 1030
237 1030
238 1030
239 1030
240 1029
241 1029
242 1029
243 1029
244 1029
245 1029
246 1029
247 1029
248 1029
249 1029
250 1029
251 1029
252 1029
253 1029
254 1029
255 1029
256 1029
257 1029
258 1029
259 1029
260 1029
261 1029
262 1029
263 1029
264 1029
265 1029
266 1029
267 1029
268 1029
269 1028
270 1027
271 1027
272 1026
273 1025
274 1024
275 1023
276 1022
277 1022
278 1022
279 1021
280 1020
280 1019
280 1018
280 1017
280 1016
280 1015
279 1015
278 1014
277 1014
276 1013
275 1013
274 1012
273 1011
272 1011
271 1011
270 1010
269 1010
268 1010
267 1009
266 1009
265 1008
264 1008
263 1007
262 1007
261 1007
260 1007
259 1007
258 1007
257 1007
256 1006
255 1006
254 1006
253 1005
252 1005
251 1005
250 1005
249 1005
248 1005
247 1005
246 1005
245 1004
244 1004
243 1003
242 1003
241 1002
240 1002
