262 728
261 729
260 730
259 730
258 731
257 731
256 732
255 732
254 733
253 733
252 733
251 733
250 734
249 734
248 735
247 735
246 735
245 736
244 736
243 737
242 738
241 739
240 740
240 741
241 742
241 743
242 744
243 745
244 745
245 745
246 746
247 746
248 746
249 746
250 747
251 747
252 747
253 747
254 747
255 748
256 748
257 749
258 749
259 749
260 749
261 749
262 749
263 749
264 749
265 749
266 749
267 749
268 750
269 750
270 750
271 750
272 750
273 750
274 750
275 750
276 751
277 751
278 751
279 751
280 751
281 751
282 751
283 752
284 752
285 752
286 752
287 752
288 753
289 753
290 753
291 753
292 753
293 753
294 753
295 753
296 753
297 753
298 753
299 753
300 753
301 753
302 752
303 753
304 753
305 752
306 752
307 752
308 751
309 751
310 751
311 750
312 750
313 750
314 749
315 749
316 748
317 747
318 746
319 746
319 745
319 744
319 743
320 742
320 741
320 740
320 739
319 738
319 737
318 736
318 735
317 734
317 733
316 733
315 732
314 731
314 730
313 730
312 729
311 729
310 729
309 728
308 728
307 728
306 728
305 729
304 729
303 729
302 730
301 730
300 729
299 728
298 728
297 728
296 728
295 728
294 728
293 728
292 728
291 728
290 728
289 728
288 728
287 728
286 728
285 728
284 728
283 728
282 729
281 729
280 729
279 729
278 729
277 728
276 728
275 728
274 728
273 728
272 728
271 728
270 728
269 728
268 728
267 728
266 728
265 728
264 728
263 728
262 728
