247 511
246 512
245 512
244 512
243 513
242 513
241 513
240 513
239 513
238 513
237 513
236 513
235 513
234 513
233 514
232 514
231 514
230 515
229 515
228 515
227 516
226 516
225 516
224 516
223 516
222 516
221 517
220 517
219 517
218 517
217 517
216 517
215 517
214 517
213 517
212 517
211 517
210 517
209 517
208 518
207 518
206 519
205 519
204 520
203 520
202 521
201 521
200 522
199 523
198 524
197 525
196 525
195 526
195 527
194 528
193 529
192 530
191 530
190 531
190 532
189 533
188 534
187 535
187 536
187 537
187 538
187 539
187 540
187 541
187 542
187 543
187 544
187 545
188 546
188 547
189 548
190 549
191 549
192 549
193 550
194 550
195 550
196 551
197 551
198 552
199 552
200 552
201 553
202 553
203 553
204 554
205 554
206 554
207 555
208 556
209 556
210 557
211 557
212 557
213 557
214 558
215 558
216 559
217 559
218 559
219 559
220 559
221 559
222 559
223 559
224 560
225 560
226 560
227 561
228 561
229 561
230 561
231 561
232 561
233 561
234 561
235 561
236 562
237 562
238 562
239 563
240 563
241 563
242 563
243 564
244 564
245 564
246 564
247 564
248 564
249 564
250 564
251 564
252 564
253 564
254 564
255 564
256 564
257 564
258 564
259 564
260 564
261 564
262 563
263 562
264 561
265 561
266 561
267 561
268 561
269 560
270 560
271 560
272 559
273 559
274 559
275 558
276 557
277 557
278 556
279 556
280 556
280 555
280 554
281 553
281 552
282 551
283 550
284 549
285 548
285 547
285 546
285 545
284 544
284 543
283 543
282 542
281 541
280 540
279 539
278 538
278 537
277 536
277 535
277 534
277 533
277 532
277 531
276 530
275 530
274 529
273 528
272 528
271 527
271 526
270 525
269 525
268 524
267 523
266 522
265 521
264 521
263 520
262 519
261 518
260 518
259 517
258 516
257 515
256 514
255 513
254 512
253 511
252 511
251 511
250 511
249 511
248 511
247 511
