37 298
36 299
35 300
35 301
35 302
35 303
35 304
35 305
34 306
34 307
34 308
34 309
34 310
33 311
33 312
33 313
33 314
33 315
33 316
33 317
33 318
34 319
34 320
34 321
34 322
34 323
35 324
35 325
35 326
35 327
35 328
35 329
35 330
35 331
35 332
35 333
35 334
35 335
35 336
35 337
35 338
35 339
35 340
35 341
35 342
35 343
36 342
37 342
38 342
39 342
40 342
41 342
42 341
43 340
44 339
45 338
46 338
47 338
48 338
49 337
50 337
51 337
52 337
53 337
54 337
55 338
56 338
57 338
58 338
59 338
60 338
61 338
62 338
63 338
64 338
65 338
66 338
67 337
68 337
69 337
70 337
71 337
72 337
73 337
74 337
75 337
76 337
77 337
78 337
79 337
80 337
81 337
82 337
83 337
84 336
85 336
86 336
87 336
88 336
89 336
90 336
91 336
92 336
93 336
94 336
95 336
96 336
97 336
98 336
99 337
100 337
101 336
102 336
103 336
104 336
105 336
106 336
107 336
108 336
109 336
110 336
111 336
112 336
113 336
114 336
115 336
116 336
117 336
118 336
119 336
120 336
121 336
122 336
123 336
124 335
125 335
126 335
127 335
128 335
129 335
130 335
131 335
132 335
133 335
134 335
135 335
136 335
137 335
138 335
139 335
140 335
141 335
142 335
143 335
144 335
145 335
146 335
147 335
148 335
149 335
150 335
151 335
152 335
153 335
154 335
155 335
156 335
157 335
158 335
159 335
160 335
161 335
162 335
163 335
164 335
165 335
166 334
167 334
168 334
169 334
170 333
171 333
172 333
173 333
174 333
175 332
176 332
177 332
178 331
179 330
180 330
181 329
182 328
182 327
182 326
182 325
182 324
181 323
180 322
179 321
178 320
178 319
177 319
176 318
175 318
174 317
173 317
172 317
171 316
170 315
169 315
168 314
167 313
166 313
165 312
164 312
163 312
162 312
161 312
160 311
159 311
158 311
157 311
156 311
155 311
154 311
153 311
152 310
151 310
150 310
149 310
148 310
147 310
146 310
145 310
144 310
143 310
142 310
141 310
140 310
139 310
138 310
137 310
136 310
135 310
134 309
133 309
132 309
131 309
130 309
129 309
128 309
127 309
126 308
125 308
124 308
123 308
122 308
121 307
120 307
119 307
118 306
117 306
116 306
115 306
114 306
113 306
112 306
111 306
110 306
109 306
108 305
107 305
106 305
105 305
104 305
103 305
102 305
101 305
100 305
99 305
98 304
97 304
96 304
95 304
94 304
93 304
92 303
91 303
90 303
89 303
88 303
87 303
86 304
85 304
84 304
83 304
82 304
81 303
80 303
79 303
78 302
77 302
76 302
75 302
74 302
73 302
72 302
71 301
70 301
69 301
68 301
67 301
66 301
65 301
64 301
63 301
62 301
61 301
60 301
59 301
58 301
57 301
56 301
55 301
54 301
53 301
52 301
51 301
50 301
49 301
48 301
47 301
46 301
45 300
44 300
43 300
42 299
41 299
40 298
39 298
38 298
37 298
