829 863
828 864
827 865
826 865
826 866
825 867
825 868
824 869
824 870
823 871
822 872
822 873
822 874
821 875
821 876
821 877
820 878
820 879
819 880
819 881
819 882
819 883
818 884
818 885
818 886
818 887
818 888
818 889
818 890
818 891
819 892
819 893
820 894
820 895
821 896
822 897
823 898
823 899
824 900
825 901
826 901
827 902
828 903
829 904
829 905
830 906
830 907
831 908
832 908
833 909
834 909
835 909
836 909
837 910
838 910
839 911
840 911
841 911
842 911
843 911
844 911
845 911
846 911
847 911
848 911
849 911
850 911
851 911
852 911
853 911
854 911
855 911
856 911
857 911
858 911
859 911
860 911
861 911
862 911
863 911
864 911
865 911
866 911
867 911
868 911
869 911
870 911
871 911
872 911
873 911
874 911
875 911
876 911
877 911
878 911
879 911
880 911
881 911
882 911
883 911
884 911
885 910
886 910
887 910
888 910
889 910
890 910
891 910
892 909
893 909
894 909
895 908
896 908
897 908
898 908
899 908
900 907
901 907
902 907
903 906
904 906
905 906
906 905
907 905
908 905
909 904
910 904
911 904
912 904
913 904
914 903
915 903
916 903
917 903
918 903
919 903
920 903
921 902
922 902
923 902
924 901
925 901
926 901
927 901
928 901
929 901
930 900
931 900
932 900
933 900
934 900
935 899
936 899
937 898
938 897
939 897
940 896
941 896
942 896
943 895
944 895
945 894
946 893
947 892
948 892
949 892
950 891
951 891
952 890
953 890
954 889
954 888
955 887
956 887
956 886
957 885
957 884
957 883
957 882
957 881
957 880
957 879
957 878
956 877
955 876
954 876
953 875
952 874
951 873
950 872
949 872
948 871
947 870
946 870
945 869
944 869
943 868
942 868
941 868
940 868
939 867
938 867
937 867
936 867
935 867
934 867
933 867
932 866
931 866
930 866
929 865
928 865
927 865
926 865
925 865
924 865
923 865
922 865
921 865
920 865
919 865
918 865
917 865
916 865
915 865
914 865
913 865
912 865
911 865
910 865
909 864
908 864
907 864
906 864
905 864
904 864
903 864
902 864
901 864
900 864
899 864
898 864
897 864
896 864
895 864
894 864
893 864
892 864
891 864
890 864
889 864
888 864
887 863
886 863
885 863
884 863
883 863
882 863
881 863
880 863
879 863
878 863
877 863
876 863
875 863
874 863
873 863
872 863
871 863
870 863
869 863
868 863
867 863
866 863
865 863
864 863
863 863
862 863
861 863
860 863
859 863
858 863
857 863
856 863
855 863
854 863
853 863
852 863
851 863
850 863
849 863
848 864
847 864
846 864
845 864
844 864
843 864
842 864
841 864
840 864
839 864
838 864
837 864
836 863
835 863
834 863
833 863
832 863
831 863
830 863
829 863
