281 669
280 670
279 670
278 670
277 670
276 671
275 671
274 671
273 672
272 672
271 672
270 672
269 672
268 673
267 673
266 673
265 673
264 673
263 673
262 673
261 673
260 673
259 673
258 673
257 673
256 673
255 674
254 674
253 674
252 675
251 675
250 675
249 675
248 675
247 675
246 675
245 675
244 675
243 675
242 676
241 677
240 677
239 678
238 678
237 679
236 679
235 679
234 679
233 679
232 679
231 679
230 679
229 679
228 679
227 679
226 680
225 681
224 681
223 681
222 682
221 682
220 683
219 683
218 683
217 683
216 683
215 683
214 683
213 684
212 684
211 684
210 685
209 685
208 685
207 686
206 686
205 687
204 687
203 687
202 687
201 687
200 687
199 687
198 687
197 687
196 687
195 688
194 688
193 689
192 689
191 689
190 690
189 690
188 690
187 690
186 690
185 690
184 691
183 692
182 692
181 693
180 693
179 694
178 694
177 694
176 695
175 696
174 696
173 696
172 697
171 697
170 697
169 698
168 698
167 699
166 700
165 700
164 700
163 701
162 701
161 702
160 702
159 703
158 703
157 704
156 704
155 705
154 705
153 705
152 706
151 706
150 706
149 706
148 706
147 706
146 706
145 707
144 707
143 708
142 709
141 710
140 711
139 712
138 712
137 713
136 714
135 715
134 716
133 717
132 718
132 719
131 720
130 721
129 722
128 723
127 724
126 725
125 726
124 727
124 728
123 729
123 730
123 731
123 732
123 733
123 734
123 735
123 736
123 737
123 738
123 739
122 740
122 741
122 742
122 743
122 744
122 745
122 746
122 747
122 748
122 749
121 750
121 751
121 752
120 753
120 754
120 755
120 756
120 757
119 758
119 759
119 760
119 761
119 762
119 763
118 764
118 765
117 766
117 767
116 768
116 769
116 770
116 771
116 772
116 773
116 774
116 775
116 776
117 777
117 778
117 779
118 780
118 781
118 782
118 783
118 784
118 785
119 786
120 787
121 788
122 789
123 789
124 790
125 791
126 791
127 792
128 793
129 794
130 795
131 796
132 797
133 798
134 799
135 800
136 801
137 802
138 803
139 804
140 805
141 806
142 807
143 807
144 808
145 809
146 809
147 809
148 809
149 809
150 809
151 809
152 809
153 808
154 808
155 807
156 807
157 806
158 806
159 805
160 805
161 805
162 804
163 804
164 804
165 804
166 803
167 803
168 802
169 802
170 802
171 801
172 801
173 801
174 800
175 800
176 800
177 799
178 799
179 799
180 798
181 798
182 798
183 797
184 796
185 796
186 795
187 795
188 794
189 793
190 792
191 792
192 791
193 791
194 791
195 791
196 791
197 791
198 791
199 791
200 791
201 791
202 791
203 791
204 791
205 790
206 790
207 790
208 790
209 790
210 790
211 790
212 790
213 790
214 789
215 789
216 789
217 789
218 789
219 788
220 788
221 788
222 787
223 787
224 787
225 787
226 787
227 786
228 785
229 784
230 783
231 782
232 781
233 780
233 779
233 778
234 777
235 776
236 776
237 776
238 775
238 774
238 773
239 772
240 772
241 772
242 771
243 771
244 771
245 771
246 771
247 770
248 770
249 770
250 771
251 771
252 771
253 771
254 771
255 771
256 771
257 772
257 773
258 774
258 775
259 775
260 774
261 774
262 774
263 774
264 774
265 774
266 774
267 774
268 774
269 774
270 775
271 775
272 775
273 775
274 775
275 776
276 776
277 777
278 777
279 778
280 778
281 779
282 780
283 780
284 781
285 781
286 782
287 783
288 783
289 783
290 784
291 785
292 785
293 786
294 787
295 787
296 788
297 788
298 788
299 789
300 789
301 789
302 789
303 789
304 790
305 790
306 791
307 791
308 791
309 792
310 792
311 792
312 793
313 793
314 794
315 794
316 794
317 795
318 795
319 796
320 797
321 798
322 799
323 800
324 801
325 802
326 802
327 802
328 802
329 802
330 802
331 802
332 802
333 801
334 801
335 801
336 801
337 801
338 801
339 800
340 800
341 800
342 800
343 800
344 799
345 799
346 799
347 798
348 798
349 798
350 797
351 797
352 797
353 797
354 797
355 797
356 797
357 797
358 797
359 797
360 797
361 797
362 797
363 797
364 797
365 797
366 797
367 798
368 799
369 800
370 800
371 801
372 801
373 801
374 801
375 801
376 801
377 801
378 801
379 801
380 801
381 801
382 801
383 801
384 801
385 801
386 801
387 801
388 802
389 802
390 802
391 802
392 802
393 802
394 802
395 802
396 802
397 802
398 802
399 801
399 800
399 799
400 798
400 797
400 796
401 795
401 794
401 793
402 792
402 791
403 790
404 789
405 788
406 787
406 786
406 785
407 784
408 783
408 782
409 781
409 780
409 779
409 778
409 777
409 776
409 775
409 774
409 773
409 772
409 771
409 770
409 769
409 768
409 767
409 766
409 765
409 764
409 763
409 762
409 761
409 760
409 759
410 758
410 757
410 756
411 755
411 754
411 753
412 752
413 751
413 750
413 749
413 748
413 747
413 746
413 745
413 744
413 743
413 742
413 741
413 740
413 739
413 738
413 737
413 736
413 735
413 734
413 733
413 732
412 731
412 730
412 729
411 728
410 727
409 726
408 725
408 724
407 723
406 722
406 721
406 720
406 719
406 718
406 717
406 716
406 715
406 714
406 713
406 712
406 711
406 710
406 709
406 708
406 707
405 706
405 705
404 704
403 703
402 703
401 702
400 701
399 700
398 700
397 699
396 699
395 699
394 699
393 698
392 698
391 697
390 697
389 696
388 696
387 696
386 696
385 696
384 696
383 696
382 696
381 696
380 695
379 695
378 695
377 695
376 695
375 695
374 695
373 695
372 695
371 695
370 695
369 695
368 695
367 695
366 695
365 695
364 694
363 694
362 694
361 694
360 694
359 694
358 693
357 693
356 692
355 691
354 690
353 690
352 689
351 688
350 687
349 686
348 686
347 685
346 685
345 684
344 683
343 682
342 681
341 680
340 679
339 678
338 677
337 677
336 676
335 675
334 675
333 675
332 675
331 675
330 675
329 675
328 675
327 675
326 675
325 675
324 675
323 675
322 674
321 674
320 674
319 673
318 673
317 673
316 673
315 672
314 672
313 671
312 671
311 670
310 670
309 670
308 670
307 670
306 670
305 670
304 670
303 670
302 670
301 670
300 670
299 670
298 670
297 669
296 669
295 669
294 669
293 669
292 669
291 669
290 669
289 669
288 669
287 669
286 669
285 669
284 669
283 669
282 669
281 669
