601 243
600 244
599 244
598 244
597 244
596 244
595 244
594 244
593 244
592 244
591 244
590 244
589 244
588 244
587 244
586 244
585 244
584 244
583 244
582 244
581 244
580 244
579 244
578 244
577 244
576 244
575 245
574 245
573 246
572 246
571 247
570 247
569 248
568 248
567 248
566 248
565 248
564 249
563 249
562 249
561 249
560 250
559 250
558 250
557 250
556 251
555 251
554 252
553 252
552 252
551 252
550 252
549 252
548 253
547 253
546 254
545 254
544 254
543 254
542 254
541 254
540 255
539 256
539 257
538 258
537 259
536 260
535 261
534 261
533 261
532 262
531 263
531 264
530 265
530 266
530 267
529 268
528 268
527 269
526 269
526 270
525 271
524 272
524 273
524 274
524 275
524 276
524 277
524 278
524 279
524 280
524 281
524 282
525 283
525 284
526 285
527 285
528 285
529 285
530 285
531 285
532 285
533 285
534 284
535 284
536 284
537 285
538 285
539 286
540 286
541 286
542 286
543 286
544 286
545 286
546 285
547 285
548 285
549 284
550 284
551 283
552 283
553 283
554 283
555 283
556 283
557 283
558 283
559 283
560 283
561 283
562 282
563 282
564 282
565 282
566 282
567 281
568 281
569 280
570 280
571 280
572 280
573 280
574 279
575 279
576 279
577 278
578 278
579 278
580 278
581 277
582 277
583 277
584 277
585 277
586 277
587 277
588 277
589 276
590 276
591 276
592 276
593 276
594 276
595 276
596 277
597 277
598 277
599 277
600 277
601 278
602 278
603 278
604 278
605 278
606 278
607 278
608 278
609 278
610 279
611 279
612 279
613 279
614 279
615 279
616 279
617 279
618 278
619 277
620 278
620 279
621 280
622 280
623 281
624 281
625 281
626 281
627 281
628 281
629 281
630 281
631 280
632 280
633 279
634 280
635 280
636 279
637 279
638 278
639 277
640 276
641 275
642 275
642 274
643 273
644 272
644 271
644 270
644 269
644 268
644 267
644 266
644 265
644 264
644 263
644 262
643 261
642 260
642 259
641 258
640 257
639 256
638 256
637 255
636 254
635 253
634 252
633 251
632 251
631 250
630 249
629 249
628 248
627 248
626 248
625 247
624 247
623 247
622 247
621 247
620 246
619 246
618 246
617 246
616 246
615 246
614 246
613 246
612 246
611 246
610 246
609 245
608 245
607 245
606 245
605 245
604 245
603 244
602 243
601 243
