266 109
265 110
264 110
263 110
262 110
261 111
260 111
259 111
258 111
257 112
256 112
255 112
254 113
253 113
252 113
251 113
250 113
249 113
248 113
247 113
246 113
245 113
244 113
243 114
242 114
241 114
240 114
239 115
238 115
237 115
236 115
235 115
234 115
233 115
232 115
231 115
230 115
229 115
228 115
227 115
226 114
225 114
224 114
223 114
222 114
221 115
220 116
219 117
218 118
217 119
216 120
216 121
215 122
215 123
214 124
214 125
213 126
212 127
211 128
210 128
209 129
208 130
208 131
207 132
207 133
207 134
207 135
207 136
208 137
209 138
209 139
209 140
209 141
209 142
208 143
208 144
208 145
209 145
210 145
211 145
212 145
213 145
214 145
215 146
216 147
217 147
218 148
219 148
220 148
221 148
222 149
223 149
224 149
225 149
226 149
227 150
228 150
229 150
230 150
231 150
232 150
233 150
234 149
235 149
236 149
237 149
238 149
239 148
240 148
241 148
242 147
243 147
244 146
245 146
246 145
247 145
248 145
249 144
250 144
251 143
252 143
253 143
254 143
255 143
256 143
257 144
258 144
259 144
260 144
261 145
262 146
263 147
264 148
265 148
266 149
267 149
268 150
269 150
270 150
271 150
272 150
273 151
274 151
275 151
276 151
277 152
278 152
279 152
280 153
281 153
282 154
283 154
284 154
285 154
286 154
287 155
288 155
289 155
290 155
291 155
292 155
293 154
294 154
295 153
296 153
297 153
298 153
299 152
300 152
301 152
302 151
303 151
304 150
305 149
306 149
307 148
308 148
309 148
310 147
311 147
312 146
313 146
314 145
315 144
316 144
317 143
318 142
318 141
319 140
319 139
319 138
319 137
319 136
318 135
318 134
317 133
317 132
316 131
315 131
314 130
313 129
312 129
311 128
310 128
309 127
308 126
307 125
306 124
305 123
304 122
303 121
302 120
301 119
300 118
299 117
299 116
298 115
297 114
296 113
295 112
294 112
293 111
292 110
291 110
290 109
289 109
288 109
287 109
286 109
285 109
284 109
283 109
282 109
281 109
280 109
279 109
278 109
277 109
276 109
275 109
274 109
273 109
272 109
271 109
270 109
269 109
268 109
267 109
266 109
