892 214
891 215
890 215
889 215
888 215
887 215
886 215
885 215
884 215
883 215
882 215
881 215
880 215
879 215
878 215
877 215
876 215
875 216
874 216
873 216
872 216
871 216
870 216
869 216
868 217
867 217
866 217
865 218
864 218
863 219
862 219
861 219
860 219
859 220
858 220
857 220
856 221
855 221
854 221
853 222
852 222
851 222
850 222
849 223
848 224
847 224
846 224
845 224
844 224
843 225
842 225
841 226
840 226
839 227
838 228
837 229
836 229
835 230
834 231
833 231
832 232
831 233
830 233
829 234
828 235
827 236
827 237
827 238
826 239
826 240
825 241
825 242
825 243
824 244
824 245
824 246
824 247
825 248
825 249
826 250
827 251
828 252
829 253
830 254
831 255
832 256
833 257
834 258
835 259
836 259
837 260
838 260
839 260
840 261
841 261
842 261
843 262
844 262
845 263
846 263
847 263
848 264
849 265
850 265
851 265
852 266
853 267
854 267
855 268
856 269
857 269
858 270
859 270
860 270
861 271
862 272
863 272
864 273
865 273
866 274
867 274
868 275
869 275
870 276
871 276
872 277
873 277
874 277
875 277
876 277
877 277
878 277
879 277
880 277
881 277
882 277
883 277
884 277
885 277
886 277
887 277
888 277
889 277
890 277
891 277
892 277
893 277
894 277
895 277
896 276
897 276
898 275
899 274
899 273
900 272
900 271
901 270
902 269
903 268
904 267
905 266
906 266
907 265
908 265
909 265
910 264
911 263
912 262
913 261
914 260
915 259
916 258
917 257
917 256
918 255
918 254
919 253
919 252
920 251
920 250
920 249
920 248
920 247
920 246
920 245
920 244
920 243
920 242
920 241
920 240
920 239
920 238
920 237
920 236
920 235
920 234
920 233
919 232
918 231
917 230
916 229
915 228
914 227
913 226
912 225
911 224
910 223
909 222
908 221
907 220
906 219
905 218
905 217
904 216
903 215
902 214
901 214
900 214
899 214
898 214
897 214
896 214
895 214
894 214
893 214
892 214
