4001 429
4000 430
3999 430
3998 430
3997 430
3996 431
3995 431
3994 431
3993 431
3992 431
3991 431
3990 431
3989 431
3988 431
3987 431
3986 431
3985 431
3984 431
3983 431
3982 431
3981 431
3980 431
3979 431
3978 431
3977 431
3976 431
3975 431
3974 431
3973 431
3972 431
3971 431
3970 431
3969 431
3968 431
3967 431
3966 431
3965 431
3964 432
3963 432
3962 432
3961 432
3960 433
3959 433
3958 433
3957 433
3956 434
3955 434
3954 434
3953 434
3952 435
3951 435
3950 435
3949 435
3948 436
3947 436
3946 436
3945 436
3944 437
3943 438
3942 438
3941 438
3940 439
3939 440
3938 440
3937 440
3936 441
3935 442
3934 443
3933 443
3932 444
3931 444
3930 445
3929 446
3928 447
3927 448
3926 448
3926 449
3925 450
3924 450
3923 451
3922 452
3921 452
3920 453
3919 454
3918 454
3917 454
3916 455
3915 456
3914 457
3913 458
3912 458
3911 459
3910 460
3909 460
3908 461
3907 461
3906 462
3905 462
3904 463
3903 464
3902 464
3902 465
3901 466
3900 466
3900 467
3899 468
3898 468
3898 469
3897 470
3896 470
3895 471
3894 472
3893 472
3892 473
3891 474
3890 474
3889 474
3888 475
3887 475
3886 476
3885 476
3884 476
3883 476
3882 477
3881 478
3880 479
3879 480
3878 480
3878 481
3877 482
3876 482
3876 483
3875 484
3874 484
3874 485
3873 486
3872 486
3872 487
3871 488
3870 488
3870 489
3869 490
3868 490
3868 491
3867 492
3866 492
3865 493
3864 494
3863 494
3862 495
3861 495
3860 496
3859 496
3858 496
3857 496
3856 497
3855 497
3854 497
3853 497
3852 497
3851 497
3850 498
3849 498
3848 498
3847 498
3846 499
3845 499
3844 499
3843 499
3842 499
3841 499
3840 499
3839 499
3838 499
3837 499
3836 500
3835 500
3834 501
3833 501
3832 502
3831 502
3830 503
3829 503
3828 503
3827 503
3826 503
3825 503
3824 503
3823 503
3822 504
3821 504
3820 505
3819 505
3818 506
3817 506
3816 507
3815 507
3814 507
3813 507
3812 507
3811 507
3810 507
3809 507
3808 507
3807 507
3806 507
3805 507
3804 507
3803 507
3802 508
3801 508
3800 508
3799 508
3798 509
3797 509
3796 509
3795 509
3794 509
3793 509
3792 509
3791 509
3790 509
3789 509
3788 509
3787 509
3786 509
3785 509
3784 509
3783 509
3782 509
3781 509
3780 509
3779 509
3778 509
3777 509
3776 510
3775 510
3774 510
3773 510
3772 511
3771 511
3770 511
3769 511
3768 511
3767 511
3766 511
3765 511
3764 512
3763 512
3762 512
3761 512
3760 513
3759 513
3758 513
3757 513
3756 513
3755 513
3754 513
3753 513
3752 513
3751 513
3750 513
3749 513
3748 513
3747 513
3746 513
3745 513
3744 513
3743 513
3742 513
3741 513
3740 513
3739 513
3738 513
3737 513
3736 513
3735 513
3734 512
3733 512
3732 512
3731 512
3730 511
3729 511
3728 511
3727 511
3726 511
3725 511
3724 511
3723 511
3722 511
3721 511
3720 511
3719 511
3718 511
3717 511
3716 511
3715 511
3714 511
3713 511
3712 511
3711 511
3710 511
3709 511
3708 511
3707 511
3706 511
3705 511
3704 511
3703 511
3702 511
3701 511
3700 511
3699 511
3698 511
3697 511
3696 512
3695 512
3694 512
3693 512
3692 513
3691 513
3690 513
3689 513
3688 513
3687 513
3686 513
3685 513
3684 513
3683 513
3682 513
3681 513
3680 512
3679 512
3678 512
3677 512
3676 511
3675 511
3674 511
3673 511
3672 511
3671 511
3670 511
3669 511
3668 511
3667 511
3666 511
3665 511
3664 511
3663 511
3662 511
3661 511
3660 511
3659 511
3658 511
3657 511
3656 511
3655 511
3654 511
3653 511
3652 511
3651 511
3650 511
3649 511
3648 512
3647 512
3646 512
3645 512
3644 513
3643 513
3642 513
3641 513
3640 513
3639 513
3638 513
3637 513
3636 513
3635 513
3634 513
3633 513
3632 513
3631 513
3630 513
3629 513
3628 514
3627 514
3626 514
3625 514
3624 515
3623 515
3622 515
3621 515
3620 515
3619 515
3618 516
3617 516
3616 517
3615 517
3614 518
3613 518
3612 519
3611 519
3610 519
3609 519
3608 519
3607 519
3606 519
3605 519
3604 519
3603 519
3602 519
3601 519
3600 519
3599 519
3598 519
3597 519
3596 518
3595 518
3594 518
3593 518
3592 517
3591 517
3590 517
3589 517
3588 516
3587 516
3586 516
3585 516
3584 515
3583 515
3582 515
3581 515
3580 515
3579 515
3578 515
3577 515
3576 515
3575 515
3574 515
3573 515
3572 514
3571 514
3570 513
3569 513
3568 513
3567 513
3566 512
3565 512
3564 513
3563 513
3562 514
3561 514
3560 514
3559 514
3558 515
3557 515
3556 515
3555 515
3554 515
3553 515
3552 516
3551 516
3550 516
3549 516
3548 517
3547 518
3546 518
3545 518
3544 519
3543 520
3542 520
3541 520
3540 521
3539 522
3538 522
3537 522
3536 523
3535 523
3534 523
3533 523
3532 523
3531 523
3530 523
3529 523
3528 523
3527 523
3526 523
3525 523
3524 523
3523 523
3522 523
3521 523
3520 522
3519 522
3518 522
3517 522
3516 521
3515 521
3514 522
3513 522
3512 522
3511 522
3510 523
3509 523
3508 523
3507 523
3506 523
3505 523
3504 523
3503 523
3502 523
3501 523
3500 523
3499 523
3498 524
3497 524
3496 524
3495 524
3494 525
3493 525
3492 525
3491 525
3490 525
3489 525
3488 526
3487 526
3486 526
3485 526
3484 527
3483 527
3482 527
3481 527
3480 527
3479 527
3478 527
3477 527
3476 527
3475 527
3474 528
3473 528
3472 528
3471 528
3470 529
3469 529
3468 529
3467 529
3466 530
3465 530
3464 530
3463 530
3462 531
3461 531
3460 532
3459 532
3458 532
3457 532
3456 533
3455 533
3454 533
3453 533
3452 534
3451 534
3450 534
3449 534
3448 535
3447 535
3446 536
3445 536
3444 536
3443 536
3442 537
3441 537
3440 538
3439 538
3438 538
3437 538
3436 539
3435 539
3434 540
3433 540
3432 540
3431 540
3430 541
3429 541
3428 541
3427 541
3426 541
3425 541
3424 541
3423 541
3422 541
3421 541
3420 542
3419 542
3418 542
3417 542
3416 543
3415 544
3414 544
3413 544
3412 545
3411 545
3410 545
3409 545
3408 545
3407 545
3406 545
3405 545
3404 545
3403 545
3402 545
3401 545
3400 545
3399 545
3398 546
3397 546
3396 546
3395 546
3394 547
3393 547
3392 547
3391 547
3390 547
3389 547
3388 547
3387 547
3386 547
3385 547
3384 547
3383 547
3382 547
3381 547
3380 547
3379 547
3378 548
3377 548
3376 548
3375 548
3374 549
3373 549
3372 549
3371 549
3370 549
3369 549
3368 549
3367 549
3366 549
3365 549
3364 549
3363 549
3362 549
3361 549
3360 549
3359 549
3358 549
3357 549
3356 549
3355 549
3354 549
3353 549
3352 549
3351 549
3350 549
3349 549
3348 549
3347 549
3346 549
3345 549
3344 549
3343 549
3342 550
3341 550
3340 550
3339 550
3338 551
3337 551
3336 551
3335 551
3334 551
3333 551
3332 551
3331 551
3330 551
3329 551
3328 552
3327 552
3326 552
3325 552
3324 553
3323 553
3322 553
3321 553
3320 553
3319 553
3318 553
3317 553
3316 553
3315 553
3314 554
3313 554
3312 554
3311 554
3310 555
3309 555
3308 555
3307 555
3306 555
3305 555
3304 555
3303 555
3302 555
3301 555
3300 555
3299 555
3298 555
3297 555
3296 555
3295 555
3294 555
3293 555
3292 555
3291 555
3290 555
3289 555
3288 555
3287 555
3286 555
3285 555
3284 555
3283 555
3282 555
3281 555
3280 555
3279 555
3278 555
3277 555
3276 554
3275 554
3274 554
3273 554
3272 553
3271 553
3270 552
3269 552
3268 552
3267 552
3266 551
3265 551
3264 551
3263 551
3262 551
3261 551
3260 551
3259 551
3258 550
3257 550
3256 550
3255 549
3254 548
3253 548
3252 548
3251 548
3250 547
3249 547
3248 546
3247 546
3246 546
3245 546
3244 545
3243 545
3242 545
3241 545
3240 545
3239 545
3238 545
3237 545
3236 545
3235 545
3234 545
3233 545
3232 544
3231 544
3230 544
3229 544
3228 543
3227 543
3226 543
3225 543
3224 542
3223 542
3222 542
3221 542
3220 541
3219 541
3218 541
3217 541
3216 541
3215 541
3214 541
3213 541
3212 541
3211 541
3210 541
3209 541
3208 541
3207 541
3206 541
3205 541
3204 541
3203 541
3202 541
3201 541
3200 541
3199 541
3198 541
3197 541
3196 541
3195 541
3194 541
3193 541
3192 542
3191 542
3190 542
3189 542
3188 543
3187 543
3186 544
3185 544
3184 544
3183 544
3182 545
3181 545
3180 545
3179 545
3178 546
3177 546
3176 546
3175 546
3174 547
3173 547
3172 547
3171 547
3170 548
3169 548
3168 548
3167 548
3166 549
3165 550
3164 550
3163 550
3162 551
3161 551
3160 551
3159 551
3158 551
3157 551
3156 551
3155 551
3154 550
3153 550
3152 550
3151 549
3150 548
3149 548
3148 548
3147 547
3146 546
3145 546
3144 545
3143 545
3142 544
3141 543
3140 542
3139 542
3138 542
3137 542
3136 541
3135 541
3134 541
3133 541
3132 541
3131 541
3130 541
3129 541
3128 540
3127 540
3126 540
3125 539
3124 538
3123 538
3122 538
3121 538
3120 537
3119 537
3118 536
3117 536
3116 536
3115 536
3114 535
3113 535
3112 535
3111 535
3110 535
3109 535
3108 535
3107 535
3106 535
3105 535
3104 534
3103 534
3102 534
3101 533
3100 532
3099 532
3098 532
3097 531
3096 530
3095 530
3094 530
3093 530
3092 529
3091 529
3090 529
3089 529
3088 530
3087 530
3086 530
3085 530
3084 531
3083 532
3082 533
3081 533
3080 534
3079 534
3078 535
3077 535
3076 535
3075 535
3074 535
3073 535
3072 535
3071 535
3070 535
3069 535
3068 535
3067 535
3066 535
3065 535
3064 535
3063 535
3062 535
3061 535
3060 536
3059 536
3058 536
3057 536
3056 537
3055 538
3054 539
3054 540
3053 541
3053 542
3053 543
3053 544
3053 545
3053 546
3053 547
3053 548
3053 549
3053 550
3053 551
3053 552
3052 553
3052 554
3051 555
3050 556
3049 556
3048 557
3047 558
3046 559
3045 560
3044 561
3044 562
3043 563
3043 564
3043 565
3043 566
3042 567
3042 568
3041 569
3040 570
3039 571
3038 572
3037 572
3036 573
3035 573
3034 573
3033 573
3032 574
3031 574
3030 574
3029 574
3028 575
3027 576
3026 577
3025 578
3024 578
3023 579
3022 580
3021 580
3020 581
3019 581
3018 582
3017 582
3016 582
3015 582
3014 583
3013 583
3012 583
3011 583
3010 584
3009 584
3008 585
3008 586
3007 587
3007 588
3007 589
3007 590
3006 591
3006 592
3005 593
3004 594
3004 595
3003 596
3002 597
3002 598
3001 599
3001 600
3001 601
3001 602
3001 603
3001 604
3000 605
3000 606
3000 607
2999 608
2998 609
2998 610
2998 611
2997 612
2996 613
2996 614
2996 615
2995 616
2994 617
2994 618
2994 619
2993 620
2992 621
2992 622
2992 623
2991 624
2990 625
2990 626
2990 627
2990 628
2989 629
2989 630
2988 631
2988 632
2987 633
2986 634
2985 635
2984 636
2983 636
2982 637
2981 637
2980 638
2979 638
2978 639
2978 640
2977 641
2977 642
2977 643
2977 644
2977 645
2977 646
2977 647
2977 648
2977 649
2977 650
2977 651
2977 652
2976 653
2976 654
2976 655
2975 656
2974 657
2974 658
2973 659
2972 660
2972 661
2971 662
2970 663
2969 664
2968 665
2968 666
2968 667
2968 668
2967 669
2967 670
2967 671
2967 672
2967 673
2967 674
2967 675
2967 676
2966 677
2966 678
2966 679
2965 680
2964 681
2964 682
2963 683
2962 684
2962 685
2961 686
2960 687
2960 688
2959 689
2959 690
2958 691
2958 692
2958 693
2957 694
2956 695
2956 696
2956 697
2956 698
2955 699
2955 700
2954 701
2954 702
2953 703
2952 704
2952 705
2951 706
2950 706
2950 707
2949 708
2948 708
2948 709
2947 710
2946 710
2946 711
2945 712
2944 712
2944 713
2943 714
2942 714
2942 715
2941 716
2940 716
2939 717
2938 718
2937 718
2936 719
2935 720
2934 720
2933 720
2932 721
2931 722
2930 722
2929 722
2928 723
2927 723
2926 724
2925 724
2924 724
2923 724
2922 725
2921 725
2920 726
2919 726
2918 727
2918 728
2917 729
2917 730
2916 731
2916 732
2916 733
2916 734
2915 735
2915 736
2915 737
2915 738
2914 739
2914 740
2914 741
2913 742
2912 743
2912 744
2912 745
2911 746
2910 747
2910 748
2910 749
2910 750
2909 751
2909 752
2909 753
2909 754
2909 755
2909 756
2909 757
2909 758
2908 759
2908 760
2908 761
2907 762
2906 763
2906 764
2905 765
2904 766
2904 767
2903 768
2902 768
2902 769
2901 770
2900 771
2899 772
2898 773
2898 774
2898 775
2898 776
2897 777
2897 778
2897 779
2897 780
2896 781
2896 782
2895 783
2895 784
2894 785
2893 786
2892 787
2892 788
2892 789
2891 790
2890 791
2890 792
2890 793
2890 794
2889 795
2889 796
2889 797
2889 798
2889 799
2889 800
2888 801
2888 802
2888 803
2888 804
2887 805
2887 806
2886 807
2886 808
2885 809
2885 810
2884 811
2884 812
2883 813
2883 814
2883 815
2883 816
2883 817
2883 818
2883 819
2883 820
2883 821
2883 822
2883 823
2883 824
2883 825
2883 826
2883 827
2883 828
2883 829
2883 830
2882 831
2882 832
2882 833
2882 834
2881 835
2881 836
2881 837
2881 838
2881 839
2881 840
2881 841
2881 842
2880 843
2880 844
2880 845
2879 846
2878 847
2878 848
2878 849
2878 850
2877 851
2877 852
2876 853
2876 854
2876 855
2875 856
2874 857
2874 858
2874 859
2874 860
2873 861
2873 862
2872 863
2872 864
2872 865
2871 866
2870 867
2870 868
2870 869
2869 870
2868 871
2868 872
2868 873
2867 874
2866 875
2866 876
2865 877
2865 878
2864 879
2863 880
2862 881
2862 882
2861 883
2861 884
2860 885
2859 886
2858 887
2858 888
2858 889
2857 890
2856 891
2856 892
2855 893
2855 894
2854 895
2853 896
2852 897
2852 898
2851 899
2851 900
2850 901
2850 902
2849 903
2849 904
2849 905
2849 906
2848 907
2848 908
2848 909
2848 910
2847 911
2847 912
2847 913
2847 914
2847 915
2847 916
2846 917
2846 918
2846 919
2846 920
2845 921
2845 922
2845 923
2845 924
2845 925
2845 926
2844 927
2844 928
2844 929
2844 930
2843 931
2843 932
2843 933
2843 934
2842 935
2842 936
2842 937
2841 938
2840 939
2840 940
2840 941
2840 942
2839 943
2839 944
2839 945
2839 946
2839 947
2839 948
2838 949
2838 950
2838 951
2838 952
2837 953
2837 954
2837 955
2837 956
2837 957
2837 958
2836 959
2836 960
2836 961
2836 962
2835 963
2835 964
2834 965
2834 966
2834 967
2834 968
2833 969
2833 970
2832 971
2832 972
2832 973
2832 974
2831 975
2831 976
2830 977
2830 978
2830 979
2830 980
2829 981
2829 982
2829 983
2829 984
2828 985
2828 986
2828 987
2828 988
2827 989
2827 990
2827 991
2827 992
2827 993
2827 994
2827 995
2827 996
2827 997
2827 998
2827 999
2827 1000
2827 1001
2827 1002
2826 1003
2826 1004
2826 1005
2826 1006
2825 1007
2825 1008
2825 1009
2825 1010
2825 1011
2825 1012
2825 1013
2825 1014
2824 1015
2824 1016
2824 1017
2824 1018
2823 1019
2823 1020
2822 1021
2822 1022
2822 1023
2821 1024
2820 1025
2820 1026
2820 1027
2820 1028
2819 1029
2819 1030
2819 1031
2819 1032
2818 1033
2818 1034
2818 1035
2818 1036
2817 1037
2817 1038
2817 1039
2817 1040
2816 1041
2816 1042
2816 1043
2815 1044
2814 1045
2814 1046
2814 1047
2814 1048
2813 1049
2813 1050
2813 1051
2813 1052
2813 1053
2813 1054
2813 1055
2813 1056
2813 1057
2813 1058
2812 1059
2812 1060
2812 1061
2812 1062
2811 1063
2811 1064
2811 1065
2811 1066
2811 1067
2811 1068
2811 1069
2811 1070
2811 1071
2811 1072
2812 1073
2812 1074
2812 1075
2812 1076
2813 1077
2813 1078
2813 1079
2813 1080
2813 1081
2813 1082
2813 1083
2813 1084
2813 1085
2813 1086
2813 1087
2813 1088
2813 1089
2813 1090
2813 1091
2813 1092
2813 1093
2813 1094
2813 1095
2813 1096
2813 1097
2813 1098
2813 1099
2813 1100
2813 1101
2813 1102
2813 1103
2813 1104
2813 1105
2813 1106
2813 1107
2813 1108
2813 1109
2813 1110
2812 1111
2812 1112
2812 1113
2812 1114
2811 1115
2811 1116
2810 1117
2810 1118
2809 1119
2809 1120
2808 1121
2807 1122
2806 1123
2806 1124
2806 1125
2806 1126
2805 1127
2805 1128
2804 1129
2804 1130
2804 1131
2804 1132
2803 1133
2803 1134
2803 1135
2803 1136
2803 1137
2803 1138
2804 1139
2804 1140
2804 1141
2804 1142
2805 1143
2805 1144
2805 1145
2805 1146
2805 1147
2805 1148
2805 1149
2805 1150
2805 1151
2805 1152
2805 1153
2805 1154
2806 1155
2806 1156
2806 1157
2806 1158
2807 1159
2807 1160
2807 1161
2807 1162
2808 1163
2808 1164
2808 1165
2808 1166
2809 1167
2809 1168
2809 1169
2809 1170
2809 1171
2809 1172
2809 1173
2809 1174
2808 1175
2808 1176
2808 1177
2808 1178
2807 1179
2807 1180
2807 1181
2807 1182
2807 1183
2807 1184
2807 1185
2807 1186
2807 1187
2807 1188
2807 1189
2807 1190
2807 1191
2807 1192
2807 1193
2807 1194
2807 1195
2807 1196
2807 1197
2807 1198
2807 1199
2807 1200
2807 1201
2807 1202
2808 1203
2808 1204
2808 1205
2808 1206
2809 1207
2809 1208
2809 1209
2809 1210
2809 1211
2809 1212
2810 1213
2810 1214
2810 1215
2810 1216
2811 1217
2812 1218
2812 1219
2812 1220
2813 1221
2813 1222
2813 1223
2813 1224
2813 1225
2813 1226
2813 1227
2813 1228
2814 1229
2814 1230
2815 1231
2815 1232
2816 1233
2816 1234
2817 1235
2818 1236
2818 1237
2818 1238
2819 1239
2820 1240
2820 1241
2820 1242
2821 1243
2822 1244
2822 1245
2822 1246
2823 1247
2823 1248
2823 1249
2823 1250
2824 1251
2824 1252
2824 1253
2824 1254
2825 1255
2825 1256
2825 1257
2825 1258
2825 1259
2825 1260
2825 1261
2825 1262
2825 1263
2825 1264
2824 1265
2824 1266
2824 1267
2824 1268
2823 1269
2823 1270
2823 1271
2823 1272
2822 1273
2822 1274
2822 1275
2822 1276
2821 1277
2821 1278
2821 1279
2821 1280
2820 1281
2820 1282
2820 1283
2820 1284
2819 1285
2819 1286
2819 1287
2819 1288
2819 1289
2819 1290
2819 1291
2819 1292
2819 1293
2819 1294
2819 1295
2819 1296
2819 1297
2819 1298
2819 1299
2819 1300
2819 1301
2819 1302
2819 1303
2819 1304
2820 1305
2820 1306
2820 1307
2820 1308
2821 1309
2821 1310
2821 1311
2821 1312
2821 1313
2821 1314
2822 1315
2822 1316
2822 1317
2822 1318
2823 1319
2824 1320
2824 1321
2824 1322
2825 1323
2826 1324
2827 1325
2827 1326
2828 1327
2828 1328
2829 1329
2829 1330
2830 1331
2830 1332
2831 1333
2831 1334
2832 1335
2832 1336
2833 1337
2833 1338
2834 1339
2834 1340
2834 1341
2834 1342
2835 1343
2835 1344
2836 1345
2836 1346
2836 1347
2836 1348
2837 1349
2838 1350
2838 1351
2838 1352
2839 1353
2840 1354
2840 1355
2840 1356
2841 1357
2842 1358
2842 1359
2842 1360
2843 1361
2844 1362
2844 1363
2844 1364
2845 1365
2846 1366
2847 1367
2848 1368
2848 1369
2849 1369
2850 1370
2850 1371
2851 1372
2852 1373
2852 1374
2853 1375
2854 1376
2855 1377
2856 1378
2856 1379
2857 1380
2858 1381
2858 1382
2859 1383
2860 1384
2860 1385
2860 1386
2861 1387
2861 1388
2862 1389
2862 1390
2862 1391
2862 1392
2863 1393
2863 1394
2863 1395
2863 1396
2863 1397
2863 1398
2864 1399
2864 1400
2864 1401
2864 1402
2865 1403
2865 1404
2866 1405
2866 1406
2866 1407
2866 1408
2867 1409
2868 1410
2869 1411
2870 1412
2870 1413
2871 1414
2872 1415
2872 1416
2873 1417
2873 1418
2873 1419
2873 1420
2874 1421
2874 1422
2874 1423
2874 1424
2875 1425
2875 1426
2875 1427
2875 1428
2876 1429
2876 1430
2876 1431
2876 1432
2877 1433
2878 1434
2878 1435
2878 1436
2879 1437
2879 1438
2879 1439
2879 1440
2879 1441
2879 1442
2880 1443
2880 1444
2880 1445
2880 1446
2881 1447
2882 1448
2883 1449
2884 1450
2884 1451
2885 1451
2886 1452
2887 1453
2888 1454
2889 1455
2890 1455
2891 1456
2892 1457
2893 1457
2894 1458
2894 1459
2895 1459
2896 1460
2897 1461
2898 1461
2899 1462
2900 1462
2901 1463
2902 1463
2903 1463
2904 1464
2905 1465
2906 1465
2907 1465
2908 1465
2909 1466
2910 1466
2911 1466
2912 1466
2913 1467
2914 1467
2915 1467
2916 1468
2917 1469
2918 1469
2919 1469
2920 1469
2921 1470
2922 1470
2923 1471
2924 1471
2925 1471
2926 1472
2927 1473
2928 1473
2929 1473
2930 1473
2931 1474
2932 1474
2933 1474
2934 1474
2935 1475
2936 1475
2937 1475
2938 1475
2939 1476
2940 1476
2941 1477
2942 1477
2943 1477
2944 1478
2945 1479
2946 1479
2947 1479
2948 1479
2949 1480
2950 1480
2951 1481
2952 1481
2953 1481
2954 1482
2955 1483
2956 1483
2957 1484
2958 1484
2959 1485
2960 1485
2961 1486
2962 1486
2963 1487
2964 1487
2965 1487
2966 1487
2967 1488
2968 1488
2969 1488
2970 1488
2971 1488
2972 1488
2973 1488
2974 1488
2975 1488
2976 1488
2977 1488
2978 1488
2979 1489
2980 1489
2981 1489
2982 1490
2983 1491
2984 1491
2985 1491
2986 1491
2987 1492
2988 1492
2989 1492
2990 1492
2991 1492
2992 1492
2993 1492
2994 1492
2995 1492
2996 1492
2997 1492
2998 1492
2999 1492
3000 1492
3001 1492
3002 1492
3003 1493
3004 1493
3005 1494
3006 1494
3007 1495
3008 1496
3009 1497
3010 1497
3011 1498
3012 1499
3013 1499
3014 1500
3015 1501
3016 1502
3017 1503
3018 1503
3019 1502
3020 1502
3021 1503
3021 1504
3022 1504
3023 1503
3024 1504
3025 1505
3026 1505
3027 1506
3028 1507
3028 1508
3029 1509
3030 1510
3031 1511
3032 1512
3032 1513
3033 1513
3034 1514
3034 1515
3035 1515
3036 1516
3036 1517
3037 1517
3038 1518
3038 1519
3039 1519
3040 1520
3040 1521
3041 1521
3042 1522
3043 1523
3044 1523
3045 1524
3046 1524
3047 1525
3048 1525
3049 1525
3050 1525
3051 1526
3052 1526
3053 1527
3054 1527
3055 1528
3056 1528
3057 1529
3058 1529
3059 1530
3060 1530
3061 1531
3062 1531
3063 1531
3064 1531
3065 1532
3066 1532
3067 1532
3068 1532
3069 1532
3070 1532
3071 1532
3072 1532
3073 1532
3074 1532
3075 1532
3076 1532
3077 1532
3078 1532
3079 1533
3080 1533
3081 1533
3082 1533
3083 1534
3084 1534
3085 1535
3086 1535
3087 1535
3088 1535
3089 1536
3090 1536
3091 1537
3092 1537
3093 1537
3094 1537
3095 1538
3096 1538
3097 1538
3098 1538
3099 1539
3100 1539
3101 1539
3102 1540
3103 1541
3104 1541
3105 1541
3106 1541
3107 1542
3108 1542
3109 1542
3110 1542
3111 1542
3112 1542
3113 1543
3114 1543
3115 1543
3116 1544
3117 1545
3118 1546
3119 1547
3119 1548
3120 1549
3120 1550
3121 1551
3122 1551
3123 1552
3124 1552
3125 1553
3126 1553
3127 1554
3128 1555
3129 1555
3130 1556
3130 1557
3131 1557
3132 1558
3132 1559
3133 1559
3134 1560
3134 1561
3135 1562
3136 1563
3137 1564
3138 1565
3139 1566
3140 1566
3141 1566
3142 1566
3143 1566
3144 1566
3145 1566
3146 1566
3147 1566
3148 1566
3149 1567
3150 1567
3151 1567
3152 1568
3153 1569
3154 1569
3155 1569
3156 1569
3157 1570
3158 1570
3159 1571
3160 1571
3161 1572
3162 1573
3163 1573
3164 1574
3165 1575
3166 1575
3167 1576
3168 1576
3169 1577
3170 1577
3171 1578
3172 1579
3173 1579
3174 1580
3174 1581
3175 1582
3176 1583
3176 1584
3177 1585
3177 1586
3177 1587
3177 1588
3176 1589
3176 1590
3176 1591
3176 1592
3175 1593
3175 1594
3176 1595
3176 1596
3176 1597
3176 1598
3177 1599
3177 1600
3178 1601
3178 1602
3179 1603
3180 1603
3181 1604
3182 1604
3183 1605
3184 1605
3185 1605
3186 1606
3187 1607
3188 1607
3189 1608
3190 1608
3191 1609
3192 1610
3193 1611
3194 1611
3195 1611
3196 1612
3197 1613
3198 1613
3199 1613
3200 1614
3201 1615
3202 1615
3203 1615
3204 1616
3205 1617
3206 1617
3207 1617
3208 1617
3209 1618
3210 1618
3211 1618
3212 1618
3213 1618
3214 1618
3215 1618
3216 1618
3217 1618
3218 1618
3219 1618
3220 1618
3221 1618
3222 1618
3223 1619
3224 1619
3225 1619
3226 1619
3227 1620
3228 1620
3229 1620
3230 1620
3231 1620
3232 1620
3233 1620
3234 1620
3235 1620
3236 1620
3237 1620
3238 1620
3239 1620
3240 1620
3241 1620
3242 1620
3243 1620
3244 1620
3245 1620
3246 1620
3247 1620
3248 1620
3249 1620
3250 1620
3251 1620
3252 1620
3253 1620
3254 1620
3255 1620
3256 1620
3257 1620
3258 1620
3259 1620
3260 1620
3261 1620
3262 1620
3263 1620
3264 1620
3265 1620
3266 1620
3267 1620
3268 1620
3269 1620
3270 1620
3271 1620
3272 1620
3273 1621
3274 1621
3275 1621
3276 1622
3277 1623
3278 1623
3279 1623
3280 1623
3281 1624
3282 1624
3283 1624
3284 1624
3285 1624
3286 1624
3287 1624
3288 1624
3289 1624
3290 1624
3291 1624
3292 1624
3293 1624
3294 1624
3295 1624
3296 1624
3297 1624
3298 1624
3299 1625
3300 1625
3301 1625
3302 1625
3303 1626
3304 1626
3305 1626
3306 1626
3307 1626
3308 1626
3309 1626
3310 1626
3311 1626
3312 1626
3313 1626
3314 1626
3315 1626
3316 1626
3317 1626
3318 1626
3319 1626
3320 1626
3321 1626
3322 1626
3323 1626
3324 1626
3325 1626
3326 1626
3327 1627
3328 1627
3329 1627
3330 1627
3331 1628
3332 1628
3333 1628
3334 1628
3335 1628
3336 1628
3337 1628
3338 1628
3339 1628
3340 1628
3341 1628
3342 1628
3343 1628
3344 1628
3345 1628
3346 1628
3347 1627
3348 1627
3349 1627
3350 1627
3351 1626
3352 1626
3353 1626
3354 1626
3355 1626
3356 1626
3357 1626
3358 1626
3359 1626
3360 1626
3361 1626
3362 1626
3363 1626
3364 1626
3365 1626
3366 1626
3367 1626
3368 1626
3369 1626
3370 1626
3371 1626
3372 1626
3373 1626
3374 1626
3375 1626
3376 1626
3377 1626
3378 1626
3379 1626
3380 1626
3381 1626
3382 1626
3383 1625
3384 1625
3385 1625
3386 1625
3387 1624
3388 1624
3389 1624
3390 1624
3391 1623
3392 1623
3393 1623
3394 1623
3395 1622
3396 1622
3397 1622
3398 1622
3399 1622
3400 1622
3401 1622
3402 1622
3403 1622
3404 1622
3405 1621
3406 1621
3407 1621
3408 1621
3409 1620
3410 1620
3411 1619
3412 1619
3413 1619
3414 1619
3415 1618
3416 1618
3417 1618
3418 1618
3419 1618
3420 1618
3421 1618
3422 1618
3423 1617
3424 1617
3425 1617
3426 1617
3427 1616
3428 1616
3429 1616
3430 1616
3431 1616
3432 1616
3433 1617
3434 1617
3435 1617
3436 1617
3437 1618
3438 1618
3439 1618
3440 1618
3441 1617
3442 1617
3443 1617
3444 1617
3445 1616
3446 1616
3447 1616
3448 1616
3449 1617
3450 1617
3451 1617
3452 1617
3453 1618
3454 1618
3455 1618
3456 1618
3457 1618
3458 1618
3459 1619
3460 1619
3461 1619
3462 1619
3463 1620
3464 1620
3465 1621
3466 1621
3467 1621
3468 1621
3469 1622
3470 1622
3471 1623
3472 1623
3473 1623
3474 1623
3475 1624
3476 1624
3477 1624
3478 1624
3479 1625
3480 1625
3481 1625
3482 1626
3483 1627
3484 1627
3485 1627
3486 1627
3487 1628
3488 1628
3489 1629
3490 1629
3491 1629
3492 1629
3493 1630
3494 1630
3495 1630
3496 1630
3497 1630
3498 1630
3499 1630
3500 1630
3501 1630
3502 1630
3503 1630
3504 1630
3505 1630
3506 1630
3507 1630
3508 1630
3509 1630
3510 1630
3511 1630
3512 1630
3513 1630
3514 1630
3515 1630
3516 1630
3517 1630
3518 1630
3519 1630
3520 1630
3521 1630
3522 1630
3523 1629
3524 1629
3525 1629
3526 1629
3527 1628
3528 1628
3529 1628
3530 1628
3531 1628
3532 1628
3533 1628
3534 1628
3535 1628
3536 1628
3537 1628
3538 1628
3539 1627
3540 1627
3541 1627
3542 1627
3543 1626
3544 1626
3545 1625
3546 1625
3547 1625
3548 1625
3549 1624
3550 1623
3551 1623
3552 1623
3553 1622
3554 1622
3555 1622
3556 1622
3557 1622
3558 1622
3559 1622
3560 1622
3561 1622
3562 1622
3563 1621
3564 1621
3565 1621
3566 1621
3567 1620
3568 1620
3569 1620
3570 1620
3571 1620
3572 1620
3573 1620
3574 1620
3575 1620
3576 1620
3577 1620
3578 1620
3579 1620
3580 1620
3581 1620
3582 1620
3583 1620
3584 1620
3585 1620
3586 1620
3587 1620
3588 1620
3589 1621
3590 1621
3591 1621
3592 1621
3593 1622
3594 1622
3595 1622
3596 1622
3597 1623
3598 1623
3599 1623
3600 1624
3601 1625
3602 1625
3603 1626
3604 1626
3605 1627
3606 1627
3607 1628
3608 1628
3609 1628
3610 1628
3611 1628
3612 1628
3613 1629
3614 1629
3615 1629
3616 1629
3617 1630
3618 1630
3619 1630
3620 1630
3621 1630
3622 1630
3623 1630
3624 1630
3625 1630
3626 1630
3627 1629
3628 1629
3629 1629
3630 1629
3631 1628
3632 1628
3633 1628
3634 1628
3635 1628
3636 1628
3637 1628
3638 1628
3639 1628
3640 1628
3641 1628
3642 1628
3643 1628
3644 1628
3645 1628
3646 1628
3647 1629
3648 1629
3649 1629
3650 1629
3651 1630
3652 1630
3653 1630
3654 1630
3655 1630
3656 1630
3657 1631
3658 1631
3659 1631
3660 1631
3661 1632
3662 1632
3663 1632
3664 1632
3665 1632
3666 1632
3667 1633
3668 1633
3669 1633
3670 1633
3671 1634
3672 1634
3673 1634
3674 1634
3675 1634
3676 1634
3677 1634
3678 1634
3679 1635
3680 1635
3681 1635
3682 1635
3683 1636
3684 1636
3685 1636
3686 1636
3687 1636
3688 1636
3689 1636
3690 1636
3691 1636
3692 1636
3693 1635
3694 1635
3695 1635
3696 1635
3697 1634
3698 1634
3699 1634
3700 1634
3701 1634
3702 1634
3703 1634
3704 1634
3705 1634
3706 1634
3707 1634
3708 1634
3709 1635
3710 1635
3711 1635
3712 1635
3713 1636
3714 1636
3715 1636
3716 1636
3717 1636
3718 1636
3719 1636
3720 1636
3721 1636
3722 1636
3723 1635
3724 1635
3725 1635
3726 1635
3727 1634
3728 1634
3729 1634
3730 1634
3731 1634
3732 1634
3733 1634
3734 1634
3735 1634
3736 1634
3737 1634
3738 1634
3739 1634
3740 1634
3741 1633
3742 1633
3743 1633
3744 1633
3745 1632
3746 1632
3747 1632
3748 1632
3749 1632
3750 1632
3751 1632
3752 1632
3753 1632
3754 1632
3755 1632
3756 1632
3757 1631
3758 1631
3759 1631
3760 1631
3761 1630
3762 1630
3763 1630
3764 1630
3765 1630
3766 1630
3767 1630
3768 1630
3769 1630
3770 1630
3771 1630
3772 1630
3773 1630
3774 1630
3775 1629
3776 1629
3777 1629
3778 1629
3779 1628
3780 1628
3781 1628
3782 1628
3783 1628
3784 1628
3785 1628
3786 1628
3787 1628
3788 1628
3789 1628
3790 1628
3791 1628
3792 1628
3793 1627
3794 1627
3795 1627
3796 1627
3797 1626
3798 1626
3799 1625
3800 1625
3801 1625
3802 1625
3803 1624
3804 1624
3805 1624
3806 1624
3807 1624
3808 1624
3809 1623
3810 1623
3811 1623
3812 1623
3813 1622
3814 1622
3815 1622
3816 1622
3817 1622
3818 1622
3819 1622
3820 1622
3821 1621
3822 1621
3823 1621
3824 1621
3825 1620
3826 1620
3827 1619
3828 1619
3829 1619
3830 1619
3831 1618
3832 1618
3833 1618
3834 1618
3835 1618
3836 1618
3837 1617
3838 1617
3839 1617
3840 1617
3841 1616
3842 1615
3843 1615
3844 1615
3845 1614
3846 1613
3847 1613
3848 1613
3849 1612
3850 1611
3851 1611
3852 1611
3853 1610
3854 1609
3855 1609
3856 1609
3857 1608
3858 1607
3859 1607
3860 1607
3861 1606
3862 1606
3863 1605
3864 1605
3865 1605
3866 1605
3867 1604
3868 1603
3869 1603
3870 1603
3871 1602
3872 1602
3873 1601
3874 1601
3875 1600
3876 1600
3877 1599
3878 1599
3879 1598
3880 1598
3881 1597
3882 1597
3883 1596
3884 1596
3885 1595
3886 1595
3887 1594
3888 1594
3889 1593
3890 1593
3891 1593
3892 1593
3893 1592
3894 1591
3895 1591
3896 1591
3897 1590
3898 1589
3899 1589
3900 1589
3901 1588
3902 1588
3903 1588
3904 1588
3905 1588
3906 1588
3907 1588
3908 1588
3909 1587
3910 1587
3911 1587
3912 1587
3913 1586
3914 1585
3915 1585
3916 1585
3917 1584
3918 1584
3919 1584
3920 1584
3921 1584
3922 1584
3923 1584
3924 1584
3925 1584
3926 1584
3927 1584
3928 1584
3929 1583
3930 1583
3931 1583
3932 1583
3933 1582
3934 1582
3935 1582
3936 1582
3937 1582
3938 1582
3939 1582
3940 1582
3941 1582
3942 1582
3943 1582
3944 1582
3945 1582
3946 1582
3947 1582
3948 1582
3949 1582
3950 1582
3951 1582
3952 1582
3953 1582
3954 1582
3955 1582
3956 1582
3957 1582
3958 1582
3959 1582
3960 1582
3961 1582
3962 1582
3963 1582
3964 1582
3965 1582
3966 1582
3967 1582
3968 1582
3969 1582
3970 1582
3971 1582
3972 1582
3973 1582
3974 1582
3975 1582
3976 1582
3977 1582
3978 1582
3979 1582
3980 1582
3981 1582
3982 1582
3983 1581
3984 1581
3985 1581
3986 1581
3987 1580
3988 1580
3989 1580
3990 1580
3991 1580
3992 1580
3993 1580
3994 1580
3995 1580
3996 1580
3997 1580
3998 1580
3999 1580
4000 1580
4001 1580
4002 1580
4003 1580
4004 1580
4005 1580
4006 1580
4007 1580
4008 1580
4009 1580
4010 1580
4011 1580
4012 1580
4013 1580
4014 1580
4015 1580
4016 1580
4017 1580
4018 1580
4019 1580
4020 1580
4021 1580
4022 1580
4023 1580
4024 1580
4025 1580
4026 1580
4027 1579
4028 1579
4029 1579
4030 1579
4031 1578
4032 1578
4033 1578
4034 1578
4035 1578
4036 1578
4037 1578
4038 1578
4039 1578
4040 1578
4041 1578
4042 1578
4043 1577
4044 1577
4045 1577
4046 1577
4047 1576
4048 1576
4049 1576
4050 1576
4051 1575
4052 1575
4053 1575
4054 1575
4055 1574
4056 1574
4057 1574
4058 1574
4059 1574
4060 1574
4061 1573
4062 1573
4063 1573
4064 1573
4065 1572
4066 1571
4067 1570
4068 1570
4069 1569
4070 1569
4071 1568
4072 1568
4073 1567
4074 1567
4075 1567
4076 1567
4077 1566
4078 1565
4079 1564
4080 1564
4081 1563
4082 1563
4083 1562
4084 1561
4085 1561
4086 1561
4087 1560
4088 1560
4089 1559
4090 1559
4091 1559
4092 1559
4093 1558
4094 1557
4095 1556
4096 1556
4097 1555
4098 1555
4099 1554
4100 1553
4101 1553
4102 1553
4103 1552
4104 1551
4105 1551
4106 1551
4107 1550
4108 1550
4109 1550
4110 1550
4111 1550
4112 1550
4113 1549
4114 1549
4115 1549
4116 1549
4117 1548
4118 1548
4119 1548
4120 1548
4121 1548
4122 1548
4123 1548
4124 1548
4125 1548
4126 1548
4127 1548
4128 1548
4129 1548
4130 1548
4131 1549
4132 1549
4133 1549
4134 1549
4135 1550
4136 1550
4137 1550
4138 1550
4139 1550
4140 1550
4141 1550
4142 1550
4143 1550
4144 1550
4145 1550
4146 1550
4147 1549
4148 1549
4149 1549
4150 1549
4151 1548
4152 1548
4153 1548
4154 1548
4155 1548
4156 1548
4157 1548
4158 1548
4159 1548
4160 1548
4161 1548
4162 1548
4163 1548
4164 1548
4165 1548
4166 1548
4167 1548
4168 1548
4169 1547
4170 1547
4171 1547
4172 1547
4173 1546
4174 1546
4175 1546
4176 1546
4177 1546
4178 1546
4179 1546
4180 1546
4181 1545
4182 1545
4183 1545
4184 1545
4185 1544
4186 1544
4187 1544
4188 1544
4189 1544
4190 1544
4191 1543
4192 1543
4193 1543
4194 1543
4195 1542
4196 1542
4197 1542
4198 1542
4199 1541
4200 1541
4201 1541
4202 1541
4203 1540
4204 1539
4205 1539
4206 1539
4207 1538
4208 1538
4209 1537
4210 1537
4211 1537
4212 1537
4213 1536
4214 1536
4215 1535
4216 1535
4217 1535
4218 1535
4219 1534
4220 1534
4221 1534
4222 1534
4223 1534
4224 1534
4225 1533
4226 1533
4227 1533
4228 1533
4229 1532
4230 1532
4231 1531
4232 1531
4233 1531
4234 1531
4235 1530
4236 1530
4237 1530
4238 1530
4239 1529
4240 1529
4241 1529
4242 1529
4243 1528
4244 1527
4245 1527
4246 1527
4247 1526
4248 1526
4249 1526
4250 1526
4251 1526
4252 1526
4253 1526
4254 1526
4255 1526
4256 1526
4257 1525
4258 1525
4259 1525
4260 1525
4261 1524
4262 1524
4263 1524
4264 1524
4265 1523
4266 1523
4267 1523
4268 1523
4269 1522
4270 1521
4271 1521
4272 1521
4273 1520
4274 1520
4275 1520
4276 1520
4277 1519
4278 1519
4279 1519
4280 1519
4281 1518
4282 1518
4283 1518
4284 1518
4285 1517
4286 1517
4287 1517
4288 1517
4289 1516
4290 1516
4291 1515
4292 1515
4293 1515
4294 1515
4295 1514
4296 1514
4297 1513
4298 1513
4299 1513
4300 1513
4301 1512
4302 1512
4303 1512
4304 1512
4305 1511
4306 1511
4307 1511
4308 1511
4309 1510
4310 1509
4311 1509
4312 1509
4313 1508
4314 1508
4315 1508
4316 1508
4317 1508
4318 1508
4319 1508
4320 1508
4321 1507
4322 1507
4323 1507
4324 1507
4325 1506
4326 1506
4327 1506
4328 1506
4329 1505
4330 1505
4331 1505
4332 1505
4333 1504
4334 1503
4335 1503
4336 1503
4337 1502
4338 1501
4339 1501
4340 1501
4341 1500
4342 1500
4343 1500
4344 1500
4345 1500
4346 1500
4347 1500
4348 1500
4349 1500
4350 1500
4351 1500
4352 1500
4353 1499
4354 1499
4355 1499
4356 1499
4357 1498
4358 1497
4359 1497
4360 1497
4361 1496
4362 1496
4363 1495
4364 1495
4365 1495
4366 1495
4367 1494
4368 1493
4369 1493
4370 1493
4371 1492
4372 1492
4373 1492
4374 1492
4375 1491
4376 1491
4377 1491
4378 1491
4379 1490
4380 1490
4381 1489
4382 1489
4383 1489
4384 1489
4385 1488
4386 1488
4387 1487
4388 1487
4389 1486
4390 1486
4391 1485
4392 1485
4393 1484
4394 1484
4395 1484
4396 1484
4397 1484
4398 1484
4399 1483
4400 1483
4401 1483
4402 1483
4403 1482
4404 1481
4405 1481
4406 1481
4407 1480
4408 1480
4409 1479
4410 1479
4411 1479
4412 1479
4413 1478
4414 1478
4415 1477
4416 1477
4417 1477
4418 1477
4419 1476
4420 1476
4421 1476
4422 1476
4423 1475
4424 1475
4425 1475
4426 1475
4427 1474
4428 1474
4429 1474
4430 1474
4431 1473
4432 1473
4433 1473
4434 1473
4435 1472
4436 1472
4437 1472
4438 1472
4439 1472
4440 1472
4441 1471
4442 1471
4443 1471
4444 1471
4445 1470
4446 1470
4447 1470
4448 1470
4449 1469
4450 1469
4451 1469
4452 1469
4453 1468
4454 1468
4455 1467
4456 1467
4457 1467
4458 1467
4459 1466
4460 1465
4461 1465
4462 1465
4463 1464
4464 1463
4465 1462
4466 1461
4467 1461
4467 1460
4468 1459
4469 1459
4469 1458
4470 1457
4471 1457
4472 1456
4473 1455
4474 1455
4475 1454
4476 1453
4477 1453
4478 1453
4479 1452
4480 1451
4481 1451
4482 1451
4483 1450
4484 1449
4485 1449
4486 1449
4487 1448
4488 1448
4489 1447
4490 1447
4491 1447
4492 1447
4493 1446
4494 1446
4495 1446
4496 1446
4497 1446
4498 1446
4499 1446
4500 1446
4501 1446
4502 1446
4503 1445
4504 1445
4505 1444
4506 1444
4507 1443
4508 1443
4509 1442
4510 1442
4511 1441
4512 1441
4513 1440
4514 1440
4515 1439
4516 1439
4517 1438
4518 1438
4519 1437
4520 1437
4521 1436
4522 1436
4523 1435
4524 1435
4525 1434
4526 1434
4527 1434
4528 1434
4529 1433
4530 1433
4531 1433
4532 1433
4533 1432
4534 1431
4535 1430
4536 1429
4537 1429
4538 1428
4539 1427
4540 1427
4541 1426
4542 1425
4543 1425
4544 1425
4545 1424
4546 1424
4547 1423
4548 1423
4549 1423
4550 1423
4551 1422
4552 1422
4553 1421
4554 1421
4555 1420
4556 1420
4557 1419
4558 1419
4559 1418
4560 1418
4561 1417
4562 1417
4563 1417
4564 1417
4565 1416
4566 1416
4567 1415
4568 1415
4569 1415
4570 1415
4571 1414
4572 1414
4573 1414
4574 1414
4575 1414
4576 1414
4577 1414
4578 1414
4579 1414
4580 1414
4581 1413
4582 1413
4583 1413
4584 1413
4585 1412
4586 1411
4587 1410
4588 1410
4589 1409
4590 1409
4591 1408
4592 1408
4593 1408
4594 1408
4595 1408
4596 1408
4597 1407
4598 1407
4599 1406
4600 1405
4601 1405
4602 1404
4603 1403
4604 1403
4605 1402
4606 1402
4607 1401
4608 1401
4609 1401
4610 1401
4611 1400
4612 1399
4613 1399
4614 1399
4615 1398
4616 1397
4617 1397
4618 1397
4619 1396
4620 1396
4621 1396
4622 1396
4623 1395
4624 1395
4625 1394
4626 1393
4627 1393
4628 1392
4629 1391
4630 1391
4631 1390
4632 1389
4633 1388
4634 1388
4635 1387
4636 1387
4637 1386
4638 1385
4639 1385
4640 1385
4641 1384
4642 1383
4643 1383
4644 1383
4645 1382
4646 1382
4647 1381
4648 1381
4649 1381
4650 1381
4651 1380
4652 1379
4653 1379
4654 1379
4655 1378
4656 1377
4657 1377
4658 1377
4659 1376
4660 1376
4661 1375
4662 1375
4663 1374
4664 1374
4665 1373
4666 1373
4667 1372
4668 1371
4669 1370
4670 1370
4671 1369
4672 1369
4673 1368
4674 1368
4675 1367
4676 1367
4677 1366
4678 1365
4679 1365
4679 1364
4680 1363
4681 1363
4681 1362
4682 1361
4683 1361
4684 1360
4685 1359
4686 1359
4687 1358
4688 1357
4689 1356
4690 1356
4691 1355
4692 1355
4693 1354
4694 1354
4695 1353
4696 1353
4697 1353
4698 1353
4699 1352
4700 1351
4701 1350
4702 1349
4703 1349
4703 1348
4704 1347
4705 1347
4705 1346
4706 1345
4707 1345
4707 1344
4708 1343
4709 1343
4709 1342
4710 1341
4711 1341
4711 1340
4712 1339
4713 1339
4713 1338
4714 1337
4715 1337
4715 1336
4716 1335
4717 1335
4718 1334
4719 1333
4720 1333
4721 1332
4722 1332
4723 1331
4724 1331
4725 1331
4726 1331
4727 1330
4728 1329
4729 1329
4730 1329
4731 1328
4732 1328
4733 1327
4734 1327
4735 1327
4736 1327
4737 1326
4738 1325
4739 1325
4740 1325
4741 1324
4742 1324
4743 1324
4744 1324
4745 1323
4746 1323
4747 1323
4748 1323
4749 1322
4750 1321
4751 1321
4752 1321
4753 1320
4754 1320
4755 1319
4756 1319
4757 1319
4758 1319
4759 1318
4760 1317
4761 1316
4762 1316
4763 1315
4764 1315
4765 1314
4766 1314
4767 1313
4768 1313
4769 1313
4770 1313
4771 1312
4772 1312
4773 1311
4774 1311
4775 1311
4776 1311
4777 1310
4778 1309
4779 1308
4780 1307
4781 1307
4782 1306
4783 1305
4784 1305
4785 1304
4786 1304
4787 1304
4788 1304
4789 1304
4790 1304
4791 1303
4792 1303
4793 1303
4794 1303
4795 1302
4796 1302
4797 1302
4798 1302
4799 1301
4800 1301
4801 1301
4802 1301
4803 1300
4804 1300
4805 1300
4806 1300
4807 1300
4808 1300
4809 1300
4810 1300
4811 1300
4812 1300
4813 1299
4814 1299
4815 1299
4816 1299
4817 1298
4818 1298
4819 1298
4820 1298
4821 1298
4822 1298
4823 1298
4824 1298
4825 1297
4826 1297
4827 1297
4828 1297
4829 1296
4830 1296
4831 1295
4832 1295
4833 1295
4834 1295
4835 1294
4836 1294
4837 1294
4838 1294
4839 1294
4840 1294
4841 1293
4842 1293
4843 1293
4844 1293
4845 1292
4846 1292
4847 1291
4848 1291
4849 1291
4850 1291
4851 1290
4852 1290
4853 1290
4854 1290
4855 1289
4856 1289
4857 1289
4858 1289
4859 1288
4860 1287
4861 1287
4862 1287
4863 1286
4864 1285
4865 1285
4866 1285
4867 1284
4868 1284
4869 1283
4870 1283
4871 1283
4872 1283
4873 1282
4874 1281
4875 1280
4876 1280
4877 1279
4878 1279
4879 1278
4880 1278
4881 1277
4882 1277
4883 1277
4884 1277
4885 1276
4886 1276
4887 1275
4888 1275
4889 1275
4890 1275
4891 1274
4892 1274
4893 1274
4894 1274
4895 1274
4896 1274
4897 1274
4898 1274
4899 1274
4900 1274
4901 1273
4902 1273
4903 1273
4904 1273
4905 1272
4906 1272
4907 1271
4908 1271
4909 1270
4910 1269
4911 1269
4911 1268
4912 1267
4913 1267
4914 1266
4915 1265
4916 1265
4917 1264
4918 1264
4919 1263
4920 1263
4921 1262
4922 1262
4923 1261
4924 1261
4925 1260
4926 1259
4927 1259
4928 1259
4929 1258
4930 1257
4931 1257
4932 1257
4933 1256
4934 1255
4935 1254
4936 1254
4937 1253
4938 1253
4939 1252
4940 1252
4941 1252
4942 1252
4943 1252
4944 1252
4945 1251
4946 1251
4947 1251
4948 1251
4949 1250
4950 1250
4951 1250
4952 1250
4953 1250
4954 1250
4955 1249
4956 1249
4957 1249
4958 1249
4959 1248
4960 1248
4961 1248
4962 1248
4963 1248
4964 1248
4965 1247
4966 1247
4967 1247
4968 1247
4969 1246
4970 1245
4971 1244
4972 1244
4973 1243
4974 1243
4975 1242
4976 1242
4977 1241
4978 1241
4979 1241
4980 1241
4981 1240
4982 1240
4983 1239
4984 1239
4985 1239
4986 1239
4987 1238
4988 1238
4989 1238
4990 1238
4991 1238
4992 1238
4993 1237
4994 1237
4995 1237
4996 1237
4997 1236
4998 1236
4999 1236
5000 1236
5001 1235
5002 1235
5003 1235
5004 1235
5005 1234
5006 1234
5007 1234
5008 1234
5009 1234
5010 1234
5011 1234
5012 1234
5013 1234
5014 1234
5015 1234
5016 1234
5017 1235
5018 1235
5019 1235
5020 1235
5021 1236
5022 1236
5023 1236
5024 1236
5025 1236
5026 1236
5027 1236
5028 1236
5029 1236
5030 1236
5031 1236
5032 1236
5033 1235
5034 1235
5035 1234
5036 1234
5037 1233
5038 1233
5039 1232
5040 1231
5041 1231
5042 1231
5043 1230
5044 1229
5045 1229
5046 1229
5047 1228
5048 1227
5049 1227
5050 1227
5051 1226
5052 1225
5053 1225
5054 1225
5055 1224
5056 1224
5057 1223
5058 1223
5059 1223
5060 1223
5061 1222
5062 1221
5063 1221
5064 1221
5065 1220
5066 1219
5067 1219
5068 1219
5069 1218
5070 1218
5071 1217
5072 1217
5073 1217
5074 1217
5075 1216
5076 1216
5077 1216
5078 1216
5079 1216
5080 1216
5081 1216
5082 1216
5083 1215
5084 1215
5085 1215
5086 1215
5087 1214
5088 1214
5089 1213
5090 1213
5091 1213
5092 1213
5093 1212
5094 1211
5095 1210
5096 1209
5097 1209
5097 1208
5098 1207
5099 1207
5099 1206
5100 1205
5101 1205
5101 1204
5102 1203
5103 1202
5103 1201
5104 1200
5104 1199
5104 1198
5104 1197
5104 1196
5104 1195
5105 1194
5105 1193
5105 1192
5105 1191
5106 1190
5106 1189
5107 1188
5107 1187
5107 1186
5107 1185
5108 1184
5108 1183
5108 1182
5108 1181
5108 1180
5108 1179
5108 1178
5108 1177
5108 1176
5108 1175
5108 1174
5108 1173
5108 1172
5108 1171
5108 1170
5108 1169
5108 1168
5108 1167
5108 1166
5108 1165
5108 1164
5108 1163
5109 1162
5109 1161
5110 1160
5111 1159
5112 1158
5113 1157
5114 1157
5115 1156
5116 1155
5117 1154
5118 1153
5119 1152
5120 1151
5121 1150
5121 1149
5122 1148
5123 1147
5123 1146
5124 1145
5125 1145
5125 1144
5126 1143
5127 1143
5127 1142
5128 1141
5129 1141
5130 1140
5131 1139
5132 1139
5133 1138
5134 1137
5135 1136
5135 1135
5136 1134
5136 1133
5137 1132
5137 1131
5137 1130
5137 1129
5138 1128
5138 1127
5139 1126
5139 1125
5139 1124
5140 1123
5141 1122
5141 1121
5142 1120
5142 1119
5143 1118
5144 1117
5145 1116
5145 1115
5145 1114
5146 1113
5147 1112
5147 1111
5148 1110
5148 1109
5149 1108
5150 1107
5151 1106
5151 1105
5151 1104
5152 1103
5153 1102
5153 1101
5154 1100
5155 1099
5155 1098
5156 1097
5157 1097
5157 1096
5158 1095
5159 1095
5159 1094
5160 1093
5161 1093
5161 1092
5162 1091
5163 1091
5163 1090
5164 1089
5165 1089
5165 1088
5166 1087
5167 1087
5168 1086
5169 1085
5170 1085
5171 1084
5172 1083
5173 1083
5174 1083
5175 1082
5176 1081
5177 1080
5178 1080
5179 1079
5180 1079
5181 1078
5182 1077
5183 1077
5184 1077
5185 1076
5186 1075
5187 1075
5188 1075
5189 1074
5190 1073
5191 1073
5192 1073
5193 1072
5194 1071
5195 1071
5196 1071
5197 1070
5198 1069
5199 1068
5200 1067
5201 1067
5202 1066
5203 1065
5204 1065
5205 1064
5206 1064
5207 1063
5208 1063
5209 1062
5210 1061
5211 1061
5212 1060
5213 1059
5214 1059
5215 1058
5216 1057
5217 1056
5218 1055
5219 1055
5219 1054
5220 1053
5221 1053
5221 1052
5222 1051
5223 1051
5224 1050
5225 1049
5226 1048
5227 1047
5228 1046
5228 1045
5229 1044
5229 1043
5229 1042
5229 1041
5230 1040
5230 1039
5230 1038
5230 1037
5230 1036
5230 1035
5230 1034
5230 1033
5231 1032
5231 1031
5231 1030
5231 1029
5232 1028
5232 1027
5232 1026
5232 1025
5232 1024
5232 1023
5232 1022
5232 1021
5232 1020
5232 1019
5232 1018
5232 1017
5232 1016
5232 1015
5232 1014
5232 1013
5231 1012
5231 1011
5231 1010
5231 1009
5230 1008
5230 1007
5230 1006
5230 1005
5230 1004
5230 1003
5230 1002
5230 1001
5230 1000
5230 999
5230 998
5230 997
5230 996
5230 995
5230 994
5230 993
5229 992
5229 991
5229 990
5229 989
5228 988
5228 987
5228 986
5228 985
5228 984
5228 983
5228 982
5228 981
5227 980
5227 979
5227 978
5227 977
5226 976
5226 975
5225 974
5225 973
5225 972
5225 971
5224 970
5223 969
5223 968
5223 967
5222 966
5222 965
5222 964
5222 963
5221 962
5221 961
5221 960
5221 959
5220 958
5220 957
5219 956
5219 955
5219 954
5219 953
5218 952
5218 951
5218 950
5218 949
5218 948
5218 947
5218 946
5218 945
5217 944
5217 943
5217 942
5217 941
5216 940
5216 939
5216 938
5216 937
5215 936
5215 935
5215 934
5215 933
5214 932
5214 931
5214 930
5214 929
5214 928
5214 927
5214 926
5214 925
5214 924
5214 923
5214 922
5214 921
5214 920
5214 919
5213 918
5213 917
5213 916
5213 915
5212 914
5212 913
5212 912
5212 911
5211 910
5211 909
5211 908
5211 907
5210 906
5209 905
5209 904
5209 903
5208 902
5208 901
5207 900
5207 899
5207 898
5207 897
5206 896
5206 895
5206 894
5206 893
5205 892
5205 891
5205 890
5205 889
5204 888
5204 887
5203 886
5203 885
5203 884
5203 883
5202 882
5202 881
5202 880
5202 879
5202 878
5202 877
5202 876
5202 875
5202 874
5202 873
5201 872
5201 871
5201 870
5201 869
5200 868
5200 867
5200 866
5200 865
5199 864
5199 863
5198 862
5198 861
5197 860
5197 859
5196 858
5195 857
5195 856
5195 855
5194 854
5193 853
5193 852
5193 851
5192 850
5191 849
5191 848
5191 847
5190 846
5190 845
5189 844
5189 843
5188 842
5187 841
5187 840
5186 840
5185 839
5185 838
5184 837
5183 836
5183 835
5182 834
5182 833
5182 832
5182 831
5182 830
5182 829
5182 828
5182 827
5182 826
5182 825
5182 824
5182 823
5182 822
5182 821
5182 820
5182 819
5182 818
5182 817
5182 816
5182 815
5182 814
5182 813
5182 812
5182 811
5182 810
5182 809
5182 808
5182 807
5182 806
5182 805
5182 804
5182 803
5182 802
5182 801
5182 800
5182 799
5181 798
5181 797
5180 796
5179 795
5179 794
5178 794
5177 793
5177 792
5176 791
5175 790
5175 789
5174 788
5173 787
5173 786
5173 785
5172 784
5171 783
5170 782
5169 781
5168 780
5167 780
5166 780
5165 779
5164 778
5163 778
5162 777
5161 776
5160 775
5159 774
5159 773
5158 772
5157 771
5156 770
5155 769
5154 768
5153 767
5152 766
5151 766
5150 765
5149 764
5149 763
5148 762
5147 761
5146 760
5145 759
5145 758
5144 758
5143 757
5143 756
5142 755
5141 754
5141 753
5140 752
5140 751
5139 750
5139 749
5139 748
5139 747
5138 746
5138 745
5137 744
5137 743
5137 742
5137 741
5136 740
5135 739
5135 738
5135 737
5134 736
5134 735
5133 734
5133 733
5133 732
5133 731
5132 730
5132 729
5132 728
5132 727
5132 726
5132 725
5133 724
5133 723
5134 722
5134 721
5135 720
5135 719
5136 718
5136 717
5136 716
5136 715
5136 714
5136 713
5136 712
5136 711
5135 710
5135 709
5135 708
5135 707
5134 706
5134 705
5134 704
5134 703
5134 702
5134 701
5134 700
5134 699
5134 698
5134 697
5133 696
5133 695
5133 694
5133 693
5132 692
5132 691
5132 690
5132 689
5131 688
5131 687
5130 686
5129 685
5129 684
5128 683
5127 682
5127 681
5126 680
5126 679
5126 678
5126 677
5126 676
5126 675
5126 674
5126 673
5126 672
5126 671
5125 670
5125 669
5124 668
5123 668
5122 667
5121 667
5120 666
5119 666
5118 665
5117 664
5116 664
5115 663
5115 662
5114 662
5113 661
5112 660
5111 659
5110 658
5109 658
5108 658
5107 657
5106 656
5105 656
5104 655
5103 654
5103 653
5102 652
5102 651
5101 650
5101 649
5100 648
5099 648
5098 647
5097 647
5096 646
5095 646
5094 645
5093 644
5093 643
5092 642
5092 641
5092 640
5092 639
5091 638
5091 637
5090 636
5089 635
5089 634
5088 634
5087 633
5086 632
5085 632
5084 631
5083 631
5082 631
5081 631
5080 630
5079 630
5078 629
5077 628
5076 628
5075 627
5075 626
5074 625
5073 624
5072 623
5071 622
5070 621
5069 621
5068 621
5067 621
5066 621
5065 621
5064 620
5063 620
5062 620
5061 619
5060 618
5059 618
5058 618
5057 618
5056 617
5055 617
5054 617
5053 617
5052 616
5051 616
5050 615
5049 614
5048 614
5047 613
5046 612
5045 611
5044 610
5043 610
5042 610
5041 610
5040 609
5039 609
5038 609
5037 609
5036 609
5035 609
5034 609
5033 609
5032 609
5031 609
5030 609
5029 609
5028 608
5027 608
5026 608
5025 607
5024 606
5023 606
5022 607
5021 607
5020 606
5019 606
5018 606
5017 606
5016 606
5015 605
5014 604
5013 604
5012 604
5011 604
5010 603
5009 603
5008 602
5007 602
5006 601
5005 601
5004 600
5003 600
5002 599
5001 599
5000 598
4999 598
4998 597
4997 597
4996 596
4995 596
4994 595
4993 595
4992 594
4991 594
4990 593
4989 592
4988 591
4987 590
4986 589
4985 589
4984 588
4983 588
4982 587
4981 586
4981 585
4980 584
4979 583
4978 582
4977 582
4976 581
4975 581
4974 581
4973 581
4972 581
4971 581
4970 580
4969 580
4968 580
4967 579
4966 578
4965 578
4964 577
4963 576
4962 576
4961 575
4961 574
4960 574
4959 573
4959 572
4958 572
4957 571
4956 570
4955 570
4954 569
4953 569
4952 568
4951 568
4950 568
4949 567
4948 566
4947 566
4946 566
4945 566
4944 565
4943 565
4942 565
4941 565
4940 565
4939 565
4938 566
4937 566
4936 566
4935 566
4934 567
4933 567
4932 567
4931 567
4930 567
4929 567
4928 566
4927 566
4926 566
4925 566
4924 566
4923 566
4922 567
4921 567
4920 568
4919 568
4918 569
4917 569
4916 569
4915 569
4914 569
4913 569
4912 569
4911 569
4910 569
4909 569
4908 569
4907 569
4906 568
4905 568
4904 568
4903 568
4902 567
4901 567
4900 567
4899 567
4898 566
4897 566
4896 566
4895 566
4894 565
4893 565
4892 565
4891 565
4890 564
4889 564
4888 563
4887 563
4886 562
4885 562
4884 561
4883 561
4882 560
4881 560
4880 559
4879 558
4878 558
4877 557
4877 556
4876 556
4875 555
4875 554
4874 554
4873 553
4873 552
4872 552
4871 551
4870 550
4869 549
4868 548
4867 548
4866 547
4865 546
4864 546
4863 545
4862 544
4861 544
4860 544
4859 544
4858 544
4857 544
4856 545
4855 545
4854 545
4853 545
4852 545
4851 545
4850 544
4849 544
4848 544
4847 543
4846 542
4845 542
4844 541
4843 541
4842 540
4841 540
4840 539
4839 539
4838 538
4837 538
4836 538
4835 538
4834 537
4833 537
4832 537
4831 537
4830 537
4829 537
4828 537
4827 537
4826 537
4825 537
4824 537
4823 537
4822 536
4821 536
4820 535
4819 534
4818 534
4817 533
4817 532
4816 532
4815 531
4814 530
4813 529
4812 528
4811 527
4810 526
4809 525
4808 524
4807 524
4806 523
4805 523
4804 523
4803 523
4802 522
4801 522
4800 522
4799 522
4798 521
4797 521
4796 521
4795 521
4794 521
4793 521
4792 520
4791 520
4790 520
4789 520
4788 519
4787 519
4786 518
4785 518
4784 518
4783 518
4782 517
4781 517
4780 517
4779 517
4778 517
4777 517
4776 516
4775 516
4774 516
4773 515
4772 514
4771 514
4770 514
4769 514
4768 513
4767 513
4766 513
4765 513
4764 513
4763 513
4762 513
4761 513
4760 513
4759 513
4758 513
4757 513
4756 513
4755 513
4754 513
4753 513
4752 512
4751 512
4750 511
4749 511
4748 510
4747 510
4746 509
4745 509
4744 509
4743 509
4742 509
4741 509
4740 509
4739 509
4738 509
4737 509
4736 509
4735 509
4734 509
4733 509
4732 509
4731 509
4730 509
4729 509
4728 509
4727 509
4726 508
4725 508
4724 507
4723 507
4722 506
4721 506
4720 505
4719 505
4718 505
4717 505
4716 505
4715 505
4714 505
4713 505
4712 505
4711 505
4710 505
4709 505
4708 504
4707 504
4706 504
4705 503
4704 502
4703 502
4702 502
4701 501
4700 500
4699 500
4698 500
4697 500
4696 499
4695 499
4694 499
4693 499
4692 500
4691 500
4690 500
4689 500
4688 500
4687 500
4686 500
4685 500
4684 499
4683 499
4682 499
4681 499
4680 499
4679 499
4678 500
4677 500
4676 501
4675 502
4674 502
4673 503
4672 504
4671 504
4670 505
4669 505
4668 505
4667 505
4666 505
4665 505
4664 505
4663 505
4662 505
4661 505
4660 505
4659 505
4658 505
4657 505
4656 505
4655 505
4654 505
4653 505
4652 506
4651 506
4650 506
4649 506
4648 507
4647 507
4646 507
4645 507
4644 507
4643 507
4642 507
4641 507
4640 507
4639 507
4638 507
4637 507
4636 507
4635 507
4634 507
4633 507
4632 507
4631 507
4630 507
4629 507
4628 507
4627 507
4626 507
4625 507
4624 507
4623 507
4622 507
4621 507
4620 507
4619 507
4618 507
4617 507
4616 507
4615 507
4614 507
4613 507
4612 507
4611 507
4610 507
4609 507
4608 506
4607 506
4606 506
4605 506
4604 505
4603 505
4602 505
4601 505
4600 505
4599 505
4598 505
4597 505
4596 505
4595 505
4594 505
4593 505
4592 505
4591 505
4590 505
4589 505
4588 504
4587 504
4586 504
4585 504
4584 503
4583 503
4582 503
4581 503
4580 502
4579 502
4578 501
4577 501
4576 500
4575 499
4574 498
4573 498
4572 498
4571 498
4570 497
4569 497
4568 497
4567 497
4566 497
4565 497
4564 497
4563 497
4562 497
4561 497
4560 497
4559 497
4558 497
4557 497
4556 497
4555 497
4554 497
4553 497
4552 497
4551 497
4550 497
4549 497
4548 497
4547 497
4546 497
4545 497
4544 497
4543 497
4542 497
4541 497
4540 497
4539 497
4538 497
4537 497
4536 497
4535 497
4534 497
4533 497
4532 498
4531 498
4530 498
4529 498
4528 499
4527 499
4526 499
4525 499
4524 499
4523 499
4522 499
4521 499
4520 499
4519 499
4518 499
4517 499
4516 499
4515 499
4514 499
4513 499
4512 499
4511 499
4510 498
4509 498
4508 498
4507 498
4506 497
4505 497
4504 497
4503 497
4502 497
4501 497
4500 497
4499 497
4498 496
4497 496
4496 496
4495 496
4494 495
4493 495
4492 495
4491 495
4490 495
4489 495
4488 495
4487 495
4486 495
4485 495
4484 495
4483 495
4482 495
4481 495
4480 495
4479 495
4478 495
4477 495
4476 495
4475 495
4474 495
4473 495
4472 494
4471 494
4470 494
4469 494
4468 493
4467 493
4466 493
4465 493
4464 493
4463 493
4462 493
4461 493
4460 493
4459 493
4458 493
4457 493
4456 493
4455 493
4454 493
4453 493
4452 492
4451 492
4450 492
4449 492
4448 491
4447 491
4446 491
4445 491
4444 491
4443 491
4442 491
4441 491
4440 491
4439 491
4438 491
4437 491
4436 491
4435 491
4434 492
4433 492
4432 492
4431 492
4430 493
4429 493
4428 492
4427 492
4426 492
4425 492
4424 491
4423 491
4422 491
4421 491
4420 491
4419 491
4418 491
4417 491
4416 492
4415 492
4414 492
4413 492
4412 493
4411 494
4410 494
4409 494
4408 495
4407 495
4406 495
4405 495
4404 496
4403 496
4402 496
4401 496
4400 497
4399 497
4398 498
4397 498
4396 498
4395 498
4394 499
4393 499
4392 499
4391 499
4390 499
4389 499
4388 499
4387 499
4386 500
4385 500
4384 500
4383 500
4382 501
4381 501
4380 501
4379 501
4378 502
4377 502
4376 502
4375 502
4374 503
4373 503
4372 503
4371 503
4370 504
4369 504
4368 504
4367 504
4366 505
4365 505
4364 504
4363 504
4362 504
4361 504
4360 503
4359 503
4358 503
4357 503
4356 503
4355 503
4354 503
4353 503
4352 503
4351 503
4350 503
4349 503
4348 503
4347 503
4346 503
4345 503
4344 503
4343 503
4342 503
4341 503
4340 503
4339 503
4338 503
4337 503
4336 503
4335 503
4334 503
4333 503
4332 503
4331 503
4330 504
4329 504
4328 504
4327 504
4326 505
4325 505
4324 505
4323 505
4322 506
4321 506
4320 506
4319 506
4318 507
4317 507
4316 507
4315 507
4314 507
4313 507
4312 507
4311 507
4310 507
4309 507
4308 507
4307 507
4306 507
4305 507
4304 507
4303 507
4302 507
4301 507
4300 507
4299 507
4298 507
4297 507
4296 508
4295 508
4294 508
4293 508
4292 509
4291 509
4290 510
4289 510
4288 511
4287 511
4286 512
4285 512
4284 513
4283 513
4282 513
4281 513
4280 513
4279 513
4278 513
4277 513
4276 513
4275 513
4274 513
4273 513
4272 514
4271 514
4270 515
4269 515
4268 516
4267 516
4266 517
4265 517
4264 518
4263 518
4262 518
4261 518
4260 519
4259 519
4258 519
4257 519
4256 519
4255 519
4254 518
4253 518
4252 518
4251 518
4250 517
4249 517
4248 517
4247 517
4246 517
4245 517
4244 517
4243 517
4242 517
4241 517
4240 517
4239 517
4238 517
4237 517
4236 517
4235 517
4234 517
4233 517
4232 516
4231 516
4230 516
4229 516
4228 515
4227 515
4226 515
4225 515
4224 515
4223 515
4222 516
4221 516
4220 516
4219 516
4218 517
4217 517
4216 517
4215 517
4214 517
4213 517
4212 518
4211 518
4210 519
4209 520
4208 520
4207 521
4206 522
4205 522
4204 523
4203 523
4202 523
4201 523
4200 524
4199 524
4198 524
4197 524
4196 525
4195 526
4194 526
4193 526
4192 527
4191 527
4190 528
4189 528
4188 528
4187 528
4186 529
4185 529
4184 529
4183 529
4182 529
4181 529
4180 529
4179 529
4178 529
4177 529
4176 529
4175 529
4174 529
4173 529
4172 529
4171 529
4170 530
4169 530
4168 530
4167 530
4166 531
4165 531
4164 531
4163 531
4162 531
4161 531
4160 531
4159 531
4158 530
4157 530
4156 530
4155 530
4154 529
4153 529
4152 529
4151 529
4150 529
4149 529
4148 529
4147 529
4146 529
4145 529
4144 529
4143 529
4142 529
4141 529
4140 528
4139 528
4138 528
4137 528
4136 527
4135 527
4134 526
4133 526
4132 525
4131 524
4130 524
4129 523
4129 522
4128 522
4127 521
4126 520
4125 520
4124 519
4123 519
4122 518
4121 518
4120 517
4119 516
4118 516
4117 515
4117 514
4116 513
4115 512
4115 511
4114 510
4113 509
4112 508
4112 507
4111 506
4111 505
4110 504
4110 503
4109 502
4109 501
4108 500
4108 499
4107 498
4107 497
4106 496
4106 495
4105 494
4105 493
4105 492
4105 491
4104 490
4103 489
4103 488
4103 487
4102 486
4102 485
4102 484
4102 483
4102 482
4102 481
4101 480
4101 479
4101 478
4101 477
4100 476
4100 475
4099 474
4099 473
4099 472
4099 471
4098 470
4097 469
4097 468
4097 467
4096 466
4095 465
4094 464
4093 463
4093 462
4092 461
4091 460
4091 459
4090 458
4089 457
4089 456
4089 455
4088 454
4087 453
4087 452
4087 451
4086 450
4085 449
4085 448
4085 447
4084 446
4084 445
4083 444
4083 443
4083 442
4083 441
4082 440
4081 439
4080 438
4079 437
4078 436
4077 436
4076 436
4075 436
4074 435
4073 435
4072 435
4071 435
4070 435
4069 435
4068 435
4067 435
4066 435
4065 435
4064 434
4063 434
4062 434
4061 433
4060 432
4059 432
4058 432
4057 432
4056 431
4055 431
4054 431
4053 431
4052 431
4051 431
4050 431
4049 431
4048 431
4047 431
4046 431
4045 431
4044 431
4043 431
4042 431
4041 431
4040 431
4039 431
4038 431
4037 431
4036 431
4035 431
4034 431
4033 431
4032 431
4031 431
4030 431
4029 431
4028 431
4027 431
4026 431
4025 431
4024 431
4023 431
4022 432
4021 432
4020 432
4019 432
4018 433
4017 433
4016 433
4015 433
4014 433
4013 433
4012 433
4011 433
4010 433
4009 433
4008 432
4007 432
4006 431
4005 431
4004 430
4003 430
4002 429
4001 429
