750 1731
749 1732
748 1732
748 1733
747 1734
746 1735
745 1736
745 1737
745 1738
744 1739
744 1740
744 1741
744 1742
744 1743
744 1744
744 1745
743 1746
743 1747
743 1748
742 1749
742 1750
742 1751
742 1752
742 1753
743 1754
743 1755
743 1756
744 1757
744 1758
744 1759
744 1760
744 1761
744 1762
745 1763
745 1764
745 1765
746 1766
747 1767
747 1768
748 1769
748 1770
748 1771
749 1772
749 1773
749 1774
750 1775
751 1776
752 1777
753 1777
754 1777
755 1777
756 1777
757 1776
758 1776
759 1775
760 1774
761 1773
762 1772
763 1771
764 1771
765 1771
766 1771
767 1770
768 1770
769 1770
770 1769
771 1769
772 1769
773 1768
774 1768
775 1768
776 1768
777 1768
778 1767
779 1767
780 1766
781 1766
782 1766
783 1766
784 1766
785 1766
786 1766
787 1765
788 1765
789 1764
790 1764
790 1763
791 1762
792 1761
792 1760
793 1759
794 1758
794 1757
795 1756
795 1755
795 1754
796 1753
796 1752
796 1751
796 1750
796 1749
795 1748
795 1747
795 1746
795 1745
794 1744
794 1743
794 1742
793 1741
793 1740
793 1739
792 1738
791 1738
790 1737
789 1737
788 1736
787 1736
786 1736
785 1736
784 1735
783 1735
782 1735
781 1734
780 1734
779 1734
778 1734
777 1734
776 1734
775 1734
774 1734
773 1734
772 1734
771 1733
770 1733
769 1733
768 1733
767 1733
766 1732
765 1732
764 1732
763 1732
762 1732
761 1732
760 1732
759 1732
758 1731
757 1731
756 1731
755 1731
754 1731
753 1731
752 1731
751 1731
750 1731
