350 1666
349 1667
348 1667
347 1668
346 1669
345 1669
344 1669
343 1670
342 1670
341 1671
340 1672
339 1672
338 1673
337 1673
336 1673
335 1674
334 1674
333 1675
332 1675
331 1676
330 1677
329 1677
328 1678
327 1678
326 1679
325 1679
324 1679
323 1680
322 1680
321 1680
320 1680
319 1680
318 1680
317 1680
316 1680
315 1680
314 1680
313 1680
312 1680
311 1681
310 1682
309 1682
308 1682
307 1682
306 1682
305 1682
304 1682
303 1682
302 1682
301 1682
300 1681
299 1681
298 1681
297 1681
296 1681
295 1680
294 1680
293 1680
292 1680
291 1680
290 1680
289 1680
288 1680
287 1680
286 1680
285 1680
284 1680
283 1680
282 1680
281 1680
280 1680
279 1680
278 1681
277 1681
276 1681
275 1681
274 1681
273 1681
272 1681
271 1681
270 1681
269 1681
268 1681
267 1681
266 1682
265 1682
264 1682
263 1683
262 1683
261 1683
260 1683
259 1684
258 1684
257 1684
256 1684
255 1685
254 1685
253 1686
252 1686
251 1687
250 1688
249 1688
248 1689
247 1689
246 1689
245 1690
244 1690
243 1690
242 1690
241 1690
240 1690
239 1690
238 1690
237 1690
236 1690
235 1691
234 1692
233 1692
232 1692
231 1693
230 1693
229 1693
228 1694
227 1694
226 1695
225 1695
224 1695
223 1696
222 1697
221 1698
220 1699
219 1700
218 1701
217 1701
216 1702
215 1702
214 1703
213 1703
212 1704
211 1704
210 1704
209 1704
208 1703
207 1703
206 1703
205 1703
204 1703
203 1703
202 1704
201 1704
200 1705
199 1705
198 1706
197 1707
196 1708
195 1708
194 1708
193 1709
192 1709
191 1710
190 1711
190 1712
189 1713
189 1714
188 1715
187 1715
187 1716
186 1717
185 1718
184 1719
184 1720
184 1721
183 1722
183 1723
183 1724
183 1725
183 1726
183 1727
183 1728
183 1729
183 1730
183 1731
183 1732
184 1733
185 1734
186 1735
187 1736
188 1737
189 1738
190 1738
191 1738
192 1739
193 1740
194 1741
195 1742
196 1743
197 1744
198 1745
199 1746
199 1747
200 1748
200 1749
201 1750
202 1751
203 1752
204 1753
205 1754
206 1755
207 1755
208 1756
209 1757
210 1758
211 1758
212 1759
213 1759
214 1759
215 1759
216 1759
217 1759
218 1759
219 1759
220 1759
221 1760
222 1760
223 1761
223 1762
224 1763
224 1764
225 1765
226 1766
227 1767
228 1767
229 1768
230 1769
231 1769
232 1769
233 1769
234 1769
235 1769
236 1769
237 1770
238 1770
239 1770
240 1771
241 1771
242 1771
243 1771
244 1771
245 1772
246 1772
247 1772
248 1772
249 1773
250 1773
251 1773
252 1773
253 1773
254 1773
255 1773
256 1773
257 1773
258 1773
259 1773
260 1773
261 1773
262 1773
263 1773
264 1773
265 1773
266 1773
267 1773
268 1773
269 1773
270 1774
271 1774
272 1775
273 1776
274 1776
275 1777
276 1777
277 1777
278 1777
279 1777
280 1777
281 1777
282 1776
283 1776
284 1776
285 1776
286 1776
287 1776
288 1777
289 1777
290 1777
291 1777
292 1777
293 1777
294 1777
295 1777
296 1777
297 1777
298 1777
299 1777
300 1777
301 1777
302 1778
303 1779
304 1779
305 1779
306 1779
307 1779
308 1779
309 1780
310 1780
311 1780
312 1781
313 1781
314 1781
315 1781
316 1782
317 1782
318 1782
319 1782
320 1782
321 1782
322 1782
323 1782
324 1782
325 1783
326 1783
327 1783
328 1783
329 1783
330 1783
331 1783
332 1783
333 1783
334 1783
335 1783
336 1784
337 1784
338 1784
339 1784
340 1784
341 1784
342 1784
343 1784
344 1784
345 1784
346 1784
347 1784
348 1785
349 1784
350 1784
351 1784
352 1783
353 1783
354 1783
355 1783
356 1782
357 1782
358 1782
359 1782
360 1782
361 1782
362 1782
363 1781
364 1781
365 1780
366 1780
367 1779
368 1779
369 1779
370 1778
371 1777
372 1777
373 1777
374 1777
375 1776
376 1776
377 1776
378 1775
379 1774
380 1773
381 1773
382 1772
383 1772
384 1772
385 1772
386 1772
387 1772
388 1773
389 1773
390 1773
391 1773
392 1773
393 1773
394 1773
395 1772
396 1772
397 1771
398 1771
399 1771
400 1771
401 1771
402 1771
403 1771
404 1771
405 1771
406 1771
407 1770
408 1770
409 1769
410 1768
411 1768
412 1767
413 1766
414 1766
415 1766
416 1766
417 1766
418 1766
419 1766
420 1765
421 1765
422 1765
423 1764
424 1764
425 1763
426 1762
427 1761
428 1760
429 1759
429 1758
430 1757
431 1756
432 1755
433 1754
434 1754
435 1753
436 1752
436 1751
436 1750
437 1749
437 1748
438 1747
438 1746
439 1745
439 1744
440 1743
441 1742
441 1741
442 1740
443 1739
443 1738
444 1737
445 1736
446 1735
447 1734
448 1733
448 1732
448 1731
449 1730
449 1729
449 1728
450 1727
450 1726
451 1725
451 1724
451 1723
451 1722
451 1721
451 1720
451 1719
451 1718
451 1717
451 1716
451 1715
451 1714
451 1713
450 1712
450 1711
449 1710
449 1709
448 1708
448 1707
447 1706
446 1705
445 1705
444 1704
443 1703
442 1702
441 1701
440 1700
439 1699
439 1698
438 1697
437 1696
436 1695
436 1694
435 1693
435 1692
434 1691
434 1690
433 1689
432 1688
432 1687
431 1686
430 1685
429 1685
428 1684
427 1684
426 1684
425 1683
424 1683
423 1683
422 1682
421 1682
420 1682
419 1682
418 1681
417 1681
416 1681
415 1681
414 1681
413 1680
412 1680
411 1680
410 1679
409 1679
408 1678
407 1678
406 1677
405 1676
404 1676
403 1675
402 1675
401 1675
400 1675
399 1675
398 1675
397 1674
396 1674
395 1673
394 1673
393 1673
392 1672
391 1672
390 1672
389 1672
388 1672
387 1672
386 1672
385 1672
384 1672
383 1671
382 1671
381 1671
380 1671
379 1671
378 1671
377 1671
376 1671
375 1671
374 1671
373 1671
372 1671
371 1671
370 1671
369 1671
368 1671
367 1671
366 1671
365 1670
364 1670
363 1669
362 1669
361 1669
360 1669
359 1668
358 1668
357 1667
356 1666
355 1666
354 1666
353 1666
352 1666
351 1666
350 1666
