440 174
439 175
438 175
437 175
436 175
435 175
434 175
433 175
432 175
431 175
430 175
429 175
428 175
427 175
426 175
425 175
424 175
423 175
422 176
421 176
420 176
419 176
418 176
417 176
416 177
415 178
414 179
413 180
412 181
411 181
410 182
409 182
408 182
407 182
406 182
405 182
404 183
403 183
402 184
401 184
401 185
400 186
400 187
400 188
399 189
399 190
399 191
399 192
399 193
400 194
400 195
400 196
401 197
401 198
401 199
402 200
402 201
402 202
402 203
403 204
404 205
405 205
406 206
407 207
408 208
409 209
409 210
410 211
410 212
411 213
412 213
413 214
414 215
415 215
416 216
417 217
418 217
419 217
420 217
421 217
422 217
423 217
424 217
425 217
426 217
427 217
428 217
429 217
430 217
431 217
432 217
433 217
434 217
435 217
436 217
437 217
438 217
439 217
440 217
441 217
442 218
443 218
444 217
445 217
446 217
447 217
448 217
449 217
450 216
451 216
452 216
453 216
454 216
455 217
456 217
457 216
458 216
459 216
460 215
461 215
461 214
461 213
461 212
461 211
461 210
461 209
461 208
461 207
462 206
462 205
463 204
463 203
463 202
464 201
464 200
465 199
465 198
466 197
466 196
467 195
468 194
469 193
470 192
471 191
472 190
473 189
473 188
473 187
472 186
471 185
470 184
469 183
468 183
467 182
466 181
465 181
464 180
463 179
462 179
461 178
460 177
459 177
458 176
457 176
456 176
455 176
454 175
453 175
452 175
451 175
450 175
449 175
448 174
447 174
446 174
445 174
444 174
443 174
442 174
441 174
440 174
