374 924
373 925
372 925
371 925
370 925
369 926
368 926
367 926
366 927
365 927
364 927
363 928
362 928
361 928
360 928
359 928
358 928
357 928
356 927
355 927
354 927
353 927
352 928
351 928
350 928
349 928
348 928
347 928
346 928
345 928
344 928
343 928
342 929
341 929
340 929
339 930
338 930
337 930
336 930
335 930
334 930
333 931
332 932
331 932
330 933
329 933
328 934
327 933
326 934
325 934
324 934
323 935
322 935
321 936
320 936
319 936
318 937
317 937
316 937
316 938
315 939
315 940
315 941
315 942
316 943
317 943
318 944
319 945
320 945
321 945
322 945
323 945
324 945
325 945
326 946
327 946
328 946
329 947
330 947
331 947
332 946
333 946
334 947
335 947
336 947
337 948
338 948
339 948
340 948
341 948
342 948
343 949
344 949
345 950
346 950
347 950
348 951
349 951
350 951
351 952
352 952
353 952
354 952
355 952
356 953
357 954
358 954
359 954
360 954
361 954
362 954
363 955
364 955
365 955
366 955
367 955
368 955
369 955
370 956
371 956
372 956
373 956
374 957
375 957
376 958
377 958
378 958
379 958
380 958
381 958
382 958
383 958
384 957
385 956
386 955
387 954
388 953
389 952
389 951
390 950
390 949
390 948
391 947
392 946
392 945
393 944
393 943
393 942
394 941
394 940
394 939
394 938
394 937
394 936
395 935
395 934
396 933
396 932
396 931
395 930
394 929
393 928
392 927
391 927
390 926
389 926
388 926
387 925
386 925
385 925
384 924
383 924
382 924
381 924
380 924
379 924
378 924
377 924
376 924
375 924
374 924
