917 584
916 585
915 585
914 585
915 586
915 587
916 588
916 589
916 590
916 591
916 592
917 593
917 594
917 595
917 596
917 597
917 598
917 599
918 600
919 601
920 602
921 602
922 603
922 604
923 605
924 606
924 607
925 608
925 609
926 610
926 611
926 612
927 613
928 614
929 614
930 615
931 616
932 616
933 617
934 617
935 618
936 618
937 618
938 618
939 618
940 619
941 619
942 619
943 619
944 619
945 620
946 620
947 620
948 620
949 620
950 620
951 621
952 621
953 621
954 621
955 620
956 620
957 620
958 620
959 620
960 620
961 620
962 620
963 620
964 620
965 620
966 619
967 619
968 619
969 619
970 619
971 618
972 618
973 618
974 618
975 617
976 617
977 617
978 616
979 615
980 615
981 614
982 613
983 613
984 612
985 612
986 612
987 611
988 610
989 609
990 608
991 607
992 606
992 605
992 604
992 603
992 602
992 601
992 600
992 599
992 598
991 597
991 596
990 595
989 595
988 594
987 594
986 594
985 594
984 594
983 593
982 593
981 593
980 592
979 592
978 592
977 592
976 592
975 592
974 592
973 592
972 592
971 592
970 592
969 591
968 591
967 591
966 591
965 591
964 591
963 591
962 591
961 591
960 591
959 591
958 591
957 591
956 591
955 591
954 591
953 591
952 591
951 591
950 591
949 590
948 590
947 590
946 590
945 590
944 589
943 589
942 589
941 589
940 589
939 589
938 589
937 589
936 589
935 588
934 588
933 588
932 588
931 587
930 587
929 587
928 586
927 586
926 586
925 586
924 586
923 586
922 586
921 586
920 586
919 585
918 585
917 584
