324 58
323 59
322 59
321 59
320 59
319 59
318 59
317 59
316 59
315 59
314 59
313 59
312 59
311 59
310 59
309 59
308 59
307 59
306 60
305 60
304 60
303 61
302 61
301 61
300 61
299 61
298 61
297 61
296 61
295 61
294 61
293 61
292 61
291 61
290 61
289 61
288 61
287 61
286 61
285 61
284 61
283 61
282 61
281 61
280 60
279 61
278 61
277 62
276 62
275 63
274 63
273 63
272 63
271 64
270 65
269 65
268 66
267 66
266 66
265 66
264 66
263 66
262 65
261 65
260 66
259 66
258 66
257 66
256 66
255 66
254 66
253 66
252 66
251 67
250 67
249 68
248 68
247 68
246 68
245 68
244 69
243 69
242 70
241 70
240 70
239 70
238 70
237 70
236 70
235 70
234 70
233 70
232 70
231 69
230 69
229 70
228 70
227 70
226 70
225 70
224 70
223 70
222 70
221 71
220 71
219 72
218 72
217 72
216 72
215 72
214 72
213 72
212 73
211 73
210 73
209 73
208 73
207 73
206 73
205 73
204 73
203 72
202 72
201 72
200 72
199 72
198 72
197 72
196 72
195 72
194 72
193 71
192 71
191 71
190 71
189 70
188 70
187 70
186 69
185 69
184 69
183 69
182 69
181 69
180 69
179 69
178 69
177 69
176 69
175 69
174 69
173 69
172 69
171 69
170 69
169 69
168 69
167 69
166 69
165 69
164 69
163 69
162 69
161 69
160 69
159 69
158 69
157 69
156 70
156 71
155 72
154 72
153 73
152 73
151 73
150 73
149 73
148 74
147 75
146 76
145 76
144 77
143 77
142 77
141 77
140 77
139 77
138 77
137 77
136 78
135 78
134 79
133 79
132 79
131 79
130 80
129 80
128 81
127 81
126 82
125 82
124 83
123 84
122 85
121 86
120 86
119 87
118 87
117 87
116 87
115 87
114 87
113 87
112 88
111 88
110 89
109 89
108 89
107 89
106 89
105 90
104 90
103 91
102 91
101 92
100 92
99 92
98 93
97 93
96 94
95 94
94 94
93 94
92 94
91 94
90 94
89 95
88 95
87 96
86 96
85 97
84 97
83 98
82 98
81 99
80 100
79 101
78 102
77 102
76 103
76 104
75 105
74 106
73 107
72 107
71 108
71 109
70 110
69 111
69 112
68 113
68 114
68 115
68 116
67 117
67 118
66 119
66 120
66 121
65 122
65 123
65 124
64 125
64 126
64 127
63 128
63 129
63 130
63 131
63 132
63 133
63 134
63 135
63 136
64 137
64 138
64 139
65 140
65 141
66 142
67 142
68 143
69 143
70 143
71 143
72 144
73 144
74 144
75 144
76 144
77 144
78 145
79 145
80 146
81 147
82 147
83 148
84 148
85 148
86 148
87 148
88 148
89 148
90 149
91 149
92 149
93 149
94 149
95 150
96 150
97 151
98 151
99 151
100 152
101 152
102 152
103 153
104 153
105 153
106 153
107 153
108 153
109 153
110 153
111 153
112 154
113 154
114 154
115 155
116 155
117 155
118 155
119 155
120 155
121 155
122 155
123 155
124 155
125 155
126 155
127 155
128 155
129 155
130 155
131 156
132 156
133 156
134 157
135 157
136 157
137 158
138 157
139 157
140 157
141 157
142 158
143 158
144 159
145 160
146 161
147 161
148 162
149 162
150 162
151 163
152 163
153 164
154 165
155 166
156 167
157 168
158 169
159 170
159 171
160 172
160 173
161 174
162 175
163 175
164 175
165 175
166 175
167 175
168 176
169 176
170 176
171 176
172 176
173 176
174 176
175 176
176 176
177 176
178 176
179 176
180 176
181 176
182 176
183 176
184 176
185 176
186 176
187 177
188 177
189 177
190 177
191 177
192 177
193 177
194 177
195 177
196 177
197 177
198 177
199 178
200 178
201 179
202 179
203 180
204 180
205 181
206 182
207 183
208 184
209 185
210 186
211 187
212 187
213 188
214 188
215 189
216 189
217 190
218 190
219 190
220 190
221 191
222 191
223 191
224 191
225 191
226 191
227 191
228 191
229 191
230 192
231 192
232 192
233 192
234 192
235 192
236 192
237 193
238 193
239 193
240 193
241 193
242 193
243 193
244 193
245 193
246 193
247 193
248 193
249 193
250 193
251 193
252 193
253 194
254 194
255 194
256 194
257 195
258 195
259 195
260 195
261 195
262 195
263 195
264 195
265 195
266 195
267 195
268 195
269 195
270 195
271 195
272 196
273 196
274 196
275 197
276 197
277 198
278 198
279 199
280 199
281 200
282 201
283 201
284 202
285 202
286 203
287 203
288 204
289 204
290 205
291 205
292 205
293 205
294 206
295 206
296 206
297 207
298 207
299 207
300 207
301 208
302 208
303 208
304 209
305 209
306 210
307 210
308 211
309 211
310 211
311 211
312 211
313 211
314 211
315 210
316 210
317 210
318 210
319 210
320 210
321 210
322 211
323 211
324 211
325 211
326 211
327 212
328 212
329 212
330 212
331 212
332 212
333 212
334 212
335 212
336 212
337 212
338 212
339 212
340 212
341 212
342 212
343 212
344 211
345 211
346 210
347 210
348 210
349 210
350 210
351 210
352 210
353 211
354 211
355 211
356 211
357 211
358 211
359 211
360 211
361 212
362 212
363 212
364 212
365 212
366 211
367 211
368 211
369 211
370 211
371 210
372 210
373 209
374 208
375 207
376 206
377 205
378 204
379 204
380 203
381 203
382 203
383 202
384 202
385 201
386 200
387 199
388 198
388 197
389 196
389 195
390 194
391 193
392 192
393 191
394 190
395 189
396 188
397 187
398 186
399 185
400 185
401 185
402 184
403 183
404 183
405 182
405 181
406 180
407 179
408 178
408 177
409 176
409 175
409 174
410 173
411 172
412 171
413 170
414 169
414 168
415 167
416 166
416 165
417 164
418 163
419 162
420 161
421 161
422 160
423 159
424 159
425 158
426 158
427 157
428 157
429 156
430 155
431 154
431 153
431 152
432 151
432 150
432 149
432 148
432 147
432 146
432 145
432 144
432 143
432 142
432 141
433 140
433 139
433 138
433 137
433 136
433 135
433 134
433 133
432 132
431 131
431 130
430 129
430 128
430 127
430 126
430 125
429 124
429 123
429 122
428 121
428 120
427 119
427 118
427 117
426 116
426 115
425 114
425 113
424 112
424 111
423 110
423 109
423 108
423 107
422 106
422 105
421 104
421 103
421 102
420 101
420 100
419 99
418 99
417 99
416 99
415 98
414 97
413 96
412 95
412 94
411 93
410 92
409 92
408 92
407 91
406 91
405 90
405 89
405 88
404 87
403 86
403 85
402 84
402 83
402 82
402 81
402 80
402 79
402 78
402 77
402 76
402 75
402 74
403 73
403 72
403 71
403 70
403 69
403 68
404 67
404 66
403 65
403 64
402 63
402 62
401 61
401 60
400 59
399 58
398 58
397 58
396 58
395 58
394 58
393 58
392 58
391 58
390 58
389 58
388 58
387 58
386 58
385 58
384 58
383 58
382 58
381 58
380 58
379 58
378 58
377 58
376 58
375 58
374 58
373 58
372 58
371 58
370 58
369 59
368 59
367 59
366 59
365 59
364 59
363 59
362 59
361 59
360 59
359 59
358 59
357 59
356 59
355 59
354 59
353 59
352 59
351 59
350 59
349 59
348 59
347 59
346 59
345 58
344 58
343 58
342 58
341 58
340 58
339 58
338 58
337 58
336 58
335 58
334 58
333 58
332 58
331 58
330 58
329 58
328 58
327 58
326 58
325 58
324 58
