315 2304
314 2305
313 2305
312 2305
311 2305
310 2305
309 2305
308 2305
307 2306
306 2307
305 2307
304 2308
303 2309
302 2310
301 2310
300 2311
299 2312
298 2313
297 2314
296 2315
295 2316
294 2316
293 2317
292 2318
291 2319
290 2320
289 2321
288 2322
287 2323
286 2324
285 2324
284 2325
283 2326
282 2327
281 2327
280 2328
279 2329
278 2329
277 2329
276 2330
275 2330
274 2330
273 2330
272 2330
271 2330
270 2330
269 2330
268 2330
267 2331
266 2331
265 2331
264 2331
263 2332
262 2332
261 2333
260 2334
259 2335
258 2336
258 2337
258 2338
258 2339
258 2340
258 2341
258 2342
258 2343
258 2344
258 2345
258 2346
259 2347
260 2348
261 2349
262 2350
263 2351
264 2352
265 2352
266 2353
266 2354
267 2354
268 2355
269 2356
270 2356
271 2356
272 2356
273 2356
274 2356
275 2357
276 2357
277 2357
278 2358
279 2358
280 2359
281 2359
282 2359
283 2360
284 2360
285 2360
286 2360
287 2361
288 2361
289 2362
290 2362
291 2362
292 2362
293 2362
294 2362
295 2362
296 2362
297 2362
298 2362
299 2362
300 2362
301 2362
302 2363
303 2363
304 2363
305 2364
306 2364
307 2364
308 2365
309 2365
310 2366
311 2367
312 2368
313 2369
314 2369
315 2369
316 2370
317 2370
318 2370
319 2370
320 2370
321 2371
322 2371
323 2371
324 2371
325 2372
326 2372
327 2372
328 2372
329 2372
330 2372
331 2372
332 2372
333 2371
334 2371
335 2371
336 2371
337 2371
338 2371
339 2371
340 2371
341 2371
342 2371
343 2371
344 2371
345 2371
346 2370
347 2370
348 2369
349 2368
350 2367
351 2366
352 2365
353 2364
354 2364
355 2363
356 2362
357 2361
358 2360
359 2359
359 2358
359 2357
360 2356
360 2355
360 2354
360 2353
360 2352
361 2351
361 2350
361 2349
361 2348
361 2347
361 2346
361 2345
361 2344
361 2343
361 2342
361 2341
362 2340
362 2339
362 2338
363 2337
364 2336
364 2335
364 2334
364 2333
364 2332
363 2331
363 2330
363 2329
362 2328
361 2327
360 2326
360 2325
359 2324
358 2323
357 2322
356 2322
355 2321
354 2320
353 2320
352 2319
351 2319
350 2318
349 2318
348 2317
347 2317
346 2316
345 2316
344 2315
343 2314
342 2314
341 2313
340 2312
339 2311
338 2310
337 2309
336 2308
335 2308
334 2308
333 2308
332 2308
331 2307
330 2307
329 2307
328 2306
327 2306
326 2307
325 2307
324 2307
323 2307
322 2307
321 2307
320 2306
319 2305
318 2305
317 2304
316 2304
315 2304
