283 814
282 815
281 815
280 815
279 816
278 816
277 816
276 816
275 816
274 816
273 816
272 816
271 816
270 816
269 817
268 817
267 817
266 817
265 817
264 817
263 817
262 817
261 817
260 817
259 817
258 817
257 817
256 818
255 818
254 818
253 818
252 819
251 819
250 819
249 819
248 819
247 820
246 820
245 820
244 821
243 821
242 821
241 822
240 822
239 822
238 823
237 823
236 824
235 824
234 825
233 825
232 826
231 826
230 826
229 826
228 827
227 828
226 829
225 829
224 829
223 829
222 829
221 830
220 830
219 830
218 831
217 831
216 831
215 832
214 832
213 832
212 832
211 832
210 832
209 833
208 833
207 834
206 834
205 834
204 834
203 835
202 835
201 835
200 836
199 836
198 836
197 837
196 837
195 838
194 838
193 839
192 839
191 840
191 841
191 842
191 843
191 844
191 845
191 846
190 847
190 848
190 849
189 850
189 851
190 852
190 853
190 854
191 855
191 856
192 857
193 858
194 859
195 860
196 861
197 862
198 862
199 863
200 863
201 863
202 863
203 863
204 863
205 863
206 863
207 863
208 863
209 863
210 863
211 864
212 864
213 865
214 865
215 866
216 866
217 866
218 867
219 867
220 868
221 868
222 868
223 869
224 869
225 869
226 870
227 871
228 871
229 872
230 871
231 871
232 871
233 871
234 870
235 870
236 870
237 871
238 870
239 870
240 870
241 870
242 869
243 869
244 869
245 869
246 868
247 868
248 868
249 868
250 868
251 868
252 867
253 867
254 867
255 867
256 867
257 867
258 867
259 867
260 866
261 866
262 866
263 866
264 866
265 866
266 866
267 866
268 866
269 866
270 866
271 866
272 866
273 866
274 866
275 866
276 866
277 866
278 866
279 866
280 866
281 866
282 866
283 866
284 866
285 866
286 866
287 866
288 866
289 866
290 866
291 866
292 866
293 866
294 867
295 867
296 867
297 867
298 867
299 867
300 867
301 867
302 867
303 867
304 867
305 867
306 867
307 867
308 867
309 867
310 867
311 867
312 868
313 868
314 868
315 868
316 868
317 868
318 868
319 868
320 868
321 868
322 868
323 868
324 868
325 868
326 868
327 868
328 868
329 868
330 869
331 869
332 870
333 870
334 870
335 870
336 871
337 871
338 871
339 871
340 872
341 872
342 872
343 872
344 872
345 872
346 873
347 873
348 873
349 873
350 873
351 873
352 873
353 873
354 873
355 872
356 872
357 872
358 872
359 872
360 872
361 872
362 872
363 872
364 872
365 872
366 872
367 872
368 871
369 871
370 871
371 870
372 870
373 869
374 868
375 867
376 866
377 865
378 864
379 863
380 862
380 861
381 860
381 859
381 858
382 857
383 856
383 855
383 854
384 853
384 852
384 851
384 850
384 849
384 848
384 847
384 846
384 845
384 844
383 843
383 842
383 841
383 840
383 839
382 838
381 837
381 836
380 835
380 834
379 833
378 832
377 831
376 830
375 829
374 828
373 828
372 828
371 827
370 826
369 825
368 825
367 824
366 824
365 824
364 823
363 823
362 823
361 822
360 822
359 822
358 822
357 821
356 821
355 820
354 820
353 820
352 819
351 819
350 819
349 819
348 819
347 818
346 818
345 818
344 818
343 818
342 818
341 818
340 818
339 818
338 818
337 817
336 817
335 817
334 817
333 817
332 817
331 817
330 817
329 817
328 817
327 816
326 816
325 816
324 816
323 816
322 816
321 816
320 815
319 815
318 815
317 814
316 814
315 814
314 814
313 814
312 814
311 814
310 814
309 814
308 814
307 814
306 814
305 814
304 814
303 814
302 814
301 814
300 814
299 814
298 814
297 814
296 814
295 814
294 814
293 814
292 814
291 814
290 814
289 814
288 814
287 814
286 814
285 814
284 814
283 814
