1516 2130
1515 2131
1514 2131
1513 2132
1512 2132
1511 2133
1511 2134
1510 2135
1509 2136
1509 2137
1509 2138
1509 2139
1509 2140
1509 2141
1509 2142
1508 2143
1508 2144
1507 2145
1507 2146
1507 2147
1506 2148
1506 2149
1506 2150
1506 2151
1505 2152
1505 2153
1505 2154
1505 2155
1505 2156
1505 2157
1505 2158
1505 2159
1505 2160
1505 2161
1505 2162
1505 2163
1505 2164
1505 2165
1505 2166
1505 2167
1505 2168
1505 2169
1505 2170
1505 2171
1505 2172
1505 2173
1505 2174
1505 2175
1505 2176
1506 2177
1506 2178
1506 2179
1507 2180
1507 2181
1508 2182
1508 2183
1508 2184
1508 2185
1508 2186
1508 2187
1508 2188
1508 2189
1508 2190
1508 2191
1508 2192
1508 2193
1508 2194
1508 2195
1508 2196
1508 2197
1508 2198
1508 2199
1507 2200
1507 2201
1507 2202
1506 2203
1506 2204
1506 2205
1506 2206
1506 2207
1506 2208
1506 2209
1506 2210
1506 2211
1505 2212
1505 2213
1505 2214
1505 2215
1505 2216
1505 2217
1505 2218
1505 2219
1505 2220
1505 2221
1505 2222
1505 2223
1505 2224
1505 2225
1505 2226
1505 2227
1505 2228
1505 2229
1505 2230
1505 2231
1505 2232
1505 2233
1505 2234
1505 2235
1505 2236
1505 2237
1505 2238
1506 2239
1506 2240
1506 2241
1506 2242
1507 2243
1507 2244
1508 2245
1509 2246
1510 2247
1510 2248
1511 2249
1511 2250
1512 2251
1513 2252
1514 2253
1515 2254
1516 2255
1516 2256
1517 2257
1517 2258
1517 2259
1518 2260
1518 2261
1518 2262
1518 2263
1519 2264
1520 2265
1521 2266
1522 2267
1522 2268
1523 2269
1523 2270
1524 2271
1525 2272
1526 2273
1527 2274
1528 2275
1529 2276
1530 2277
1531 2278
1532 2279
1533 2279
1534 2280
1535 2281
1536 2281
1537 2282
1538 2283
1539 2284
1540 2285
1541 2286
1542 2287
1543 2288
1544 2289
1545 2290
1546 2291
1547 2292
1548 2293
1549 2294
1550 2295
1551 2296
1552 2297
1553 2298
1553 2299
1554 2300
1554 2301
1555 2302
1556 2303
1557 2303
1558 2304
1559 2305
1560 2305
1561 2306
1562 2306
1563 2307
1564 2308
1565 2308
1566 2309
1567 2309
1568 2310
1569 2310
1570 2310
1571 2310
1572 2310
1573 2310
1574 2310
1575 2309
1576 2309
1577 2308
1578 2308
1579 2308
1580 2307
1581 2306
1582 2306
1583 2305
1584 2305
1585 2304
1586 2303
1587 2303
1588 2302
1589 2301
1590 2300
1591 2299
1592 2298
1593 2297
1594 2297
1595 2297
1596 2296
1597 2295
1598 2295
1599 2294
1600 2293
1601 2293
1602 2293
1603 2293
1604 2293
1605 2293
1606 2293
1607 2293
1608 2293
1609 2294
1610 2294
1611 2295
1612 2295
1613 2295
1614 2295
1615 2295
1616 2295
1617 2295
1618 2295
1619 2294
1620 2293
1621 2292
1622 2291
1623 2290
1624 2289
1624 2288
1625 2287
1626 2286
1627 2285
1628 2284
1629 2283
1630 2282
1631 2281
1632 2280
1633 2279
1633 2278
1633 2277
1634 2276
1635 2275
1635 2274
1635 2273
1636 2272
1636 2271
1636 2270
1636 2269
1636 2268
1636 2267
1636 2266
1636 2265
1637 2264
1637 2263
1637 2262
1638 2261
1639 2260
1639 2259
1640 2258
1640 2257
1641 2256
1642 2255
1643 2254
1644 2253
1645 2252
1646 2251
1647 2250
1648 2249
1649 2248
1650 2247
1651 2246
1652 2245
1653 2244
1654 2243
1654 2242
1655 2241
1655 2240
1655 2239
1655 2238
1656 2237
1656 2236
1656 2235
1657 2234
1657 2233
1657 2232
1657 2231
1657 2230
1658 2229
1658 2228
1658 2227
1659 2226
1659 2225
1659 2224
1660 2223
1660 2222
1660 2221
1661 2220
1661 2219
1661 2218
1662 2217
1662 2216
1662 2215
1663 2214
1663 2213
1663 2212
1663 2211
1663 2210
1663 2209
1663 2208
1663 2207
1662 2206
1662 2205
1662 2204
1661 2203
1661 2202
1661 2201
1660 2200
1660 2199
1659 2198
1658 2197
1657 2196
1657 2195
1657 2194
1656 2193
1655 2192
1654 2192
1653 2191
1652 2191
1651 2190
1650 2189
1649 2188
1648 2187
1647 2187
1646 2186
1645 2186
1644 2185
1643 2185
1642 2184
1641 2183
1640 2182
1639 2181
1638 2180
1637 2179
1636 2178
1635 2177
1634 2177
1633 2176
1632 2175
1631 2174
1630 2173
1629 2172
1628 2171
1627 2170
1626 2170
1625 2170
1624 2170
1623 2169
1622 2169
1621 2169
1620 2169
1619 2168
1618 2168
1617 2168
1616 2167
1615 2167
1614 2167
1613 2167
1612 2166
1611 2165
1610 2165
1609 2165
1608 2165
1607 2164
1606 2164
1605 2163
1604 2163
1603 2162
1602 2162
1601 2161
1600 2161
1599 2160
1598 2160
1597 2160
1596 2160
1595 2160
1594 2159
1593 2158
1592 2157
1591 2157
1590 2156
1589 2156
1588 2156
1587 2156
1586 2156
1585 2156
1584 2156
1583 2156
1582 2156
1581 2156
1580 2156
1579 2156
1578 2156
1577 2156
1576 2156
1575 2156
1574 2155
1573 2155
1572 2155
1571 2155
1570 2155
1569 2155
1568 2155
1567 2155
1566 2155
1565 2154
1564 2154
1563 2153
1562 2153
1561 2152
1560 2152
1559 2152
1558 2152
1557 2152
1556 2152
1555 2152
1554 2151
1553 2151
1552 2150
1551 2149
1550 2149
1549 2148
1548 2148
1547 2148
1546 2147
1545 2147
1544 2147
1543 2147
1542 2147
1541 2147
1540 2147
1539 2147
1538 2147
1537 2147
1536 2147
1535 2146
1534 2145
1533 2144
1532 2143
1531 2142
1530 2141
1529 2140
1528 2139
1527 2138
1526 2137
1525 2136
1524 2135
1523 2134
1522 2133
1521 2132
1520 2132
1519 2131
1518 2131
1517 2130
1516 2130
