795 87
794 88
793 88
792 88
791 88
790 88
789 88
788 89
787 89
786 89
785 90
784 90
783 90
782 90
781 90
780 91
779 91
778 91
777 92
776 91
775 92
774 92
773 92
772 93
771 93
770 93
769 93
768 93
767 93
766 93
765 93
764 93
763 94
762 94
761 94
760 94
759 94
758 94
757 94
756 94
755 94
754 95
753 95
752 95
751 95
750 95
749 95
748 95
747 95
746 95
745 95
744 95
743 95
742 95
741 95
740 95
739 95
738 95
737 95
736 95
735 95
734 95
733 95
732 95
731 95
730 95
729 95
728 95
727 94
726 94
725 94
724 94
723 94
722 94
721 94
720 94
719 94
718 94
717 94
716 94
715 94
714 94
713 94
712 94
711 94
710 94
709 94
708 94
707 94
706 94
705 94
704 94
703 94
702 94
701 94
700 94
699 94
698 93
697 93
696 93
695 93
694 93
693 93
692 93
691 93
690 93
689 93
688 93
687 93
686 93
685 93
684 93
683 93
682 92
681 92
680 92
679 91
678 92
677 92
676 92
675 91
674 91
673 90
672 90
671 90
670 89
669 89
668 89
667 89
666 90
665 90
665 91
665 92
665 93
665 94
666 95
666 96
667 97
667 98
668 99
669 100
670 101
671 102
672 103
673 103
674 104
675 105
676 105
677 105
678 105
679 105
680 105
681 105
682 105
683 105
684 106
685 106
686 107
687 107
688 108
689 108
690 109
691 109
692 110
693 111
694 112
695 112
696 112
697 113
698 113
699 113
700 113
701 114
702 114
703 115
704 115
705 116
706 116
707 116
708 117
709 117
710 117
711 117
712 118
713 118
714 118
715 118
716 119
717 119
718 119
719 119
720 119
721 119
722 120
723 120
724 120
725 120
726 120
727 120
728 121
729 121
730 122
731 123
732 124
733 125
734 126
735 127
736 127
737 128
738 128
739 128
740 129
741 129
742 129
743 129
744 129
745 129
746 129
747 129
748 129
749 129
750 129
751 129
752 129
753 129
754 129
755 129
756 129
757 129
758 129
759 129
760 129
761 129
762 129
763 128
764 128
765 128
766 127
767 127
768 127
769 126
770 126
771 126
772 126
773 126
774 126
775 126
776 126
777 126
778 126
779 125
780 125
781 125
782 125
783 125
784 125
785 125
786 125
787 125
788 125
789 125
790 125
791 125
792 125
793 125
794 125
795 125
796 125
797 125
798 125
799 125
800 125
801 125
802 125
803 125
804 126
805 126
806 126
807 127
808 127
809 127
810 127
811 127
812 126
813 126
814 126
815 125
816 125
817 125
818 125
819 125
820 125
821 124
822 123
823 123
824 122
825 121
826 120
827 119
828 118
828 117
829 116
829 115
829 114
829 113
830 112
830 111
830 110
831 109
831 108
832 107
832 106
833 105
833 104
833 103
834 102
834 101
834 100
834 99
834 98
834 97
834 96
834 95
833 94
832 94
831 94
830 94
829 94
828 94
827 93
826 93
825 92
824 92
823 92
822 92
821 92
820 92
819 91
818 91
817 90
816 90
815 89
814 89
813 88
812 88
811 88
810 87
809 87
808 87
807 87
806 87
805 87
804 87
803 87
802 87
801 87
800 87
799 87
798 87
797 87
796 87
795 87
