216 1237
215 1238
214 1238
213 1238
212 1238
211 1239
210 1239
209 1239
208 1239
207 1239
206 1239
205 1238
204 1239
203 1239
202 1239
201 1240
200 1240
199 1241
198 1241
197 1242
196 1242
195 1242
194 1242
193 1243
192 1244
191 1245
190 1246
191 1247
190 1248
190 1249
191 1250
191 1251
192 1252
193 1253
194 1254
195 1255
196 1256
197 1257
198 1258
199 1259
200 1260
201 1260
202 1261
203 1261
204 1262
205 1262
206 1262
207 1263
208 1263
209 1264
210 1264
211 1265
212 1265
213 1266
214 1267
215 1268
216 1269
217 1270
218 1271
219 1272
220 1272
221 1272
222 1272
223 1272
224 1273
224 1274
224 1275
224 1276
225 1276
226 1276
227 1277
228 1277
229 1277
230 1277
231 1277
232 1277
233 1277
234 1277
235 1278
236 1278
237 1277
238 1277
239 1277
240 1277
241 1276
242 1276
243 1276
244 1276
245 1276
246 1275
247 1275
248 1275
249 1275
250 1275
251 1275
252 1276
253 1276
254 1276
255 1276
256 1277
257 1277
258 1277
259 1277
260 1277
261 1277
262 1277
263 1277
264 1277
265 1277
266 1277
267 1277
268 1277
269 1277
270 1277
271 1277
272 1277
273 1277
274 1277
275 1277
276 1277
277 1277
278 1276
279 1276
280 1275
281 1275
282 1275
283 1274
284 1274
285 1274
286 1273
287 1274
288 1273
289 1273
290 1273
291 1272
292 1272
293 1271
294 1271
295 1271
296 1271
297 1270
298 1269
299 1269
300 1268
301 1268
302 1267
303 1267
304 1266
305 1265
306 1264
306 1263
306 1262
306 1261
306 1260
306 1259
306 1258
306 1257
306 1256
305 1255
305 1254
304 1253
304 1252
304 1251
304 1250
303 1249
303 1248
302 1247
302 1246
301 1245
300 1244
299 1243
298 1242
297 1242
296 1242
295 1241
294 1240
293 1240
292 1240
291 1240
290 1240
289 1241
288 1241
287 1241
286 1241
285 1241
284 1241
283 1241
282 1241
281 1241
280 1241
279 1241
278 1241
277 1241
276 1241
275 1241
274 1241
273 1241
272 1241
271 1241
270 1240
269 1240
268 1240
267 1240
266 1240
265 1240
264 1240
263 1239
262 1239
261 1239
260 1238
259 1238
258 1237
257 1237
256 1237
255 1237
254 1237
253 1237
252 1237
251 1237
250 1237
249 1237
248 1237
247 1237
246 1237
245 1237
244 1237
243 1237
242 1237
241 1237
240 1237
239 1237
238 1237
237 1237
236 1237
235 1237
234 1237
233 1237
232 1237
231 1237
230 1237
229 1237
228 1237
227 1237
226 1237
225 1237
224 1237
223 1237
222 1237
221 1237
220 1237
219 1237
218 1237
217 1237
216 1237
