257 139
256 140
255 140
254 140
253 141
252 141
251 141
250 141
249 141
248 141
247 141
246 141
245 141
244 141
243 141
242 141
241 141
240 141
239 141
238 141
237 141
236 141
235 141
234 141
233 142
232 142
231 142
230 143
229 143
228 144
227 145
226 146
226 147
225 148
224 149
223 150
222 151
221 152
220 153
219 154
218 155
217 155
216 156
215 157
214 158
213 159
212 159
211 160
210 161
209 161
208 162
207 163
206 163
206 164
205 165
205 166
204 167
204 168
204 169
204 170
203 171
203 172
203 173
203 174
203 175
203 176
203 177
203 178
203 179
203 180
203 181
204 182
204 183
205 184
206 185
207 185
208 186
209 187
210 187
211 188
212 188
213 188
214 189
215 188
216 188
217 189
218 189
219 189
220 189
221 190
222 190
223 191
224 192
225 193
226 194
226 195
227 196
228 197
228 198
229 199
230 200
231 201
231 202
232 203
233 204
233 205
234 206
235 207
236 208
237 209
238 210
239 211
240 211
241 212
242 212
243 212
244 212
245 212
246 212
247 212
248 212
249 213
250 213
251 213
252 213
253 213
254 213
255 213
256 213
257 213
258 214
259 214
260 214
261 215
262 215
263 215
264 215
265 215
266 215
267 215
268 215
269 215
270 215
271 215
272 215
273 215
274 215
275 215
276 215
277 215
278 215
279 215
280 215
281 215
282 215
283 215
284 215
285 215
286 215
287 215
288 215
289 215
290 215
291 215
292 215
293 215
294 215
295 215
296 215
297 215
298 215
299 215
300 215
301 215
302 215
303 215
304 215
305 215
306 215
307 215
308 215
309 215
310 215
311 215
312 215
313 215
314 215
315 215
316 215
317 215
318 215
319 215
320 215
321 215
322 215
323 214
324 214
325 213
326 213
327 212
328 212
329 212
330 212
331 212
332 212
333 211
334 211
335 211
336 211
337 211
338 211
339 212
340 212
341 213
342 214
343 214
344 214
345 215
346 215
347 215
348 215
349 215
350 215
351 215
352 215
353 215
354 215
355 215
356 215
357 215
358 215
359 215
360 215
361 215
362 215
363 215
364 215
365 215
366 214
367 214
368 214
369 213
370 213
371 213
372 213
373 213
374 213
375 213
376 213
377 213
378 213
379 213
380 213
381 213
382 213
383 213
384 213
385 213
386 213
387 213
388 213
389 213
390 213
391 213
392 213
393 213
394 213
395 213
396 213
397 213
398 213
399 213
400 214
401 214
402 214
403 215
404 215
405 215
406 215
407 215
408 215
409 215
410 216
411 216
412 216
413 216
414 216
415 217
416 217
417 217
418 217
419 217
420 217
421 217
422 217
423 216
424 216
425 216
426 216
427 216
428 216
429 216
430 216
431 216
432 216
433 216
434 216
435 216
436 216
437 216
438 216
439 216
440 216
441 216
442 216
443 216
444 215
445 215
446 215
447 215
448 215
449 215
450 215
451 215
452 214
453 214
454 214
455 213
456 213
457 213
458 213
459 213
460 212
461 211
462 211
463 210
464 210
465 210
466 210
467 209
468 209
469 209
470 208
471 207
472 207
473 206
474 206
475 206
476 206
477 205
478 205
479 205
480 204
481 204
482 203
483 202
484 202
485 201
486 200
487 199
488 199
489 198
490 197
491 196
492 195
492 194
492 193
492 192
492 191
491 190
491 189
491 188
491 187
491 186
490 185
489 184
488 184
487 183
486 183
485 183
484 182
483 182
482 181
481 181
480 180
479 179
478 178
477 177
477 176
476 175
476 174
475 173
475 172
475 171
475 170
475 169
475 168
474 167
474 166
474 165
474 164
474 163
474 162
473 161
473 160
472 159
471 158
470 157
469 157
468 156
467 155
466 155
465 154
464 153
463 152
462 152
461 151
460 150
459 150
458 150
457 150
456 149
455 149
454 149
453 149
452 149
451 149
450 149
449 148
448 148
447 148
446 147
445 147
444 147
443 147
442 147
441 147
440 147
439 147
438 147
437 147
436 147
435 147
434 147
433 147
432 147
431 147
430 147
429 147
428 147
427 147
426 147
425 147
424 147
423 147
422 147
421 147
420 147
419 147
418 147
417 147
416 147
415 148
414 148
413 148
412 149
411 149
410 149
409 149
408 149
407 149
406 149
405 149
404 149
403 149
402 149
401 149
400 149
399 149
398 149
397 149
396 149
395 149
394 149
393 149
392 149
391 149
390 149
389 150
388 150
387 151
386 151
385 150
384 150
383 150
382 149
381 149
380 149
379 149
378 149
377 149
376 148
375 148
374 148
373 147
372 146
371 145
370 144
369 144
368 144
367 144
366 143
365 143
364 143
363 142
362 142
361 142
360 142
359 142
358 142
357 142
356 142
355 142
354 142
353 142
352 142
351 142
350 142
349 142
348 142
347 142
346 142
345 142
344 142
343 142
342 142
341 142
340 142
339 142
338 142
337 142
336 142
335 142
334 142
333 142
332 142
331 142
330 142
329 142
328 142
327 142
326 142
325 142
324 142
323 142
322 143
321 143
320 143
319 144
318 144
317 144
316 144
315 144
314 144
313 144
312 144
311 144
310 145
309 145
308 145
307 145
306 145
305 145
304 145
303 145
302 145
301 145
300 145
299 145
298 145
297 144
296 144
295 144
294 144
293 144
292 144
291 144
290 144
289 144
288 143
287 143
286 143
285 142
284 142
283 141
282 141
281 141
280 141
279 141
278 141
277 141
276 141
275 141
274 140
273 140
272 140
271 139
270 139
269 140
268 140
267 140
266 141
265 140
264 140
263 140
262 141
261 140
260 140
259 140
258 140
257 139
