1188 578
1187 579
1186 579
1185 580
1184 581
1183 581
1182 582
1181 583
1180 583
1179 583
1178 584
1177 585
1176 585
1175 586
1174 587
1173 587
1172 588
1171 589
1170 589
1169 590
1168 591
1167 592
1166 593
1165 594
1164 594
1163 595
1162 596
1161 596
1160 597
1159 597
1158 598
1157 598
1156 599
1155 599
1154 600
1153 601
1152 601
1151 602
1150 602
1149 603
1148 604
1147 605
1146 606
1145 607
1144 608
1143 609
1142 610
1141 611
1140 612
1139 613
1139 614
1138 615
1137 616
1136 617
1136 618
1135 619
1135 620
1135 621
1135 622
1135 623
1136 624
1136 625
1136 626
1137 627
1138 628
1138 629
1139 630
1140 631
1140 632
1141 633
1142 633
1143 634
1144 634
1145 634
1146 634
1147 634
1148 635
1149 635
1150 635
1151 636
1152 636
1153 637
1154 638
1155 638
1156 638
1157 639
1158 639
1159 639
1160 639
1161 640
1162 640
1163 640
1164 640
1165 640
1166 640
1167 640
1168 640
1169 640
1170 640
1171 640
1172 640
1173 640
1174 640
1175 640
1176 640
1177 640
1178 640
1179 640
1180 640
1181 640
1182 640
1183 640
1184 640
1185 640
1186 640
1187 640
1188 640
1189 640
1190 640
1191 640
1192 640
1193 640
1194 640
1195 640
1196 640
1197 640
1198 640
1199 640
1200 640
1201 640
1202 640
1203 640
1204 640
1205 640
1206 640
1207 640
1208 640
1209 640
1210 640
1211 639
1212 639
1213 639
1214 639
1215 639
1216 639
1217 639
1218 639
1219 639
1220 639
1221 639
1222 639
1223 639
1224 639
1225 639
1226 639
1227 640
1228 640
1229 640
1230 641
1231 641
1232 642
1233 642
1234 642
1235 643
1236 643
1237 643
1238 644
1239 644
1240 644
1241 645
1242 645
1243 645
1244 645
1245 645
1246 645
1247 645
1248 645
1249 646
1250 646
1251 646
1252 646
1253 646
1254 646
1255 646
1256 646
1257 646
1258 646
1259 646
1260 646
1261 646
1262 646
1263 645
1264 645
1265 645
1266 645
1267 645
1268 644
1269 644
1270 644
1271 644
1272 644
1273 644
1274 644
1275 644
1276 644
1277 644
1278 644
1279 644
1280 643
1281 643
1282 643
1283 642
1284 642
1285 642
1286 642
1287 642
1288 641
1289 641
1290 640
1291 640
1292 639
1293 639
1294 638
1295 637
1296 636
1296 635
1297 634
1298 633
1298 632
1299 631
1299 630
1299 629
1300 628
1300 627
1299 626
1298 626
1297 625
1296 625
1295 625
1294 624
1293 623
1292 622
1291 621
1290 620
1289 619
1288 618
1287 617
1286 616
1286 615
1285 614
1285 613
1285 612
1284 611
1283 610
1282 610
1281 609
1280 609
1279 608
1278 607
1277 606
1276 605
1275 604
1274 604
1273 604
1272 603
1271 603
1270 603
1269 602
1268 602
1267 602
1266 602
1265 602
1264 602
1263 602
1262 602
1261 601
1260 600
1259 599
1258 598
1257 597
1256 597
1255 596
1254 596
1253 595
1252 594
1251 594
1250 594
1249 593
1248 593
1247 592
1246 591
1245 591
1244 590
1243 589
1242 589
1241 588
1240 588
1239 587
1238 587
1237 586
1236 586
1235 586
1234 585
1233 584
1232 584
1231 584
1230 584
1229 584
1228 584
1227 583
1226 583
1225 582
1224 582
1223 581
1222 581
1221 581
1220 581
1219 581
1218 581
1217 581
1216 582
1215 583
1214 583
1213 584
1212 584
1211 585
1210 585
1209 584
1208 584
1207 583
1207 582
1206 581
1205 580
1204 580
1203 579
1202 579
1201 579
1200 579
1199 579
1198 578
1197 578
1196 578
1195 578
1194 578
1193 578
1192 578
1191 578
1190 578
1189 578
1188 578
