267 1353
266 1354
265 1354
264 1354
263 1354
262 1354
261 1355
260 1355
259 1356
258 1357
257 1358
256 1358
255 1358
254 1359
253 1360
252 1361
251 1362
250 1362
249 1362
248 1363
247 1363
246 1363
245 1363
244 1364
243 1364
242 1364
241 1364
240 1364
239 1364
238 1364
237 1364
236 1364
235 1365
234 1366
233 1366
232 1366
231 1367
230 1367
229 1367
228 1368
227 1368
226 1369
225 1369
224 1369
223 1370
222 1371
221 1371
220 1371
219 1371
218 1372
217 1372
216 1373
215 1373
214 1373
213 1374
212 1375
211 1375
210 1376
209 1377
208 1378
207 1379
207 1380
207 1381
207 1382
208 1383
208 1384
209 1385
210 1386
211 1387
211 1388
212 1388
213 1389
214 1389
215 1389
216 1389
217 1389
218 1389
219 1389
220 1389
221 1389
222 1389
223 1389
224 1389
225 1389
226 1389
227 1390
228 1390
229 1390
230 1390
231 1390
232 1390
233 1390
234 1390
235 1390
236 1390
237 1390
238 1390
239 1390
240 1390
241 1390
242 1390
243 1390
244 1390
245 1390
246 1391
247 1391
248 1391
249 1391
250 1391
251 1391
252 1391
253 1391
254 1392
255 1392
256 1392
257 1393
258 1393
259 1393
260 1393
261 1393
262 1393
263 1394
264 1394
265 1395
266 1395
267 1395
268 1395
269 1396
270 1396
271 1396
272 1396
273 1396
274 1396
275 1397
276 1397
277 1397
278 1398
279 1397
280 1397
281 1398
282 1398
283 1398
284 1399
285 1399
286 1399
287 1400
288 1401
289 1401
290 1402
291 1402
292 1402
293 1403
294 1403
295 1403
296 1404
297 1404
298 1404
299 1404
300 1404
301 1404
302 1405
303 1405
304 1406
305 1406
306 1406
307 1406
308 1406
309 1406
310 1406
311 1405
312 1404
313 1403
314 1402
315 1401
316 1400
317 1399
317 1398
318 1397
318 1396
318 1395
319 1394
319 1393
319 1392
319 1391
319 1390
319 1389
320 1388
320 1387
320 1386
320 1385
320 1384
320 1383
320 1382
320 1381
319 1380
319 1379
319 1378
319 1377
319 1376
319 1375
319 1374
318 1373
318 1372
318 1371
317 1370
316 1369
315 1368
314 1368
313 1367
312 1367
311 1367
310 1367
309 1366
308 1366
307 1366
306 1366
305 1366
304 1366
303 1366
302 1366
301 1366
300 1365
299 1364
298 1364
297 1363
296 1363
295 1362
294 1362
293 1361
292 1361
291 1360
290 1359
289 1359
288 1359
287 1358
286 1358
285 1357
284 1356
283 1356
282 1355
281 1355
280 1355
279 1355
278 1355
277 1354
276 1354
275 1353
274 1353
273 1353
272 1353
271 1353
270 1353
269 1353
268 1353
267 1353
