916 1564
915 1565
914 1566
913 1567
912 1568
911 1569
910 1570
909 1571
908 1572
908 1573
908 1574
908 1575
908 1576
908 1577
908 1578
908 1579
908 1580
908 1581
908 1582
908 1583
908 1584
909 1585
910 1586
911 1587
912 1588
913 1588
914 1589
915 1589
916 1590
917 1590
918 1590
919 1591
920 1592
921 1592
922 1593
923 1593
924 1593
925 1594
926 1594
927 1594
928 1594
929 1594
930 1594
931 1595
932 1595
933 1595
934 1595
935 1595
936 1595
937 1595
938 1595
939 1595
940 1595
941 1595
942 1596
943 1596
944 1596
945 1597
946 1597
947 1597
948 1597
949 1597
950 1597
951 1597
952 1597
953 1597
954 1597
955 1597
956 1597
957 1597
958 1597
959 1597
960 1596
961 1595
962 1595
963 1595
964 1595
965 1594
966 1594
967 1594
968 1594
969 1593
970 1593
971 1592
972 1591
973 1590
973 1589
974 1588
974 1587
974 1586
974 1585
974 1584
974 1583
973 1582
973 1581
972 1580
972 1579
971 1579
970 1578
969 1577
968 1576
968 1575
967 1574
966 1574
965 1573
964 1572
963 1572
962 1572
961 1572
960 1571
959 1570
958 1569
957 1569
956 1568
955 1568
954 1568
953 1568
952 1567
951 1567
950 1567
949 1566
948 1566
947 1566
946 1566
945 1566
944 1566
943 1566
942 1566
941 1566
940 1566
939 1565
938 1565
937 1565
936 1565
935 1565
934 1565
933 1565
932 1565
931 1564
930 1564
929 1564
928 1564
927 1564
926 1564
925 1564
924 1564
923 1564
922 1564
921 1564
920 1564
919 1564
918 1564
917 1564
916 1564
