656 440
655 441
654 441
653 441
652 441
651 441
650 441
649 441
648 441
647 442
646 442
645 442
644 442
643 442
642 442
641 442
640 442
639 442
638 442
637 442
636 442
635 441
634 441
633 441
632 441
631 441
630 441
629 441
628 441
627 441
626 441
625 442
624 442
623 442
622 442
621 442
620 442
619 442
618 442
617 443
616 443
615 443
614 444
613 444
612 444
611 444
610 445
609 445
608 445
607 446
606 447
605 447
604 447
603 447
602 447
601 447
600 448
599 449
599 450
598 451
598 452
597 453
597 454
597 455
597 456
597 457
597 458
597 459
597 460
597 461
597 462
597 463
596 464
595 465
595 466
594 467
594 468
594 469
594 470
594 471
595 472
596 473
597 474
598 474
599 474
600 475
601 475
602 475
603 476
604 477
605 478
606 479
607 480
608 481
609 481
610 481
611 481
612 481
613 481
614 481
615 481
616 481
617 481
618 481
619 481
620 481
621 481
622 481
623 481
624 481
625 481
626 482
627 482
628 482
629 482
630 482
631 482
632 482
633 483
634 483
635 483
636 483
637 483
638 483
639 483
640 484
641 484
642 484
643 485
644 485
645 485
646 485
647 485
648 485
649 485
650 485
651 485
652 485
653 485
654 485
655 485
656 485
657 485
658 485
659 485
660 485
661 485
662 485
663 485
664 484
665 484
666 484
667 483
668 483
669 483
670 483
671 483
672 483
673 483
674 483
675 483
676 483
677 483
678 483
679 482
680 481
681 480
682 479
683 478
684 477
685 476
685 475
685 474
686 473
686 472
686 471
687 470
687 469
687 468
687 467
687 466
687 465
687 464
687 463
687 462
687 461
687 460
687 459
687 458
687 457
687 456
687 455
687 454
687 453
686 452
685 451
684 450
684 449
683 448
682 447
681 446
680 445
679 445
678 444
677 443
676 442
675 442
674 441
673 441
672 441
671 441
670 441
669 441
668 441
667 441
666 441
665 440
664 440
663 440
662 440
661 440
660 440
659 440
658 440
657 440
656 440
