201 612
200 613
199 613
198 613
197 614
196 614
195 614
194 614
193 615
192 615
191 615
190 615
189 616
188 616
187 617
186 617
185 617
184 617
183 617
182 617
181 617
180 618
179 618
178 619
177 619
176 620
175 621
174 622
173 623
172 624
171 625
170 625
169 626
168 627
167 627
166 628
165 629
164 629
164 630
163 631
163 632
162 633
162 634
162 635
162 636
162 637
162 638
162 639
163 640
163 641
164 642
165 643
166 643
167 643
168 644
169 644
170 644
171 645
172 645
173 645
174 645
175 646
176 647
177 648
178 648
179 649
180 649
181 649
182 650
183 651
184 651
185 652
186 653
187 654
188 654
189 655
190 656
191 657
192 658
193 659
194 660
195 661
196 661
197 662
198 662
199 662
200 662
201 663
202 663
203 664
204 664
205 665
206 665
207 666
208 666
209 667
210 667
211 667
212 667
213 667
214 667
215 667
216 667
217 667
218 667
219 667
220 666
221 666
222 666
223 666
224 665
225 665
226 665
227 664
228 664
229 664
230 663
231 663
232 662
233 661
234 660
235 659
236 659
237 658
238 658
239 657
240 657
241 657
242 656
243 656
244 655
245 655
245 654
246 653
246 652
246 651
247 650
248 649
248 648
248 647
248 646
248 645
248 644
247 643
247 642
247 641
247 640
246 639
246 638
246 637
246 636
245 635
245 634
245 633
244 632
244 631
243 630
242 629
242 628
241 627
241 626
241 625
241 624
240 623
239 622
238 621
238 620
237 619
236 618
235 618
234 617
233 617
232 617
231 616
230 616
229 615
228 615
227 615
226 615
225 615
224 615
223 615
222 614
221 614
220 614
219 614
218 614
217 614
216 614
215 614
214 614
213 614
212 614
211 614
210 613
209 613
208 613
207 612
206 612
205 612
204 612
203 612
202 612
201 612
