189 2222
188 2223
187 2224
186 2225
185 2225
184 2226
183 2226
182 2227
181 2227
180 2228
179 2229
178 2230
178 2231
177 2232
176 2233
175 2234
174 2235
173 2236
172 2237
171 2238
170 2239
170 2240
169 2241
168 2242
168 2243
167 2244
166 2245
165 2246
164 2247
163 2248
163 2249
163 2250
162 2251
162 2252
161 2253
161 2254
160 2255
160 2256
159 2257
158 2258
158 2259
157 2260
157 2261
156 2262
156 2263
156 2264
155 2265
155 2266
155 2267
155 2268
155 2269
155 2270
154 2271
154 2272
154 2273
154 2274
154 2275
154 2276
154 2277
153 2278
153 2279
153 2280
153 2281
153 2282
153 2283
153 2284
153 2285
154 2286
154 2287
154 2288
154 2289
154 2290
154 2291
155 2292
155 2293
155 2294
155 2295
156 2296
156 2297
157 2298
158 2299
159 2300
160 2301
161 2302
162 2303
163 2304
164 2305
165 2306
166 2306
167 2307
168 2307
169 2307
170 2308
171 2308
172 2308
173 2308
174 2309
175 2309
176 2309
177 2310
178 2310
179 2310
180 2310
181 2311
182 2311
183 2311
184 2312
185 2312
186 2313
187 2313
188 2314
189 2315
190 2315
191 2315
192 2315
193 2315
194 2315
195 2315
196 2315
197 2315
198 2315
199 2315
200 2315
201 2315
202 2315
203 2315
204 2315
205 2315
206 2315
207 2315
208 2315
209 2315
210 2315
211 2315
212 2315
213 2315
214 2315
215 2315
216 2315
217 2315
218 2315
219 2315
220 2315
221 2315
222 2314
223 2313
224 2312
225 2311
226 2311
227 2310
228 2310
229 2309
230 2309
231 2308
232 2307
233 2307
234 2306
235 2306
236 2306
237 2306
238 2306
239 2306
240 2306
241 2305
242 2304
243 2303
244 2303
245 2302
246 2301
247 2301
248 2300
249 2299
250 2299
251 2298
252 2297
253 2296
254 2295
255 2294
255 2293
256 2292
257 2292
258 2291
259 2290
260 2289
260 2288
261 2287
262 2287
263 2286
264 2285
265 2284
265 2283
266 2282
267 2282
268 2281
269 2280
270 2279
270 2278
271 2277
272 2277
273 2276
274 2275
275 2275
276 2274
276 2273
277 2272
277 2271
277 2270
277 2269
277 2268
277 2267
277 2266
277 2265
277 2264
277 2263
277 2262
277 2261
277 2260
277 2259
277 2258
277 2257
276 2256
276 2255
276 2254
276 2253
275 2252
275 2251
274 2250
273 2249
272 2248
271 2247
270 2247
269 2246
268 2246
267 2245
266 2245
265 2244
264 2244
263 2243
262 2242
261 2242
260 2242
259 2242
258 2242
257 2242
256 2242
255 2242
254 2242
253 2241
252 2241
251 2241
250 2240
249 2240
248 2239
247 2238
246 2237
245 2236
244 2236
243 2235
242 2235
241 2235
240 2235
239 2235
238 2235
237 2235
236 2235
235 2235
234 2235
233 2234
232 2234
231 2234
230 2233
229 2232
228 2232
227 2232
226 2232
225 2232
224 2231
223 2231
222 2231
221 2231
220 2230
219 2230
218 2229
217 2228
216 2227
215 2227
214 2226
213 2225
212 2224
211 2224
210 2223
209 2222
208 2222
207 2222
206 2222
205 2222
204 2222
203 2222
202 2222
201 2222
200 2222
199 2222
198 2222
197 2222
196 2222
195 2222
194 2222
193 2222
192 2222
191 2222
190 2222
189 2222
