277 1373
276 1374
275 1374
274 1374
273 1374
272 1374
271 1374
270 1374
269 1374
268 1374
267 1374
266 1374
265 1374
264 1374
263 1374
262 1374
261 1374
260 1374
259 1374
258 1374
257 1374
256 1374
255 1374
254 1374
253 1374
252 1374
251 1374
250 1374
249 1374
248 1375
247 1375
246 1375
245 1375
244 1375
243 1375
242 1375
241 1375
240 1375
239 1375
238 1376
237 1376
236 1376
235 1376
234 1376
233 1376
232 1376
231 1376
230 1376
229 1376
228 1376
227 1376
226 1376
225 1376
224 1376
223 1376
222 1376
221 1376
220 1376
219 1376
218 1376
217 1376
216 1376
215 1376
214 1376
213 1376
212 1377
211 1377
210 1377
209 1378
208 1378
207 1379
206 1379
205 1380
204 1380
203 1380
202 1380
201 1381
200 1381
199 1381
198 1381
197 1381
196 1381
195 1381
194 1381
193 1381
192 1382
191 1382
190 1383
189 1383
188 1383
187 1384
186 1385
185 1385
184 1386
183 1386
182 1387
181 1387
180 1387
179 1388
178 1388
177 1389
176 1390
175 1390
174 1391
173 1392
172 1392
171 1393
170 1393
169 1394
169 1395
168 1396
169 1397
170 1398
171 1398
172 1399
173 1399
174 1399
175 1400
176 1401
177 1401
178 1401
179 1401
180 1401
181 1401
182 1401
183 1401
184 1401
185 1402
186 1402
187 1402
188 1402
189 1402
190 1402
191 1403
192 1403
193 1403
194 1403
195 1404
196 1404
197 1404
198 1404
199 1404
200 1404
201 1404
202 1405
203 1405
204 1405
205 1405
206 1405
207 1405
208 1405
209 1405
210 1405
211 1406
212 1406
213 1406
214 1406
215 1406
216 1406
217 1406
218 1406
219 1406
220 1406
221 1406
222 1407
223 1407
224 1407
225 1407
226 1407
227 1407
228 1407
229 1407
230 1407
231 1407
232 1407
233 1408
234 1408
235 1408
236 1409
237 1409
238 1409
239 1409
240 1409
241 1409
242 1409
243 1409
244 1409
245 1410
246 1410
247 1410
248 1410
249 1410
250 1410
251 1410
252 1410
253 1411
254 1411
255 1411
256 1411
257 1411
258 1411
259 1411
260 1411
261 1411
262 1412
263 1412
264 1412
265 1412
266 1412
267 1412
268 1412
269 1412
270 1412
271 1412
272 1412
273 1412
274 1413
275 1413
276 1413
277 1414
278 1414
279 1414
280 1414
281 1414
282 1414
283 1414
284 1414
285 1414
286 1414
287 1415
288 1415
289 1415
290 1415
291 1415
292 1415
293 1415
294 1415
295 1415
296 1415
297 1415
298 1416
299 1416
300 1416
301 1416
302 1416
303 1417
304 1417
305 1417
306 1417
307 1417
308 1417
309 1417
310 1417
311 1417
312 1417
313 1417
314 1417
315 1417
316 1417
317 1417
318 1417
319 1417
320 1417
321 1417
322 1417
323 1417
324 1417
325 1417
326 1417
327 1417
328 1417
329 1417
330 1417
331 1417
332 1417
333 1416
334 1416
335 1416
336 1416
337 1415
338 1415
339 1415
340 1414
341 1413
342 1412
342 1411
342 1410
342 1409
342 1408
342 1407
341 1406
340 1405
339 1404
338 1403
338 1402
337 1401
337 1400
336 1399
335 1398
335 1397
335 1396
335 1395
335 1394
335 1393
335 1392
335 1391
335 1390
335 1389
335 1388
335 1387
335 1386
335 1385
335 1384
335 1383
334 1382
333 1382
332 1382
331 1382
330 1382
329 1382
328 1382
327 1382
326 1382
325 1382
324 1382
323 1382
322 1382
321 1382
320 1382
319 1382
318 1381
317 1381
316 1381
315 1381
314 1380
313 1381
312 1380
311 1380
310 1380
309 1379
308 1379
307 1379
306 1379
305 1379
304 1379
303 1379
302 1379
301 1378
300 1377
299 1377
298 1377
297 1377
296 1376
295 1376
294 1376
293 1376
292 1376
291 1375
290 1376
289 1375
288 1374
287 1374
286 1374
285 1374
284 1374
283 1374
282 1373
281 1373
280 1373
279 1373
278 1373
277 1373
