669 95
668 96
667 96
666 96
665 96
664 96
663 96
662 96
661 96
660 96
659 96
658 96
657 96
656 96
655 97
654 97
653 97
652 98
651 98
650 98
649 98
648 98
647 98
646 98
645 98
644 98
643 98
642 98
641 98
640 98
639 98
638 98
637 98
636 98
635 98
634 98
633 98
632 98
631 98
630 97
629 97
628 97
627 96
626 96
625 96
624 97
623 97
622 98
621 99
620 100
620 101
620 102
620 103
620 104
620 105
620 106
620 107
620 108
620 109
620 110
621 111
621 112
622 113
622 114
622 115
623 116
623 117
624 118
624 119
625 120
626 121
626 122
627 123
627 124
627 125
628 126
628 127
628 128
629 129
629 130
630 131
630 132
630 133
631 134
631 135
632 136
633 137
633 138
633 139
634 140
634 141
635 142
636 143
637 144
638 145
638 146
638 147
639 148
639 149
639 150
640 151
640 152
640 153
641 154
641 155
642 156
642 157
643 158
644 159
645 160
646 161
647 161
648 161
649 161
650 161
651 161
652 161
653 161
654 161
655 161
656 161
657 160
658 159
659 159
660 159
661 159
662 158
663 158
664 157
665 157
666 156
667 156
668 155
669 154
670 153
671 152
672 151
673 150
674 149
675 148
676 148
677 148
678 148
679 148
680 148
681 148
682 148
683 148
684 148
685 148
686 148
687 148
688 148
689 147
690 147
691 147
692 146
693 145
694 144
695 143
696 142
697 142
698 141
699 141
700 140
701 140
702 139
703 138
704 138
705 137
706 137
707 136
708 136
709 135
710 135
711 134
712 133
712 132
712 131
712 130
712 129
712 128
712 127
713 126
713 125
713 124
713 123
713 122
713 121
713 120
713 119
713 118
713 117
713 116
712 115
712 114
711 113
711 112
710 111
709 110
708 109
707 108
706 107
705 106
704 106
703 105
702 105
701 105
700 104
699 103
698 103
697 103
696 102
695 102
694 102
693 101
692 101
691 101
690 101
689 102
688 102
687 102
686 101
685 101
684 100
683 99
682 99
681 99
680 99
679 99
678 99
677 98
676 98
675 97
674 96
673 96
672 95
671 95
670 95
669 95
