537 418
536 419
535 419
534 419
533 419
532 419
531 419
530 419
529 419
528 419
527 419
526 419
525 419
524 419
523 419
522 419
521 419
520 420
519 420
518 420
517 421
516 421
515 422
514 422
513 422
512 423
511 423
510 424
509 424
508 424
507 425
506 426
505 426
504 426
503 427
502 427
501 427
500 428
499 428
498 429
497 429
496 429
495 429
494 429
493 429
492 430
491 430
490 430
489 430
488 431
487 431
486 431
485 431
484 431
483 431
482 431
481 431
480 431
479 431
478 432
477 432
476 432
475 432
474 433
473 433
472 433
471 432
470 433
469 433
468 433
467 434
466 434
465 434
464 434
463 434
462 434
461 434
460 434
459 434
458 434
457 435
456 435
456 436
455 437
454 438
454 439
454 440
454 441
454 442
454 443
454 444
454 445
454 446
454 447
454 448
454 449
455 450
455 451
456 451
457 451
458 451
459 451
460 452
461 452
462 452
463 453
464 453
465 453
466 453
467 453
468 454
469 455
470 456
471 457
472 458
473 459
474 460
475 461
476 462
477 462
478 462
479 463
480 463
481 464
482 464
483 465
484 466
485 466
486 466
487 466
488 466
489 467
490 467
491 468
492 468
493 468
494 469
495 469
496 469
497 469
498 470
499 471
500 471
501 472
502 473
503 473
504 473
505 474
506 474
507 474
508 474
509 475
510 475
511 475
512 475
513 475
514 475
515 475
516 475
517 476
518 476
519 476
520 476
521 476
522 476
523 477
524 477
525 477
526 478
527 479
528 479
529 480
530 480
531 480
532 480
533 481
534 481
535 481
536 481
537 481
538 481
539 481
540 482
541 482
542 482
543 482
544 482
545 482
546 482
547 482
548 482
549 482
550 482
551 482
552 482
553 482
554 482
555 482
556 482
557 482
558 482
559 482
560 482
561 482
562 482
563 482
564 482
565 482
566 482
567 482
568 481
569 481
570 480
571 479
572 478
573 477
574 476
575 475
576 475
577 474
578 473
579 473
580 472
581 471
582 470
583 469
584 468
585 467
586 466
587 465
588 464
588 463
589 462
589 461
589 460
589 459
589 458
589 457
589 456
589 455
589 454
589 453
589 452
589 451
589 450
589 449
589 448
588 447
587 446
587 445
587 444
587 443
587 442
587 441
587 440
586 439
586 438
586 437
585 436
584 435
584 434
583 433
582 432
582 431
581 430
581 429
580 428
580 427
580 426
579 425
579 424
578 423
578 422
577 421
576 421
575 420
574 420
573 420
572 420
571 420
570 420
569 420
568 419
567 419
566 419
565 419
564 419
563 419
562 419
561 419
560 418
559 418
558 418
557 418
556 418
555 418
554 418
553 418
552 418
551 418
550 418
549 418
548 418
547 418
546 418
545 418
544 418
543 418
542 418
541 418
540 418
539 418
538 418
537 418
