201 44
200 45
199 45
198 45
197 45
196 45
195 45
194 45
193 45
192 46
191 46
190 46
189 46
188 46
187 46
186 46
185 46
184 46
183 46
182 46
181 46
180 46
179 46
178 46
177 46
176 46
175 46
174 46
173 46
172 46
171 46
170 46
169 46
168 46
167 46
166 46
165 46
164 46
163 46
162 46
161 45
160 45
159 45
158 45
157 45
156 45
155 45
154 45
153 45
152 45
151 45
150 45
149 45
148 45
147 45
146 45
145 45
144 45
143 45
142 45
141 45
140 45
139 45
138 45
137 45
136 45
135 45
134 45
133 46
132 46
131 46
130 46
129 46
128 46
127 46
126 46
125 46
124 46
123 46
122 46
121 46
120 46
119 46
118 46
117 46
116 46
115 46
114 47
113 47
112 47
111 47
110 47
109 47
108 47
107 47
106 47
105 47
104 47
103 47
102 47
101 47
100 48
99 48
98 48
97 49
96 49
95 50
94 50
93 50
92 51
91 51
90 51
89 52
88 52
87 52
86 52
85 53
84 53
83 53
82 54
81 54
80 54
79 55
78 55
77 55
76 56
75 57
74 58
73 58
72 59
71 59
70 60
69 60
68 61
67 62
66 62
65 63
64 64
63 65
62 65
61 66
60 67
59 68
58 69
58 70
57 71
56 72
55 73
54 74
53 75
53 76
52 77
52 78
51 79
51 80
50 81
49 82
49 83
48 84
47 85
46 86
45 87
44 88
44 89
45 90
45 91
45 92
45 93
45 94
45 95
45 96
45 97
45 98
45 99
45 100
45 101
45 102
46 103
47 103
48 103
49 104
50 104
51 105
52 105
53 106
54 106
55 106
56 107
57 107
58 107
59 107
60 108
61 108
62 108
63 108
64 108
65 108
66 108
67 108
68 108
69 108
70 108
71 108
72 109
73 109
74 109
75 109
76 110
77 110
78 110
79 110
80 111
81 111
82 112
83 112
84 112
85 112
86 112
87 113
88 113
89 113
90 113
91 114
92 114
93 114
94 113
95 112
96 112
97 112
98 112
99 112
100 112
101 112
102 112
103 112
104 112
105 112
106 112
107 112
108 112
109 112
110 112
111 112
112 112
113 112
114 112
115 112
116 113
117 113
118 113
119 113
120 113
121 113
122 113
123 113
124 113
125 113
126 114
127 114
128 114
129 115
130 115
131 115
132 115
133 115
134 115
135 115
136 115
137 115
138 115
139 115
140 115
141 115
142 115
143 115
144 115
145 115
146 115
147 115
148 115
149 115
150 115
151 115
152 115
153 115
154 115
155 115
156 115
157 115
158 115
159 115
160 115
161 115
162 115
163 115
164 115
165 115
166 115
167 116
168 116
169 117
170 117
171 117
172 117
173 117
174 117
175 118
176 118
177 118
178 119
179 119
180 120
181 120
182 120
183 120
184 120
185 120
186 120
187 121
188 121
189 121
190 121
191 121
192 121
193 121
194 121
195 121
196 121
197 121
198 121
199 121
200 121
201 121
202 121
203 121
204 121
205 121
206 121
207 121
208 120
209 120
210 120
211 120
212 120
213 120
214 120
215 120
216 120
217 120
218 121
219 121
220 121
221 121
222 122
223 122
224 122
225 122
226 122
227 122
228 122
229 123
230 123
231 123
232 123
233 124
234 124
235 124
236 123
237 123
238 123
239 123
240 123
241 123
242 123
243 123
244 123
245 123
246 123
247 123
248 123
249 123
250 123
251 123
252 123
253 123
254 123
255 123
256 123
257 123
258 123
259 123
260 122
261 122
262 122
263 122
264 121
265 121
266 121
267 121
268 120
269 120
270 120
271 120
272 119
273 119
274 118
275 118
276 117
277 116
278 116
279 115
280 115
281 114
282 114
283 113
284 113
285 112
286 112
287 111
288 111
289 111
290 111
291 110
292 110
293 109
294 109
295 108
296 108
296 107
297 106
297 105
297 104
297 103
298 102
298 101
299 100
299 99
300 98
300 97
300 96
301 95
300 94
300 93
300 92
300 91
300 90
300 89
300 88
300 87
300 86
300 85
300 84
300 83
300 82
300 81
300 80
300 79
300 78
300 77
299 76
299 75
298 74
298 73
298 72
298 71
298 70
298 69
298 68
298 67
298 66
298 65
297 64
297 63
296 62
295 61
295 60
294 59
293 58
293 57
292 56
291 55
290 54
289 53
288 52
287 52
286 51
285 51
284 50
283 49
282 49
281 49
280 48
279 48
278 48
277 47
276 47
275 47
274 46
273 46
272 45
271 45
270 45
269 45
268 45
267 45
266 45
265 45
264 45
263 45
262 46
261 46
260 46
259 46
258 46
257 46
256 46
255 46
254 46
253 46
252 46
251 46
250 46
249 47
248 48
247 49
246 49
245 50
244 50
243 50
242 50
241 51
240 51
239 51
238 51
237 51
236 51
235 50
234 49
233 48
233 47
233 46
232 45
231 44
230 44
229 44
228 44
227 44
226 44
225 44
224 44
223 44
222 44
221 44
220 44
219 44
218 44
217 44
216 44
215 44
214 44
213 44
212 44
211 44
210 44
209 44
208 44
207 44
206 44
205 44
204 44
203 44
202 44
201 44
