1375 115
1374 116
1373 116
1372 116
1371 116
1370 116
1369 116
1368 116
1367 116
1366 116
1365 116
1364 116
1363 116
1362 116
1361 116
1360 116
1359 116
1358 116
1357 116
1356 116
1355 116
1354 116
1353 116
1352 116
1351 116
1350 116
1349 116
1348 116
1347 116
1346 116
1345 116
1344 116
1343 116
1342 116
1341 116
1340 116
1339 116
1338 116
1337 116
1336 116
1335 116
1334 116
1333 116
1332 116
1331 116
1330 116
1329 116
1328 116
1327 116
1326 116
1325 116
1324 117
1323 117
1322 117
1321 118
1320 118
1319 118
1318 118
1317 118
1316 118
1315 118
1314 118
1313 118
1312 118
1311 118
1310 118
1309 118
1308 119
1307 119
1306 119
1305 119
1304 119
1303 119
1302 119
1301 119
1300 119
1299 119
1298 119
1297 119
1296 119
1295 120
1294 120
1293 120
1292 120
1291 120
1290 121
1289 121
1288 121
1287 121
1286 121
1285 122
1284 122
1283 122
1282 122
1281 123
1280 123
1279 123
1278 123
1277 124
1276 124
1275 124
1274 124
1273 125
1272 125
1271 125
1270 126
1269 126
1268 126
1267 126
1266 127
1265 127
1264 127
1263 128
1262 128
1261 128
1260 129
1259 129
1258 129
1257 130
1256 130
1255 130
1254 130
1253 130
1252 131
1251 131
1250 131
1249 132
1248 132
1247 132
1246 132
1245 132
1244 133
1243 133
1242 133
1241 134
1240 134
1239 134
1238 135
1237 135
1236 135
1235 136
1234 136
1233 136
1232 136
1231 137
1230 137
1229 137
1228 138
1227 138
1226 138
1225 139
1224 139
1223 140
1222 140
1221 140
1220 141
1219 141
1218 141
1217 142
1216 142
1215 143
1214 143
1213 143
1212 144
1211 144
1210 144
1209 144
1208 145
1207 145
1206 146
1205 146
1204 147
1203 147
1202 147
1201 147
1200 148
1199 148
1198 148
1197 149
1196 149
1195 149
1194 150
1193 150
1192 151
1191 152
1190 152
1189 153
1188 153
1187 154
1186 154
1185 154
1184 155
1183 155
1182 155
1181 156
1180 156
1179 157
1178 157
1177 157
1176 157
1175 158
1174 158
1173 159
1172 159
1171 160
1170 160
1169 160
1168 161
1167 161
1166 162
1165 162
1164 163
1163 163
1162 164
1161 164
1160 165
1159 165
1158 166
1157 166
1156 167
1155 168
1154 169
1153 170
1152 171
1151 172
1150 173
1149 174
1149 175
1149 176
1149 177
1150 178
1151 178
1152 179
1153 179
1154 179
1155 179
1156 179
1157 179
1158 179
1159 179
1160 179
1161 179
1162 179
1163 180
1164 180
1165 180
1166 180
1167 180
1168 180
1169 180
1170 180
1171 180
1172 180
1173 180
1174 180
1175 180
1176 180
1177 180
1178 180
1179 180
1180 180
1181 180
1182 180
1183 180
1184 180
1185 180
1186 180
1187 180
1188 180
1189 180
1190 180
1191 180
1192 180
1193 180
1194 180
1195 180
1196 180
1197 180
1198 180
1199 180
1200 180
1201 180
1202 180
1203 180
1204 180
1205 180
1206 180
1207 180
1208 180
1209 180
1210 180
1211 180
1212 180
1213 180
1214 180
1215 180
1216 180
1217 180
1218 180
1219 180
1220 180
1221 180
1222 180
1223 180
1224 180
1225 180
1226 180
1227 180
1228 180
1229 180
1230 180
1231 180
1232 180
1233 180
1234 180
1235 180
1236 180
1237 180
1238 180
1239 180
1240 180
1241 180
1242 180
1243 180
1244 180
1245 180
1246 180
1247 180
1248 180
1249 180
1250 180
1251 180
1252 180
1253 180
1254 180
1255 180
1256 180
1257 180
1258 180
1259 180
1260 179
1261 179
1262 179
1263 179
1264 179
1265 179
1266 179
1267 179
1268 179
1269 179
1270 179
1271 179
1272 179
1273 179
1274 179
1275 179
1276 179
1277 179
1278 179
1279 179
1280 179
1281 179
1282 179
1283 179
1284 179
1285 179
1286 180
1287 180
1288 180
1289 180
1290 180
1291 180
1292 180
1293 180
1294 180
1295 180
1296 180
1297 180
1298 180
1299 180
1300 180
1301 180
1302 180
1303 180
1304 180
1305 181
1306 181
1307 181
1308 181
1309 181
1310 181
1311 181
1312 181
1313 181
1314 181
1315 181
1316 181
1317 182
1318 182
1319 182
1320 182
1321 182
1322 183
1323 183
1324 183
1325 184
1326 184
1327 184
1328 184
1329 185
1330 185
1331 185
1332 186
1333 186
1334 186
1335 186
1336 187
1337 187
1338 187
1339 187
1340 188
1341 188
1342 188
1343 189
1344 189
1345 190
1346 190
1347 190
1348 191
1349 191
1350 192
1351 192
1352 192
1353 192
1354 192
1355 192
1356 193
1357 193
1358 194
1359 194
1360 195
1361 195
1362 195
1363 196
1364 196
1365 196
1366 196
1367 196
1368 196
1369 197
1370 197
1371 197
1372 197
1373 197
1374 197
1375 198
1376 198
1377 199
1378 200
1379 200
1380 201
1381 201
1382 202
1383 202
1384 202
1385 202
1386 203
1387 203
1388 203
1389 204
1390 204
1391 205
1392 205
1393 206
1394 206
1395 205
1396 205
1397 204
1398 203
1399 202
1400 201
1401 200
1402 199
1403 199
1404 199
1405 198
1406 198
1407 197
1408 197
1409 196
1410 195
1411 195
1412 194
1413 194
1414 193
1415 192
1416 191
1417 190
1418 189
1418 188
1419 187
1419 186
1420 185
1420 184
1420 183
1420 182
1420 181
1420 180
1421 179
1422 178
1422 177
1423 176
1424 175
1424 174
1424 173
1425 172
1425 171
1425 170
1425 169
1425 168
1426 167
1427 166
1427 165
1427 164
1427 163
1427 162
1427 161
1427 160
1427 159
1427 158
1427 157
1427 156
1427 155
1427 154
1427 153
1427 152
1427 151
1427 150
1427 149
1427 148
1427 147
1426 146
1426 145
1426 144
1425 143
1424 142
1423 141
1422 140
1421 139
1420 138
1419 137
1418 137
1417 136
1416 136
1415 135
1414 134
1413 133
1412 132
1411 131
1410 131
1409 130
1408 129
1407 128
1406 127
1405 127
1404 126
1403 126
1402 125
1401 124
1400 124
1399 124
1398 123
1397 122
1396 121
1395 120
1394 119
1393 118
1392 117
1391 117
1390 116
1389 116
1388 116
1387 116
1386 116
1385 116
1384 116
1383 116
1382 116
1381 116
1380 116
1379 115
1378 115
1377 115
1376 115
1375 115
