635 746
634 747
633 747
632 747
631 747
630 747
629 747
628 747
627 747
626 747
625 747
624 747
623 747
622 747
621 747
620 747
619 748
618 748
617 748
616 749
615 749
614 749
613 749
612 749
611 749
610 749
609 750
608 750
607 750
606 750
605 750
604 750
603 750
602 751
601 751
600 751
599 751
598 751
597 751
596 751
595 752
594 752
593 752
592 752
591 752
590 752
589 752
588 752
587 753
586 753
585 753
584 754
583 754
582 755
581 755
580 755
579 755
578 755
577 756
576 756
575 756
574 756
573 757
572 757
571 758
570 758
569 759
568 759
567 760
566 760
565 761
564 761
563 762
563 763
563 764
563 765
563 766
562 767
562 768
562 769
562 770
561 771
561 772
561 773
561 774
560 775
560 776
561 777
561 778
561 779
561 780
562 781
562 782
562 783
562 784
563 785
563 786
563 787
564 788
565 789
565 790
566 791
567 792
568 793
568 794
568 795
568 796
568 797
568 798
569 799
570 800
570 801
571 802
571 803
571 804
572 805
573 806
574 807
575 808
576 809
577 810
577 811
578 812
579 813
580 814
581 815
582 815
583 815
584 815
585 815
586 815
587 815
588 815
589 816
590 817
591 818
592 819
593 819
594 820
595 820
596 821
597 822
598 822
599 822
600 822
601 822
602 822
603 822
604 822
605 822
606 822
607 822
608 822
609 822
610 822
611 822
612 822
613 822
614 823
615 823
616 824
617 824
618 825
619 825
620 825
621 825
622 825
623 825
624 825
625 825
626 825
627 825
628 825
629 825
630 825
631 825
632 825
633 825
634 825
635 825
636 825
637 826
638 826
639 826
640 826
641 826
642 826
643 826
644 826
645 826
646 826
647 826
648 826
649 827
650 827
651 827
652 827
653 827
654 828
655 828
656 828
657 828
658 828
659 828
660 828
661 828
662 828
663 828
664 828
665 828
666 828
667 828
668 828
669 828
670 828
671 828
672 828
673 827
674 827
675 827
676 826
677 826
678 825
679 825
680 825
681 825
682 825
683 825
684 825
685 824
686 824
687 824
688 823
689 823
690 823
691 822
692 822
693 821
694 821
695 821
696 820
697 820
698 820
699 820
700 819
701 819
702 819
703 818
704 818
705 818
706 818
707 818
708 817
709 817
710 816
711 815
712 814
713 814
714 813
715 813
716 813
717 813
718 812
719 812
720 812
721 812
722 811
723 810
724 810
725 809
726 808
727 807
728 807
729 806
730 805
731 805
732 805
733 804
734 803
735 802
736 801
736 800
736 799
737 798
737 797
737 796
737 795
737 794
737 793
737 792
737 791
737 790
737 789
737 788
737 787
737 786
737 785
737 784
737 783
737 782
737 781
736 780
736 779
735 778
735 777
734 776
733 775
733 774
732 773
731 772
730 771
729 770
728 769
727 769
726 769
725 768
724 767
723 767
722 766
721 765
720 764
719 763
718 763
717 762
716 761
715 760
715 759
714 758
713 758
712 757
711 756
710 755
709 754
708 754
707 754
706 753
705 753
704 753
703 752
702 752
701 752
700 752
699 752
698 752
697 752
696 752
695 751
694 751
693 750
692 750
691 750
690 750
689 750
688 750
687 749
686 749
685 749
684 749
683 749
682 749
681 749
680 749
679 749
678 749
677 749
676 749
675 749
674 749
673 749
672 749
671 749
670 748
669 748
668 748
667 748
666 747
665 747
664 747
663 747
662 747
661 747
660 747
659 747
658 747
657 747
656 747
655 747
654 746
653 746
652 746
651 746
650 746
649 746
648 746
647 746
646 746
645 746
644 746
643 746
642 746
641 746
640 746
639 746
638 746
637 746
636 746
635 746
