588 701
587 702
586 702
585 702
584 702
583 702
582 702
581 702
580 702
579 702
578 702
577 702
576 702
575 702
574 702
573 702
572 702
571 702
570 702
569 702
568 702
567 702
566 702
565 702
564 703
563 703
562 703
561 704
560 705
559 705
559 706
558 707
557 708
556 708
555 709
554 709
553 709
552 709
551 710
550 710
550 711
550 712
551 713
551 714
551 715
551 716
551 717
551 718
552 719
552 720
553 720
554 720
555 720
556 720
557 720
558 720
559 720
560 720
561 720
562 720
563 721
564 721
565 721
566 722
567 722
568 722
569 723
570 724
571 724
572 724
573 724
574 724
575 725
576 725
577 725
578 725
579 725
580 724
581 725
582 725
583 725
584 725
585 726
586 726
587 726
588 726
589 726
590 725
591 725
592 724
593 724
594 724
595 724
596 724
597 725
598 725
599 726
600 726
601 726
602 727
603 727
604 727
605 727
606 727
607 727
608 727
609 727
610 727
611 727
612 726
613 726
614 726
615 726
616 727
617 727
618 727
619 727
620 727
621 727
622 727
623 727
624 726
625 725
626 724
627 724
628 724
629 724
630 723
631 722
632 721
632 720
633 719
633 718
633 717
633 716
633 715
633 714
633 713
633 712
633 711
633 710
633 709
632 708
632 707
631 706
630 706
629 705
628 704
627 704
626 703
625 702
624 702
623 702
622 702
621 702
620 702
619 702
618 702
617 702
616 702
615 702
614 701
613 701
612 701
611 701
610 701
609 701
608 701
607 701
606 701
605 701
604 701
603 701
602 701
601 701
600 701
599 701
598 701
597 701
596 701
595 701
594 701
593 701
592 701
591 701
590 701
589 701
588 701
