609 79
608 80
607 80
606 80
605 81
604 81
603 81
602 82
601 82
600 82
599 82
598 83
597 83
596 83
595 84
594 85
594 86
593 87
593 88
593 89
593 90
593 91
593 92
593 93
593 94
593 95
593 96
593 97
593 98
594 99
595 100
595 101
595 102
595 103
596 104
596 105
596 106
597 107
597 108
597 109
598 110
598 111
599 112
599 113
599 114
599 115
600 116
600 117
600 118
601 119
601 120
601 121
601 122
601 123
601 124
601 125
601 126
601 127
601 128
602 129
602 130
602 131
602 132
602 133
602 134
602 135
603 136
604 137
605 138
606 139
607 140
608 141
609 142
610 142
611 142
612 143
613 143
614 143
615 143
616 143
617 143
618 144
619 144
620 145
621 145
622 145
623 146
624 146
625 147
626 148
627 148
628 149
629 150
630 150
631 151
632 152
633 153
634 153
635 154
636 155
637 155
638 156
639 157
640 158
641 159
642 160
643 161
644 162
645 163
646 164
647 165
648 166
649 167
650 168
651 169
652 170
653 171
654 172
655 172
656 172
657 173
658 173
659 174
660 174
661 175
662 175
663 175
664 176
665 176
666 176
667 176
668 176
669 176
670 177
671 177
672 177
673 178
674 178
675 178
676 179
677 179
678 179
679 180
680 180
681 180
682 180
683 180
684 180
685 180
686 180
687 180
688 180
689 180
690 179
691 179
692 179
693 178
694 178
695 178
696 178
697 178
698 178
699 178
700 178
701 178
702 177
703 177
704 177
705 176
706 176
707 175
708 175
709 174
710 174
711 174
712 174
713 174
714 173
715 172
716 171
717 170
718 170
719 170
720 170
721 170
722 170
723 170
724 170
725 170
726 170
727 170
728 169
729 169
730 169
731 169
732 169
733 169
734 169
735 169
736 169
737 169
738 169
739 169
740 170
741 170
742 170
743 170
744 171
745 171
746 171
747 171
748 171
749 171
750 171
751 171
752 171
753 171
754 171
755 171
756 171
757 171
758 171
759 171
760 171
761 171
762 171
763 171
764 171
765 171
766 171
767 171
768 171
769 171
770 172
771 172
772 172
773 172
774 173
775 173
776 173
777 174
778 174
779 174
780 174
781 175
782 175
783 175
784 176
785 176
786 176
787 177
788 177
789 177
790 177
791 177
792 177
793 177
794 177
795 177
796 177
797 177
798 177
799 177
800 177
801 177
802 177
803 177
804 177
805 177
806 177
807 177
808 177
809 177
810 177
811 177
812 177
813 178
814 179
815 180
816 180
817 181
818 181
819 181
820 181
821 182
822 182
823 182
824 183
825 183
826 183
827 184
828 185
829 185
830 185
831 186
832 186
833 186
834 186
835 187
836 187
837 187
838 187
839 187
840 187
841 187
842 187
843 186
844 186
845 186
846 185
847 185
848 184
849 184
850 184
851 184
852 184
853 184
854 184
855 183
856 183
857 182
858 181
859 181
860 181
861 180
862 180
863 179
864 179
865 178
866 178
867 178
868 177
869 176
870 175
871 175
871 174
872 173
873 172
874 172
875 171
876 170
877 169
878 168
879 168
880 168
881 167
882 166
883 165
883 164
884 163
884 162
885 161
885 160
885 159
885 158
885 157
885 156
885 155
885 154
885 153
885 152
885 151
885 150
885 149
885 148
885 147
885 146
886 145
886 144
887 143
888 142
888 141
888 140
888 139
888 138
888 137
888 136
887 135
887 134
887 133
887 132
887 131
887 130
887 129
887 128
887 127
887 126
887 125
887 124
887 123
887 122
887 121
887 120
887 119
887 118
887 117
887 116
887 115
887 114
887 113
887 112
887 111
887 110
886 109
886 108
886 107
885 106
885 105
884 104
884 103
884 102
883 101
882 100
882 99
881 99
880 98
879 97
878 96
877 96
876 96
875 95
874 95
873 94
872 94
871 93
870 93
869 93
868 93
867 93
866 93
865 93
864 93
863 93
862 92
861 92
860 92
859 92
858 92
857 92
856 92
855 92
854 92
853 91
852 91
851 91
850 90
849 89
848 89
847 88
846 88
845 88
844 87
843 87
842 86
841 85
840 85
839 85
838 85
837 85
836 84
835 84
834 83
833 83
832 82
831 82
830 81
829 81
828 80
827 80
826 80
825 79
824 79
823 79
822 79
821 79
820 79
819 79
818 80
817 80
816 80
815 81
814 81
813 81
812 81
811 82
810 82
809 82
808 82
807 82
806 82
805 82
804 82
803 82
802 82
801 82
800 82
799 82
798 81
797 81
796 81
795 81
794 81
793 81
792 82
791 82
790 82
789 82
788 81
787 81
786 81
785 81
784 81
783 81
782 81
781 81
780 81
779 81
778 81
777 81
776 81
775 81
774 81
773 81
772 81
771 81
770 81
769 81
768 81
767 81
766 81
765 81
764 81
763 81
762 81
761 81
760 81
759 81
758 81
757 81
756 81
755 81
754 81
753 81
752 81
751 81
750 81
749 81
748 81
747 81
746 81
745 81
744 81
743 81
742 81
741 81
740 81
739 80
738 80
737 80
736 79
735 79
734 79
733 79
732 79
731 79
730 79
729 79
728 79
727 79
726 79
725 79
724 79
723 79
722 79
721 79
720 79
719 79
718 79
717 79
716 79
715 79
714 79
713 79
712 79
711 79
710 79
709 79
708 79
707 79
706 79
705 79
704 79
703 79
702 79
701 79
700 79
699 79
698 79
697 79
696 79
695 79
694 79
693 79
692 79
691 79
690 80
689 80
688 80
687 81
686 81
685 81
684 81
683 81
682 81
681 81
680 81
679 81
678 81
677 81
676 81
675 81
674 81
673 81
672 81
671 81
670 81
669 81
668 81
667 81
666 81
665 81
664 81
663 81
662 81
661 81
660 81
659 81
658 82
657 82
656 82
655 82
654 82
653 82
652 82
651 82
650 82
649 81
648 81
647 81
646 81
645 81
644 81
643 81
642 81
641 81
640 81
639 80
638 80
637 80
636 79
635 79
634 79
633 79
632 79
631 79
630 79
629 79
628 79
627 79
626 79
625 79
624 79
623 79
622 79
621 79
620 79
619 79
618 79
617 79
616 79
615 79
614 79
613 79
612 79
611 79
610 79
609 79
