134 561
133 562
132 562
131 562
130 563
129 563
128 563
127 563
126 564
125 564
124 564
123 565
122 565
121 565
120 566
119 566
118 566
117 567
116 567
115 568
114 568
113 569
112 569
111 570
110 570
109 571
108 571
107 571
106 572
105 573
104 573
103 573
102 574
101 574
100 575
99 575
98 576
97 577
96 578
95 578
94 579
93 579
92 579
91 580
90 580
89 581
88 581
87 582
86 583
85 584
85 585
84 586
84 587
85 588
85 589
85 590
86 591
87 592
88 593
89 593
90 593
91 594
92 595
93 595
94 596
95 596
96 596
97 596
98 596
99 597
100 597
101 598
102 599
103 599
104 600
105 600
106 601
107 601
108 601
109 602
110 602
111 602
112 603
113 603
114 603
115 603
116 603
117 604
118 605
119 605
120 606
121 606
122 606
123 606
124 606
125 606
126 606
127 606
128 606
129 606
130 606
131 606
132 606
133 606
134 606
135 606
136 606
137 606
138 606
139 606
140 606
141 606
142 605
143 605
144 605
145 605
146 605
147 604
148 603
149 602
150 601
151 600
151 599
152 598
152 597
153 596
153 595
154 594
154 593
154 592
154 591
154 590
154 589
154 588
154 587
153 586
153 585
153 584
153 583
153 582
153 581
153 580
153 579
154 578
154 577
154 576
154 575
153 574
153 573
153 572
153 571
152 570
152 569
151 568
150 567
149 566
148 565
148 564
147 563
147 562
146 562
145 562
144 561
143 561
142 561
141 561
140 561
139 561
138 561
137 561
136 561
135 561
134 561
