987 594
986 595
985 595
984 596
983 596
982 596
981 596
980 597
979 597
978 597
977 598
976 598
975 598
974 599
973 599
972 599
971 599
970 599
969 599
968 599
967 599
966 599
965 599
964 599
963 600
962 600
961 600
960 600
959 599
958 599
957 599
956 600
955 600
954 600
953 601
952 601
951 602
950 602
949 603
948 603
948 604
947 605
947 606
947 607
947 608
947 609
947 610
948 611
948 612
949 613
950 613
951 614
952 615
953 616
954 616
955 617
956 617
957 618
958 619
959 619
960 619
961 620
962 621
963 621
964 621
965 621
966 621
967 621
968 621
969 621
970 622
971 622
972 622
973 623
974 622
975 622
976 622
977 622
978 622
979 623
980 623
981 624
982 625
983 625
984 626
985 627
986 628
987 628
988 629
989 629
990 629
991 629
992 629
993 629
994 629
995 629
996 628
997 628
998 628
999 627
1000 627
1001 627
1002 627
1003 627
1004 626
1005 626
1006 626
1007 625
1008 625
1009 624
1010 624
1011 623
1012 623
1013 622
1014 622
1015 621
1015 620
1016 619
1016 618
1016 617
1016 616
1015 615
1015 614
1015 613
1014 612
1014 611
1014 610
1013 609
1012 608
1012 607
1011 606
1010 605
1009 604
1009 603
1009 602
1008 601
1008 600
1007 599
1006 598
1005 598
1004 597
1003 597
1002 596
1001 596
1000 596
999 596
998 596
997 595
996 595
995 594
994 594
993 594
992 594
991 594
990 594
989 594
988 594
987 594
