2090 2405
2089 2406
2088 2406
2087 2406
2086 2406
2085 2407
2084 2408
2083 2408
2082 2408
2081 2409
2080 2409
2079 2409
2078 2409
2077 2409
2076 2409
2075 2409
2074 2409
2073 2409
2072 2409
2071 2409
2070 2409
2069 2409
2068 2409
2067 2409
2066 2409
2065 2409
2064 2409
2063 2410
2062 2410
2061 2410
2060 2410
2059 2411
2058 2411
2057 2411
2056 2411
2055 2411
2054 2411
2053 2411
2052 2411
2051 2411
2050 2411
2049 2411
2048 2411
2047 2411
2046 2411
2045 2411
2044 2411
2043 2411
2042 2411
2041 2411
2040 2411
2039 2411
2038 2411
2037 2411
2036 2411
2035 2411
2034 2411
2033 2411
2032 2411
2031 2412
2030 2412
2029 2412
2028 2412
2027 2413
2026 2413
2025 2413
2024 2413
2023 2413
2022 2413
2021 2414
2020 2414
2019 2414
2018 2414
2017 2415
2016 2415
2015 2415
2014 2415
2013 2415
2012 2415
2011 2415
2010 2415
2009 2415
2008 2415
2007 2415
2006 2415
2005 2415
2004 2415
2003 2415
2002 2415
2001 2416
2000 2416
1999 2416
1998 2416
1997 2417
1996 2417
1995 2417
1994 2417
1993 2417
1992 2417
1991 2417
1990 2417
1989 2417
1988 2417
1987 2416
1986 2416
1985 2416
1984 2416
1983 2415
1982 2415
1981 2415
1980 2415
1979 2415
1978 2415
1977 2415
1976 2415
1975 2415
1974 2415
1973 2415
1972 2415
1971 2414
1970 2414
1969 2414
1968 2414
1967 2413
1966 2413
1965 2413
1964 2413
1963 2413
1962 2413
1961 2413
1960 2413
1959 2413
1958 2413
1957 2413
1956 2413
1955 2414
1954 2414
1953 2414
1952 2414
1951 2415
1950 2415
1949 2415
1948 2415
1947 2415
1946 2415
1945 2415
1944 2415
1943 2415
1942 2415
1941 2415
1940 2415
1939 2415
1938 2415
1937 2415
1936 2415
1935 2415
1934 2415
1933 2414
1932 2414
1931 2414
1930 2414
1929 2413
1928 2413
1927 2413
1926 2413
1925 2413
1924 2413
1923 2413
1922 2413
1921 2413
1920 2413
1919 2413
1918 2413
1917 2413
1916 2413
1915 2412
1914 2412
1913 2412
1912 2412
1911 2411
1910 2411
1909 2411
1908 2411
1907 2411
1906 2411
1905 2411
1904 2411
1903 2411
1902 2411
1901 2411
1900 2411
1899 2411
1898 2411
1897 2411
1896 2411
1895 2411
1894 2411
1893 2412
1892 2412
1891 2412
1890 2412
1889 2413
1888 2413
1887 2413
1886 2413
1885 2413
1884 2413
1883 2413
1882 2413
1881 2413
1880 2413
1879 2413
1878 2413
1877 2412
1876 2412
1875 2412
1874 2412
1873 2411
1872 2411
1871 2411
1870 2411
1869 2411
1868 2411
1867 2411
1866 2411
1865 2411
1864 2411
1863 2411
1862 2411
1861 2412
1860 2412
1859 2412
1858 2412
1857 2413
1856 2413
1855 2413
1854 2413
1853 2413
1852 2413
1851 2413
1850 2413
1849 2413
1848 2413
1847 2412
1846 2412
1845 2412
1844 2412
1843 2411
1842 2411
1841 2411
1840 2411
1839 2411
1838 2411
1837 2411
1836 2411
1835 2411
1834 2411
1833 2411
1832 2411
1831 2411
1830 2411
1829 2411
1828 2411
1827 2411
1826 2411
1825 2411
1824 2411
1823 2411
1822 2411
1821 2411
1820 2411
1819 2410
1818 2410
1817 2410
1816 2410
1815 2409
1814 2409
1813 2409
1812 2409
1811 2410
1810 2410
1809 2410
1808 2410
1807 2411
1806 2411
1805 2412
1804 2412
1803 2412
1802 2412
1801 2413
1800 2413
1799 2414
1798 2414
1797 2414
1796 2414
1795 2415
1794 2415
1793 2415
1792 2415
1791 2415
1790 2415
1789 2416
1788 2416
1787 2416
1786 2416
1785 2417
1784 2417
1783 2417
1782 2417
1781 2418
1780 2418
1779 2418
1778 2418
1777 2419
1776 2419
1775 2420
1774 2420
1773 2420
1772 2420
1771 2421
1770 2422
1769 2422
1768 2422
1767 2423
1766 2423
1765 2423
1764 2423
1763 2423
1762 2423
1761 2423
1760 2423
1759 2423
1758 2423
1757 2423
1756 2423
1755 2423
1754 2423
1753 2423
1752 2423
1751 2423
1750 2423
1749 2423
1748 2423
1747 2423
1746 2423
1745 2423
1744 2423
1743 2423
1742 2423
1741 2423
1740 2423
1739 2423
1738 2423
1737 2423
1736 2423
1735 2423
1734 2423
1733 2423
1732 2423
1731 2424
1730 2424
1729 2424
1728 2424
1727 2425
1726 2425
1725 2425
1724 2425
1723 2426
1722 2426
1721 2426
1720 2426
1719 2427
1718 2427
1717 2427
1716 2427
1715 2427
1714 2427
1713 2428
1712 2428
1711 2428
1710 2428
1709 2429
1708 2430
1707 2430
1706 2430
1705 2431
1704 2431
1703 2431
1702 2431
1701 2432
1700 2432
1699 2432
1698 2432
1697 2433
1696 2434
1695 2435
1694 2436
1693 2436
1692 2437
1691 2438
1690 2438
1689 2439
1688 2439
1687 2440
1686 2440
1685 2440
1684 2440
1683 2441
1682 2441
1681 2442
1680 2442
1679 2442
1678 2442
1677 2443
1676 2444
1675 2444
1674 2444
1673 2445
1672 2445
1671 2445
1670 2445
1669 2445
1668 2445
1667 2445
1666 2445
1665 2445
1664 2445
1663 2446
1662 2446
1661 2446
1660 2446
1659 2447
1658 2447
1657 2448
1656 2448
1655 2448
1654 2448
1653 2449
1652 2449
1651 2450
1650 2450
1649 2450
1648 2450
1647 2451
1646 2451
1645 2451
1644 2451
1643 2452
1642 2452
1641 2452
1640 2452
1639 2453
1638 2453
1637 2454
1636 2454
1635 2455
1634 2456
1633 2456
1632 2457
1631 2458
1630 2458
1629 2459
1628 2459
1627 2460
1626 2460
1625 2460
1624 2460
1623 2461
1622 2461
1621 2462
1620 2462
1619 2462
1618 2462
1617 2463
1616 2463
1615 2463
1614 2463
1613 2464
1612 2464
1611 2464
1610 2464
1609 2465
1608 2465
1607 2466
1606 2466
1605 2466
1604 2466
1603 2467
1602 2467
1601 2467
1600 2467
1599 2468
1598 2468
1597 2468
1596 2468
1595 2469
1594 2470
1593 2470
1592 2470
1591 2471
1590 2472
1589 2472
1588 2472
1587 2473
1586 2474
1585 2474
1584 2474
1583 2475
1582 2475
1581 2476
1580 2476
1579 2476
1578 2476
1577 2477
1576 2477
1575 2478
1574 2478
1573 2478
1572 2478
1571 2479
1570 2480
1569 2480
1568 2480
1567 2481
1566 2482
1565 2482
1564 2482
1563 2483
1562 2483
1561 2484
1560 2484
1559 2485
1558 2485
1557 2486
1556 2486
1555 2487
1554 2488
1553 2488
1552 2488
1551 2489
1550 2489
1549 2489
1548 2489
1547 2489
1546 2489
1545 2490
1544 2490
1543 2490
1542 2490
1541 2491
1540 2492
1539 2492
1538 2492
1537 2493
1536 2494
1535 2494
1534 2494
1533 2495
1532 2496
1531 2496
1530 2496
1529 2497
1528 2497
1527 2498
1526 2498
1525 2498
1524 2498
1523 2499
1522 2500
1521 2500
1520 2500
1519 2501
1518 2502
1517 2502
1516 2502
1515 2503
1514 2503
1513 2504
1512 2504
1511 2504
1510 2504
1509 2505
1508 2505
1507 2506
1506 2506
1505 2506
1504 2506
1503 2507
1502 2507
1501 2507
1500 2507
1499 2508
1498 2508
1497 2508
1496 2508
1495 2509
1494 2509
1493 2509
1492 2509
1491 2509
1490 2509
1489 2509
1488 2509
1487 2509
1486 2509
1485 2509
1484 2509
1483 2509
1482 2509
1481 2509
1480 2509
1479 2509
1478 2509
1477 2509
1476 2509
1475 2510
1474 2510
1473 2510
1472 2510
1471 2511
1470 2511
1469 2511
1468 2511
1467 2511
1466 2511
1465 2512
1464 2512
1463 2512
1462 2512
1461 2513
1460 2514
1459 2514
1458 2514
1457 2515
1456 2515
1455 2515
1454 2515
1453 2516
1452 2516
1451 2516
1450 2516
1449 2517
1448 2517
1447 2518
1446 2518
1445 2518
1444 2518
1443 2519
1442 2520
1441 2520
1440 2520
1439 2521
1438 2522
1437 2522
1436 2522
1435 2523
1434 2523
1433 2524
1432 2524
1431 2524
1430 2524
1429 2525
1428 2525
1427 2526
1426 2526
1425 2526
1424 2526
1423 2527
1422 2527
1421 2527
1420 2527
1419 2528
1418 2528
1417 2528
1416 2528
1415 2529
1414 2529
1413 2530
1412 2530
1411 2530
1410 2530
1409 2531
1408 2531
1407 2531
1406 2531
1405 2532
1404 2532
1403 2532
1402 2532
1401 2533
1400 2533
1399 2534
1398 2534
1397 2534
1396 2534
1395 2535
1394 2535
1393 2535
1392 2535
1391 2535
1390 2535
1389 2535
1388 2535
1387 2536
1386 2536
1385 2536
1384 2536
1383 2537
1382 2538
1381 2538
1380 2538
1379 2539
1378 2539
1377 2540
1376 2540
1375 2540
1374 2540
1373 2541
1372 2541
1371 2541
1370 2541
1369 2541
1368 2541
1367 2541
1366 2541
1365 2542
1364 2542
1363 2542
1362 2542
1361 2543
1360 2543
1359 2543
1358 2543
1357 2543
1356 2543
1355 2543
1354 2543
1353 2544
1352 2544
1351 2544
1350 2544
1349 2545
1348 2545
1347 2546
1346 2546
1345 2546
1344 2546
1343 2547
1342 2547
1341 2547
1340 2547
1339 2547
1338 2547
1337 2548
1336 2548
1335 2548
1334 2548
1333 2549
1332 2550
1331 2550
1330 2550
1329 2551
1328 2551
1327 2551
1326 2551
1325 2551
1324 2551
1323 2551
1322 2551
1321 2551
1320 2551
1319 2551
1318 2551
1317 2551
1316 2551
1315 2551
1314 2551
1313 2552
1312 2552
1311 2552
1310 2552
1309 2553
1308 2553
1307 2553
1306 2553
1305 2553
1304 2553
1303 2553
1302 2553
1301 2553
1300 2553
1299 2554
1298 2554
1297 2554
1296 2554
1295 2555
1294 2555
1293 2555
1292 2555
1291 2556
1290 2556
1289 2556
1288 2556
1287 2557
1286 2557
1285 2558
1284 2558
1283 2558
1282 2558
1281 2559
1280 2559
1279 2559
1278 2559
1277 2560
1276 2560
1275 2560
1274 2560
1273 2561
1272 2561
1271 2561
1270 2561
1269 2561
1268 2561
1267 2561
1266 2561
1265 2561
1264 2561
1263 2561
1262 2561
1261 2561
1260 2561
1259 2561
1258 2561
1257 2561
1256 2561
1255 2561
1254 2561
1253 2562
1252 2562
1251 2562
1250 2562
1249 2563
1248 2564
1247 2564
1246 2564
1245 2565
1244 2565
1243 2565
1242 2565
1241 2565
1240 2565
1239 2565
1238 2565
1237 2565
1236 2565
1235 2565
1234 2565
1233 2565
1232 2565
1231 2565
1230 2565
1229 2565
1228 2565
1227 2565
1226 2565
1225 2565
1224 2565
1223 2566
1222 2566
1221 2566
1220 2566
1219 2567
1218 2567
1217 2567
1216 2567
1215 2567
1214 2567
1213 2567
1212 2567
1211 2567
1210 2567
1209 2566
1208 2566
1207 2566
1206 2566
1205 2565
1204 2565
1203 2565
1202 2565
1201 2565
1200 2565
1199 2566
1198 2566
1197 2566
1196 2566
1195 2567
1194 2567
1193 2567
1192 2567
1191 2567
1190 2567
1189 2567
1188 2567
1187 2567
1186 2567
1185 2567
1184 2567
1183 2567
1182 2567
1181 2567
1180 2567
1179 2567
1178 2567
1177 2567
1176 2567
1175 2567
1174 2567
1173 2568
1172 2568
1171 2568
1170 2568
1169 2569
1168 2569
1167 2569
1166 2569
1165 2569
1164 2569
1163 2570
1162 2570
1161 2570
1160 2570
1159 2571
1158 2571
1157 2571
1156 2571
1155 2571
1154 2571
1153 2571
1152 2571
1151 2571
1150 2571
1149 2571
1148 2571
1147 2571
1146 2571
1145 2572
1144 2572
1143 2572
1142 2572
1141 2573
1140 2573
1139 2574
1138 2574
1137 2574
1136 2574
1135 2575
1134 2575
1133 2576
1132 2576
1131 2576
1130 2576
1129 2577
1128 2577
1127 2578
1126 2578
1125 2578
1124 2578
1123 2579
1122 2579
1121 2579
1120 2579
1119 2579
1118 2579
1117 2579
1116 2579
1115 2579
1114 2579
1113 2580
1112 2580
1111 2580
1110 2580
1109 2581
1108 2581
1107 2581
1106 2581
1105 2581
1104 2581
1103 2582
1102 2582
1101 2582
1100 2582
1099 2583
1098 2583
1097 2583
1096 2583
1095 2584
1094 2584
1093 2584
1092 2584
1091 2585
1090 2585
1089 2585
1088 2585
1087 2585
1086 2585
1085 2585
1084 2585
1083 2585
1082 2585
1081 2585
1080 2585
1079 2586
1078 2586
1077 2586
1076 2586
1075 2587
1074 2587
1073 2588
1072 2588
1071 2588
1070 2588
1069 2589
1068 2589
1067 2589
1066 2589
1065 2589
1064 2589
1063 2589
1062 2589
1061 2589
1060 2589
1059 2590
1058 2590
1057 2590
1056 2590
1055 2591
1054 2591
1053 2591
1052 2591
1051 2591
1050 2591
1049 2592
1048 2592
1047 2592
1046 2592
1045 2593
1044 2593
1043 2593
1042 2593
1041 2593
1040 2593
1039 2593
1038 2593
1037 2593
1036 2593
1035 2593
1034 2593
1033 2593
1032 2593
1031 2593
1030 2593
1029 2593
1028 2593
1027 2593
1026 2593
1025 2593
1024 2593
1023 2593
1022 2593
1021 2593
1020 2593
1019 2593
1018 2593
1017 2593
1016 2593
1015 2593
1014 2593
1013 2593
1012 2593
1011 2593
1010 2593
1009 2594
1008 2594
1007 2594
1006 2594
1005 2595
1004 2595
1003 2595
1002 2595
1001 2595
1000 2595
999 2595
998 2595
997 2595
996 2595
995 2595
994 2595
993 2595
992 2595
991 2595
990 2595
989 2595
988 2595
987 2595
986 2595
985 2596
984 2596
983 2596
982 2596
981 2597
980 2597
979 2597
978 2597
977 2597
976 2597
975 2597
974 2597
973 2597
972 2597
971 2597
970 2597
969 2597
968 2597
967 2597
966 2597
965 2597
964 2597
963 2597
962 2597
961 2597
960 2597
959 2597
958 2597
957 2597
956 2597
955 2597
954 2597
953 2597
952 2597
951 2597
950 2597
949 2597
948 2597
947 2597
946 2597
945 2597
944 2597
943 2597
942 2597
941 2597
940 2597
939 2597
938 2597
937 2597
936 2597
935 2597
934 2597
933 2597
932 2597
931 2597
930 2597
929 2597
928 2597
927 2598
926 2598
925 2598
924 2598
923 2599
922 2599
921 2599
920 2599
919 2599
918 2599
917 2600
916 2600
915 2600
914 2600
913 2601
912 2601
911 2601
910 2601
909 2601
908 2601
907 2601
906 2601
905 2601
904 2601
903 2601
902 2601
901 2601
900 2601
899 2601
898 2601
897 2601
896 2601
895 2601
894 2601
893 2600
892 2600
891 2600
890 2600
889 2599
888 2599
887 2599
886 2599
885 2599
884 2599
883 2599
882 2599
881 2599
880 2599
879 2599
878 2599
877 2599
876 2599
875 2599
874 2599
873 2599
872 2599
871 2600
870 2600
869 2600
868 2600
867 2601
866 2601
865 2601
864 2601
863 2601
862 2601
861 2601
860 2601
859 2601
858 2601
857 2602
856 2602
855 2602
854 2602
853 2603
852 2603
851 2603
850 2603
849 2603
848 2603
847 2603
846 2603
845 2603
844 2603
843 2603
842 2603
841 2603
840 2603
839 2603
838 2603
837 2603
836 2603
835 2603
834 2603
833 2603
832 2603
831 2603
830 2603
829 2603
828 2603
827 2603
826 2603
825 2603
824 2603
823 2603
822 2603
821 2604
820 2604
819 2604
818 2604
817 2605
816 2605
815 2605
814 2605
813 2605
812 2605
811 2605
810 2605
809 2605
808 2605
807 2605
806 2605
805 2605
804 2605
803 2605
802 2605
801 2605
800 2605
799 2605
798 2605
797 2605
796 2605
795 2605
794 2605
793 2605
792 2605
791 2605
790 2605
789 2605
788 2605
787 2605
786 2605
785 2605
784 2605
783 2605
782 2605
781 2605
780 2605
779 2605
778 2605
777 2605
776 2605
775 2605
774 2605
773 2605
772 2605
771 2605
770 2605
769 2605
768 2605
767 2605
766 2605
765 2605
764 2605
763 2605
762 2605
761 2604
760 2604
759 2604
758 2604
757 2603
756 2603
755 2603
754 2603
753 2603
752 2603
751 2604
750 2604
749 2604
748 2604
747 2605
746 2606
745 2606
744 2606
743 2607
742 2607
741 2607
740 2607
739 2607
738 2607
737 2607
736 2607
735 2607
734 2607
733 2607
732 2607
731 2607
730 2607
729 2607
728 2607
727 2607
726 2607
725 2606
724 2606
723 2606
722 2606
721 2605
720 2605
719 2605
718 2605
717 2605
716 2605
715 2605
714 2605
713 2605
712 2605
711 2605
710 2605
709 2605
708 2605
707 2605
706 2605
705 2605
704 2605
703 2605
702 2605
701 2605
700 2605
699 2605
698 2605
697 2605
696 2605
695 2605
694 2605
693 2605
692 2605
691 2605
690 2605
689 2605
688 2605
687 2605
686 2605
685 2605
684 2605
683 2606
682 2606
681 2606
680 2606
679 2607
678 2607
677 2607
676 2607
675 2607
674 2607
673 2608
672 2608
671 2608
670 2608
669 2609
668 2609
667 2609
666 2609
665 2609
664 2609
663 2609
662 2609
661 2609
660 2609
659 2609
658 2609
657 2609
656 2609
655 2609
654 2609
653 2609
652 2609
651 2609
650 2609
649 2609
648 2609
647 2609
646 2609
645 2609
644 2609
643 2609
642 2609
641 2609
640 2609
639 2609
638 2609
637 2609
636 2609
635 2609
634 2609
633 2609
632 2609
631 2610
630 2610
629 2610
628 2610
627 2611
626 2611
625 2611
624 2611
623 2611
622 2611
621 2611
620 2611
619 2611
618 2611
617 2611
616 2611
615 2611
614 2611
613 2611
612 2611
611 2611
610 2611
609 2611
608 2611
607 2611
606 2611
605 2611
604 2611
603 2611
602 2611
601 2611
600 2611
599 2611
598 2611
597 2611
596 2611
595 2611
594 2611
593 2611
592 2611
591 2611
590 2611
589 2611
588 2611
587 2611
586 2611
585 2611
584 2611
583 2611
582 2611
581 2611
580 2611
579 2611
578 2611
577 2612
576 2612
575 2612
574 2612
573 2613
572 2613
571 2613
570 2613
569 2613
568 2613
567 2614
566 2614
565 2614
564 2614
563 2615
562 2615
561 2615
560 2615
559 2616
558 2616
557 2616
556 2616
555 2617
554 2617
553 2618
552 2618
551 2618
550 2618
549 2619
548 2619
547 2619
546 2619
545 2619
544 2619
543 2619
542 2619
541 2619
540 2619
539 2619
538 2619
537 2619
536 2619
535 2619
534 2619
533 2619
532 2619
531 2620
530 2620
529 2620
528 2620
527 2621
526 2621
525 2621
524 2621
523 2621
522 2621
521 2620
520 2620
519 2620
518 2620
517 2619
516 2619
515 2619
514 2619
513 2619
512 2619
511 2619
510 2619
509 2620
508 2620
507 2620
506 2620
505 2621
504 2621
503 2621
502 2621
501 2621
500 2621
499 2621
498 2621
497 2621
496 2621
495 2621
494 2621
493 2622
492 2622
491 2623
490 2623
489 2624
488 2624
487 2625
486 2625
485 2625
484 2625
483 2625
482 2625
481 2625
480 2625
479 2625
478 2625
477 2626
476 2626
475 2626
474 2626
473 2627
472 2627
471 2627
470 2627
469 2627
468 2627
467 2628
466 2628
465 2628
464 2628
463 2629
462 2629
461 2629
460 2629
459 2629
458 2629
457 2629
456 2629
455 2629
454 2629
453 2629
452 2629
451 2629
450 2629
449 2629
448 2629
447 2629
446 2629
445 2629
444 2629
443 2629
442 2629
441 2629
440 2629
439 2629
438 2629
437 2630
436 2630
435 2630
434 2630
433 2631
432 2631
431 2631
430 2631
429 2631
428 2631
427 2632
426 2632
425 2632
424 2632
423 2633
422 2634
421 2634
420 2634
419 2635
418 2636
417 2636
416 2636
415 2637
414 2638
413 2638
412 2638
411 2639
410 2639
409 2639
408 2639
407 2639
406 2639
405 2640
404 2640
403 2640
402 2640
401 2641
400 2641
399 2641
398 2641
397 2641
396 2641
395 2641
394 2641
393 2641
392 2641
391 2641
390 2641
389 2642
388 2642
387 2642
386 2642
385 2643
384 2643
383 2643
382 2643
381 2643
380 2643
379 2643
378 2643
377 2643
376 2643
375 2644
374 2644
373 2644
372 2644
371 2645
370 2645
369 2645
368 2645
367 2645
366 2645
365 2646
364 2646
363 2646
362 2646
361 2647
360 2647
359 2647
358 2647
357 2647
356 2647
355 2648
354 2648
353 2648
352 2648
351 2649
350 2649
349 2649
348 2649
347 2649
346 2649
345 2650
344 2650
343 2650
342 2650
341 2651
340 2651
339 2651
338 2651
337 2652
336 2652
335 2652
334 2652
333 2653
332 2654
331 2654
330 2654
329 2655
328 2655
327 2655
326 2655
325 2656
324 2656
323 2656
322 2656
321 2657
320 2657
319 2658
318 2658
317 2658
316 2658
315 2659
314 2660
313 2660
312 2660
311 2661
310 2661
309 2661
308 2661
307 2661
306 2661
305 2661
304 2661
303 2662
302 2662
301 2662
300 2662
299 2663
298 2664
297 2664
296 2664
295 2665
294 2665
293 2666
292 2666
291 2666
290 2666
289 2667
288 2667
287 2668
286 2668
285 2668
284 2668
283 2669
282 2670
281 2670
280 2670
279 2671
278 2671
277 2672
276 2672
275 2672
274 2672
273 2673
272 2674
271 2674
270 2674
269 2675
268 2675
267 2676
266 2676
265 2677
264 2678
263 2678
263 2679
262 2680
261 2680
261 2681
260 2682
259 2682
259 2683
258 2684
257 2685
256 2686
255 2687
255 2688
254 2689
254 2690
253 2691
253 2692
252 2693
252 2694
252 2695
252 2696
252 2697
252 2698
252 2699
252 2700
252 2701
252 2702
252 2703
252 2704
251 2705
251 2706
251 2707
251 2708
250 2709
250 2710
250 2711
250 2712
251 2713
251 2714
251 2715
251 2716
252 2717
252 2718
253 2719
253 2720
253 2721
253 2722
254 2723
254 2724
255 2725
255 2726
255 2727
255 2728
256 2729
257 2730
257 2731
257 2732
258 2733
259 2734
259 2735
259 2736
260 2737
260 2738
261 2739
261 2740
261 2741
261 2742
262 2743
262 2744
263 2745
263 2746
263 2747
263 2748
264 2749
265 2750
265 2751
265 2752
266 2753
267 2754
267 2755
267 2756
268 2757
269 2758
270 2759
271 2760
271 2761
272 2761
273 2762
273 2763
274 2763
275 2764
276 2765
277 2766
278 2767
279 2767
280 2768
281 2769
282 2769
283 2770
283 2771
284 2771
285 2772
285 2773
286 2773
287 2774
287 2775
288 2776
289 2777
289 2778
290 2779
291 2780
292 2781
293 2782
293 2783
294 2783
295 2784
295 2785
296 2785
297 2786
298 2787
299 2787
300 2788
301 2788
302 2789
303 2789
304 2790
305 2791
306 2791
307 2792
307 2793
308 2793
309 2794
309 2795
310 2795
311 2796
311 2797
312 2797
313 2798
313 2799
314 2799
315 2800
315 2801
316 2801
317 2802
318 2803
319 2804
320 2805
321 2806
322 2807
323 2808
324 2809
324 2810
325 2811
325 2812
326 2813
327 2814
328 2815
329 2816
329 2817
330 2817
331 2818
331 2819
332 2819
333 2820
333 2821
334 2821
335 2822
335 2823
336 2823
337 2824
337 2825
338 2826
339 2827
339 2828
340 2829
340 2830
341 2831
341 2832
341 2833
341 2834
342 2835
343 2836
343 2837
343 2838
344 2839
345 2840
345 2841
345 2842
346 2843
347 2844
348 2845
348 2846
349 2847
349 2848
350 2849
351 2850
351 2851
351 2852
352 2853
353 2854
353 2855
353 2856
354 2857
355 2858
356 2859
356 2860
357 2861
357 2862
358 2863
359 2864
360 2865
361 2866
361 2867
362 2867
363 2868
364 2869
365 2870
366 2871
367 2871
368 2872
369 2873
370 2873
371 2874
371 2875
372 2875
373 2876
373 2877
374 2877
375 2878
375 2879
376 2879
377 2880
377 2881
378 2881
379 2882
379 2883
380 2883
381 2884
381 2885
382 2885
383 2886
383 2887
384 2887
385 2888
385 2889
386 2889
387 2890
387 2891
388 2891
389 2892
389 2893
390 2893
391 2894
391 2895
392 2895
393 2896
393 2897
394 2898
395 2899
395 2900
396 2901
397 2902
397 2903
397 2904
398 2905
399 2906
399 2907
399 2908
400 2909
401 2910
401 2911
401 2912
402 2913
403 2914
404 2915
405 2916
405 2917
406 2917
407 2918
407 2919
408 2919
409 2920
409 2921
410 2921
411 2922
411 2923
412 2923
413 2924
413 2925
414 2925
415 2926
415 2927
416 2927
417 2928
417 2929
418 2929
419 2930
419 2931
420 2931
421 2932
421 2933
422 2933
423 2934
423 2935
424 2935
425 2936
425 2937
426 2937
427 2938
427 2939
428 2939
429 2940
430 2941
431 2942
432 2943
433 2943
434 2944
435 2945
436 2945
437 2946
437 2947
438 2947
439 2948
439 2949
440 2949
441 2950
442 2951
443 2952
444 2953
445 2953
446 2954
447 2955
448 2956
449 2957
449 2958
450 2959
451 2960
452 2961
453 2962
453 2963
454 2963
455 2964
456 2965
457 2966
458 2967
459 2967
460 2968
461 2969
462 2969
463 2970
463 2971
464 2971
465 2972
465 2973
466 2973
467 2974
467 2975
468 2975
469 2976
469 2977
470 2977
471 2978
471 2979
472 2979
473 2980
473 2981
474 2981
475 2982
475 2983
476 2983
477 2984
478 2985
479 2986
480 2987
481 2987
482 2988
483 2989
484 2989
485 2990
485 2991
486 2991
487 2992
487 2993
488 2993
489 2994
489 2995
490 2995
491 2996
491 2997
492 2997
493 2998
494 2999
495 3000
496 3001
497 3001
498 3002
499 3002
500 3003
501 3004
502 3005
503 3005
504 3006
505 3007
506 3007
507 3008
507 3009
508 3009
509 3010
509 3011
510 3011
511 3012
511 3013
512 3013
513 3014
514 3015
515 3016
516 3017
517 3017
518 3018
519 3019
519 3020
520 3021
521 3022
522 3023
522 3024
523 3025
523 3026
524 3027
525 3028
526 3029
527 3030
527 3031
528 3031
529 3032
529 3033
530 3033
531 3034
531 3035
532 3035
533 3036
533 3037
534 3037
535 3038
535 3039
536 3039
537 3040
537 3041
538 3042
539 3043
539 3044
540 3045
541 3046
542 3047
543 3048
543 3049
544 3049
545 3050
545 3051
546 3052
547 3053
547 3054
548 3055
548 3056
549 3057
549 3058
550 3059
551 3060
552 3061
553 3062
554 3063
555 3063
556 3064
557 3064
558 3065
559 3066
560 3067
561 3067
562 3067
563 3068
564 3069
565 3069
566 3070
567 3070
568 3071
569 3072
570 3073
571 3073
572 3074
573 3075
574 3075
575 3076
575 3077
576 3077
577 3078
577 3079
578 3079
579 3080
580 3081
581 3082
582 3083
583 3083
584 3083
585 3083
586 3084
587 3084
588 3085
589 3085
590 3085
591 3086
592 3087
593 3087
594 3087
595 3087
596 3088
597 3088
598 3088
599 3088
600 3088
601 3088
602 3088
603 3088
604 3088
605 3088
606 3088
607 3088
608 3088
609 3088
610 3089
611 3089
612 3089
613 3089
614 3090
615 3090
616 3091
617 3091
618 3092
619 3092
620 3093
621 3093
622 3094
623 3094
624 3094
625 3094
626 3095
627 3095
628 3095
629 3096
630 3097
631 3097
632 3097
633 3098
634 3099
635 3099
636 3100
637 3100
638 3101
639 3102
640 3103
641 3103
642 3103
643 3103
644 3104
645 3104
646 3105
647 3105
648 3106
649 3106
650 3107
651 3107
652 3108
653 3108
654 3109
655 3109
656 3109
657 3110
658 3111
659 3111
660 3111
661 3112
662 3113
663 3113
664 3113
665 3114
666 3115
667 3115
668 3116
669 3117
670 3117
671 3118
671 3119
672 3119
673 3120
673 3121
674 3121
675 3122
676 3123
677 3124
678 3125
679 3125
680 3125
681 3125
682 3126
683 3126
684 3127
685 3127
686 3127
687 3128
688 3129
689 3129
690 3129
691 3130
692 3131
693 3131
694 3131
695 3132
696 3133
697 3133
698 3133
699 3134
700 3135
701 3135
702 3135
703 3135
704 3136
705 3136
706 3137
707 3137
708 3137
709 3138
710 3139
711 3139
712 3139
713 3140
714 3141
715 3141
716 3141
717 3142
718 3143
719 3143
720 3143
721 3143
722 3144
723 3144
724 3145
725 3145
726 3145
727 3146
728 3147
729 3147
730 3148
731 3148
732 3149
733 3149
734 3150
735 3150
736 3150
737 3150
738 3150
739 3150
740 3150
741 3150
742 3150
743 3150
744 3151
745 3151
746 3151
747 3151
748 3152
749 3152
750 3152
751 3152
752 3152
753 3152
754 3152
755 3152
756 3152
757 3152
758 3152
759 3152
760 3152
761 3152
762 3152
763 3152
764 3152
765 3152
766 3152
767 3152
768 3152
769 3152
770 3152
771 3152
772 3152
773 3152
774 3152
775 3152
776 3152
777 3152
778 3153
779 3153
780 3153
781 3153
782 3154
783 3154
784 3155
785 3155
786 3155
787 3155
788 3156
789 3156
790 3156
791 3156
792 3156
793 3156
794 3157
795 3157
796 3157
797 3157
798 3158
799 3158
800 3158
801 3158
802 3158
803 3158
804 3158
805 3158
806 3157
807 3157
808 3157
809 3157
810 3157
811 3157
812 3157
813 3157
814 3158
815 3158
816 3158
817 3158
818 3158
819 3158
820 3158
821 3158
822 3158
823 3158
824 3158
825 3158
826 3157
827 3157
828 3156
829 3156
830 3155
831 3155
832 3154
833 3154
834 3153
835 3153
836 3153
837 3153
838 3152
839 3151
840 3151
841 3151
842 3150
843 3149
844 3149
845 3149
846 3148
847 3148
848 3148
849 3148
850 3148
851 3148
852 3148
853 3148
854 3147
855 3147
856 3147
857 3147
858 3146
859 3146
860 3147
861 3147
862 3147
863 3147
864 3148
865 3148
866 3149
867 3149
868 3149
869 3149
870 3150
871 3150
872 3151
873 3151
874 3151
875 3151
876 3152
877 3152
878 3153
879 3153
880 3153
881 3153
882 3154
883 3154
884 3154
885 3154
886 3154
887 3154
888 3155
889 3155
890 3155
891 3156
892 3157
893 3157
894 3157
895 3158
896 3159
897 3159
898 3159
899 3160
900 3161
901 3161
902 3161
903 3161
904 3162
905 3162
906 3162
907 3162
908 3163
909 3163
910 3163
911 3163
912 3164
913 3164
914 3164
915 3164
916 3164
917 3164
918 3165
919 3165
920 3165
921 3166
922 3167
923 3167
924 3167
925 3167
926 3168
927 3168
928 3168
929 3168
930 3168
931 3168
932 3168
933 3168
934 3168
935 3168
936 3167
937 3167
938 3167
939 3167
940 3166
941 3166
942 3167
943 3167
944 3167
945 3167
946 3168
947 3168
948 3168
949 3168
950 3167
951 3167
952 3167
953 3167
954 3166
955 3166
956 3166
957 3166
958 3166
959 3166
960 3166
961 3166
962 3166
963 3166
964 3166
965 3166
966 3166
967 3166
968 3167
969 3167
970 3167
971 3167
972 3168
973 3168
974 3168
975 3168
976 3168
977 3168
978 3168
979 3168
980 3168
981 3168
982 3168
983 3168
984 3169
985 3169
986 3169
987 3169
988 3170
989 3170
990 3171
991 3171
992 3171
993 3171
994 3172
995 3172
996 3172
997 3172
998 3172
999 3172
1000 3172
1001 3172
1002 3172
1003 3172
1004 3172
1005 3172
1006 3172
1007 3172
1008 3173
1009 3173
1010 3173
1011 3173
1012 3174
1013 3174
1014 3174
1015 3174
1016 3174
1017 3174
1018 3175
1019 3175
1020 3175
1021 3175
1022 3176
1023 3176
1024 3176
1025 3176
1026 3177
1027 3177
1028 3177
1029 3177
1030 3178
1031 3178
1032 3178
1033 3178
1034 3178
1035 3178
1036 3177
1037 3177
1038 3177
1039 3177
1040 3176
1041 3176
1042 3176
1043 3176
1044 3176
1045 3176
1046 3176
1047 3176
1048 3176
1049 3176
1050 3176
1051 3176
1052 3176
1053 3176
1054 3176
1055 3176
1056 3176
1057 3176
1058 3176
1059 3176
1060 3176
1061 3176
1062 3176
1063 3176
1064 3176
1065 3176
1066 3176
1067 3176
1068 3176
1069 3176
1070 3176
1071 3176
1072 3176
1073 3176
1074 3177
1075 3177
1076 3177
1077 3177
1078 3178
1079 3178
1080 3178
1081 3178
1082 3178
1083 3178
1084 3178
1085 3178
1086 3178
1087 3178
1088 3178
1089 3178
1090 3178
1091 3178
1092 3178
1093 3178
1094 3179
1095 3179
1096 3179
1097 3179
1098 3180
1099 3180
1100 3180
1101 3180
1102 3180
1103 3180
1104 3180
1105 3180
1106 3180
1107 3180
1108 3181
1109 3181
1110 3181
1111 3181
1112 3182
1113 3182
1114 3182
1115 3182
1116 3182
1117 3182
1118 3183
1119 3183
1120 3183
1121 3183
1122 3184
1123 3184
1124 3184
1125 3184
1126 3184
1127 3184
1128 3184
1129 3184
1130 3184
1131 3184
1132 3184
1133 3184
1134 3184
1135 3184
1136 3184
1137 3184
1138 3184
1139 3184
1140 3184
1141 3184
1142 3184
1143 3184
1144 3184
1145 3184
1146 3184
1147 3184
1148 3184
1149 3184
1150 3184
1151 3184
1152 3184
1153 3184
1154 3185
1155 3185
1156 3185
1157 3185
1158 3186
1159 3186
1160 3187
1161 3187
1162 3187
1163 3187
1164 3188
1165 3188
1166 3188
1167 3188
1168 3187
1169 3187
1170 3187
1171 3187
1172 3186
1173 3186
1174 3186
1175 3186
1176 3186
1177 3186
1178 3186
1179 3186
1180 3186
1181 3186
1182 3187
1183 3187
1184 3187
1185 3188
1186 3189
1187 3189
1188 3189
1189 3189
1190 3190
1191 3190
1192 3189
1193 3189
1194 3189
1195 3189
1196 3188
1197 3188
1198 3188
1199 3188
1200 3188
1201 3188
1202 3189
1203 3189
1204 3189
1205 3189
1206 3190
1207 3190
1208 3190
1209 3190
1210 3190
1211 3190
1212 3190
1213 3190
1214 3190
1215 3190
1216 3190
1217 3190
1218 3190
1219 3190
1220 3191
1221 3191
1222 3191
1223 3191
1224 3192
1225 3192
1226 3192
1227 3192
1228 3192
1229 3192
1230 3192
1231 3192
1232 3192
1233 3192
1234 3192
1235 3192
1236 3192
1237 3192
1238 3192
1239 3192
1240 3192
1241 3192
1242 3193
1243 3193
1244 3193
1245 3193
1246 3194
1247 3194
1248 3195
1249 3195
1250 3195
1251 3195
1252 3196
1253 3196
1254 3196
1255 3196
1256 3196
1257 3196
1258 3196
1259 3196
1260 3196
1261 3196
1262 3196
1263 3196
1264 3196
1265 3196
1266 3196
1267 3196
1268 3195
1269 3195
1270 3195
1271 3195
1272 3194
1273 3194
1274 3194
1275 3194
1276 3195
1277 3195
1278 3195
1279 3195
1280 3196
1281 3196
1282 3196
1283 3196
1284 3196
1285 3196
1286 3196
1287 3196
1288 3196
1289 3196
1290 3196
1291 3196
1292 3195
1293 3195
1294 3195
1295 3195
1296 3194
1297 3194
1298 3195
1299 3195
1300 3195
1301 3195
1302 3196
1303 3196
1304 3196
1305 3196
1306 3196
1307 3196
1308 3196
1309 3196
1310 3196
1311 3196
1312 3195
1313 3195
1314 3195
1315 3195
1316 3194
1317 3194
1318 3193
1319 3193
1320 3193
1321 3193
1322 3192
1323 3192
1324 3192
1325 3192
1326 3192
1327 3192
1328 3192
1329 3192
1330 3192
1331 3192
1332 3192
1333 3192
1334 3192
1335 3192
1336 3192
1337 3192
1338 3192
1339 3192
1340 3192
1341 3192
1342 3192
1343 3192
1344 3193
1345 3193
1346 3193
1347 3194
1348 3195
1349 3195
1350 3195
1351 3195
1352 3196
1353 3196
1354 3197
1355 3197
1356 3197
1357 3198
1358 3199
1359 3199
1360 3199
1361 3199
1362 3200
1363 3200
1364 3201
1365 3201
1366 3201
1367 3201
1368 3202
1369 3202
1370 3202
1371 3202
1372 3202
1373 3202
1374 3202
1375 3202
1376 3203
1377 3203
1378 3203
1379 3203
1380 3204
1381 3204
1382 3205
1383 3205
1384 3205
1385 3205
1386 3206
1387 3206
1388 3206
1389 3206
1390 3207
1391 3207
1392 3207
1393 3207
1394 3208
1395 3208
1396 3208
1397 3208
1398 3209
1399 3209
1400 3209
1401 3209
1402 3210
1403 3210
1404 3211
1405 3211
1406 3211
1407 3211
1408 3212
1409 3212
1410 3212
1411 3212
1412 3212
1413 3212
1414 3212
1415 3212
1416 3212
1417 3212
1418 3213
1419 3213
1420 3213
1421 3213
1422 3214
1423 3214
1424 3214
1425 3214
1426 3214
1427 3214
1428 3214
1429 3214
1430 3214
1431 3214
1432 3214
1433 3214
1434 3214
1435 3214
1436 3214
1437 3214
1438 3214
1439 3214
1440 3214
1441 3214
1442 3214
1443 3214
1444 3215
1445 3215
1446 3215
1447 3216
1448 3217
1449 3217
1450 3217
1451 3217
1452 3218
1453 3218
1454 3218
1455 3218
1456 3218
1457 3218
1458 3219
1459 3219
1460 3219
1461 3219
1462 3220
1463 3220
1464 3220
1465 3220
1466 3220
1467 3220
1468 3220
1469 3220
1470 3220
1471 3220
1472 3220
1473 3220
1474 3220
1475 3220
1476 3220
1477 3220
1478 3220
1479 3220
1480 3220
1481 3220
1482 3220
1483 3220
1484 3220
1485 3220
1486 3220
1487 3220
1488 3220
1489 3220
1490 3220
1491 3220
1492 3221
1493 3221
1494 3221
1495 3221
1496 3222
1497 3222
1498 3222
1499 3222
1500 3222
1501 3222
1502 3222
1503 3222
1504 3222
1505 3222
1506 3222
1507 3222
1508 3222
1509 3222
1510 3222
1511 3222
1512 3223
1513 3223
1514 3223
1515 3223
1516 3224
1517 3224
1518 3224
1519 3224
1520 3224
1521 3224
1522 3224
1523 3224
1524 3224
1525 3224
1526 3224
1527 3224
1528 3224
1529 3224
1530 3224
1531 3224
1532 3224
1533 3224
1534 3224
1535 3224
1536 3224
1537 3224
1538 3224
1539 3224
1540 3224
1541 3224
1542 3224
1543 3224
1544 3225
1545 3225
1546 3225
1547 3225
1548 3226
1549 3226
1550 3226
1551 3226
1552 3225
1553 3225
1554 3225
1555 3225
1556 3224
1557 3224
1558 3225
1559 3225
1560 3225
1561 3225
1562 3226
1563 3226
1564 3227
1565 3227
1566 3227
1567 3228
1568 3229
1569 3229
1570 3229
1571 3229
1572 3230
1573 3230
1574 3230
1575 3230
1576 3230
1577 3230
1578 3230
1579 3230
1580 3231
1581 3231
1582 3231
1583 3231
1584 3232
1585 3232
1586 3233
1587 3233
1588 3233
1589 3233
1590 3234
1591 3234
1592 3234
1593 3234
1594 3234
1595 3234
1596 3234
1597 3234
1598 3235
1599 3235
1600 3235
1601 3235
1602 3236
1603 3236
1604 3236
1605 3236
1606 3236
1607 3236
1608 3236
1609 3236
1610 3236
1611 3236
1612 3237
1613 3237
1614 3237
1615 3237
1616 3238
1617 3238
1618 3238
1619 3238
1620 3238
1621 3238
1622 3238
1623 3238
1624 3239
1625 3239
1626 3240
1627 3240
1628 3241
1629 3241
1630 3241
1631 3241
1632 3241
1633 3241
1634 3240
1635 3240
1636 3240
1637 3240
1638 3240
1639 3240
1640 3240
1641 3240
1642 3241
1643 3241
1644 3241
1645 3241
1646 3242
1647 3242
1648 3242
1649 3242
1650 3242
1651 3242
1652 3242
1653 3242
1654 3242
1655 3242
1656 3242
1657 3242
1658 3242
1659 3242
1660 3243
1661 3243
1662 3243
1663 3243
1664 3244
1665 3244
1666 3244
1667 3244
1668 3244
1669 3244
1670 3244
1671 3244
1672 3245
1673 3245
1674 3245
1675 3245
1676 3246
1677 3246
1678 3246
1679 3246
1680 3246
1681 3246
1682 3246
1683 3246
1684 3246
1685 3246
1686 3247
1687 3247
1688 3247
1689 3247
1690 3248
1691 3248
1692 3248
1693 3248
1694 3248
1695 3248
1696 3248
1697 3248
1698 3248
1699 3248
1700 3248
1701 3248
1702 3248
1703 3248
1704 3248
1705 3248
1706 3248
1707 3248
1708 3249
1709 3249
1710 3249
1711 3249
1712 3250
1713 3250
1714 3250
1715 3250
1716 3250
1717 3250
1718 3250
1719 3250
1720 3250
1721 3250
1722 3251
1723 3251
1724 3251
1725 3251
1726 3252
1727 3252
1728 3252
1729 3252
1730 3252
1731 3252
1732 3253
1733 3253
1734 3254
1735 3254
1736 3255
1737 3255
1738 3256
1739 3256
1740 3256
1741 3256
1742 3256
1743 3256
1744 3256
1745 3256
1746 3256
1747 3256
1748 3256
1749 3256
1750 3256
1751 3256
1752 3256
1753 3256
1754 3256
1755 3256
1756 3256
1757 3256
1758 3256
1759 3256
1760 3256
1761 3256
1762 3256
1763 3256
1764 3256
1765 3256
1766 3256
1767 3256
1768 3256
1769 3256
1770 3256
1771 3256
1772 3255
1773 3255
1774 3255
1775 3255
1776 3255
1777 3255
1778 3255
1779 3255
1780 3256
1781 3256
1782 3256
1783 3256
1784 3256
1785 3256
1786 3257
1787 3257
1788 3257
1789 3258
1790 3259
1791 3259
1792 3259
1793 3259
1794 3260
1795 3260
1796 3260
1797 3260
1798 3260
1799 3260
1800 3260
1801 3260
1802 3260
1803 3260
1804 3260
1805 3260
1806 3260
1807 3260
1808 3260
1809 3260
1810 3260
1811 3260
1812 3260
1813 3260
1814 3259
1815 3259
1816 3259
1817 3259
1818 3258
1819 3258
1820 3258
1821 3258
1822 3258
1823 3258
1824 3258
1825 3258
1826 3257
1827 3257
1828 3257
1829 3257
1830 3256
1831 3256
1832 3256
1833 3256
1834 3256
1835 3256
1836 3256
1837 3256
1838 3256
1839 3256
1840 3256
1841 3256
1842 3256
1843 3256
1844 3255
1845 3255
1846 3255
1847 3255
1848 3254
1849 3254
1850 3254
1851 3254
1852 3254
1853 3254
1854 3253
1855 3253
1856 3253
1857 3253
1858 3252
1859 3252
1860 3252
1861 3252
1862 3252
1863 3252
1864 3252
1865 3252
1866 3252
1867 3252
1868 3252
1869 3252
1870 3252
1871 3252
1872 3252
1873 3252
1874 3252
1875 3252
1876 3252
1877 3252
1878 3253
1879 3253
1880 3253
1881 3253
1882 3254
1883 3254
1884 3254
1885 3254
1886 3254
1887 3254
1888 3255
1889 3255
1890 3255
1891 3255
1892 3256
1893 3256
1894 3256
1895 3256
1896 3256
1897 3256
1898 3256
1899 3256
1900 3255
1901 3255
1902 3255
1903 3255
1904 3254
1905 3254
1906 3254
1907 3254
1908 3254
1909 3254
1910 3254
1911 3254
1912 3253
1913 3253
1914 3253
1915 3253
1916 3252
1917 3252
1918 3252
1919 3252
1920 3252
1921 3252
1922 3252
1923 3252
1924 3252
1925 3252
1926 3252
1927 3252
1928 3252
1929 3252
1930 3252
1931 3252
1932 3252
1933 3252
1934 3252
1935 3252
1936 3253
1937 3253
1938 3253
1939 3253
1940 3254
1941 3254
1942 3254
1943 3254
1944 3254
1945 3254
1946 3255
1947 3255
1948 3255
1949 3255
1950 3256
1951 3256
1952 3256
1953 3256
1954 3256
1955 3256
1956 3257
1957 3257
1958 3257
1959 3257
1960 3258
1961 3258
1962 3258
1963 3258
1964 3258
1965 3258
1966 3258
1967 3258
1968 3258
1969 3258
1970 3258
1971 3258
1972 3257
1973 3257
1974 3257
1975 3257
1976 3256
1977 3256
1978 3256
1979 3256
1980 3256
1981 3256
1982 3256
1983 3256
1984 3256
1985 3256
1986 3256
1987 3256
1988 3256
1989 3256
1990 3257
1991 3257
1992 3257
1993 3257
1994 3258
1995 3258
1996 3258
1997 3258
1998 3258
1999 3258
2000 3258
2001 3258
2002 3258
2003 3258
2004 3258
2005 3258
2006 3258
2007 3258
2008 3258
2009 3258
2010 3258
2011 3258
2012 3258
2013 3258
2014 3258
2015 3258
2016 3258
2017 3258
2018 3258
2019 3258
2020 3258
2021 3258
2022 3258
2023 3258
2024 3258
2025 3258
2026 3258
2027 3258
2028 3258
2029 3258
2030 3258
2031 3258
2032 3258
2033 3258
2034 3258
2035 3258
2036 3258
2037 3258
2038 3257
2039 3257
2040 3257
2041 3257
2042 3256
2043 3256
2044 3255
2045 3255
2046 3255
2047 3255
2048 3254
2049 3254
2050 3254
2051 3254
2052 3254
2053 3254
2054 3254
2055 3254
2056 3254
2057 3254
2058 3254
2059 3254
2060 3254
2061 3254
2062 3254
2063 3254
2064 3254
2065 3254
2066 3254
2067 3254
2068 3254
2069 3254
2070 3254
2071 3254
2072 3254
2073 3254
2074 3254
2075 3254
2076 3254
2077 3254
2078 3254
2079 3254
2080 3254
2081 3254
2082 3254
2083 3254
2084 3254
2085 3254
2086 3254
2087 3254
2088 3254
2089 3254
2090 3254
2091 3254
2092 3254
2093 3254
2094 3255
2095 3255
2096 3254
2097 3254
2098 3255
2099 3255
2100 3255
2101 3255
2102 3255
2103 3255
2104 3256
2105 3256
2106 3256
2107 3256
2108 3256
2109 3256
2110 3256
2111 3256
2112 3256
2113 3256
2114 3256
2115 3256
2116 3256
2117 3256
2118 3256
2119 3256
2120 3256
2121 3256
2122 3256
2123 3256
2124 3256
2125 3256
2126 3257
2127 3257
2128 3257
2129 3257
2130 3258
2131 3258
2132 3257
2133 3257
2134 3257
2135 3257
2136 3257
2137 3257
2138 3257
2139 3257
2140 3258
2141 3258
2142 3258
2143 3258
2144 3258
2145 3258
2146 3258
2147 3258
2148 3258
2149 3258
2150 3257
2151 3257
2152 3257
2153 3257
2154 3256
2155 3256
2156 3256
2157 3256
2158 3256
2159 3256
2160 3256
2161 3256
2162 3256
2163 3256
2164 3256
2165 3256
2166 3256
2167 3256
2168 3256
2169 3256
2170 3256
2171 3256
2172 3256
2173 3256
2174 3256
2175 3256
2176 3256
2177 3256
2178 3256
2179 3256
2180 3256
2181 3256
2182 3256
2183 3256
2184 3256
2185 3256
2186 3256
2187 3256
2188 3255
2189 3255
2190 3255
2191 3255
2192 3254
2193 3254
2194 3254
2195 3254
2196 3254
2197 3254
2198 3254
2199 3254
2200 3254
2201 3254
2202 3254
2203 3254
2204 3254
2205 3254
2206 3254
2207 3254
2208 3254
2209 3254
2210 3254
2211 3254
2212 3254
2213 3254
2214 3254
2215 3254
2216 3254
2217 3254
2218 3254
2219 3254
2220 3254
2221 3254
2222 3254
2223 3254
2224 3253
2225 3253
2226 3253
2227 3253
2228 3252
2229 3252
2230 3252
2231 3252
2232 3252
2233 3252
2234 3252
2235 3252
2236 3253
2237 3253
2238 3253
2239 3253
2240 3254
2241 3254
2242 3254
2243 3254
2244 3253
2245 3253
2246 3253
2247 3253
2248 3252
2249 3252
2250 3252
2251 3252
2252 3252
2253 3252
2254 3252
2255 3252
2256 3252
2257 3252
2258 3252
2259 3252
2260 3251
2261 3251
2262 3251
2263 3251
2264 3250
2265 3250
2266 3250
2267 3250
2268 3251
2269 3251
2270 3251
2271 3251
2272 3252
2273 3252
2274 3252
2275 3252
2276 3251
2277 3251
2278 3251
2279 3251
2280 3250
2281 3249
2282 3249
2283 3249
2284 3248
2285 3247
2286 3247
2287 3247
2288 3246
2289 3246
2290 3246
2291 3246
2292 3245
2293 3245
2294 3245
2295 3245
2296 3244
2297 3243
2298 3243
2299 3243
2300 3242
2301 3241
2302 3241
2303 3241
2304 3240
2305 3240
2306 3239
2307 3239
2308 3239
2309 3239
2310 3238
2311 3238
2312 3238
2313 3238
2314 3237
2315 3237
2316 3237
2317 3237
2318 3236
2319 3235
2320 3235
2321 3235
2322 3234
2323 3234
2324 3234
2325 3234
2326 3234
2327 3234
2328 3234
2329 3234
2330 3234
2331 3234
2332 3234
2333 3234
2334 3234
2335 3234
2336 3234
2337 3234
2338 3233
2339 3233
2340 3233
2341 3233
2342 3232
2343 3232
2344 3233
2345 3233
2346 3233
2347 3233
2348 3234
2349 3234
2350 3234
2351 3234
2352 3234
2353 3234
2354 3234
2355 3234
2356 3234
2357 3234
2358 3234
2359 3234
2360 3234
2361 3234
2362 3234
2363 3234
2364 3234
2365 3234
2366 3234
2367 3234
2368 3234
2369 3234
2370 3234
2371 3234
2372 3234
2373 3234
2374 3235
2375 3235
2376 3235
2377 3235
2378 3236
2379 3236
2380 3236
2381 3236
2382 3236
2383 3236
2384 3236
2385 3236
2386 3236
2387 3236
2388 3236
2389 3236
2390 3236
2391 3236
2392 3235
2393 3235
2394 3235
2395 3235
2396 3234
2397 3234
2398 3234
2399 3234
2400 3234
2401 3234
2402 3234
2403 3234
2404 3235
2405 3235
2406 3236
2407 3236
2408 3237
2409 3237
2410 3238
2411 3238
2412 3238
2413 3238
2414 3237
2415 3237
2416 3237
2417 3237
2418 3236
2419 3236
2420 3236
2421 3236
2422 3236
2423 3236
2424 3236
2425 3236
2426 3235
2427 3235
2428 3235
2429 3235
2430 3234
2431 3234
2432 3234
2433 3234
2434 3234
2435 3234
2436 3233
2437 3233
2438 3233
2439 3233
2440 3232
2441 3232
2442 3232
2443 3232
2444 3232
2445 3232
2446 3232
2447 3232
2448 3231
2449 3231
2450 3231
2451 3231
2452 3230
2453 3229
2454 3229
2455 3229
2456 3228
2457 3228
2458 3228
2459 3228
2460 3227
2461 3227
2462 3226
2463 3225
2464 3225
2464 3224
2465 3223
2466 3222
2467 3221
2468 3220
2468 3219
2468 3218
2469 3217
2470 3216
2470 3215
2470 3214
2470 3213
2471 3212
2471 3211
2472 3210
2472 3209
2472 3208
2473 3207
2474 3206
2474 3205
2474 3204
2475 3203
2476 3202
2476 3201
2477 3200
2478 3199
2478 3198
2479 3197
2480 3197
2480 3196
2481 3195
2482 3195
2482 3194
2483 3193
2484 3193
2484 3192
2485 3191
2486 3191
2486 3190
2487 3189
2488 3189
2488 3188
2489 3187
2490 3186
2490 3185
2491 3184
2491 3183
2492 3182
2492 3181
2493 3180
2494 3179
2495 3179
2496 3178
2497 3177
2498 3176
2499 3175
2500 3175
2500 3174
2501 3173
2502 3173
2502 3172
2503 3171
2504 3171
2504 3170
2505 3169
2506 3169
2506 3168
2507 3167
2508 3167
2508 3166
2509 3165
2510 3165
2510 3164
2511 3163
2512 3163
2513 3162
2514 3161
2515 3161
2516 3160
2517 3159
2518 3158
2519 3157
2520 3157
2520 3156
2521 3155
2522 3154
2523 3153
2524 3152
2524 3151
2524 3150
2525 3149
2526 3148
2526 3147
2526 3146
2527 3145
2528 3144
2528 3143
2528 3142
2529 3141
2530 3140
2530 3139
2531 3138
2531 3137
2532 3136
2533 3135
2534 3134
2534 3133
2535 3132
2536 3131
2537 3130
2538 3129
2539 3129
2540 3128
2541 3127
2542 3127
2543 3127
2544 3126
2545 3125
2546 3124
2547 3123
2548 3122
2549 3121
2550 3120
2550 3119
2551 3118
2552 3117
2552 3116
2553 3115
2554 3115
2554 3114
2555 3113
2556 3113
2556 3112
2557 3111
2558 3111
2558 3110
2559 3109
2560 3109
2560 3108
2561 3107
2562 3106
2563 3105
2564 3104
2564 3103
2565 3102
2566 3101
2566 3100
2567 3099
2568 3098
2569 3097
2570 3096
2570 3095
2571 3094
2572 3093
2572 3092
2573 3091
2574 3091
2574 3090
2575 3089
2576 3089
2576 3088
2577 3087
2578 3087
2578 3086
2579 3085
2580 3085
2580 3084
2581 3083
2582 3083
2582 3082
2583 3081
2584 3081
2584 3080
2585 3079
2586 3079
2586 3078
2587 3077
2588 3077
2588 3076
2589 3075
2590 3075
2591 3074
2592 3073
2593 3073
2594 3072
2595 3072
2596 3071
2597 3071
2598 3070
2599 3070
2600 3069
2601 3069
2602 3068
2603 3067
2604 3066
2605 3065
2606 3065
2606 3064
2607 3063
2608 3063
2608 3062
2609 3061
2610 3061
2610 3060
2611 3059
2612 3059
2612 3058
2613 3057
2614 3057
2614 3056
2615 3055
2616 3055
2616 3054
2617 3053
2618 3052
2619 3051
2620 3050
2620 3049
2621 3048
2622 3047
2622 3046
2623 3045
2624 3045
2624 3044
2625 3043
2626 3042
2627 3041
2628 3040
2628 3039
2629 3038
2629 3037
2630 3036
2631 3035
2632 3034
2632 3033
2632 3032
2633 3031
2634 3030
2634 3029
2634 3028
2635 3027
2636 3026
2636 3025
2637 3024
2638 3023
2639 3022
2640 3021
2641 3021
2642 3020
2643 3019
2644 3018
2645 3018
2646 3017
2647 3017
2648 3016
2649 3015
2650 3015
2651 3015
2652 3014
2653 3014
2654 3013
2655 3013
2656 3012
2657 3011
2658 3010
2658 3009
2659 3008
2659 3007
2660 3006
2661 3005
2662 3004
2662 3003
2662 3002
2663 3001
2664 3000
2664 2999
2664 2998
2664 2997
2665 2996
2665 2995
2665 2994
2665 2993
2665 2992
2665 2991
2665 2990
2665 2989
2665 2988
2665 2987
2665 2986
2665 2985
2665 2984
2665 2983
2665 2982
2665 2981
2665 2980
2665 2979
2665 2978
2665 2977
2665 2976
2665 2975
2665 2974
2665 2973
2665 2972
2665 2971
2665 2970
2665 2969
2665 2968
2665 2967
2665 2966
2665 2965
2665 2964
2665 2963
2665 2962
2665 2961
2665 2960
2665 2959
2665 2958
2665 2957
2665 2956
2665 2955
2665 2954
2665 2953
2665 2952
2665 2951
2665 2950
2665 2949
2665 2948
2665 2947
2665 2946
2665 2945
2666 2944
2666 2943
2666 2942
2666 2941
2667 2940
2667 2939
2667 2938
2667 2937
2667 2936
2667 2935
2667 2934
2667 2933
2667 2932
2667 2931
2668 2930
2668 2929
2668 2928
2668 2927
2669 2926
2669 2925
2669 2924
2669 2923
2670 2922
2670 2921
2670 2920
2670 2919
2671 2918
2671 2917
2671 2916
2671 2915
2672 2914
2672 2913
2672 2912
2672 2911
2673 2910
2673 2909
2673 2908
2673 2907
2673 2906
2673 2905
2673 2904
2673 2903
2673 2902
2673 2901
2673 2900
2673 2899
2673 2898
2673 2897
2673 2896
2673 2895
2674 2894
2674 2893
2674 2892
2674 2891
2675 2890
2675 2889
2675 2888
2675 2887
2675 2886
2675 2885
2675 2884
2675 2883
2675 2882
2675 2881
2675 2880
2675 2879
2674 2878
2674 2877
2674 2876
2674 2875
2673 2874
2673 2873
2673 2872
2673 2871
2673 2870
2673 2869
2673 2868
2673 2867
2673 2866
2673 2865
2673 2864
2673 2863
2673 2862
2673 2861
2673 2860
2673 2859
2673 2858
2673 2857
2673 2856
2673 2855
2673 2854
2673 2853
2673 2852
2673 2851
2673 2850
2673 2849
2673 2848
2673 2847
2673 2846
2673 2845
2673 2844
2673 2843
2673 2842
2673 2841
2673 2840
2673 2839
2673 2838
2673 2837
2673 2836
2673 2835
2674 2834
2674 2833
2674 2832
2674 2831
2675 2830
2675 2829
2675 2828
2675 2827
2675 2826
2675 2825
2676 2824
2676 2823
2676 2822
2676 2821
2677 2820
2677 2819
2677 2818
2677 2817
2677 2816
2677 2815
2677 2814
2677 2813
2677 2812
2677 2811
2678 2810
2678 2809
2678 2808
2678 2807
2679 2806
2679 2805
2679 2804
2679 2803
2679 2802
2679 2801
2679 2800
2679 2799
2679 2798
2679 2797
2679 2796
2679 2795
2679 2794
2679 2793
2679 2792
2679 2791
2679 2790
2679 2789
2679 2788
2679 2787
2679 2786
2679 2785
2679 2784
2679 2783
2679 2782
2679 2781
2679 2780
2679 2779
2679 2778
2679 2777
2679 2776
2679 2775
2679 2774
2679 2773
2679 2772
2679 2771
2679 2770
2679 2769
2679 2768
2679 2767
2679 2766
2679 2765
2679 2764
2679 2763
2679 2762
2679 2761
2679 2760
2679 2759
2679 2758
2679 2757
2679 2756
2679 2755
2679 2754
2679 2753
2679 2752
2679 2751
2678 2750
2678 2749
2678 2748
2678 2747
2677 2746
2677 2745
2677 2744
2677 2743
2677 2742
2677 2741
2677 2740
2677 2739
2677 2738
2677 2737
2677 2736
2677 2735
2676 2734
2676 2733
2676 2732
2676 2731
2675 2730
2675 2729
2674 2728
2674 2727
2674 2726
2674 2725
2673 2724
2673 2723
2673 2722
2673 2721
2672 2720
2672 2719
2672 2718
2672 2717
2671 2716
2671 2715
2670 2714
2670 2713
2670 2712
2670 2711
2669 2710
2669 2709
2668 2708
2668 2707
2668 2706
2668 2705
2667 2704
2666 2703
2666 2702
2666 2701
2665 2700
2664 2699
2664 2698
2664 2697
2663 2696
2662 2695
2662 2694
2662 2693
2661 2692
2660 2691
2660 2690
2660 2689
2659 2688
2659 2687
2658 2686
2658 2685
2658 2684
2658 2683
2657 2682
2656 2681
2655 2680
2655 2679
2654 2678
2654 2677
2653 2676
2652 2675
2652 2674
2652 2673
2651 2672
2651 2671
2650 2670
2650 2669
2650 2668
2650 2667
2649 2666
2648 2665
2647 2664
2647 2663
2646 2662
2646 2661
2645 2660
2645 2659
2645 2658
2645 2657
2645 2656
2645 2655
2644 2654
2644 2653
2644 2652
2644 2651
2643 2650
2643 2649
2642 2648
2642 2647
2642 2646
2642 2645
2641 2644
2640 2643
2639 2642
2638 2641
2638 2640
2637 2640
2636 2639
2636 2638
2635 2638
2634 2637
2634 2636
2633 2636
2632 2635
2632 2634
2631 2634
2630 2633
2630 2632
2629 2632
2628 2631
2628 2630
2627 2630
2626 2629
2625 2628
2624 2627
2623 2626
2622 2626
2621 2626
2620 2625
2619 2624
2618 2624
2617 2623
2616 2622
2615 2622
2614 2621
2614 2620
2613 2620
2612 2619
2612 2618
2611 2618
2610 2617
2610 2616
2609 2616
2608 2615
2608 2614
2607 2614
2606 2613
2606 2612
2605 2612
2604 2611
2603 2610
2602 2609
2601 2608
2600 2608
2599 2607
2598 2606
2597 2606
2596 2605
2596 2604
2595 2604
2594 2603
2594 2602
2593 2602
2592 2601
2591 2600
2590 2600
2589 2599
2588 2599
2587 2598
2586 2598
2585 2597
2584 2596
2583 2596
2582 2595
2581 2594
2580 2593
2579 2592
2578 2592
2577 2591
2576 2590
2575 2590
2574 2589
2574 2588
2573 2587
2572 2586
2572 2585
2571 2584
2570 2583
2570 2582
2570 2581
2569 2580
2569 2579
2569 2578
2569 2577
2569 2576
2569 2575
2568 2574
2568 2573
2568 2572
2568 2571
2567 2570
2566 2569
2566 2568
2566 2567
2565 2566
2564 2565
2563 2564
2562 2563
2561 2562
2560 2562
2559 2562
2558 2562
2557 2562
2556 2562
2555 2563
2554 2563
2553 2563
2552 2563
2551 2563
2550 2563
2549 2563
2548 2563
2547 2563
2546 2563
2545 2563
2544 2563
2543 2563
2542 2563
2541 2564
2540 2564
2539 2564
2538 2564
2537 2565
2536 2565
2535 2566
2534 2566
2533 2566
2532 2566
2531 2567
2530 2567
2529 2567
2528 2567
2527 2567
2526 2567
2525 2567
2524 2567
2523 2567
2522 2567
2521 2567
2520 2567
2519 2567
2518 2567
2517 2567
2516 2567
2515 2567
2514 2567
2513 2567
2512 2567
2511 2567
2510 2567
2509 2566
2508 2566
2507 2566
2506 2566
2505 2565
2504 2565
2503 2565
2502 2565
2501 2565
2500 2565
2499 2565
2498 2565
2497 2565
2496 2565
2495 2565
2494 2565
2493 2565
2492 2565
2491 2564
2490 2564
2489 2564
2488 2564
2487 2563
2486 2563
2485 2563
2484 2563
2483 2562
2482 2562
2481 2562
2480 2562
2479 2561
2478 2561
2477 2561
2476 2561
2475 2560
2474 2560
2473 2559
2472 2558
2471 2558
2470 2557
2469 2556
2468 2555
2467 2554
2466 2554
2465 2554
2464 2554
2463 2553
2462 2553
2461 2552
2460 2552
2459 2552
2458 2551
2457 2550
2456 2550
2455 2549
2454 2548
2453 2548
2452 2547
2451 2546
2450 2546
2449 2545
2448 2545
2447 2545
2446 2545
2445 2544
2444 2544
2443 2543
2442 2542
2441 2542
2440 2541
2440 2540
2439 2540
2438 2539
2438 2538
2437 2538
2436 2537
2436 2536
2435 2536
2434 2535
2434 2534
2433 2534
2432 2533
2432 2532
2431 2532
2430 2531
2430 2530
2429 2530
2428 2529
2428 2528
2427 2528
2426 2527
2426 2526
2425 2526
2424 2525
2424 2524
2423 2524
2422 2523
2422 2522
2421 2521
2420 2520
2420 2519
2419 2518
2418 2517
2417 2516
2416 2515
2416 2514
2415 2513
2414 2512
2414 2511
2413 2510
2412 2509
2411 2508
2410 2507
2410 2506
2409 2506
2408 2505
2408 2504
2407 2504
2406 2503
2406 2502
2405 2502
2404 2501
2404 2500
2403 2500
2402 2499
2402 2498
2401 2498
2400 2497
2399 2496
2398 2496
2397 2495
2396 2495
2395 2495
2394 2495
2393 2495
2392 2495
2391 2496
2390 2496
2389 2496
2388 2496
2387 2497
2386 2497
2385 2497
2384 2497
2383 2497
2382 2497
2381 2497
2380 2497
2379 2498
2378 2498
2377 2498
2376 2498
2375 2499
2374 2499
2373 2499
2372 2499
2371 2499
2370 2499
2369 2499
2368 2499
2367 2499
2366 2499
2365 2499
2364 2499
2363 2499
2362 2499
2361 2500
2360 2500
2359 2500
2358 2500
2357 2501
2356 2501
2355 2501
2354 2501
2353 2500
2352 2500
2351 2500
2350 2500
2349 2499
2348 2499
2347 2499
2346 2499
2345 2499
2344 2499
2343 2499
2342 2499
2341 2499
2340 2499
2339 2499
2338 2499
2337 2499
2336 2499
2335 2499
2334 2499
2333 2499
2332 2499
2331 2499
2330 2499
2329 2498
2328 2498
2327 2497
2326 2496
2325 2496
2324 2495
2323 2494
2322 2493
2321 2492
2320 2492
2319 2491
2318 2490
2317 2490
2316 2489
2315 2488
2314 2488
2313 2487
2312 2487
2311 2487
2310 2487
2309 2487
2308 2487
2307 2487
2306 2487
2305 2487
2304 2487
2303 2486
2302 2486
2301 2486
2300 2485
2299 2484
2298 2483
2297 2482
2296 2481
2295 2480
2294 2479
2293 2478
2292 2478
2291 2477
2290 2477
2289 2476
2288 2476
2287 2475
2286 2474
2285 2474
2284 2473
2284 2472
2283 2472
2282 2471
2282 2470
2281 2470
2280 2469
2280 2468
2279 2468
2278 2467
2277 2466
2276 2465
2275 2464
2274 2464
2273 2464
2272 2463
2271 2462
2270 2462
2269 2461
2268 2460
2267 2460
2266 2459
2266 2458
2265 2458
2264 2457
2264 2456
2263 2456
2262 2455
2262 2454
2261 2454
2260 2453
2260 2452
2259 2451
2258 2450
2258 2449
2257 2448
2257 2447
2257 2446
2257 2445
2257 2444
2257 2443
2257 2442
2257 2441
2256 2440
2256 2439
2256 2438
2256 2437
2255 2436
2254 2435
2254 2434
2254 2433
2253 2432
2252 2431
2251 2430
2250 2429
2250 2428
2249 2428
2248 2427
2248 2426
2247 2426
2246 2425
2246 2424
2245 2424
2244 2423
2244 2422
2243 2422
2242 2421
2242 2420
2241 2420
2240 2419
2240 2418
2239 2418
2238 2417
2237 2416
2236 2415
2235 2414
2234 2414
2233 2414
2232 2414
2231 2413
2230 2413
2229 2413
2228 2413
2227 2413
2226 2413
2225 2413
2224 2413
2223 2413
2222 2413
2221 2413
2220 2413
2219 2413
2218 2413
2217 2413
2216 2413
2215 2413
2214 2413
2213 2412
2212 2412
2211 2412
2210 2412
2209 2411
2208 2411
2207 2411
2206 2411
2205 2411
2204 2411
2203 2411
2202 2411
2201 2411
2200 2411
2199 2411
2198 2411
2197 2411
2196 2411
2195 2410
2194 2410
2193 2410
2192 2410
2191 2409
2190 2409
2189 2409
2188 2409
2187 2409
2186 2409
2185 2409
2184 2409
2183 2409
2182 2409
2181 2410
2180 2410
2179 2410
2178 2410
2177 2411
2176 2411
2175 2411
2174 2411
2173 2411
2172 2411
2171 2411
2170 2411
2169 2410
2168 2410
2167 2410
2166 2410
2165 2409
2164 2409
2163 2409
2162 2409
2161 2409
2160 2409
2159 2409
2158 2409
2157 2409
2156 2409
2155 2409
2154 2409
2153 2409
2152 2409
2151 2408
2150 2408
2149 2408
2148 2408
2147 2408
2146 2408
2145 2408
2144 2408
2143 2409
2142 2409
2141 2409
2140 2409
2139 2409
2138 2409
2137 2408
2136 2408
2135 2408
2134 2408
2133 2407
2132 2407
2131 2407
2130 2407
2129 2407
2128 2407
2127 2407
2126 2407
2125 2407
2124 2407
2123 2407
2122 2407
2121 2408
2120 2408
2119 2408
2118 2408
2117 2409
2116 2409
2115 2409
2114 2409
2113 2409
2112 2409
2111 2409
2110 2409
2109 2408
2108 2408
2107 2408
2106 2408
2105 2407
2104 2407
2103 2407
2102 2407
2101 2406
2100 2406
2099 2406
2098 2406
2097 2405
2096 2405
2095 2405
2094 2405
2093 2405
2092 2405
2091 2405
2090 2405
