995 88
994 89
993 89
992 90
991 91
990 91
989 91
988 92
987 92
986 92
985 93
984 94
983 94
982 95
981 95
980 96
979 96
978 96
977 97
976 97
975 98
974 98
973 98
972 98
971 98
970 98
969 99
968 99
967 100
966 100
965 100
964 101
963 101
962 101
961 101
960 101
959 102
958 102
957 102
956 103
955 103
954 104
953 104
952 104
951 105
950 106
950 107
949 108
949 109
948 110
947 111
947 112
947 113
947 114
948 115
948 116
948 117
949 118
949 119
949 120
949 121
950 122
951 123
951 124
952 125
953 125
954 125
955 125
956 125
957 125
958 125
959 125
960 125
961 125
962 125
963 125
964 125
965 125
966 125
967 125
968 125
969 125
970 125
971 125
972 125
973 124
974 124
975 124
976 124
977 124
978 124
979 124
980 124
981 124
982 124
983 125
984 125
985 125
986 125
987 125
988 125
989 125
990 125
991 125
992 125
993 125
994 125
995 125
996 125
997 125
998 125
999 125
1000 125
1001 125
1002 125
1003 125
1004 125
1005 125
1006 125
1007 125
1008 125
1009 125
1010 125
1011 125
1012 125
1013 125
1014 125
1015 125
1016 125
1017 125
1018 125
1019 126
1020 126
1021 126
1022 126
1023 126
1024 126
1025 126
1026 126
1027 126
1028 126
1029 126
1030 126
1031 126
1032 126
1033 126
1034 126
1035 126
1036 127
1037 126
1038 126
1039 126
1040 125
1041 125
1042 125
1043 125
1043 124
1043 123
1043 122
1043 121
1043 120
1043 119
1043 118
1044 117
1044 116
1044 115
1045 114
1045 113
1045 112
1046 111
1046 110
1046 109
1045 108
1045 107
1044 106
1044 105
1043 104
1042 103
1041 102
1040 101
1039 100
1038 99
1037 98
1036 98
1035 98
1034 97
1033 97
1032 96
1031 96
1030 95
1029 95
1028 96
1027 96
1026 96
1025 96
1024 96
1023 96
1022 95
1021 95
1020 95
1019 95
1018 95
1017 95
1016 95
1015 94
1014 93
1013 92
1012 92
1011 91
1010 90
1009 89
1008 89
1007 88
1006 88
1005 88
1004 88
1003 88
1002 88
1001 88
1000 88
999 88
998 88
997 88
996 88
995 88
