929 705
928 706
927 706
926 707
925 708
924 709
923 710
922 711
921 711
920 712
919 713
918 714
917 715
916 716
915 717
914 718
913 719
912 720
911 721
910 722
909 723
908 724
907 725
907 726
906 727
906 728
905 729
905 730
904 731
904 732
904 733
903 734
903 735
903 736
902 737
902 738
901 739
901 740
901 741
901 742
901 743
902 744
902 745
903 746
904 747
905 747
906 748
907 749
908 750
909 750
910 751
911 752
912 752
913 752
914 753
915 753
916 754
917 755
918 756
919 757
920 757
921 758
922 758
923 759
924 759
925 759
926 759
927 759
928 759
929 760
930 760
931 760
932 760
933 760
934 760
935 761
936 761
937 762
938 763
939 763
940 763
941 763
942 763
943 763
944 763
945 763
946 762
947 762
948 762
949 762
950 762
951 762
952 762
953 762
954 762
955 762
956 762
957 762
958 762
959 762
960 762
961 761
962 761
963 761
964 761
965 760
966 760
967 760
968 760
969 760
970 760
971 760
972 760
973 760
974 760
975 760
976 760
977 759
978 759
979 759
980 759
981 758
982 758
983 757
984 756
985 755
985 754
986 753
986 752
987 751
987 750
988 749
988 748
988 747
988 746
988 745
989 744
989 743
990 742
990 741
990 740
990 739
990 738
990 737
990 736
990 735
990 734
990 733
991 732
991 731
991 730
991 729
991 728
990 727
990 726
989 725
988 724
987 723
987 722
986 721
985 720
984 719
983 718
983 717
982 717
981 716
980 715
979 714
978 713
977 712
976 712
975 711
974 711
973 711
972 710
971 710
970 709
969 709
968 708
967 707
966 707
965 706
964 706
963 706
962 705
961 705
960 705
959 705
958 705
957 705
956 705
955 705
954 705
953 705
952 705
951 705
950 705
949 705
948 705
947 705
946 705
945 705
944 705
943 705
942 705
941 705
940 705
939 705
938 705
937 705
936 705
935 705
934 705
933 705
932 705
931 705
930 705
929 705
