759 605
758 606
757 606
756 606
755 607
754 607
753 608
752 608
751 608
750 609
749 609
748 609
747 610
746 610
745 611
744 611
743 612
742 612
741 612
740 612
739 613
738 613
737 613
736 614
735 614
734 614
733 614
732 615
731 615
730 615
729 616
728 616
727 616
726 616
725 616
724 616
723 617
722 617
721 617
720 617
719 617
718 617
717 617
716 617
715 617
714 618
713 618
712 618
711 619
710 619
709 619
708 619
707 619
706 619
705 619
704 619
703 619
702 619
701 619
700 619
699 619
698 619
697 619
696 619
695 619
694 619
693 619
692 619
691 619
690 619
689 619
688 619
687 619
686 619
685 619
684 619
683 619
682 619
681 619
680 619
679 619
678 619
677 619
676 619
675 619
674 619
673 619
672 619
671 619
670 619
669 619
668 619
667 619
666 620
665 621
665 622
665 623
665 624
665 625
665 626
665 627
664 628
664 629
663 630
662 631
662 632
662 633
662 634
662 635
663 636
663 637
664 638
664 639
665 640
665 641
666 642
666 643
666 644
667 645
667 646
667 647
667 648
668 649
669 650
670 651
671 652
672 652
673 652
674 652
675 652
676 652
677 653
678 653
679 653
680 653
681 653
682 653
683 653
684 653
685 653
686 653
687 653
688 653
689 653
690 653
691 653
692 653
693 653
694 653
695 653
696 653
697 653
698 653
699 653
700 653
701 653
702 653
703 653
704 653
705 653
706 653
707 653
708 653
709 653
710 653
711 653
712 653
713 653
714 653
715 653
716 653
717 653
718 653
719 653
720 653
721 653
722 653
723 653
724 653
725 653
726 653
727 653
728 653
729 653
730 653
731 653
732 653
733 653
734 653
735 653
736 653
737 653
738 653
739 653
740 653
741 653
742 653
743 653
744 653
745 653
746 653
747 653
748 653
749 653
750 653
751 653
752 653
753 653
754 653
755 653
756 653
757 653
758 653
759 653
760 653
761 653
762 653
763 653
764 653
765 653
766 653
767 653
768 653
769 653
770 653
771 653
772 653
773 653
774 653
775 652
776 652
777 652
778 652
779 653
780 653
781 653
782 654
783 653
784 653
785 653
786 653
787 653
788 653
789 653
790 653
791 653
792 653
793 652
794 651
795 650
796 649
797 648
798 647
799 647
800 646
801 645
802 644
803 643
804 642
805 641
806 640
807 639
808 639
808 638
809 637
809 636
810 635
810 634
810 633
810 632
810 631
810 630
810 629
809 628
808 627
807 626
806 625
805 625
804 624
803 623
802 622
801 622
800 622
799 621
798 621
797 621
796 621
795 621
794 621
793 620
792 619
791 619
790 618
789 618
788 617
787 617
786 617
785 617
784 616
783 615
782 614
781 614
780 614
779 613
778 613
777 612
776 612
775 612
774 611
773 611
772 611
771 610
770 610
769 609
768 608
767 608
766 607
765 607
764 606
763 605
762 605
761 605
760 605
759 605
