336 1391
335 1392
334 1393
334 1394
334 1395
334 1396
334 1397
334 1398
334 1399
334 1400
334 1401
334 1402
334 1403
334 1404
334 1405
334 1406
333 1407
333 1408
333 1409
333 1410
333 1411
333 1412
333 1413
332 1414
332 1415
331 1416
331 1417
330 1418
330 1419
330 1420
329 1421
329 1422
329 1423
329 1424
329 1425
329 1426
329 1427
329 1428
329 1429
329 1430
329 1431
329 1432
329 1433
329 1434
329 1435
329 1436
329 1437
330 1438
330 1439
330 1440
331 1441
331 1442
331 1443
331 1444
331 1445
331 1446
331 1447
331 1448
332 1449
332 1450
332 1451
333 1452
333 1453
334 1454
334 1455
335 1456
336 1457
337 1458
338 1459
339 1460
340 1461
340 1462
341 1463
342 1464
343 1465
344 1466
345 1467
346 1467
347 1467
348 1466
349 1466
350 1465
351 1464
352 1463
353 1462
354 1461
355 1460
356 1459
357 1458
358 1457
359 1456
360 1455
361 1454
362 1453
363 1452
364 1451
365 1450
366 1449
367 1448
368 1448
369 1447
370 1446
371 1446
372 1445
373 1445
374 1445
375 1444
376 1444
377 1444
378 1444
379 1444
380 1443
381 1443
382 1442
383 1441
384 1440
384 1439
385 1438
386 1437
387 1437
388 1437
389 1437
390 1437
391 1437
392 1437
393 1437
394 1437
395 1437
396 1437
397 1437
398 1436
399 1436
400 1435
401 1435
402 1435
403 1435
404 1435
405 1435
406 1434
407 1434
408 1434
409 1433
410 1433
411 1433
412 1433
413 1433
414 1433
415 1433
416 1433
417 1433
418 1433
419 1434
420 1434
421 1434
422 1435
423 1435
424 1434
425 1434
426 1434
427 1433
428 1433
429 1433
430 1433
431 1433
432 1433
433 1433
434 1432
435 1432
436 1432
437 1431
438 1430
439 1430
440 1429
441 1428
442 1427
443 1426
444 1425
444 1424
444 1423
444 1422
445 1421
446 1420
446 1419
446 1418
447 1417
447 1416
447 1415
447 1414
447 1413
447 1412
446 1411
445 1410
444 1410
443 1410
442 1409
441 1409
440 1409
439 1408
438 1408
437 1407
436 1406
435 1406
434 1406
433 1406
432 1406
431 1406
430 1405
429 1405
428 1405
427 1404
426 1404
425 1404
424 1403
423 1403
422 1403
421 1402
420 1402
419 1402
418 1402
417 1402
416 1402
415 1402
414 1402
413 1402
412 1401
411 1401
410 1401
409 1401
408 1401
407 1401
406 1401
405 1401
404 1401
403 1401
402 1401
401 1401
400 1401
399 1401
398 1401
397 1401
396 1401
395 1400
394 1400
393 1400
392 1400
391 1400
390 1400
389 1400
388 1400
387 1400
386 1400
385 1400
384 1400
383 1400
382 1400
381 1400
380 1400
379 1400
378 1399
377 1399
376 1399
375 1398
374 1398
373 1398
372 1398
371 1398
370 1398
369 1398
368 1397
367 1397
366 1396
365 1396
364 1396
363 1395
362 1395
361 1395
360 1395
359 1395
358 1395
357 1395
356 1394
355 1394
354 1394
353 1393
352 1393
351 1393
350 1393
349 1393
348 1393
347 1393
346 1393
345 1392
344 1392
343 1392
342 1392
341 1392
340 1391
339 1391
338 1391
337 1391
336 1391
