819 1899
818 1900
817 1900
816 1900
815 1901
814 1901
813 1901
812 1901
811 1901
810 1902
809 1902
808 1902
807 1902
806 1903
805 1903
804 1903
803 1904
802 1905
801 1905
800 1906
799 1906
798 1906
797 1906
796 1906
795 1907
794 1907
793 1907
792 1907
791 1908
790 1908
789 1909
788 1909
787 1909
786 1909
785 1910
784 1910
783 1910
782 1911
781 1911
780 1911
779 1911
778 1911
777 1911
776 1912
775 1912
774 1912
773 1912
772 1913
771 1913
770 1913
769 1913
768 1914
767 1914
766 1915
765 1915
764 1915
763 1916
762 1916
761 1916
760 1916
759 1917
758 1917
757 1917
756 1917
755 1918
754 1919
753 1920
752 1921
751 1922
750 1923
749 1924
748 1925
748 1926
747 1927
746 1928
745 1929
745 1930
744 1931
744 1932
744 1933
744 1934
744 1935
744 1936
745 1937
746 1938
747 1939
748 1939
749 1939
750 1939
751 1939
752 1939
753 1939
754 1939
755 1939
756 1940
757 1940
758 1941
759 1941
760 1942
761 1942
762 1943
763 1943
764 1943
765 1944
766 1944
767 1944
768 1944
769 1944
770 1944
771 1945
772 1945
773 1945
774 1946
775 1946
776 1946
777 1946
778 1947
779 1947
780 1947
781 1947
782 1948
783 1948
784 1948
785 1949
786 1949
787 1950
788 1950
789 1950
790 1951
791 1951
792 1951
793 1952
794 1952
795 1952
796 1952
797 1953
798 1953
799 1953
800 1953
801 1954
802 1954
803 1955
804 1955
805 1955
806 1955
807 1955
808 1956
809 1956
810 1956
811 1957
812 1957
813 1957
814 1958
815 1958
816 1958
817 1958
818 1958
819 1958
820 1958
821 1959
822 1959
823 1959
824 1960
825 1960
826 1960
827 1960
828 1960
829 1960
830 1960
831 1960
832 1960
833 1960
834 1960
835 1960
836 1960
837 1960
838 1960
839 1960
840 1960
841 1960
842 1960
843 1960
844 1960
845 1960
846 1960
847 1960
848 1960
849 1960
850 1960
851 1960
852 1960
853 1960
854 1959
855 1959
856 1958
857 1957
858 1957
859 1956
860 1955
861 1954
862 1954
863 1953
864 1952
865 1951
866 1950
867 1949
868 1949
869 1948
870 1948
871 1947
872 1946
872 1945
873 1944
873 1943
874 1942
875 1941
875 1940
876 1939
876 1938
877 1937
877 1936
878 1935
878 1934
878 1933
878 1932
878 1931
878 1930
877 1929
877 1928
877 1927
877 1926
877 1925
877 1924
876 1923
876 1922
876 1921
875 1920
875 1919
875 1918
875 1917
875 1916
875 1915
874 1914
873 1914
872 1913
871 1912
870 1912
869 1911
868 1910
867 1910
866 1909
865 1909
864 1909
863 1908
862 1908
861 1908
860 1908
859 1907
858 1907
857 1906
856 1906
855 1906
854 1906
853 1905
852 1905
851 1905
850 1904
849 1904
848 1904
847 1903
846 1903
845 1902
844 1902
843 1902
842 1901
841 1901
840 1901
839 1900
838 1900
837 1899
836 1899
835 1899
834 1899
833 1899
832 1899
831 1899
830 1899
829 1899
828 1899
827 1899
826 1899
825 1899
824 1899
823 1899
822 1899
821 1899
820 1899
819 1899
