401 285
400 286
399 286
398 286
397 286
396 286
395 287
394 287
393 288
392 289
391 289
390 290
389 290
388 290
387 290
386 290
385 290
384 290
383 290
382 290
381 290
380 290
379 290
378 290
377 291
376 291
375 291
374 291
373 291
372 291
371 291
370 291
369 290
368 289
367 289
366 289
365 289
364 289
363 289
362 290
361 291
360 292
359 292
358 292
357 292
356 292
355 293
354 293
353 294
352 295
351 296
350 297
350 298
350 299
350 300
350 301
350 302
350 303
350 304
350 305
350 306
350 307
350 308
350 309
351 310
351 311
351 312
351 313
352 314
352 315
352 316
352 317
352 318
352 319
352 320
352 321
352 322
353 323
353 324
353 325
354 326
354 327
355 328
355 329
355 330
355 331
355 332
355 333
355 334
356 335
357 336
357 337
358 338
359 338
360 339
361 339
362 339
363 339
364 339
365 339
366 339
367 340
368 340
369 340
370 341
371 341
372 341
373 341
374 342
375 343
376 343
377 344
378 345
379 345
380 345
381 346
382 347
383 347
384 347
385 348
386 348
387 349
388 349
389 349
390 350
391 350
392 350
393 351
394 351
395 352
396 352
397 352
398 352
399 352
400 352
401 352
402 352
403 352
404 352
405 351
406 350
407 350
408 350
409 350
410 350
411 350
412 350
413 350
414 350
415 350
416 350
417 350
418 349
419 349
420 349
421 348
422 348
423 348
424 348
425 348
426 348
427 347
428 347
429 347
430 346
431 346
432 346
433 345
434 345
435 344
436 343
437 343
438 342
439 342
440 342
441 341
442 340
443 340
444 339
445 338
446 337
447 336
448 335
449 334
450 333
451 332
452 331
453 330
454 329
455 328
455 327
455 326
456 325
456 324
456 323
456 322
456 321
456 320
456 319
456 318
456 317
456 316
456 315
456 314
456 313
456 312
456 311
456 310
456 309
456 308
455 307
455 306
454 305
454 304
453 303
452 302
452 301
452 300
451 299
451 298
450 297
449 296
448 295
447 294
446 294
445 294
444 294
443 293
442 293
441 292
440 291
439 291
438 291
437 291
436 291
435 290
434 290
433 290
432 290
431 290
430 290
429 290
428 289
427 289
426 288
425 288
424 287
423 287
422 286
421 286
420 286
419 285
418 285
417 285
416 285
415 285
414 285
413 285
412 285
411 285
410 285
409 285
408 285
407 285
406 285
405 285
404 285
403 285
402 285
401 285
