236 2358
235 2359
234 2360
233 2360
232 2361
231 2361
230 2361
229 2362
229 2363
228 2364
228 2365
227 2366
227 2367
227 2368
227 2369
227 2370
227 2371
227 2372
227 2373
228 2374
228 2375
229 2376
230 2377
231 2378
232 2379
233 2380
233 2381
234 2382
235 2383
235 2384
235 2385
236 2386
236 2387
237 2388
237 2389
237 2390
237 2391
237 2392
237 2393
237 2394
237 2395
237 2396
237 2397
237 2398
237 2399
237 2400
238 2401
238 2402
238 2403
238 2404
239 2405
240 2405
241 2406
242 2406
243 2406
244 2406
245 2406
246 2406
247 2406
248 2407
249 2407
250 2407
251 2408
252 2408
253 2408
254 2408
255 2408
256 2408
257 2408
258 2408
259 2408
260 2408
261 2408
262 2408
263 2408
264 2408
265 2408
266 2408
267 2408
268 2408
269 2408
270 2408
271 2408
272 2408
273 2408
274 2408
275 2408
276 2408
277 2408
278 2408
279 2408
280 2408
281 2408
282 2408
283 2408
284 2408
285 2408
286 2408
287 2408
288 2408
289 2408
290 2408
291 2408
292 2407
293 2407
294 2407
295 2407
296 2406
297 2406
298 2406
299 2405
300 2404
301 2403
302 2402
303 2401
304 2400
305 2399
306 2398
307 2397
308 2396
308 2395
309 2394
310 2393
311 2392
311 2391
312 2390
312 2389
312 2388
312 2387
312 2386
312 2385
312 2384
312 2383
312 2382
312 2381
312 2380
312 2379
312 2378
312 2377
312 2376
312 2375
312 2374
313 2373
312 2372
312 2371
312 2370
311 2370
310 2369
309 2369
308 2368
307 2368
306 2368
305 2367
304 2367
303 2366
302 2366
301 2366
300 2366
299 2366
298 2366
297 2366
296 2366
295 2366
294 2366
293 2366
292 2366
291 2366
290 2366
289 2366
288 2366
287 2366
286 2366
285 2366
284 2367
283 2367
282 2367
281 2367
280 2367
279 2367
278 2367
277 2367
276 2367
275 2367
274 2368
273 2368
272 2368
271 2368
270 2368
269 2369
268 2369
267 2369
266 2369
265 2369
264 2369
263 2370
262 2370
261 2370
260 2371
259 2370
258 2370
257 2370
256 2369
255 2369
254 2369
253 2369
252 2368
251 2367
250 2367
249 2366
248 2365
247 2364
246 2364
245 2364
244 2363
243 2363
242 2362
241 2361
240 2360
239 2359
238 2359
237 2358
236 2358
