419 1673
418 1674
417 1674
416 1674
415 1674
414 1674
413 1674
412 1674
411 1674
410 1675
409 1675
408 1675
407 1675
406 1675
405 1675
404 1676
403 1676
402 1676
401 1676
400 1677
399 1677
398 1678
397 1679
396 1680
395 1680
394 1681
393 1682
392 1682
391 1683
390 1684
389 1685
388 1686
387 1687
386 1688
385 1688
385 1689
384 1690
383 1691
382 1692
381 1693
380 1693
379 1694
378 1695
377 1695
376 1695
375 1696
374 1696
373 1697
372 1697
371 1698
370 1699
369 1700
368 1701
367 1701
366 1702
365 1703
364 1704
363 1705
362 1706
361 1707
360 1708
359 1709
358 1710
357 1711
356 1712
356 1713
356 1714
355 1715
355 1716
355 1717
354 1718
354 1719
354 1720
353 1721
353 1722
353 1723
352 1724
352 1725
352 1726
352 1727
351 1728
351 1729
351 1730
351 1731
351 1732
351 1733
352 1734
352 1735
353 1736
354 1737
354 1738
355 1739
356 1740
357 1741
358 1741
359 1741
360 1742
361 1743
362 1744
363 1744
364 1745
365 1745
366 1746
367 1746
368 1747
369 1747
370 1747
371 1747
372 1748
373 1748
374 1749
375 1749
376 1750
377 1751
378 1751
379 1752
380 1753
381 1754
382 1755
383 1756
384 1757
385 1758
386 1758
387 1758
388 1759
389 1759
390 1759
391 1759
392 1760
393 1760
394 1760
395 1761
396 1761
397 1762
398 1762
399 1762
400 1762
401 1763
402 1764
403 1764
404 1765
405 1765
406 1766
407 1767
408 1767
409 1768
410 1768
411 1768
412 1768
413 1768
414 1768
415 1768
416 1769
417 1769
418 1769
419 1770
420 1770
421 1770
422 1770
423 1770
424 1769
425 1769
426 1769
427 1768
428 1768
429 1767
430 1766
431 1765
432 1764
433 1763
434 1762
435 1762
436 1761
437 1761
438 1761
439 1761
440 1761
441 1761
442 1761
443 1761
444 1761
445 1761
446 1761
447 1761
448 1761
449 1761
450 1761
451 1761
452 1761
453 1761
454 1760
455 1760
456 1759
457 1758
458 1758
459 1757
460 1757
461 1756
462 1755
463 1755
464 1755
465 1754
466 1754
467 1753
468 1752
469 1752
470 1751
471 1750
472 1749
472 1748
473 1747
473 1746
473 1745
474 1744
474 1743
474 1742
474 1741
474 1740
474 1739
474 1738
474 1737
474 1736
474 1735
474 1734
474 1733
474 1732
474 1731
473 1730
473 1729
473 1728
473 1727
473 1726
473 1725
473 1724
473 1723
472 1722
472 1721
471 1720
471 1719
470 1718
470 1717
469 1716
469 1715
468 1714
468 1713
467 1712
467 1711
466 1710
466 1709
466 1708
465 1707
464 1706
463 1705
462 1704
461 1703
460 1703
459 1703
458 1702
457 1702
456 1701
455 1701
454 1700
453 1699
452 1699
451 1698
450 1697
449 1696
448 1695
447 1694
446 1693
445 1692
444 1691
443 1690
442 1689
442 1688
441 1687
441 1686
440 1685
439 1684
438 1683
437 1682
436 1681
435 1680
434 1679
433 1678
432 1678
431 1678
430 1677
429 1677
428 1676
427 1676
426 1675
425 1675
424 1675
423 1675
422 1675
421 1674
420 1673
419 1673
