864 2159
863 2160
862 2160
861 2161
860 2161
859 2161
858 2162
857 2162
856 2162
855 2163
854 2164
853 2164
852 2165
851 2165
850 2166
849 2166
848 2166
847 2166
846 2167
845 2168
844 2169
843 2170
842 2171
841 2172
840 2172
839 2173
838 2174
837 2175
836 2175
835 2176
834 2177
833 2177
832 2177
831 2178
830 2178
829 2179
828 2180
827 2181
826 2182
825 2183
824 2184
823 2185
822 2186
821 2187
820 2188
819 2189
818 2190
817 2191
817 2192
816 2193
815 2194
814 2195
813 2196
812 2197
811 2198
810 2199
809 2200
808 2201
807 2202
806 2202
805 2203
804 2204
803 2204
802 2205
801 2205
800 2205
799 2206
798 2206
797 2206
796 2207
795 2207
794 2208
793 2209
792 2210
791 2211
790 2212
789 2213
788 2214
787 2215
786 2216
785 2217
785 2218
785 2219
785 2220
784 2221
784 2222
784 2223
783 2224
783 2225
783 2226
783 2227
783 2228
784 2229
784 2230
785 2231
785 2232
786 2233
787 2234
787 2235
787 2236
788 2237
788 2238
789 2239
790 2240
791 2241
792 2241
793 2242
794 2243
795 2244
796 2244
797 2245
798 2246
798 2247
799 2248
799 2249
800 2250
800 2251
800 2252
800 2253
800 2254
800 2255
800 2256
800 2257
800 2258
800 2259
800 2260
800 2261
799 2262
799 2263
799 2264
798 2265
798 2266
798 2267
798 2268
798 2269
798 2270
797 2271
796 2272
796 2273
796 2274
796 2275
796 2276
795 2277
795 2278
794 2279
794 2280
794 2281
793 2282
793 2283
793 2284
793 2285
793 2286
793 2287
793 2288
793 2289
794 2290
794 2291
795 2292
795 2293
796 2294
797 2295
798 2296
799 2297
800 2297
801 2298
802 2298
803 2298
804 2298
805 2299
806 2299
807 2299
808 2300
809 2300
810 2300
811 2299
812 2299
813 2299
814 2299
815 2299
816 2300
817 2301
818 2302
819 2303
820 2304
821 2305
822 2305
823 2306
824 2306
825 2307
826 2308
827 2308
828 2309
829 2309
830 2309
831 2309
832 2309
833 2309
834 2309
835 2309
836 2309
837 2309
838 2309
839 2309
840 2309
841 2309
842 2308
843 2308
844 2308
845 2307
846 2307
847 2307
848 2306
849 2306
850 2306
851 2305
852 2305
853 2305
854 2305
855 2305
856 2305
857 2305
858 2305
859 2305
860 2305
861 2304
862 2304
863 2304
864 2304
865 2304
866 2304
867 2304
868 2303
869 2303
870 2303
871 2303
872 2303
873 2303
874 2303
875 2303
876 2303
877 2303
878 2303
879 2303
880 2303
881 2303
882 2303
883 2303
884 2303
885 2303
886 2303
887 2303
888 2303
889 2303
890 2303
891 2303
892 2303
893 2303
894 2303
895 2303
896 2303
897 2303
898 2303
899 2303
900 2303
901 2303
902 2303
903 2303
904 2303
905 2303
906 2303
907 2303
908 2303
909 2303
910 2303
911 2303
912 2304
913 2304
914 2304
915 2304
916 2304
917 2304
918 2304
919 2304
920 2304
921 2304
922 2304
923 2304
924 2304
925 2304
926 2304
927 2304
928 2303
929 2303
930 2302
931 2302
932 2302
933 2301
934 2301
935 2301
936 2300
937 2300
938 2300
939 2300
940 2301
941 2301
942 2301
943 2301
944 2301
945 2300
946 2300
947 2300
948 2300
949 2299
950 2299
951 2299
952 2299
953 2299
954 2298
955 2298
956 2298
957 2297
958 2297
959 2297
960 2296
961 2296
962 2296
963 2296
964 2295
965 2295
966 2295
967 2295
968 2295
969 2295
970 2294
971 2294
972 2294
973 2294
974 2294
975 2293
976 2293
977 2293
978 2293
979 2293
980 2293
981 2293
982 2293
983 2293
984 2292
985 2292
986 2292
987 2291
988 2291
989 2290
990 2290
991 2290
992 2290
993 2290
994 2290
995 2290
996 2290
997 2290
998 2290
999 2290
1000 2289
1001 2288
1002 2288
1003 2287
1004 2287
1005 2287
1006 2287
1007 2287
1008 2287
1009 2287
1010 2287
1011 2287
1012 2287
1013 2287
1014 2287
1015 2286
1016 2286
1017 2286
1018 2285
1019 2285
1020 2285
1021 2285
1022 2285
1023 2285
1024 2285
1025 2284
1026 2284
1027 2284
1028 2284
1029 2284
1030 2284
1031 2284
1032 2284
1033 2284
1034 2283
1035 2283
1036 2283
1037 2283
1038 2283
1039 2283
1040 2283
1041 2283
1042 2283
1043 2283
1044 2283
1045 2283
1046 2283
1047 2283
1048 2282
1049 2282
1050 2281
1051 2281
1052 2280
1053 2279
1054 2278
1055 2277
1056 2276
1057 2276
1058 2275
1059 2275
1060 2275
1061 2275
1062 2275
1063 2274
1064 2274
1065 2273
1066 2272
1067 2271
1068 2271
1069 2270
1070 2270
1071 2271
1072 2271
1073 2272
1073 2273
1074 2274
1075 2275
1076 2276
1077 2277
1078 2278
1079 2279
1080 2279
1081 2280
1082 2280
1083 2280
1084 2280
1085 2280
1086 2279
1087 2278
1087 2277
1087 2276
1088 2275
1088 2274
1089 2273
1089 2272
1090 2271
1091 2270
1091 2269
1091 2268
1091 2267
1091 2266
1092 2265
1092 2264
1093 2263
1093 2262
1093 2261
1094 2260
1094 2259
1094 2258
1095 2257
1095 2256
1095 2255
1095 2254
1095 2253
1096 2252
1096 2251
1097 2250
1098 2249
1098 2248
1099 2247
1099 2246
1099 2245
1099 2244
1099 2243
1099 2242
1099 2241
1099 2240
1099 2239
1099 2238
1099 2237
1099 2236
1099 2235
1099 2234
1099 2233
1099 2232
1098 2231
1098 2230
1098 2229
1097 2228
1096 2227
1095 2226
1094 2225
1093 2224
1092 2223
1091 2223
1090 2223
1089 2222
1088 2221
1087 2220
1086 2219
1086 2218
1085 2217
1084 2216
1083 2215
1082 2215
1081 2214
1080 2214
1079 2213
1078 2213
1077 2213
1076 2213
1075 2212
1074 2212
1073 2211
1072 2210
1071 2210
1070 2209
1069 2208
1068 2208
1067 2207
1066 2206
1065 2206
1064 2205
1063 2204
1062 2203
1061 2203
1060 2203
1059 2203
1058 2203
1057 2202
1056 2202
1055 2201
1054 2201
1053 2200
1052 2200
1051 2200
1050 2199
1049 2198
1048 2197
1047 2197
1046 2196
1045 2196
1044 2195
1043 2195
1042 2194
1041 2194
1040 2194
1039 2193
1038 2193
1037 2192
1036 2191
1035 2190
1034 2190
1033 2189
1032 2188
1031 2188
1030 2188
1029 2188
1028 2187
1027 2187
1026 2186
1025 2186
1024 2185
1023 2185
1022 2184
1021 2184
1020 2184
1019 2183
1018 2183
1017 2183
1016 2183
1015 2183
1014 2182
1013 2182
1012 2182
1011 2181
1010 2181
1009 2181
1008 2180
1007 2180
1006 2180
1005 2179
1004 2179
1003 2178
1002 2178
1001 2178
1000 2178
999 2178
998 2177
997 2177
996 2177
995 2176
994 2176
993 2175
992 2175
991 2175
990 2175
989 2175
988 2175
987 2174
986 2174
985 2174
984 2173
983 2173
982 2173
981 2173
980 2173
979 2173
978 2172
977 2172
976 2172
975 2171
974 2171
973 2170
972 2170
971 2170
970 2170
969 2170
968 2170
967 2170
966 2170
965 2169
964 2169
963 2169
962 2169
961 2169
960 2169
959 2169
958 2169
957 2169
956 2169
955 2169
954 2169
953 2169
952 2169
951 2169
950 2169
949 2169
948 2169
947 2169
946 2169
945 2169
944 2169
943 2168
942 2168
941 2167
940 2167
939 2166
938 2166
937 2165
936 2165
935 2165
934 2165
933 2165
932 2165
931 2165
930 2165
929 2164
928 2164
927 2164
926 2164
925 2164
924 2164
923 2164
922 2164
921 2164
920 2164
919 2164
918 2164
917 2164
916 2164
915 2164
914 2164
913 2163
912 2163
911 2163
910 2162
909 2162
908 2162
907 2162
906 2162
905 2162
904 2161
903 2161
902 2160
901 2160
900 2160
899 2160
898 2160
897 2160
896 2160
895 2160
894 2160
893 2160
892 2160
891 2160
890 2160
889 2160
888 2160
887 2160
886 2160
885 2160
884 2160
883 2160
882 2160
881 2160
880 2160
879 2160
878 2159
877 2159
876 2159
875 2159
874 2159
873 2159
872 2159
871 2159
870 2159
869 2159
868 2159
867 2159
866 2159
865 2159
864 2159
