1494 1283
1493 1284
1492 1284
1492 1285
1491 1286
1491 1287
1490 1288
1489 1289
1488 1290
1487 1290
1486 1291
1485 1291
1484 1291
1483 1292
1482 1292
1481 1292
1480 1292
1479 1292
1478 1292
1477 1292
1476 1292
1475 1293
1474 1293
1473 1294
1472 1295
1471 1296
1470 1297
1469 1298
1468 1299
1467 1300
1466 1301
1465 1302
1464 1303
1463 1304
1462 1305
1461 1306
1460 1307
1459 1308
1459 1309
1458 1310
1458 1311
1458 1312
1457 1313
1457 1314
1457 1315
1457 1316
1457 1317
1457 1318
1457 1319
1458 1320
1459 1321
1460 1322
1461 1323
1462 1324
1463 1324
1464 1324
1465 1324
1466 1324
1467 1324
1468 1324
1469 1324
1470 1324
1471 1324
1472 1325
1473 1325
1474 1325
1475 1326
1476 1326
1477 1326
1478 1326
1479 1326
1480 1325
1481 1325
1482 1324
1483 1324
1484 1324
1485 1324
1486 1324
1487 1324
1488 1324
1489 1324
1490 1323
1491 1322
1492 1322
1493 1321
1494 1321
1495 1320
1496 1320
1497 1320
1498 1319
1499 1319
1500 1319
1501 1319
1502 1319
1503 1319
1504 1319
1505 1319
1506 1319
1507 1319
1508 1319
1509 1319
1510 1319
1511 1319
1512 1319
1513 1319
1514 1319
1515 1319
1516 1319
1517 1319
1518 1319
1519 1319
1520 1319
1521 1319
1522 1319
1523 1319
1524 1319
1525 1319
1526 1320
1527 1320
1528 1320
1529 1321
1530 1321
1531 1321
1532 1322
1533 1322
1534 1322
1535 1322
1536 1322
1537 1322
1538 1323
1539 1323
1540 1323
1541 1324
1542 1324
1543 1324
1544 1325
1545 1325
1546 1326
1547 1326
1548 1326
1549 1326
1550 1327
1551 1327
1552 1327
1553 1328
1554 1328
1555 1328
1556 1328
1557 1328
1558 1328
1559 1328
1560 1328
1561 1328
1562 1328
1563 1328
1564 1328
1565 1328
1566 1328
1567 1328
1568 1328
1569 1328
1570 1328
1571 1328
1572 1328
1573 1327
1574 1326
1575 1325
1576 1324
1577 1323
1578 1323
1579 1322
1580 1322
1581 1321
1582 1321
1583 1320
1584 1320
1585 1319
1586 1318
1587 1317
1587 1316
1588 1315
1589 1314
1589 1313
1590 1312
1590 1311
1591 1310
1592 1309
1592 1308
1592 1307
1592 1306
1592 1305
1592 1304
1592 1303
1592 1302
1591 1301
1590 1300
1589 1299
1588 1298
1588 1297
1588 1296
1588 1295
1588 1294
1587 1294
1586 1293
1585 1292
1584 1292
1583 1292
1582 1292
1581 1292
1580 1292
1579 1292
1578 1292
1577 1291
1576 1291
1575 1291
1574 1291
1573 1291
1572 1291
1571 1291
1570 1290
1569 1290
1568 1290
1567 1289
1566 1289
1565 1289
1564 1289
1563 1289
1562 1289
1561 1289
1560 1289
1559 1289
1558 1289
1557 1289
1556 1289
1555 1289
1554 1288
1553 1288
1552 1287
1551 1287
1550 1286
1549 1286
1548 1286
1547 1286
1546 1286
1545 1286
1544 1286
1543 1286
1542 1286
1541 1286
1540 1286
1539 1286
1538 1286
1537 1286
1536 1286
1535 1286
1534 1286
1533 1286
1532 1285
1531 1285
1530 1285
1529 1284
1528 1284
1527 1284
1526 1284
1525 1284
1524 1284
1523 1284
1522 1284
1521 1284
1520 1284
1519 1284
1518 1284
1517 1283
1516 1283
1515 1283
1514 1283
1513 1283
1512 1283
1511 1283
1510 1283
1509 1283
1508 1283
1507 1283
1506 1283
1505 1283
1504 1283
1503 1283
1502 1283
1501 1283
1500 1283
1499 1283
1498 1283
1497 1283
1496 1283
1495 1283
1494 1283
