1167 1242
1166 1243
1165 1243
1164 1243
1163 1244
1162 1245
1161 1246
1160 1247
1160 1248
1159 1249
1159 1250
1158 1251
1158 1252
1158 1253
1158 1254
1158 1255
1158 1256
1158 1257
1158 1258
1157 1259
1157 1260
1157 1261
1157 1262
1157 1263
1157 1264
1157 1265
1157 1266
1157 1267
1157 1268
1157 1269
1158 1269
1159 1269
1160 1269
1161 1269
1162 1270
1163 1270
1164 1270
1165 1270
1166 1270
1167 1270
1168 1270
1169 1270
1170 1270
1171 1270
1172 1271
1173 1271
1174 1271
1175 1271
1176 1271
1177 1271
1178 1272
1179 1272
1180 1272
1181 1273
1182 1273
1183 1273
1184 1274
1185 1274
1186 1275
1187 1275
1188 1275
1189 1275
1190 1275
1191 1275
1192 1275
1193 1275
1194 1275
1195 1275
1196 1276
1197 1276
1198 1276
1199 1276
1200 1276
1201 1276
1202 1276
1203 1276
1204 1276
1205 1276
1206 1276
1207 1276
1208 1276
1209 1276
1210 1276
1211 1276
1212 1276
1213 1276
1214 1276
1215 1276
1216 1276
1217 1275
1218 1275
1219 1275
1220 1275
1221 1274
1222 1274
1223 1274
1224 1273
1225 1273
1226 1273
1227 1272
1228 1272
1229 1272
1230 1272
1231 1271
1232 1270
1233 1269
1233 1268
1233 1267
1234 1266
1234 1265
1235 1264
1235 1263
1235 1262
1235 1261
1235 1260
1235 1259
1235 1258
1235 1257
1234 1256
1234 1255
1233 1254
1232 1253
1231 1252
1230 1251
1229 1250
1228 1249
1227 1248
1226 1247
1225 1247
1224 1246
1223 1246
1222 1246
1221 1246
1220 1246
1219 1246
1218 1246
1217 1246
1216 1246
1215 1246
1214 1246
1213 1246
1212 1246
1211 1246
1210 1246
1209 1246
1208 1246
1207 1246
1206 1246
1205 1246
1204 1246
1203 1246
1202 1246
1201 1246
1200 1246
1199 1246
1198 1246
1197 1246
1196 1246
1195 1246
1194 1246
1193 1246
1192 1245
1191 1245
1190 1245
1189 1245
1188 1245
1187 1245
1186 1245
1185 1245
1184 1245
1183 1244
1182 1244
1181 1244
1180 1243
1179 1243
1178 1243
1177 1243
1176 1243
1175 1243
1174 1242
1173 1242
1172 1242
1171 1242
1170 1242
1169 1242
1168 1242
1167 1242
