560 921
559 922
558 922
557 922
556 922
555 922
554 922
553 922
552 922
551 922
550 922
549 922
548 922
547 922
546 922
545 922
544 922
543 922
542 922
541 922
540 922
539 922
538 922
537 922
536 922
535 922
534 922
533 922
532 922
531 923
530 923
529 923
528 924
527 924
526 924
525 924
524 924
523 924
522 924
521 924
520 924
519 924
518 924
517 925
517 926
516 927
516 928
516 929
516 930
516 931
515 932
515 933
514 934
514 935
513 936
513 937
513 938
512 939
512 940
511 941
510 942
509 943
508 944
508 945
508 946
507 947
506 948
506 949
505 950
505 951
505 952
504 953
504 954
503 955
503 956
502 957
501 958
500 959
500 960
499 961
499 962
498 963
498 964
498 965
498 966
499 967
499 968
500 969
501 970
502 971
503 972
504 973
505 974
506 975
507 975
508 976
509 977
510 978
511 979
512 980
513 981
514 982
515 983
516 984
517 985
518 986
519 986
520 987
521 987
522 988
523 988
524 988
525 988
526 989
527 989
528 990
529 990
530 991
531 991
532 992
533 993
534 993
535 993
536 993
537 994
538 994
539 994
540 995
541 996
542 996
543 996
544 996
545 997
546 997
547 998
548 999
549 999
550 999
551 999
552 1000
553 1000
554 1001
555 1001
556 1002
557 1002
558 1003
559 1003
560 1003
561 1004
562 1004
563 1004
564 1004
565 1005
566 1005
567 1005
568 1006
569 1006
570 1006
571 1006
572 1006
573 1006
574 1007
575 1007
576 1007
577 1007
578 1008
579 1008
580 1008
581 1008
582 1007
583 1008
584 1008
585 1008
586 1009
587 1009
588 1009
589 1009
590 1009
591 1009
592 1009
593 1009
594 1009
595 1009
596 1009
597 1009
598 1009
599 1009
600 1009
601 1009
602 1009
603 1009
604 1009
605 1009
606 1009
607 1008
608 1008
609 1008
610 1008
611 1007
612 1006
613 1005
614 1004
615 1003
616 1002
617 1001
618 1000
619 1000
620 1000
621 1000
622 1001
623 1001
624 1001
625 1002
626 1002
627 1002
628 1003
629 1003
630 1002
631 1001
632 1000
633 1000
634 999
635 999
636 999
637 999
637 998
638 997
639 996
640 995
641 994
641 993
641 992
641 991
641 990
641 989
641 988
641 987
641 986
641 985
641 984
641 983
641 982
641 981
641 980
640 979
640 978
640 977
640 976
640 975
640 974
640 973
640 972
640 971
640 970
640 969
640 968
640 967
640 966
639 965
639 964
639 963
639 962
638 961
638 960
637 959
637 958
637 957
636 956
635 955
634 954
634 953
634 952
633 951
633 950
632 949
631 948
631 947
631 946
631 945
631 944
631 943
630 942
630 941
630 940
630 939
630 938
630 937
630 936
630 935
630 934
630 933
630 932
630 931
630 930
630 929
630 928
630 927
630 926
629 925
629 924
628 923
627 923
626 922
625 922
624 922
623 923
622 923
621 923
620 923
619 924
618 924
617 924
616 924
615 924
614 925
613 925
612 925
611 925
610 925
609 925
608 926
607 926
606 926
605 926
604 926
603 926
602 926
601 926
600 926
599 926
598 926
597 926
596 926
595 926
594 926
593 926
592 926
591 926
590 926
589 926
588 926
587 926
586 925
585 925
584 925
583 925
582 925
581 924
580 924
579 924
578 924
577 924
576 924
575 923
574 923
573 923
572 922
571 922
570 922
569 922
568 922
567 922
566 922
565 921
564 921
563 921
562 921
561 921
560 921
