570 2354
569 2355
568 2355
567 2355
566 2355
565 2356
564 2356
563 2356
562 2356
561 2356
560 2357
559 2357
558 2357
557 2357
556 2358
555 2358
554 2358
553 2358
552 2358
551 2358
550 2358
549 2358
548 2359
547 2359
546 2360
545 2360
544 2361
543 2361
542 2361
541 2361
540 2362
539 2363
538 2363
537 2364
536 2364
535 2364
534 2365
533 2365
532 2366
531 2366
530 2366
530 2367
529 2368
528 2369
527 2370
526 2371
526 2372
525 2373
524 2374
524 2375
523 2376
523 2377
523 2378
524 2379
525 2380
526 2380
527 2381
528 2381
529 2381
530 2382
531 2383
532 2383
533 2384
534 2384
535 2385
536 2385
537 2386
538 2386
539 2386
540 2386
541 2386
542 2386
543 2386
544 2386
545 2387
546 2387
547 2387
548 2387
549 2387
550 2387
551 2387
552 2388
553 2388
554 2388
555 2388
556 2388
557 2388
558 2388
559 2388
560 2388
561 2388
562 2388
563 2388
564 2388
565 2388
566 2388
567 2388
568 2388
569 2388
570 2388
571 2388
572 2388
573 2388
574 2388
575 2388
576 2388
577 2388
578 2388
579 2388
580 2388
581 2388
582 2388
583 2388
584 2388
585 2388
586 2388
587 2388
588 2388
589 2388
590 2388
591 2388
592 2388
593 2388
594 2388
595 2388
596 2388
597 2388
598 2388
599 2388
600 2388
601 2387
602 2386
603 2385
604 2384
605 2383
606 2382
607 2381
607 2380
608 2379
608 2378
608 2377
608 2376
608 2375
608 2374
608 2373
609 2372
608 2371
608 2370
607 2369
607 2368
606 2367
607 2366
607 2365
607 2364
608 2363
607 2362
606 2361
605 2360
604 2360
603 2360
602 2359
601 2359
600 2359
599 2359
598 2358
597 2358
596 2358
595 2358
594 2358
593 2358
592 2357
591 2356
590 2356
589 2356
588 2356
587 2356
586 2356
585 2356
584 2356
583 2356
582 2356
581 2356
580 2356
579 2356
578 2356
577 2355
576 2355
575 2355
574 2355
573 2355
572 2355
571 2355
570 2354
