425 622
424 623
423 624
422 624
421 625
421 626
420 627
419 627
418 628
417 629
416 630
415 631
414 632
413 633
412 634
411 635
410 636
409 637
408 638
407 639
406 640
405 641
405 642
404 643
403 643
402 644
401 645
400 646
400 647
399 648
398 648
397 649
396 650
395 651
395 652
394 653
393 653
392 654
391 655
390 656
390 657
389 658
388 658
387 659
386 660
385 661
385 662
384 663
383 664
382 664
381 665
380 666
380 667
379 668
378 669
377 670
377 671
377 672
377 673
378 674
378 675
379 676
380 677
381 678
382 679
383 680
384 681
385 682
386 683
387 684
388 685
389 685
390 686
390 687
391 688
392 689
393 690
394 691
395 692
396 693
396 694
397 695
398 696
399 697
400 698
400 699
401 700
401 701
402 702
403 703
404 704
405 705
406 706
407 707
408 708
409 709
410 710
411 711
412 712
413 713
414 714
415 715
416 715
417 716
418 717
419 718
420 719
421 719
422 720
423 721
424 721
425 722
426 723
427 723
428 724
429 724
430 725
431 725
432 726
433 727
434 727
435 728
436 728
437 728
438 729
439 729
440 729
441 729
442 729
443 729
444 729
445 729
446 729
447 729
448 729
449 729
450 729
451 729
452 729
453 729
454 729
455 729
456 729
457 729
458 729
459 729
460 729
461 729
462 729
463 729
464 729
465 729
466 729
467 728
468 728
469 727
470 727
471 727
472 727
473 727
474 727
475 726
476 726
477 726
478 726
479 725
480 725
481 725
482 724
483 724
484 724
485 724
486 723
487 722
488 722
489 722
490 721
491 721
492 720
493 719
494 718
495 717
496 716
497 715
497 714
497 713
498 712
498 711
499 710
500 709
501 708
502 707
503 706
503 705
504 704
504 703
505 702
505 701
506 700
507 699
507 698
508 697
509 696
509 695
510 694
511 693
512 692
513 691
513 690
513 689
514 688
514 687
515 686
515 685
516 684
516 683
516 682
516 681
516 680
516 679
516 678
516 677
516 676
516 675
516 674
516 673
516 672
515 671
515 670
514 669
513 668
512 667
512 666
511 665
510 664
509 663
508 662
507 661
506 660
505 659
504 658
503 658
502 657
501 656
500 655
499 654
498 654
497 653
496 652
495 652
494 651
493 650
492 649
491 649
490 648
489 648
488 647
487 647
486 647
485 647
484 646
483 645
482 644
481 643
480 643
479 642
478 642
477 642
476 641
475 640
474 639
473 638
472 637
471 636
470 635
469 634
468 633
467 632
466 631
465 630
464 629
463 629
462 629
461 629
460 629
459 629
458 629
457 629
456 629
455 629
454 629
453 629
452 629
451 628
450 628
449 628
448 627
447 627
446 627
445 627
444 627
443 627
442 627
441 626
440 626
439 626
438 626
437 625
436 625
435 625
434 625
433 625
432 625
431 624
430 624
429 623
428 623
427 623
426 622
425 622
