2093 1223
2092 1224
2091 1224
2090 1225
2089 1225
2088 1226
2087 1226
2086 1227
2085 1228
2084 1228
2083 1228
2082 1229
2081 1230
2080 1231
2079 1231
2078 1232
2077 1232
2076 1233
2075 1234
2074 1234
2073 1234
2072 1235
2071 1235
2070 1235
2069 1235
2068 1235
2067 1235
2066 1235
2065 1235
2064 1235
2063 1235
2062 1235
2061 1235
2060 1235
2059 1235
2058 1234
2057 1234
2056 1234
2055 1234
2054 1233
2053 1233
2052 1232
2051 1232
2050 1232
2049 1232
2048 1231
2047 1231
2046 1230
2045 1230
2044 1230
2043 1230
2042 1229
2041 1229
2040 1229
2039 1229
2038 1229
2037 1229
2036 1229
2035 1229
2034 1229
2033 1229
2032 1229
2031 1229
2030 1229
2029 1229
2028 1229
2027 1229
2026 1229
2025 1229
2024 1229
2023 1229
2022 1229
2021 1229
2020 1229
2019 1229
2018 1229
2017 1229
2016 1229
2015 1229
2014 1229
2013 1229
2012 1229
2011 1229
2010 1229
2009 1229
2008 1229
2007 1229
2006 1229
2005 1229
2004 1229
2003 1229
2002 1229
2001 1229
2000 1228
1999 1228
1998 1228
1997 1228
1996 1227
1995 1227
1994 1227
1993 1227
1992 1227
1991 1227
1990 1227
1989 1227
1988 1227
1987 1227
1986 1227
1985 1227
1984 1227
1983 1227
1982 1227
1981 1227
1980 1227
1979 1227
1978 1227
1977 1227
1976 1227
1975 1227
1974 1227
1973 1227
1972 1227
1971 1227
1970 1227
1969 1227
1968 1227
1967 1227
1966 1227
1965 1227
1964 1227
1963 1227
1962 1227
1961 1227
1960 1227
1959 1227
1958 1227
1957 1227
1956 1227
1955 1227
1954 1227
1953 1227
1952 1227
1951 1227
1950 1227
1949 1227
1948 1227
1947 1227
1946 1227
1945 1227
1944 1227
1943 1227
1942 1228
1941 1229
1940 1230
1939 1231
1938 1232
1937 1232
1936 1233
1935 1233
1934 1233
1933 1233
1932 1233
1931 1233
1930 1233
1929 1233
1928 1233
1927 1233
1926 1233
1925 1233
1924 1233
1923 1233
1922 1233
1921 1233
1920 1233
1919 1233
1918 1233
1917 1233
1916 1233
1915 1233
1914 1233
1913 1233
1912 1233
1911 1233
1910 1233
1909 1233
1908 1233
1907 1233
1906 1233
1905 1233
1904 1233
1903 1233
1902 1233
1901 1233
1900 1233
1899 1233
1898 1233
1897 1233
1896 1233
1895 1233
1894 1233
1893 1233
1892 1233
1891 1233
1890 1233
1889 1233
1888 1233
1887 1233
1886 1233
1885 1233
1884 1233
1883 1233
1882 1233
1881 1233
1880 1233
1879 1233
1878 1233
1877 1233
1876 1233
1875 1233
1874 1232
1873 1232
1872 1232
1871 1232
1870 1231
1869 1231
1868 1231
1867 1231
1866 1231
1865 1231
1864 1231
1863 1231
1862 1231
1861 1231
1860 1232
1859 1232
1858 1232
1857 1232
1856 1233
1855 1233
1854 1233
1853 1233
1852 1233
1851 1233
1850 1233
1849 1233
1848 1233
1847 1233
1846 1233
1845 1233
1844 1234
1843 1234
1842 1235
1841 1235
1840 1236
1839 1236
1838 1237
1837 1237
1836 1238
1835 1238
1834 1238
1833 1238
1832 1239
1831 1239
1830 1239
1829 1239
1828 1240
1827 1240
1826 1240
1825 1240
1824 1241
1823 1241
1822 1241
1821 1241
1820 1241
1819 1241
1818 1241
1817 1241
1816 1241
1815 1241
1814 1241
1813 1241
1812 1241
1811 1241
1810 1242
1809 1242
1808 1242
1807 1242
1806 1243
1805 1243
1804 1244
1803 1244
1802 1244
1801 1244
1800 1245
1799 1245
1798 1246
1797 1246
1796 1246
1795 1246
1794 1247
1793 1247
1792 1247
1791 1247
1790 1247
1789 1247
1788 1247
1787 1247
1786 1247
1785 1247
1784 1247
1783 1247
1782 1247
1781 1247
1780 1247
1779 1247
1778 1247
1777 1247
1776 1247
1775 1247
1774 1247
1773 1247
1772 1247
1771 1247
1770 1247
1769 1247
1768 1247
1767 1247
1766 1247
1765 1247
1764 1247
1763 1247
1762 1247
1761 1247
1760 1247
1759 1247
1758 1248
1757 1248
1756 1248
1755 1248
1754 1249
1753 1249
1752 1249
1751 1249
1750 1249
1749 1249
1748 1249
1747 1249
1746 1249
1745 1249
1744 1249
1743 1249
1742 1250
1741 1250
1740 1250
1739 1250
1738 1251
1737 1251
1736 1251
1735 1251
1734 1251
1733 1251
1732 1251
1731 1251
1730 1251
1729 1251
1728 1251
1727 1251
1726 1252
1725 1252
1724 1252
1723 1252
1722 1252
1721 1253
1720 1253
1719 1254
1718 1254
1717 1254
1716 1255
1715 1256
1714 1256
1713 1256
1712 1257
1711 1257
1710 1257
1709 1257
1708 1257
1707 1257
1706 1257
1705 1257
1704 1257
1703 1257
1702 1257
1701 1257
1700 1257
1699 1257
1698 1257
1697 1257
1696 1257
1695 1257
1694 1257
1693 1257
1692 1257
1691 1257
1690 1257
1689 1257
1688 1257
1687 1257
1686 1257
1685 1257
1684 1258
1683 1258
1682 1258
1681 1258
1680 1259
1679 1259
1678 1259
1677 1259
1676 1259
1675 1259
1674 1259
1673 1259
1672 1259
1671 1259
1670 1259
1669 1259
1668 1259
1667 1259
1666 1260
1665 1260
1664 1260
1663 1260
1662 1261
1661 1261
1660 1261
1659 1261
1658 1261
1657 1261
1656 1261
1655 1261
1654 1261
1653 1261
1652 1261
1651 1261
1650 1261
1649 1261
1648 1261
1647 1261
1646 1261
1645 1261
1644 1261
1643 1261
1642 1261
1641 1261
1640 1261
1639 1261
1638 1262
1637 1262
1636 1262
1635 1262
1634 1263
1633 1264
1632 1264
1631 1264
1630 1265
1629 1265
1628 1265
1627 1265
1626 1265
1625 1265
1624 1265
1623 1265
1622 1265
1621 1265
1620 1265
1619 1265
1618 1265
1617 1265
1616 1265
1615 1265
1614 1265
1613 1265
1612 1264
1611 1264
1610 1264
1609 1264
1608 1263
1607 1263
1606 1263
1605 1263
1604 1263
1603 1263
1602 1263
1601 1263
1600 1263
1599 1263
1598 1263
1597 1263
1596 1264
1595 1264
1594 1264
1593 1264
1592 1265
1591 1266
1590 1266
1589 1266
1588 1267
1587 1267
1586 1268
1585 1268
1584 1268
1583 1268
1582 1269
1581 1269
1580 1269
1579 1269
1578 1269
1577 1269
1576 1269
1575 1269
1574 1269
1573 1269
1572 1269
1571 1269
1570 1269
1569 1269
1568 1269
1567 1269
1566 1269
1565 1269
1564 1269
1563 1269
1562 1269
1561 1269
1560 1269
1559 1269
1558 1269
1557 1269
1556 1269
1555 1269
1554 1269
1553 1269
1552 1270
1551 1270
1550 1270
1549 1270
1548 1271
1547 1272
1546 1272
1545 1272
1544 1273
1543 1273
1542 1273
1541 1273
1540 1273
1539 1273
1538 1273
1537 1273
1536 1273
1535 1273
1534 1274
1533 1274
1532 1274
1531 1274
1530 1275
1529 1276
1528 1276
1527 1276
1526 1277
1525 1278
1524 1279
1523 1280
1522 1280
1521 1281
1520 1282
1519 1282
1518 1283
1517 1284
1516 1285
1515 1286
1514 1286
1513 1287
1512 1288
1511 1288
1510 1289
1509 1289
1508 1289
1507 1289
1506 1290
1505 1290
1504 1291
1503 1291
1502 1292
1501 1292
1500 1293
1499 1294
1498 1295
1497 1296
1496 1296
1496 1297
1495 1298
1494 1298
1494 1299
1493 1300
1492 1300
1492 1301
1491 1302
1490 1302
1490 1303
1489 1304
1488 1304
1488 1305
1487 1306
1486 1306
1486 1307
1485 1308
1484 1309
1484 1310
1483 1311
1483 1312
1483 1313
1483 1314
1483 1315
1483 1316
1482 1317
1482 1318
1482 1319
1482 1320
1481 1321
1481 1322
1481 1323
1481 1324
1481 1325
1481 1326
1481 1327
1481 1328
1481 1329
1481 1330
1481 1331
1481 1332
1482 1333
1482 1334
1482 1335
1482 1336
1483 1337
1483 1338
1484 1339
1484 1340
1484 1341
1484 1342
1485 1343
1485 1344
1485 1345
1485 1346
1485 1347
1485 1348
1485 1349
1485 1350
1486 1351
1486 1352
1486 1353
1486 1354
1487 1355
1487 1356
1488 1357
1488 1358
1489 1359
1489 1360
1490 1361
1490 1362
1491 1363
1491 1364
1492 1365
1492 1366
1493 1367
1494 1368
1494 1369
1495 1369
1496 1370
1496 1371
1497 1371
1498 1372
1498 1373
1499 1374
1500 1375
1500 1376
1501 1377
1501 1378
1501 1379
1501 1380
1501 1381
1501 1382
1501 1383
1501 1384
1502 1385
1502 1386
1502 1387
1502 1388
1503 1389
1503 1390
1503 1391
1503 1392
1503 1393
1503 1394
1504 1395
1504 1396
1505 1397
1506 1398
1506 1399
1507 1399
1508 1400
1509 1401
1510 1402
1511 1403
1512 1403
1513 1404
1514 1405
1515 1405
1516 1406
1517 1407
1518 1408
1519 1409
1520 1409
1521 1410
1522 1411
1523 1411
1524 1412
1525 1413
1526 1414
1527 1415
1528 1415
1529 1415
1530 1415
1531 1416
1532 1416
1533 1417
1534 1417
1535 1417
1536 1417
1537 1418
1538 1418
1539 1418
1540 1418
1541 1418
1542 1418
1543 1418
1544 1418
1545 1418
1546 1418
1547 1418
1548 1418
1549 1418
1550 1418
1551 1418
1552 1418
1553 1418
1554 1418
1555 1418
1556 1418
1557 1418
1558 1418
1559 1418
1560 1418
1561 1417
1562 1417
1563 1416
1564 1416
1565 1415
1566 1415
1567 1414
1568 1413
1569 1413
1570 1413
1571 1412
1572 1412
1573 1412
1574 1412
1575 1413
1576 1413
1577 1414
1578 1414
1579 1415
1580 1416
1581 1417
1582 1417
1583 1417
1584 1417
1585 1418
1586 1418
1587 1418
1588 1418
1589 1418
1590 1418
1591 1418
1592 1418
1593 1418
1594 1418
1595 1418
1596 1418
1597 1419
1598 1419
1599 1419
1600 1419
1601 1420
1602 1420
1603 1420
1604 1420
1605 1420
1606 1420
1607 1420
1608 1420
1609 1421
1610 1421
1611 1421
1612 1421
1613 1422
1614 1422
1615 1422
1616 1422
1617 1422
1618 1422
1619 1422
1620 1422
1621 1422
1622 1422
1623 1422
1624 1422
1625 1422
1626 1422
1627 1422
1628 1422
1629 1422
1630 1422
1631 1423
1632 1423
1633 1423
1634 1423
1635 1424
1636 1424
1637 1424
1638 1424
1639 1424
1640 1424
1641 1424
1642 1424
1643 1424
1644 1424
1645 1424
1646 1424
1647 1424
1648 1424
1649 1424
1650 1424
1651 1424
1652 1424
1653 1424
1654 1424
1655 1424
1656 1424
1657 1424
1658 1424
1659 1424
1660 1424
1661 1424
1662 1424
1663 1425
1664 1425
1665 1425
1666 1425
1667 1426
1668 1426
1669 1426
1670 1426
1671 1426
1672 1426
1673 1426
1674 1426
1675 1426
1676 1426
1677 1426
1678 1426
1679 1426
1680 1426
1681 1427
1682 1427
1683 1427
1684 1427
1685 1428
1686 1428
1687 1428
1688 1428
1689 1428
1690 1428
1691 1428
1692 1428
1693 1428
1694 1428
1695 1428
1696 1428
1697 1429
1698 1429
1699 1429
1700 1429
1701 1430
1702 1430
1703 1430
1704 1430
1705 1430
1706 1430
1707 1429
1708 1429
1709 1429
1710 1429
1711 1428
1712 1428
1713 1428
1714 1428
1715 1428
1716 1428
1717 1427
1718 1427
1719 1427
1720 1427
1721 1426
1722 1426
1723 1426
1724 1426
1725 1426
1726 1426
1727 1426
1728 1426
1729 1426
1730 1426
1731 1426
1732 1426
1733 1426
1734 1426
1735 1425
1736 1425
1737 1425
1738 1425
1739 1424
1740 1424
1741 1424
1742 1424
1743 1424
1744 1424
1745 1424
1746 1424
1747 1424
1748 1424
1749 1424
1750 1424
1751 1424
1752 1424
1753 1424
1754 1424
1755 1424
1756 1424
1757 1424
1758 1424
1759 1424
1760 1424
1761 1424
1762 1424
1763 1424
1764 1424
1765 1424
1766 1424
1767 1424
1768 1424
1769 1424
1770 1424
1771 1424
1772 1424
1773 1423
1774 1423
1775 1423
1776 1423
1777 1422
1778 1422
1779 1422
1780 1422
1781 1422
1782 1422
1783 1422
1784 1422
1785 1422
1786 1422
1787 1422
1788 1422
1789 1423
1790 1423
1791 1423
1792 1423
1793 1424
1794 1424
1795 1424
1796 1424
1797 1424
1798 1424
1799 1424
1800 1424
1801 1424
1802 1424
1803 1424
1804 1424
1805 1423
1806 1423
1807 1423
1808 1423
1809 1422
1810 1422
1811 1422
1812 1422
1813 1422
1814 1422
1815 1422
1816 1422
1817 1422
1818 1422
1819 1422
1820 1422
1821 1422
1822 1422
1823 1422
1824 1422
1825 1422
1826 1422
1827 1422
1828 1422
1829 1422
1830 1422
1831 1423
1832 1423
1833 1423
1834 1423
1835 1424
1836 1424
1837 1424
1838 1424
1839 1424
1840 1424
1841 1424
1842 1424
1843 1424
1844 1424
1845 1425
1846 1425
1847 1425
1848 1425
1849 1426
1850 1426
1851 1426
1852 1426
1853 1426
1854 1426
1855 1426
1856 1426
1857 1426
1858 1426
1859 1426
1860 1426
1861 1426
1862 1426
1863 1425
1864 1425
1865 1425
1866 1425
1867 1424
1868 1424
1869 1424
1870 1424
1871 1424
1872 1424
1873 1424
1874 1424
1875 1424
1876 1424
1877 1424
1878 1424
1879 1424
1880 1424
1881 1424
1882 1424
1883 1424
1884 1424
1885 1424
1886 1424
1887 1424
1888 1424
1889 1425
1890 1425
1891 1425
1892 1425
1893 1426
1894 1426
1895 1426
1896 1426
1897 1426
1898 1426
1899 1426
1900 1426
1901 1426
1902 1426
1903 1426
1904 1426
1905 1426
1906 1426
1907 1426
1908 1426
1909 1426
1910 1426
1911 1426
1912 1426
1913 1426
1914 1426
1915 1427
1916 1427
1917 1427
1918 1427
1919 1428
1920 1428
1921 1428
1922 1428
1923 1429
1924 1429
1925 1429
1926 1429
1927 1430
1928 1430
1929 1430
1930 1430
1931 1430
1932 1430
1933 1430
1934 1430
1935 1431
1936 1431
1937 1431
1938 1431
1939 1432
1940 1432
1941 1432
1942 1432
1943 1432
1944 1432
1945 1432
1946 1432
1947 1432
1948 1432
1949 1433
1950 1433
1951 1433
1952 1433
1953 1434
1954 1434
1955 1434
1956 1434
1957 1434
1958 1434
1959 1435
1960 1435
1961 1435
1962 1435
1963 1436
1964 1436
1965 1436
1966 1436
1967 1436
1968 1436
1969 1436
1970 1436
1971 1435
1972 1435
1973 1435
1974 1435
1975 1434
1976 1434
1977 1434
1978 1434
1979 1434
1980 1434
1981 1434
1982 1434
1983 1434
1984 1434
1985 1434
1986 1434
1987 1434
1988 1434
1989 1434
1990 1434
1991 1434
1992 1434
1993 1434
1994 1434
1995 1434
1996 1434
1997 1434
1998 1434
1999 1434
2000 1434
2001 1434
2002 1434
2003 1434
2004 1434
2005 1434
2006 1434
2007 1434
2008 1434
2009 1434
2010 1434
2011 1434
2012 1434
2013 1434
2014 1434
2015 1434
2016 1434
2017 1434
2018 1434
2019 1433
2020 1433
2021 1433
2022 1433
2023 1432
2024 1432
2025 1432
2026 1432
2027 1432
2028 1432
2029 1432
2030 1432
2031 1432
2032 1432
2033 1432
2034 1432
2035 1432
2036 1432
2037 1431
2038 1431
2039 1431
2040 1431
2041 1430
2042 1430
2043 1430
2044 1430
2045 1430
2046 1430
2047 1430
2048 1430
2049 1430
2050 1430
2051 1430
2052 1430
2053 1430
2054 1430
2055 1430
2056 1430
2057 1430
2058 1430
2059 1430
2060 1430
2061 1430
2062 1430
2063 1430
2064 1430
2065 1430
2066 1430
2067 1430
2068 1430
2069 1430
2070 1430
2071 1430
2072 1430
2073 1430
2074 1430
2075 1429
2076 1429
2077 1429
2078 1429
2079 1428
2080 1428
2081 1428
2082 1428
2083 1428
2084 1428
2085 1428
2086 1428
2087 1427
2088 1427
2089 1427
2090 1427
2091 1426
2092 1426
2093 1426
2094 1426
2095 1425
2096 1425
2097 1425
2098 1425
2099 1424
2100 1423
2101 1423
2102 1423
2103 1422
2104 1422
2105 1422
2106 1422
2107 1422
2108 1422
2109 1421
2110 1421
2111 1421
2112 1421
2113 1420
2114 1420
2115 1420
2116 1420
2117 1420
2118 1420
2119 1420
2120 1420
2121 1420
2122 1420
2123 1420
2124 1420
2125 1420
2126 1420
2127 1420
2128 1420
2129 1420
2130 1420
2131 1420
2132 1420
2133 1419
2134 1419
2135 1419
2136 1419
2137 1419
2138 1419
2139 1419
2140 1419
2141 1420
2142 1420
2143 1420
2144 1420
2145 1420
2146 1420
2147 1420
2148 1420
2149 1420
2150 1420
2151 1420
2152 1420
2153 1420
2154 1420
2155 1420
2156 1420
2157 1420
2158 1420
2159 1420
2160 1420
2161 1420
2162 1420
2163 1420
2164 1420
2165 1420
2166 1420
2167 1420
2168 1420
2169 1420
2170 1420
2171 1420
2172 1420
2173 1420
2174 1420
2175 1420
2176 1420
2177 1420
2178 1420
2179 1420
2180 1420
2181 1420
2182 1420
2183 1420
2184 1420
2185 1420
2186 1420
2187 1421
2188 1421
2189 1421
2190 1421
2191 1422
2192 1422
2193 1422
2194 1422
2195 1422
2196 1422
2197 1422
2198 1422
2199 1422
2200 1422
2201 1422
2202 1422
2203 1422
2204 1422
2205 1422
2206 1422
2207 1422
2208 1422
2209 1422
2210 1422
2211 1422
2212 1422
2213 1422
2214 1422
2215 1422
2216 1422
2217 1422
2218 1422
2219 1423
2220 1423
2221 1424
2222 1424
2223 1425
2224 1425
2225 1426
2226 1426
2227 1426
2228 1426
2229 1427
2230 1427
2231 1427
2232 1427
2233 1428
2234 1428
2235 1428
2236 1428
2237 1428
2238 1428
2239 1428
2240 1428
2241 1428
2242 1428
2243 1428
2244 1428
2245 1428
2246 1428
2247 1428
2248 1428
2249 1428
2250 1428
2251 1429
2252 1429
2253 1429
2254 1429
2255 1430
2256 1430
2257 1430
2258 1430
2259 1431
2260 1431
2261 1431
2262 1431
2263 1432
2264 1432
2265 1432
2266 1432
2267 1432
2268 1432
2269 1433
2270 1433
2271 1433
2272 1433
2273 1434
2274 1434
2275 1434
2276 1434
2277 1434
2278 1434
2279 1435
2280 1435
2281 1435
2282 1435
2283 1436
2284 1436
2285 1436
2286 1436
2287 1436
2288 1436
2289 1436
2290 1436
2291 1436
2292 1436
2293 1436
2294 1436
2295 1436
2296 1436
2297 1436
2298 1436
2299 1436
2300 1436
2301 1436
2302 1436
2303 1436
2304 1436
2305 1436
2306 1436
2307 1436
2308 1436
2309 1437
2310 1437
2311 1437
2312 1437
2313 1438
2314 1438
2315 1438
2316 1438
2317 1439
2318 1439
2319 1439
2320 1440
2321 1441
2322 1441
2323 1441
2324 1441
2325 1442
2326 1442
2327 1441
2328 1441
2329 1441
2330 1441
2331 1441
2332 1441
2333 1442
2334 1442
2335 1443
2336 1443
2337 1444
2338 1444
2339 1445
2340 1445
2341 1445
2342 1445
2343 1446
2344 1446
2345 1446
2346 1446
2347 1446
2348 1446
2349 1446
2350 1446
2351 1446
2352 1446
2353 1446
2354 1446
2355 1446
2356 1446
2357 1446
2358 1446
2359 1447
2360 1447
2361 1447
2362 1448
2363 1449
2364 1449
2365 1449
2366 1449
2367 1450
2368 1450
2369 1451
2370 1451
2371 1451
2372 1452
2373 1453
2374 1453
2375 1453
2376 1453
2377 1454
2378 1454
2379 1454
2380 1454
2381 1454
2382 1454
2383 1454
2384 1454
2385 1454
2386 1454
2387 1454
2388 1454
2389 1454
2390 1454
2391 1454
2392 1454
2393 1454
2394 1454
2395 1454
2396 1454
2397 1454
2398 1454
2399 1455
2400 1455
2401 1455
2402 1455
2403 1456
2404 1456
2405 1456
2406 1456
2407 1456
2408 1456
2409 1457
2410 1457
2411 1457
2412 1457
2413 1458
2414 1458
2415 1459
2416 1459
2417 1459
2418 1460
2419 1461
2420 1461
2421 1461
2422 1462
2423 1463
2424 1463
2425 1464
2426 1464
2427 1465
2428 1465
2429 1466
2430 1466
2431 1466
2432 1466
2433 1466
2434 1466
2435 1466
2436 1466
2437 1467
2438 1467
2439 1467
2440 1467
2441 1468
2442 1468
2443 1469
2444 1469
2445 1469
2446 1469
2447 1470
2448 1470
2449 1470
2450 1470
2451 1470
2452 1470
2453 1470
2454 1470
2455 1470
2456 1470
2457 1470
2458 1470
2459 1470
2460 1470
2461 1470
2462 1470
2463 1470
2464 1470
2465 1470
2466 1470
2467 1470
2468 1470
2469 1470
2470 1470
2471 1470
2472 1470
2473 1469
2474 1469
2475 1469
2476 1469
2477 1468
2478 1468
2479 1467
2480 1467
2481 1467
2482 1467
2483 1466
2484 1466
2485 1465
2486 1465
2487 1465
2488 1465
2489 1464
2490 1464
2491 1463
2492 1463
2493 1463
2494 1463
2495 1462
2496 1461
2497 1461
2498 1461
2499 1460
2500 1460
2501 1460
2502 1460
2503 1460
2504 1460
2505 1459
2506 1459
2507 1459
2508 1459
2509 1458
2510 1457
2511 1457
2512 1457
2513 1456
2514 1456
2515 1456
2516 1456
2517 1456
2518 1456
2519 1455
2520 1455
2521 1455
2522 1455
2523 1454
2524 1454
2525 1454
2526 1454
2527 1453
2528 1453
2529 1453
2530 1453
2531 1452
2532 1452
2533 1452
2534 1452
2535 1451
2536 1451
2537 1451
2538 1451
2539 1450
2540 1450
2541 1449
2542 1449
2543 1449
2544 1449
2545 1448
2546 1448
2547 1448
2548 1448
2549 1448
2550 1448
2551 1448
2552 1448
2553 1448
2554 1448
2555 1447
2556 1447
2557 1447
2558 1447
2559 1446
2560 1445
2561 1445
2562 1445
2563 1444
2564 1444
2565 1444
2566 1444
2567 1444
2568 1444
2569 1444
2570 1444
2571 1443
2572 1443
2573 1443
2574 1443
2575 1442
2576 1442
2577 1442
2578 1442
2579 1442
2580 1442
2581 1441
2582 1441
2583 1441
2584 1441
2585 1440
2586 1440
2587 1440
2588 1440
2589 1439
2590 1439
2591 1438
2591 1437
2592 1436
2592 1435
2593 1434
2593 1433
2593 1432
2593 1431
2594 1430
2594 1429
2594 1428
2594 1427
2595 1426
2595 1425
2595 1424
2595 1423
2596 1422
2596 1421
2597 1420
2597 1419
2598 1418
2598 1417
2599 1416
2600 1415
2601 1414
2601 1413
2602 1412
2603 1411
2603 1410
2604 1409
2605 1408
2605 1407
2606 1406
2606 1405
2606 1404
2606 1403
2607 1402
2607 1401
2608 1400
2608 1399
2609 1398
2609 1397
2610 1396
2610 1395
2610 1394
2610 1393
2610 1392
2610 1391
2610 1390
2610 1389
2610 1388
2610 1387
2610 1386
2610 1385
2610 1384
2610 1383
2610 1382
2610 1381
2609 1380
2609 1379
2609 1378
2609 1377
2608 1376
2608 1375
2607 1374
2607 1373
2606 1372
2605 1371
2605 1370
2604 1370
2603 1369
2603 1368
2602 1368
2601 1367
2601 1366
2600 1365
2599 1364
2599 1363
2598 1362
2598 1361
2598 1360
2598 1359
2598 1358
2598 1357
2598 1356
2598 1355
2597 1354
2597 1353
2597 1352
2597 1351
2596 1350
2595 1349
2594 1348
2593 1347
2592 1346
2591 1346
2590 1345
2589 1344
2588 1343
2587 1342
2586 1341
2585 1340
2584 1339
2583 1338
2582 1338
2581 1337
2581 1336
2580 1336
2579 1335
2579 1334
2578 1334
2577 1333
2577 1332
2576 1332
2575 1331
2575 1330
2574 1330
2573 1329
2573 1328
2572 1328
2571 1327
2571 1326
2570 1325
2569 1324
2569 1323
2568 1322
2568 1321
2567 1320
2567 1319
2567 1318
2567 1317
2566 1316
2565 1315
2564 1314
2563 1313
2563 1312
2562 1312
2561 1311
2561 1310
2560 1309
2559 1308
2558 1307
2557 1306
2556 1305
2555 1304
2554 1303
2553 1302
2552 1302
2551 1301
2551 1300
2550 1300
2549 1299
2549 1298
2548 1298
2547 1297
2547 1296
2546 1295
2545 1294
2545 1293
2544 1292
2543 1291
2542 1290
2541 1289
2540 1288
2539 1287
2538 1286
2537 1286
2536 1285
2535 1285
2534 1284
2533 1283
2532 1282
2531 1282
2530 1282
2529 1282
2528 1281
2527 1281
2526 1280
2525 1280
2524 1280
2523 1279
2522 1278
2521 1278
2520 1278
2519 1278
2518 1277
2517 1277
2516 1277
2515 1277
2514 1277
2513 1277
2512 1277
2511 1277
2510 1277
2509 1277
2508 1276
2507 1276
2506 1275
2505 1275
2504 1274
2503 1273
2502 1272
2501 1272
2500 1272
2499 1272
2498 1271
2497 1271
2496 1270
2495 1270
2494 1270
2493 1269
2492 1268
2491 1268
2490 1268
2489 1268
2488 1267
2487 1267
2486 1267
2485 1267
2484 1267
2483 1267
2482 1267
2481 1267
2480 1267
2479 1267
2478 1267
2477 1267
2476 1267
2475 1267
2474 1267
2473 1267
2472 1267
2471 1267
2470 1266
2469 1266
2468 1266
2467 1266
2466 1265
2465 1265
2464 1264
2463 1264
2462 1264
2461 1264
2460 1263
2459 1263
2458 1263
2457 1263
2456 1263
2455 1263
2454 1263
2453 1263
2452 1262
2451 1262
2450 1261
2449 1260
2448 1260
2447 1259
2446 1258
2445 1258
2444 1257
2443 1257
2442 1257
2441 1257
2440 1257
2439 1257
2438 1257
2437 1257
2436 1257
2435 1257
2434 1257
2433 1257
2432 1257
2431 1257
2430 1257
2429 1257
2428 1257
2427 1257
2426 1257
2425 1257
2424 1257
2423 1257
2422 1257
2421 1257
2420 1257
2419 1257
2418 1257
2417 1257
2416 1256
2415 1256
2414 1256
2413 1256
2412 1255
2411 1255
2410 1255
2409 1255
2408 1255
2407 1255
2406 1255
2405 1255
2404 1255
2403 1255
2402 1255
2401 1255
2400 1254
2399 1254
2398 1253
2397 1253
2396 1252
2395 1252
2394 1251
2393 1251
2392 1251
2391 1251
2390 1251
2389 1251
2388 1251
2387 1251
2386 1251
2385 1251
2384 1250
2383 1250
2382 1250
2381 1250
2380 1249
2379 1249
2378 1248
2377 1248
2376 1248
2375 1247
2374 1246
2373 1246
2372 1246
2371 1246
2370 1245
2369 1245
2368 1244
2367 1244
2366 1244
2365 1244
2364 1243
2363 1243
2362 1242
2361 1242
2360 1242
2359 1242
2358 1241
2357 1241
2356 1241
2355 1241
2354 1241
2353 1241
2352 1240
2351 1240
2350 1240
2349 1240
2348 1239
2347 1239
2346 1239
2345 1239
2344 1238
2343 1238
2342 1237
2341 1237
2340 1236
2339 1235
2338 1234
2337 1234
2336 1233
2335 1233
2334 1232
2333 1232
2332 1231
2331 1231
2330 1231
2329 1231
2328 1230
2327 1230
2326 1230
2325 1230
2324 1229
2323 1229
2322 1229
2321 1229
2320 1229
2319 1229
2318 1229
2317 1229
2316 1229
2315 1229
2314 1229
2313 1229
2312 1229
2311 1229
2310 1229
2309 1229
2308 1229
2307 1229
2306 1229
2305 1229
2304 1229
2303 1229
2302 1229
2301 1229
2300 1229
2299 1229
2298 1229
2297 1229
2296 1229
2295 1229
2294 1228
2293 1228
2292 1228
2291 1228
2290 1227
2289 1227
2288 1227
2287 1227
2286 1227
2285 1227
2284 1227
2283 1227
2282 1227
2281 1227
2280 1227
2279 1227
2278 1227
2277 1227
2276 1227
2275 1227
2274 1227
2273 1227
2272 1227
2271 1227
2270 1227
2269 1227
2268 1227
2267 1227
2266 1227
2265 1227
2264 1227
2263 1227
2262 1227
2261 1227
2260 1227
2259 1227
2258 1227
2257 1227
2256 1227
2255 1227
2254 1227
2253 1227
2252 1227
2251 1227
2250 1227
2249 1227
2248 1227
2247 1227
2246 1227
2245 1227
2244 1227
2243 1227
2242 1226
2241 1226
2240 1226
2239 1225
2238 1224
2237 1224
2236 1224
2235 1224
2234 1223
2233 1223
2232 1223
2231 1223
2230 1223
2229 1223
2228 1223
2227 1223
2226 1223
2225 1223
2224 1223
2223 1223
2222 1223
2221 1223
2220 1223
2219 1223
2218 1223
2217 1223
2216 1223
2215 1223
2214 1223
2213 1223
2212 1224
2211 1224
2210 1224
2209 1224
2208 1225
2207 1225
2206 1225
2205 1225
2204 1225
2203 1225
2202 1225
2201 1225
2200 1225
2199 1225
2198 1225
2197 1225
2196 1225
2195 1225
2194 1225
2193 1225
2192 1225
2191 1225
2190 1225
2189 1225
2188 1225
2187 1225
2186 1225
2185 1225
2184 1225
2183 1225
2182 1225
2181 1225
2180 1225
2179 1225
2178 1225
2177 1225
2176 1225
2175 1225
2174 1224
2173 1224
2172 1224
2171 1224
2170 1223
2169 1223
2168 1223
2167 1223
2166 1223
2165 1223
2164 1223
2163 1223
2162 1223
2161 1223
2160 1223
2159 1223
2158 1223
2157 1223
2156 1224
2155 1224
2154 1224
2153 1224
2152 1225
2151 1225
2150 1225
2149 1225
2148 1225
2147 1225
2146 1225
2145 1225
2144 1225
2143 1225
2142 1225
2141 1225
2140 1225
2139 1225
2138 1226
2137 1226
2136 1226
2135 1226
2134 1227
2133 1227
2132 1227
2131 1227
2130 1227
2129 1227
2128 1227
2127 1227
2126 1227
2125 1227
2124 1226
2123 1226
2122 1225
2121 1225
2120 1224
2119 1224
2118 1223
2117 1223
2116 1223
2115 1223
2114 1223
2113 1223
2112 1223
2111 1223
2110 1223
2109 1223
2108 1223
2107 1223
2106 1223
2105 1223
2104 1223
2103 1223
2102 1223
2101 1223
2100 1223
2099 1223
2098 1223
2097 1223
2096 1223
2095 1223
2094 1223
2093 1223
