553 473
552 474
551 474
550 474
549 474
548 474
547 475
546 475
545 476
544 476
543 476
542 477
541 477
540 477
540 478
539 479
539 480
538 481
538 482
537 483
537 484
536 485
536 486
536 487
536 488
536 489
536 490
536 491
536 492
536 493
537 494
537 495
537 496
537 497
538 498
538 499
539 500
539 501
539 502
540 503
540 504
541 505
542 505
543 505
544 506
545 506
546 507
547 507
548 507
549 507
550 508
551 508
552 508
553 508
554 508
555 508
556 508
557 508
558 507
559 507
560 507
561 507
562 506
563 506
564 506
565 506
566 506
567 506
568 506
569 505
570 505
571 505
572 505
573 505
574 504
575 504
576 503
577 503
578 503
579 503
580 504
581 504
582 504
583 504
584 504
585 504
586 504
587 503
588 503
589 503
590 503
591 503
592 503
593 502
594 502
595 501
596 501
597 501
598 501
599 501
600 501
601 501
602 500
603 500
604 500
605 500
606 500
607 500
608 500
609 500
610 499
611 499
612 499
613 499
614 499
615 499
616 498
617 498
618 498
619 498
620 498
621 498
622 498
623 498
624 499
625 498
626 498
627 497
628 497
629 496
630 496
631 496
631 495
632 494
633 493
633 492
634 491
634 490
634 489
634 488
635 487
635 486
634 485
633 485
632 484
631 484
630 484
629 483
628 483
627 483
626 483
625 483
624 482
623 482
622 482
621 482
620 481
619 481
618 480
617 480
616 480
615 480
614 479
613 479
612 479
611 479
610 479
609 479
608 479
607 479
606 479
605 479
604 479
603 479
602 479
601 478
600 478
599 478
598 477
597 477
596 477
595 477
594 477
593 476
592 476
591 476
590 476
589 476
588 476
587 475
586 475
585 475
584 475
583 475
582 475
581 475
580 474
579 474
578 474
577 474
576 474
575 474
574 474
573 474
572 474
571 474
570 473
569 473
568 473
567 473
566 473
565 473
564 473
563 473
562 473
561 473
560 473
559 473
558 473
557 473
556 473
555 473
554 473
553 473
