469 1379
468 1380
467 1381
466 1381
465 1382
464 1383
463 1383
463 1384
462 1385
462 1386
462 1387
462 1388
462 1389
462 1390
462 1391
462 1392
463 1393
464 1394
465 1395
466 1396
467 1396
468 1396
469 1397
470 1397
471 1398
472 1398
473 1398
474 1399
475 1399
476 1399
477 1400
478 1400
479 1400
480 1401
481 1401
482 1402
483 1403
484 1403
485 1403
486 1403
487 1403
488 1403
489 1403
490 1403
491 1403
492 1403
493 1403
494 1403
495 1404
496 1404
497 1404
498 1404
499 1404
500 1404
501 1404
502 1404
503 1404
504 1404
505 1404
506 1404
507 1404
508 1404
509 1404
510 1404
511 1404
512 1404
513 1404
514 1404
515 1404
516 1403
517 1403
518 1403
519 1402
520 1402
521 1401
522 1400
523 1399
524 1398
525 1397
525 1396
526 1395
526 1394
527 1393
527 1392
526 1391
526 1390
525 1389
525 1388
524 1387
523 1387
522 1386
521 1385
520 1384
519 1383
518 1382
517 1381
516 1381
515 1380
514 1380
513 1380
512 1380
511 1380
510 1380
509 1380
508 1380
507 1380
506 1380
505 1380
504 1380
503 1379
502 1379
501 1379
500 1379
499 1379
498 1379
497 1379
496 1379
495 1379
494 1379
493 1379
492 1379
491 1379
490 1379
489 1379
488 1379
487 1379
486 1379
485 1379
484 1379
483 1379
482 1379
481 1379
480 1379
479 1379
478 1379
477 1379
476 1379
475 1379
474 1379
473 1379
472 1379
471 1379
470 1379
469 1379
