210 687
209 688
208 688
207 688
206 688
205 688
204 689
203 689
202 689
201 689
200 689
199 689
198 690
197 690
196 690
195 690
194 690
193 690
192 691
191 691
190 691
189 691
188 692
187 692
186 692
185 692
184 692
183 692
182 692
181 692
180 692
179 692
178 693
177 693
176 693
175 694
174 694
173 694
172 694
171 695
170 695
169 695
168 696
167 696
166 696
165 697
164 697
163 697
162 698
161 698
160 699
159 699
158 699
157 700
156 701
155 702
154 703
154 704
153 705
153 706
153 707
152 708
152 709
152 710
152 711
152 712
152 713
152 714
153 715
153 716
153 717
154 718
154 719
154 720
154 721
155 722
155 723
156 724
157 725
157 726
158 727
158 728
159 729
159 730
159 731
160 732
160 733
161 734
161 735
162 736
163 737
164 738
165 739
166 740
167 741
168 741
169 742
170 743
171 744
172 745
173 745
174 745
175 746
176 746
177 747
178 748
179 748
180 748
181 748
182 749
183 750
184 751
185 751
186 751
187 752
188 752
189 752
190 753
191 753
192 753
193 754
194 754
195 754
196 755
197 755
198 755
199 755
200 755
201 756
202 756
203 756
204 756
205 757
206 757
207 757
208 758
209 758
210 759
211 759
212 760
213 760
214 760
215 760
216 760
217 760
218 760
219 760
220 760
221 761
222 761
223 761
224 761
225 761
226 761
227 762
228 762
229 762
230 763
231 763
232 763
233 763
234 763
235 763
236 763
237 763
238 763
239 763
240 763
241 763
242 763
243 762
244 762
245 762
246 761
247 761
248 761
249 761
250 761
251 761
252 761
253 761
254 761
255 761
256 761
257 761
258 761
259 761
260 761
261 760
262 760
263 760
264 760
265 760
266 760
267 759
268 758
269 758
270 757
271 757
272 756
273 756
274 755
275 754
276 753
277 752
278 751
279 751
280 750
281 750
282 749
283 749
283 748
284 747
285 746
285 745
286 744
286 743
287 742
288 741
289 740
289 739
289 738
289 737
289 736
289 735
289 734
289 733
289 732
289 731
289 730
289 729
289 728
289 727
289 726
289 725
288 724
288 723
288 722
287 721
287 720
287 719
287 718
286 717
286 716
285 715
284 714
283 713
282 712
281 711
280 710
279 710
278 709
277 708
276 707
275 706
274 705
273 704
272 703
271 702
270 701
269 701
268 700
267 699
266 699
265 698
265 697
264 697
263 696
262 695
261 694
260 693
259 692
258 692
257 691
256 691
255 690
254 690
253 689
252 689
251 689
250 689
249 689
248 689
247 689
246 689
245 688
244 688
243 687
242 687
241 687
240 687
239 687
238 687
237 687
236 687
235 687
234 687
233 687
232 687
231 687
230 687
229 687
228 687
227 687
226 687
225 687
224 687
223 687
222 687
221 687
220 687
219 687
218 687
217 687
216 687
215 687
214 687
213 687
212 687
211 687
210 687
