1564 413
1563 414
1562 414
1561 414
1560 414
1559 415
1558 415
1557 415
1556 415
1555 415
1554 416
1553 416
1552 416
1551 416
1550 416
1549 417
1548 417
1547 417
1546 418
1545 418
1544 419
1543 419
1542 419
1541 419
1540 419
1539 420
1538 420
1537 420
1536 421
1535 421
1534 421
1533 421
1532 421
1531 421
1530 421
1529 422
1528 422
1527 423
1526 423
1525 423
1524 424
1523 424
1522 424
1521 424
1520 424
1519 424
1518 425
1517 425
1516 425
1515 425
1514 426
1513 426
1512 426
1511 426
1510 426
1509 426
1508 427
1507 427
1506 427
1505 428
1504 428
1503 428
1502 429
1501 429
1500 429
1499 430
1498 430
1497 430
1496 430
1495 430
1494 430
1493 430
1492 431
1491 431
1490 432
1489 432
1488 433
1487 433
1486 434
1486 435
1485 436
1485 437
1485 438
1485 439
1486 440
1486 441
1487 442
1488 443
1489 444
1490 444
1491 445
1492 445
1493 446
1494 446
1495 447
1496 447
1497 447
1498 448
1499 448
1500 448
1501 448
1502 449
1503 449
1504 450
1505 451
1506 451
1507 451
1508 451
1509 452
1510 452
1511 452
1512 453
1513 453
1514 453
1515 454
1516 454
1517 454
1518 454
1519 454
1520 454
1521 454
1522 454
1523 454
1524 454
1525 454
1526 454
1527 454
1528 454
1529 454
1530 455
1531 455
1532 455
1533 455
1534 456
1535 456
1536 457
1537 457
1538 457
1539 458
1540 458
1541 458
1542 458
1543 458
1544 458
1545 458
1546 458
1547 458
1548 458
1549 458
1550 458
1551 458
1552 458
1553 458
1554 458
1555 459
1556 459
1557 459
1558 459
1559 460
1560 460
1561 460
1562 460
1563 460
1564 459
1565 459
1566 458
1567 457
1568 457
1569 456
1569 455
1570 454
1570 453
1570 452
1571 451
1571 450
1572 449
1572 448
1573 447
1574 446
1575 445
1575 444
1576 443
1576 442
1576 441
1576 440
1576 439
1576 438
1576 437
1577 436
1577 435
1577 434
1577 433
1578 432
1578 431
1578 430
1578 429
1579 428
1579 427
1579 426
1580 425
1580 424
1580 423
1580 422
1580 421
1580 420
1580 419
1580 418
1579 417
1579 416
1578 416
1577 415
1576 415
1575 414
1574 413
1573 413
1572 413
1571 413
1570 413
1569 413
1568 413
1567 413
1566 413
1565 413
1564 413
