610 192
609 193
608 193
607 194
606 194
605 194
604 194
603 194
602 194
601 194
600 194
599 194
598 195
597 195
596 195
595 196
594 196
593 196
592 197
591 197
590 197
589 197
588 197
587 198
586 198
585 198
584 198
583 199
582 199
581 199
580 199
579 199
578 199
577 199
576 199
575 199
574 199
573 199
572 200
571 200
570 200
569 201
568 201
567 201
566 201
565 201
564 202
563 202
562 202
561 202
560 202
559 202
558 203
557 202
556 202
555 201
555 200
554 199
553 199
552 198
551 198
550 198
549 198
548 198
547 199
546 199
545 200
544 201
543 202
543 203
543 204
544 205
544 206
544 207
544 208
544 209
545 210
545 211
545 212
545 213
545 214
546 215
546 216
546 217
547 218
547 219
547 220
547 221
547 222
547 223
547 224
547 225
548 226
549 227
550 228
551 229
551 230
551 231
552 232
552 233
552 234
552 235
552 236
552 237
552 238
552 239
552 240
553 241
554 241
555 242
556 242
557 242
558 242
559 242
560 243
561 244
562 244
563 244
564 244
565 244
566 244
567 244
568 244
569 244
570 244
571 244
572 244
573 244
574 244
575 244
576 244
577 244
578 244
579 244
580 244
581 244
582 244
583 244
584 244
585 244
586 244
587 244
588 244
589 244
590 244
591 244
592 244
593 243
594 243
595 243
596 243
597 243
598 243
599 243
600 243
601 243
602 243
603 242
604 242
605 241
606 241
607 240
608 240
609 240
610 239
611 239
612 239
613 239
614 239
615 239
616 239
617 239
618 239
619 239
620 238
621 237
622 236
623 236
624 235
625 234
626 234
627 233
628 232
629 232
630 232
631 231
632 231
633 231
634 230
635 230
636 229
637 228
638 227
639 226
640 225
641 224
642 223
642 222
642 221
642 220
642 219
642 218
642 217
642 216
642 215
641 214
641 213
641 212
640 211
639 210
638 209
637 208
636 207
636 206
635 205
634 204
633 203
632 202
631 201
630 200
629 200
628 199
627 199
626 199
625 199
624 199
623 199
622 199
621 199
620 199
619 198
618 198
617 197
617 196
616 195
615 195
614 194
613 193
612 192
611 192
610 192
