1622 103
1621 104
1620 104
1619 104
1618 104
1617 104
1616 104
1615 105
1614 105
1613 105
1612 105
1611 105
1610 105
1609 106
1608 106
1607 106
1606 106
1605 106
1604 106
1603 106
1602 107
1601 107
1600 107
1599 108
1598 108
1597 108
1596 109
1595 109
1594 109
1593 109
1592 109
1591 109
1590 109
1589 109
1588 109
1587 109
1586 109
1585 109
1584 109
1583 109
1582 109
1581 109
1580 109
1579 109
1578 109
1577 109
1576 110
1575 110
1574 110
1573 111
1572 111
1571 111
1570 111
1569 111
1568 111
1567 111
1566 111
1565 111
1564 111
1563 111
1562 111
1561 111
1560 112
1559 112
1558 112
1557 113
1556 113
1555 113
1554 113
1553 114
1552 114
1551 114
1550 114
1549 114
1548 114
1547 114
1546 114
1545 114
1544 114
1543 114
1542 115
1541 116
1540 116
1539 117
1538 118
1537 119
1537 120
1536 121
1535 122
1535 123
1535 124
1535 125
1535 126
1535 127
1534 128
1533 129
1532 130
1531 131
1530 131
1529 132
1528 132
1527 132
1526 133
1525 134
1524 135
1523 136
1522 137
1521 138
1520 138
1519 139
1518 139
1517 139
1516 139
1515 139
1514 139
1513 140
1513 141
1513 142
1513 143
1513 144
1513 145
1513 146
1513 147
1514 148
1515 149
1516 150
1517 151
1518 152
1519 153
1519 154
1520 155
1521 156
1522 156
1523 156
1524 156
1525 156
1526 156
1527 156
1528 156
1529 156
1530 156
1531 155
1532 155
1533 155
1534 155
1535 154
1536 154
1537 154
1538 154
1539 154
1540 153
1541 153
1542 153
1543 153
1544 153
1545 153
1546 153
1547 153
1548 153
1549 153
1550 153
1551 153
1552 153
1553 153
1554 153
1555 153
1556 153
1557 153
1558 152
1559 152
1560 152
1561 151
1562 151
1563 151
1564 151
1565 150
1566 150
1567 150
1568 150
1569 150
1570 150
1571 150
1572 150
1573 150
1574 150
1575 150
1576 150
1577 150
1578 150
1579 151
1580 151
1581 152
1582 152
1583 152
1584 153
1585 153
1586 153
1587 153
1588 153
1589 154
1590 154
1591 154
1592 154
1593 154
1594 154
1595 154
1596 154
1597 154
1598 154
1599 154
1600 154
1601 154
1602 154
1603 154
1604 154
1605 154
1606 154
1607 154
1608 154
1609 154
1610 154
1611 154
1612 154
1613 154
1614 154
1615 154
1616 154
1617 155
1618 155
1619 155
1620 155
1621 155
1622 155
1623 155
1624 155
1625 155
1626 155
1627 156
1628 156
1629 156
1630 156
1631 156
1632 156
1633 156
1634 156
1635 156
1636 156
1637 156
1638 156
1639 156
1640 156
1641 156
1642 157
1643 157
1644 157
1645 158
1646 157
1647 158
1648 158
1649 158
1650 158
1651 158
1652 158
1653 158
1654 158
1655 159
1656 159
1657 159
1658 160
1659 160
1660 160
1661 160
1662 160
1663 161
1664 161
1665 161
1666 161
1667 161
1668 161
1669 161
1670 161
1671 161
1672 161
1673 161
1674 161
1675 161
1676 161
1677 161
1678 162
1679 162
1680 162
1681 162
1682 162
1683 162
1684 162
1685 162
1686 162
1687 162
1688 162
1689 162
1690 162
1691 162
1692 162
1693 162
1694 162
1695 162
1696 162
1697 162
1698 162
1699 162
1700 162
1701 162
1702 162
1703 162
1704 162
1705 162
1706 161
1707 161
1708 161
1709 161
1710 161
1711 161
1712 160
1713 159
1714 159
1715 158
1716 158
1716 157
1717 156
1718 155
1718 154
1718 153
1719 152
1719 151
1719 150
1719 149
1719 148
1719 147
1719 146
1719 145
1719 144
1719 143
1719 142
1719 141
1719 140
1719 139
1720 138
1721 137
1721 136
1722 135
1723 134
1723 133
1723 132
1723 131
1722 131
1721 131
1720 131
1719 130
1718 129
1717 129
1716 129
1715 129
1714 128
1713 128
1712 128
1711 127
1710 127
1709 126
1708 125
1707 125
1706 124
1705 123
1704 122
1703 122
1702 121
1701 121
1700 121
1699 120
1698 119
1697 118
1696 117
1695 116
1694 116
1693 115
1692 114
1691 114
1690 113
1689 113
1688 112
1687 112
1686 112
1685 111
1684 111
1683 110
1682 110
1681 110
1680 109
1679 108
1678 108
1677 108
1676 108
1675 108
1674 107
1673 107
1672 107
1671 106
1670 106
1669 106
1668 105
1667 105
1666 105
1665 105
1664 105
1663 105
1662 105
1661 105
1660 104
1659 104
1658 104
1657 104
1656 104
1655 104
1654 104
1653 103
1652 103
1651 103
1650 103
1649 103
1648 103
1647 103
1646 103
1645 103
1644 103
1643 103
1642 103
1641 103
1640 103
1639 103
1638 104
1637 104
1636 103
1635 103
1634 103
1633 103
1632 103
1631 103
1630 103
1629 103
1628 103
1627 103
1626 103
1625 103
1624 103
1623 103
1622 103
