124 409
123 410
122 410
121 410
120 411
119 411
118 411
117 411
116 411
115 411
114 411
113 411
112 411
111 411
110 412
109 412
108 413
107 413
106 414
105 414
104 414
103 415
102 415
101 416
100 417
99 418
98 419
98 420
98 421
98 422
98 423
99 424
100 425
101 426
102 427
103 428
104 429
105 430
106 431
107 432
108 433
109 434
110 435
110 436
111 437
112 438
113 439
113 440
114 441
115 442
115 443
116 444
117 445
117 446
118 447
119 448
120 449
121 450
121 451
122 452
122 453
123 454
123 455
124 456
125 457
125 458
126 459
127 460
127 461
128 462
128 463
129 464
130 465
131 466
132 467
133 467
134 468
135 468
136 469
137 469
138 469
139 470
140 471
141 471
142 471
143 472
144 473
145 474
146 474
147 475
148 475
149 476
150 476
151 477
152 478
153 479
154 480
155 480
156 481
157 482
158 483
159 484
160 485
161 486
162 487
163 488
164 489
165 490
166 491
167 492
167 493
168 494
169 495
170 496
171 497
172 498
173 499
174 500
175 501
176 502
177 503
178 504
179 505
180 506
181 507
182 508
183 509
184 510
185 511
186 512
187 513
188 514
189 514
190 515
191 516
192 517
193 518
194 519
195 520
196 520
197 521
198 522
199 522
200 523
201 524
202 524
203 525
204 526
205 526
206 526
207 526
208 527
209 527
210 527
211 527
212 528
213 528
214 528
215 528
216 528
217 528
218 529
219 529
220 529
221 529
222 529
223 529
224 529
225 530
226 530
227 530
228 531
229 531
230 531
231 531
232 531
233 531
234 532
235 532
236 532
237 533
238 533
239 533
240 533
241 533
242 533
243 533
244 533
245 533
246 533
247 532
248 531
249 531
250 531
251 531
252 531
253 531
254 531
255 531
256 531
257 531
258 531
259 531
260 531
261 531
262 531
263 531
264 531
265 531
266 531
267 531
268 531
269 531
270 531
271 531
272 531
273 531
274 531
275 531
276 530
277 530
278 530
279 530
280 529
281 529
282 529
283 529
284 528
285 528
286 528
287 527
288 527
289 526
290 526
291 526
292 526
293 526
294 525
295 525
296 525
297 525
298 524
299 524
300 524
301 523
302 523
303 522
304 521
305 521
306 521
307 521
308 521
309 521
310 521
311 521
312 521
313 521
314 521
315 520
316 520
317 520
318 520
319 520
320 520
321 519
322 519
323 519
324 518
325 518
326 518
327 518
328 518
329 518
330 518
331 518
332 517
333 517
334 517
335 517
336 517
337 517
338 517
339 517
340 517
341 517
342 517
343 517
344 517
345 517
346 517
347 517
348 516
349 516
350 516
351 516
352 516
353 516
354 516
355 516
356 516
357 515
358 515
359 515
360 515
361 515
362 515
363 515
364 515
365 515
366 515
367 515
368 515
369 515
370 515
371 515
372 515
373 515
374 515
375 515
376 515
377 515
378 515
379 515
380 515
381 515
382 515
383 515
384 515
385 515
386 515
387 515
388 515
389 514
390 514
391 513
392 513
393 512
394 511
395 510
396 509
397 508
398 507
399 506
400 505
401 504
401 503
402 502
402 501
402 500
402 499
402 498
403 497
403 496
403 495
403 494
403 493
403 492
403 491
403 490
403 489
403 488
403 487
403 486
403 485
403 484
403 483
403 482
403 481
403 480
403 479
403 478
403 477
403 476
403 475
403 474
403 473
403 472
403 471
403 470
403 469
402 468
402 467
401 466
400 465
400 464
399 463
398 462
397 461
396 460
395 459
394 458
393 457
393 456
392 455
391 454
390 453
389 452
388 451
387 450
386 449
385 448
384 447
383 446
382 445
381 444
380 443
379 442
378 441
377 440
376 439
375 438
374 438
373 437
372 436
371 436
370 435
369 434
368 433
367 432
366 431
365 430
365 429
364 428
363 427
362 426
361 425
360 424
359 423
358 422
357 422
356 421
355 421
354 420
353 420
352 420
351 419
350 419
349 419
348 420
347 420
346 420
345 420
344 419
343 419
342 419
341 418
340 418
339 417
338 416
337 415
336 414
335 413
334 412
333 412
332 411
331 411
330 411
329 411
328 412
327 412
326 412
325 413
324 413
323 413
322 413
321 413
320 413
319 413
318 413
317 414
316 414
315 414
314 414
313 414
312 414
311 414
310 415
309 415
308 415
307 415
306 415
305 415
304 415
303 415
302 415
301 415
300 415
299 415
298 415
297 415
296 415
295 415
294 415
293 415
292 415
291 415
290 415
289 415
288 415
287 415
286 415
285 415
284 415
283 415
282 415
281 415
280 415
279 415
278 415
277 415
276 415
275 415
274 415
273 415
272 415
271 415
270 415
269 415
268 415
267 415
266 415
265 415
264 415
263 415
262 415
261 415
260 415
259 415
258 415
257 415
256 415
255 415
254 415
253 415
252 415
251 415
250 415
249 415
248 415
247 415
246 415
245 415
244 414
243 414
242 414
241 414
240 414
239 414
238 414
237 414
236 414
235 414
234 414
233 414
232 414
231 414
230 414
229 414
228 414
227 414
226 414
225 414
224 414
223 414
222 413
221 413
220 413
219 413
218 413
217 413
216 413
215 413
214 413
213 413
212 413
211 413
210 413
209 413
208 412
207 412
206 412
205 411
204 411
203 411
202 411
201 411
200 411
199 411
198 411
197 411
196 411
195 411
194 411
193 411
192 411
191 411
190 411
189 411
188 411
187 411
186 410
185 410
184 410
183 410
182 410
181 410
180 410
179 409
178 409
177 409
176 409
175 409
174 409
173 409
172 409
171 409
170 409
169 409
168 409
167 409
166 409
165 409
164 409
163 409
162 409
161 409
160 409
159 409
158 409
157 409
156 409
155 409
154 409
153 409
152 409
151 409
150 409
149 409
148 409
147 409
146 409
145 409
144 409
143 409
142 409
141 409
140 409
139 409
138 409
137 409
136 409
135 409
134 409
133 409
132 409
131 409
130 409
129 409
128 409
127 409
126 409
125 409
124 409
