716 466
715 467
714 467
713 467
712 467
711 467
710 467
709 467
708 467
707 468
706 468
705 468
704 468
703 468
702 468
701 468
700 468
699 468
698 468
697 468
696 468
695 468
694 469
693 469
692 469
691 470
690 470
689 470
688 470
687 470
686 471
685 471
684 471
683 471
682 471
681 471
680 472
679 472
678 472
677 472
676 472
675 472
674 472
673 472
672 472
671 472
670 472
669 472
668 472
667 473
666 473
665 473
664 473
663 473
662 473
661 473
660 473
659 473
658 473
657 473
656 473
655 473
654 473
653 473
652 473
651 473
650 473
649 473
648 473
647 473
646 472
645 472
644 472
643 472
642 472
641 472
640 472
639 472
638 472
637 472
636 472
635 472
634 472
633 472
632 472
631 472
630 472
629 472
628 472
627 472
626 472
625 472
624 472
623 472
622 472
621 472
620 472
619 472
618 471
617 471
616 471
615 471
614 471
613 471
612 471
611 471
610 471
609 471
608 471
607 471
606 471
605 471
604 471
603 471
602 471
601 470
600 470
599 470
598 470
597 470
596 470
595 470
594 470
593 470
592 470
591 470
590 470
589 470
588 470
587 470
586 470
585 470
584 470
583 470
582 470
581 470
580 470
579 470
578 470
577 470
576 470
575 470
574 470
573 470
572 470
571 470
570 470
569 470
568 470
567 470
566 470
565 470
564 470
563 470
562 470
561 470
560 470
559 470
558 470
557 470
556 470
555 470
554 470
553 470
552 470
551 470
550 470
549 470
548 470
547 470
546 470
545 470
544 470
543 470
542 470
541 470
540 470
539 470
538 470
537 470
536 470
535 471
534 471
533 471
532 471
531 471
530 471
529 471
528 471
527 471
526 471
525 471
524 471
523 471
522 471
521 471
520 471
519 471
518 471
517 471
516 471
515 471
514 471
513 471
512 471
511 471
510 471
509 471
508 471
507 471
506 471
505 471
504 471
503 471
502 471
501 471
500 471
499 472
498 472
497 473
496 474
496 475
496 476
497 477
498 478
499 479
500 480
501 481
502 482
503 483
504 484
505 485
506 486
506 487
507 488
508 489
508 490
509 491
509 492
510 493
511 494
512 495
513 496
514 497
515 498
516 499
517 500
518 501
519 501
520 502
521 502
522 502
523 503
524 503
525 503
526 504
527 504
528 505
529 505
530 506
531 506
532 507
533 508
534 508
535 508
536 509
537 509
538 509
539 510
540 510
541 510
542 510
543 511
544 511
545 512
546 512
547 512
548 513
549 513
550 513
551 513
552 513
553 514
554 514
555 514
556 515
557 515
558 515
559 515
560 515
561 515
562 515
563 515
564 515
565 515
566 515
567 515
568 515
569 515
570 515
571 516
572 516
573 516
574 516
575 516
576 516
577 516
578 516
579 517
580 517
581 517
582 518
583 518
584 518
585 518
586 518
587 518
588 518
589 518
590 518
591 518
592 518
593 518
594 518
595 518
596 518
597 518
598 518
599 518
600 518
601 518
602 518
603 518
604 518
605 519
606 519
607 519
608 520
609 520
610 520
611 520
612 520
613 520
614 520
615 520
616 520
617 520
618 520
619 520
620 520
621 520
622 520
623 520
624 520
625 520
626 520
627 520
628 520
629 520
630 520
631 520
632 520
633 520
634 520
635 520
636 520
637 520
638 520
639 520
640 520
641 520
642 520
643 520
644 520
645 520
646 520
647 520
648 521
649 521
650 521
651 521
652 521
653 521
654 521
655 521
656 521
657 521
658 521
659 522
660 522
661 522
662 523
663 523
664 523
665 523
666 523
667 523
668 523
669 524
670 524
671 524
672 525
673 525
674 525
675 525
676 525
677 525
678 525
679 525
680 524
681 524
682 524
683 523
684 523
685 523
686 522
687 522
688 522
689 522
690 522
691 522
692 522
693 522
694 522
695 522
696 521
697 521
698 520
699 520
700 520
701 520
702 520
703 520
704 520
705 520
706 520
707 520
708 520
709 520
710 520
711 520
712 520
713 520
714 520
715 519
716 519
717 518
718 518
719 517
720 517
721 517
722 517
723 517
724 517
725 517
726 517
727 517
728 516
729 516
730 516
731 516
732 516
733 516
734 515
735 515
736 515
737 514
738 514
739 514
740 513
741 513
742 513
743 513
744 512
745 512
746 511
747 511
748 511
749 510
750 510
751 509
752 509
753 509
754 508
755 508
756 508
757 507
758 507
759 507
760 507
761 507
762 506
763 506
764 506
765 505
766 505
767 504
767 503
768 502
768 501
769 500
769 499
770 498
771 497
771 496
771 495
771 494
770 493
770 492
770 491
769 490
769 489
768 488
767 487
766 486
765 485
764 484
763 483
762 482
761 481
760 480
759 479
758 478
757 477
756 476
755 476
754 475
753 474
752 474
751 473
750 473
749 473
748 472
747 472
746 472
745 471
744 470
743 470
742 469
741 469
740 468
739 468
738 468
737 467
736 467
735 467
734 467
733 467
732 466
731 466
730 466
729 466
728 466
727 466
726 466
725 466
724 466
723 466
722 466
721 466
720 466
719 466
718 466
717 466
716 466
