551 1015
550 1016
549 1016
548 1017
547 1018
547 1019
546 1020
546 1021
546 1022
546 1023
546 1024
545 1025
545 1026
544 1027
544 1028
544 1029
544 1030
544 1031
544 1032
545 1033
545 1034
546 1035
547 1036
548 1037
549 1038
550 1039
551 1040
552 1041
553 1042
554 1042
555 1043
556 1044
557 1045
558 1046
559 1047
560 1048
561 1049
561 1050
562 1051
563 1052
564 1053
565 1054
566 1054
567 1055
568 1055
569 1055
570 1055
571 1055
572 1054
573 1054
574 1054
575 1055
576 1055
577 1055
578 1054
579 1054
580 1053
581 1053
582 1053
583 1053
584 1053
585 1052
586 1052
587 1051
588 1051
589 1051
590 1051
591 1051
592 1051
593 1051
594 1051
595 1051
596 1051
597 1051
598 1051
599 1051
600 1051
601 1050
602 1050
603 1050
604 1050
605 1049
606 1049
607 1048
608 1048
609 1048
610 1048
611 1047
612 1047
613 1046
614 1046
615 1046
616 1045
617 1045
618 1044
619 1043
620 1042
621 1042
622 1041
623 1040
624 1040
625 1039
625 1038
626 1037
626 1036
626 1035
626 1034
626 1033
625 1032
625 1031
624 1030
624 1029
623 1028
623 1027
622 1027
621 1026
620 1026
619 1025
618 1025
617 1024
616 1024
615 1023
614 1023
613 1022
612 1021
611 1021
610 1020
609 1019
608 1019
607 1018
606 1018
605 1018
604 1018
603 1018
602 1018
601 1018
600 1018
599 1019
598 1019
597 1019
596 1018
595 1018
594 1017
593 1017
592 1017
591 1016
590 1016
589 1015
588 1015
587 1015
586 1015
585 1015
584 1015
583 1015
582 1015
581 1016
580 1016
579 1016
578 1016
577 1016
576 1016
575 1016
574 1016
573 1016
572 1016
571 1016
570 1016
569 1016
568 1016
567 1016
566 1016
565 1016
564 1016
563 1016
562 1016
561 1016
560 1016
559 1016
558 1015
557 1015
556 1015
555 1015
554 1015
553 1015
552 1015
551 1015
