338 2125
337 2126
336 2126
335 2126
334 2126
333 2126
332 2126
331 2126
330 2126
329 2126
328 2126
327 2126
326 2126
325 2126
324 2126
323 2126
322 2126
321 2126
320 2127
319 2127
318 2128
317 2128
316 2129
315 2129
314 2130
313 2130
312 2130
311 2130
310 2130
309 2130
308 2129
307 2129
306 2128
305 2128
304 2128
303 2128
302 2128
301 2128
300 2129
299 2129
298 2129
297 2129
296 2130
295 2130
294 2130
293 2130
292 2131
291 2131
290 2131
289 2131
288 2131
287 2131
286 2131
285 2132
284 2132
283 2132
282 2133
281 2133
280 2133
279 2133
278 2133
277 2133
276 2133
275 2134
274 2135
274 2136
274 2137
274 2138
274 2139
274 2140
274 2141
274 2142
274 2143
274 2144
274 2145
274 2146
274 2147
273 2148
273 2149
273 2150
272 2151
272 2152
272 2153
271 2154
272 2155
272 2156
273 2157
274 2158
275 2158
276 2159
277 2159
278 2160
279 2161
280 2161
281 2161
282 2162
283 2162
284 2163
285 2164
286 2165
286 2166
287 2167
288 2168
289 2169
289 2170
290 2171
291 2172
292 2173
293 2174
294 2175
295 2176
296 2177
297 2177
298 2177
299 2177
300 2177
301 2178
302 2178
303 2178
304 2179
305 2179
306 2179
307 2179
308 2179
309 2179
310 2179
311 2180
312 2181
313 2181
314 2181
315 2181
316 2181
317 2181
318 2181
319 2181
320 2181
321 2181
322 2181
323 2181
324 2181
325 2181
326 2181
327 2181
328 2181
329 2181
330 2181
331 2181
332 2181
333 2181
334 2181
335 2181
336 2181
337 2181
338 2181
339 2181
340 2181
341 2181
342 2181
343 2181
344 2181
345 2181
346 2181
347 2181
348 2181
349 2181
350 2181
351 2181
352 2181
353 2181
354 2181
355 2180
356 2180
357 2180
358 2180
359 2180
360 2180
361 2180
362 2180
363 2180
364 2180
365 2180
366 2180
367 2180
368 2180
369 2180
370 2180
371 2180
372 2179
373 2179
374 2179
375 2179
376 2179
377 2179
378 2178
379 2178
380 2178
381 2177
382 2177
383 2177
384 2177
385 2177
386 2177
387 2176
388 2176
389 2175
390 2175
391 2174
392 2174
393 2173
394 2173
395 2172
396 2171
397 2171
398 2170
399 2169
400 2169
401 2168
402 2167
403 2166
404 2166
405 2165
406 2164
407 2163
408 2162
409 2161
410 2161
411 2160
412 2159
413 2159
413 2158
414 2157
414 2156
414 2155
414 2154
414 2153
414 2152
414 2151
414 2150
414 2149
413 2148
412 2148
411 2147
410 2146
409 2145
408 2144
407 2143
406 2143
405 2142
404 2142
403 2141
402 2141
401 2140
400 2139
399 2139
398 2138
397 2137
396 2136
395 2135
394 2135
393 2135
392 2134
391 2134
390 2133
389 2132
389 2131
388 2130
387 2129
386 2128
385 2127
384 2127
383 2126
382 2126
381 2126
380 2126
379 2126
378 2126
377 2126
376 2126
375 2126
374 2126
373 2126
372 2126
371 2126
370 2126
369 2126
368 2126
367 2126
366 2126
365 2126
364 2125
363 2125
362 2125
361 2125
360 2125
359 2125
358 2125
357 2125
356 2125
355 2125
354 2125
353 2125
352 2125
351 2125
350 2125
349 2125
348 2125
347 2125
346 2125
345 2125
344 2125
343 2125
342 2125
341 2125
340 2125
339 2125
338 2125
