1009 189
1008 190
1007 190
1006 190
1005 191
1004 191
1003 191
1002 191
1001 191
1000 191
999 191
998 192
997 192
996 192
995 192
994 192
993 192
992 192
991 192
990 193
989 193
988 193
987 193
986 193
985 193
984 193
983 194
982 194
981 195
980 195
979 196
978 196
977 196
976 196
975 196
974 197
973 197
972 198
971 198
970 199
969 200
968 200
967 200
966 201
965 201
964 201
963 201
962 201
961 202
960 202
959 202
958 203
957 203
956 204
955 205
954 205
953 206
952 206
951 207
950 207
949 207
948 207
947 207
946 207
945 208
944 208
943 208
942 209
943 210
943 211
944 212
945 213
946 214
947 215
948 215
949 215
950 215
951 215
952 215
953 215
954 216
955 216
956 216
957 216
958 217
959 217
960 218
961 219
962 219
963 219
964 219
965 219
966 219
967 219
968 219
969 220
970 220
971 220
972 221
973 221
974 221
975 221
976 221
977 221
978 221
979 221
980 222
981 222
982 222
983 222
984 222
985 222
986 222
987 222
988 222
989 222
990 222
991 223
992 223
993 223
994 223
995 223
996 223
997 223
998 223
999 223
1000 224
1001 224
1002 224
1003 224
1004 224
1005 224
1006 224
1007 224
1008 224
1009 224
1010 224
1011 224
1012 224
1013 224
1014 224
1015 224
1016 225
1017 225
1018 225
1019 226
1020 226
1021 226
1022 226
1023 226
1024 226
1025 226
1026 226
1027 226
1028 226
1029 226
1030 226
1031 226
1032 226
1033 226
1034 226
1035 226
1036 226
1037 225
1038 224
1039 223
1039 222
1039 221
1040 220
1040 219
1041 218
1042 217
1042 216
1043 215
1044 214
1044 213
1044 212
1044 211
1044 210
1044 209
1044 208
1044 207
1044 206
1044 205
1044 204
1044 203
1044 202
1044 201
1044 200
1044 199
1043 198
1042 197
1041 196
1040 195
1039 194
1038 194
1037 193
1036 193
1035 193
1034 193
1033 193
1032 193
1031 193
1030 193
1029 193
1028 193
1027 193
1026 193
1025 193
1024 193
1023 193
1022 193
1021 192
1020 191
1019 190
1018 190
1017 190
1016 189
1015 189
1014 189
1013 189
1012 189
1011 189
1010 189
1009 189
