273 135
272 136
271 136
270 136
269 136
268 136
267 137
266 137
265 137
264 138
263 138
262 138
261 139
260 139
259 139
258 139
257 139
256 139
255 139
254 139
253 138
252 139
251 139
250 140
249 140
248 141
247 141
246 141
245 141
244 141
243 141
242 141
241 142
240 142
239 142
238 142
237 142
236 142
235 142
234 142
233 143
232 143
231 144
230 144
229 145
228 145
227 146
226 146
225 147
224 147
223 148
222 149
221 150
220 150
219 151
218 151
217 152
216 153
215 154
214 154
213 155
212 155
211 155
210 155
209 156
208 156
207 157
206 157
205 157
204 157
203 157
202 157
201 158
201 159
200 160
200 161
200 162
200 163
200 164
200 165
200 166
200 167
200 168
200 169
201 170
202 171
203 171
204 171
205 171
206 172
207 172
208 172
209 172
210 173
211 173
212 173
213 173
214 173
215 173
216 173
217 174
218 174
219 174
220 175
221 175
222 176
223 176
224 176
225 176
226 176
227 177
228 177
229 177
230 177
231 177
232 177
233 177
234 178
235 178
236 178
237 178
238 179
239 179
240 179
241 180
242 180
243 180
244 180
245 180
246 181
247 181
248 181
249 181
250 181
251 182
252 182
253 183
254 183
255 183
256 183
257 183
258 183
259 183
260 183
261 183
262 183
263 183
264 184
265 184
266 184
267 185
268 185
269 185
270 185
271 185
272 186
273 186
274 186
275 186
276 186
277 187
278 187
279 187
280 187
281 188
282 188
283 188
284 189
285 189
286 189
287 190
288 190
289 190
290 190
291 190
292 190
293 190
294 190
295 190
296 191
297 191
298 191
299 191
300 191
301 191
302 190
303 190
304 190
305 189
306 188
307 187
308 186
309 185
310 184
311 183
312 182
313 181
314 180
315 179
315 178
316 177
316 176
316 175
316 174
316 173
316 172
316 171
316 170
316 169
317 168
317 167
317 166
317 165
317 164
317 163
317 162
318 161
318 160
318 159
318 158
318 157
318 156
318 155
317 154
317 153
316 153
315 152
314 152
313 151
312 150
311 150
310 150
309 149
308 148
307 147
306 146
305 145
304 144
303 143
302 143
301 142
300 142
299 141
298 141
297 141
296 141
295 140
294 140
293 140
292 140
291 139
290 139
289 138
288 138
287 138
286 137
285 137
284 137
283 137
282 137
281 137
280 137
279 137
278 136
277 135
276 135
275 135
274 135
273 135
