274 1330
273 1331
272 1331
271 1331
270 1331
269 1332
268 1332
267 1332
266 1333
265 1333
264 1333
263 1334
262 1334
261 1335
260 1335
259 1336
258 1336
257 1337
256 1337
255 1337
254 1338
253 1339
252 1339
251 1340
250 1341
249 1342
248 1343
247 1343
247 1344
247 1345
247 1346
247 1347
248 1348
248 1349
248 1350
248 1351
248 1352
249 1353
250 1354
251 1355
252 1356
253 1356
254 1357
255 1358
256 1358
257 1359
258 1360
259 1360
260 1361
261 1361
262 1361
263 1362
264 1362
265 1362
266 1362
267 1362
268 1362
269 1363
270 1363
271 1364
272 1364
273 1365
274 1365
275 1366
276 1366
277 1366
278 1366
279 1366
280 1365
281 1365
282 1364
283 1363
284 1363
285 1362
286 1362
287 1361
288 1361
289 1360
290 1360
291 1360
292 1359
293 1359
293 1358
294 1357
294 1356
294 1355
294 1354
294 1353
294 1352
294 1351
294 1350
294 1349
294 1348
294 1347
294 1346
294 1345
294 1344
293 1343
293 1342
293 1341
293 1340
292 1339
292 1338
291 1337
290 1336
289 1335
288 1334
287 1333
287 1332
286 1332
285 1332
284 1331
283 1332
282 1332
281 1331
280 1331
279 1331
278 1330
277 1330
276 1330
275 1330
274 1330
