4273 1947
4272 1948
4271 1948
4270 1948
4269 1948
4268 1949
4267 1950
4266 1950
4265 1950
4264 1951
4263 1951
4262 1951
4261 1951
4260 1952
4259 1952
4258 1952
4257 1952
4256 1953
4255 1953
4254 1953
4253 1953
4252 1954
4251 1954
4250 1954
4249 1954
4248 1955
4247 1955
4246 1955
4245 1955
4244 1955
4243 1955
4242 1955
4241 1955
4240 1955
4239 1955
4238 1955
4237 1955
4236 1955
4235 1955
4234 1956
4233 1956
4232 1956
4231 1956
4230 1957
4229 1957
4228 1958
4227 1958
4226 1958
4225 1958
4224 1959
4223 1959
4222 1959
4221 1959
4220 1960
4219 1960
4218 1961
4217 1961
4216 1962
4215 1962
4214 1963
4213 1963
4212 1963
4211 1963
4210 1963
4209 1963
4208 1963
4207 1963
4206 1963
4205 1963
4204 1963
4203 1963
4202 1963
4201 1963
4200 1963
4199 1963
4198 1963
4197 1963
4196 1963
4195 1963
4194 1963
4193 1963
4192 1963
4191 1963
4190 1963
4189 1963
4188 1963
4187 1963
4186 1964
4185 1964
4184 1964
4183 1964
4182 1965
4181 1965
4180 1965
4179 1965
4178 1965
4177 1965
4176 1965
4175 1965
4174 1965
4173 1965
4172 1965
4171 1965
4170 1965
4169 1965
4168 1965
4167 1965
4166 1966
4165 1966
4164 1966
4163 1966
4162 1967
4161 1967
4160 1967
4159 1967
4158 1967
4157 1967
4156 1967
4155 1967
4154 1967
4153 1967
4152 1967
4151 1967
4150 1967
4149 1967
4148 1967
4147 1967
4146 1967
4145 1967
4144 1967
4143 1967
4142 1968
4141 1968
4140 1968
4139 1968
4138 1969
4137 1969
4136 1969
4135 1969
4134 1970
4133 1970
4132 1971
4131 1971
4130 1972
4129 1972
4128 1973
4127 1973
4126 1974
4125 1974
4124 1975
4123 1975
4122 1976
4121 1976
4120 1977
4119 1977
4118 1978
4117 1978
4116 1978
4115 1978
4114 1979
4113 1979
4112 1979
4111 1979
4110 1979
4109 1979
4108 1979
4107 1979
4106 1979
4105 1979
4104 1979
4103 1979
4102 1979
4101 1979
4100 1979
4099 1979
4098 1979
4097 1979
4096 1980
4095 1980
4094 1980
4093 1980
4092 1981
4091 1981
4090 1981
4089 1981
4088 1981
4087 1981
4086 1981
4085 1981
4084 1982
4083 1982
4082 1982
4081 1982
4080 1983
4079 1983
4078 1983
4077 1983
4076 1984
4075 1984
4074 1985
4073 1985
4072 1986
4071 1986
4070 1987
4069 1987
4068 1987
4067 1987
4066 1987
4065 1987
4064 1988
4063 1988
4062 1988
4061 1988
4060 1989
4059 1990
4058 1990
4057 1990
4056 1991
4055 1991
4054 1992
4053 1992
4052 1992
4051 1992
4050 1993
4049 1993
4048 1993
4047 1993
4046 1993
4045 1993
4044 1993
4043 1993
4042 1993
4041 1993
4040 1993
4039 1993
4038 1993
4037 1993
4036 1993
4035 1993
4034 1993
4033 1993
4032 1993
4031 1993
4030 1994
4029 1994
4028 1994
4027 1994
4026 1995
4025 1995
4024 1995
4023 1995
4022 1995
4021 1995
4020 1995
4019 1995
4018 1995
4017 1995
4016 1995
4015 1995
4014 1995
4013 1995
4012 1995
4011 1995
4010 1996
4009 1996
4008 1997
4007 1998
4006 1998
4005 1999
4004 2000
4003 2000
4002 2001
4001 2002
4000 2002
3999 2002
3998 2003
3997 2004
3996 2004
3995 2004
3994 2005
3993 2005
3992 2005
3991 2005
3990 2005
3989 2005
3988 2005
3987 2005
3986 2005
3985 2005
3984 2005
3983 2005
3982 2005
3981 2005
3980 2006
3979 2006
3978 2006
3977 2006
3976 2007
3975 2007
3974 2007
3973 2007
3972 2007
3971 2007
3970 2007
3969 2007
3968 2007
3967 2007
3966 2007
3965 2007
3964 2007
3963 2007
3962 2007
3961 2007
3960 2007
3959 2007
3958 2007
3957 2007
3956 2007
3955 2007
3954 2007
3953 2007
3952 2007
3951 2007
3950 2007
3949 2007
3948 2007
3947 2007
3946 2007
3945 2007
3944 2007
3943 2007
3942 2007
3941 2007
3940 2007
3939 2007
3938 2007
3937 2007
3936 2007
3935 2007
3934 2006
3933 2006
3932 2006
3931 2005
3930 2004
3929 2004
3928 2004
3927 2004
3926 2003
3925 2003
3924 2003
3923 2003
3922 2002
3921 2002
3920 2002
3919 2002
3918 2002
3917 2002
3916 2002
3915 2002
3914 2003
3913 2003
3912 2003
3911 2003
3910 2003
3909 2003
3908 2003
3907 2003
3906 2003
3905 2003
3904 2003
3903 2003
3902 2003
3901 2003
3900 2003
3899 2003
3898 2003
3897 2003
3896 2003
3895 2003
3894 2003
3893 2003
3892 2003
3891 2003
3890 2003
3889 2003
3888 2004
3887 2004
3886 2004
3885 2004
3884 2005
3883 2005
3882 2005
3881 2005
3880 2006
3879 2006
3878 2006
3877 2006
3876 2007
3875 2007
3874 2007
3873 2007
3872 2007
3871 2007
3870 2008
3869 2008
3868 2008
3867 2008
3866 2009
3865 2009
3864 2009
3863 2009
3862 2009
3861 2009
3860 2010
3859 2010
3858 2010
3857 2010
3856 2011
3855 2011
3854 2011
3853 2011
3852 2011
3851 2011
3850 2011
3849 2011
3848 2012
3847 2012
3846 2012
3845 2012
3844 2013
3843 2013
3842 2014
3841 2014
3840 2014
3839 2014
3838 2015
3837 2015
3836 2015
3835 2015
3834 2016
3833 2016
3832 2016
3831 2016
3830 2017
3829 2017
3828 2017
3827 2017
3826 2018
3825 2018
3824 2018
3823 2018
3822 2019
3821 2020
3820 2020
3819 2020
3818 2021
3817 2022
3816 2022
3815 2022
3814 2023
3813 2023
3812 2023
3811 2023
3810 2023
3809 2023
3808 2023
3807 2023
3806 2024
3805 2024
3804 2024
3803 2024
3802 2025
3801 2025
3800 2026
3799 2026
3798 2026
3797 2026
3796 2027
3795 2028
3794 2028
3793 2028
3792 2029
3791 2029
3790 2030
3789 2030
3788 2031
3787 2031
3786 2032
3785 2032
3784 2033
3783 2033
3782 2034
3781 2034
3780 2034
3779 2034
3778 2035
3777 2035
3776 2035
3775 2035
3774 2035
3773 2035
3772 2036
3771 2036
3770 2037
3769 2038
3768 2038
3767 2039
3766 2040
3765 2040
3764 2041
3763 2042
3762 2042
3761 2042
3760 2043
3759 2043
3758 2043
3757 2043
3756 2043
3755 2043
3754 2044
3753 2044
3752 2045
3751 2046
3750 2046
3749 2047
3748 2048
3747 2048
3746 2049
3745 2050
3744 2050
3743 2050
3742 2051
3741 2051
3740 2051
3739 2051
3738 2051
3737 2051
3736 2051
3735 2051
3734 2051
3733 2051
3732 2051
3731 2051
3730 2051
3729 2051
3728 2051
3727 2051
3726 2051
3725 2051
3724 2051
3723 2051
3722 2051
3721 2051
3720 2051
3719 2051
3718 2051
3717 2051
3716 2051
3715 2051
3714 2051
3713 2051
3712 2051
3711 2051
3710 2051
3709 2051
3708 2051
3707 2051
3706 2051
3705 2051
3704 2051
3703 2051
3702 2051
3701 2051
3700 2051
3699 2051
3698 2050
3697 2050
3696 2050
3695 2050
3694 2049
3693 2049
3692 2049
3691 2049
3690 2048
3689 2048
3688 2048
3687 2048
3686 2047
3685 2047
3684 2047
3683 2047
3682 2046
3681 2046
3680 2045
3679 2044
3678 2044
3677 2043
3677 2042
3676 2042
3675 2041
3674 2040
3673 2039
3672 2038
3671 2038
3670 2037
3669 2037
3668 2036
3667 2035
3666 2034
3665 2034
3664 2034
3663 2034
3662 2033
3661 2033
3660 2032
3659 2032
3658 2032
3657 2031
3656 2030
3655 2030
3654 2030
3653 2030
3652 2029
3651 2029
3650 2028
3649 2028
3648 2027
3647 2027
3646 2026
3645 2025
3644 2024
3643 2024
3642 2024
3641 2023
3640 2022
3639 2022
3638 2022
3637 2022
3636 2021
3635 2021
3634 2021
3633 2021
3632 2020
3631 2020
3630 2019
3629 2019
3628 2018
3627 2018
3626 2017
3625 2017
3624 2016
3623 2016
3622 2016
3621 2016
3620 2015
3619 2015
3618 2014
3617 2014
3616 2014
3615 2013
3614 2012
3613 2012
3612 2012
3611 2012
3610 2011
3609 2011
3608 2010
3607 2010
3606 2009
3605 2008
3604 2008
3603 2007
3602 2006
3601 2006
3600 2005
3599 2005
3598 2004
3597 2004
3596 2004
3595 2004
3594 2003
3593 2003
3592 2003
3591 2003
3590 2002
3589 2002
3588 2001
3587 2001
3586 2000
3585 1999
3584 1998
3583 1998
3582 1998
3581 1997
3580 1996
3579 1996
3578 1995
3577 1995
3576 1994
3575 1993
3574 1992
3573 1992
3572 1992
3571 1992
3570 1991
3569 1991
3568 1990
3567 1990
3566 1990
3565 1990
3564 1989
3563 1989
3562 1988
3561 1988
3560 1988
3559 1988
3558 1987
3557 1987
3556 1986
3555 1986
3554 1986
3553 1985
3552 1984
3551 1984
3550 1984
3549 1984
3548 1983
3547 1983
3546 1983
3545 1983
3544 1983
3543 1983
3542 1982
3541 1982
3540 1982
3539 1981
3538 1980
3537 1980
3536 1980
3535 1979
3534 1978
3533 1978
3532 1978
3531 1978
3530 1977
3529 1977
3528 1977
3527 1977
3526 1977
3525 1977
3524 1976
3523 1976
3522 1976
3521 1976
3520 1975
3519 1975
3518 1974
3517 1974
3516 1974
3515 1973
3514 1972
3513 1972
3512 1971
3511 1970
3510 1970
3509 1969
3508 1968
3507 1967
3506 1966
3505 1966
3504 1966
3503 1966
3502 1965
3501 1965
3500 1964
3499 1964
3498 1964
3497 1963
3496 1962
3495 1962
3494 1962
3493 1962
3492 1961
3491 1961
3490 1961
3489 1961
3488 1961
3487 1961
3486 1960
3485 1960
3484 1960
3483 1960
3482 1959
3481 1959
3480 1959
3479 1959
3478 1959
3477 1959
3476 1959
3475 1959
3474 1959
3473 1959
3472 1959
3471 1959
3470 1960
3469 1960
3468 1960
3467 1960
3466 1961
3465 1962
3464 1962
3463 1962
3462 1963
3461 1963
3460 1964
3459 1964
3458 1965
3457 1965
3456 1966
3455 1966
3454 1967
3453 1968
3452 1969
3451 1970
3450 1970
3449 1971
3448 1972
3447 1972
3446 1973
3445 1974
3444 1975
3443 1976
3442 1976
3442 1977
3441 1978
3440 1978
3440 1979
3439 1980
3438 1980
3438 1981
3437 1982
3436 1982
3435 1983
3434 1984
3433 1985
3432 1986
3431 1987
3430 1988
3429 1989
3428 1990
3428 1991
3427 1992
3426 1992
3426 1993
3425 1994
3424 1994
3424 1995
3423 1996
3422 1996
3422 1997
3421 1998
3420 1998
3420 1999
3419 2000
3418 2000
3418 2001
3417 2002
3416 2002
3416 2003
3415 2004
3414 2004
3413 2005
3412 2006
3411 2006
3410 2007
3409 2008
3408 2009
3407 2009
3406 2010
3405 2010
3404 2011
3403 2012
3402 2013
3401 2014
3400 2014
3400 2015
3399 2016
3398 2016
3398 2017
3397 2018
3396 2018
3396 2019
3395 2020
3394 2020
3394 2021
3393 2022
3392 2022
3392 2023
3391 2024
3390 2024
3390 2025
3389 2026
3388 2026
3388 2027
3387 2028
3386 2028
3386 2029
3385 2030
3384 2030
3384 2031
3383 2032
3382 2032
3382 2033
3381 2034
3380 2034
3380 2035
3379 2036
3378 2036
3378 2037
3377 2038
3376 2038
3376 2039
3375 2040
3374 2040
3374 2041
3373 2042
3372 2042
3371 2043
3370 2044
3369 2044
3368 2045
3367 2046
3366 2046
3365 2046
3364 2047
3363 2048
3362 2048
3361 2048
3360 2049
3359 2050
3358 2050
3357 2050
3356 2051
3355 2052
3354 2053
3353 2053
3352 2054
3351 2054
3350 2055
3349 2056
3348 2057
3347 2058
3346 2058
3346 2059
3345 2060
3344 2060
3344 2061
3343 2062
3342 2063
3341 2064
3340 2065
3340 2066
3340 2067
3339 2068
3338 2069
3338 2070
3337 2071
3336 2072
3336 2073
3335 2074
3334 2074
3334 2075
3333 2076
3332 2076
3331 2077
3330 2078
3329 2078
3328 2079
3327 2080
3326 2080
3325 2080
3324 2081
3323 2082
3322 2083
3321 2084
3320 2084
3320 2085
3319 2086
3318 2086
3317 2087
3316 2088
3315 2088
3314 2089
3313 2090
3312 2091
3311 2092
3310 2092
3310 2093
3309 2094
3308 2094
3308 2095
3307 2096
3306 2096
3305 2097
3304 2098
3303 2098
3302 2099
3301 2100
3300 2101
3299 2102
3298 2102
3298 2103
3297 2104
3296 2104
3296 2105
3295 2106
3294 2106
3294 2107
3293 2108
3292 2108
3292 2109
3291 2110
3290 2110
3290 2111
3289 2112
3288 2112
3287 2113
3286 2114
3285 2114
3284 2115
3283 2115
3282 2116
3281 2116
3280 2117
3279 2118
3278 2118
3277 2119
3276 2120
3275 2120
3274 2121
3273 2121
3272 2122
3271 2122
3270 2123
3269 2124
3268 2124
3267 2125
3266 2126
3265 2126
3264 2127
3263 2128
3262 2129
3261 2129
3260 2130
3259 2130
3258 2131
3257 2132
3256 2133
3255 2134
3254 2134
3254 2135
3253 2136
3252 2136
3251 2137
3250 2138
3249 2138
3248 2139
3247 2139
3246 2139
3245 2139
3244 2139
3243 2139
3242 2139
3241 2139
3240 2139
3239 2139
3238 2139
3237 2139
3236 2140
3235 2140
3234 2140
3233 2140
3232 2141
3231 2142
3230 2143
3229 2143
3228 2144
3227 2144
3226 2145
3225 2145
3224 2146
3223 2146
3222 2146
3221 2146
3220 2147
3219 2147
3218 2147
3217 2147
3216 2148
3215 2148
3214 2149
3213 2150
3212 2150
3211 2151
3210 2152
3209 2152
3208 2153
3207 2154
3206 2154
3205 2154
3204 2155
3203 2156
3202 2156
3201 2156
3200 2157
3199 2157
3198 2158
3197 2158
3196 2159
3195 2160
3194 2160
3193 2161
3192 2162
3191 2162
3190 2163
3189 2164
3188 2164
3187 2164
3186 2165
3185 2166
3184 2166
3183 2166
3182 2167
3181 2167
3180 2168
3179 2168
3178 2168
3177 2168
3176 2169
3175 2169
3174 2169
3173 2169
3172 2170
3171 2170
3170 2170
3169 2170
3168 2171
3167 2171
3166 2171
3165 2171
3164 2171
3163 2171
3162 2171
3161 2171
3160 2171
3159 2171
3158 2171
3157 2171
3156 2172
3155 2172
3154 2172
3153 2172
3152 2173
3151 2173
3150 2173
3149 2173
3148 2173
3147 2173
3146 2173
3145 2173
3144 2173
3143 2173
3142 2173
3141 2173
3140 2173
3139 2173
3138 2173
3137 2173
3136 2173
3135 2173
3134 2173
3133 2173
3132 2174
3131 2174
3130 2175
3129 2175
3128 2176
3127 2176
3126 2177
3125 2177
3124 2178
3123 2178
3122 2178
3121 2178
3120 2179
3119 2179
3118 2180
3117 2180
3116 2180
3115 2180
3114 2181
3113 2182
3112 2182
3111 2182
3110 2183
3109 2183
3108 2184
3107 2184
3106 2184
3105 2184
3104 2185
3103 2186
3102 2186
3101 2186
3100 2187
3099 2188
3098 2188
3097 2188
3096 2189
3095 2190
3094 2191
3093 2192
3092 2192
3091 2193
3090 2194
3089 2194
3088 2195
3087 2196
3086 2197
3085 2197
3084 2198
3083 2198
3082 2199
3081 2200
3080 2200
3079 2200
3078 2201
3077 2202
3076 2202
3075 2202
3074 2203
3073 2203
3072 2204
3071 2204
3070 2205
3069 2205
3068 2206
3067 2206
3066 2207
3065 2208
3064 2208
3063 2208
3062 2209
3061 2209
3060 2209
3059 2209
3058 2210
3057 2210
3056 2211
3055 2212
3054 2212
3053 2213
3052 2214
3051 2214
3050 2215
3049 2216
3048 2217
3047 2217
3046 2218
3045 2218
3044 2219
3043 2220
3042 2220
3041 2220
3040 2221
3039 2222
3038 2223
3037 2224
3036 2224
3035 2225
3034 2226
3033 2226
3032 2227
3031 2228
3030 2228
3029 2228
3028 2229
3027 2229
3026 2229
3025 2229
3024 2229
3023 2229
3022 2229
3021 2229
3020 2229
3019 2229
3018 2229
3017 2229
3016 2229
3015 2229
3014 2229
3013 2229
3012 2229
3011 2229
3010 2229
3009 2229
3008 2229
3007 2229
3006 2229
3005 2229
3004 2229
3003 2229
3002 2230
3001 2230
3000 2230
2999 2230
2998 2231
2997 2231
2996 2231
2995 2231
2994 2231
2993 2231
2992 2231
2991 2231
2990 2230
2989 2230
2988 2230
2987 2230
2986 2229
2985 2229
2984 2229
2983 2229
2982 2229
2981 2229
2980 2228
2979 2228
2978 2228
2977 2228
2976 2227
2975 2227
2974 2227
2973 2227
2972 2227
2971 2227
2970 2227
2969 2227
2968 2227
2967 2227
2966 2226
2965 2226
2964 2226
2963 2226
2962 2225
2961 2225
2960 2225
2959 2225
2958 2225
2957 2225
2956 2225
2955 2225
2954 2225
2953 2225
2952 2225
2951 2225
2950 2224
2949 2224
2948 2223
2947 2223
2946 2222
2945 2222
2944 2221
2943 2221
2942 2221
2941 2221
2940 2221
2939 2221
2938 2221
2937 2221
2936 2220
2935 2220
2934 2220
2933 2220
2932 2219
2931 2219
2930 2219
2929 2219
2928 2219
2927 2219
2926 2219
2925 2219
2924 2219
2923 2219
2922 2219
2921 2219
2920 2219
2919 2219
2918 2219
2917 2219
2916 2219
2915 2219
2914 2219
2913 2219
2912 2219
2911 2219
2910 2219
2909 2219
2908 2219
2907 2219
2906 2219
2905 2219
2904 2219
2903 2219
2902 2219
2901 2219
2900 2219
2899 2219
2898 2219
2897 2219
2896 2218
2895 2218
2894 2218
2893 2218
2892 2217
2891 2217
2890 2217
2889 2217
2888 2217
2887 2217
2886 2217
2885 2217
2884 2217
2883 2217
2882 2217
2881 2217
2880 2217
2879 2217
2878 2218
2877 2218
2876 2218
2875 2218
2874 2219
2873 2219
2872 2219
2871 2219
2870 2219
2869 2219
2868 2219
2867 2219
2866 2219
2865 2219
2864 2219
2863 2219
2862 2219
2861 2219
2860 2219
2859 2219
2858 2219
2857 2219
2856 2219
2855 2219
2854 2219
2853 2219
2852 2219
2851 2219
2850 2219
2849 2219
2848 2219
2847 2219
2846 2218
2845 2218
2844 2218
2843 2218
2842 2217
2841 2217
2840 2217
2839 2217
2838 2217
2837 2217
2836 2218
2835 2218
2834 2219
2833 2219
2832 2220
2831 2220
2830 2221
2829 2222
2828 2222
2827 2222
2826 2223
2825 2223
2824 2223
2823 2223
2822 2224
2821 2224
2820 2224
2819 2224
2818 2225
2817 2226
2816 2227
2815 2228
2814 2228
2814 2229
2813 2230
2812 2230
2812 2231
2811 2232
2810 2232
2810 2233
2809 2234
2808 2234
2808 2235
2807 2236
2806 2237
2805 2238
2804 2239
2804 2240
2804 2241
2804 2242
2803 2243
2803 2244
2803 2245
2803 2246
2803 2247
2803 2248
2803 2249
2803 2250
2804 2251
2804 2252
2804 2253
2804 2254
2805 2255
2805 2256
2805 2257
2805 2258
2805 2259
2805 2260
2805 2261
2805 2262
2805 2263
2805 2264
2806 2265
2806 2266
2806 2267
2806 2268
2807 2269
2807 2270
2807 2271
2807 2272
2808 2273
2808 2274
2808 2275
2808 2276
2809 2277
2809 2278
2809 2279
2809 2280
2810 2281
2810 2282
2810 2283
2810 2284
2811 2285
2811 2286
2812 2287
2812 2288
2812 2289
2812 2290
2813 2291
2813 2292
2813 2293
2813 2294
2814 2295
2814 2296
2814 2297
2814 2298
2815 2299
2815 2300
2815 2301
2815 2302
2816 2303
2816 2304
2816 2305
2816 2306
2817 2307
2817 2308
2817 2309
2817 2310
2818 2311
2818 2312
2818 2313
2818 2314
2819 2315
2820 2316
2820 2317
2820 2318
2821 2319
2821 2320
2822 2321
2822 2322
2822 2323
2822 2324
2823 2325
2823 2326
2824 2327
2824 2328
2824 2329
2824 2330
2825 2331
2826 2332
2826 2333
2826 2334
2827 2335
2828 2336
2828 2337
2828 2338
2829 2339
2829 2340
2830 2341
2830 2342
2830 2343
2830 2344
2831 2345
2832 2346
2832 2347
2832 2348
2833 2349
2834 2350
2834 2351
2834 2352
2835 2353
2835 2354
2836 2355
2836 2356
2836 2357
2836 2358
2837 2359
2838 2360
2838 2361
2838 2362
2839 2363
2839 2364
2840 2365
2840 2366
2840 2367
2840 2368
2841 2369
2842 2370
2842 2371
2842 2372
2843 2373
2843 2374
2843 2375
2843 2376
2844 2377
2844 2378
2845 2379
2846 2380
2846 2381
2847 2382
2848 2383
2848 2384
2849 2385
2850 2386
2851 2387
2851 2388
2852 2389
2852 2390
2853 2391
2854 2392
2855 2393
2855 2394
2856 2395
2856 2396
2857 2397
2858 2398
2858 2399
2858 2400
2859 2401
2859 2402
2860 2403
2860 2404
2860 2405
2860 2406
2861 2407
2861 2408
2862 2409
2862 2410
2862 2411
2862 2412
2863 2413
2863 2414
2863 2415
2863 2416
2864 2417
2864 2418
2865 2419
2865 2420
2866 2421
2866 2422
2867 2423
2868 2424
2868 2425
2868 2426
2869 2427
2870 2428
2871 2429
2872 2430
2872 2431
2873 2431
2874 2432
2874 2433
2875 2434
2876 2435
2876 2436
2877 2437
2878 2438
2879 2439
2880 2440
2880 2441
2881 2442
2882 2443
2882 2444
2883 2445
2884 2446
2884 2447
2884 2448
2885 2449
2886 2450
2886 2451
2886 2452
2887 2453
2887 2454
2888 2455
2888 2456
2888 2457
2888 2458
2889 2459
2890 2460
2890 2461
2890 2462
2891 2463
2892 2464
2892 2465
2892 2466
2893 2467
2894 2468
2895 2469
2895 2470
2896 2471
2896 2472
2897 2473
2898 2474
2899 2475
2899 2476
2900 2477
2900 2478
2901 2479
2902 2480
2902 2481
2902 2482
2903 2483
2904 2484
2904 2485
2904 2486
2905 2487
2905 2488
2905 2489
2905 2490
2906 2491
2906 2492
2906 2493
2906 2494
2907 2495
2908 2496
2908 2497
2908 2498
2909 2499
2909 2500
2910 2501
2910 2502
2911 2503
2911 2504
2912 2505
2912 2506
2913 2507
2914 2508
2915 2509
2915 2510
2916 2511
2916 2512
2917 2513
2917 2514
2918 2515
2918 2516
2919 2517
2920 2518
2920 2519
2921 2520
2922 2521
2922 2522
2923 2523
2924 2524
2924 2525
2924 2526
2925 2527
2926 2528
2927 2529
2927 2530
2928 2531
2928 2532
2929 2533
2930 2534
2930 2535
2930 2536
2931 2537
2932 2538
2932 2539
2932 2540
2933 2541
2934 2542
2934 2543
2934 2544
2935 2545
2936 2546
2936 2547
2936 2548
2937 2549
2938 2550
2939 2551
2939 2552
2940 2553
2940 2554
2941 2555
2942 2556
2942 2557
2942 2558
2943 2559
2944 2560
2944 2561
2944 2562
2945 2563
2945 2564
2946 2565
2946 2566
2946 2567
2946 2568
2947 2569
2947 2570
2948 2571
2948 2572
2948 2573
2948 2574
2949 2575
2949 2576
2950 2577
2950 2578
2950 2579
2950 2580
2951 2581
2952 2582
2952 2583
2952 2584
2953 2585
2954 2586
2954 2587
2954 2588
2955 2589
2955 2590
2955 2591
2955 2592
2956 2593
2956 2594
2956 2595
2956 2596
2957 2597
2957 2598
2957 2599
2957 2600
2958 2601
2958 2602
2958 2603
2958 2604
2959 2605
2960 2606
2961 2607
2961 2608
2962 2609
2962 2610
2963 2611
2964 2612
2964 2613
2964 2614
2965 2615
2966 2616
2966 2617
2966 2618
2967 2619
2967 2620
2968 2621
2968 2622
2968 2623
2968 2624
2969 2625
2970 2626
2970 2627
2970 2628
2971 2629
2971 2630
2971 2631
2971 2632
2972 2633
2972 2634
2972 2635
2972 2636
2973 2637
2973 2638
2973 2639
2973 2640
2973 2641
2973 2642
2974 2643
2974 2644
2974 2645
2974 2646
2975 2647
2976 2648
2976 2649
2976 2650
2977 2651
2978 2652
2978 2653
2978 2654
2979 2655
2980 2656
2980 2657
2980 2658
2981 2659
2982 2660
2982 2661
2982 2662
2983 2663
2984 2664
2984 2665
2984 2666
2985 2667
2986 2668
2986 2669
2986 2670
2987 2671
2988 2672
2988 2673
2988 2674
2989 2675
2990 2676
2991 2677
2991 2678
2992 2679
2992 2680
2993 2681
2993 2682
2994 2683
2994 2684
2994 2685
2994 2686
2995 2687
2996 2688
2996 2689
2996 2690
2997 2691
2997 2692
2998 2693
2998 2694
2998 2695
2998 2696
2999 2697
3000 2698
3000 2699
3000 2700
3001 2701
3002 2702
3002 2703
3002 2704
3003 2705
3004 2706
3004 2707
3004 2708
3005 2709
3006 2710
3006 2711
3006 2712
3007 2713
3008 2714
3008 2715
3008 2716
3009 2717
3009 2718
3009 2719
3009 2720
3010 2721
3010 2722
3010 2723
3010 2724
3011 2725
3012 2726
3012 2727
3012 2728
3013 2729
3013 2730
3014 2731
3014 2732
3014 2733
3014 2734
3015 2735
3016 2736
3016 2737
3016 2738
3017 2739
3017 2740
3018 2741
3018 2742
3018 2743
3018 2744
3019 2745
3019 2746
3020 2747
3020 2748
3020 2749
3020 2750
3021 2751
3022 2752
3022 2753
3022 2754
3023 2755
3024 2756
3024 2757
3024 2758
3025 2759
3026 2760
3026 2761
3026 2762
3027 2763
3028 2764
3028 2765
3028 2766
3029 2767
3030 2768
3030 2769
3030 2770
3031 2771
3032 2772
3032 2773
3032 2774
3033 2775
3034 2776
3034 2777
3034 2778
3035 2779
3036 2780
3036 2781
3036 2782
3037 2783
3037 2784
3038 2785
3038 2786
3038 2787
3038 2788
3039 2789
3040 2790
3040 2791
3040 2792
3041 2793
3042 2794
3042 2795
3042 2796
3043 2797
3044 2798
3044 2799
3044 2800
3045 2801
3045 2802
3046 2803
3046 2804
3047 2805
3048 2806
3048 2807
3049 2808
3050 2809
3050 2810
3051 2811
3051 2812
3052 2813
3052 2814
3052 2815
3052 2816
3053 2817
3053 2818
3053 2819
3053 2820
3053 2821
3053 2822
3053 2823
3053 2824
3054 2825
3054 2826
3054 2827
3054 2828
3055 2829
3055 2830
3055 2831
3055 2832
3056 2833
3056 2834
3056 2835
3056 2836
3057 2837
3058 2838
3058 2839
3058 2840
3059 2841
3060 2842
3060 2843
3060 2844
3061 2845
3062 2846
3063 2847
3063 2848
3064 2849
3064 2850
3065 2851
3066 2852
3067 2853
3067 2854
3068 2855
3068 2856
3069 2857
3070 2858
3070 2859
3070 2860
3071 2861
3072 2862
3072 2863
3072 2864
3073 2865
3074 2866
3074 2867
3074 2868
3075 2869
3075 2870
3075 2871
3075 2872
3076 2873
3076 2874
3076 2875
3076 2876
3077 2877
3077 2878
3077 2879
3077 2880
3078 2881
3078 2882
3078 2883
3078 2884
3079 2885
3079 2886
3080 2887
3080 2888
3080 2889
3080 2890
3081 2891
3081 2892
3082 2893
3082 2894
3082 2895
3082 2896
3083 2897
3084 2898
3084 2899
3084 2900
3085 2901
3086 2902
3086 2903
3086 2904
3087 2905
3088 2906
3088 2907
3088 2908
3089 2909
3090 2910
3090 2911
3090 2912
3091 2913
3091 2914
3091 2915
3091 2916
3092 2917
3092 2918
3092 2919
3092 2920
3093 2921
3094 2922
3094 2923
3094 2924
3095 2925
3095 2926
3096 2927
3096 2928
3096 2929
3096 2930
3097 2931
3097 2932
3098 2933
3098 2934
3098 2935
3098 2936
3099 2937
3099 2938
3100 2939
3100 2940
3100 2941
3100 2942
3101 2943
3101 2944
3101 2945
3101 2946
3102 2947
3102 2948
3102 2949
3102 2950
3103 2951
3103 2952
3103 2953
3103 2954
3104 2955
3104 2956
3104 2957
3104 2958
3105 2959
3106 2960
3106 2961
3106 2962
3107 2963
3107 2964
3108 2965
3108 2966
3108 2967
3108 2968
3109 2969
3109 2970
3110 2971
3110 2972
3110 2973
3110 2974
3111 2975
3111 2976
3111 2977
3111 2978
3111 2979
3111 2980
3111 2981
3111 2982
3111 2983
3111 2984
3111 2985
3111 2986
3111 2987
3111 2988
3112 2989
3112 2990
3112 2991
3112 2992
3113 2993
3114 2994
3114 2995
3114 2996
3115 2997
3115 2998
3115 2999
3115 3000
3116 3001
3116 3002
3116 3003
3116 3004
3117 3005
3117 3006
3117 3007
3117 3008
3118 3009
3118 3010
3118 3011
3118 3012
3119 3013
3119 3014
3119 3015
3119 3016
3120 3017
3120 3018
3120 3019
3120 3020
3121 3021
3121 3022
3121 3023
3121 3024
3122 3025
3122 3026
3122 3027
3122 3028
3123 3029
3124 3030
3124 3031
3124 3032
3125 3033
3125 3034
3126 3035
3126 3036
3126 3037
3126 3038
3127 3039
3127 3040
3127 3041
3127 3042
3127 3043
3127 3044
3128 3045
3128 3046
3128 3047
3128 3048
3129 3049
3129 3050
3130 3051
3130 3052
3130 3053
3130 3054
3131 3055
3131 3056
3131 3057
3131 3058
3131 3059
3131 3060
3132 3061
3132 3062
3132 3063
3132 3064
3133 3065
3133 3066
3133 3067
3133 3068
3133 3069
3133 3070
3134 3071
3134 3072
3134 3073
3134 3074
3135 3075
3135 3076
3135 3077
3135 3078
3135 3079
3135 3080
3135 3081
3135 3082
3136 3083
3136 3084
3136 3085
3136 3086
3137 3087
3138 3088
3138 3089
3138 3090
3139 3091
3140 3092
3140 3093
3140 3094
3141 3095
3141 3096
3141 3097
3141 3098
3141 3099
3141 3100
3141 3101
3141 3102
3142 3103
3142 3104
3142 3105
3142 3106
3143 3107
3143 3108
3143 3109
3143 3110
3143 3111
3143 3112
3144 3113
3144 3114
3144 3115
3144 3116
3145 3117
3145 3118
3145 3119
3145 3120
3146 3121
3146 3122
3146 3123
3146 3124
3147 3125
3147 3126
3148 3127
3148 3128
3148 3129
3148 3130
3149 3131
3149 3132
3150 3133
3150 3134
3150 3135
3150 3136
3151 3137
3152 3138
3152 3139
3152 3140
3153 3141
3154 3142
3154 3143
3154 3144
3155 3145
3156 3146
3157 3147
3158 3148
3158 3149
3159 3149
3160 3150
3160 3151
3161 3151
3162 3152
3162 3153
3163 3153
3164 3154
3164 3155
3165 3155
3166 3156
3166 3157
3167 3157
3168 3158
3168 3159
3169 3159
3170 3160
3170 3161
3171 3161
3172 3162
3172 3163
3173 3164
3174 3165
3174 3166
3175 3167
3175 3168
3175 3169
3175 3170
3176 3171
3176 3172
3177 3173
3178 3174
3178 3175
3179 3175
3180 3176
3180 3177
3181 3177
3182 3178
3182 3179
3183 3179
3184 3180
3185 3181
3186 3181
3187 3182
3188 3182
3189 3183
3190 3183
3191 3183
3192 3184
3193 3185
3194 3185
3195 3185
3196 3185
3197 3186
3198 3186
3199 3186
3200 3186
3201 3186
3202 3186
3203 3186
3204 3186
3205 3186
3206 3186
3207 3186
3208 3186
3209 3186
3210 3186
3211 3186
3212 3186
3213 3185
3214 3185
3215 3185
3216 3185
3217 3184
3218 3184
3219 3183
3220 3183
3221 3183
3222 3183
3223 3182
3224 3181
3225 3181
3226 3181
3227 3180
3228 3179
3229 3179
3230 3179
3231 3178
3232 3178
3233 3177
3234 3177
3235 3177
3236 3177
3237 3176
3238 3175
3239 3175
3240 3175
3241 3174
3242 3174
3243 3174
3244 3174
3245 3173
3246 3173
3247 3172
3248 3172
3249 3171
3250 3171
3251 3170
3252 3169
3253 3169
3254 3169
3255 3168
3256 3167
3257 3167
3258 3167
3259 3166
3260 3165
3261 3164
3262 3164
3263 3163
3264 3163
3265 3162
3266 3161
3267 3161
3268 3161
3269 3160
3270 3159
3271 3158
3272 3158
3273 3157
3274 3157
3275 3156
3276 3155
3277 3155
3278 3155
3279 3154
3280 3153
3281 3153
3282 3153
3283 3152
3284 3152
3285 3151
3286 3151
3287 3150
3288 3150
3289 3149
3290 3149
3291 3148
3292 3147
3293 3147
3294 3147
3295 3146
3296 3146
3297 3145
3298 3145
3299 3145
3300 3145
3301 3144
3302 3143
3303 3143
3304 3143
3305 3142
3306 3142
3307 3141
3308 3141
3309 3141
3310 3141
3311 3140
3312 3139
3313 3139
3314 3139
3315 3138
3316 3137
3317 3137
3318 3137
3319 3136
3320 3136
3321 3135
3322 3135
3323 3135
3324 3135
3325 3134
3326 3134
3327 3134
3328 3134
3329 3133
3330 3133
3331 3133
3332 3133
3333 3132
3334 3132
3335 3132
3336 3132
3337 3131
3338 3131
3339 3131
3340 3131
3341 3130
3342 3130
3343 3129
3344 3129
3345 3129
3346 3129
3347 3128
3348 3127
3349 3127
3350 3127
3351 3126
3352 3125
3353 3125
3354 3125
3355 3124
3356 3124
3357 3124
3358 3124
3359 3124
3360 3124
3361 3124
3362 3124
3363 3124
3364 3124
3365 3124
3366 3124
3367 3124
3368 3124
3369 3124
3370 3124
3371 3123
3372 3123
3373 3122
3374 3122
3375 3121
3376 3121
3377 3120
3378 3120
3379 3120
3380 3120
3381 3120
3382 3120
3383 3119
3384 3119
3385 3119
3386 3119
3387 3118
3388 3118
3389 3118
3390 3118
3391 3118
3392 3118
3393 3118
3394 3118
3395 3118
3396 3118
3397 3117
3398 3117
3399 3117
3400 3117
3401 3116
3402 3116
3403 3116
3404 3116
3405 3116
3406 3116
3407 3116
3408 3116
3409 3115
3410 3115
3411 3115
3412 3115
3413 3114
3414 3114
3415 3114
3416 3114
3417 3114
3418 3114
3419 3114
3420 3114
3421 3114
3422 3114
3423 3113
3424 3113
3425 3113
3426 3113
3427 3112
3428 3112
3429 3112
3430 3112
3431 3111
3432 3111
3433 3111
3434 3111
3435 3110
3436 3110
3437 3109
3438 3109
3439 3109
3440 3109
3441 3108
3442 3108
3443 3108
3444 3108
3445 3108
3446 3108
3447 3108
3448 3108
3449 3107
3450 3107
3451 3107
3452 3107
3453 3106
3454 3106
3455 3106
3456 3106
3457 3105
3458 3105
3459 3105
3460 3105
3461 3104
3462 3103
3463 3103
3464 3103
3465 3102
3466 3101
3467 3101
3468 3101
3469 3100
3470 3100
3471 3100
3472 3100
3473 3100
3474 3100
3475 3099
3476 3099
3477 3099
3478 3099
3479 3098
3480 3098
3481 3098
3482 3098
3483 3097
3484 3097
3485 3097
3486 3097
3487 3096
3488 3096
3489 3096
3490 3096
3491 3096
3492 3096
3493 3095
3494 3095
3495 3095
3496 3095
3497 3094
3498 3094
3499 3093
3500 3093
3501 3093
3502 3093
3503 3092
3504 3091
3505 3091
3506 3091
3507 3090
3508 3090
3509 3090
3510 3090
3511 3089
3512 3089
3513 3089
3514 3089
3515 3088
3516 3087
3517 3087
3518 3087
3519 3086
3520 3086
3521 3086
3522 3086
3523 3086
3524 3086
3525 3086
3526 3086
3527 3086
3528 3086
3529 3085
3530 3085
3531 3084
3532 3084
3533 3083
3534 3083
3535 3082
3536 3082
3537 3082
3538 3082
3539 3082
3540 3082
3541 3082
3542 3082
3543 3082
3544 3082
3545 3081
3546 3081
3547 3081
3548 3081
3549 3080
3550 3079
3551 3079
3552 3079
3553 3078
3554 3077
3555 3076
3556 3076
3557 3075
3558 3075
3559 3074
3560 3074
3561 3074
3562 3074
3563 3073
3564 3073
3565 3073
3566 3073
3567 3072
3568 3072
3569 3072
3570 3072
3571 3072
3572 3072
3573 3072
3574 3072
3575 3072
3576 3072
3577 3072
3578 3072
3579 3071
3580 3071
3581 3071
3582 3071
3583 3070
3584 3070
3585 3069
3586 3069
3587 3069
3588 3069
3589 3068
3590 3068
3591 3068
3592 3068
3593 3067
3594 3067
3595 3067
3596 3067
3597 3066
3598 3065
3599 3065
3600 3065
3601 3064
3602 3063
3603 3063
3604 3063
3605 3062
3606 3062
3607 3062
3608 3062
3609 3062
3610 3062
3611 3062
3612 3062
3613 3061
3614 3061
3615 3061
3616 3061
3617 3060
3618 3060
3619 3060
3620 3060
3621 3060
3622 3060
3623 3060
3624 3060
3625 3060
3626 3060
3627 3060
3628 3060
3629 3060
3630 3060
3631 3060
3632 3060
3633 3060
3634 3060
3635 3060
3636 3060
3637 3060
3638 3060
3639 3060
3640 3060
3641 3060
3642 3060
3643 3059
3644 3059
3645 3059
3646 3059
3647 3058
3648 3058
3649 3058
3650 3058
3651 3058
3652 3058
3653 3058
3654 3058
3655 3058
3656 3058
3657 3058
3658 3058
3659 3057
3660 3057
3661 3057
3662 3057
3663 3056
3664 3056
3665 3056
3666 3056
3667 3056
3668 3056
3669 3055
3670 3055
3671 3055
3672 3055
3673 3054
3674 3053
3675 3053
3676 3053
3677 3052
3678 3052
3679 3052
3680 3052
3681 3052
3682 3052
3683 3052
3684 3052
3685 3052
3686 3052
3687 3053
3688 3053
3689 3053
3690 3053
3691 3053
3692 3053
3693 3053
3694 3053
3695 3052
3696 3052
3697 3052
3698 3052
3699 3052
3700 3052
3701 3052
3702 3052
3703 3051
3704 3051
3705 3051
3706 3051
3707 3050
3708 3050
3709 3050
3710 3050
3711 3050
3712 3050
3713 3050
3714 3050
3715 3050
3716 3050
3717 3050
3718 3050
3719 3050
3720 3050
3721 3050
3722 3050
3723 3049
3724 3049
3725 3049
3726 3049
3727 3048
3728 3048
3729 3048
3730 3048
3731 3048
3732 3048
3733 3049
3734 3049
3735 3049
3736 3049
3737 3049
3738 3049
3739 3049
3740 3049
3741 3048
3742 3048
3743 3048
3744 3048
3745 3048
3746 3048
3747 3048
3748 3048
3749 3048
3750 3048
3751 3048
3752 3048
3753 3049
3754 3049
3755 3049
3756 3049
3757 3050
3758 3050
3759 3050
3760 3050
3761 3050
3762 3050
3763 3051
3764 3051
3765 3051
3766 3051
3767 3052
3768 3052
3769 3052
3770 3052
3771 3052
3772 3052
3773 3052
3774 3052
3775 3052
3776 3052
3777 3052
3778 3052
3779 3052
3780 3052
3781 3053
3782 3053
3783 3053
3784 3053
3785 3054
3786 3054
3787 3054
3788 3054
3789 3054
3790 3054
3791 3054
3792 3054
3793 3053
3794 3053
3795 3053
3796 3053
3797 3052
3798 3052
3799 3052
3800 3052
3801 3051
3802 3051
3803 3050
3804 3049
3805 3049
3805 3048
3806 3047
3807 3047
3807 3046
3808 3045
3809 3045
3809 3044
3810 3043
3811 3043
3811 3042
3812 3041
3813 3041
3813 3040
3814 3039
3815 3039
3815 3038
3816 3037
3817 3036
3817 3035
3818 3034
3818 3033
3819 3032
3820 3031
3821 3030
3822 3029
3823 3028
3824 3027
3825 3026
3826 3025
3827 3024
3827 3023
3828 3022
3828 3021
3829 3020
3830 3019
3831 3018
3831 3017
3832 3016
3833 3015
3833 3014
3834 3013
3835 3012
3836 3011
3837 3010
3837 3009
3837 3008
3838 3007
3839 3006
3839 3005
3840 3004
3841 3003
3841 3002
3842 3001
3843 3001
3844 3000
3845 2999
3846 2999
3847 2998
3848 2997
3849 2996
3850 2996
3851 2995
3852 2995
3853 2994
3854 2993
3855 2992
3856 2991
3857 2991
3857 2990
3858 2989
3859 2989
3859 2988
3860 2987
3861 2987
3861 2986
3862 2985
3863 2985
3863 2984
3864 2983
3865 2982
3866 2981
3867 2980
3867 2979
3868 2978
3869 2977
3869 2976
3870 2975
3871 2975
3871 2974
3872 2973
3873 2973
3873 2972
3874 2971
3875 2971
3876 2970
3877 2969
3878 2969
3879 2968
3880 2967
3881 2967
3882 2967
3883 2966
3884 2965
3885 2965
3886 2964
3887 2963
3888 2962
3889 2961
3890 2960
3891 2959
3891 2958
3892 2957
3893 2957
3893 2956
3894 2955
3895 2955
3895 2954
3896 2953
3897 2953
3897 2952
3898 2951
3899 2951
3899 2950
3900 2949
3901 2949
3901 2948
3902 2947
3903 2947
3903 2946
3904 2945
3905 2945
3905 2944
3906 2943
3907 2943
3908 2942
3909 2941
3910 2941
3911 2940
3912 2939
3913 2939
3914 2939
3915 2938
3916 2937
3917 2936
3918 2936
3919 2935
3920 2935
3921 2934
3922 2933
3923 2933
3924 2933
3925 2932
3926 2931
3927 2930
3928 2929
3929 2929
3929 2928
3930 2927
3931 2927
3931 2926
3932 2925
3933 2925
3934 2924
3935 2923
3936 2923
3937 2922
3938 2921
3939 2920
3940 2919
3941 2919
3942 2918
3943 2917
3944 2917
3945 2916
3946 2916
3947 2915
3948 2915
3949 2915
3950 2915
3951 2914
3952 2913
3953 2912
3954 2912
3955 2911
3956 2911
3957 2910
3958 2910
3959 2909
3960 2909
3961 2909
3962 2909
3963 2908
3964 2907
3965 2907
3966 2907
3967 2906
3968 2905
3969 2904
3970 2904
3971 2903
3972 2903
3973 2902
3974 2901
3975 2900
3976 2900
3977 2899
3978 2899
3979 2898
3980 2898
3981 2897
3982 2897
3983 2897
3984 2897
3985 2896
3986 2895
3987 2895
3988 2895
3989 2894
3990 2893
3991 2893
3992 2893
3993 2892
3994 2892
3995 2891
3996 2891
3997 2890
3998 2890
3999 2889
4000 2889
4001 2888
4002 2888
4003 2887
4004 2887
4005 2887
4006 2887
4007 2886
4008 2885
4009 2884
4010 2884
4011 2883
4012 2883
4013 2882
4014 2882
4015 2881
4016 2881
4017 2881
4018 2881
4019 2880
4020 2879
4021 2878
4022 2878
4023 2877
4024 2877
4025 2876
4026 2875
4027 2874
4028 2874
4029 2873
4030 2873
4031 2872
4032 2872
4033 2872
4034 2872
4035 2871
4036 2871
4037 2870
4038 2870
4039 2869
4040 2869
4041 2868
4042 2868
4043 2868
4044 2868
4045 2868
4046 2868
4047 2868
4048 2868
4049 2867
4050 2867
4051 2867
4052 2867
4053 2866
4054 2866
4055 2866
4056 2866
4057 2866
4058 2866
4059 2866
4060 2866
4061 2866
4062 2866
4063 2866
4064 2866
4065 2866
4066 2866
4067 2866
4068 2866
4069 2865
4070 2865
4071 2864
4072 2864
4073 2863
4074 2863
4075 2862
4076 2862
4077 2862
4078 2862
4079 2862
4080 2862
4081 2862
4082 2862
4083 2861
4084 2861
4085 2861
4086 2861
4087 2860
4088 2860
4089 2860
4090 2860
4091 2860
4092 2860
4093 2860
4094 2860
4095 2860
4096 2860
4097 2859
4098 2859
4099 2859
4100 2859
4101 2858
4102 2858
4103 2858
4104 2858
4105 2858
4106 2858
4107 2858
4108 2858
4109 2858
4110 2858
4111 2858
4112 2858
4113 2858
4114 2858
4115 2857
4116 2857
4117 2857
4118 2857
4119 2856
4120 2856
4121 2856
4122 2856
4123 2856
4124 2856
4125 2857
4126 2857
4127 2857
4128 2857
4129 2857
4130 2857
4131 2857
4132 2857
4133 2856
4134 2856
4135 2856
4136 2856
4137 2856
4138 2856
4139 2856
4140 2856
4141 2855
4142 2855
4143 2856
4144 2856
4144 2855
4145 2854
4146 2854
4147 2855
4148 2855
4149 2854
4150 2854
4151 2854
4152 2854
4153 2854
4154 2854
4155 2854
4156 2854
4157 2854
4158 2854
4159 2854
4160 2854
4161 2853
4162 2853
4163 2853
4164 2853
4165 2852
4166 2852
4167 2852
4168 2852
4169 2852
4170 2852
4171 2852
4172 2852
4173 2852
4174 2852
4175 2852
4176 2852
4177 2852
4178 2852
4179 2852
4180 2852
4181 2852
4182 2852
4183 2852
4184 2852
4185 2852
4186 2852
4187 2851
4188 2851
4189 2852
4190 2852
4191 2851
4192 2851
4193 2851
4194 2851
4195 2851
4196 2851
4197 2850
4198 2850
4199 2850
4200 2850
4201 2850
4202 2850
4203 2850
4204 2850
4205 2850
4206 2850
4207 2849
4208 2849
4209 2849
4210 2849
4211 2848
4212 2848
4213 2848
4214 2848
4215 2849
4216 2849
4217 2849
4218 2850
4219 2851
4220 2851
4221 2851
4222 2852
4223 2853
4224 2854
4225 2855
4226 2856
4227 2857
4227 2858
4228 2859
4228 2860
4229 2861
4230 2862
4231 2863
4231 2864
4232 2865
4232 2866
4233 2867
4234 2868
4234 2869
4234 2870
4235 2871
4235 2872
4236 2873
4236 2874
4237 2875
4238 2876
4238 2877
4239 2877
4240 2878
4240 2879
4241 2880
4242 2881
4242 2882
4243 2883
4244 2884
4245 2885
4246 2886
4246 2887
4247 2887
4248 2888
4248 2889
4249 2889
4250 2890
4250 2891
4251 2891
4252 2892
4252 2893
4253 2894
4254 2895
4254 2896
4255 2897
4256 2898
4256 2899
4256 2900
4257 2901
4257 2902
4258 2903
4258 2904
4259 2905
4260 2906
4260 2907
4261 2907
4262 2908
4262 2909
4263 2909
4264 2910
4264 2911
4265 2911
4266 2912
4266 2913
4267 2913
4268 2914
4268 2915
4269 2915
4270 2916
4270 2917
4271 2917
4272 2918
4272 2919
4273 2919
4274 2920
4274 2921
4275 2921
4276 2922
4276 2923
4277 2923
4278 2924
4278 2925
4279 2926
4280 2927
4280 2928
4281 2929
4282 2930
4283 2931
4284 2932
4284 2933
4285 2934
4286 2935
4286 2936
4287 2937
4288 2938
4288 2939
4288 2940
4289 2941
4290 2942
4291 2943
4291 2944
4292 2945
4292 2946
4293 2947
4294 2948
4294 2949
4294 2950
4295 2951
4295 2952
4296 2953
4296 2954
4296 2955
4296 2956
4297 2957
4298 2958
4299 2959
4299 2960
4300 2961
4300 2962
4301 2963
4302 2964
4302 2965
4302 2966
4303 2967
4304 2968
4304 2969
4304 2970
4305 2971
4306 2972
4306 2973
4306 2974
4307 2975
4308 2976
4309 2977
4310 2978
4310 2979
4311 2980
4312 2981
4312 2982
4313 2983
4314 2984
4314 2985
4314 2986
4315 2987
4316 2988
4316 2989
4316 2990
4317 2991
4317 2992
4318 2993
4318 2994
4319 2995
4320 2996
4320 2997
4321 2997
4322 2998
4322 2999
4323 3000
4324 3001
4324 3002
4325 3003
4326 3004
4326 3005
4326 3006
4327 3007
4328 3008
4328 3009
4328 3010
4329 3011
4330 3012
4330 3013
4330 3014
4331 3015
4332 3016
4332 3017
4332 3018
4333 3019
4334 3020
4335 3021
4336 3022
4336 3023
4337 3023
4338 3024
4338 3025
4339 3026
4340 3027
4340 3028
4341 3029
4342 3030
4343 3031
4344 3032
4344 3033
4345 3033
4346 3034
4346 3035
4347 3035
4348 3036
4348 3037
4349 3037
4350 3038
4350 3039
4351 3039
4352 3040
4352 3041
4353 3041
4354 3042
4354 3043
4355 3043
4356 3044
4356 3045
4357 3045
4358 3046
4358 3047
4359 3047
4360 3048
4360 3049
4361 3049
4362 3050
4362 3051
4363 3051
4364 3052
4364 3053
4365 3054
4366 3055
4366 3056
4367 3057
4368 3058
4369 3059
4370 3060
4371 3061
4372 3061
4373 3062
4374 3063
4375 3063
4376 3064
4376 3065
4377 3065
4378 3066
4378 3067
4379 3067
4380 3068
4380 3069
4381 3070
4382 3071
4382 3072
4383 3073
4384 3074
4385 3075
4386 3076
4386 3077
4387 3077
4388 3078
4388 3079
4389 3079
4390 3080
4391 3081
4392 3082
4393 3083
4394 3083
4395 3083
4396 3084
4397 3085
4398 3085
4399 3085
4400 3086
4401 3087
4402 3087
4403 3088
4404 3088
4405 3089
4406 3090
4407 3091
4408 3091
4409 3091
4410 3091
4411 3092
4412 3092
4413 3092
4414 3092
4415 3092
4416 3092
4417 3092
4418 3092
4419 3092
4420 3092
4421 3092
4422 3092
4423 3092
4424 3092
4425 3092
4426 3092
4427 3092
4428 3092
4429 3092
4430 3092
4431 3092
4432 3092
4433 3092
4434 3092
4435 3092
4436 3092
4437 3092
4438 3092
4439 3092
4440 3092
4441 3092
4442 3092
4443 3092
4444 3092
4445 3092
4446 3092
4447 3092
4448 3092
4449 3092
4450 3092
4451 3091
4452 3091
4453 3091
4454 3091
4455 3090
4456 3090
4457 3090
4458 3090
4459 3090
4460 3090
4461 3089
4462 3089
4463 3089
4464 3089
4465 3088
4466 3088
4467 3088
4468 3088
4469 3087
4470 3087
4471 3087
4472 3087
4473 3086
4474 3086
4475 3086
4476 3086
4477 3085
4478 3085
4479 3085
4480 3085
4481 3084
4482 3084
4483 3084
4484 3084
4485 3084
4486 3084
4487 3084
4488 3084
4489 3083
4490 3083
4491 3083
4492 3083
4493 3082
4494 3082
4495 3082
4496 3082
4497 3082
4498 3082
4499 3082
4500 3082
4501 3082
4502 3082
4503 3081
4504 3081
4505 3081
4506 3081
4507 3080
4508 3080
4509 3080
4510 3080
4511 3080
4512 3080
4513 3079
4514 3079
4515 3079
4516 3079
4517 3078
4518 3078
4519 3078
4520 3078
4521 3078
4522 3078
4523 3078
4524 3078
4525 3078
4526 3078
4527 3077
4528 3077
4529 3077
4530 3077
4531 3076
4532 3076
4533 3076
4534 3076
4535 3076
4536 3076
4537 3076
4538 3076
4539 3076
4540 3076
4541 3076
4542 3076
4543 3076
4544 3076
4545 3075
4546 3075
4547 3075
4548 3075
4549 3074
4550 3074
4551 3074
4552 3074
4553 3074
4554 3074
4555 3074
4556 3074
4557 3073
4558 3073
4559 3073
4560 3073
4561 3072
4562 3072
4563 3072
4564 3072
4565 3072
4566 3072
4567 3072
4568 3072
4569 3071
4570 3071
4571 3071
4572 3071
4573 3070
4574 3070
4575 3070
4576 3070
4577 3070
4578 3070
4579 3070
4580 3070
4581 3070
4582 3070
4583 3069
4584 3069
4585 3069
4586 3069
4587 3068
4588 3068
4589 3068
4590 3068
4591 3068
4592 3068
4593 3068
4594 3068
4595 3067
4596 3067
4597 3067
4598 3067
4599 3066
4600 3066
4601 3066
4602 3066
4603 3065
4604 3065
4605 3065
4606 3065
4607 3064
4608 3064
4609 3064
4610 3064
4611 3064
4612 3064
4613 3064
4614 3064
4615 3064
4616 3064
4617 3064
4618 3064
4619 3064
4620 3064
4621 3063
4622 3063
4623 3063
4624 3063
4625 3062
4626 3062
4627 3062
4628 3062
4629 3062
4630 3062
4631 3062
4632 3062
4633 3062
4634 3062
4635 3062
4636 3062
4637 3062
4638 3062
4639 3062
4640 3062
4641 3062
4642 3062
4643 3061
4644 3061
4645 3061
4646 3061
4647 3060
4648 3059
4649 3059
4650 3059
4651 3058
4652 3058
4653 3058
4654 3058
4655 3058
4656 3058
4657 3058
4658 3058
4659 3058
4660 3058
4661 3057
4662 3057
4663 3057
4664 3057
4665 3056
4666 3056
4667 3056
4668 3056
4669 3056
4670 3056
4671 3056
4672 3056
4673 3056
4674 3056
4675 3055
4676 3055
4677 3055
4678 3055
4679 3054
4680 3054
4681 3054
4682 3054
4683 3054
4684 3054
4685 3053
4686 3053
4687 3053
4688 3053
4689 3052
4690 3052
4691 3052
4692 3052
4693 3052
4694 3052
4695 3052
4696 3052
4697 3051
4698 3051
4699 3051
4700 3051
4701 3050
4702 3050
4703 3050
4704 3050
4705 3050
4706 3050
4707 3050
4708 3050
4709 3049
4710 3049
4711 3049
4712 3049
4713 3048
4714 3048
4715 3047
4716 3047
4717 3047
4718 3047
4719 3046
4720 3046
4721 3046
4722 3046
4723 3046
4724 3046
4725 3046
4726 3046
4727 3045
4728 3045
4729 3045
4730 3045
4731 3044
4732 3043
4733 3043
4734 3043
4735 3042
4736 3042
4737 3042
4738 3042
4739 3041
4740 3041
4741 3041
4742 3041
4743 3040
4744 3039
4745 3039
4746 3039
4747 3038
4748 3038
4749 3037
4750 3037
4751 3037
4752 3037
4753 3036
4754 3036
4755 3036
4756 3036
4757 3036
4758 3036
4759 3035
4760 3035
4761 3035
4762 3035
4763 3034
4764 3033
4765 3033
4766 3033
4767 3032
4768 3032
4769 3032
4770 3032
4771 3031
4772 3031
4773 3031
4774 3031
4775 3030
4776 3030
4777 3030
4778 3030
4779 3029
4780 3029
4781 3029
4782 3029
4783 3028
4784 3028
4785 3027
4786 3027
4787 3027
4788 3027
4789 3026
4790 3026
4791 3025
4792 3025
4793 3025
4794 3025
4795 3024
4796 3024
4797 3024
4798 3024
4799 3023
4800 3023
4801 3023
4802 3023
4803 3022
4804 3022
4805 3021
4806 3021
4807 3021
4808 3021
4809 3020
4810 3020
4811 3019
4812 3019
4813 3019
4814 3019
4815 3018
4816 3017
4817 3016
4818 3016
4819 3015
4820 3015
4821 3014
4822 3014
4823 3013
4824 3013
4825 3013
4826 3013
4827 3012
4828 3011
4829 3010
4830 3009
4831 3009
4832 3008
4833 3007
4834 3007
4835 3006
4836 3006
4837 3006
4838 3006
4839 3006
4840 3006
4841 3006
4842 3006
4843 3006
4844 3006
4845 3005
4846 3005
4847 3005
4848 3005
4849 3004
4850 3004
4851 3004
4852 3004
4853 3003
4854 3003
4855 3003
4856 3003
4857 3002
4858 3001
4859 3000
4860 3000
4861 2999
4862 2999
4863 2998
4864 2998
4865 2997
4866 2997
4867 2997
4868 2997
4869 2996
4870 2995
4871 2994
4872 2994
4873 2993
4874 2993
4875 2992
4876 2991
4877 2991
4878 2991
4879 2990
4880 2990
4881 2989
4882 2989
4883 2988
4884 2988
4885 2987
4886 2987
4887 2986
4888 2985
4889 2985
4890 2985
4891 2984
4892 2983
4893 2983
4894 2983
4895 2982
4896 2981
4897 2981
4898 2981
4899 2980
4900 2980
4901 2979
4902 2979
4903 2979
4904 2979
4905 2978
4906 2977
4907 2977
4908 2977
4909 2976
4910 2976
4911 2976
4912 2976
4913 2975
4914 2975
4915 2975
4916 2975
4917 2974
4918 2973
4919 2973
4920 2973
4921 2972
4922 2971
4923 2970
4924 2970
4925 2969
4926 2969
4927 2968
4928 2968
4929 2967
4930 2967
4931 2966
4932 2966
4933 2965
4934 2965
4935 2964
4936 2963
4937 2962
4938 2962
4939 2961
4940 2961
4941 2960
4942 2959
4943 2959
4944 2959
4945 2958
4946 2957
4947 2957
4948 2957
4949 2956
4950 2955
4951 2954
4952 2954
4953 2953
4954 2953
4955 2952
4956 2952
4957 2951
4958 2951
4959 2951
4960 2951
4961 2950
4962 2949
4963 2949
4964 2949
4965 2948
4966 2948
4967 2947
4968 2947
4969 2947
4970 2947
4971 2946
4972 2945
4973 2944
4974 2943
4975 2942
4975 2941
4976 2940
4977 2939
4978 2939
4979 2938
4980 2938
4981 2938
4982 2938
4983 2938
4984 2938
4985 2937
4986 2937
4987 2937
4988 2937
4989 2936
4990 2936
4991 2935
4992 2935
4993 2935
4994 2935
4995 2934
4996 2933
4997 2933
4998 2933
4999 2932
5000 2931
5001 2931
5002 2931
5003 2930
5004 2929
5005 2928
5006 2927
5007 2927
5008 2926
5009 2925
5010 2925
5011 2924
5012 2924
5013 2923
5014 2923
5015 2922
5016 2922
5017 2921
5018 2921
5019 2920
5020 2919
5021 2919
5022 2919
5023 2918
5024 2917
5025 2917
5026 2917
5027 2916
5028 2915
5029 2914
5030 2914
5031 2913
5032 2913
5033 2912
5034 2911
5035 2911
5036 2911
5037 2910
5038 2910
5039 2909
5040 2909
5041 2909
5042 2909
5043 2908
5044 2907
5045 2906
5046 2905
5047 2905
5047 2904
5048 2903
5049 2903
5050 2902
5051 2901
5052 2901
5053 2900
5054 2899
5055 2899
5056 2899
5057 2898
5058 2898
5059 2897
5060 2897
5061 2897
5062 2897
5063 2896
5064 2895
5065 2894
5066 2894
5067 2893
5068 2893
5069 2892
5070 2892
5071 2892
5072 2892
5073 2892
5074 2892
5075 2891
5076 2891
5077 2890
5078 2889
5079 2889
5080 2888
5081 2887
5082 2887
5083 2886
5084 2885
5085 2885
5086 2885
5087 2884
5088 2883
5089 2883
5090 2883
5091 2882
5092 2881
5093 2881
5094 2881
5095 2880
5096 2880
5097 2879
5098 2879
5099 2879
5100 2879
5101 2878
5102 2877
5103 2877
5104 2877
5105 2876
5106 2875
5107 2875
5108 2875
5109 2874
5110 2874
5111 2873
5112 2873
5113 2873
5114 2873
5115 2872
5116 2871
5117 2870
5118 2869
5119 2868
5119 2867
5120 2866
5120 2865
5121 2864
5122 2863
5123 2862
5123 2861
5124 2860
5125 2859
5126 2859
5127 2858
5128 2858
5129 2857
5130 2857
5131 2856
5132 2856
5133 2855
5134 2854
5135 2853
5136 2852
5136 2851
5136 2850
5136 2849
5137 2848
5137 2847
5137 2846
5138 2845
5139 2844
5139 2843
5140 2842
5141 2841
5141 2840
5142 2839
5143 2838
5144 2837
5145 2836
5145 2835
5146 2834
5147 2833
5148 2833
5149 2832
5150 2831
5151 2830
5152 2830
5153 2829
5154 2829
5155 2828
5156 2827
5157 2827
5158 2827
5159 2826
5160 2826
5161 2826
5162 2826
5163 2825
5164 2825
5165 2825
5166 2825
5167 2824
5168 2823
5169 2822
5170 2821
5171 2820
5171 2819
5172 2818
5173 2817
5174 2816
5175 2815
5176 2815
5177 2814
5178 2813
5179 2813
5180 2813
5181 2812
5182 2811
5183 2810
5184 2809
5185 2808
5186 2807
5187 2806
5187 2805
5188 2804
5189 2803
5189 2802
5190 2801
5191 2801
5191 2800
5192 2799
5193 2799
5193 2798
5194 2797
5195 2797
5196 2796
5197 2795
5198 2795
5199 2794
5200 2793
5201 2792
5202 2791
5203 2791
5203 2790
5204 2789
5205 2789
5205 2788
5206 2787
5207 2787
5207 2786
5208 2785
5209 2785
5209 2784
5210 2783
5211 2783
5211 2782
5212 2781
5213 2781
5213 2780
5214 2779
5215 2779
5215 2778
5216 2777
5217 2777
5217 2776
5218 2775
5219 2775
5219 2774
5220 2773
5221 2773
5221 2772
5222 2771
5223 2770
5224 2769
5225 2768
5225 2767
5225 2766
5225 2765
5226 2764
5226 2763
5227 2762
5227 2761
5228 2760
5228 2759
5229 2758
5229 2757
5230 2756
5230 2755
5230 2754
5230 2753
5230 2752
5230 2751
5230 2750
5230 2749
5230 2748
5230 2747
5230 2746
5230 2745
5230 2744
5230 2743
5230 2742
5230 2741
5230 2740
5230 2739
5230 2738
5230 2737
5230 2736
5230 2735
5230 2734
5230 2733
5230 2732
5230 2731
5230 2730
5230 2729
5230 2728
5230 2727
5230 2726
5230 2725
5230 2724
5230 2723
5231 2722
5231 2721
5231 2720
5231 2719
5232 2718
5232 2717
5232 2716
5232 2715
5232 2714
5232 2713
5232 2712
5232 2711
5232 2710
5232 2709
5231 2708
5231 2707
5231 2706
5231 2705
5230 2704
5230 2703
5230 2702
5230 2701
5230 2700
5230 2699
5229 2698
5229 2697
5229 2696
5229 2695
5228 2694
5227 2693
5227 2692
5227 2691
5226 2690
5225 2689
5225 2688
5225 2687
5224 2686
5224 2685
5224 2684
5224 2683
5223 2682
5223 2681
5223 2680
5223 2679
5222 2678
5222 2677
5222 2676
5222 2675
5222 2674
5222 2673
5221 2672
5221 2671
5221 2670
5221 2669
5220 2668
5220 2667
5219 2666
5219 2665
5219 2664
5219 2663
5218 2662
5218 2661
5217 2660
5217 2659
5217 2658
5217 2657
5216 2656
5215 2655
5215 2654
5215 2653
5214 2652
5213 2651
5213 2650
5213 2649
5212 2648
5212 2647
5211 2646
5211 2645
5211 2644
5211 2643
5210 2642
5210 2641
5210 2640
5210 2639
5209 2638
5209 2637
5209 2636
5209 2635
5208 2634
5207 2633
5207 2632
5207 2631
5206 2630
5205 2629
5205 2628
5205 2627
5204 2626
5204 2625
5204 2624
5204 2623
5204 2622
5204 2621
5204 2620
5204 2619
5203 2618
5203 2617
5203 2616
5203 2615
5202 2614
5202 2613
5201 2612
5201 2611
5201 2610
5201 2609
5200 2608
5200 2607
5200 2606
5200 2605
5200 2604
5200 2603
5199 2602
5199 2601
5199 2600
5199 2599
5198 2598
5198 2597
5198 2596
5198 2595
5197 2594
5197 2593
5197 2592
5197 2591
5196 2590
5196 2589
5196 2588
5196 2587
5195 2586
5195 2585
5195 2584
5195 2583
5194 2582
5194 2581
5194 2580
5194 2579
5194 2578
5194 2577
5193 2576
5193 2575
5193 2574
5193 2573
5192 2572
5192 2571
5192 2570
5192 2569
5192 2568
5192 2567
5192 2566
5192 2565
5191 2564
5191 2563
5191 2562
5191 2561
5190 2560
5190 2559
5190 2558
5190 2557
5190 2556
5190 2555
5190 2554
5190 2553
5190 2552
5190 2551
5190 2550
5190 2549
5190 2548
5190 2547
5190 2546
5190 2545
5190 2544
5190 2543
5190 2542
5190 2541
5190 2540
5190 2539
5189 2538
5189 2537
5189 2536
5189 2535
5188 2534
5188 2533
5188 2532
5188 2531
5188 2530
5188 2529
5188 2528
5188 2527
5188 2526
5188 2525
5187 2524
5187 2523
5187 2522
5187 2521
5186 2520
5186 2519
5186 2518
5186 2517
5186 2516
5186 2515
5186 2514
5186 2513
5186 2512
5186 2511
5185 2510
5185 2509
5185 2508
5185 2507
5184 2506
5184 2505
5184 2504
5184 2503
5184 2502
5184 2501
5184 2500
5184 2499
5184 2498
5184 2497
5184 2496
5184 2495
5184 2494
5184 2493
5184 2492
5184 2491
5184 2490
5184 2489
5184 2488
5184 2487
5184 2486
5184 2485
5184 2484
5184 2483
5184 2482
5184 2481
5184 2480
5184 2479
5184 2478
5184 2477
5184 2476
5184 2475
5184 2474
5184 2473
5184 2472
5184 2471
5184 2470
5184 2469
5184 2468
5184 2467
5184 2466
5184 2465
5184 2464
5184 2463
5184 2462
5184 2461
5184 2460
5184 2459
5184 2458
5184 2457
5184 2456
5184 2455
5184 2454
5184 2453
5184 2452
5184 2451
5184 2450
5184 2449
5184 2448
5184 2447
5184 2446
5184 2445
5184 2444
5184 2443
5184 2442
5184 2441
5184 2440
5184 2439
5184 2438
5184 2437
5184 2436
5184 2435
5184 2434
5184 2433
5184 2432
5184 2431
5184 2430
5184 2429
5184 2428
5184 2427
5184 2426
5184 2425
5184 2424
5184 2423
5184 2422
5184 2421
5184 2420
5184 2419
5184 2418
5184 2417
5184 2416
5184 2415
5184 2414
5184 2413
5184 2412
5184 2411
5184 2410
5184 2409
5184 2408
5184 2407
5184 2406
5184 2405
5184 2404
5184 2403
5184 2402
5184 2401
5184 2400
5184 2399
5184 2398
5184 2397
5184 2396
5184 2395
5184 2394
5184 2393
5184 2392
5184 2391
5184 2390
5184 2389
5184 2388
5184 2387
5183 2386
5183 2385
5183 2384
5183 2383
5182 2382
5181 2381
5181 2380
5181 2379
5180 2378
5180 2377
5179 2376
5179 2375
5178 2374
5177 2373
5177 2372
5176 2372
5175 2371
5175 2370
5174 2370
5173 2369
5173 2368
5172 2368
5171 2367
5171 2366
5170 2366
5169 2365
5169 2364
5168 2363
5167 2362
5167 2361
5166 2360
5165 2359
5164 2358
5163 2357
5163 2356
5162 2356
5161 2355
5161 2354
5160 2354
5159 2353
5159 2352
5158 2352
5157 2351
5157 2350
5156 2350
5155 2349
5155 2348
5154 2348
5153 2347
5153 2346
5152 2346
5151 2345
5150 2344
5149 2343
5148 2342
5147 2342
5146 2341
5145 2340
5144 2340
5143 2339
5143 2338
5142 2338
5141 2337
5141 2336
5140 2336
5139 2335
5139 2334
5138 2334
5137 2333
5137 2332
5136 2332
5135 2331
5135 2330
5134 2330
5133 2329
5133 2328
5132 2328
5131 2327
5130 2326
5129 2325
5128 2324
5127 2324
5126 2323
5125 2322
5124 2322
5123 2321
5123 2320
5122 2320
5121 2319
5121 2318
5120 2318
5119 2317
5119 2316
5118 2316
5117 2315
5117 2314
5116 2314
5115 2313
5115 2312
5114 2312
5113 2311
5113 2310
5112 2310
5111 2309
5111 2308
5110 2308
5109 2307
5109 2306
5108 2306
5107 2305
5107 2304
5106 2304
5105 2303
5105 2302
5104 2302
5103 2301
5103 2300
5102 2300
5101 2299
5101 2298
5100 2298
5099 2297
5099 2296
5098 2296
5097 2295
5097 2294
5096 2294
5095 2293
5095 2292
5094 2292
5093 2291
5093 2290
5092 2290
5091 2289
5091 2288
5090 2288
5089 2287
5089 2286
5088 2286
5087 2285
5087 2284
5086 2284
5085 2283
5085 2282
5084 2281
5083 2280
5083 2279
5082 2278
5082 2277
5081 2276
5081 2275
5081 2274
5081 2273
5080 2272
5079 2271
5079 2270
5079 2269
5078 2268
5077 2267
5077 2266
5077 2265
5076 2264
5075 2263
5075 2262
5075 2261
5074 2260
5073 2259
5073 2258
5073 2257
5072 2256
5072 2255
5071 2254
5071 2253
5071 2252
5071 2251
5070 2250
5069 2249
5068 2248
5067 2247
5067 2246
5066 2245
5065 2244
5065 2243
5064 2242
5063 2241
5062 2240
5061 2239
5061 2238
5060 2238
5059 2237
5059 2236
5058 2236
5057 2235
5057 2234
5056 2234
5055 2233
5055 2232
5054 2232
5053 2231
5053 2230
5052 2230
5051 2229
5051 2228
5050 2227
5049 2226
5049 2225
5048 2224
5047 2223
5047 2222
5047 2221
5046 2220
5046 2219
5045 2218
5045 2217
5045 2216
5045 2215
5044 2214
5044 2213
5043 2212
5043 2211
5043 2210
5043 2209
5042 2208
5042 2207
5042 2206
5042 2205
5042 2204
5042 2203
5042 2202
5042 2201
5042 2200
5042 2199
5042 2198
5042 2197
5041 2196
5041 2195
5041 2194
5041 2193
5040 2192
5040 2191
5039 2190
5039 2189
5039 2188
5039 2187
5038 2186
5038 2185
5038 2184
5038 2183
5037 2182
5037 2181
5037 2180
5037 2179
5036 2178
5035 2177
5034 2176
5033 2175
5033 2174
5032 2173
5031 2172
5031 2171
5030 2170
5029 2169
5028 2168
5027 2167
5027 2166
5026 2166
5025 2165
5025 2164
5024 2164
5023 2163
5023 2162
5022 2162
5021 2161
5021 2160
5020 2160
5019 2159
5019 2158
5018 2158
5017 2157
5017 2156
5016 2156
5015 2155
5015 2154
5014 2154
5013 2153
5013 2152
5012 2152
5011 2151
5011 2150
5010 2150
5009 2149
5009 2148
5008 2148
5007 2147
5007 2146
5006 2145
5005 2144
5005 2143
5004 2142
5003 2141
5002 2140
5001 2139
5001 2138
5000 2138
4999 2137
4999 2136
4998 2135
4997 2134
4997 2133
4996 2132
4995 2131
4994 2130
4994 2129
4993 2128
4993 2127
4992 2126
4991 2125
4990 2124
4989 2123
4989 2122
4988 2122
4987 2121
4987 2120
4986 2120
4985 2119
4985 2118
4984 2118
4983 2117
4983 2116
4982 2116
4981 2115
4981 2114
4980 2114
4979 2113
4979 2112
4978 2112
4977 2111
4977 2110
4976 2110
4975 2109
4975 2108
4974 2107
4973 2106
4973 2105
4972 2104
4971 2103
4971 2102
4971 2101
4970 2100
4969 2099
4968 2098
4967 2097
4967 2096
4966 2096
4965 2095
4965 2094
4964 2094
4963 2093
4963 2092
4962 2092
4961 2091
4961 2090
4960 2090
4959 2089
4959 2088
4958 2088
4957 2087
4957 2086
4956 2086
4955 2085
4955 2084
4954 2084
4953 2083
4953 2082
4952 2082
4951 2081
4951 2080
4950 2080
4949 2079
4949 2078
4948 2078
4947 2077
4947 2076
4946 2076
4945 2075
4945 2074
4944 2074
4943 2073
4943 2072
4942 2072
4941 2071
4940 2070
4939 2069
4938 2068
4937 2068
4936 2067
4935 2066
4934 2066
4933 2065
4933 2064
4932 2064
4931 2063
4931 2062
4930 2062
4929 2061
4929 2060
4928 2060
4927 2059
4927 2058
4926 2058
4925 2057
4925 2056
4924 2056
4923 2055
4923 2054
4922 2054
4921 2053
4921 2052
4920 2052
4919 2051
4919 2050
4918 2050
4917 2049
4917 2048
4916 2048
4915 2047
4915 2046
4914 2046
4913 2045
4913 2044
4912 2044
4911 2043
4911 2042
4910 2042
4909 2041
4908 2040
4907 2039
4906 2038
4905 2038
4904 2038
4903 2037
4902 2036
4901 2036
4900 2035
4899 2035
4898 2034
4897 2034
4896 2033
4895 2033
4894 2033
4893 2033
4892 2033
4891 2033
4890 2032
4889 2032
4888 2032
4887 2031
4886 2030
4885 2030
4884 2030
4883 2030
4882 2029
4881 2029
4880 2029
4879 2029
4878 2029
4877 2029
4876 2028
4875 2028
4874 2028
4873 2027
4872 2026
4871 2026
4870 2026
4869 2026
4868 2025
4867 2025
4866 2025
4865 2025
4864 2025
4863 2025
4862 2024
4861 2024
4860 2024
4859 2024
4858 2023
4857 2023
4856 2023
4855 2023
4854 2023
4853 2023
4852 2022
4851 2022
4850 2022
4849 2021
4848 2020
4847 2020
4846 2020
4845 2020
4844 2019
4843 2019
4842 2019
4841 2019
4840 2019
4839 2019
4838 2019
4837 2019
4836 2019
4835 2019
4834 2018
4833 2018
4832 2018
4831 2017
4830 2016
4829 2016
4828 2016
4827 2015
4826 2014
4825 2014
4824 2014
4823 2014
4822 2013
4821 2013
4820 2012
4819 2012
4818 2012
4817 2011
4816 2010
4815 2010
4814 2010
4813 2010
4812 2009
4811 2009
4810 2009
4809 2009
4808 2009
4807 2009
4806 2008
4805 2008
4804 2007
4803 2007
4802 2006
4801 2006
4800 2005
4799 2005
4798 2005
4797 2005
4796 2005
4795 2005
4794 2006
4793 2006
4792 2006
4791 2006
4790 2007
4789 2007
4788 2007
4787 2007
4786 2007
4785 2007
4784 2007
4783 2007
4782 2007
4781 2007
4780 2007
4779 2007
4778 2007
4777 2007
4776 2007
4775 2007
4774 2007
4773 2007
4772 2007
4771 2007
4770 2006
4769 2006
4768 2005
4767 2005
4766 2004
4765 2004
4764 2003
4763 2003
4762 2002
4761 2002
4760 2002
4759 2002
4758 2001
4757 2001
4756 2001
4755 2001
4754 2001
4753 2001
4752 2001
4751 2001
4750 2002
4749 2002
4748 2002
4747 2002
4746 2003
4745 2003
4744 2003
4743 2003
4742 2003
4741 2003
4740 2003
4739 2003
4738 2004
4737 2004
4736 2004
4735 2004
4734 2005
4733 2006
4732 2006
4731 2006
4730 2007
4729 2007
4728 2007
4727 2007
4726 2007
4725 2007
4724 2007
4723 2007
4722 2007
4721 2007
4720 2007
4719 2007
4718 2007
4717 2007
4716 2007
4715 2007
4714 2007
4713 2007
4712 2007
4711 2007
4710 2007
4709 2007
4708 2007
4707 2007
4706 2007
4705 2007
4704 2007
4703 2007
4702 2008
4701 2008
4700 2008
4699 2008
4698 2009
4697 2009
4696 2009
4695 2009
4694 2009
4693 2009
4692 2009
4691 2009
4690 2009
4689 2009
4688 2008
4687 2008
4686 2008
4685 2007
4684 2006
4683 2006
4682 2006
4681 2006
4680 2005
4679 2005
4678 2005
4677 2005
4676 2005
4675 2005
4674 2005
4673 2005
4672 2005
4671 2005
4670 2005
4669 2005
4668 2005
4667 2005
4666 2005
4665 2005
4664 2005
4663 2005
4662 2005
4661 2005
4660 2005
4659 2005
4658 2004
4657 2004
4656 2003
4655 2002
4654 2002
4653 2001
4652 2000
4651 2000
4650 1999
4649 1999
4648 1998
4647 1998
4646 1998
4645 1997
4644 1996
4643 1996
4642 1995
4641 1995
4640 1994
4639 1994
4638 1993
4637 1993
4636 1993
4635 1993
4634 1993
4633 1993
4632 1993
4631 1993
4630 1993
4629 1993
4628 1993
4627 1993
4626 1993
4625 1993
4624 1993
4623 1993
4622 1993
4621 1993
4620 1993
4619 1993
4618 1993
4617 1993
4616 1993
4615 1993
4614 1994
4613 1994
4612 1994
4611 1994
4610 1995
4609 1995
4608 1995
4607 1995
4606 1995
4605 1995
4604 1994
4603 1994
4602 1994
4601 1994
4600 1993
4599 1993
4598 1993
4597 1993
4596 1993
4595 1993
4594 1993
4593 1993
4592 1993
4591 1993
4590 1993
4589 1993
4588 1993
4587 1993
4586 1993
4585 1993
4584 1993
4583 1993
4582 1994
4581 1994
4580 1994
4579 1994
4578 1995
4577 1995
4576 1995
4575 1995
4574 1995
4573 1995
4572 1995
4571 1995
4570 1995
4569 1995
4568 1995
4567 1995
4566 1995
4565 1995
4564 1995
4563 1995
4562 1995
4561 1995
4560 1994
4559 1994
4558 1994
4557 1993
4556 1992
4555 1992
4554 1992
4553 1992
4552 1991
4551 1991
4550 1991
4549 1991
4548 1991
4547 1991
4546 1991
4545 1991
4544 1991
4543 1991
4542 1991
4541 1991
4540 1991
4539 1991
4538 1991
4537 1991
4536 1991
4535 1991
4534 1991
4533 1991
4532 1991
4531 1991
4530 1991
4529 1991
4528 1991
4527 1991
4526 1991
4525 1991
4524 1991
4523 1991
4522 1991
4521 1991
4520 1991
4519 1991
4518 1991
4517 1991
4516 1991
4515 1991
4514 1992
4513 1992
4512 1992
4511 1992
4510 1993
4509 1993
4508 1993
4507 1993
4506 1993
4505 1993
4504 1993
4503 1993
4502 1993
4501 1993
4500 1993
4499 1993
4498 1993
4497 1993
4496 1993
4495 1993
4494 1994
4493 1994
4492 1994
4491 1994
4490 1995
4489 1995
4488 1995
4487 1995
4486 1995
4485 1995
4484 1995
4483 1995
4482 1995
4481 1995
4480 1996
4479 1996
4478 1996
4477 1996
4476 1997
4475 1997
4474 1997
4473 1997
4472 1997
4471 1997
4470 1997
4469 1997
4468 1997
4467 1997
4466 1996
4465 1996
4464 1996
4463 1995
4462 1994
4461 1994
4460 1994
4459 1994
4458 1993
4457 1993
4456 1993
4455 1993
4454 1993
4453 1993
4452 1993
4451 1993
4450 1993
4449 1993
4448 1993
4447 1993
4446 1992
4445 1992
4444 1992
4443 1992
4442 1991
4441 1991
4440 1991
4439 1991
4438 1991
4437 1991
4436 1991
4435 1991
4434 1991
4433 1991
4432 1991
4431 1991
4430 1991
4429 1991
4428 1991
4427 1991
4426 1990
4425 1990
4424 1990
4423 1990
4422 1989
4421 1989
4420 1988
4419 1988
4418 1988
4417 1988
4416 1987
4415 1987
4414 1986
4413 1986
4412 1986
4411 1986
4410 1985
4409 1985
4408 1985
4407 1985
4406 1984
4405 1984
4404 1983
4403 1983
4402 1982
4401 1981
4400 1980
4399 1980
4398 1980
4397 1980
4396 1979
4395 1979
4394 1979
4393 1979
4392 1979
4391 1979
4390 1979
4389 1979
4388 1979
4387 1979
4386 1979
4385 1979
4384 1979
4383 1979
4382 1979
4381 1979
4380 1979
4379 1979
4378 1978
4377 1978
4376 1978
4375 1978
4374 1977
4373 1977
4372 1976
4371 1976
4370 1975
4369 1975
4368 1974
4367 1973
4366 1972
4365 1972
4364 1972
4363 1971
4362 1970
4361 1970
4360 1970
4359 1969
4358 1968
4357 1968
4356 1968
4355 1967
4354 1966
4353 1966
4352 1966
4351 1966
4350 1965
4349 1965
4348 1965
4347 1965
4346 1965
4345 1965
4344 1964
4343 1964
4342 1964
4341 1964
4340 1963
4339 1963
4338 1962
4337 1962
4336 1962
4335 1962
4334 1961
4333 1961
4332 1961
4331 1961
4330 1961
4329 1961
4328 1961
4327 1961
4326 1960
4325 1960
4324 1960
4323 1960
4322 1959
4321 1959
4320 1959
4319 1959
4318 1959
4317 1959
4316 1959
4315 1959
4314 1959
4313 1959
4312 1959
4311 1959
4310 1959
4309 1959
4308 1959
4307 1959
4306 1958
4305 1958
4304 1958
4303 1958
4302 1957
4301 1957
4300 1956
4299 1956
4298 1956
4297 1955
4296 1954
4295 1954
4294 1954
4293 1953
4292 1952
4291 1952
4290 1952
4289 1952
4288 1951
4287 1951
4286 1950
4285 1950
4284 1950
4283 1949
4282 1948
4281 1948
4280 1948
4279 1948
4278 1947
4277 1947
4276 1947
4275 1947
4274 1947
4273 1947
