111 1860
110 1861
109 1861
108 1861
107 1861
106 1861
105 1861
104 1861
103 1861
102 1861
101 1861
100 1861
99 1861
98 1861
97 1861
96 1862
95 1862
94 1862
93 1863
92 1863
91 1863
90 1863
89 1864
88 1864
87 1864
86 1864
85 1864
84 1864
83 1864
82 1864
81 1864
80 1864
79 1864
78 1865
77 1865
76 1865
75 1866
74 1866
73 1867
72 1868
71 1869
70 1870
69 1871
68 1871
67 1872
67 1873
67 1874
66 1875
66 1876
66 1877
66 1878
66 1879
66 1880
66 1881
66 1882
66 1883
66 1884
67 1885
68 1886
69 1887
70 1888
71 1888
72 1888
73 1888
74 1889
75 1889
76 1890
77 1891
78 1891
79 1891
80 1892
81 1892
82 1892
83 1892
84 1892
85 1892
86 1893
87 1893
88 1893
89 1893
90 1893
91 1894
92 1895
93 1895
94 1896
95 1896
96 1896
97 1896
98 1896
99 1896
100 1896
101 1896
102 1896
103 1896
104 1896
105 1896
106 1896
107 1896
108 1896
109 1896
110 1896
111 1896
112 1896
113 1896
114 1896
115 1896
116 1896
117 1896
118 1895
119 1895
120 1895
121 1895
122 1895
123 1895
124 1895
125 1895
126 1895
127 1895
128 1894
129 1894
130 1894
131 1893
132 1893
133 1892
134 1892
135 1892
136 1892
137 1892
138 1892
139 1892
140 1891
141 1890
142 1889
143 1889
143 1888
144 1887
145 1886
146 1885
146 1884
146 1883
146 1882
146 1881
146 1880
147 1879
147 1878
147 1877
147 1876
147 1875
147 1874
147 1873
146 1872
145 1871
144 1870
144 1869
143 1868
143 1867
142 1866
141 1866
140 1865
139 1864
138 1863
137 1862
136 1862
135 1861
134 1861
133 1860
132 1860
131 1860
130 1860
129 1860
128 1860
127 1860
126 1860
125 1860
124 1860
123 1860
122 1860
121 1860
120 1860
119 1860
118 1860
117 1860
116 1860
115 1860
114 1860
113 1860
112 1860
111 1860
