1421 1446
1420 1447
1419 1447
1418 1447
1417 1447
1416 1447
1415 1447
1414 1448
1413 1449
1412 1449
1411 1450
1410 1450
1409 1451
1408 1451
1407 1452
1406 1453
1405 1454
1404 1455
1403 1456
1403 1457
1402 1458
1402 1459
1402 1460
1402 1461
1402 1462
1402 1463
1402 1464
1402 1465
1402 1466
1402 1467
1402 1468
1402 1469
1402 1470
1402 1471
1402 1472
1402 1473
1403 1474
1403 1475
1403 1476
1403 1477
1403 1478
1404 1479
1404 1480
1404 1481
1405 1482
1405 1483
1405 1484
1406 1485
1406 1486
1406 1487
1406 1488
1407 1489
1407 1490
1408 1491
1408 1492
1408 1493
1409 1494
1409 1495
1409 1496
1410 1497
1410 1498
1410 1499
1410 1500
1411 1501
1411 1502
1411 1503
1411 1504
1412 1505
1412 1506
1413 1507
1413 1508
1413 1509
1414 1510
1414 1511
1414 1512
1415 1513
1415 1514
1415 1515
1416 1516
1416 1517
1416 1518
1417 1519
1417 1520
1417 1521
1418 1522
1419 1523
1420 1524
1421 1525
1422 1526
1423 1527
1424 1527
1425 1527
1426 1528
1427 1529
1428 1529
1429 1530
1430 1530
1431 1530
1432 1531
1433 1531
1434 1531
1435 1532
1436 1532
1437 1533
1438 1533
1439 1533
1440 1533
1441 1533
1442 1533
1443 1534
1444 1534
1445 1534
1446 1534
1447 1534
1448 1534
1449 1534
1450 1534
1451 1534
1452 1534
1453 1534
1454 1534
1455 1534
1456 1533
1457 1533
1458 1532
1459 1532
1460 1532
1461 1531
1462 1531
1463 1531
1464 1531
1465 1531
1466 1531
1467 1531
1468 1530
1469 1530
1470 1530
1471 1529
1472 1529
1473 1528
1474 1528
1475 1527
1476 1526
1477 1526
1478 1525
1479 1525
1480 1525
1481 1525
1482 1525
1483 1525
1484 1525
1485 1525
1486 1525
1487 1525
1488 1525
1489 1525
1490 1525
1491 1525
1492 1525
1493 1525
1494 1525
1495 1524
1496 1524
1497 1524
1498 1524
1499 1524
1500 1524
1501 1524
1502 1524
1503 1524
1504 1524
1505 1524
1506 1524
1507 1523
1508 1523
1509 1523
1510 1523
1511 1523
1512 1523
1513 1523
1514 1523
1515 1523
1516 1523
1517 1523
1518 1523
1519 1523
1520 1523
1521 1523
1522 1523
1523 1523
1524 1523
1525 1523
1526 1523
1527 1522
1528 1522
1529 1522
1530 1522
1531 1521
1532 1521
1533 1521
1534 1521
1535 1521
1536 1521
1537 1521
1538 1521
1539 1521
1540 1521
1541 1521
1542 1521
1543 1521
1544 1521
1545 1521
1546 1521
1547 1521
1548 1521
1549 1521
1550 1522
1551 1522
1552 1522
1553 1523
1554 1523
1555 1523
1556 1523
1557 1523
1558 1523
1559 1523
1560 1523
1561 1523
1562 1523
1563 1524
1564 1525
1565 1525
1566 1525
1567 1525
1568 1525
1569 1525
1570 1525
1571 1526
1572 1526
1573 1526
1574 1526
1575 1526
1576 1526
1577 1526
1578 1526
1579 1527
1580 1527
1581 1527
1582 1528
1583 1528
1584 1528
1585 1528
1586 1528
1587 1528
1588 1528
1589 1528
1590 1528
1591 1528
1592 1528
1593 1528
1594 1528
1595 1528
1596 1528
1597 1528
1598 1528
1599 1529
1600 1529
1601 1529
1602 1529
1603 1529
1604 1529
1605 1529
1606 1529
1607 1529
1608 1529
1609 1529
1610 1529
1611 1529
1612 1528
1613 1528
1614 1528
1615 1528
1616 1528
1617 1527
1618 1527
1619 1527
1620 1526
1621 1526
1622 1526
1623 1526
1624 1526
1625 1526
1626 1525
1627 1525
1628 1525
1629 1524
1630 1524
1631 1524
1632 1524
1633 1524
1634 1524
1635 1524
1636 1524
1637 1524
1638 1524
1639 1524
1640 1524
1641 1524
1642 1525
1643 1525
1644 1525
1645 1525
1646 1525
1647 1525
1648 1525
1649 1525
1650 1524
1651 1524
1652 1524
1653 1524
1654 1524
1655 1524
1656 1524
1657 1523
1658 1523
1659 1523
1660 1523
1661 1523
1662 1523
1663 1523
1664 1523
1665 1523
1666 1523
1667 1523
1668 1523
1669 1523
1670 1523
1671 1523
1672 1523
1673 1523
1674 1523
1675 1522
1676 1522
1677 1522
1678 1521
1679 1521
1680 1521
1681 1521
1682 1521
1683 1522
1684 1521
1685 1521
1686 1520
1687 1520
1688 1519
1689 1519
1690 1519
1691 1519
1692 1518
1693 1518
1694 1517
1695 1517
1696 1516
1696 1515
1696 1514
1696 1513
1695 1512
1695 1511
1695 1510
1695 1509
1695 1508
1695 1507
1695 1506
1695 1505
1695 1504
1694 1503
1694 1502
1694 1501
1694 1500
1694 1499
1694 1498
1694 1497
1694 1496
1694 1495
1694 1494
1694 1493
1694 1492
1693 1491
1692 1490
1691 1489
1690 1488
1689 1487
1688 1486
1687 1485
1686 1485
1685 1484
1684 1483
1683 1483
1682 1483
1681 1482
1680 1482
1679 1482
1678 1482
1677 1481
1676 1481
1675 1481
1674 1480
1673 1479
1672 1478
1671 1478
1670 1477
1669 1476
1668 1476
1667 1475
1666 1474
1665 1474
1664 1473
1663 1473
1662 1473
1661 1473
1660 1473
1659 1473
1658 1472
1657 1472
1656 1471
1655 1471
1654 1470
1653 1470
1652 1470
1651 1470
1650 1470
1649 1470
1648 1470
1647 1470
1646 1469
1645 1469
1644 1469
1643 1469
1642 1469
1641 1469
1640 1468
1639 1468
1638 1468
1637 1468
1636 1468
1635 1468
1634 1468
1633 1468
1632 1468
1631 1468
1630 1468
1629 1467
1628 1467
1627 1466
1626 1466
1625 1465
1624 1465
1623 1464
1622 1464
1621 1464
1620 1464
1619 1464
1618 1464
1617 1464
1616 1464
1615 1463
1614 1463
1613 1462
1612 1462
1611 1462
1610 1461
1609 1461
1608 1461
1607 1461
1606 1460
1605 1460
1604 1460
1603 1460
1602 1460
1601 1460
1600 1460
1599 1460
1598 1460
1597 1460
1596 1460
1595 1460
1594 1460
1593 1460
1592 1460
1591 1460
1590 1460
1589 1460
1588 1460
1587 1460
1586 1459
1585 1459
1584 1459
1583 1459
1582 1459
1581 1459
1580 1459
1579 1459
1578 1459
1577 1459
1576 1459
1575 1459
1574 1459
1573 1459
1572 1459
1571 1459
1570 1459
1569 1459
1568 1459
1567 1459
1566 1459
1565 1460
1564 1460
1563 1460
1562 1460
1561 1460
1560 1460
1559 1460
1558 1460
1557 1460
1556 1460
1555 1460
1554 1460
1553 1460
1552 1460
1551 1459
1550 1459
1549 1459
1548 1459
1547 1459
1546 1459
1545 1459
1544 1458
1543 1457
1542 1457
1541 1457
1540 1456
1539 1456
1538 1456
1537 1456
1536 1455
1535 1455
1534 1455
1533 1454
1532 1454
1531 1454
1530 1454
1529 1454
1528 1453
1527 1453
1526 1453
1525 1453
1524 1453
1523 1453
1522 1453
1521 1452
1520 1452
1519 1452
1518 1452
1517 1452
1516 1452
1515 1452
1514 1452
1513 1452
1512 1452
1511 1452
1510 1452
1509 1452
1508 1452
1507 1452
1506 1452
1505 1452
1504 1452
1503 1452
1502 1452
1501 1452
1500 1451
1499 1451
1498 1451
1497 1451
1496 1451
1495 1451
1494 1451
1493 1451
1492 1451
1491 1451
1490 1451
1489 1451
1488 1451
1487 1451
1486 1451
1485 1451
1484 1451
1483 1451
1482 1451
1481 1451
1480 1451
1479 1451
1478 1451
1477 1451
1476 1451
1475 1451
1474 1451
1473 1451
1472 1451
1471 1451
1470 1451
1469 1451
1468 1451
1467 1451
1466 1451
1465 1451
1464 1451
1463 1451
1462 1451
1461 1450
1460 1450
1459 1450
1458 1449
1457 1449
1456 1449
1455 1449
1454 1449
1453 1449
1452 1449
1451 1448
1450 1448
1449 1448
1448 1448
1447 1448
1446 1448
1445 1448
1444 1447
1443 1447
1442 1447
1441 1447
1440 1447
1439 1447
1438 1447
1437 1446
1436 1446
1435 1446
1434 1446
1433 1446
1432 1446
1431 1446
1430 1446
1429 1446
1428 1446
1427 1446
1426 1446
1425 1446
1424 1446
1423 1446
1422 1446
1421 1446
