534 648
533 649
532 649
531 649
530 650
529 650
528 650
527 650
526 650
525 650
524 651
523 651
522 651
521 652
520 653
519 653
518 654
517 654
516 655
515 656
514 656
513 656
512 657
511 657
510 658
509 658
508 659
507 659
506 659
505 660
504 660
503 660
502 661
501 661
500 662
499 662
498 663
497 664
496 664
495 664
494 665
493 665
492 666
491 666
490 667
489 667
488 667
487 668
486 669
485 669
484 670
483 670
482 671
481 672
480 673
479 674
478 674
477 675
476 676
475 677
474 677
473 678
472 679
471 679
470 680
469 681
468 682
467 683
466 684
465 685
464 686
464 687
463 688
463 689
462 690
462 691
463 692
463 693
464 694
464 695
465 695
466 696
467 696
468 696
469 696
470 696
471 696
472 696
473 696
474 696
475 696
476 696
477 696
478 695
479 695
480 695
481 694
482 694
483 694
484 694
485 694
486 694
487 695
488 695
489 696
490 697
491 698
492 698
493 698
494 698
495 699
496 700
497 700
498 701
499 702
500 702
501 702
502 703
503 703
504 703
505 703
506 704
507 704
508 704
509 705
510 705
511 705
512 706
513 706
514 707
515 707
516 708
517 709
518 709
519 709
520 710
521 711
522 712
523 712
524 713
525 714
526 715
527 716
528 717
529 718
530 718
531 719
532 720
533 720
534 721
535 721
536 721
537 722
538 722
539 722
540 723
541 723
542 724
543 724
544 725
545 725
546 725
547 726
548 726
549 726
550 727
551 727
552 728
553 728
554 729
555 729
556 729
557 730
558 730
559 730
560 731
561 731
562 731
563 732
564 732
565 733
566 733
567 733
568 734
569 734
570 735
571 735
572 735
573 735
574 736
575 736
576 736
577 737
578 737
579 737
580 738
581 738
582 738
583 739
584 739
585 740
586 740
587 740
588 740
589 740
590 740
591 740
592 740
593 740
594 740
595 739
596 738
597 737
598 736
599 735
600 734
601 734
602 733
603 733
604 733
605 733
606 733
607 733
608 733
609 733
610 732
611 732
612 732
613 732
614 732
615 732
616 731
617 731
618 731
619 730
620 730
621 730
622 729
623 729
624 728
625 728
626 727
627 726
628 725
628 724
629 723
629 722
629 721
629 720
629 719
630 718
630 717
630 716
630 715
630 714
630 713
631 712
631 711
632 710
632 709
632 708
632 707
632 706
632 705
632 704
632 703
632 702
632 701
632 700
632 699
632 698
632 697
632 696
632 695
632 694
632 693
632 692
632 691
632 690
632 689
632 688
632 687
632 686
632 685
632 684
632 683
632 682
632 681
632 680
632 679
632 678
632 677
631 676
630 675
630 674
629 673
629 672
629 671
629 670
629 669
628 668
627 667
627 666
626 665
626 664
626 663
625 662
624 661
623 660
622 660
621 659
620 658
619 657
618 656
617 655
616 655
615 655
614 654
613 654
612 654
611 654
610 654
609 654
608 653
607 653
606 653
605 653
604 652
603 652
602 652
601 652
600 652
599 652
598 652
597 653
596 653
595 654
594 654
593 654
592 654
591 654
590 654
589 654
588 654
587 654
586 654
585 654
584 654
583 654
582 654
581 654
580 653
579 653
578 653
577 653
576 653
575 653
574 653
573 653
572 653
571 653
570 653
569 653
568 653
567 653
566 653
565 653
564 653
563 653
562 653
561 652
560 652
559 652
558 652
557 651
556 651
555 651
554 651
553 651
552 651
551 650
550 650
549 650
548 650
547 649
546 650
545 650
544 650
543 650
542 650
541 649
540 649
539 649
538 648
537 648
536 648
535 648
534 648
