877 1495
876 1496
875 1497
874 1498
873 1499
872 1500
872 1501
871 1502
871 1503
872 1504
872 1505
872 1506
873 1507
874 1508
875 1509
876 1510
876 1511
877 1512
877 1513
878 1514
878 1515
878 1516
878 1517
878 1518
878 1519
878 1520
879 1521
880 1522
881 1522
882 1523
883 1524
884 1525
885 1526
886 1527
887 1528
888 1528
889 1529
890 1529
891 1530
892 1530
893 1531
894 1531
895 1532
896 1532
897 1533
898 1533
899 1533
900 1534
901 1535
902 1535
903 1535
904 1535
905 1535
906 1536
907 1536
908 1536
909 1536
910 1536
911 1536
912 1536
913 1536
914 1536
915 1536
916 1536
917 1537
918 1537
919 1537
920 1538
921 1538
922 1538
923 1538
924 1538
925 1538
926 1538
927 1537
928 1537
929 1537
930 1536
931 1536
932 1536
933 1536
934 1536
935 1536
936 1535
937 1534
938 1534
939 1533
940 1532
941 1531
941 1530
941 1529
941 1528
941 1527
942 1526
942 1525
943 1524
944 1523
943 1522
943 1521
943 1520
942 1519
942 1518
942 1517
942 1516
942 1515
942 1514
942 1513
942 1512
941 1511
941 1510
940 1509
939 1508
938 1507
937 1506
936 1506
935 1505
934 1504
933 1503
932 1503
931 1503
930 1503
929 1503
928 1502
927 1502
926 1501
925 1501
924 1500
923 1500
922 1499
921 1499
920 1499
919 1499
918 1499
917 1499
916 1499
915 1499
914 1498
913 1498
912 1498
911 1498
910 1497
909 1497
908 1497
907 1497
906 1497
905 1498
904 1498
903 1498
902 1498
901 1498
900 1498
899 1498
898 1498
897 1498
896 1498
895 1498
894 1498
893 1498
892 1498
891 1498
890 1498
889 1498
888 1497
887 1497
886 1497
885 1496
884 1496
883 1496
882 1496
881 1496
880 1496
879 1496
878 1495
877 1495
