223 551
222 552
221 552
220 552
219 553
218 553
217 553
216 553
215 554
214 555
213 556
212 557
211 558
210 559
209 560
208 561
207 562
206 563
205 564
204 565
203 566
202 567
201 568
200 569
199 570
198 571
197 572
196 573
195 573
194 574
193 575
193 576
192 577
192 578
191 579
191 580
191 581
191 582
191 583
192 584
192 585
193 586
193 587
194 588
195 589
195 590
196 591
196 592
197 593
198 594
199 595
200 596
201 597
202 597
203 598
204 599
205 600
206 601
207 602
208 603
209 604
210 605
211 605
212 606
213 606
214 606
215 606
216 606
217 606
218 607
219 607
220 607
221 607
222 608
223 608
224 608
225 609
226 609
227 610
228 610
229 610
230 610
231 610
232 611
233 611
234 612
235 612
236 613
237 614
238 615
239 616
240 616
241 616
242 616
243 616
244 617
245 617
246 617
247 617
248 617
249 617
250 617
251 617
252 618
253 618
254 618
255 619
256 619
257 620
258 620
259 620
260 621
261 621
262 621
263 621
264 621
265 622
266 622
267 622
268 622
269 622
270 622
271 622
272 622
273 622
274 622
275 622
276 622
277 622
278 622
279 622
280 622
281 621
282 621
283 621
284 621
285 621
286 621
287 621
288 621
289 621
290 621
291 621
292 622
293 622
294 622
295 623
296 623
297 624
298 624
299 624
300 624
301 624
302 624
303 624
304 624
305 625
306 625
307 625
308 625
309 625
310 625
311 625
312 625
313 625
314 625
315 625
316 624
317 624
318 624
319 624
320 624
321 624
322 623
323 623
324 622
325 621
326 620
327 620
328 620
329 620
330 620
331 619
332 619
333 618
334 617
335 617
336 616
337 615
338 614
339 614
339 613
340 612
341 611
341 610
342 609
343 608
343 607
343 606
343 605
343 604
343 603
343 602
343 601
344 600
344 599
344 598
344 597
344 596
344 595
344 594
344 593
344 592
344 591
344 590
344 589
344 588
344 587
344 586
344 585
344 584
344 583
344 582
344 581
344 580
344 579
344 578
344 577
344 576
344 575
344 574
344 573
344 572
344 571
344 570
344 569
343 568
342 567
341 566
340 565
339 564
339 563
338 563
337 562
337 561
336 560
335 559
335 558
334 557
333 557
332 556
331 556
330 556
329 556
328 556
327 555
326 555
325 554
324 554
323 554
322 554
321 554
320 554
319 554
318 553
317 553
316 553
315 553
314 553
313 553
312 553
311 552
310 552
309 552
308 551
307 551
306 551
305 551
304 551
303 551
302 551
301 551
300 551
299 551
298 551
297 551
296 551
295 551
294 551
293 551
292 551
291 551
290 551
289 551
288 551
287 551
286 551
285 551
284 551
283 551
282 551
281 551
280 551
279 551
278 552
277 552
276 552
275 553
274 553
273 553
272 553
271 553
270 554
269 554
268 554
267 554
266 554
265 554
264 554
263 554
262 554
261 554
260 554
259 554
258 554
257 554
256 554
255 554
254 554
253 554
252 554
251 554
250 554
249 554
248 554
247 554
246 554
245 553
244 553
243 553
242 553
241 553
240 553
239 553
238 553
237 553
236 553
235 553
234 553
233 553
232 553
231 553
230 552
229 552
228 552
227 551
226 551
225 551
224 551
223 551
