419 922
418 923
417 923
416 924
415 925
414 925
413 925
412 925
411 925
410 926
410 927
410 928
410 929
410 930
410 931
411 932
411 933
412 933
413 934
414 934
415 935
416 936
417 936
418 937
419 937
420 937
421 938
422 938
423 939
424 939
425 940
426 940
427 940
428 940
429 941
430 941
431 941
432 941
433 942
434 942
435 942
436 942
437 942
438 942
439 942
440 942
441 942
442 942
443 942
444 942
445 943
446 943
447 943
448 943
449 943
450 943
451 943
452 943
453 942
454 942
455 942
456 941
457 941
458 941
459 940
460 939
460 938
460 937
460 936
460 935
459 934
459 933
458 932
458 931
457 930
456 930
455 929
454 928
453 928
452 928
451 928
450 928
449 928
448 928
447 927
446 927
445 927
444 927
443 927
442 926
441 926
440 926
439 925
438 925
437 924
436 924
435 924
434 924
433 923
432 923
431 923
430 923
429 922
428 923
427 923
426 923
425 923
424 922
423 922
422 922
421 923
420 922
419 922
