829 1513
828 1514
827 1515
826 1516
825 1516
824 1517
823 1518
822 1519
821 1519
820 1520
819 1520
818 1520
817 1520
816 1520
815 1520
814 1521
813 1521
812 1521
811 1522
810 1522
809 1522
808 1522
807 1523
806 1523
805 1523
804 1524
803 1525
802 1526
802 1527
801 1528
801 1529
800 1530
800 1531
799 1532
798 1533
797 1534
797 1535
797 1536
797 1537
796 1538
796 1539
795 1540
795 1541
795 1542
794 1543
794 1544
794 1545
793 1546
793 1547
793 1548
793 1549
793 1550
793 1551
793 1552
793 1553
793 1554
793 1555
793 1556
793 1557
793 1558
793 1559
793 1560
792 1561
792 1562
792 1563
792 1564
793 1565
793 1566
794 1567
794 1568
794 1569
795 1570
795 1571
795 1572
795 1573
795 1574
795 1575
795 1576
795 1577
795 1578
795 1579
795 1580
795 1581
796 1582
796 1583
796 1584
796 1585
796 1586
797 1587
797 1588
798 1589
799 1590
800 1590
801 1590
802 1591
803 1591
804 1592
805 1593
806 1594
807 1594
808 1595
809 1596
810 1596
811 1596
812 1596
813 1596
814 1597
815 1597
816 1597
817 1597
818 1597
819 1597
820 1598
821 1598
822 1598
823 1598
824 1598
825 1597
826 1597
827 1598
828 1598
829 1598
830 1599
831 1599
832 1599
833 1600
834 1600
835 1600
836 1600
837 1600
838 1600
839 1600
840 1600
841 1600
842 1600
843 1600
844 1600
845 1600
846 1600
847 1600
848 1600
849 1600
850 1600
851 1600
852 1600
853 1600
854 1600
855 1600
856 1600
857 1600
858 1600
859 1601
860 1601
861 1601
862 1601
863 1601
864 1601
865 1600
866 1600
867 1599
868 1598
869 1597
870 1597
871 1596
872 1595
873 1594
874 1594
875 1593
875 1592
876 1591
877 1590
878 1589
879 1589
880 1588
881 1587
882 1586
883 1586
884 1585
885 1584
886 1584
887 1583
888 1583
889 1583
890 1582
891 1582
892 1582
893 1582
894 1582
895 1582
896 1582
897 1582
898 1582
899 1582
900 1582
901 1582
902 1582
903 1582
904 1582
905 1583
906 1583
907 1584
908 1584
909 1584
910 1585
911 1585
912 1585
913 1586
914 1586
915 1585
916 1585
917 1584
918 1583
918 1582
919 1581
920 1580
921 1579
922 1578
923 1577
924 1576
925 1575
926 1574
927 1574
928 1573
929 1572
930 1572
931 1571
932 1570
933 1569
933 1568
934 1567
934 1566
934 1565
934 1564
934 1563
935 1562
935 1561
935 1560
935 1559
935 1558
935 1557
935 1556
935 1555
935 1554
935 1553
934 1552
934 1551
933 1550
932 1549
931 1548
930 1548
929 1547
928 1547
927 1546
926 1545
925 1545
924 1544
923 1543
922 1542
921 1542
920 1541
919 1540
918 1539
917 1538
916 1537
915 1537
914 1536
913 1536
912 1535
911 1535
910 1534
909 1533
908 1532
907 1532
906 1531
905 1530
904 1529
903 1529
902 1529
901 1529
900 1529
899 1529
898 1529
897 1528
896 1528
895 1528
894 1527
893 1527
892 1527
891 1527
890 1527
889 1527
888 1527
887 1527
886 1527
885 1527
884 1526
883 1526
882 1525
881 1524
880 1524
879 1524
878 1524
877 1524
876 1524
875 1523
874 1523
873 1523
872 1522
871 1522
870 1522
869 1523
868 1523
867 1523
866 1523
865 1524
864 1524
863 1524
862 1524
861 1524
860 1524
859 1524
858 1524
857 1523
856 1523
855 1523
854 1522
853 1522
852 1522
851 1521
850 1521
849 1520
848 1520
847 1520
846 1520
845 1520
844 1520
843 1520
842 1520
841 1520
840 1520
839 1519
838 1519
837 1518
836 1517
835 1516
834 1515
833 1514
832 1513
831 1513
830 1513
829 1513
