1268 494
1267 495
1266 495
1265 495
1264 496
1263 496
1262 496
1261 496
1260 496
1259 496
1258 496
1257 496
1256 496
1255 496
1254 496
1253 496
1252 496
1251 496
1250 496
1249 496
1248 496
1247 496
1246 497
1245 498
1244 499
1243 499
1242 499
1241 499
1240 499
1239 500
1238 500
1237 500
1236 501
1235 501
1234 501
1233 502
1232 502
1231 503
1230 504
1229 505
1228 506
1228 507
1227 508
1227 509
1227 510
1227 511
1227 512
1227 513
1227 514
1226 515
1226 516
1226 517
1226 518
1226 519
1226 520
1226 521
1226 522
1226 523
1226 524
1226 525
1226 526
1227 527
1227 528
1228 529
1229 530
1230 531
1231 532
1231 533
1231 534
1232 535
1233 536
1234 537
1234 538
1235 539
1235 540
1236 541
1237 542
1237 543
1238 544
1239 545
1240 546
1241 547
1242 548
1242 549
1243 550
1243 551
1243 552
1244 553
1245 554
1245 555
1246 556
1246 557
1246 558
1247 558
1248 558
1249 558
1250 559
1251 559
1252 560
1253 560
1254 561
1255 562
1256 563
1256 564
1256 565
1256 566
1256 567
1256 568
1256 569
1257 570
1258 571
1259 572
1260 573
1261 574
1262 575
1263 576
1264 577
1265 577
1266 577
1267 578
1268 578
1269 579
1270 579
1271 580
1272 581
1273 581
1274 581
1275 582
1276 582
1277 582
1278 581
1279 581
1280 581
1281 580
1282 580
1283 580
1284 580
1285 580
1286 580
1287 580
1288 579
1289 579
1290 579
1291 578
1292 578
1293 578
1294 577
1295 577
1296 576
1297 575
1298 574
1299 574
1300 573
1301 573
1302 573
1303 573
1304 574
1305 574
1306 574
1307 575
1308 575
1309 575
1310 575
1311 575
1312 575
1313 575
1314 574
1315 574
1316 574
1317 574
1318 574
1319 574
1320 574
1321 574
1322 574
1323 574
1324 574
1325 574
1326 574
1327 574
1328 574
1329 574
1330 574
1331 574
1332 574
1333 574
1334 575
1334 576
1334 577
1335 578
1335 579
1336 580
1337 581
1338 581
1339 582
1340 582
1341 582
1342 581
1343 581
1344 580
1345 580
1346 579
1347 579
1348 579
1349 580
1350 580
1351 580
1352 580
1353 580
1354 581
1355 581
1356 581
1357 582
1358 582
1359 582
1360 582
1361 582
1362 582
1363 582
1364 582
1365 581
1366 581
1367 581
1368 580
1369 580
1370 580
1371 580
1372 579
1373 579
1374 579
1375 579
1376 579
1377 579
1378 579
1379 579
1380 579
1381 578
1382 577
1383 576
1384 576
1385 575
1386 575
1387 575
1388 575
1389 575
1390 575
1391 575
1392 574
1393 574
1394 574
1395 574
1396 573
1397 572
1398 571
1399 570
1400 569
1401 568
1402 567
1403 566
1404 566
1405 565
1406 565
1407 564
1408 564
1409 563
1410 563
1411 562
1412 561
1413 560
1414 559
1415 558
1416 557
1417 556
1418 556
1419 555
1420 555
1421 554
1422 554
1423 553
1424 552
1424 551
1425 550
1425 549
1425 548
1426 547
1427 546
1427 545
1427 544
1427 543
1427 542
1427 541
1427 540
1427 539
1427 538
1427 537
1428 536
1428 535
1428 534
1428 533
1428 532
1429 531
1429 530
1429 529
1430 528
1430 527
1430 526
1430 525
1430 524
1430 523
1430 522
1430 521
1430 520
1430 519
1430 518
1430 517
1431 516
1431 515
1431 514
1431 513
1430 512
1430 511
1430 510
1429 509
1429 508
1429 507
1428 506
1428 505
1428 504
1428 503
1429 502
1428 501
1427 501
1426 501
1425 501
1424 501
1423 501
1422 501
1421 501
1420 501
1419 501
1418 501
1417 500
1416 500
1415 500
1414 499
1413 499
1412 499
1411 499
1410 498
1409 498
1408 498
1407 498
1406 498
1405 498
1404 498
1403 497
1402 497
1401 497
1400 497
1399 497
1398 497
1397 497
1396 497
1395 497
1394 497
1393 496
1392 496
1391 496
1390 496
1389 496
1388 496
1387 496
1386 496
1385 496
1384 496
1383 496
1382 496
1381 496
1380 496
1379 496
1378 496
1377 496
1376 496
1375 496
1374 496
1373 496
1372 496
1371 496
1370 496
1369 496
1368 496
1367 496
1366 496
1365 496
1364 496
1363 496
1362 496
1361 497
1360 497
1359 497
1358 497
1357 497
1356 497
1355 497
1354 497
1353 497
1352 497
1351 497
1350 497
1349 497
1348 497
1347 497
1346 497
1345 496
1344 496
1343 496
1342 496
1341 496
1340 496
1339 496
1338 496
1337 496
1336 496
1335 496
1334 496
1333 496
1332 496
1331 496
1330 496
1329 496
1328 496
1327 496
1326 495
1325 495
1324 495
1323 495
1322 494
1321 495
1320 495
1319 495
1318 495
1317 495
1316 495
1315 495
1314 495
1313 495
1312 495
1311 495
1310 495
1309 495
1308 495
1307 495
1306 495
1305 495
1304 495
1303 495
1302 495
1301 495
1300 495
1299 495
1298 495
1297 495
1296 495
1295 495
1294 495
1293 495
1292 496
1291 496
1290 496
1289 496
1288 496
1287 496
1286 496
1285 496
1284 496
1283 496
1282 496
1281 496
1280 495
1279 495
1278 495
1277 495
1276 495
1275 495
1274 495
1273 495
1272 495
1271 495
1270 495
1269 495
1268 494
