788 669
787 670
786 670
785 670
784 670
783 670
782 671
781 672
780 673
779 674
778 674
777 674
776 675
775 675
774 675
773 676
772 676
771 676
770 677
769 678
768 678
767 678
766 679
765 679
764 679
763 679
762 679
761 679
760 678
759 678
758 678
757 678
756 678
755 678
754 678
753 678
752 678
751 678
750 679
749 679
748 680
747 680
746 681
745 682
744 683
743 684
742 684
741 684
740 685
739 686
738 686
737 687
736 687
735 688
734 689
733 689
732 690
731 691
730 692
729 693
728 694
727 695
726 696
725 697
724 698
723 699
722 700
722 701
722 702
722 703
723 704
723 705
724 706
725 707
725 708
726 709
726 710
727 711
728 712
729 713
730 713
731 714
732 714
733 715
734 716
735 717
736 718
737 719
738 720
739 721
740 722
741 723
742 724
743 725
744 726
745 727
746 727
747 728
748 728
749 729
750 729
751 729
752 730
753 730
754 731
755 731
756 732
757 732
758 733
759 734
760 734
761 735
762 735
763 735
764 736
765 736
766 736
767 737
768 737
769 737
770 737
771 737
772 737
773 738
774 738
775 738
776 738
777 738
778 738
779 738
780 738
781 738
782 738
783 738
784 738
785 737
786 737
787 737
788 737
789 737
790 737
791 737
792 737
793 737
794 737
795 737
796 737
797 737
798 736
799 736
800 736
801 735
802 734
803 734
804 733
805 732
806 732
807 731
808 731
809 730
810 729
811 728
812 727
812 726
813 725
813 724
814 723
814 722
815 721
815 720
816 719
817 718
817 717
818 716
819 715
820 714
821 713
822 712
822 711
823 710
823 709
823 708
823 707
823 706
823 705
823 704
824 703
824 702
824 701
825 700
825 699
825 698
825 697
824 696
824 695
823 694
822 693
821 692
820 691
819 690
819 689
818 688
817 687
817 686
816 685
815 684
814 683
813 682
812 681
811 681
810 680
809 680
808 679
807 679
806 678
805 678
804 678
803 677
802 677
801 676
800 676
799 675
798 674
797 673
796 673
795 672
794 672
793 671
792 671
791 670
790 670
789 670
788 669
