1248 114
1247 115
1246 115
1245 115
1244 115
1243 115
1242 115
1241 115
1240 115
1239 115
1238 115
1237 115
1236 115
1235 116
1234 116
1233 117
1232 117
1231 118
1230 118
1229 118
1228 118
1227 118
1226 118
1225 118
1224 119
1223 119
1222 120
1221 120
1220 121
1219 121
1218 121
1217 121
1216 121
1215 122
1214 122
1213 122
1212 123
1211 123
1210 124
1209 125
1208 126
1207 126
1206 126
1205 127
1204 127
1203 128
1202 129
1201 130
1200 131
1199 132
1198 132
1197 133
1196 134
1195 135
1195 136
1194 137
1193 138
1192 139
1191 140
1190 140
1189 140
1188 140
1187 140
1186 140
1185 140
1184 141
1183 141
1182 141
1181 141
1180 141
1179 141
1178 141
1177 141
1176 141
1175 141
1174 140
1173 140
1172 139
1171 139
1170 139
1169 139
1168 139
1167 140
1166 141
1165 142
1164 143
1163 144
1163 145
1162 146
1162 147
1162 148
1162 149
1161 150
1161 151
1161 152
1161 153
1161 154
1161 155
1162 156
1162 157
1162 158
1163 159
1164 160
1164 161
1165 162
1166 163
1167 164
1168 164
1169 165
1170 165
1171 166
1172 166
1173 167
1174 167
1175 167
1176 168
1177 168
1178 168
1179 169
1180 169
1181 169
1182 169
1183 170
1184 170
1185 170
1186 171
1187 171
1188 172
1189 172
1190 172
1191 173
1192 173
1193 174
1194 174
1195 175
1196 175
1197 175
1198 175
1199 176
1200 176
1201 176
1202 176
1203 176
1204 176
1205 176
1206 176
1207 176
1208 175
1209 175
1210 175
1211 175
1212 175
1213 175
1214 175
1215 175
1216 175
1217 175
1218 175
1219 175
1220 175
1221 175
1222 175
1223 175
1224 175
1225 175
1226 175
1227 175
1228 176
1229 176
1230 177
1231 177
1232 177
1233 178
1234 178
1235 179
1236 179
1237 179
1238 179
1239 179
1240 179
1241 179
1242 180
1243 181
1244 181
1245 182
1246 183
1247 183
1248 183
1249 184
1250 184
1251 184
1252 183
1253 183
1254 183
1255 182
1256 182
1257 182
1258 181
1259 180
1260 180
1260 179
1261 178
1262 177
1262 176
1263 175
1264 174
1265 173
1266 172
1267 171
1268 170
1268 169
1269 168
1269 167
1270 166
1270 165
1271 164
1272 163
1272 162
1272 161
1273 160
1273 159
1274 158
1274 157
1275 156
1275 155
1276 154
1277 153
1277 152
1277 151
1277 150
1278 149
1278 148
1278 147
1279 146
1279 145
1280 144
1280 143
1279 142
1278 141
1277 140
1277 139
1276 138
1276 137
1275 136
1275 135
1274 134
1274 133
1273 132
1272 131
1271 130
1270 129
1269 128
1268 127
1267 126
1267 125
1266 124
1265 123
1264 122
1263 121
1262 120
1261 119
1260 118
1259 117
1258 116
1257 115
1256 114
1255 114
1254 114
1253 114
1252 114
1251 114
1250 114
1249 114
1248 114
