214 74
213 75
212 75
211 76
210 76
209 77
208 77
207 77
206 78
205 79
204 80
203 81
202 82
201 83
201 84
201 85
201 86
201 87
200 88
200 89
199 90
198 91
197 91
198 92
198 93
198 94
198 95
197 96
197 97
196 98
196 99
196 100
195 101
194 102
194 103
194 104
193 105
193 106
193 107
192 108
191 109
191 110
190 111
190 112
189 113
189 114
188 115
188 116
188 117
187 118
187 119
187 120
187 121
187 122
187 123
186 124
186 125
186 126
186 127
186 128
186 129
185 130
185 131
185 132
184 133
184 134
184 135
183 136
183 137
183 138
183 139
183 140
183 141
182 142
182 143
182 144
181 145
181 146
181 147
181 148
180 149
180 150
180 151
179 152
179 153
179 154
178 155
178 156
178 157
177 158
177 159
177 160
177 161
177 162
177 163
177 164
177 165
177 166
177 167
177 168
177 169
177 170
177 171
178 172
178 173
178 174
178 175
179 176
179 177
179 178
180 179
180 180
180 181
180 182
181 183
181 184
181 185
181 186
181 187
181 188
181 189
182 190
182 191
183 192
183 193
183 194
184 195
184 196
185 197
185 198
186 199
186 200
186 201
186 202
187 203
187 204
188 205
188 206
188 207
189 208
189 209
190 210
191 211
191 212
192 213
193 214
194 215
195 216
196 217
197 218
198 218
199 218
200 218
201 218
202 218
203 219
204 219
205 220
206 220
207 221
208 221
209 221
210 222
211 223
212 223
213 224
214 225
215 226
216 227
217 228
218 228
219 229
220 230
221 231
222 232
223 233
224 233
225 234
226 235
227 236
228 237
229 238
230 239
231 240
231 241
232 242
233 243
234 244
235 245
236 246
237 247
238 248
239 249
240 250
240 251
240 252
241 253
241 254
241 255
242 256
242 257
242 258
242 259
242 260
242 261
242 262
242 263
242 264
242 265
242 266
242 267
242 268
242 269
242 270
242 271
243 272
243 273
243 274
243 275
243 276
243 277
244 278
245 279
245 280
246 281
247 281
248 281
249 281
250 281
251 280
252 280
253 279
254 278
255 277
256 276
257 275
258 274
259 273
260 272
261 272
262 271
263 270
264 270
265 269
266 268
267 268
268 268
269 268
270 268
271 268
272 267
273 267
274 267
275 267
276 267
277 266
278 266
279 266
280 265
281 265
282 264
283 264
284 264
285 264
286 264
287 264
288 264
289 264
290 264
291 264
292 263
293 262
294 261
295 261
296 260
297 260
298 259
299 258
300 258
301 257
302 257
303 257
304 257
305 256
306 256
307 255
308 255
309 254
310 254
311 253
312 252
313 252
314 252
315 251
316 251
317 250
318 250
319 249
320 248
321 247
322 246
323 245
324 244
325 243
326 242
327 241
328 240
329 240
330 239
331 239
332 239
333 239
334 239
335 238
336 238
337 238
338 238
339 238
340 237
341 237
342 237
343 237
344 237
345 236
346 236
347 235
348 235
349 234
350 234
351 234
352 233
353 232
354 232
355 232
356 232
357 232
358 232
359 232
360 232
361 232
362 233
363 233
364 233
365 233
366 233
367 233
368 233
369 233
370 233
371 233
372 233
373 233
374 233
375 233
376 232
377 231
378 231
379 230
380 230
381 229
382 228
383 228
384 227
385 227
386 226
387 226
388 225
389 225
390 224
391 224
392 223
393 223
394 222
395 222
396 221
397 220
398 219
399 218
399 217
399 216
399 215
399 214
400 213
400 212
401 211
402 210
403 209
404 208
404 207
404 206
404 205
404 204
404 203
404 202
404 201
404 200
404 199
404 198
404 197
404 196
404 195
404 194
404 193
404 192
404 191
404 190
403 189
403 188
402 187
402 186
402 185
401 184
400 183
400 182
399 181
399 180
399 179
399 178
399 177
398 176
398 175
398 174
398 173
397 172
397 171
397 170
396 169
396 168
395 167
394 166
394 165
393 164
393 163
393 162
393 161
393 160
393 159
393 158
392 157
392 156
392 155
391 154
391 153
390 152
389 151
388 150
387 149
386 148
386 147
385 146
384 145
384 144
383 143
382 142
381 141
381 140
380 139
380 138
379 137
379 136
378 135
378 134
377 133
377 132
376 131
376 130
375 130
374 129
373 129
372 128
371 128
370 127
369 127
368 127
367 126
366 126
365 125
364 124
363 124
362 123
361 122
360 122
359 121
358 121
357 120
356 119
355 119
354 119
353 118
352 118
351 117
350 116
349 116
348 116
347 116
346 115
345 114
344 113
343 113
342 112
341 111
340 111
339 110
339 109
338 109
337 108
336 108
335 107
334 107
333 106
332 106
331 105
330 105
329 104
328 103
327 102
326 102
325 102
324 101
323 101
322 101
321 101
320 100
319 100
318 99
317 98
316 98
315 98
314 97
313 97
312 97
311 96
310 96
309 96
308 95
307 95
306 95
305 95
304 95
303 95
302 95
301 94
300 94
299 94
298 94
297 94
296 94
295 94
294 94
293 93
292 93
291 93
290 92
289 92
288 91
287 91
286 91
285 90
284 90
283 89
282 89
281 88
280 88
279 88
278 88
277 88
276 87
275 87
274 86
273 86
272 85
271 85
270 85
269 84
268 84
267 83
266 83
265 83
264 82
263 82
262 82
261 82
260 82
259 82
258 82
257 81
256 81
255 81
254 80
253 80
252 80
251 80
250 80
249 80
248 80
247 79
246 78
245 78
244 78
243 78
242 78
241 78
240 77
239 77
238 76
237 76
236 76
235 75
234 75
233 75
232 75
231 75
230 75
229 75
228 75
227 74
226 74
225 74
224 74
223 74
222 74
221 74
220 74
219 74
218 74
217 74
216 74
215 74
214 74
