234 1137
233 1138
232 1138
231 1138
230 1138
229 1138
228 1138
227 1138
226 1139
225 1139
224 1139
223 1140
222 1141
221 1141
220 1142
219 1142
218 1143
217 1143
216 1144
215 1144
214 1145
213 1145
212 1145
211 1146
210 1146
209 1146
208 1146
207 1146
206 1146
205 1146
204 1146
203 1146
202 1146
201 1146
200 1147
199 1147
198 1148
197 1148
196 1148
195 1148
194 1148
193 1149
192 1150
191 1151
190 1152
190 1153
190 1154
189 1155
189 1156
189 1157
189 1158
190 1159
190 1160
190 1161
191 1162
192 1163
193 1164
194 1165
195 1166
196 1167
197 1168
198 1169
199 1169
200 1170
201 1170
202 1170
203 1171
204 1171
205 1171
206 1171
207 1171
208 1171
209 1171
210 1171
211 1171
212 1171
213 1171
214 1172
215 1173
216 1173
217 1173
218 1173
219 1173
220 1173
221 1173
222 1173
223 1173
224 1173
225 1173
226 1173
227 1173
228 1173
229 1173
230 1173
231 1173
232 1173
233 1173
234 1173
235 1173
236 1172
237 1171
238 1171
239 1171
240 1171
241 1171
242 1171
243 1171
244 1171
245 1171
246 1171
247 1171
248 1171
249 1170
250 1170
251 1169
252 1168
252 1167
253 1166
253 1165
254 1164
254 1163
255 1162
255 1161
255 1160
255 1159
255 1158
255 1157
255 1156
255 1155
254 1154
254 1153
253 1152
253 1151
253 1150
253 1149
253 1148
252 1147
252 1146
251 1145
250 1145
249 1144
248 1143
247 1143
246 1142
245 1141
244 1141
243 1140
242 1139
241 1139
240 1138
239 1137
238 1137
237 1137
236 1137
235 1137
234 1137
