116 712
115 713
114 713
113 713
112 713
111 713
110 713
109 713
108 714
107 714
106 714
105 714
104 714
103 715
102 715
101 715
100 715
99 716
98 716
97 716
96 717
95 717
94 717
93 718
92 718
91 719
90 719
89 719
88 720
87 720
86 721
85 722
85 723
85 724
85 725
86 726
87 727
88 728
89 729
89 730
90 731
90 732
91 733
92 734
92 735
93 736
94 737
95 738
96 739
97 739
98 740
99 740
100 740
101 741
102 741
103 741
104 741
105 742
106 742
107 742
108 742
109 742
110 743
111 743
112 743
113 743
114 743
115 744
116 744
117 744
118 745
119 745
120 745
121 745
122 745
123 745
124 745
125 745
126 745
127 746
128 746
129 746
130 746
131 746
132 746
133 746
134 746
135 746
136 745
137 745
138 745
139 744
140 744
141 743
142 743
143 742
144 742
145 741
146 741
147 740
148 739
148 738
149 737
149 736
149 735
149 734
149 733
149 732
150 731
150 730
150 729
150 728
150 727
150 726
150 725
149 724
148 723
147 722
146 721
145 720
144 719
143 718
142 717
141 717
140 717
139 717
138 716
137 716
136 715
135 715
134 714
133 713
132 712
131 712
130 712
129 712
128 712
127 712
126 712
125 712
124 712
123 712
122 712
121 712
120 712
119 712
118 712
117 712
116 712
