904 2245
903 2246
902 2246
901 2246
900 2247
899 2247
898 2247
897 2248
896 2248
895 2248
894 2248
893 2248
892 2248
891 2248
890 2248
889 2248
888 2248
887 2248
886 2248
885 2248
884 2248
883 2248
882 2248
881 2248
880 2248
879 2248
878 2248
877 2248
876 2248
875 2248
874 2248
873 2248
872 2248
871 2248
870 2248
869 2248
868 2248
867 2248
866 2248
865 2248
864 2248
863 2249
862 2249
861 2249
860 2249
859 2249
858 2249
857 2250
856 2250
855 2250
854 2251
853 2251
852 2252
851 2252
850 2253
849 2253
848 2254
847 2254
846 2255
845 2256
844 2256
843 2257
842 2257
841 2258
840 2258
839 2259
838 2260
837 2260
836 2261
835 2262
834 2263
833 2264
832 2265
832 2266
831 2267
830 2268
829 2269
828 2270
828 2271
827 2272
827 2273
827 2274
827 2275
827 2276
827 2277
827 2278
827 2279
827 2280
827 2281
827 2282
827 2283
828 2284
828 2285
829 2286
829 2287
830 2288
831 2289
831 2290
832 2291
832 2292
833 2293
834 2294
834 2295
835 2296
836 2296
837 2296
838 2297
839 2297
840 2297
841 2297
842 2298
843 2298
844 2298
845 2298
846 2298
847 2299
848 2299
849 2300
850 2300
851 2300
852 2300
853 2300
854 2300
855 2300
856 2300
857 2300
858 2300
859 2301
860 2301
861 2301
862 2301
863 2301
864 2301
865 2301
866 2301
867 2301
868 2301
869 2301
870 2301
871 2301
872 2301
873 2301
874 2301
875 2301
876 2302
877 2302
878 2303
879 2303
880 2304
881 2304
882 2304
883 2304
884 2304
885 2304
886 2305
887 2305
888 2305
889 2306
890 2306
891 2306
892 2307
893 2307
894 2308
895 2308
896 2309
897 2310
898 2310
899 2310
900 2310
901 2310
902 2309
903 2309
904 2310
905 2310
906 2311
907 2311
908 2311
909 2311
910 2311
911 2311
912 2312
913 2312
914 2312
915 2313
916 2313
917 2314
918 2314
919 2314
920 2314
921 2314
922 2314
923 2313
924 2313
925 2313
926 2313
927 2313
928 2313
929 2313
930 2313
931 2313
932 2313
933 2313
934 2313
935 2313
936 2312
937 2312
938 2311
939 2310
940 2310
941 2309
942 2309
943 2308
944 2307
945 2306
946 2305
947 2304
948 2303
949 2302
949 2301
950 2300
950 2299
950 2298
951 2297
951 2296
951 2295
951 2294
951 2293
951 2292
951 2291
951 2290
952 2289
952 2288
952 2287
952 2286
952 2285
952 2284
952 2283
952 2282
952 2281
952 2280
952 2279
952 2278
952 2277
952 2276
952 2275
952 2274
952 2273
952 2272
952 2271
951 2270
951 2269
951 2268
951 2267
951 2266
951 2265
950 2264
950 2263
949 2262
948 2262
947 2261
946 2260
945 2260
944 2259
943 2258
942 2258
941 2257
940 2256
939 2256
938 2255
937 2254
936 2253
935 2253
934 2252
933 2252
932 2252
931 2251
930 2251
929 2250
928 2250
927 2249
926 2248
925 2248
924 2248
923 2248
922 2247
921 2247
920 2247
919 2247
918 2247
917 2247
916 2247
915 2247
914 2246
913 2246
912 2246
911 2245
910 2245
909 2245
908 2245
907 2245
906 2245
905 2245
904 2245
