134 568
133 569
132 570
131 571
130 572
130 573
129 574
129 575
128 576
128 577
127 578
127 579
126 580
126 581
125 582
125 583
124 584
123 585
122 586
122 587
121 588
121 589
121 590
120 591
120 592
120 593
120 594
120 595
119 596
119 597
118 598
118 599
118 600
118 601
117 602
116 603
115 604
114 605
113 606
112 607
111 608
110 609
109 610
108 611
107 612
106 612
105 613
104 613
103 614
102 615
102 616
102 617
102 618
102 619
102 620
102 621
102 622
102 623
102 624
101 625
101 626
101 627
101 628
101 629
101 630
101 631
101 632
101 633
101 634
101 635
101 636
101 637
101 638
101 639
101 640
101 641
101 642
101 643
101 644
101 645
102 646
102 647
102 648
102 649
103 650
103 651
103 652
103 653
104 654
104 655
104 656
104 657
105 658
105 659
105 660
106 661
106 662
107 663
107 664
107 665
107 666
108 667
108 668
109 669
110 670
111 671
112 672
113 673
114 673
115 673
116 673
117 674
118 674
119 675
120 676
121 677
122 677
123 678
124 679
125 680
126 681
127 682
128 683
129 684
130 685
130 686
131 687
132 688
133 689
134 690
135 691
136 692
137 693
137 694
138 694
139 695
140 696
141 696
142 696
143 696
144 697
145 698
146 698
147 698
148 698
149 698
150 699
151 699
152 699
153 699
154 699
155 700
156 700
157 700
158 701
159 701
160 701
161 701
162 701
163 701
164 701
165 701
166 701
167 701
168 702
169 702
170 703
171 703
172 703
173 703
174 703
175 703
176 703
177 704
178 704
179 705
180 705
181 705
182 706
183 706
184 706
185 706
186 705
187 705
188 705
189 704
190 704
191 704
192 704
193 704
194 704
195 704
196 704
197 705
198 705
199 705
200 706
201 706
202 706
203 705
204 705
205 705
206 704
207 704
208 704
209 704
210 704
211 704
212 703
213 703
214 703
215 703
216 703
217 702
218 702
219 702
220 701
221 701
222 701
223 701
224 701
225 701
226 701
227 700
228 700
229 699
230 699
231 698
232 698
233 698
234 698
235 697
236 697
237 696
238 696
239 696
240 695
241 695
242 694
243 694
244 693
245 693
246 693
247 692
248 692
249 691
250 691
251 691
252 691
253 691
254 690
255 690
256 690
257 689
258 688
259 687
260 686
261 685
262 684
263 684
264 683
265 682
266 682
267 682
268 682
269 681
270 681
271 681
272 681
273 681
274 680
275 680
276 679
277 678
278 677
279 676
280 675
280 674
281 673
281 672
281 671
281 670
281 669
281 668
281 667
281 666
281 665
281 664
281 663
281 662
281 661
281 660
281 659
281 658
281 657
282 656
282 655
282 654
282 653
282 652
282 651
282 650
282 649
282 648
282 647
282 646
283 645
283 644
283 643
283 642
283 641
283 640
283 639
283 638
283 637
283 636
283 635
283 634
283 633
283 632
283 631
283 630
283 629
283 628
283 627
283 626
283 625
283 624
283 623
283 622
283 621
283 620
283 619
283 618
283 617
283 616
282 615
281 614
280 613
279 612
278 611
278 610
277 609
276 608
276 607
276 606
276 605
275 604
275 603
275 602
274 601
274 600
273 599
272 598
271 597
270 596
269 595
268 594
268 593
267 592
267 591
266 590
266 589
265 589
264 589
263 589
262 589
261 589
260 588
259 588
258 587
257 587
256 586
255 586
254 586
253 586
252 586
251 585
250 585
249 585
248 585
247 585
246 585
245 585
244 585
243 585
242 585
241 585
240 585
239 585
238 584
237 584
236 584
235 584
234 584
233 583
232 583
231 582
230 582
229 581
228 581
227 581
226 580
225 580
224 580
223 580
222 579
221 579
220 579
219 579
218 579
217 578
216 578
215 578
214 578
213 578
212 578
211 578
210 578
209 578
208 578
207 578
206 578
205 578
204 578
203 578
202 578
201 578
200 578
199 578
198 578
197 579
196 580
195 581
194 582
193 583
192 584
191 584
190 584
189 584
188 584
187 584
186 584
185 584
184 584
183 584
182 585
181 585
180 586
179 586
178 586
177 586
176 585
175 585
174 585
173 585
172 584
171 584
170 584
169 584
168 583
167 583
166 583
165 582
164 582
163 581
162 581
161 580
160 579
159 579
158 578
157 578
156 577
155 576
154 576
153 575
152 574
151 574
150 574
149 574
148 573
147 573
146 573
145 573
144 572
143 571
142 571
141 570
141 569
140 569
139 568
138 568
137 568
136 568
135 568
134 568
