767 65
766 66
765 66
764 66
763 67
762 67
761 67
760 67
759 68
758 68
757 69
756 69
755 69
754 69
753 70
752 70
751 70
750 70
749 70
748 70
747 70
746 71
745 71
744 71
743 71
742 72
741 72
740 72
739 72
738 72
737 72
736 72
735 72
734 72
733 72
732 72
731 72
730 72
729 72
728 72
727 72
726 72
725 72
724 72
723 73
722 73
721 73
720 73
719 73
718 73
717 74
716 74
715 75
714 75
713 75
712 76
711 76
710 77
709 78
708 78
707 79
706 79
705 80
704 81
703 82
702 82
701 83
700 84
699 84
698 85
697 85
696 85
695 85
694 85
693 86
692 87
691 87
690 87
689 88
688 88
687 88
686 88
685 89
684 90
683 90
682 91
681 92
680 93
680 94
679 95
679 96
679 97
679 98
679 99
678 100
678 101
678 102
678 103
678 104
678 105
678 106
678 107
678 108
678 109
678 110
678 111
678 112
678 113
678 114
677 115
677 116
677 117
676 118
676 119
676 120
676 121
676 122
676 123
676 124
676 125
675 126
675 127
675 128
674 129
674 130
673 131
673 132
673 133
672 134
672 135
672 136
671 137
671 138
670 139
670 140
670 141
671 142
672 143
673 144
673 145
674 146
675 147
676 148
677 149
678 149
679 149
680 149
681 150
682 150
683 151
684 151
685 152
686 152
687 152
688 152
689 152
690 152
691 153
692 153
693 153
694 153
695 153
696 153
697 153
698 153
699 153
700 153
701 153
702 153
703 153
704 153
705 153
706 153
707 153
708 153
709 152
710 152
711 151
712 150
713 150
714 150
715 149
716 149
717 149
718 149
719 149
720 149
721 149
722 148
723 148
724 147
725 147
726 146
727 146
728 145
729 144
730 144
731 143
732 143
733 143
734 143
735 143
736 144
737 144
738 145
739 146
740 146
741 146
742 147
743 147
744 148
745 148
746 148
747 148
748 149
749 149
750 149
751 150
752 150
753 150
754 151
755 151
756 152
757 152
758 152
759 152
760 152
761 152
762 152
763 153
764 153
765 153
766 153
767 153
768 153
769 153
770 153
771 153
772 153
773 154
774 154
775 154
776 155
777 155
778 155
779 155
780 155
781 155
782 155
783 155
784 156
785 157
786 157
787 157
788 157
789 157
790 157
791 157
792 157
793 157
794 157
795 157
796 157
797 157
798 157
799 157
800 157
801 157
802 157
803 157
804 157
805 157
806 157
807 157
808 157
809 157
810 157
811 157
812 157
813 157
814 157
815 157
816 157
817 157
818 157
819 157
820 157
821 157
822 157
823 157
824 157
825 157
826 157
827 157
828 157
829 157
830 157
831 156
832 155
833 154
834 153
835 153
836 152
837 151
838 151
839 150
840 150
841 149
842 149
843 148
844 147
845 146
846 145
847 144
848 144
849 143
850 142
851 142
852 141
853 140
854 139
855 139
856 138
857 138
858 138
859 138
860 138
860 137
860 136
860 135
860 134
860 133
860 132
860 131
860 130
859 129
859 128
859 127
859 126
859 125
859 124
859 123
859 122
859 121
859 120
859 119
859 118
859 117
859 116
859 115
859 114
859 113
859 112
859 111
859 110
859 109
858 108
858 107
858 106
858 105
858 104
857 103
856 102
855 101
854 100
853 99
852 98
851 97
850 96
849 95
848 95
847 94
846 93
845 93
844 92
843 92
842 91
841 91
840 90
839 89
838 89
837 88
836 88
835 88
834 87
833 87
832 86
831 86
830 85
829 84
828 84
827 84
826 83
825 83
824 82
823 81
822 81
821 80
820 80
819 79
818 79
817 79
816 78
815 78
814 78
813 78
812 78
811 78
810 78
809 78
808 78
807 78
806 78
805 78
804 78
803 78
802 78
801 78
800 79
799 79
798 79
797 80
796 79
795 79
794 78
793 77
792 77
791 77
790 76
789 75
788 75
787 74
786 74
785 74
784 74
783 73
782 72
781 71
780 71
779 70
778 69
777 69
776 68
775 67
774 66
773 66
772 66
771 65
770 65
769 65
768 65
767 65
