939 1200
938 1201
937 1201
936 1201
935 1201
934 1201
933 1201
932 1201
931 1202
930 1202
929 1202
928 1203
927 1203
926 1203
925 1204
924 1204
923 1204
922 1204
921 1205
920 1206
919 1206
918 1206
917 1206
916 1206
915 1207
914 1207
913 1207
912 1208
911 1208
910 1208
909 1208
908 1208
907 1208
906 1208
905 1208
904 1208
903 1208
902 1207
901 1207
900 1207
899 1206
898 1206
897 1206
896 1206
895 1206
894 1206
893 1206
892 1206
891 1206
890 1206
889 1206
888 1206
887 1205
886 1205
885 1205
884 1205
883 1205
882 1204
881 1204
880 1204
879 1204
878 1205
877 1206
876 1207
875 1208
875 1209
875 1210
874 1211
874 1212
874 1213
874 1214
874 1215
874 1216
874 1217
875 1218
875 1219
876 1220
877 1220
878 1220
879 1220
880 1220
881 1220
882 1221
883 1221
884 1222
885 1222
886 1223
887 1224
888 1225
889 1226
890 1227
891 1228
892 1228
893 1229
894 1230
895 1231
896 1232
897 1233
898 1234
899 1235
900 1236
901 1236
902 1237
903 1237
904 1237
905 1238
906 1239
907 1239
908 1240
909 1241
910 1241
911 1242
912 1243
913 1243
914 1243
915 1244
916 1245
917 1245
918 1246
919 1246
920 1247
921 1247
922 1247
923 1247
924 1247
925 1247
926 1247
927 1247
928 1247
929 1247
930 1247
931 1247
932 1247
933 1247
934 1247
935 1247
936 1247
937 1248
938 1248
939 1248
940 1249
941 1249
942 1249
943 1249
944 1249
945 1249
946 1249
947 1248
948 1248
949 1248
950 1247
951 1247
952 1247
953 1247
954 1247
955 1247
956 1247
957 1247
958 1247
959 1247
960 1247
961 1247
962 1247
963 1247
964 1247
965 1247
966 1247
967 1246
968 1245
968 1244
968 1243
969 1242
969 1241
969 1240
970 1239
970 1238
970 1237
970 1236
971 1235
971 1234
971 1233
971 1232
971 1231
971 1230
971 1229
971 1228
971 1227
971 1226
971 1225
972 1224
972 1223
973 1222
973 1221
973 1220
973 1219
974 1218
974 1217
974 1216
975 1215
975 1214
975 1213
975 1212
975 1211
975 1210
975 1209
976 1208
976 1207
976 1206
975 1205
974 1204
973 1204
972 1203
971 1203
970 1203
969 1203
968 1203
967 1203
966 1203
965 1202
964 1202
963 1202
962 1201
961 1201
960 1201
959 1201
958 1201
957 1201
956 1200
955 1200
954 1200
953 1200
952 1200
951 1200
950 1200
949 1200
948 1200
947 1200
946 1200
945 1200
944 1200
943 1200
942 1200
941 1200
940 1200
939 1200
