567 882
566 883
565 883
564 884
563 884
562 884
561 884
560 884
559 884
558 885
557 885
556 885
555 885
554 886
553 887
552 887
551 888
551 889
551 890
551 891
551 892
552 893
552 894
552 895
553 896
553 897
553 898
554 899
555 900
555 901
556 902
557 903
558 904
558 905
558 906
559 907
560 908
561 909
562 909
563 910
564 910
565 911
566 912
567 913
568 914
569 914
570 915
571 915
572 916
573 916
574 917
575 917
576 918
577 918
578 919
579 919
580 920
581 920
582 920
583 921
584 921
585 921
586 921
587 921
588 922
589 922
590 922
591 922
592 922
593 922
594 923
595 923
596 923
597 922
598 922
599 922
600 922
601 921
602 921
603 921
604 920
605 920
606 920
607 920
608 919
609 919
610 919
611 919
612 918
613 918
614 918
615 917
616 917
617 916
618 916
619 916
620 915
621 914
622 914
623 913
624 913
625 913
626 913
627 912
628 912
629 912
630 912
631 911
632 911
633 911
634 910
635 910
636 909
637 909
637 908
638 907
638 906
638 905
638 904
638 903
638 902
638 901
638 900
638 899
638 898
638 897
638 896
637 895
637 894
636 893
635 893
634 892
633 892
632 892
631 891
630 892
629 891
628 891
627 890
626 890
625 890
624 889
623 889
622 889
621 890
620 890
619 890
618 890
617 890
616 890
615 890
614 890
613 890
612 891
611 891
610 891
609 890
608 889
607 888
606 888
605 888
604 888
603 888
602 888
601 888
600 888
599 888
598 888
597 887
596 887
595 887
594 886
593 886
592 886
591 886
590 885
589 885
588 885
587 885
586 884
585 884
584 884
583 884
582 883
581 883
580 883
579 883
578 883
577 882
576 882
575 882
574 882
573 882
572 882
571 882
570 882
569 882
568 882
567 882
