230 1393
229 1394
228 1394
227 1395
226 1396
225 1397
225 1398
224 1399
223 1400
222 1401
222 1402
222 1403
222 1404
222 1405
222 1406
222 1407
222 1408
222 1409
222 1410
222 1411
222 1412
221 1413
221 1414
221 1415
220 1416
220 1417
220 1418
220 1419
220 1420
220 1421
220 1422
219 1423
219 1424
218 1425
218 1426
218 1427
218 1428
218 1429
217 1430
217 1431
217 1432
217 1433
217 1434
217 1435
217 1436
217 1437
217 1438
217 1439
217 1440
218 1441
219 1442
220 1442
221 1442
222 1443
223 1443
224 1444
225 1444
226 1445
227 1445
228 1445
229 1445
230 1445
231 1445
232 1445
233 1445
234 1446
235 1446
236 1446
237 1446
238 1446
239 1447
240 1447
241 1448
242 1448
243 1448
244 1448
245 1448
246 1448
247 1448
248 1448
249 1447
250 1447
251 1447
252 1447
253 1447
254 1447
255 1447
256 1447
257 1448
258 1449
259 1449
260 1449
261 1448
262 1448
263 1448
264 1448
265 1448
266 1447
267 1447
268 1447
269 1446
270 1445
271 1445
272 1445
273 1444
274 1443
275 1442
276 1442
277 1441
278 1440
279 1440
280 1439
281 1438
282 1437
283 1436
284 1435
285 1435
286 1434
287 1433
288 1432
288 1431
289 1430
289 1429
289 1428
290 1427
290 1426
290 1425
290 1424
290 1423
290 1422
290 1421
290 1420
289 1419
288 1418
288 1417
288 1416
287 1415
287 1414
286 1413
285 1412
284 1411
283 1411
282 1411
281 1410
280 1410
279 1409
278 1408
277 1408
276 1408
275 1407
274 1407
273 1408
272 1408
271 1408
270 1408
269 1408
268 1408
267 1408
266 1408
265 1408
264 1407
263 1406
262 1406
261 1405
260 1404
259 1404
258 1403
257 1402
256 1402
255 1401
254 1400
253 1399
252 1398
251 1397
250 1396
249 1395
248 1395
247 1395
246 1394
245 1394
244 1394
243 1394
242 1393
241 1394
240 1394
239 1394
238 1394
237 1394
236 1394
235 1394
234 1394
233 1394
232 1394
231 1394
230 1393
