1276 2030
1275 2031
1274 2031
1273 2032
1272 2032
1271 2032
1270 2031
1269 2031
1268 2031
1267 2031
1266 2031
1265 2031
1264 2031
1263 2031
1262 2031
1261 2032
1260 2032
1259 2032
1258 2032
1257 2033
1256 2033
1255 2034
1254 2034
1253 2035
1252 2035
1251 2035
1250 2035
1249 2035
1248 2035
1247 2035
1246 2035
1245 2034
1244 2034
1243 2034
1242 2033
1241 2033
1240 2033
1239 2033
1238 2033
1237 2033
1236 2033
1235 2033
1234 2033
1233 2033
1232 2033
1231 2033
1230 2033
1229 2033
1228 2033
1227 2033
1226 2033
1225 2033
1224 2033
1223 2034
1222 2034
1221 2034
1220 2035
1219 2035
1218 2035
1217 2035
1216 2035
1215 2036
1214 2036
1213 2036
1212 2036
1211 2036
1210 2036
1209 2036
1208 2035
1207 2035
1206 2035
1205 2035
1204 2035
1203 2035
1202 2035
1201 2035
1200 2035
1199 2035
1198 2036
1197 2036
1196 2036
1195 2036
1194 2037
1193 2037
1192 2038
1191 2039
1190 2039
1189 2040
1188 2040
1187 2040
1186 2040
1185 2040
1184 2040
1183 2040
1182 2040
1181 2041
1180 2041
1179 2041
1178 2041
1177 2042
1176 2043
1175 2043
1174 2043
1173 2043
1172 2044
1171 2044
1170 2044
1169 2045
1168 2045
1167 2046
1166 2046
1165 2046
1164 2047
1163 2048
1162 2049
1161 2049
1160 2050
1159 2051
1158 2051
1157 2052
1156 2053
1155 2053
1154 2053
1153 2054
1152 2054
1151 2055
1150 2055
1149 2056
1148 2056
1147 2056
1146 2056
1145 2056
1144 2056
1143 2056
1142 2056
1141 2057
1140 2058
1139 2058
1138 2058
1137 2059
1136 2059
1135 2060
1134 2060
1133 2061
1132 2061
1131 2061
1130 2061
1129 2062
1128 2062
1127 2062
1126 2063
1125 2064
1125 2065
1124 2066
1124 2067
1123 2068
1122 2069
1121 2069
1120 2070
1119 2070
1118 2071
1117 2072
1116 2073
1115 2074
1114 2074
1113 2074
1112 2075
1111 2075
1110 2075
1109 2076
1108 2076
1107 2076
1106 2076
1105 2076
1104 2076
1103 2077
1102 2078
1101 2078
1100 2078
1099 2079
1098 2079
1097 2080
1096 2081
1095 2081
1094 2082
1093 2082
1092 2083
1091 2084
1090 2085
1089 2086
1089 2087
1088 2088
1088 2089
1088 2090
1087 2091
1086 2092
1086 2093
1086 2094
1085 2095
1085 2096
1084 2097
1084 2098
1083 2099
1083 2100
1082 2101
1081 2102
1080 2103
1080 2104
1080 2105
1080 2106
1080 2107
1080 2108
1080 2109
1080 2110
1080 2111
1080 2112
1081 2113
1082 2114
1082 2115
1083 2116
1084 2116
1085 2117
1086 2118
1087 2119
1088 2120
1089 2120
1090 2120
1091 2121
1092 2121
1093 2121
1094 2122
1095 2122
1096 2122
1097 2122
1098 2123
1099 2123
1100 2124
1101 2125
1102 2125
1103 2125
1104 2125
1105 2125
1106 2126
1107 2126
1108 2126
1109 2127
1110 2127
1111 2127
1112 2128
1113 2129
1114 2130
1115 2130
1116 2131
1117 2131
1118 2131
1119 2132
1120 2132
1121 2132
1122 2132
1123 2132
1124 2133
1125 2133
1126 2133
1127 2133
1128 2134
1129 2135
1130 2135
1131 2136
1132 2136
1133 2136
1134 2137
1135 2137
1136 2137
1137 2138
1138 2139
1139 2140
1140 2141
1140 2142
1141 2143
1142 2144
1143 2145
1144 2146
1145 2146
1146 2147
1147 2147
1148 2148
1149 2148
1150 2149
1151 2149
1152 2149
1153 2149
1154 2150
1155 2150
1156 2151
1157 2152
1158 2153
1159 2154
1160 2155
1161 2156
1162 2157
1162 2158
1163 2159
1164 2160
1165 2161
1166 2162
1167 2163
1167 2164
1168 2165
1169 2165
1170 2165
1171 2166
1172 2166
1173 2166
1174 2167
1175 2167
1176 2167
1177 2168
1178 2168
1179 2168
1180 2168
1181 2169
1182 2169
1183 2169
1184 2169
1185 2169
1186 2170
1187 2171
1188 2171
1189 2171
1190 2171
1191 2171
1192 2171
1193 2172
1194 2172
1195 2173
1196 2174
1197 2174
1198 2174
1199 2174
1200 2174
1201 2174
1202 2175
1203 2175
1204 2175
1205 2175
1206 2175
1207 2176
1208 2176
1209 2176
1210 2176
1211 2176
1212 2176
1213 2177
1214 2177
1215 2178
1216 2178
1217 2179
1218 2179
1219 2180
1220 2181
1221 2181
1222 2181
1223 2181
1224 2181
1225 2182
1226 2182
1227 2183
1228 2184
1229 2184
1230 2185
1231 2185
1232 2186
1233 2186
1234 2186
1235 2186
1236 2186
1237 2186
1238 2186
1239 2186
1240 2187
1241 2187
1242 2188
1243 2188
1244 2188
1245 2189
1246 2189
1247 2189
1248 2189
1249 2189
1250 2189
1251 2190
1252 2190
1253 2191
1254 2191
1255 2191
1256 2191
1257 2192
1258 2192
1259 2192
1260 2192
1261 2193
1262 2193
1263 2193
1264 2194
1265 2194
1266 2194
1267 2194
1268 2194
1269 2194
1270 2194
1271 2195
1272 2195
1273 2195
1274 2195
1275 2195
1276 2195
1277 2195
1278 2196
1279 2197
1280 2197
1281 2197
1282 2197
1283 2198
1284 2198
1285 2198
1286 2199
1287 2199
1288 2200
1289 2200
1290 2201
1291 2201
1292 2202
1293 2202
1294 2202
1295 2203
1296 2203
1297 2204
1298 2204
1299 2204
1300 2204
1301 2205
1302 2205
1303 2205
1304 2205
1305 2205
1306 2206
1307 2206
1308 2206
1309 2206
1310 2207
1311 2207
1312 2207
1313 2207
1314 2207
1315 2207
1316 2208
1317 2208
1318 2208
1319 2208
1320 2209
1321 2209
1322 2209
1323 2210
1324 2210
1325 2211
1326 2212
1327 2212
1328 2212
1329 2212
1330 2212
1331 2212
1332 2212
1333 2213
1334 2213
1335 2213
1336 2213
1337 2213
1338 2213
1339 2213
1340 2214
1341 2214
1342 2215
1343 2215
1344 2216
1345 2216
1346 2216
1347 2215
1348 2215
1349 2215
1350 2215
1351 2215
1352 2216
1353 2216
1354 2216
1355 2217
1356 2217
1357 2218
1358 2218
1359 2218
1360 2219
1361 2219
1362 2219
1363 2220
1364 2220
1365 2220
1366 2220
1367 2221
1368 2221
1369 2221
1370 2221
1371 2221
1372 2222
1373 2222
1374 2222
1375 2222
1376 2222
1377 2222
1378 2222
1379 2223
1380 2223
1381 2223
1382 2224
1383 2224
1384 2225
1385 2225
1386 2226
1387 2226
1388 2227
1389 2227
1390 2227
1391 2227
1392 2227
1393 2227
1394 2227
1395 2227
1396 2227
1397 2227
1398 2227
1399 2227
1400 2227
1401 2228
1402 2228
1403 2229
1404 2229
1405 2230
1406 2230
1407 2229
1408 2229
1409 2228
1410 2227
1411 2227
1412 2226
1412 2225
1413 2224
1414 2223
1415 2222
1416 2221
1417 2220
1418 2219
1419 2218
1420 2217
1421 2216
1422 2215
1423 2214
1424 2213
1425 2212
1426 2211
1427 2210
1427 2209
1428 2208
1429 2207
1430 2206
1431 2205
1432 2204
1433 2203
1434 2202
1434 2201
1435 2200
1436 2199
1436 2198
1437 2197
1438 2196
1438 2195
1439 2194
1439 2193
1440 2192
1441 2191
1442 2190
1443 2189
1444 2188
1445 2187
1446 2186
1447 2185
1448 2184
1449 2183
1450 2182
1451 2181
1452 2180
1453 2179
1454 2178
1455 2177
1456 2176
1456 2175
1457 2174
1458 2173
1459 2172
1460 2171
1461 2170
1462 2169
1463 2168
1464 2167
1464 2166
1464 2165
1464 2164
1465 2163
1465 2162
1466 2161
1467 2160
1468 2159
1469 2158
1470 2157
1471 2156
1471 2155
1472 2154
1473 2153
1474 2152
1475 2151
1476 2150
1477 2149
1478 2149
1479 2148
1479 2147
1479 2146
1480 2145
1480 2144
1481 2143
1482 2142
1482 2141
1482 2140
1482 2139
1483 2138
1483 2137
1483 2136
1482 2135
1482 2134
1482 2133
1482 2132
1482 2131
1482 2130
1482 2129
1482 2128
1482 2127
1483 2126
1483 2125
1483 2124
1483 2123
1482 2122
1482 2121
1482 2120
1481 2119
1481 2118
1480 2117
1480 2116
1479 2115
1479 2114
1479 2113
1479 2112
1479 2111
1478 2110
1478 2109
1478 2108
1477 2107
1477 2106
1476 2105
1475 2104
1474 2103
1474 2102
1473 2102
1472 2101
1472 2100
1471 2099
1470 2098
1470 2097
1469 2096
1468 2095
1468 2094
1468 2093
1468 2092
1467 2091
1466 2090
1466 2089
1465 2088
1464 2087
1464 2086
1464 2085
1463 2084
1462 2083
1461 2082
1460 2081
1459 2081
1458 2080
1457 2080
1456 2079
1455 2078
1454 2078
1453 2077
1452 2076
1451 2075
1451 2074
1450 2073
1449 2072
1449 2071
1448 2070
1447 2070
1446 2069
1445 2069
1444 2068
1443 2067
1442 2067
1441 2066
1440 2065
1440 2064
1439 2063
1438 2062
1437 2062
1436 2061
1435 2060
1435 2059
1434 2058
1433 2057
1432 2057
1431 2056
1430 2055
1429 2054
1428 2053
1427 2053
1426 2052
1425 2051
1424 2051
1423 2051
1422 2051
1421 2051
1420 2051
1419 2050
1418 2050
1417 2050
1416 2049
1415 2049
1414 2049
1413 2048
1412 2047
1411 2047
1410 2047
1409 2047
1408 2048
1407 2048
1406 2048
1405 2048
1404 2048
1403 2048
1402 2048
1401 2048
1400 2048
1399 2048
1398 2048
1397 2048
1396 2049
1395 2049
1394 2049
1393 2049
1392 2049
1391 2049
1390 2049
1389 2049
1388 2049
1387 2048
1386 2048
1385 2048
1384 2047
1383 2047
1382 2047
1381 2047
1380 2046
1379 2046
1378 2046
1377 2046
1376 2046
1375 2046
1374 2046
1373 2046
1372 2046
1371 2046
1370 2046
1369 2046
1368 2046
1367 2046
1366 2046
1365 2046
1364 2046
1363 2046
1362 2046
1361 2046
1360 2046
1359 2046
1358 2046
1357 2046
1356 2046
1355 2046
1354 2046
1353 2046
1352 2046
1351 2046
1350 2045
1349 2045
1348 2044
1347 2043
1346 2043
1345 2042
1344 2042
1343 2042
1342 2042
1341 2041
1340 2041
1339 2041
1338 2040
1337 2040
1336 2039
1335 2039
1334 2038
1333 2038
1332 2037
1331 2036
1330 2036
1329 2036
1328 2036
1327 2036
1326 2036
1325 2035
1324 2034
1323 2034
1322 2033
1321 2033
1320 2033
1319 2033
1318 2033
1317 2033
1316 2033
1315 2033
1314 2033
1313 2033
1312 2033
1311 2033
1310 2033
1309 2033
1308 2033
1307 2033
1306 2033
1305 2033
1304 2032
1303 2032
1302 2032
1301 2032
1300 2032
1299 2032
1298 2032
1297 2032
1296 2032
1295 2032
1294 2032
1293 2032
1292 2031
1291 2031
1290 2031
1289 2031
1288 2031
1287 2030
1286 2030
1285 2030
1284 2030
1283 2030
1282 2030
1281 2030
1280 2030
1279 2030
1278 2030
1277 2030
1276 2030
