1562 660
1561 661
1560 661
1559 662
1558 663
1557 663
1556 664
1555 664
1554 665
1553 666
1552 666
1551 666
1550 667
1549 668
1548 668
1547 669
1546 669
1545 669
1544 670
1543 670
1542 670
1541 671
1540 671
1539 671
1538 672
1537 672
1536 672
1535 672
1534 672
1533 672
1532 673
1531 673
1530 674
1529 674
1528 675
1527 676
1526 676
1525 677
1524 677
1523 678
1522 679
1521 680
1520 681
1519 682
1518 683
1517 684
1516 685
1515 685
1514 686
1513 686
1512 687
1511 688
1510 689
1509 690
1509 691
1508 692
1507 693
1507 694
1506 695
1505 696
1504 697
1503 698
1503 699
1502 700
1502 701
1502 702
1501 703
1500 704
1500 705
1499 706
1499 707
1498 708
1498 709
1498 710
1498 711
1498 712
1498 713
1497 714
1497 715
1497 716
1496 717
1496 718
1497 719
1497 720
1497 721
1498 722
1498 723
1498 724
1498 725
1497 726
1497 727
1497 728
1496 729
1496 730
1496 731
1496 732
1497 733
1497 734
1497 735
1498 736
1499 737
1499 738
1499 739
1499 740
1499 741
1500 742
1500 743
1500 744
1501 745
1501 746
1501 747
1502 748
1502 749
1502 750
1503 751
1503 752
1503 753
1503 754
1504 755
1504 756
1504 757
1504 758
1505 759
1506 760
1506 761
1507 762
1507 763
1508 764
1508 765
1509 766
1510 766
1511 766
1512 766
1513 766
1514 766
1515 766
1516 765
1517 765
1518 764
1519 763
1520 763
1521 762
1522 761
1523 760
1524 760
1525 759
1526 759
1527 758
1528 758
1529 758
1530 757
1531 757
1532 757
1533 756
1534 756
1535 757
1536 757
1537 758
1538 758
1539 759
1539 760
1540 761
1540 762
1541 763
1542 764
1543 764
1544 764
1545 764
1546 764
1547 764
1548 764
1549 764
1550 764
1551 764
1552 764
1553 764
1554 764
1555 764
1556 764
1557 764
1558 764
1559 764
1560 764
1561 764
1562 764
1563 764
1564 764
1565 764
1566 764
1567 764
1568 764
1569 764
1570 764
1571 764
1572 764
1573 764
1574 765
1575 765
1576 765
1577 765
1578 765
1579 765
1580 765
1581 765
1582 765
1583 765
1584 765
1585 765
1586 765
1587 764
1588 764
1589 764
1590 763
1591 762
1592 761
1593 761
1594 760
1595 760
1596 759
1597 758
1598 758
1599 757
1600 756
1601 755
1602 754
1603 754
1604 753
1605 753
1606 752
1607 752
1608 751
1609 751
1610 750
1611 749
1612 748
1613 748
1614 747
1615 746
1616 746
1617 746
1618 745
1619 744
1620 743
1621 742
1621 741
1622 740
1623 739
1623 738
1623 737
1623 736
1623 735
1623 734
1624 733
1624 732
1624 731
1624 730
1624 729
1624 728
1624 727
1625 726
1625 725
1625 724
1626 723
1626 722
1626 721
1626 720
1626 719
1627 718
1627 717
1627 716
1627 715
1627 714
1626 713
1626 712
1625 711
1625 710
1624 709
1624 708
1623 707
1623 706
1622 705
1621 704
1621 703
1620 702
1620 701
1620 700
1619 699
1619 698
1618 697
1618 696
1617 695
1616 694
1616 693
1616 692
1615 691
1615 690
1615 689
1615 688
1614 687
1613 687
1612 686
1611 686
1610 686
1609 685
1608 685
1607 685
1606 684
1605 683
1604 683
1603 682
1602 681
1601 680
1600 679
1599 678
1598 677
1597 676
1596 676
1595 675
1594 675
1593 675
1592 674
1591 674
1590 674
1589 673
1588 672
1587 672
1586 672
1585 672
1584 672
1583 672
1582 672
1581 671
1580 670
1579 669
1578 668
1578 667
1577 666
1576 665
1576 664
1575 664
1574 663
1573 663
1572 662
1571 662
1570 662
1569 662
1568 661
1567 660
1566 660
1565 660
1564 660
1563 660
1562 660
