176 386
175 387
174 388
173 388
172 389
171 389
170 389
169 389
168 389
167 389
166 388
165 388
164 388
163 388
162 389
161 389
160 390
159 390
158 390
157 390
156 391
155 391
154 392
153 393
152 394
151 395
150 396
149 397
148 398
147 399
147 400
146 401
145 402
144 403
144 404
143 405
143 406
143 407
143 408
144 409
145 410
146 410
147 411
148 411
149 412
150 413
151 414
152 415
153 416
154 417
155 418
156 419
157 420
158 421
159 422
160 423
161 423
162 424
163 424
164 425
165 425
166 425
167 425
168 425
169 425
170 425
171 425
172 425
173 425
174 425
175 425
176 425
177 426
178 426
179 426
180 426
181 426
182 425
183 425
184 424
185 423
186 422
187 422
188 422
189 422
190 423
190 424
191 425
191 426
192 427
193 428
194 428
195 428
196 428
197 427
198 427
199 427
200 426
201 426
202 425
203 424
204 424
205 424
206 423
207 422
208 422
209 421
210 421
211 420
212 419
213 418
214 417
215 416
216 416
216 415
217 414
217 413
217 412
217 411
217 410
216 409
216 408
216 407
216 406
215 405
215 404
215 403
214 402
213 402
212 401
211 401
210 401
209 401
208 401
207 400
206 400
205 400
204 399
203 399
202 398
201 398
200 398
199 397
198 396
197 396
196 395
195 394
194 394
193 393
192 392
191 391
190 391
189 391
188 390
187 390
186 390
185 389
184 389
183 388
182 388
181 388
180 387
179 387
178 387
177 386
176 386
