654 575
653 576
652 576
651 577
650 577
649 578
648 578
647 578
646 579
645 579
644 579
643 579
642 579
641 579
640 579
639 579
638 579
637 579
636 579
635 579
634 580
633 580
632 580
631 581
630 581
629 582
628 582
627 583
626 583
625 583
624 583
623 584
622 584
621 585
620 585
619 585
618 585
617 585
616 585
615 585
614 585
613 585
612 585
611 585
610 585
609 585
608 585
607 585
606 585
605 585
604 585
603 585
602 585
601 586
600 586
599 586
598 586
597 586
596 586
595 587
594 587
593 587
592 588
591 588
590 588
589 588
588 588
587 588
586 588
585 587
584 587
583 587
582 586
581 586
580 586
579 586
578 586
577 587
576 587
575 587
574 587
573 588
572 588
571 588
570 589
569 590
568 591
567 592
566 592
565 592
564 592
563 592
562 592
561 592
560 592
559 592
558 592
557 592
556 592
555 592
554 592
553 591
552 591
551 591
550 591
549 591
548 591
547 592
546 592
545 592
544 592
543 592
542 592
541 592
540 592
539 592
538 592
537 592
536 592
535 592
534 592
533 592
532 592
531 592
530 592
529 592
528 592
527 592
526 592
525 592
524 592
523 592
522 592
521 592
520 592
519 592
518 592
517 592
516 592
515 592
514 592
513 592
512 592
511 592
510 593
509 593
508 593
507 594
506 594
505 594
504 594
503 595
502 595
501 595
500 595
499 596
498 596
497 596
496 596
495 596
494 596
493 596
492 596
491 596
490 596
489 596
488 596
487 596
486 596
485 597
484 597
483 598
482 599
481 600
480 601
479 602
478 603
477 604
476 604
475 605
474 606
473 606
472 606
471 606
470 607
469 607
468 608
467 609
466 610
465 611
464 612
463 613
462 613
461 614
460 615
459 616
458 617
457 618
456 618
455 619
454 619
453 619
452 619
451 620
450 620
449 621
448 622
447 623
447 624
446 625
446 626
445 627
444 628
443 629
442 630
441 631
440 632
439 632
438 632
437 632
436 632
435 633
434 633
433 634
432 634
431 634
430 635
429 636
428 637
427 638
426 639
425 640
424 640
423 641
422 641
421 642
420 642
419 643
418 644
417 644
416 645
415 645
414 646
413 646
412 646
411 646
410 646
409 647
408 647
407 648
406 649
405 649
404 650
403 650
402 650
401 650
400 650
399 650
398 651
397 651
396 651
395 651
394 652
393 653
392 654
391 655
390 656
389 657
388 658
387 659
386 660
385 661
384 661
383 661
382 662
381 662
380 662
379 662
378 662
377 662
376 662
375 662
374 662
373 662
372 662
371 662
370 662
369 662
368 662
367 662
366 662
365 663
364 664
363 665
362 666
361 667
361 668
360 669
360 670
360 671
359 672
359 673
359 674
359 675
359 676
359 677
358 678
358 679
357 680
357 681
357 682
357 683
357 684
357 685
357 686
357 687
357 688
357 689
357 690
357 691
357 692
357 693
357 694
358 695
358 696
358 697
359 698
359 699
360 700
361 700
362 701
363 701
364 702
365 703
366 703
367 704
368 705
369 705
370 706
371 706
372 707
373 708
374 709
375 710
376 711
377 712
378 713
379 714
380 715
381 716
382 717
383 718
384 719
385 720
386 721
387 722
388 722
389 723
390 724
391 724
392 725
393 725
394 726
395 726
396 727
397 727
398 727
399 728
400 728
401 728
402 729
403 730
404 730
405 731
406 731
407 731
408 732
409 732
410 732
411 733
412 733
413 733
414 733
415 733
416 734
417 734
418 734
419 734
420 734
421 734
422 734
423 734
424 734
425 734
426 734
427 734
428 733
429 733
430 733
431 733
432 733
433 733
434 733
435 733
436 733
437 733
438 733
439 733
440 732
441 732
442 732
443 732
444 732
445 731
446 731
447 731
448 730
449 730
450 730
451 731
452 731
453 731
454 732
455 732
456 732
457 732
458 732
459 732
460 731
461 731
462 730
463 730
464 730
465 730
466 730
467 730
468 730
469 730
470 730
471 730
472 730
473 730
474 730
475 730
476 730
477 730
478 730
479 730
480 730
481 730
482 730
483 730
484 730
485 730
486 729
487 729
488 729
489 730
490 730
491 730
492 730
493 730
494 730
495 730
496 730
497 730
498 730
499 730
500 730
501 730
502 729
503 729
504 729
505 729
506 729
507 729
508 729
509 729
510 729
511 729
512 730
513 730
514 730
515 730
516 730
517 730
518 730
519 730
520 730
521 730
522 730
523 730
524 730
525 730
526 730
527 730
528 730
529 730
530 730
531 730
532 730
533 730
534 730
535 730
536 730
537 730
538 730
539 730
540 730
541 730
542 730
543 731
544 731
545 731
546 732
547 732
548 732
549 732
550 732
551 732
552 732
553 732
554 732
555 732
556 732
557 732
558 732
559 732
560 732
561 732
562 732
563 732
564 732
565 732
566 732
567 732
568 732
569 733
570 733
571 733
572 733
573 733
574 733
575 733
576 733
577 733
578 733
579 733
580 733
581 733
582 733
583 733
584 733
585 733
586 733
587 733
588 733
589 733
590 733
591 733
592 733
593 734
594 734
595 734
596 734
597 734
598 734
599 734
600 734
601 734
602 734
603 734
604 735
605 735
606 735
607 735
608 735
609 735
610 735
611 735
612 735
613 735
614 735
615 735
616 735
617 735
618 736
619 736
620 736
621 737
622 737
623 737
624 737
625 738
626 738
627 738
628 738
629 738
630 738
631 738
632 738
633 738
634 738
635 738
636 738
637 738
638 738
639 739
640 739
641 740
642 740
643 740
644 740
645 740
646 740
647 740
648 740
649 740
650 740
651 741
652 741
653 741
654 742
655 742
656 742
657 742
658 742
659 742
660 742
661 742
662 743
663 743
664 743
665 743
666 743
667 743
668 743
669 744
670 744
671 744
672 744
673 744
674 744
675 744
676 744
677 744
678 744
679 744
680 744
681 744
682 744
683 744
684 744
685 744
686 744
687 744
688 744
689 744
690 744
691 744
692 744
693 744
694 744
695 744
696 744
697 744
698 744
699 744
700 744
701 744
702 744
703 745
704 745
705 745
706 745
707 745
708 745
709 745
710 745
711 745
712 745
713 745
714 745
715 745
716 745
717 745
718 745
719 745
720 745
721 745
722 745
723 746
724 746
725 746
726 747
727 746
728 746
729 746
730 746
731 746
732 746
733 746
734 746
735 746
736 747
737 747
738 747
739 748
740 748
741 748
742 748
743 748
744 748
745 748
746 748
747 748
748 748
749 748
750 748
751 748
752 748
753 748
754 748
755 748
756 748
757 748
758 748
759 748
760 748
761 748
762 748
763 748
764 749
765 749
766 749
767 749
768 749
769 748
770 748
771 747
772 747
773 746
774 746
775 746
776 746
777 747
778 747
779 748
780 748
781 749
782 749
783 749
784 749
785 749
786 749
787 749
788 750
789 750
790 750
791 750
792 750
793 751
794 751
795 752
796 752
797 753
798 753
799 753
800 753
801 753
802 753
803 753
804 753
805 753
806 753
807 753
808 753
809 753
810 753
811 753
812 753
813 753
814 753
815 753
816 753
817 753
818 753
819 753
820 753
821 753
822 753
823 753
824 753
825 753
826 753
827 753
828 753
829 754
830 755
831 755
832 756
833 756
834 756
835 756
836 756
837 756
838 756
839 756
840 756
841 756
842 756
843 756
844 756
845 756
846 756
847 756
848 756
849 756
850 756
851 756
852 756
853 756
854 756
855 755
856 755
857 754
858 753
859 753
860 753
861 753
862 753
863 753
864 753
865 752
866 752
867 752
868 752
869 752
870 752
871 753
872 753
873 752
874 752
875 751
876 750
877 750
878 750
879 750
880 750
881 750
882 750
883 750
884 750
885 750
886 750
887 750
888 750
889 749
890 749
891 749
892 748
893 748
894 748
895 748
896 747
897 747
898 746
899 746
900 745
901 745
902 744
903 743
904 743
905 743
906 743
907 743
908 742
909 742
910 741
911 741
912 740
913 740
914 740
915 740
916 739
917 739
918 738
919 738
920 737
921 737
922 736
923 736
924 736
925 735
926 735
927 735
928 734
929 734
930 733
931 733
932 732
933 731
934 731
935 730
936 730
937 730
938 730
939 729
940 729
941 728
942 728
943 728
944 728
945 727
946 727
947 726
948 726
949 725
950 724
951 723
952 723
953 722
954 721
955 720
956 719
957 719
958 718
959 717
960 716
961 716
962 716
963 715
964 715
965 714
966 714
967 713
968 712
969 711
970 710
971 709
972 708
973 707
973 706
974 705
975 704
976 703
976 702
977 701
978 700
978 699
978 698
979 697
979 696
980 695
980 694
981 693
981 692
981 691
981 690
981 689
981 688
981 687
981 686
981 685
981 684
981 683
981 682
981 681
981 680
981 679
982 678
983 677
983 676
983 675
983 674
983 673
983 672
983 671
982 670
982 669
982 668
982 667
982 666
981 665
981 664
980 663
980 662
979 661
979 660
979 659
978 658
978 657
978 656
978 655
978 654
978 653
978 652
978 651
977 650
977 649
976 648
976 647
975 646
975 645
974 644
974 643
973 642
973 641
972 640
971 639
971 638
970 637
969 636
969 635
968 634
968 633
967 632
966 631
966 630
965 629
965 628
964 627
963 626
962 625
961 624
961 623
960 622
959 621
959 620
958 619
957 618
956 617
955 616
954 615
953 614
952 613
951 612
950 611
949 610
948 609
947 608
946 607
945 606
944 605
943 604
942 603
941 602
940 601
939 601
938 600
937 599
936 599
935 599
934 598
933 598
932 598
931 597
930 596
929 595
928 595
927 594
926 594
925 594
924 594
923 594
922 594
921 593
920 593
919 593
918 592
917 592
916 592
915 592
914 592
913 592
912 592
911 592
910 592
909 592
908 592
907 592
906 592
905 592
904 592
903 592
902 592
901 592
900 592
899 592
898 592
897 592
896 592
895 592
894 592
893 592
892 592
891 592
890 592
889 592
888 591
887 591
886 591
885 591
884 591
883 590
882 590
881 590
880 590
879 590
878 590
877 590
876 590
875 590
874 590
873 590
872 590
871 590
870 589
869 589
868 588
867 588
866 588
865 588
864 588
863 588
862 588
861 587
860 587
859 587
858 586
857 586
856 586
855 586
854 586
853 586
852 585
851 585
850 585
849 585
848 585
847 585
846 585
845 584
844 584
843 584
842 584
841 584
840 584
839 584
838 584
837 584
836 583
835 583
834 583
833 583
832 583
831 583
830 583
829 583
828 583
827 583
826 583
825 583
824 583
823 583
822 583
821 583
820 583
819 582
818 582
817 582
816 581
815 581
814 581
813 581
812 581
811 581
810 581
809 580
808 580
807 580
806 580
805 580
804 580
803 580
802 580
801 580
800 580
799 579
798 579
797 579
796 579
795 579
794 579
793 579
792 579
791 578
790 578
789 578
788 577
787 577
786 577
785 576
784 576
783 576
782 576
781 575
780 575
779 575
778 575
777 575
776 575
775 575
774 575
773 575
772 575
771 575
770 575
769 575
768 575
767 575
766 575
765 575
764 575
763 575
762 575
761 575
760 575
759 575
758 575
757 575
756 575
755 575
754 575
753 575
752 575
751 575
750 575
749 575
748 575
747 575
746 575
745 575
744 575
743 576
742 576
741 576
740 576
739 576
738 576
737 576
736 576
735 576
734 576
733 576
732 576
731 576
730 576
729 576
728 576
727 576
726 576
725 576
724 576
723 576
722 576
721 576
720 576
719 577
718 577
717 577
716 578
715 578
714 578
713 578
712 578
711 578
710 578
709 578
708 578
707 578
706 578
705 578
704 578
703 578
702 578
701 578
700 578
699 578
698 578
697 577
696 577
695 577
694 576
693 576
692 576
691 576
690 576
689 576
688 576
687 576
686 576
685 576
684 576
683 576
682 576
681 576
680 576
679 576
678 576
677 576
676 577
675 577
674 577
673 578
672 578
671 578
670 578
669 578
668 578
667 578
666 578
665 578
664 578
663 578
662 578
661 578
660 577
659 577
658 577
657 576
656 576
655 575
654 575
