595 1132
594 1133
593 1133
592 1134
591 1134
590 1135
589 1135
588 1135
587 1136
586 1137
585 1138
584 1138
583 1139
582 1140
581 1140
580 1141
579 1141
578 1142
577 1143
576 1144
575 1145
574 1146
573 1147
572 1148
571 1149
570 1150
569 1151
568 1152
567 1153
566 1153
565 1154
564 1155
563 1156
563 1157
563 1158
563 1159
563 1160
563 1161
564 1162
564 1163
564 1164
565 1165
565 1166
566 1167
566 1168
566 1169
567 1170
567 1171
568 1172
569 1173
570 1174
571 1174
572 1174
573 1174
574 1175
575 1175
576 1176
577 1177
578 1178
579 1178
580 1178
581 1178
582 1178
583 1179
584 1179
585 1180
586 1180
587 1180
588 1181
589 1181
590 1181
591 1182
592 1182
593 1182
594 1182
595 1183
596 1183
597 1184
598 1184
599 1184
600 1185
601 1185
602 1185
603 1185
604 1185
605 1185
606 1185
607 1185
608 1185
609 1185
610 1185
611 1185
612 1185
613 1185
614 1185
615 1185
616 1185
617 1185
618 1185
619 1185
620 1185
621 1185
622 1184
623 1184
624 1183
625 1183
626 1182
627 1182
628 1181
628 1180
629 1179
629 1178
630 1177
630 1176
630 1175
631 1174
631 1173
632 1172
633 1171
634 1170
635 1169
636 1169
637 1168
638 1168
639 1167
640 1166
641 1165
642 1164
642 1163
642 1162
642 1161
642 1160
643 1159
643 1158
643 1157
643 1156
643 1155
644 1154
644 1153
645 1152
645 1151
646 1150
646 1149
645 1148
645 1147
644 1146
643 1145
643 1144
642 1143
641 1142
640 1141
639 1141
638 1140
637 1140
636 1139
635 1139
634 1139
633 1138
632 1138
631 1137
630 1136
629 1135
628 1134
627 1133
626 1133
625 1133
624 1133
623 1133
622 1133
621 1133
620 1133
619 1133
618 1133
617 1133
616 1133
615 1133
614 1133
613 1132
612 1132
611 1132
610 1132
609 1132
608 1132
607 1132
606 1132
605 1132
604 1132
603 1132
602 1132
601 1132
600 1132
599 1132
598 1132
597 1132
596 1132
595 1132
