747 942
746 943
745 943
744 943
743 943
742 943
741 944
740 944
739 944
738 944
737 945
736 945
735 946
734 946
733 947
732 947
731 948
730 948
729 949
728 949
727 950
727 951
726 952
726 953
726 954
726 955
726 956
726 957
727 958
727 959
727 960
727 961
728 962
728 963
729 964
729 965
729 966
729 967
729 968
729 969
730 970
730 971
730 972
730 973
730 974
730 975
731 976
731 977
731 978
731 979
731 980
732 981
732 982
732 983
732 984
732 985
732 986
732 987
732 988
732 989
733 990
733 991
733 992
734 993
734 994
734 995
734 996
734 997
734 998
735 999
735 1000
735 1001
735 1002
735 1003
735 1004
735 1005
735 1006
735 1007
735 1008
735 1009
735 1010
735 1011
736 1012
736 1013
736 1014
735 1015
735 1016
735 1017
735 1018
735 1019
735 1020
735 1021
735 1022
735 1023
735 1024
735 1025
736 1026
737 1027
738 1028
738 1029
738 1030
739 1031
739 1032
739 1033
740 1034
740 1035
740 1036
740 1037
741 1038
742 1039
742 1040
742 1041
742 1042
742 1043
742 1044
743 1045
743 1046
743 1047
744 1048
744 1049
744 1050
744 1051
744 1052
744 1053
745 1054
745 1055
746 1056
747 1057
748 1058
749 1059
750 1060
751 1061
752 1061
753 1061
754 1061
755 1061
756 1062
757 1062
758 1063
759 1063
760 1063
761 1064
762 1064
763 1064
764 1064
765 1064
766 1064
767 1064
768 1064
769 1063
770 1063
771 1063
772 1063
773 1062
774 1062
775 1061
776 1061
777 1061
778 1061
779 1061
780 1061
781 1060
782 1059
783 1059
784 1058
785 1058
786 1057
787 1057
788 1056
789 1056
790 1056
791 1055
792 1055
793 1054
794 1054
795 1054
796 1054
797 1054
798 1054
799 1055
800 1055
801 1055
802 1055
803 1055
804 1055
805 1055
806 1055
807 1055
808 1055
809 1055
810 1055
811 1055
812 1055
813 1054
814 1054
815 1053
814 1052
814 1051
814 1050
814 1049
814 1048
814 1047
815 1046
815 1045
816 1044
816 1043
817 1042
818 1041
818 1040
818 1039
818 1038
818 1037
818 1036
818 1035
818 1034
818 1033
818 1032
819 1031
820 1030
821 1029
822 1028
822 1027
823 1026
823 1025
824 1024
824 1023
824 1022
825 1021
825 1020
826 1019
827 1018
828 1017
829 1017
830 1016
830 1015
831 1014
831 1013
831 1012
831 1011
831 1010
831 1009
831 1008
831 1007
831 1006
831 1005
831 1004
831 1003
831 1002
831 1001
830 1000
830 999
830 998
829 997
829 996
829 995
829 994
829 993
829 992
830 991
830 990
831 989
831 988
832 987
832 986
832 985
832 984
832 983
832 982
832 981
832 980
833 979
833 978
834 977
834 976
834 975
835 974
835 973
835 972
836 971
836 970
836 969
836 968
836 967
836 966
836 965
836 964
835 963
835 962
835 961
834 960
834 959
834 958
834 957
833 956
833 955
833 954
833 953
833 952
833 951
832 950
831 949
830 948
829 947
828 947
827 947
826 947
825 948
824 948
823 949
822 950
821 950
820 950
819 951
818 951
817 951
816 951
815 952
814 952
813 952
812 952
811 952
810 953
809 953
808 953
807 953
806 953
805 953
804 953
803 953
802 953
801 954
800 954
799 954
798 954
797 954
796 954
795 954
794 954
793 954
792 955
791 955
790 955
789 956
788 956
787 956
786 956
785 956
784 957
783 957
782 957
781 957
780 957
779 957
778 957
777 957
776 957
775 957
774 957
773 956
772 956
771 956
770 956
769 956
768 956
767 956
766 956
765 955
764 955
763 955
762 954
761 954
760 953
759 952
758 951
757 950
757 949
756 948
756 947
756 946
755 945
754 944
753 943
752 942
751 942
750 942
749 942
748 942
747 942
