766 897
765 898
764 898
763 898
762 898
761 898
760 898
759 898
758 898
757 898
756 898
755 899
754 899
753 899
752 899
751 899
750 899
749 899
748 899
747 900
746 900
745 900
744 901
743 901
742 901
741 901
740 901
739 901
738 902
737 902
736 902
735 903
734 903
733 903
732 904
731 904
730 904
729 904
728 904
727 904
726 905
725 905
724 906
723 906
722 907
721 907
720 907
719 908
718 908
717 909
716 909
715 910
714 910
713 910
712 910
711 910
710 911
709 911
708 911
707 912
706 912
705 912
704 913
703 913
702 913
701 914
700 915
699 915
698 916
697 917
696 917
695 918
694 918
693 918
692 919
691 919
690 919
689 919
688 919
687 919
686 920
685 920
684 920
683 921
682 922
681 922
680 923
679 923
678 924
677 925
676 925
675 926
675 927
676 928
677 928
678 929
679 929
680 929
681 929
682 929
683 929
684 929
685 929
686 929
687 929
688 929
689 929
690 929
691 929
692 930
693 930
694 930
695 930
696 930
697 930
698 931
699 931
700 931
701 931
702 931
703 931
704 931
705 931
706 931
707 931
708 931
709 931
710 931
711 931
712 931
713 931
714 931
715 931
716 931
717 931
718 931
719 931
720 931
721 931
722 931
723 931
724 931
725 931
726 931
727 931
728 932
729 932
730 932
731 933
732 932
733 932
734 932
735 932
736 932
737 932
738 932
739 932
740 932
741 932
742 933
743 933
744 933
745 934
746 934
747 934
748 934
749 934
750 935
751 935
752 935
753 935
754 935
755 935
756 935
757 935
758 936
759 936
760 936
761 936
762 936
763 936
764 936
765 936
766 937
767 937
768 937
769 937
770 937
771 937
772 937
773 938
774 938
775 938
776 939
777 939
778 939
779 939
780 940
781 940
782 940
783 940
784 940
785 940
786 940
787 940
788 940
789 940
790 940
791 940
792 940
793 939
794 939
795 938
796 938
797 937
798 937
799 936
799 935
800 934
801 933
801 932
802 931
802 930
803 929
804 928
805 927
805 926
805 925
804 924
804 923
804 922
803 921
803 920
802 919
802 918
801 917
800 916
800 915
799 914
799 913
798 912
797 911
796 910
795 909
794 908
793 908
792 907
791 907
790 907
789 906
788 906
787 905
786 905
785 905
784 904
783 904
782 904
781 903
780 902
779 902
778 901
777 901
776 901
775 900
774 900
773 900
772 899
771 899
770 899
769 898
768 898
767 898
766 897
