759 929
758 930
757 931
756 931
755 932
754 932
753 932
752 932
751 932
750 932
749 933
748 933
747 933
746 934
745 934
744 934
743 934
742 934
741 934
740 934
739 935
738 935
737 935
736 935
735 935
734 935
733 936
732 936
731 936
730 936
729 936
728 937
727 937
726 938
725 939
724 940
723 941
723 942
723 943
723 944
723 945
723 946
723 947
723 948
723 949
723 950
723 951
723 952
723 953
723 954
723 955
723 956
723 957
724 958
724 959
725 960
726 961
727 962
728 963
729 964
730 964
731 965
731 966
732 966
733 967
734 968
735 968
736 969
737 970
738 970
739 971
740 971
741 971
742 971
743 971
744 972
745 972
746 973
747 974
748 975
749 976
750 977
751 978
752 978
753 979
754 979
755 979
756 979
757 979
758 979
759 980
760 980
761 980
762 980
763 980
764 981
765 982
766 983
767 984
768 985
769 985
770 985
771 986
772 986
773 986
774 987
775 987
776 987
777 987
778 987
779 988
780 988
781 988
782 988
783 988
784 988
785 988
786 988
787 988
788 988
789 988
790 988
791 988
792 988
793 988
794 988
795 988
796 988
797 988
798 988
799 988
800 987
801 987
802 986
803 985
804 984
805 983
806 982
807 981
808 980
809 979
810 978
811 977
812 976
812 975
812 974
812 973
813 972
813 971
813 970
814 969
814 968
814 967
814 966
814 965
814 964
814 963
814 962
814 961
814 960
814 959
814 958
814 957
814 956
814 955
814 954
814 953
813 952
813 951
812 950
811 949
810 948
809 947
808 946
807 945
807 944
806 943
805 942
804 941
804 940
803 939
802 938
801 938
800 937
799 936
798 936
797 935
796 934
795 934
794 933
793 933
792 932
791 932
790 931
789 930
788 929
787 929
786 929
785 929
784 929
783 929
782 929
781 929
780 929
779 929
778 929
777 929
776 929
775 929
774 929
773 929
772 929
771 929
770 929
769 929
768 929
767 929
766 929
765 929
764 929
763 929
762 929
761 929
760 929
759 929
