4217 277
4216 278
4215 278
4214 278
4213 278
4212 279
4211 279
4210 279
4209 279
4208 279
4207 279
4206 280
4205 280
4204 280
4203 280
4202 281
4201 281
4200 282
4199 282
4198 282
4197 282
4196 283
4195 283
4194 284
4193 284
4192 284
4191 284
4190 285
4189 285
4188 285
4187 285
4186 285
4185 285
4184 285
4183 285
4182 286
4181 286
4180 286
4179 286
4178 287
4177 287
4176 287
4175 287
4174 288
4173 288
4172 288
4171 288
4170 289
4169 289
4168 289
4167 289
4166 289
4165 289
4164 290
4163 290
4162 290
4161 290
4160 291
4159 291
4158 291
4157 291
4156 291
4155 291
4154 292
4153 292
4152 292
4151 292
4150 293
4149 293
4148 293
4147 293
4146 294
4145 294
4144 294
4143 294
4142 295
4141 295
4140 295
4139 295
4138 296
4137 296
4136 296
4135 296
4134 297
4133 297
4132 297
4131 297
4130 298
4129 298
4128 298
4127 298
4126 299
4125 299
4124 299
4123 299
4122 299
4121 299
4120 300
4119 300
4118 300
4117 300
4116 301
4115 301
4114 301
4113 301
4112 301
4111 301
4110 301
4109 301
4108 301
4107 301
4106 301
4105 301
4104 301
4103 301
4102 301
4101 301
4100 301
4099 301
4098 301
4097 301
4096 301
4095 301
4094 301
4093 301
4092 301
4091 301
4090 301
4089 301
4088 301
4087 301
4086 302
4085 302
4084 302
4083 302
4082 303
4081 303
4080 303
4079 303
4078 303
4077 303
4076 303
4075 303
4074 303
4073 303
4072 304
4071 304
4070 304
4069 304
4068 305
4067 305
4066 305
4065 305
4064 305
4063 305
4062 305
4061 305
4060 305
4059 305
4058 305
4057 305
4056 305
4055 305
4054 305
4053 305
4052 305
4051 305
4050 306
4049 306
4048 306
4047 306
4046 307
4045 307
4044 307
4043 307
4042 307
4041 307
4040 308
4039 308
4038 308
4037 308
4036 309
4035 309
4034 309
4033 309
4032 309
4031 309
4030 309
4029 309
4028 309
4027 309
4026 309
4025 309
4024 309
4023 309
4022 309
4021 309
4020 309
4019 309
4018 309
4017 309
4016 309
4015 309
4014 309
4013 309
4012 309
4011 309
4010 309
4009 309
4008 309
4007 309
4006 309
4005 309
4004 309
4003 309
4002 309
4001 309
4000 309
3999 309
3998 309
3997 309
3996 309
3995 309
3994 309
3993 309
3992 309
3991 309
3990 309
3989 309
3988 309
3987 309
3986 309
3985 309
3984 309
3983 309
3982 309
3981 309
3980 309
3979 309
3978 309
3977 309
3976 309
3975 309
3974 309
3973 309
3972 309
3971 309
3970 309
3969 309
3968 309
3967 309
3966 309
3965 309
3964 309
3963 309
3962 309
3961 309
3960 309
3959 309
3958 309
3957 309
3956 309
3955 309
3954 309
3953 309
3952 309
3951 309
3950 309
3949 309
3948 308
3947 308
3946 308
3945 308
3944 307
3943 307
3942 307
3941 307
3940 307
3939 307
3938 307
3937 307
3936 307
3935 307
3934 307
3933 307
3932 307
3931 307
3930 307
3929 307
3928 307
3927 307
3926 307
3925 307
3924 307
3923 307
3922 307
3921 307
3920 307
3919 307
3918 307
3917 307
3916 307
3915 307
3914 307
3913 307
3912 307
3911 307
3910 307
3909 307
3908 307
3907 307
3906 307
3905 307
3904 307
3903 307
3902 307
3901 307
3900 307
3899 307
3898 307
3897 307
3896 308
3895 308
3894 308
3893 308
3892 309
3891 309
3890 309
3889 309
3888 309
3887 309
3886 309
3885 309
3884 310
3883 310
3882 310
3881 310
3880 311
3879 311
3878 311
3877 311
3876 311
3875 311
3874 311
3873 311
3872 311
3871 311
3870 311
3869 311
3868 311
3867 311
3866 311
3865 311
3864 311
3863 311
3862 311
3861 311
3860 311
3859 311
3858 311
3857 311
3856 311
3855 311
3854 311
3853 311
3852 311
3851 311
3850 311
3849 311
3848 311
3847 311
3846 312
3845 312
3844 312
3843 312
3842 313
3841 313
3840 313
3839 313
3838 313
3837 313
3836 313
3835 313
3834 313
3833 313
3832 313
3831 313
3830 313
3829 313
3828 313
3827 313
3826 313
3825 313
3824 313
3823 313
3822 313
3821 313
3820 313
3819 313
3818 314
3817 314
3816 314
3815 314
3814 315
3813 315
3812 315
3811 315
3810 316
3809 316
3808 316
3807 316
3806 317
3805 317
3804 317
3803 317
3802 317
3801 317
3800 317
3799 317
3798 318
3797 318
3796 318
3795 318
3794 319
3793 319
3792 320
3791 320
3790 320
3789 320
3788 321
3787 321
3786 322
3785 322
3784 322
3783 322
3782 323
3781 323
3780 324
3779 324
3778 324
3777 324
3776 325
3775 325
3774 325
3773 325
3772 326
3771 326
3770 326
3769 326
3768 327
3767 327
3766 328
3765 328
3764 328
3763 328
3762 329
3761 329
3760 329
3759 329
3758 329
3757 329
3756 330
3755 330
3754 330
3753 330
3752 331
3751 331
3750 331
3749 331
3748 331
3747 331
3746 332
3745 332
3744 332
3743 332
3742 333
3741 333
3740 334
3739 334
3738 334
3737 334
3736 335
3735 335
3734 335
3733 335
3732 335
3731 335
3730 336
3729 336
3728 336
3727 336
3726 337
3725 337
3724 337
3723 337
3722 337
3721 337
3720 337
3719 337
3718 337
3717 337
3716 337
3715 337
3714 337
3713 337
3712 337
3711 337
3710 337
3709 337
3708 337
3707 337
3706 338
3705 338
3704 338
3703 338
3702 339
3701 339
3700 339
3699 339
3698 339
3697 339
3696 339
3695 339
3694 339
3693 339
3692 339
3691 339
3690 340
3689 340
3688 340
3687 340
3686 341
3685 341
3684 341
3683 341
3682 341
3681 341
3680 342
3679 342
3678 342
3677 342
3676 343
3675 343
3674 344
3673 344
3672 344
3671 344
3670 345
3669 345
3668 346
3667 346
3666 346
3665 346
3664 347
3663 347
3662 347
3661 347
3660 348
3659 348
3658 348
3657 348
3656 349
3655 350
3654 350
3653 350
3652 351
3651 352
3650 352
3649 352
3648 353
3647 354
3646 354
3645 354
3644 355
3643 356
3642 357
3641 358
3640 358
3639 359
3638 360
3637 360
3636 361
3635 362
3634 363
3633 364
3632 364
3632 365
3631 366
3630 366
3630 367
3629 368
3628 368
3628 369
3627 370
3626 370
3626 371
3625 372
3624 372
3624 373
3623 374
3622 374
3622 375
3621 376
3620 376
3620 377
3619 378
3618 378
3618 379
3617 380
3616 380
3616 381
3615 382
3614 382
3614 383
3613 384
3612 384
3612 385
3611 386
3610 386
3610 387
3609 388
3608 388
3608 389
3607 390
3606 390
3606 391
3605 392
3604 392
3604 393
3603 394
3602 394
3601 395
3600 396
3599 396
3598 397
3597 398
3596 399
3595 400
3594 400
3594 401
3593 402
3592 402
3592 403
3591 404
3590 404
3589 405
3588 406
3587 406
3586 407
3585 408
3584 409
3583 410
3582 410
3581 411
3580 412
3579 412
3578 413
3577 414
3576 415
3575 415
3574 416
3573 416
3572 417
3571 418
3570 419
3569 419
3568 420
3567 420
3566 421
3565 422
3564 422
3563 422
3562 423
3561 424
3560 425
3559 425
3558 426
3557 426
3556 427
3555 428
3554 428
3553 428
3552 429
3551 430
3550 430
3549 430
3548 431
3547 432
3546 432
3545 432
3544 433
3543 433
3542 434
3541 434
3540 434
3539 434
3538 435
3537 436
3536 436
3535 436
3534 437
3533 437
3532 437
3531 437
3530 437
3529 437
3528 438
3527 438
3526 438
3525 438
3524 439
3523 439
3522 439
3521 439
3520 439
3519 439
3518 439
3517 439
3516 439
3515 439
3514 439
3513 439
3512 440
3511 440
3510 440
3509 440
3508 441
3507 441
3506 441
3505 441
3504 441
3503 441
3502 441
3501 441
3500 441
3499 441
3498 442
3497 442
3496 442
3495 442
3494 443
3493 443
3492 443
3491 443
3490 444
3489 444
3488 444
3487 444
3486 445
3485 445
3484 446
3483 446
3482 446
3481 446
3480 447
3479 448
3478 448
3477 448
3476 449
3475 450
3474 451
3473 451
3472 452
3471 452
3470 453
3469 454
3468 455
3467 456
3466 456
3465 457
3464 458
3463 458
3462 459
3461 460
3460 460
3459 460
3458 461
3457 462
3456 463
3455 463
3454 464
3453 464
3452 465
3451 466
3450 466
3449 466
3448 467
3447 468
3446 468
3445 468
3444 469
3443 469
3442 470
3441 470
3440 470
3439 470
3438 471
3437 472
3436 472
3435 472
3434 473
3433 473
3432 474
3431 474
3430 474
3429 474
3428 475
3427 475
3426 475
3425 475
3424 475
3423 475
3422 476
3421 476
3420 476
3419 476
3418 477
3417 477
3416 477
3415 477
3414 477
3413 477
3412 478
3411 478
3410 478
3409 478
3408 479
3407 479
3406 479
3405 479
3404 479
3403 479
3402 479
3401 479
3400 479
3399 479
3398 479
3397 479
3396 479
3395 479
3394 480
3393 480
3392 480
3391 480
3390 481
3389 481
3388 481
3387 481
3386 481
3385 481
3384 481
3383 481
3382 482
3381 482
3380 482
3379 482
3378 483
3377 483
3376 483
3375 483
3374 483
3373 483
3372 483
3371 483
3370 483
3369 483
3368 483
3367 483
3366 483
3365 483
3364 483
3363 483
3362 483
3361 483
3360 483
3359 483
3358 483
3357 483
3356 483
3355 483
3354 483
3353 483
3352 483
3351 483
3350 484
3349 484
3348 484
3347 484
3346 485
3345 485
3344 485
3343 485
3342 485
3341 485
3340 485
3339 485
3338 486
3337 486
3336 486
3335 486
3334 487
3333 488
3332 488
3331 488
3330 489
3329 489
3328 489
3327 489
3326 490
3325 490
3324 490
3323 490
3322 491
3321 491
3320 492
3319 492
3318 492
3317 492
3316 493
3315 494
3314 494
3313 494
3312 495
3311 496
3310 496
3309 496
3308 497
3307 498
3306 498
3305 498
3304 499
3303 500
3302 500
3301 500
3300 501
3299 502
3298 502
3297 502
3296 503
3295 504
3294 504
3293 504
3292 505
3291 506
3290 506
3289 506
3288 507
3287 508
3286 509
3285 509
3284 510
3283 510
3282 511
3281 512
3280 512
3279 512
3278 513
3277 513
3276 514
3275 514
3274 514
3273 514
3272 515
3271 516
3270 516
3269 516
3268 517
3267 518
3266 518
3265 518
3264 519
3263 520
3262 520
3261 520
3260 521
3259 522
3258 522
3257 522
3256 523
3255 524
3254 524
3253 524
3252 525
3251 526
3250 527
3249 527
3248 528
3247 528
3246 529
3245 530
3244 530
3243 530
3242 531
3241 532
3240 532
3239 532
3238 533
3237 534
3236 534
3235 534
3234 535
3233 536
3232 536
3231 536
3230 537
3229 538
3228 538
3227 538
3226 539
3225 539
3224 540
3223 540
3222 540
3221 540
3220 541
3219 542
3218 542
3217 542
3216 543
3215 544
3214 544
3213 544
3212 545
3211 546
3210 546
3209 546
3208 547
3207 547
3206 548
3205 548
3204 548
3203 548
3202 549
3201 549
3200 549
3199 549
3198 550
3197 550
3196 550
3195 550
3194 551
3193 552
3192 552
3191 552
3190 553
3189 553
3188 553
3187 553
3186 553
3185 553
3184 554
3183 554
3182 554
3181 554
3180 555
3179 555
3178 556
3177 556
3176 556
3175 556
3174 557
3173 558
3172 559
3171 559
3170 560
3169 560
3168 561
3167 561
3166 562
3165 562
3164 563
3163 563
3162 564
3161 564
3160 565
3159 565
3158 566
3157 566
3156 567
3155 567
3154 568
3153 568
3152 569
3151 569
3150 570
3149 570
3148 571
3147 571
3146 572
3145 572
3144 573
3143 574
3142 575
3141 575
3140 576
3139 576
3138 577
3137 578
3136 578
3135 578
3134 579
3133 580
3132 581
3131 581
3130 582
3129 582
3128 583
3127 584
3126 584
3125 584
3124 585
3123 585
3122 586
3121 586
3120 586
3119 586
3118 587
3117 587
3116 588
3115 588
3114 588
3113 588
3112 589
3111 590
3110 590
3109 590
3108 591
3107 591
3106 592
3105 592
3104 592
3103 592
3102 593
3101 594
3100 594
3099 594
3098 595
3097 596
3096 596
3095 596
3094 597
3093 598
3092 598
3091 598
3090 599
3089 600
3088 600
3087 600
3086 601
3085 602
3084 602
3083 602
3082 603
3081 604
3080 604
3079 604
3078 605
3077 606
3076 607
3075 607
3074 608
3073 608
3072 609
3071 610
3070 611
3069 611
3068 612
3067 612
3066 613
3065 614
3064 614
3063 614
3062 615
3061 616
3060 616
3059 616
3058 617
3057 618
3056 619
3055 619
3054 620
3053 620
3052 621
3051 622
3050 622
3049 622
3048 623
3047 624
3046 624
3045 624
3044 625
3043 626
3042 626
3041 626
3040 627
3039 627
3038 628
3037 628
3036 628
3035 628
3034 629
3033 630
3032 630
3031 630
3030 631
3029 631
3028 632
3027 632
3026 632
3025 632
3024 633
3023 634
3022 634
3021 634
3020 635
3019 636
3018 636
3017 636
3016 637
3015 638
3014 638
3013 638
3012 639
3011 639
3010 639
3009 639
3008 640
3007 640
3006 640
3005 640
3004 641
3003 642
3002 642
3001 642
3000 643
2999 643
2998 644
2997 644
2996 644
2995 644
2994 645
2993 645
2992 646
2991 646
2990 646
2989 646
2988 647
2987 648
2986 648
2985 648
2984 649
2983 649
2982 650
2981 650
2980 651
2979 651
2978 652
2977 652
2976 653
2975 654
2974 654
2973 654
2972 655
2971 655
2970 656
2969 656
2968 657
2967 657
2966 658
2965 658
2964 659
2963 660
2962 661
2961 661
2960 662
2959 662
2958 663
2957 664
2956 664
2955 664
2954 665
2953 666
2952 667
2951 668
2950 668
2949 669
2948 670
2947 670
2946 671
2945 672
2944 673
2943 674
2942 674
2941 675
2940 676
2939 676
2938 677
2937 678
2936 679
2935 679
2934 680
2933 680
2932 681
2931 682
2930 682
2929 682
2928 683
2927 684
2926 684
2925 684
2924 685
2923 686
2922 687
2921 687
2920 688
2919 688
2918 689
2917 690
2916 691
2915 692
2914 692
2913 693
2912 694
2911 694
2910 695
2909 696
2908 697
2907 698
2906 698
2906 699
2905 700
2904 700
2904 701
2903 702
2902 702
2902 703
2901 704
2900 704
2900 705
2899 706
2898 706
2898 707
2897 708
2896 708
2896 709
2895 710
2894 710
2894 711
2893 712
2892 712
2892 713
2891 714
2890 714
2890 715
2889 716
2888 716
2888 717
2887 718
2886 719
2885 720
2884 721
2884 722
2884 723
2883 724
2882 725
2882 726
2881 727
2881 728
2880 729
2880 730
2879 731
2879 732
2878 733
2878 734
2878 735
2878 736
2877 737
2877 738
2876 739
2876 740
2876 741
2876 742
2875 743
2875 744
2875 745
2875 746
2875 747
2875 748
2875 749
2875 750
2875 751
2875 752
2875 753
2875 754
2875 755
2875 756
2875 757
2875 758
2875 759
2875 760
2875 761
2875 762
2876 763
2876 764
2876 765
2876 766
2877 767
2877 768
2878 769
2878 770
2878 771
2878 772
2879 773
2880 774
2880 775
2880 776
2881 777
2882 778
2882 779
2882 780
2883 781
2884 782
2885 783
2885 784
2886 785
2886 786
2887 787
2888 788
2889 789
2890 790
2890 791
2891 791
2892 792
2892 793
2893 793
2894 794
2895 795
2896 796
2897 797
2898 797
2899 798
2900 798
2901 799
2902 800
2903 801
2904 801
2905 801
2906 802
2907 803
2908 803
2909 804
2910 804
2911 805
2912 806
2913 807
2914 807
2915 807
2916 808
2917 809
2918 809
2919 809
2920 810
2921 811
2922 811
2923 811
2924 812
2925 813
2926 813
2927 813
2928 813
2929 814
2930 814
2931 814
2932 814
2933 815
2934 815
2935 815
2936 815
2937 816
2938 816
2939 816
2940 816
2941 816
2942 816
2943 816
2944 816
2945 817
2946 817
2947 817
2948 817
2949 818
2950 818
2951 819
2952 819
2953 819
2954 819
2955 820
2956 820
2957 821
2958 821
2959 821
2960 821
2961 822
2962 822
2963 822
2964 822
2965 822
2966 822
2967 822
2968 822
2969 822
2970 822
2971 822
2972 822
2973 822
2974 822
2975 823
2976 823
2977 823
2978 824
2979 825
2980 825
2981 825
2982 825
2983 826
2984 826
2985 826
2986 826
2987 827
2988 827
2989 827
2990 827
2991 828
2992 828
2993 828
2994 828
2995 828
2996 828
2997 828
2998 828
2999 828
3000 828
3001 828
3002 828
3003 828
3004 828
3005 828
3006 828
3007 828
3008 828
3009 828
3010 828
3011 828
3012 828
3013 828
3014 828
3015 828
3016 828
3017 828
3018 828
3019 829
3020 829
3021 829
3022 829
3023 830
3024 830
3025 830
3026 830
3027 830
3028 830
3029 830
3030 830
3031 830
3032 830
3033 830
3034 830
3035 830
3036 830
3037 831
3038 831
3039 831
3040 831
3041 832
3042 832
3043 832
3044 832
3045 832
3046 832
3047 832
3048 832
3049 832
3050 832
3051 832
3052 832
3053 833
3054 833
3055 833
3056 833
3057 834
3058 834
3059 835
3060 835
3061 835
3062 835
3063 836
3064 836
3065 836
3066 836
3067 836
3068 836
3069 836
3070 836
3071 836
3072 836
3073 836
3074 836
3075 837
3076 837
3077 837
3078 837
3079 838
3080 838
3081 838
3082 838
3083 838
3084 838
3085 838
3086 838
3087 838
3088 838
3089 838
3090 838
3091 838
3092 838
3093 838
3094 838
3095 838
3096 838
3097 838
3098 838
3099 838
3100 838
3101 838
3102 838
3103 838
3104 838
3105 838
3106 838
3107 838
3108 838
3109 838
3110 838
3111 838
3112 838
3113 838
3114 838
3115 838
3116 838
3117 838
3118 838
3119 838
3120 838
3121 838
3122 838
3123 837
3124 837
3125 837
3126 837
3127 836
3128 836
3129 836
3130 836
3131 836
3132 836
3133 836
3134 836
3135 836
3136 836
3137 836
3138 836
3139 836
3140 836
3141 836
3142 836
3143 836
3144 836
3145 836
3146 836
3147 836
3148 836
3149 836
3150 836
3151 836
3152 836
3153 836
3154 836
3155 836
3156 836
3157 836
3158 836
3159 836
3160 836
3161 836
3162 836
3163 836
3164 836
3165 836
3166 836
3167 836
3168 836
3169 836
3170 836
3171 836
3172 836
3173 836
3174 836
3175 836
3176 836
3177 837
3178 837
3179 837
3180 837
3181 838
3182 838
3183 838
3184 838
3185 838
3186 838
3187 838
3188 838
3189 838
3190 838
3191 838
3192 838
3193 839
3194 839
3195 839
3196 839
3197 840
3198 840
3199 841
3200 841
3201 841
3202 841
3203 842
3204 842
3205 842
3206 842
3207 842
3208 842
3209 843
3210 843
3211 843
3212 843
3213 844
3214 844
3215 844
3216 844
3217 844
3218 844
3219 844
3220 844
3221 845
3222 845
3223 845
3224 845
3225 846
3226 846
3227 846
3228 846
3229 846
3230 846
3231 847
3232 847
3233 847
3234 847
3235 848
3236 848
3237 849
3238 849
3239 849
3240 849
3241 850
3242 850
3243 850
3244 850
3245 850
3246 850
3247 851
3248 851
3249 851
3250 851
3251 852
3252 852
3253 852
3254 852
3255 852
3256 852
3257 852
3258 852
3259 852
3260 852
3261 852
3262 852
3263 852
3264 852
3265 852
3266 852
3267 852
3268 852
3269 852
3270 852
3271 852
3272 852
3273 852
3274 852
3275 852
3276 852
3277 852
3278 852
3279 852
3280 852
3281 852
3282 852
3283 852
3284 852
3285 852
3286 852
3287 852
3288 852
3289 852
3290 852
3291 852
3292 852
3293 852
3294 852
3295 852
3296 852
3297 852
3298 852
3299 852
3300 852
3301 853
3302 853
3303 853
3304 853
3305 854
3306 854
3307 854
3308 854
3309 854
3310 854
3311 854
3312 854
3313 854
3314 854
3315 854
3316 854
3317 854
3318 854
3319 854
3320 854
3321 855
3322 855
3323 855
3324 855
3325 856
3326 856
3327 856
3328 856
3329 856
3330 856
3331 856
3332 856
3333 856
3334 856
3335 856
3336 856
3337 856
3338 856
3339 856
3340 856
3341 856
3342 856
3343 856
3344 856
3345 856
3346 856
3347 856
3348 856
3349 856
3350 856
3351 856
3352 856
3353 856
3354 856
3355 856
3356 856
3357 856
3358 856
3359 856
3360 856
3361 857
3362 857
3363 857
3364 857
3365 858
3366 858
3367 858
3368 858
3369 859
3370 859
3371 859
3372 859
3373 860
3374 860
3375 860
3376 860
3377 860
3378 860
3379 861
3380 861
3381 861
3382 861
3383 862
3384 862
3385 863
3386 863
3387 863
3388 863
3389 864
3390 864
3391 864
3392 864
3393 864
3394 864
3395 864
3396 864
3397 864
3398 864
3399 865
3400 865
3401 865
3402 865
3403 866
3404 866
3405 866
3406 866
3407 867
3408 867
3409 867
3410 867
3411 868
3412 868
3413 868
3414 868
3415 868
3416 868
3417 868
3418 868
3419 868
3420 868
3421 868
3422 868
3423 869
3424 869
3425 869
3426 869
3427 870
3428 870
3429 870
3430 870
3431 871
3432 871
3433 871
3434 871
3435 872
3436 872
3437 872
3438 872
3439 872
3440 872
3441 872
3442 872
3443 872
3444 872
3445 873
3446 873
3447 873
3448 873
3449 874
3450 874
3451 874
3452 874
3453 874
3454 874
3455 874
3456 874
3457 874
3458 874
3459 874
3460 874
3461 875
3462 875
3463 875
3464 875
3465 876
3466 876
3467 876
3468 876
3469 876
3470 876
3471 877
3472 877
3473 877
3474 877
3475 878
3476 878
3477 878
3478 878
3479 878
3480 878
3481 878
3482 878
3483 879
3484 879
3485 879
3486 879
3487 880
3488 880
3489 881
3490 881
3491 881
3492 881
3493 882
3494 882
3495 883
3496 883
3497 883
3498 883
3499 884
3500 884
3501 884
3502 884
3503 884
3504 884
3505 885
3506 885
3507 885
3508 885
3509 886
3510 886
3511 886
3512 886
3513 887
3514 887
3515 887
3516 887
3517 888
3518 888
3519 888
3520 888
3521 888
3522 888
3523 888
3524 888
3525 889
3526 889
3527 889
3528 889
3529 890
3530 890
3531 891
3532 891
3533 891
3534 892
3535 893
3536 893
3537 893
3538 893
3539 894
3540 894
3541 895
3542 895
3543 895
3544 895
3545 896
3546 896
3547 897
3548 897
3549 897
3550 897
3551 898
3552 898
3553 899
3554 899
3555 899
3556 899
3557 900
3558 900
3559 901
3560 901
3561 901
3562 901
3563 902
3564 902
3565 903
3566 903
3567 903
3568 903
3569 904
3570 904
3571 904
3572 904
3573 904
3574 904
3575 905
3576 905
3577 905
3578 905
3579 906
3580 906
3581 906
3582 906
3583 906
3584 906
3585 907
3586 907
3587 907
3588 907
3589 908
3590 908
3591 908
3592 908
3593 908
3594 908
3595 908
3596 908
3597 908
3598 908
3599 908
3600 908
3601 908
3602 908
3603 909
3604 909
3605 909
3606 909
3607 910
3608 910
3609 910
3610 910
3611 910
3612 910
3613 910
3614 910
3615 910
3616 910
3617 910
3618 910
3619 911
3620 911
3621 911
3622 911
3623 912
3624 912
3625 912
3626 912
3627 912
3628 912
3629 912
3630 912
3631 912
3632 912
3633 912
3634 912
3635 912
3636 912
3637 912
3638 912
3639 912
3640 912
3641 912
3642 912
3643 912
3644 912
3645 912
3646 912
3647 912
3648 912
3649 912
3650 912
3651 912
3652 912
3653 912
3654 912
3655 912
3656 912
3657 912
3658 912
3659 912
3660 912
3661 912
3662 912
3663 912
3664 912
3665 912
3666 912
3667 912
3668 912
3669 912
3670 912
3671 912
3672 912
3673 912
3674 912
3675 912
3676 912
3677 912
3678 912
3679 912
3680 912
3681 913
3682 913
3683 913
3684 913
3685 914
3686 914
3687 914
3688 914
3689 914
3690 914
3691 915
3692 915
3693 915
3694 915
3695 916
3696 916
3697 916
3698 916
3699 916
3700 916
3701 916
3702 916
3703 916
3704 916
3705 917
3706 917
3707 917
3708 917
3709 918
3710 918
3711 918
3712 918
3713 919
3714 919
3715 919
3716 919
3717 920
3718 920
3719 921
3720 921
3721 921
3722 922
3723 923
3724 923
3725 923
3726 923
3727 924
3728 924
3729 925
3730 925
3731 925
3732 925
3733 926
3734 926
3735 927
3736 927
3737 927
3738 927
3739 928
3740 928
3741 929
3742 929
3743 929
3744 929
3745 930
3746 930
3747 930
3748 930
3749 931
3750 931
3751 931
3752 931
3753 932
3754 932
3755 933
3756 933
3757 933
3758 933
3759 934
3760 934
3761 934
3762 934
3763 935
3764 935
3765 935
3766 935
3767 936
3768 936
3769 936
3770 936
3771 936
3772 936
3773 936
3774 936
3775 936
3776 936
3777 936
3778 936
3779 936
3780 936
3781 936
3782 936
3783 936
3784 936
3785 936
3786 936
3787 936
3788 936
3789 936
3790 936
3791 936
3792 936
3793 936
3794 936
3795 936
3796 936
3797 936
3798 936
3799 936
3800 936
3801 936
3802 936
3803 936
3804 936
3805 936
3806 936
3807 936
3808 936
3809 936
3810 936
3811 936
3812 936
3813 936
3814 936
3815 937
3816 937
3817 937
3818 937
3819 938
3820 938
3821 938
3822 938
3823 938
3824 938
3825 938
3826 938
3827 939
3828 939
3829 939
3830 939
3831 940
3832 940
3833 940
3834 940
3835 940
3836 940
3837 941
3838 941
3839 941
3840 941
3841 942
3842 942
3843 942
3844 942
3845 942
3846 942
3847 942
3848 942
3849 942
3850 942
3851 942
3852 942
3853 943
3854 943
3855 943
3856 943
3857 944
3858 944
3859 944
3860 944
3861 944
3862 944
3863 944
3864 944
3865 945
3866 945
3867 945
3868 945
3869 946
3870 946
3871 947
3872 947
3873 947
3874 947
3875 948
3876 948
3877 948
3878 948
3879 949
3880 949
3881 949
3882 949
3883 950
3884 950
3885 950
3886 950
3887 950
3888 950
3889 950
3890 950
3891 950
3892 950
3893 950
3894 950
3895 950
3896 950
3897 951
3898 951
3899 951
3900 951
3901 952
3902 952
3903 952
3904 952
3905 952
3906 952
3907 953
3908 953
3909 953
3910 953
3911 954
3912 954
3913 954
3914 954
3915 954
3916 954
3917 955
3918 955
3919 955
3920 955
3921 956
3922 956
3923 956
3924 956
3925 957
3926 957
3927 958
3928 958
3929 959
3930 959
3931 960
3932 960
3933 961
3934 961
3935 961
3936 961
3937 962
3938 962
3939 963
3940 963
3941 963
3942 964
3943 965
3944 965
3945 965
3946 965
3947 966
3948 966
3949 967
3950 967
3951 967
3952 968
3953 969
3954 969
3955 969
3956 969
3957 970
3958 970
3959 971
3960 971
3961 971
3962 971
3963 972
3964 972
3965 973
3966 973
3967 973
3968 973
3969 974
3970 974
3971 975
3972 975
3973 975
3974 975
3975 976
3976 976
3977 976
3978 976
3979 976
3980 976
3981 976
3982 976
3983 977
3984 977
3985 977
3986 977
3987 978
3988 978
3989 978
3990 978
3991 979
3992 979
3993 979
3994 979
3995 980
3996 980
3997 980
3998 980
3999 981
4000 981
4001 981
4002 981
4003 982
4004 982
4005 982
4006 982
4007 983
4008 983
4009 983
4010 983
4011 984
4012 984
4013 984
4014 984
4015 984
4016 984
4017 985
4018 985
4019 985
4020 986
4021 987
4022 987
4023 987
4024 988
4025 989
4026 989
4027 989
4028 989
4029 990
4030 990
4031 991
4032 991
4033 991
4034 991
4035 992
4036 992
4037 993
4038 993
4039 993
4040 994
4041 995
4042 995
4043 995
4044 995
4045 996
4046 996
4047 997
4048 997
4049 997
4050 998
4051 999
4052 999
4053 999
4054 1000
4055 1001
4056 1001
4057 1001
4058 1002
4059 1003
4060 1003
4061 1004
4062 1004
4063 1005
4064 1006
4065 1007
4066 1007
4067 1007
4068 1008
4069 1009
4070 1009
4071 1010
4072 1010
4073 1011
4074 1012
4075 1013
4076 1013
4077 1013
4078 1014
4079 1015
4080 1015
4081 1015
4082 1015
4083 1016
4084 1016
4085 1017
4086 1017
4087 1017
4088 1017
4089 1018
4090 1018
4091 1018
4092 1018
4093 1018
4094 1018
4095 1018
4096 1018
4097 1018
4098 1018
4099 1018
4100 1018
4101 1018
4102 1018
4103 1018
4104 1018
4105 1018
4106 1018
4107 1019
4108 1019
4109 1019
4110 1019
4111 1020
4112 1020
4113 1020
4114 1020
4115 1021
4116 1021
4117 1021
4118 1021
4119 1022
4120 1022
4121 1022
4122 1022
4123 1022
4124 1022
4125 1022
4126 1022
4127 1022
4128 1022
4129 1021
4130 1021
4131 1021
4132 1021
4133 1020
4134 1020
4135 1020
4136 1020
4137 1019
4138 1019
4139 1019
4140 1019
4141 1018
4142 1018
4143 1017
4144 1017
4145 1017
4146 1017
4147 1016
4148 1016
4149 1015
4150 1015
4151 1015
4152 1015
4153 1014
4154 1014
4155 1013
4156 1013
4157 1013
4158 1013
4159 1012
4160 1012
4161 1011
4162 1011
4163 1011
4164 1011
4165 1010
4166 1010
4167 1009
4168 1009
4169 1009
4170 1009
4171 1008
4172 1008
4173 1007
4174 1007
4175 1007
4176 1007
4177 1006
4178 1006
4179 1005
4180 1005
4181 1005
4182 1005
4183 1004
4184 1004
4185 1003
4186 1003
4187 1003
4188 1003
4189 1002
4190 1002
4191 1002
4192 1002
4193 1001
4194 1001
4195 1001
4196 1001
4197 1000
4198 999
4199 999
4200 999
4201 998
4202 998
4203 998
4204 998
4205 997
4206 997
4207 997
4208 997
4209 996
4210 995
4211 995
4212 995
4213 994
4214 994
4215 994
4216 994
4217 993
4218 993
4219 993
4220 993
4221 992
4222 992
4223 991
4224 991
4225 991
4226 991
4227 990
4228 990
4229 989
4230 989
4231 989
4232 989
4233 988
4234 988
4235 988
4236 988
4237 987
4238 987
4239 987
4240 987
4241 986
4242 986
4243 986
4244 986
4245 985
4246 985
4247 985
4248 985
4249 984
4250 984
4251 984
4252 984
4253 983
4254 983
4255 983
4256 983
4257 982
4258 982
4259 982
4260 982
4261 982
4262 982
4263 982
4264 982
4265 981
4266 981
4267 981
4268 981
4269 980
4270 980
4271 980
4272 980
4273 980
4274 980
4275 980
4276 980
4277 980
4278 980
4279 980
4280 980
4281 980
4282 980
4283 980
4284 980
4285 980
4286 980
4287 980
4288 980
4289 980
4290 980
4291 980
4292 980
4293 980
4294 980
4295 981
4296 981
4297 981
4298 981
4299 982
4300 982
4301 982
4302 982
4303 982
4304 982
4305 982
4306 982
4307 982
4308 982
4309 981
4310 981
4311 981
4312 981
4313 980
4314 980
4315 980
4316 980
4317 980
4318 980
4319 980
4320 980
4321 980
4322 980
4323 980
4324 980
4325 980
4326 980
4327 980
4328 980
4329 980
4330 980
4331 980
4332 980
4333 980
4334 980
4335 980
4336 980
4337 980
4338 980
4339 980
4340 980
4341 980
4342 980
4343 979
4344 979
4345 979
4346 979
4347 978
4348 978
4349 978
4350 978
4351 978
4352 978
4353 978
4354 978
4355 978
4356 978
4357 978
4358 978
4359 978
4360 978
4361 978
4362 978
4363 978
4364 978
4365 978
4366 978
4367 978
4368 978
4369 978
4370 978
4371 977
4372 977
4373 977
4374 977
4375 976
4376 976
4377 976
4378 976
4379 976
4380 976
4381 976
4382 976
4383 976
4384 976
4385 976
4386 976
4387 976
4388 976
4389 976
4390 976
4391 976
4392 976
4393 976
4394 976
4395 976
4396 976
4397 976
4398 976
4399 976
4400 976
4401 976
4402 976
4403 976
4404 976
4405 976
4406 976
4407 976
4408 976
4409 976
4410 976
4411 976
4412 976
4413 976
4414 976
4415 976
4416 976
4417 976
4418 976
4419 976
4420 976
4421 976
4422 976
4423 976
4424 976
4425 976
4426 976
4427 977
4428 977
4429 977
4430 977
4431 978
4432 978
4433 978
4434 978
4435 978
4436 978
4437 979
4438 979
4439 979
4440 979
4441 980
4442 980
4443 980
4444 980
4445 980
4446 980
4447 980
4448 980
4449 980
4450 980
4451 980
4452 980
4453 981
4454 981
4455 981
4456 981
4457 982
4458 982
4459 982
4460 982
4461 982
4462 982
4463 982
4464 982
4465 982
4466 982
4467 982
4468 982
4469 982
4470 982
4471 982
4472 982
4473 982
4474 982
4475 982
4476 982
4477 982
4478 982
4479 982
4480 982
4481 983
4482 983
4483 983
4484 983
4485 984
4486 984
4487 984
4488 984
4489 984
4490 984
4491 984
4492 984
4493 984
4494 984
4495 984
4496 984
4497 984
4498 984
4499 984
4500 984
4501 984
4502 984
4503 984
4504 984
4505 984
4506 984
4507 984
4508 984
4509 984
4510 984
4511 984
4512 984
4513 984
4514 984
4515 984
4516 984
4517 984
4518 984
4519 984
4520 984
4521 984
4522 984
4523 984
4524 984
4525 984
4526 984
4527 984
4528 984
4529 984
4530 984
4531 984
4532 984
4533 983
4534 983
4535 983
4536 983
4537 982
4538 982
4539 982
4540 982
4541 982
4542 982
4543 982
4544 982
4545 982
4546 982
4547 982
4548 982
4549 982
4550 982
4551 982
4552 982
4553 982
4554 982
4555 982
4556 982
4557 982
4558 982
4559 982
4560 982
4561 982
4562 982
4563 982
4564 982
4565 982
4566 982
4567 982
4568 982
4569 982
4570 982
4571 982
4572 982
4573 982
4574 982
4575 982
4576 982
4577 982
4578 982
4579 982
4580 982
4581 982
4582 982
4583 982
4584 982
4585 982
4586 982
4587 982
4588 982
4589 982
4590 982
4591 982
4592 982
4593 982
4594 982
4595 982
4596 982
4597 982
4598 982
4599 982
4600 982
4601 982
4602 982
4603 982
4604 982
4605 982
4606 982
4607 982
4608 982
4609 982
4610 982
4611 982
4612 982
4613 982
4614 982
4615 983
4616 983
4617 983
4618 983
4619 984
4620 984
4621 984
4622 984
4623 984
4624 984
4625 985
4626 985
4627 985
4628 985
4629 986
4630 986
4631 986
4632 986
4633 986
4634 986
4635 986
4636 986
4637 987
4638 987
4639 987
4640 987
4641 988
4642 988
4643 988
4644 988
4645 989
4646 989
4647 989
4648 989
4649 990
4650 990
4651 990
4652 990
4653 990
4654 990
4655 991
4656 991
4657 991
4658 991
4659 992
4660 992
4661 992
4662 992
4663 993
4664 993
4665 993
4666 993
4667 994
4668 994
4669 995
4670 995
4671 995
4672 995
4673 996
4674 996
4675 997
4676 997
4677 997
4678 997
4679 998
4680 998
4681 998
4682 998
4683 998
4684 998
4685 998
4686 998
4687 999
4688 999
4689 999
4690 999
4691 1000
4692 1000
4693 1000
4694 1000
4695 1001
4696 1001
4697 1001
4698 1001
4699 1002
4700 1002
4701 1002
4702 1002
4703 1002
4704 1002
4705 1003
4706 1003
4707 1003
4708 1004
4709 1005
4710 1005
4711 1006
4712 1006
4713 1007
4714 1007
4715 1008
4716 1008
4717 1009
4718 1009
4719 1009
4720 1009
4721 1010
4722 1010
4723 1010
4724 1010
4725 1011
4726 1011
4727 1011
4728 1011
4729 1012
4730 1012
4731 1012
4732 1012
4733 1013
4734 1013
4735 1013
4736 1013
4737 1014
4738 1014
4739 1014
4740 1014
4741 1014
4742 1014
4743 1015
4744 1015
4745 1015
4746 1015
4747 1016
4748 1016
4749 1016
4750 1016
4751 1016
4752 1016
4753 1017
4754 1017
4755 1017
4756 1017
4757 1018
4758 1018
4759 1018
4760 1018
4761 1019
4762 1019
4763 1019
4764 1019
4765 1020
4766 1020
4767 1020
4768 1020
4769 1020
4770 1020
4771 1020
4772 1020
4773 1020
4774 1020
4775 1020
4776 1020
4777 1021
4778 1021
4779 1021
4780 1022
4781 1023
4782 1023
4783 1023
4784 1023
4785 1024
4786 1024
4787 1024
4788 1024
4789 1024
4790 1024
4791 1024
4792 1024
4793 1024
4794 1024
4795 1024
4796 1024
4797 1024
4798 1024
4799 1024
4800 1024
4801 1024
4802 1024
4803 1024
4804 1024
4805 1024
4806 1024
4807 1024
4808 1024
4809 1024
4810 1024
4811 1024
4812 1024
4813 1024
4814 1024
4815 1024
4816 1024
4817 1024
4818 1024
4819 1024
4820 1024
4821 1025
4822 1025
4823 1025
4824 1025
4825 1026
4826 1026
4827 1026
4828 1026
4829 1027
4830 1027
4831 1027
4832 1027
4833 1028
4834 1028
4835 1028
4836 1028
4837 1028
4838 1028
4839 1028
4840 1028
4841 1028
4842 1028
4843 1028
4844 1028
4845 1028
4846 1028
4847 1028
4848 1028
4849 1028
4850 1028
4851 1028
4852 1028
4853 1028
4854 1028
4855 1028
4856 1028
4857 1028
4858 1028
4859 1028
4860 1028
4861 1028
4862 1028
4863 1028
4864 1028
4865 1028
4866 1028
4867 1028
4868 1028
4869 1028
4870 1028
4871 1028
4872 1028
4873 1028
4874 1028
4875 1028
4876 1028
4877 1028
4878 1028
4879 1027
4880 1027
4881 1027
4882 1027
4883 1026
4884 1026
4885 1026
4886 1026
4887 1026
4888 1026
4889 1025
4890 1025
4891 1025
4892 1025
4893 1024
4894 1024
4895 1024
4896 1024
4897 1024
4898 1024
4899 1023
4900 1023
4901 1023
4902 1023
4903 1022
4904 1022
4905 1022
4906 1022
4907 1022
4908 1022
4909 1021
4910 1021
4911 1021
4912 1021
4913 1020
4914 1020
4915 1019
4916 1019
4917 1019
4918 1019
4919 1018
4920 1018
4921 1018
4922 1018
4923 1018
4924 1018
4925 1018
4926 1018
4927 1018
4928 1018
4929 1018
4930 1018
4931 1017
4932 1017
4933 1017
4934 1017
4935 1016
4936 1016
4937 1016
4938 1016
4939 1016
4940 1016
4941 1016
4942 1016
4943 1016
4944 1016
4945 1015
4946 1015
4947 1015
4948 1015
4949 1014
4950 1014
4951 1014
4952 1014
4953 1014
4954 1014
4955 1014
4956 1014
4957 1014
4958 1014
4959 1014
4960 1014
4961 1014
4962 1014
4963 1014
4964 1014
4965 1014
4966 1014
4967 1014
4968 1014
4969 1014
4970 1014
4971 1014
4972 1014
4973 1013
4974 1013
4975 1013
4976 1013
4977 1012
4978 1012
4979 1012
4980 1012
4981 1011
4982 1011
4983 1011
4984 1011
4985 1010
4986 1010
4987 1009
4988 1009
4989 1009
4990 1009
4991 1008
4992 1008
4993 1007
4994 1007
4995 1007
4996 1007
4997 1006
4998 1006
4999 1005
5000 1005
5001 1005
5002 1005
5003 1004
5004 1004
5005 1004
5006 1004
5007 1004
5008 1004
5009 1004
5010 1004
5011 1004
5012 1004
5013 1003
5014 1003
5015 1003
5016 1003
5017 1002
5018 1002
5019 1002
5020 1002
5021 1002
5022 1002
5023 1002
5024 1002
5025 1002
5026 1002
5027 1002
5028 1002
5029 1001
5030 1001
5031 1001
5032 1001
5033 1000
5034 999
5035 999
5036 999
5037 998
5038 998
5039 998
5040 998
5041 997
5042 997
5043 997
5044 997
5045 996
5046 996
5047 995
5048 995
5049 995
5050 995
5051 994
5052 993
5053 993
5054 993
5055 992
5056 992
5057 991
5058 991
5059 991
5060 991
5061 990
5062 989
5063 989
5064 989
5065 988
5066 987
5067 987
5068 987
5069 986
5070 986
5071 985
5072 985
5073 985
5074 985
5075 984
5076 983
5077 983
5078 983
5079 982
5080 981
5081 981
5082 981
5083 980
5084 980
5085 979
5086 979
5087 979
5088 979
5089 978
5090 977
5091 977
5092 977
5093 976
5094 975
5095 974
5096 974
5097 973
5098 973
5099 972
5100 971
5101 971
5102 971
5103 970
5104 969
5105 969
5106 969
5107 968
5108 968
5109 968
5110 968
5111 967
5112 967
5113 967
5114 967
5115 966
5116 966
5117 966
5118 966
5119 966
5120 966
5121 966
5122 966
5123 966
5124 966
5125 966
5126 966
5127 966
5128 966
5129 965
5130 965
5131 965
5132 965
5133 964
5134 964
5135 964
5136 964
5137 963
5138 963
5139 963
5140 963
5141 962
5142 961
5143 961
5144 961
5145 960
5146 959
5147 959
5148 959
5149 958
5150 957
5151 957
5152 957
5153 956
5154 955
5155 955
5156 955
5157 954
5158 953
5159 953
5160 953
5161 952
5162 951
5163 950
5164 950
5165 949
5166 949
5167 948
5168 948
5169 947
5170 947
5171 947
5172 947
5173 946
5174 945
5175 945
5176 945
5177 944
5178 944
5179 943
5180 943
5181 943
5182 943
5183 942
5184 942
5185 941
5186 941
5187 941
5188 941
5189 940
5190 939
5191 939
5192 939
5193 938
5194 937
5195 937
5196 937
5197 936
5198 935
5199 935
5200 935
5201 934
5202 933
5203 932
5204 932
5205 931
5206 931
5207 930
5208 929
5209 928
5210 928
5211 927
5212 927
5213 926
5214 926
5215 925
5216 925
5217 925
5218 925
5219 924
5220 924
5221 924
5222 924
5223 924
5224 924
5225 924
5226 924
5227 924
5228 924
5229 924
5230 924
5231 924
5232 924
5233 924
5234 924
5235 924
5236 924
5237 924
5238 924
5239 924
5240 924
5241 924
5242 924
5243 924
5244 924
5245 924
5246 924
5247 924
5248 924
5249 924
5250 924
5251 923
5252 923
5253 923
5254 923
5255 922
5256 922
5257 921
5258 921
5259 920
5260 919
5261 919
5261 918
5262 917
5263 916
5264 915
5265 914
5265 913
5266 912
5266 911
5267 910
5268 909
5269 908
5269 907
5269 906
5270 905
5271 904
5271 903
5271 902
5271 901
5272 900
5272 899
5273 898
5273 897
5274 896
5274 895
5275 894
5276 893
5277 892
5277 891
5277 890
5277 889
5278 888
5278 887
5279 886
5279 885
5279 884
5279 883
5280 882
5280 881
5280 880
5280 879
5280 878
5280 877
5280 876
5280 875
5280 874
5280 873
5280 872
5280 871
5280 870
5280 869
5280 868
5280 867
5280 866
5280 865
5280 864
5280 863
5280 862
5280 861
5280 860
5280 859
5280 858
5280 857
5280 856
5280 855
5280 854
5280 853
5281 852
5281 851
5281 850
5281 849
5282 848
5282 847
5282 846
5282 845
5282 844
5282 843
5283 842
5283 841
5283 840
5283 839
5284 838
5284 837
5285 836
5285 835
5285 834
5285 833
5286 832
5286 831
5287 830
5287 829
5287 828
5287 827
5288 826
5288 825
5288 824
5288 823
5288 822
5288 821
5288 820
5288 819
5288 818
5288 817
5288 816
5288 815
5288 814
5288 813
5288 812
5288 811
5288 810
5288 809
5288 808
5288 807
5288 806
5288 805
5288 804
5288 803
5288 802
5288 801
5288 800
5288 799
5288 798
5288 797
5288 796
5288 795
5288 794
5288 793
5288 792
5288 791
5288 790
5288 789
5288 788
5288 787
5288 786
5288 785
5288 784
5288 783
5288 782
5288 781
5288 780
5288 779
5288 778
5288 777
5288 776
5288 775
5288 774
5288 773
5288 772
5288 771
5289 770
5289 769
5289 768
5289 767
5290 766
5290 765
5290 764
5290 763
5290 762
5290 761
5290 760
5290 759
5291 758
5291 757
5291 756
5291 755
5292 754
5292 753
5292 752
5292 751
5292 750
5292 749
5292 748
5292 747
5292 746
5292 745
5293 744
5293 743
5293 742
5293 741
5294 740
5294 739
5294 738
5294 737
5294 736
5294 735
5294 734
5294 733
5294 732
5294 731
5294 730
5294 729
5294 728
5294 727
5294 726
5294 725
5294 724
5294 723
5294 722
5294 721
5294 720
5294 719
5295 718
5295 717
5295 716
5295 715
5296 714
5296 713
5296 712
5296 711
5296 710
5296 709
5296 708
5296 707
5296 706
5296 705
5297 704
5297 703
5297 702
5297 701
5298 700
5298 699
5298 698
5298 697
5299 696
5299 695
5299 694
5300 693
5301 692
5301 691
5301 690
5301 689
5302 688
5302 687
5302 686
5302 685
5302 684
5302 683
5302 682
5302 681
5303 680
5303 679
5303 678
5303 677
5304 676
5304 675
5304 674
5304 673
5304 672
5304 671
5304 670
5304 669
5304 668
5304 667
5304 666
5304 665
5304 664
5304 663
5304 662
5304 661
5304 660
5304 659
5304 658
5304 657
5304 656
5304 655
5304 654
5304 653
5304 652
5304 651
5304 650
5304 649
5304 648
5304 647
5304 646
5304 645
5304 644
5304 643
5304 642
5304 641
5303 640
5303 639
5303 638
5303 637
5302 636
5302 635
5301 634
5301 633
5301 632
5301 631
5300 630
5300 629
5300 628
5300 627
5300 626
5300 625
5300 624
5300 623
5300 622
5300 621
5300 620
5300 619
5300 618
5300 617
5300 616
5300 615
5300 614
5300 613
5300 612
5300 611
5300 610
5300 609
5300 608
5300 607
5300 606
5300 605
5300 604
5300 603
5300 602
5300 601
5300 600
5300 599
5300 598
5300 597
5300 596
5300 595
5300 594
5300 593
5300 592
5300 591
5299 590
5299 589
5299 588
5299 587
5298 586
5298 585
5298 584
5298 583
5298 582
5298 581
5298 580
5298 579
5297 578
5297 577
5297 576
5297 575
5296 574
5296 573
5295 572
5295 571
5295 570
5295 569
5294 568
5294 567
5294 566
5294 565
5293 564
5293 563
5293 562
5293 561
5292 560
5292 559
5291 558
5291 557
5291 556
5291 555
5290 554
5289 553
5289 552
5289 551
5288 550
5287 549
5286 548
5285 547
5285 546
5284 546
5283 545
5283 544
5282 544
5281 543
5281 542
5280 542
5279 541
5279 540
5278 540
5277 539
5277 538
5276 538
5275 537
5275 536
5274 536
5273 535
5273 534
5272 534
5271 533
5271 532
5270 532
5269 531
5268 530
5267 529
5266 528
5265 528
5264 528
5263 527
5262 526
5261 526
5260 526
5259 525
5258 524
5257 524
5256 524
5255 524
5254 523
5253 523
5252 522
5251 522
5250 522
5249 522
5248 521
5247 521
5246 520
5245 520
5244 520
5243 519
5242 518
5241 518
5240 518
5239 518
5238 517
5237 517
5236 517
5235 517
5234 517
5233 517
5232 516
5231 516
5230 516
5229 516
5228 515
5227 515
5226 515
5225 515
5224 514
5223 514
5222 514
5221 514
5220 513
5219 513
5218 512
5217 512
5216 512
5215 511
5214 510
5213 510
5212 510
5211 509
5210 508
5209 508
5208 508
5207 507
5206 506
5205 506
5204 506
5203 506
5202 505
5201 505
5200 504
5199 504
5198 504
5197 503
5196 502
5195 502
5194 502
5193 501
5192 500
5191 500
5190 500
5189 500
5188 499
5187 499
5186 498
5185 498
5184 498
5183 498
5182 497
5181 497
5180 497
5179 497
5178 496
5177 496
5176 496
5175 496
5174 495
5173 495
5172 495
5171 495
5170 494
5169 494
5168 494
5167 494
5166 493
5165 493
5164 492
5163 492
5162 492
5161 492
5160 491
5159 491
5158 491
5157 491
5156 490
5155 490
5154 490
5153 490
5152 489
5151 489
5150 488
5149 488
5148 488
5147 488
5146 487
5145 487
5144 487
5143 487
5142 486
5141 486
5140 486
5139 486
5138 485
5137 485
5136 485
5135 485
5134 484
5133 484
5132 484
5131 483
5130 482
5129 482
5128 482
5127 482
5126 481
5125 481
5124 481
5123 481
5122 480
5121 480
5120 480
5119 479
5118 478
5117 478
5116 478
5115 478
5114 477
5113 477
5112 476
5111 476
5110 476
5109 476
5108 475
5107 475
5106 474
5105 474
5104 474
5103 474
5102 473
5101 473
5100 472
5099 472
5098 472
5097 471
5096 470
5095 470
5094 470
5093 469
5092 468
5091 468
5090 468
5089 468
5088 467
5087 467
5086 466
5085 466
5084 466
5083 466
5082 465
5081 465
5080 464
5079 464
5078 464
5077 464
5076 463
5075 463
5074 462
5073 462
5072 462
5071 461
5070 460
5069 460
5068 460
5067 460
5066 459
5065 459
5064 458
5063 458
5062 458
5061 458
5060 457
5059 457
5058 456
5057 456
5056 456
5055 456
5054 455
5053 455
5052 454
5051 454
5050 454
5049 454
5048 453
5047 453
5046 452
5045 452
5044 452
5043 452
5042 451
5041 451
5040 450
5039 450
5038 450
5037 450
5036 449
5035 449
5034 448
5033 448
5032 448
5031 447
5030 446
5029 446
5028 446
5027 446
5026 445
5025 445
5024 444
5023 444
5022 443
5021 443
5020 442
5019 441
5018 440
5017 440
5016 440
5015 439
5014 438
5013 438
5012 438
5011 437
5010 436
5009 436
5008 436
5007 435
5006 434
5005 434
5004 434
5003 434
5002 433
5001 433
5000 432
4999 432
4998 432
4997 431
4996 430
4995 430
4994 430
4993 430
4992 429
4991 429
4990 429
4989 429
4988 428
4987 428
4986 428
4985 427
4984 426
4983 426
4982 426
4981 425
4980 424
4979 424
4978 424
4977 423
4976 422
4975 422
4974 421
4973 421
4972 420
4971 419
4970 418
4969 418
4968 417
4967 416
4966 416
4965 415
4965 414
4964 414
4963 413
4963 412
4962 412
4961 411
4961 410
4960 410
4959 409
4959 408
4958 408
4957 407
4957 406
4956 406
4955 405
4955 404
4954 404
4953 403
4953 402
4952 402
4951 401
4951 400
4950 400
4949 399
4949 398
4948 398
4947 397
4947 396
4946 396
4945 395
4945 394
4944 394
4943 393
4943 392
4942 392
4941 391
4941 390
4940 390
4939 389
4938 388
4937 387
4936 386
4935 386
4934 385
4933 384
4932 384
4931 383
4931 382
4930 382
4929 381
4929 380
4928 380
4927 379
4927 378
4926 378
4925 377
4925 376
4924 376
4923 375
4922 374
4921 373
4920 372
4919 372
4918 371
4917 371
4916 370
4915 369
4914 368
4913 368
4912 368
4911 367
4910 366
4909 366
4908 366
4907 365
4906 364
4905 364
4904 364
4903 363
4902 362
4901 362
4900 362
4899 361
4898 360
4897 360
4896 360
4895 360
4894 359
4893 359
4892 359
4891 359
4890 358
4889 358
4888 358
4887 358
4886 357
4885 357
4884 357
4883 357
4882 356
4881 356
4880 356
4879 356
4878 355
4877 355
4876 355
4875 355
4874 355
4873 355
4872 355
4871 355
4870 354
4869 354
4868 354
4867 354
4866 353
4865 353
4864 353
4863 353
4862 353
4861 353
4860 353
4859 353
4858 353
4857 353
4856 353
4855 353
4854 353
4853 353
4852 353
4851 353
4850 353
4849 353
4848 353
4847 353
4846 353
4845 353
4844 353
4843 353
4842 353
4841 353
4840 353
4839 353
4838 353
4837 353
4836 353
4835 353
4834 353
4833 353
4832 353
4831 353
4830 353
4829 353
4828 353
4827 353
4826 353
4825 353
4824 353
4823 353
4822 353
4821 353
4820 353
4819 353
4818 353
4817 353
4816 353
4815 353
4814 353
4813 353
4812 353
4811 353
4810 353
4809 353
4808 352
4807 352
4806 352
4805 352
4804 351
4803 351
4802 351
4801 351
4800 350
4799 350
4798 350
4797 350
4796 349
4795 349
4794 348
4793 348
4792 348
4791 348
4790 347
4789 347
4788 347
4787 347
4786 347
4785 347
4784 347
4783 347
4782 347
4781 347
4780 347
4779 347
4778 347
4777 347
4776 347
4775 347
4774 347
4773 347
4772 347
4771 347
4770 347
4769 347
4768 347
4767 347
4766 347
4765 347
4764 347
4763 347
4762 347
4761 347
4760 347
4759 347
4758 347
4757 347
4756 347
4755 347
4754 347
4753 347
4752 347
4751 347
4750 347
4749 347
4748 347
4747 347
4746 347
4745 347
4744 347
4743 347
4742 346
4741 346
4740 346
4739 346
4738 345
4737 345
4736 345
4735 345
4734 345
4733 345
4732 345
4731 345
4730 345
4729 345
4728 344
4727 344
4726 344
4725 344
4724 343
4723 343
4722 343
4721 343
4720 343
4719 343
4718 342
4717 342
4716 342
4715 342
4714 341
4713 341
4712 341
4711 341
4710 341
4709 341
4708 341
4707 341
4706 341
4705 341
4704 340
4703 340
4702 340
4701 340
4700 339
4699 339
4698 339
4697 339
4696 338
4695 338
4694 338
4693 338
4692 337
4691 337
4690 337
4689 337
4688 336
4687 336
4686 336
4685 336
4684 335
4683 335
4682 334
4681 334
4680 334
4679 333
4678 332
4677 332
4676 332
4675 331
4674 330
4673 330
4672 330
4671 329
4670 328
4669 328
4668 328
4667 327
4666 326
4665 326
4664 326
4663 325
4662 324
4661 324
4660 324
4659 323
4658 322
4657 322
4656 322
4655 321
4654 320
4653 320
4652 320
4651 319
4650 318
4649 318
4648 318
4647 318
4646 317
4645 317
4644 316
4643 316
4642 316
4641 316
4640 315
4639 315
4638 315
4637 315
4636 314
4635 314
4634 314
4633 313
4632 312
4631 312
4630 312
4629 312
4628 311
4627 311
4626 311
4625 311
4624 311
4623 311
4622 311
4621 311
4620 311
4619 311
4618 311
4617 311
4616 311
4615 311
4614 311
4613 311
4612 311
4611 311
4610 311
4609 311
4608 310
4607 310
4606 310
4605 310
4604 309
4603 309
4602 309
4601 309
4600 309
4599 309
4598 308
4597 308
4596 308
4595 308
4594 307
4593 307
4592 306
4591 306
4590 306
4589 306
4588 305
4587 305
4586 305
4585 305
4584 305
4583 305
4582 304
4581 304
4580 304
4579 304
4578 303
4577 303
4576 303
4575 303
4574 303
4573 303
4572 303
4571 303
4570 303
4569 303
4568 303
4567 303
4566 303
4565 303
4564 303
4563 303
4562 303
4561 303
4560 303
4559 303
4558 303
4557 303
4556 303
4555 303
4554 303
4553 303
4552 303
4551 303
4550 303
4549 303
4548 303
4547 303
4546 302
4545 302
4544 302
4543 302
4542 301
4541 301
4540 301
4539 301
4538 301
4537 301
4536 301
4535 301
4534 301
4533 301
4532 301
4531 301
4530 301
4529 301
4528 301
4527 301
4526 301
4525 301
4524 301
4523 301
4522 301
4521 301
4520 301
4519 301
4518 301
4517 301
4516 301
4515 301
4514 301
4513 301
4512 301
4511 301
4510 301
4509 301
4508 301
4507 301
4506 301
4505 301
4504 301
4503 301
4502 302
4501 302
4500 302
4499 302
4498 303
4497 303
4496 303
4495 303
4494 303
4493 303
4492 303
4491 303
4490 303
4489 303
4488 303
4487 303
4486 303
4485 303
4484 303
4483 303
4482 303
4481 303
4480 303
4479 303
4478 303
4477 303
4476 303
4475 303
4474 303
4473 303
4472 303
4471 303
4470 303
4469 303
4468 303
4467 303
4466 303
4465 303
4464 303
4463 303
4462 303
4461 303
4460 303
4459 303
4458 303
4457 303
4456 303
4455 303
4454 303
4453 303
4452 303
4451 303
4450 303
4449 303
4448 303
4447 303
4446 304
4445 304
4444 304
4443 304
4442 305
4441 305
4440 305
4439 305
4438 306
4437 306
4436 306
4435 306
4434 307
4433 307
4432 307
4431 307
4430 307
4429 307
4428 307
4427 307
4426 307
4425 307
4424 307
4423 307
4422 308
4421 308
4420 308
4419 308
4418 309
4417 309
4416 309
4415 309
4414 309
4413 309
4412 309
4411 309
4410 309
4409 309
4408 309
4407 309
4406 309
4405 309
4404 309
4403 309
4402 309
4401 309
4400 309
4399 309
4398 309
4397 309
4396 309
4395 309
4394 309
4393 309
4392 309
4391 309
4390 308
4389 308
4388 308
4387 308
4386 307
4385 307
4384 307
4383 307
4382 307
4381 307
4380 307
4379 307
4378 307
4377 307
4376 307
4375 307
4374 307
4373 307
4372 307
4371 307
4370 307
4369 307
4368 307
4367 307
4366 307
4365 307
4364 307
4363 307
4362 307
4361 307
4360 307
4359 307
4358 307
4357 307
4356 307
4355 307
4354 307
4353 307
4352 307
4351 307
4350 307
4349 307
4348 307
4347 307
4346 307
4345 307
4344 307
4343 307
4342 307
4341 307
4340 307
4339 307
4338 307
4337 307
4336 306
4335 306
4334 306
4333 306
4332 305
4331 305
4330 305
4329 305
4328 304
4327 304
4326 304
4325 304
4324 303
4323 303
4322 303
4321 303
4320 302
4319 302
4318 302
4317 302
4316 301
4315 301
4314 301
4313 301
4312 300
4311 300
4310 300
4309 300
4308 299
4307 299
4306 298
4305 298
4304 298
4303 298
4302 297
4301 297
4300 296
4299 296
4298 296
4297 296
4296 295
4295 295
4294 294
4293 294
4292 294
4291 293
4290 292
4289 292
4288 292
4287 292
4286 291
4285 291
4284 290
4283 290
4282 290
4281 289
4280 288
4279 288
4278 288
4277 288
4276 287
4275 287
4274 286
4273 286
4272 286
4271 285
4270 284
4269 284
4268 284
4267 284
4266 283
4265 283
4264 282
4263 282
4262 282
4261 282
4260 281
4259 281
4258 280
4257 280
4256 280
4255 280
4254 279
4253 279
4252 279
4251 279
4250 279
4249 279
4248 278
4247 278
4246 278
4245 278
4244 277
4243 277
4242 277
4241 277
4240 277
4239 277
4238 277
4237 277
4236 277
4235 277
4234 277
4233 277
4232 277
4231 277
4230 277
4229 277
4228 277
4227 277
4226 277
4225 277
4224 277
4223 277
4222 277
4221 277
4220 277
4219 277
4218 277
4217 277
