799 746
798 747
797 748
796 748
795 749
794 749
793 749
792 749
791 750
790 750
789 750
788 751
787 752
786 752
785 752
784 753
783 753
782 754
781 754
780 755
779 755
778 756
777 756
776 756
775 757
774 758
773 759
772 760
771 761
770 761
769 762
768 763
768 764
767 765
767 766
767 767
767 768
767 769
767 770
767 771
768 772
768 773
769 773
770 774
771 774
772 774
773 774
774 774
775 774
776 774
777 775
778 775
779 775
780 775
781 776
782 776
783 776
784 776
785 776
786 776
787 776
788 776
789 776
790 776
791 777
792 777
793 777
794 778
795 778
796 779
797 779
798 779
799 779
800 779
801 779
802 779
803 779
804 779
805 779
806 779
807 779
808 779
809 779
810 779
811 779
812 779
813 779
814 779
815 779
816 779
817 779
818 778
819 778
820 778
821 778
822 778
823 777
824 777
825 776
826 775
826 774
827 773
827 772
828 771
828 770
828 769
828 768
828 767
828 766
828 765
828 764
828 763
828 762
828 761
828 760
828 759
828 758
827 757
826 756
826 755
826 754
825 753
825 752
825 751
824 750
823 750
822 749
821 749
820 749
819 748
818 748
817 747
816 747
815 747
814 747
813 747
812 747
811 747
810 747
809 747
808 747
807 747
806 747
805 746
804 746
803 746
802 746
801 746
800 746
799 746
