578 326
577 327
576 328
575 328
574 329
573 329
572 329
571 330
570 330
569 331
568 332
567 332
566 333
565 334
564 334
563 335
562 336
561 337
560 338
559 339
558 340
557 341
556 342
555 343
555 344
554 345
554 346
554 347
555 348
556 349
557 350
558 351
559 352
560 353
561 354
562 355
563 356
564 357
565 358
566 359
567 360
568 360
569 361
570 361
571 362
572 362
573 363
574 363
575 364
576 364
577 365
578 365
579 365
580 366
581 366
582 366
583 366
584 367
585 367
586 368
587 368
588 368
589 368
590 368
591 369
592 369
593 369
594 369
595 369
596 369
597 369
598 369
599 369
600 369
601 369
602 369
603 369
604 369
605 369
606 369
607 369
608 369
609 369
609 368
610 367
611 366
612 365
613 364
614 363
614 362
615 361
615 360
616 359
617 358
617 357
617 356
617 355
617 354
617 353
616 352
615 352
614 351
613 351
612 350
612 349
612 348
613 347
614 346
615 346
616 345
617 345
618 344
618 343
618 342
619 341
619 340
618 339
618 338
618 337
617 336
616 335
616 334
615 334
614 333
613 333
612 332
611 332
610 332
609 332
608 331
607 331
606 331
605 330
604 330
603 330
602 329
601 329
600 329
599 329
598 329
597 328
596 328
595 328
594 327
593 327
592 327
591 326
590 326
589 326
588 326
587 326
586 326
585 326
584 326
583 326
582 326
581 326
580 326
579 326
578 326
