199 327
198 328
197 328
196 329
195 329
194 330
193 331
192 332
191 333
191 334
190 335
190 336
190 337
190 338
190 339
189 340
188 341
187 342
186 343
185 343
184 343
183 343
182 344
181 345
180 345
179 345
178 345
177 344
176 343
175 342
174 341
173 340
172 340
171 339
170 338
169 338
168 337
167 336
166 336
165 336
164 336
163 335
162 335
161 334
160 333
159 333
158 332
157 332
156 332
155 331
154 331
153 330
152 330
151 329
150 329
149 328
148 328
147 328
146 328
145 328
144 329
143 329
142 330
141 330
140 331
139 332
138 333
137 334
136 334
136 335
135 336
135 337
134 338
133 338
132 338
131 338
130 337
129 336
128 336
127 335
126 335
125 334
124 334
123 333
122 333
121 334
120 334
119 335
119 336
119 337
119 338
119 339
119 340
118 341
118 342
118 343
118 344
118 345
118 346
118 347
118 348
118 349
118 350
118 351
118 352
118 353
118 354
117 355
117 356
117 357
117 358
117 359
117 360
117 361
117 362
117 363
117 364
118 365
118 366
119 367
119 368
119 369
118 370
118 371
117 372
116 373
116 374
116 375
115 376
115 377
115 378
115 379
116 380
116 381
116 382
117 383
117 384
117 385
117 386
117 387
118 388
118 389
119 390
119 391
119 392
120 393
120 394
120 395
120 396
120 397
120 398
120 399
120 400
120 401
120 402
121 403
121 404
121 405
122 406
122 407
122 408
123 409
123 410
124 411
124 412
124 413
124 414
124 415
124 416
124 417
124 418
124 419
124 420
124 421
125 422
125 423
125 424
125 425
126 426
126 427
126 428
126 429
126 430
127 431
127 432
128 433
128 434
129 435
130 436
131 437
132 438
133 439
134 439
135 440
136 440
137 441
138 441
139 441
140 441
141 440
142 439
143 438
144 437
145 437
146 436
147 435
147 434
148 433
149 432
150 432
151 431
152 431
153 430
154 430
155 430
156 430
157 430
158 430
159 430
160 430
161 430
162 430
163 430
164 430
165 429
166 429
167 429
168 428
169 428
170 428
171 428
172 428
173 428
174 428
175 428
176 428
177 428
178 428
179 428
180 428
181 428
182 428
183 428
184 428
185 428
186 428
187 428
188 428
189 428
190 428
191 428
192 428
193 428
194 428
195 428
196 428
197 428
198 428
199 428
200 428
201 428
202 428
203 428
204 428
205 428
206 428
207 428
208 428
209 428
210 428
211 427
212 427
213 427
214 427
215 427
216 428
217 428
218 428
219 428
220 428
221 428
222 428
223 428
224 428
225 428
226 428
227 429
228 429
229 429
230 429
231 429
232 429
233 429
234 430
235 430
236 430
237 430
238 430
239 430
240 430
241 430
242 430
243 430
244 431
245 431
246 431
247 432
248 432
249 432
250 432
251 432
252 432
253 432
254 433
255 433
256 433
257 433
258 433
259 433
260 433
261 433
262 433
263 433
264 434
265 434
266 434
267 434
268 434
269 434
270 434
271 434
272 434
273 434
274 434
275 434
276 434
277 434
278 434
279 434
280 435
281 435
282 435
283 435
284 435
285 435
286 436
287 436
288 436
289 436
290 437
291 437
292 437
293 438
294 438
295 438
296 439
297 439
298 439
299 439
300 439
301 439
302 440
303 440
304 440
305 440
306 440
307 440
308 440
309 440
310 440
311 440
312 440
313 440
314 440
315 440
316 440
317 440
318 440
319 440
320 440
321 440
322 440
323 439
324 439
325 439
326 439
327 439
328 439
329 439
330 439
331 439
332 439
333 439
334 438
335 438
336 437
337 436
337 435
337 434
338 433
338 432
338 431
339 430
340 429
341 428
342 427
343 426
343 425
344 424
344 423
344 422
344 421
344 420
344 419
345 418
346 417
346 416
346 415
347 414
347 413
348 412
348 411
349 410
349 409
349 408
349 407
349 406
349 405
349 404
349 403
349 402
349 401
349 400
349 399
350 398
350 397
350 396
350 395
350 394
350 393
350 392
350 391
350 390
350 389
350 388
350 387
350 386
350 385
350 384
350 383
350 382
350 381
350 380
350 379
350 378
350 377
350 376
350 375
350 374
349 373
349 372
349 371
349 370
349 369
349 368
349 367
348 366
348 365
348 364
347 363
347 362
347 361
347 360
347 359
347 358
346 357
345 356
344 355
343 354
342 353
341 352
340 351
339 350
338 349
337 348
336 347
335 346
334 345
333 344
332 343
331 342
331 341
330 340
329 339
329 338
329 337
329 336
328 336
327 336
326 335
325 335
324 334
323 333
322 333
321 333
320 333
319 333
318 333
317 334
316 334
315 334
314 334
313 335
312 335
311 335
310 335
309 335
308 335
307 335
306 335
305 335
304 335
303 335
302 335
301 335
300 335
299 336
298 336
297 336
296 336
295 336
294 336
293 337
292 337
291 337
290 337
289 337
288 337
287 337
286 337
285 337
284 337
283 337
282 337
281 337
280 337
279 337
278 337
277 336
276 336
275 336
274 336
273 336
272 335
271 335
270 334
269 334
268 333
267 333
266 333
265 333
264 333
263 333
262 333
261 333
260 333
259 333
258 333
257 333
256 333
255 333
254 333
253 333
252 333
251 333
250 333
249 332
248 332
247 332
246 332
245 332
244 331
243 331
242 331
241 331
240 331
239 331
238 330
237 330
236 330
235 330
234 330
233 330
232 330
231 329
230 329
229 329
228 328
227 328
226 328
225 328
224 328
223 328
222 328
221 327
220 327
219 327
218 327
217 327
216 327
215 327
214 327
213 327
212 327
211 327
210 327
209 327
208 327
207 327
206 327
205 327
204 327
203 327
202 327
201 327
200 327
199 327
