789 1137
788 1138
787 1139
786 1139
785 1139
784 1139
783 1140
782 1141
781 1142
781 1143
780 1144
779 1145
778 1145
777 1145
776 1145
775 1145
774 1145
773 1145
772 1146
771 1146
770 1146
769 1147
768 1147
767 1147
766 1147
765 1147
764 1147
763 1147
762 1147
761 1147
760 1147
759 1148
758 1148
757 1148
756 1148
755 1148
754 1148
753 1148
752 1148
751 1148
750 1148
749 1149
748 1149
747 1149
746 1149
745 1150
744 1150
743 1150
742 1150
741 1150
740 1151
739 1151
739 1152
739 1153
739 1154
739 1155
739 1156
740 1157
741 1158
742 1159
743 1160
744 1161
744 1162
745 1163
745 1164
746 1165
747 1166
748 1167
749 1168
750 1168
751 1168
752 1169
753 1170
754 1170
755 1171
756 1171
757 1172
758 1172
759 1173
760 1173
761 1173
762 1174
763 1174
764 1175
765 1175
766 1175
767 1175
768 1175
769 1175
770 1175
771 1175
772 1175
773 1175
774 1176
775 1176
776 1176
777 1177
778 1177
779 1178
780 1178
781 1178
782 1179
783 1179
784 1179
785 1179
786 1179
787 1178
788 1177
789 1176
790 1176
791 1175
792 1175
793 1175
794 1175
795 1175
796 1175
797 1175
798 1175
799 1175
800 1175
801 1175
802 1175
803 1175
804 1175
805 1175
806 1175
807 1175
808 1175
809 1174
810 1174
811 1173
812 1173
813 1173
814 1173
815 1173
816 1172
816 1171
817 1170
818 1169
818 1168
818 1167
818 1166
819 1165
819 1164
819 1163
819 1162
819 1161
819 1160
819 1159
819 1158
819 1157
819 1156
819 1155
819 1154
818 1153
818 1152
817 1151
816 1150
815 1149
814 1148
814 1147
813 1146
812 1146
811 1145
810 1144
809 1143
808 1142
807 1142
806 1141
805 1141
804 1140
803 1140
802 1139
801 1139
800 1138
799 1137
798 1137
797 1137
796 1137
795 1137
794 1137
793 1137
792 1137
791 1137
790 1137
789 1137
