112 423
111 424
110 424
109 424
108 424
107 425
106 425
105 425
104 425
103 425
102 425
101 425
100 425
99 425
98 425
97 425
96 425
95 425
94 426
93 426
92 426
91 426
90 426
89 426
88 426
87 426
86 427
85 427
84 427
83 428
82 428
81 428
80 428
79 429
78 429
77 429
76 429
75 429
74 429
73 429
72 429
71 430
70 430
69 430
68 431
67 431
66 431
65 431
64 432
63 432
62 433
61 434
61 435
60 436
60 437
60 438
60 439
60 440
60 441
60 442
61 443
61 444
62 445
62 446
62 447
63 448
63 449
63 450
63 451
63 452
63 453
64 454
64 455
64 456
64 457
65 458
65 459
65 460
66 461
66 462
66 463
66 464
67 465
68 466
68 467
68 468
68 469
68 470
68 471
68 472
67 473
67 474
67 475
67 476
67 477
67 478
67 479
66 480
66 481
65 482
64 483
63 483
62 484
61 485
60 486
59 487
59 488
59 489
58 490
58 491
57 492
57 493
56 494
55 495
55 496
55 497
55 498
55 499
54 500
54 501
54 502
53 503
53 504
53 505
53 506
53 507
53 508
54 509
54 510
54 511
55 512
55 513
55 514
56 515
57 516
57 517
57 518
58 519
58 520
58 521
59 522
59 523
59 524
59 525
59 526
59 527
59 528
59 529
59 530
59 531
59 532
59 533
60 534
60 535
60 536
60 537
60 538
60 539
61 540
61 541
61 542
61 543
62 544
62 545
62 546
63 547
63 548
64 549
65 550
65 551
66 552
66 553
67 554
67 555
67 556
67 557
67 558
68 559
68 560
68 561
68 562
68 563
68 564
68 565
68 566
68 567
68 568
68 569
69 570
69 571
70 572
71 573
72 574
73 574
74 575
75 575
76 574
77 574
78 574
79 573
80 573
81 573
82 573
83 573
84 573
85 573
86 573
87 573
88 573
89 573
90 573
91 573
92 573
93 573
94 573
95 573
96 573
97 572
98 572
99 571
100 570
101 570
102 570
103 569
104 569
105 569
106 569
107 570
108 570
109 571
110 571
111 571
112 572
113 572
114 573
115 573
116 574
117 574
118 574
119 575
120 575
121 576
122 576
123 576
124 576
125 577
126 577
127 577
128 578
129 578
130 578
131 579
132 579
133 579
134 579
135 579
136 579
137 579
138 579
139 579
140 579
141 580
142 580
143 580
144 580
145 580
146 580
147 580
148 580
149 580
150 580
151 580
152 580
153 580
154 580
155 580
156 580
157 580
158 580
159 580
160 580
161 580
162 580
163 580
164 580
165 580
166 580
167 580
168 580
169 580
170 580
171 580
172 580
173 580
174 580
175 580
176 580
177 580
178 580
179 580
180 580
181 580
182 580
183 580
184 580
185 580
186 580
187 580
188 580
189 580
190 580
191 579
192 579
193 578
194 577
195 576
196 575
197 574
198 573
199 572
200 571
201 571
202 571
203 571
204 571
205 571
206 571
207 571
208 571
209 571
210 571
211 571
212 571
213 571
214 571
215 571
216 571
217 571
218 571
219 571
220 571
221 571
222 571
223 571
224 572
225 572
226 572
227 572
228 572
229 572
230 572
231 572
232 572
233 572
234 572
235 572
236 572
237 572
238 572
239 572
240 572
241 572
242 572
243 572
244 572
245 572
246 572
247 572
248 572
249 572
250 572
251 572
252 572
253 572
254 572
255 572
256 572
257 573
258 573
259 573
260 573
261 573
262 573
263 573
264 573
265 573
266 573
267 573
268 573
269 573
270 573
271 573
272 573
273 573
274 573
275 573
276 573
277 573
278 573
279 573
280 573
281 573
282 573
283 573
284 573
285 573
286 573
287 573
288 573
289 573
290 573
291 573
292 573
293 573
294 573
295 572
296 571
297 570
298 569
299 569
300 568
301 568
302 568
303 568
304 568
305 568
306 567
307 567
308 567
309 566
310 567
311 567
312 567
313 567
314 567
315 567
316 567
317 567
318 567
319 567
320 567
321 567
322 567
323 567
324 567
325 567
326 567
327 567
328 567
329 567
330 567
331 567
332 567
333 567
334 567
335 567
336 567
337 567
338 566
339 566
340 566
341 566
342 566
343 566
344 566
345 566
346 566
347 566
348 566
349 566
350 566
351 566
352 566
353 566
354 567
355 566
356 566
357 567
358 566
359 566
360 566
361 566
362 566
363 566
364 566
365 566
366 566
367 566
368 566
369 566
370 566
371 566
372 566
373 566
374 566
375 566
376 566
377 566
378 566
379 566
380 566
381 566
382 566
383 566
384 566
385 566
386 565
387 564
388 564
389 564
390 564
391 563
392 563
393 563
394 562
395 562
396 562
397 562
398 562
399 562
400 562
401 562
402 562
403 562
404 561
405 561
406 561
407 561
408 561
409 560
410 560
411 560
412 560
413 560
414 559
415 559
416 559
417 558
418 558
419 557
420 556
421 556
422 555
423 555
424 554
425 554
426 554
427 553
428 553
429 552
430 552
431 551
432 550
432 549
432 548
432 547
432 546
432 545
432 544
432 543
432 542
432 541
432 540
432 539
432 538
432 537
432 536
432 535
432 534
432 533
432 532
432 531
433 530
433 529
433 528
434 527
434 526
434 525
433 524
433 523
433 522
432 521
432 520
432 519
432 518
432 517
432 516
432 515
432 514
432 513
432 512
432 511
432 510
432 509
432 508
432 507
432 506
432 505
432 504
432 503
432 502
432 501
432 500
432 499
432 498
432 497
432 496
432 495
432 494
432 493
432 492
432 491
432 490
431 489
430 488
430 487
429 486
429 485
428 484
427 483
426 482
426 481
425 480
424 479
424 478
423 477
423 476
422 475
422 474
421 473
420 472
419 472
418 472
417 472
416 471
415 471
414 471
413 470
412 470
411 469
410 468
409 468
408 467
407 466
406 465
405 464
404 463
403 462
402 461
401 461
400 461
399 460
398 460
397 460
396 459
395 458
394 458
393 457
392 456
391 456
390 455
389 454
388 454
387 454
386 453
385 453
384 453
383 452
382 452
381 452
380 452
379 452
378 451
377 451
376 450
375 450
374 450
373 450
372 450
371 450
370 450
369 450
368 449
367 449
366 449
365 448
364 448
363 448
362 448
361 447
360 447
359 447
358 447
357 447
356 447
355 447
354 446
353 446
352 446
351 445
350 445
349 445
348 445
347 445
346 445
345 445
344 445
343 445
342 445
341 445
340 445
339 445
338 445
337 445
336 445
335 445
334 445
333 445
332 445
331 445
330 445
329 445
328 444
327 444
326 444
325 444
324 444
323 444
322 444
321 444
320 444
319 444
318 444
317 444
316 444
315 444
314 444
313 444
312 444
311 444
310 444
309 444
308 443
307 443
306 443
305 443
304 443
303 443
302 443
301 442
300 442
299 442
298 441
297 441
296 441
295 441
294 440
293 440
292 440
291 440
290 440
289 440
288 440
287 439
286 439
285 439
284 438
283 438
282 438
281 437
280 437
279 437
278 437
277 437
276 437
275 437
274 436
273 436
272 436
271 436
270 436
269 436
268 436
267 436
266 435
265 435
264 435
263 434
262 434
261 434
260 434
259 434
258 434
257 434
256 434
255 434
254 434
253 434
252 434
251 433
250 433
249 433
248 433
247 433
246 433
245 432
244 432
243 432
242 432
241 432
240 432
239 432
238 432
237 432
236 432
235 432
234 432
233 431
232 431
231 431
230 430
229 430
228 430
227 430
226 430
225 430
224 430
223 430
222 430
221 430
220 430
219 430
218 430
217 430
216 430
215 430
214 430
213 430
212 430
211 430
210 430
209 430
208 430
207 430
206 430
205 430
204 430
203 430
202 430
201 430
200 430
199 430
198 429
197 429
196 429
195 429
194 429
193 428
192 428
191 428
190 428
189 428
188 428
187 427
186 427
185 427
184 426
183 426
182 426
181 426
180 426
179 426
178 426
177 426
176 426
175 426
174 426
173 426
172 426
171 426
170 426
169 426
168 426
167 425
166 425
165 425
164 425
163 425
162 425
161 425
160 425
159 425
158 425
157 425
156 425
155 425
154 425
153 426
152 426
151 426
150 426
149 426
148 426
147 426
146 426
145 426
144 426
143 426
142 426
141 426
140 426
139 426
138 426
137 426
136 426
135 425
134 425
133 425
132 425
131 425
130 425
129 425
128 425
127 424
126 423
125 423
124 423
123 423
122 423
121 423
120 423
119 423
118 423
117 423
116 423
115 423
114 423
113 423
112 423
