625 390
624 391
623 391
622 392
621 392
620 392
619 393
618 393
617 393
616 393
615 393
614 393
613 393
612 393
611 393
610 393
609 393
608 393
607 393
606 393
605 393
604 393
603 393
602 393
601 393
600 393
599 393
598 393
597 393
596 393
595 393
594 393
593 393
592 393
591 394
590 395
589 395
588 395
587 396
586 397
585 397
584 398
583 398
582 399
581 399
580 400
579 400
578 401
577 401
576 402
575 402
574 403
573 403
572 404
571 405
570 406
569 407
568 408
567 408
566 409
565 410
564 411
563 412
563 413
563 414
562 415
561 416
560 417
560 418
559 419
559 420
558 421
557 422
557 423
556 424
555 425
555 426
554 427
553 428
553 429
552 430
552 431
551 432
550 433
549 434
549 435
549 436
548 437
547 438
547 439
546 440
545 441
545 442
545 443
544 444
544 445
543 446
543 447
543 448
543 449
543 450
544 451
545 452
546 453
547 453
548 453
549 454
550 454
551 454
552 455
553 455
554 456
555 456
556 456
557 457
558 457
559 458
560 458
561 458
562 459
563 459
564 459
565 460
566 460
567 460
568 461
569 461
570 461
571 461
572 462
573 462
574 462
575 462
576 463
577 463
578 463
579 463
580 464
581 464
582 464
583 465
584 465
585 465
586 466
587 466
588 466
589 466
590 466
591 467
592 468
593 468
594 469
595 469
596 469
597 470
598 469
599 470
600 470
601 470
602 470
603 471
604 471
605 471
606 472
607 472
608 472
609 472
610 472
611 472
612 472
613 472
614 472
615 472
616 472
617 472
618 472
619 472
620 472
621 472
622 472
623 472
624 472
625 472
626 472
627 472
628 472
629 472
630 472
631 472
632 472
633 472
634 471
635 470
636 470
637 469
638 469
639 468
640 467
641 466
642 465
643 465
644 465
645 464
646 464
647 463
648 462
649 462
650 461
651 460
652 459
653 458
654 457
655 456
655 455
656 454
656 453
657 452
658 451
658 450
658 449
659 448
659 447
660 446
660 445
661 444
662 443
662 442
663 441
663 440
664 439
665 438
666 437
666 436
666 435
666 434
666 433
666 432
666 431
666 430
666 429
666 428
666 427
666 426
666 425
666 424
666 423
666 422
666 421
666 420
666 419
666 418
666 417
666 416
666 415
666 414
666 413
666 412
666 411
666 410
665 409
665 408
665 407
665 406
665 405
665 404
664 403
663 402
663 401
662 400
661 399
660 398
659 397
658 396
658 395
657 395
656 394
655 393
654 393
653 392
652 392
651 392
650 392
649 392
648 392
647 391
646 391
645 391
644 390
643 390
642 390
641 390
640 390
639 390
638 390
637 390
636 390
635 390
634 390
633 390
632 390
631 390
630 390
629 390
628 390
627 390
626 390
625 390
