1296 1229
1295 1230
1294 1230
1293 1230
1292 1230
1291 1230
1290 1230
1289 1230
1288 1230
1287 1230
1286 1230
1285 1231
1284 1231
1283 1231
1282 1231
1281 1231
1280 1231
1279 1231
1278 1230
1277 1231
1276 1231
1275 1231
1274 1231
1273 1231
1272 1231
1271 1231
1270 1232
1269 1232
1268 1232
1267 1232
1266 1232
1265 1232
1264 1232
1263 1232
1262 1232
1261 1232
1260 1232
1259 1232
1258 1232
1257 1232
1256 1232
1255 1232
1254 1232
1253 1232
1252 1232
1251 1232
1250 1232
1249 1232
1248 1231
1247 1231
1246 1230
1245 1230
1244 1230
1243 1231
1242 1230
1241 1230
1240 1230
1239 1230
1238 1230
1237 1230
1236 1230
1235 1230
1234 1230
1233 1230
1232 1231
1231 1230
1230 1230
1229 1230
1228 1231
1227 1230
1226 1230
1225 1230
1224 1230
1223 1230
1222 1230
1221 1230
1220 1230
1219 1230
1218 1231
1217 1231
1216 1231
1215 1231
1214 1231
1213 1231
1212 1231
1211 1231
1210 1232
1209 1232
1208 1232
1207 1232
1206 1232
1205 1232
1204 1232
1203 1233
1202 1233
1201 1233
1200 1233
1199 1233
1198 1233
1197 1232
1196 1232
1195 1233
1194 1233
1193 1233
1192 1233
1191 1233
1190 1233
1189 1232
1188 1233
1187 1233
1186 1233
1185 1233
1184 1233
1183 1233
1182 1233
1181 1233
1180 1233
1179 1233
1178 1233
1177 1232
1176 1232
1175 1232
1174 1232
1173 1232
1172 1232
1171 1232
1170 1232
1169 1231
1168 1231
1167 1231
1166 1231
1165 1232
1164 1233
1163 1234
1162 1234
1161 1235
1160 1235
1159 1235
1158 1236
1157 1236
1156 1236
1155 1237
1155 1238
1154 1239
1153 1240
1152 1241
1151 1242
1150 1243
1149 1244
1148 1245
1147 1245
1146 1246
1145 1247
1144 1248
1143 1249
1142 1250
1141 1250
1140 1251
1139 1252
1138 1252
1137 1253
1136 1254
1135 1255
1134 1255
1133 1255
1132 1256
1131 1257
1130 1257
1129 1257
1128 1257
1127 1258
1126 1258
1125 1258
1124 1258
1123 1258
1122 1258
1121 1259
1120 1259
1119 1259
1118 1260
1117 1260
1116 1260
1115 1260
1114 1261
1113 1261
1112 1262
1111 1263
1110 1263
1110 1264
1109 1265
1108 1266
1107 1267
1106 1268
1105 1268
1104 1268
1103 1269
1102 1269
1101 1270
1100 1270
1099 1271
1098 1271
1097 1272
1096 1273
1095 1273
1094 1274
1093 1274
1092 1274
1091 1275
1090 1275
1089 1275
1088 1276
1087 1277
1086 1278
1086 1279
1085 1280
1084 1281
1084 1282
1084 1283
1083 1284
1083 1285
1082 1286
1081 1287
1080 1288
1079 1289
1079 1290
1079 1291
1079 1292
1079 1293
1079 1294
1079 1295
1079 1296
1079 1297
1079 1298
1079 1299
1079 1300
1079 1301
1079 1302
1079 1303
1079 1304
1079 1305
1079 1306
1079 1307
1079 1308
1079 1309
1079 1310
1079 1311
1079 1312
1079 1313
1079 1314
1079 1315
1079 1316
1079 1317
1079 1318
1080 1319
1080 1320
1080 1321
1080 1322
1080 1323
1080 1324
1080 1325
1080 1326
1080 1327
1080 1328
1080 1329
1081 1330
1081 1331
1081 1332
1081 1333
1081 1334
1081 1335
1081 1336
1082 1337
1083 1338
1084 1339
1085 1339
1086 1340
1087 1340
1088 1341
1089 1342
1090 1343
1091 1344
1092 1345
1093 1345
1094 1346
1095 1346
1096 1347
1097 1347
1098 1347
1099 1348
1100 1348
1101 1348
1102 1349
1103 1349
1104 1349
1105 1350
1106 1350
1107 1350
1108 1351
1109 1351
1110 1351
1111 1352
1112 1352
1113 1353
1114 1353
1115 1354
1116 1354
1117 1354
1118 1354
1119 1355
1120 1355
1121 1356
1122 1356
1123 1356
1124 1357
1125 1357
1126 1357
1127 1358
1128 1358
1129 1359
1130 1359
1131 1360
1132 1360
1133 1360
1134 1361
1135 1361
1136 1361
1137 1362
1138 1362
1139 1363
1140 1363
1141 1363
1142 1364
1143 1364
1144 1365
1145 1365
1146 1366
1147 1366
1148 1366
1149 1367
1150 1367
1151 1368
1152 1368
1153 1368
1154 1369
1155 1369
1156 1370
1157 1370
1158 1370
1159 1370
1160 1370
1161 1371
1162 1371
1163 1371
1164 1371
1165 1372
1166 1372
1167 1372
1168 1373
1169 1373
1170 1373
1171 1373
1172 1373
1173 1373
1174 1373
1175 1373
1176 1373
1177 1373
1178 1373
1179 1373
1180 1373
1181 1373
1182 1373
1183 1373
1184 1374
1185 1374
1186 1375
1187 1375
1188 1375
1189 1375
1190 1375
1191 1375
1192 1375
1193 1375
1194 1375
1195 1375
1196 1375
1197 1375
1198 1375
1199 1374
1200 1374
1201 1374
1202 1374
1203 1374
1204 1374
1205 1373
1206 1373
1207 1373
1208 1373
1209 1373
1210 1373
1211 1373
1212 1373
1213 1373
1214 1373
1215 1373
1216 1373
1217 1374
1218 1374
1219 1375
1220 1375
1221 1376
1222 1376
1223 1376
1224 1376
1225 1376
1226 1376
1227 1377
1228 1377
1229 1377
1230 1378
1231 1379
1232 1380
1233 1381
1234 1381
1235 1382
1236 1382
1237 1382
1238 1383
1239 1383
1240 1383
1241 1384
1242 1384
1243 1384
1244 1384
1245 1385
1246 1385
1247 1385
1248 1385
1249 1385
1250 1385
1251 1385
1252 1384
1253 1384
1254 1384
1255 1384
1256 1384
1257 1384
1258 1385
1259 1385
1260 1386
1261 1386
1262 1386
1263 1387
1264 1387
1265 1387
1266 1388
1267 1388
1268 1388
1269 1388
1270 1388
1271 1388
1272 1389
1273 1389
1274 1389
1275 1389
1276 1389
1277 1389
1278 1389
1279 1389
1280 1389
1281 1389
1282 1390
1283 1390
1284 1390
1285 1390
1286 1390
1287 1390
1288 1390
1289 1390
1290 1390
1291 1390
1292 1390
1293 1391
1294 1391
1295 1391
1296 1391
1297 1391
1298 1391
1299 1391
1300 1392
1301 1392
1302 1392
1303 1392
1304 1393
1305 1393
1306 1393
1307 1393
1308 1394
1309 1394
1310 1394
1311 1394
1312 1395
1313 1395
1314 1395
1315 1395
1316 1396
1317 1396
1318 1397
1319 1397
1320 1398
1321 1398
1322 1398
1323 1399
1324 1399
1325 1399
1326 1399
1327 1400
1328 1400
1329 1400
1330 1400
1331 1400
1332 1400
1333 1401
1334 1401
1335 1401
1336 1401
1337 1401
1338 1402
1339 1402
1340 1403
1341 1403
1342 1403
1343 1404
1344 1404
1345 1403
1346 1403
1347 1402
1348 1402
1349 1401
1350 1401
1351 1400
1352 1400
1353 1399
1354 1399
1355 1399
1356 1399
1357 1400
1358 1400
1359 1401
1360 1401
1361 1401
1362 1401
1363 1401
1364 1401
1365 1401
1366 1401
1367 1401
1368 1401
1369 1400
1370 1400
1371 1400
1372 1400
1373 1399
1374 1399
1375 1399
1376 1399
1377 1399
1378 1399
1379 1399
1380 1399
1381 1398
1382 1398
1383 1398
1384 1397
1385 1397
1386 1397
1387 1397
1388 1398
1389 1397
1390 1397
1391 1397
1392 1396
1393 1396
1394 1396
1395 1396
1396 1396
1397 1396
1398 1396
1399 1396
1400 1395
1401 1395
1402 1395
1403 1395
1404 1394
1405 1394
1406 1393
1407 1392
1408 1392
1409 1392
1410 1391
1411 1391
1412 1391
1413 1391
1414 1391
1415 1391
1416 1391
1417 1391
1418 1391
1419 1391
1420 1390
1421 1390
1422 1390
1423 1390
1424 1390
1425 1389
1426 1389
1427 1388
1428 1387
1429 1386
1430 1385
1431 1385
1432 1385
1433 1384
1434 1383
1435 1383
1436 1383
1437 1383
1438 1382
1439 1382
1440 1382
1441 1381
1442 1380
1443 1379
1444 1378
1445 1377
1446 1376
1447 1375
1447 1374
1447 1373
1447 1372
1447 1371
1447 1370
1448 1369
1448 1368
1448 1367
1449 1366
1449 1365
1450 1364
1450 1363
1451 1362
1451 1361
1451 1360
1451 1359
1451 1358
1451 1357
1452 1356
1452 1355
1452 1354
1452 1353
1452 1352
1452 1351
1452 1350
1452 1349
1452 1348
1452 1347
1452 1346
1452 1345
1452 1344
1452 1343
1452 1342
1452 1341
1452 1340
1452 1339
1452 1338
1453 1337
1453 1336
1453 1335
1453 1334
1453 1333
1453 1332
1454 1331
1454 1330
1455 1329
1455 1328
1456 1327
1457 1326
1457 1325
1456 1324
1456 1323
1456 1322
1455 1321
1455 1320
1454 1319
1454 1318
1454 1317
1453 1316
1453 1315
1453 1314
1453 1313
1453 1312
1453 1311
1454 1310
1454 1309
1454 1308
1454 1307
1455 1306
1455 1305
1455 1304
1455 1303
1455 1302
1455 1301
1455 1300
1455 1299
1455 1298
1456 1297
1456 1296
1457 1295
1458 1294
1458 1293
1458 1292
1458 1291
1458 1290
1458 1289
1458 1288
1458 1287
1458 1286
1459 1285
1459 1284
1459 1283
1459 1282
1459 1281
1458 1280
1458 1279
1458 1278
1458 1277
1458 1276
1458 1275
1458 1274
1457 1273
1457 1272
1457 1271
1456 1270
1456 1269
1456 1268
1456 1267
1456 1266
1455 1265
1455 1264
1454 1263
1454 1262
1454 1261
1453 1260
1453 1259
1453 1258
1452 1257
1451 1256
1450 1256
1449 1255
1448 1255
1447 1254
1446 1253
1445 1253
1444 1253
1443 1253
1442 1252
1441 1252
1440 1252
1439 1252
1438 1251
1437 1252
1436 1252
1435 1253
1434 1253
1433 1253
1432 1253
1431 1253
1430 1253
1429 1253
1428 1253
1427 1253
1426 1253
1425 1253
1424 1253
1423 1253
1422 1253
1421 1253
1420 1253
1419 1253
1418 1254
1417 1254
1416 1254
1415 1254
1414 1254
1413 1254
1412 1254
1411 1253
1410 1253
1409 1253
1408 1253
1407 1253
1406 1253
1405 1253
1404 1253
1403 1253
1402 1252
1401 1252
1400 1251
1399 1251
1398 1250
1397 1250
1396 1250
1395 1249
1394 1249
1393 1248
1392 1248
1391 1248
1390 1248
1389 1247
1388 1247
1387 1246
1386 1245
1385 1244
1384 1243
1383 1243
1382 1243
1381 1242
1380 1242
1379 1242
1378 1242
1377 1241
1376 1241
1375 1241
1374 1240
1373 1240
1372 1240
1371 1240
1370 1240
1369 1240
1368 1240
1367 1240
1366 1239
1365 1239
1364 1239
1363 1238
1362 1238
1361 1238
1360 1238
1359 1238
1358 1238
1357 1238
1356 1237
1355 1238
1354 1238
1353 1238
1352 1238
1351 1238
1350 1238
1349 1238
1348 1237
1347 1237
1346 1237
1345 1237
1344 1237
1343 1237
1342 1237
1341 1236
1340 1236
1339 1236
1338 1236
1337 1236
1336 1235
1335 1235
1334 1235
1333 1235
1332 1234
1331 1234
1330 1234
1329 1234
1328 1234
1327 1233
1326 1233
1325 1232
1324 1232
1323 1232
1322 1232
1321 1232
1320 1232
1319 1232
1318 1232
1317 1232
1316 1232
1315 1231
1314 1231
1313 1231
1312 1231
1311 1230
1310 1230
1309 1231
1308 1230
1307 1230
1306 1230
1305 1229
1304 1229
1303 1229
1302 1229
1301 1229
1300 1229
1299 1229
1298 1229
1297 1229
1296 1229
