1205 725
1204 726
1203 726
1202 727
1201 728
1200 728
1199 729
1198 730
1197 730
1196 731
1195 731
1194 732
1193 732
1192 732
1191 732
1190 733
1189 734
1188 734
1187 734
1186 735
1185 736
1184 737
1183 738
1182 738
1182 739
1181 740
1180 741
1180 742
1179 743
1179 744
1178 745
1178 746
1178 747
1178 748
1177 749
1177 750
1176 751
1176 752
1176 753
1176 754
1175 755
1175 756
1175 757
1175 758
1174 759
1174 760
1174 761
1173 762
1172 763
1172 764
1172 765
1172 766
1171 767
1171 768
1170 769
1170 770
1170 771
1169 772
1168 773
1168 774
1168 775
1168 776
1167 777
1167 778
1167 779
1167 780
1166 781
1166 782
1166 783
1166 784
1165 785
1165 786
1165 787
1165 788
1165 789
1165 790
1165 791
1165 792
1165 793
1165 794
1165 795
1165 796
1165 797
1165 798
1165 799
1165 800
1165 801
1165 802
1165 803
1165 804
1165 805
1165 806
1166 807
1166 808
1166 809
1166 810
1167 811
1167 812
1167 813
1167 814
1167 815
1167 816
1167 817
1167 818
1167 819
1167 820
1167 821
1167 822
1167 823
1167 824
1167 825
1167 826
1167 827
1167 828
1167 829
1167 830
1168 831
1168 832
1168 833
1168 834
1169 835
1169 836
1169 837
1169 838
1169 839
1169 840
1169 841
1169 842
1169 843
1169 844
1169 845
1169 846
1169 847
1169 848
1169 849
1169 850
1170 851
1170 852
1170 853
1170 854
1171 855
1171 856
1172 857
1172 858
1172 859
1172 860
1173 861
1174 862
1174 863
1174 864
1175 865
1175 866
1175 867
1175 868
1175 869
1175 870
1176 871
1176 872
1176 873
1176 874
1177 875
1177 876
1177 877
1177 878
1177 879
1177 880
1177 881
1177 882
1178 883
1178 884
1178 885
1178 886
1179 887
1179 888
1180 889
1180 890
1180 891
1180 892
1181 893
1181 894
1182 895
1182 896
1182 897
1182 898
1183 899
1183 900
1184 901
1184 902
1184 903
1184 904
1185 905
1185 906
1186 907
1186 908
1186 909
1186 910
1187 911
1187 912
1188 913
1188 914
1188 915
1188 916
1189 917
1190 918
1191 919
1191 920
1192 921
1192 922
1193 923
1194 924
1194 925
1194 926
1195 927
1195 928
1195 929
1195 930
1196 931
1196 932
1196 933
1196 934
1197 935
1197 936
1197 937
1197 938
1197 939
1197 940
1198 941
1198 942
1198 943
1198 944
1199 945
1200 946
1200 947
1200 948
1201 949
1201 950
1202 951
1202 952
1202 953
1202 954
1203 955
1203 956
1203 957
1203 958
1203 959
1203 960
1203 961
1203 962
1203 963
1203 964
1203 965
1203 966
1203 967
1203 968
1203 969
1203 970
1203 971
1203 972
1202 973
1202 974
1202 975
1202 976
1201 977
1201 978
1201 979
1201 980
1201 981
1201 982
1201 983
1201 984
1202 985
1202 986
1202 987
1202 988
1203 989
1203 990
1204 991
1204 992
1205 993
1205 994
1206 995
1206 996
1207 997
1207 998
1208 999
1208 1000
1208 1001
1208 1002
1209 1003
1210 1004
1210 1005
1210 1006
1211 1007
1212 1008
1213 1009
1214 1010
1214 1011
1215 1011
1216 1012
1216 1013
1217 1013
1218 1014
1218 1015
1219 1015
1220 1016
1220 1017
1221 1017
1222 1018
1222 1019
1223 1019
1224 1020
1224 1021
1225 1021
1226 1022
1226 1023
1227 1024
1228 1025
1228 1026
1229 1027
1230 1028
1230 1029
1230 1030
1231 1031
1231 1032
1232 1033
1232 1034
1233 1035
1233 1036
1234 1037
1234 1038
1235 1039
1235 1040
1236 1041
1236 1042
1236 1043
1236 1044
1237 1045
1238 1046
1239 1047
1239 1048
1240 1049
1240 1050
1241 1051
1241 1052
1242 1053
1242 1054
1242 1055
1242 1056
1243 1057
1243 1058
1244 1059
1244 1060
1244 1061
1244 1062
1245 1063
1245 1064
1246 1065
1246 1066
1247 1067
1247 1068
1248 1069
1248 1070
1249 1071
1249 1072
1250 1073
1250 1074
1250 1075
1250 1076
1251 1077
1251 1078
1252 1079
1252 1080
1252 1081
1252 1082
1253 1083
1254 1084
1254 1085
1254 1086
1255 1087
1256 1088
1257 1089
1257 1090
1258 1091
1258 1092
1259 1093
1260 1094
1260 1095
1260 1096
1261 1097
1262 1098
1263 1099
1264 1100
1264 1101
1265 1101
1266 1102
1266 1103
1267 1103
1268 1104
1268 1105
1269 1105
1270 1106
1271 1107
1272 1107
1273 1108
1274 1108
1275 1108
1276 1108
1277 1108
1278 1108
1279 1109
1280 1109
1281 1109
1282 1110
1283 1111
1284 1111
1285 1112
1286 1113
1287 1113
1288 1114
1288 1115
1289 1115
1290 1116
1290 1117
1291 1117
1292 1118
1292 1119
1293 1119
1294 1120
1294 1121
1295 1122
1296 1123
1296 1124
1297 1125
1298 1126
1298 1127
1298 1128
1299 1129
1300 1130
1301 1131
1301 1132
1302 1133
1302 1134
1303 1135
1304 1136
1305 1137
1306 1138
1306 1139
1307 1139
1308 1140
1308 1141
1309 1141
1310 1142
1310 1143
1311 1143
1312 1144
1313 1145
1314 1146
1315 1147
1316 1147
1317 1147
1318 1148
1319 1149
1320 1149
1321 1150
1322 1150
1323 1151
1324 1151
1325 1152
1326 1152
1327 1153
1328 1153
1329 1153
1330 1154
1331 1155
1332 1155
1333 1156
1334 1157
1335 1157
1336 1158
1336 1159
1337 1159
1338 1160
1338 1161
1339 1162
1340 1163
1340 1164
1341 1165
1342 1166
1342 1167
1342 1168
1343 1169
1344 1170
1345 1171
1346 1172
1346 1173
1347 1174
1348 1175
1348 1176
1349 1177
1350 1178
1350 1179
1350 1180
1351 1181
1351 1182
1351 1183
1351 1184
1352 1185
1352 1186
1352 1187
1352 1188
1353 1189
1353 1190
1354 1191
1354 1192
1355 1193
1355 1194
1356 1195
1356 1196
1357 1197
1357 1198
1358 1199
1358 1200
1358 1201
1358 1202
1359 1203
1360 1204
1360 1205
1360 1206
1361 1207
1362 1208
1363 1209
1363 1210
1364 1211
1364 1212
1365 1213
1365 1214
1366 1215
1366 1216
1366 1217
1366 1218
1367 1219
1368 1220
1368 1221
1368 1222
1369 1223
1370 1224
1371 1225
1372 1226
1372 1227
1373 1227
1374 1228
1374 1229
1375 1229
1376 1230
1377 1231
1378 1232
1379 1233
1380 1233
1381 1234
1382 1234
1383 1235
1384 1235
1385 1236
1386 1236
1387 1236
1388 1236
1389 1236
1390 1236
1391 1237
1392 1237
1393 1238
1394 1238
1395 1239
1396 1240
1397 1241
1398 1241
1399 1242
1400 1243
1401 1243
1402 1244
1403 1245
1404 1246
1405 1247
1406 1247
1407 1248
1408 1248
1409 1249
1410 1250
1411 1251
1412 1251
1413 1251
1414 1252
1415 1253
1416 1253
1417 1254
1418 1254
1419 1255
1420 1256
1421 1257
1422 1257
1423 1257
1424 1258
1425 1259
1426 1259
1427 1260
1428 1261
1429 1261
1430 1262
1430 1263
1431 1263
1432 1264
1432 1265
1433 1265
1434 1266
1434 1267
1435 1267
1436 1268
1436 1269
1437 1270
1438 1271
1438 1272
1439 1273
1439 1274
1440 1275
1440 1276
1440 1277
1440 1278
1441 1279
1442 1280
1443 1281
1443 1282
1444 1283
1444 1284
1445 1285
1445 1286
1446 1287
1446 1288
1446 1289
1446 1290
1447 1291
1447 1292
1448 1293
1448 1294
1448 1295
1448 1296
1449 1297
1449 1298
1450 1299
1450 1300
1450 1301
1450 1302
1451 1303
1451 1304
1451 1305
1451 1306
1452 1307
1452 1308
1452 1309
1452 1310
1453 1311
1454 1312
1454 1313
1454 1314
1455 1315
1455 1316
1455 1317
1455 1318
1456 1319
1456 1320
1456 1321
1456 1322
1457 1323
1457 1324
1457 1325
1457 1326
1458 1327
1458 1328
1458 1329
1458 1330
1459 1331
1459 1332
1460 1333
1460 1334
1460 1335
1460 1336
1461 1337
1462 1338
1462 1339
1462 1340
1463 1341
1463 1342
1464 1343
1464 1344
1465 1345
1465 1346
1466 1347
1466 1348
1467 1349
1468 1350
1469 1351
1469 1352
1470 1353
1470 1354
1471 1355
1472 1356
1472 1357
1472 1358
1473 1359
1474 1360
1475 1361
1475 1362
1476 1363
1476 1364
1477 1365
1478 1366
1478 1367
1478 1368
1479 1369
1480 1370
1480 1371
1480 1372
1481 1373
1482 1374
1482 1375
1482 1376
1483 1377
1484 1378
1484 1379
1484 1380
1485 1381
1486 1382
1486 1383
1486 1384
1487 1385
1488 1386
1489 1387
1490 1388
1490 1389
1491 1389
1492 1390
1492 1391
1493 1391
1494 1392
1494 1393
1495 1393
1496 1394
1496 1395
1497 1395
1498 1396
1498 1397
1499 1397
1500 1398
1500 1399
1501 1400
1502 1401
1502 1402
1503 1403
1504 1404
1504 1405
1504 1406
1505 1407
1506 1408
1507 1409
1507 1410
1508 1411
1508 1412
1509 1413
1509 1414
1510 1415
1510 1416
1510 1417
1510 1418
1511 1419
1511 1420
1511 1421
1511 1422
1512 1423
1512 1424
1512 1425
1512 1426
1513 1427
1514 1428
1515 1429
1516 1429
1517 1430
1518 1430
1519 1431
1520 1431
1521 1431
1522 1432
1523 1433
1524 1433
1525 1434
1526 1435
1527 1435
1528 1436
1529 1437
1530 1437
1531 1438
1532 1438
1533 1438
1534 1438
1535 1439
1536 1439
1537 1439
1538 1439
1539 1440
1540 1440
1541 1440
1542 1440
1543 1440
1544 1440
1545 1441
1546 1441
1547 1441
1548 1441
1549 1442
1550 1442
1551 1443
1552 1443
1553 1443
1554 1443
1555 1444
1556 1444
1557 1444
1558 1444
1559 1444
1560 1444
1561 1444
1562 1444
1563 1444
1564 1444
1565 1444
1566 1444
1567 1444
1568 1444
1569 1445
1570 1445
1571 1445
1572 1445
1573 1446
1574 1446
1575 1446
1576 1446
1577 1446
1578 1446
1579 1446
1580 1446
1581 1446
1582 1446
1583 1446
1584 1446
1585 1445
1586 1445
1587 1445
1588 1445
1589 1444
1590 1444
1591 1443
1592 1443
1593 1443
1594 1443
1595 1442
1596 1442
1597 1442
1598 1442
1599 1442
1600 1442
1601 1442
1602 1442
1603 1442
1604 1442
1605 1443
1606 1443
1607 1443
1608 1443
1609 1444
1610 1444
1611 1445
1612 1445
1613 1445
1614 1445
1615 1446
1616 1446
1617 1446
1618 1446
1619 1447
1620 1447
1621 1447
1622 1447
1623 1448
1624 1448
1625 1449
1626 1449
1627 1449
1628 1449
1629 1450
1630 1450
1631 1450
1632 1450
1633 1450
1634 1450
1635 1450
1636 1450
1637 1450
1638 1450
1639 1450
1640 1450
1641 1450
1642 1450
1643 1450
1644 1450
1645 1449
1646 1449
1647 1449
1648 1449
1649 1448
1650 1448
1651 1447
1652 1447
1653 1447
1654 1447
1655 1446
1656 1446
1657 1446
1658 1446
1659 1446
1660 1446
1661 1446
1662 1446
1663 1446
1664 1446
1665 1446
1666 1446
1667 1446
1668 1446
1669 1446
1670 1446
1671 1447
1672 1447
1673 1447
1674 1447
1675 1448
1676 1448
1677 1449
1678 1449
1679 1449
1680 1449
1681 1450
1682 1450
1683 1451
1684 1451
1685 1451
1686 1452
1687 1453
1688 1453
1689 1454
1690 1454
1691 1455
1692 1456
1693 1457
1694 1457
1695 1457
1696 1457
1697 1458
1698 1458
1699 1459
1700 1459
1701 1459
1702 1460
1703 1461
1704 1461
1705 1461
1706 1461
1707 1462
1708 1462
1709 1463
1710 1463
1711 1463
1712 1463
1713 1464
1714 1464
1715 1464
1716 1464
1717 1465
1718 1465
1719 1466
1720 1467
1721 1467
1722 1468
1722 1469
1723 1469
1724 1470
1725 1471
1726 1472
1727 1473
1728 1473
1729 1473
1730 1473
1731 1474
1732 1474
1733 1475
1734 1475
1735 1475
1736 1475
1737 1476
1738 1476
1739 1476
1740 1476
1741 1476
1742 1476
1743 1477
1744 1477
1745 1477
1746 1477
1747 1478
1748 1478
1749 1478
1750 1478
1751 1478
1752 1478
1753 1478
1754 1478
1755 1478
1756 1478
1757 1478
1758 1478
1759 1478
1760 1478
1761 1479
1762 1479
1763 1480
1764 1481
1765 1481
1766 1482
1767 1483
1768 1484
1769 1485
1770 1485
1771 1485
1772 1485
1773 1486
1774 1486
1775 1486
1776 1486
1777 1486
1778 1486
1779 1486
1780 1486
1781 1486
1782 1486
1783 1486
1784 1486
1785 1486
1786 1486
1787 1486
1788 1486
1789 1486
1790 1486
1791 1485
1792 1485
1793 1485
1794 1485
1795 1484
1796 1483
1797 1483
1798 1483
1799 1482
1800 1482
1801 1482
1802 1482
1803 1482
1804 1482
1805 1481
1806 1481
1807 1481
1808 1481
1809 1480
1810 1479
1811 1479
1812 1479
1813 1478
1814 1478
1815 1478
1816 1478
1817 1478
1818 1478
1819 1478
1820 1478
1821 1477
1822 1477
1823 1476
1824 1475
1825 1475
1826 1474
1827 1473
1828 1473
1829 1472
1830 1472
1831 1471
1832 1471
1833 1470
1834 1470
1835 1469
1836 1469
1837 1468
1838 1468
1839 1467
1840 1466
1841 1465
1842 1464
1843 1463
1844 1463
1845 1462
1846 1462
1847 1461
1848 1461
1849 1461
1850 1461
1851 1460
1852 1460
1853 1460
1854 1460
1855 1460
1856 1460
1857 1461
1858 1461
1859 1461
1860 1462
1861 1463
1862 1463
1863 1463
1864 1464
1865 1465
1866 1465
1867 1466
1868 1466
1869 1467
1870 1468
1871 1469
1872 1469
1873 1470
1874 1470
1875 1471
1876 1471
1877 1472
1878 1472
1879 1471
1880 1471
1881 1470
1882 1470
1883 1469
1884 1469
1885 1468
1886 1468
1887 1468
1888 1468
1889 1469
1890 1469
1891 1469
1892 1469
1893 1470
1894 1470
1895 1470
1896 1470
1897 1470
1898 1470
1899 1470
1900 1470
1901 1470
1902 1470
1903 1469
1904 1469
1905 1469
1906 1469
1907 1468
1908 1468
1909 1468
1910 1468
1911 1468
1912 1468
1913 1468
1914 1468
1915 1468
1916 1468
1917 1468
1918 1468
1919 1468
1920 1468
1921 1468
1922 1468
1923 1467
1924 1467
1925 1467
1926 1467
1927 1466
1928 1466
1929 1465
1930 1465
1931 1465
1932 1465
1933 1464
1934 1463
1935 1463
1936 1463
1937 1462
1938 1461
1939 1461
1940 1461
1941 1460
1942 1459
1943 1459
1944 1459
1945 1458
1946 1458
1947 1459
1948 1459
1949 1460
1950 1461
1951 1461
1952 1462
1952 1463
1953 1463
1954 1464
1955 1465
1956 1466
1957 1467
1958 1467
1959 1467
1960 1467
1961 1468
1962 1468
1963 1469
1964 1469
1965 1469
1966 1469
1967 1470
1968 1470
1969 1470
1970 1470
1971 1469
1972 1469
1973 1469
1974 1469
1975 1468
1976 1468
1977 1467
1978 1467
1979 1467
1980 1467
1981 1466
1982 1465
1983 1464
1984 1464
1985 1463
1986 1463
1987 1462
1988 1461
1989 1461
1990 1461
1991 1460
1992 1460
1993 1460
1994 1460
1995 1460
1996 1460
1997 1460
1998 1460
1999 1460
2000 1460
2001 1460
2002 1460
2003 1460
2004 1460
2005 1460
2006 1460
2007 1461
2008 1461
2009 1461
2010 1462
2011 1463
2012 1463
2013 1463
2014 1463
2015 1464
2016 1464
2017 1464
2018 1464
2019 1465
2020 1465
2021 1466
2022 1466
2023 1467
2024 1467
2025 1468
2026 1468
2027 1468
2028 1468
2029 1469
2030 1469
2031 1469
2032 1469
2033 1470
2034 1470
2035 1470
2036 1470
2037 1470
2038 1470
2039 1470
2040 1470
2041 1470
2042 1470
2043 1470
2044 1470
2045 1470
2046 1470
2047 1470
2048 1470
2049 1470
2050 1470
2051 1470
2052 1470
2053 1470
2054 1470
2055 1470
2056 1470
2057 1470
2058 1470
2059 1470
2060 1470
2061 1471
2062 1471
2063 1471
2064 1471
2065 1472
2066 1472
2067 1472
2068 1472
2069 1472
2070 1472
2071 1472
2072 1472
2073 1472
2074 1472
2075 1472
2076 1472
2077 1472
2078 1472
2079 1472
2080 1472
2081 1472
2082 1472
2083 1471
2084 1471
2085 1471
2086 1471
2087 1470
2088 1469
2089 1469
2090 1469
2091 1468
2092 1468
2093 1467
2094 1467
2095 1467
2096 1467
2097 1466
2098 1466
2099 1466
2100 1466
2101 1466
2102 1466
2103 1466
2104 1466
2105 1466
2106 1466
2107 1466
2108 1466
2109 1466
2110 1466
2111 1466
2112 1466
2113 1466
2114 1466
2115 1465
2116 1465
2117 1464
2118 1464
2119 1463
2120 1463
2121 1462
2122 1462
2123 1461
2124 1461
2125 1461
2126 1461
2127 1460
2128 1460
2129 1460
2130 1460
2131 1461
2132 1461
2133 1461
2134 1461
2135 1462
2136 1462
2137 1463
2138 1463
2139 1463
2140 1464
2141 1465
2142 1465
2143 1465
2144 1465
2145 1466
2146 1466
2147 1467
2148 1467
2149 1468
2150 1468
2151 1469
2152 1469
2153 1470
2154 1470
2155 1470
2156 1470
2157 1470
2158 1470
2159 1470
2160 1470
2161 1470
2162 1470
2163 1470
2164 1470
2165 1470
2166 1470
2167 1470
2168 1470
2169 1470
2170 1470
2171 1470
2172 1470
2173 1470
2174 1470
2175 1469
2176 1469
2177 1469
2178 1469
2179 1468
2180 1468
2181 1468
2182 1468
2183 1468
2184 1468
2185 1468
2186 1468
2187 1468
2188 1468
2189 1468
2190 1468
2191 1468
2192 1468
2193 1468
2194 1468
2195 1467
2196 1467
2197 1466
2198 1465
2199 1465
2200 1464
2201 1463
2202 1463
2203 1462
2204 1461
2205 1461
2206 1461
2207 1460
2208 1460
2209 1459
2210 1459
2211 1459
2212 1459
2213 1458
2214 1458
2215 1458
2216 1458
2217 1457
2218 1457
2219 1456
2220 1456
2221 1455
2222 1455
2223 1454
2224 1454
2225 1454
2226 1454
2227 1454
2228 1454
2229 1454
2230 1454
2231 1454
2232 1454
2233 1454
2234 1454
2235 1454
2236 1454
2237 1454
2238 1454
2239 1454
2240 1454
2241 1453
2242 1453
2243 1452
2244 1451
2245 1451
2245 1450
2246 1449
2247 1449
2247 1448
2248 1447
2249 1447
2249 1446
2250 1445
2251 1445
2252 1444
2253 1443
2254 1443
2255 1442
2256 1442
2257 1442
2258 1442
2259 1441
2260 1441
2261 1441
2262 1441
2263 1440
2264 1439
2265 1438
2266 1438
2267 1437
2268 1437
2269 1436
2270 1435
2271 1435
2272 1435
2273 1434
2274 1434
2275 1434
2276 1434
2277 1433
2278 1433
2279 1433
2280 1433
2281 1432
2282 1431
2283 1430
2284 1430
2285 1429
2286 1429
2287 1428
2288 1428
2289 1428
2290 1428
2291 1427
2292 1427
2293 1427
2294 1427
2295 1426
2296 1426
2297 1426
2298 1426
2299 1426
2300 1426
2301 1426
2302 1426
2303 1425
2304 1425
2305 1425
2306 1425
2307 1424
2308 1424
2309 1424
2310 1424
2311 1423
2312 1423
2313 1422
2314 1422
2315 1421
2316 1421
2317 1420
2318 1419
2319 1418
2320 1417
2321 1417
2321 1416
2322 1415
2323 1415
2323 1414
2324 1413
2325 1413
2325 1412
2326 1411
2327 1411
2327 1410
2328 1409
2329 1409
2329 1408
2330 1407
2331 1407
2331 1406
2332 1405
2333 1405
2333 1404
2334 1403
2335 1403
2335 1402
2336 1401
2337 1401
2338 1400
2339 1399
2340 1399
2341 1398
2342 1397
2343 1397
2344 1397
2345 1396
2346 1396
2347 1395
2348 1395
2349 1394
2350 1394
2351 1393
2352 1393
2353 1392
2354 1391
2355 1391
2356 1391
2357 1390
2358 1390
2359 1389
2360 1389
2361 1389
2362 1389
2363 1388
2364 1388
2365 1388
2366 1388
2367 1388
2368 1388
2369 1387
2370 1387
2371 1387
2372 1387
2373 1386
2374 1386
2375 1386
2376 1386
2377 1386
2378 1386
2379 1385
2380 1385
2381 1385
2382 1385
2383 1384
2384 1384
2385 1384
2386 1384
2387 1384
2388 1384
2389 1384
2390 1384
2391 1383
2392 1383
2393 1382
2394 1382
2395 1381
2396 1381
2397 1380
2398 1379
2399 1379
2400 1379
2401 1378
2402 1378
2403 1378
2404 1378
2405 1377
2406 1377
2407 1376
2408 1375
2409 1375
2409 1374
2410 1373
2411 1373
2412 1372
2413 1371
2414 1371
2415 1370
2416 1369
2417 1368
2418 1367
2419 1367
2419 1366
2420 1365
2421 1365
2421 1364
2422 1363
2423 1363
2423 1362
2424 1361
2425 1360
2425 1359
2426 1358
2426 1357
2427 1356
2427 1355
2428 1354
2428 1353
2429 1352
2430 1351
2431 1350
2431 1349
2432 1348
2433 1347
2434 1346
2435 1345
2436 1345
2437 1344
2438 1344
2439 1344
2440 1344
2441 1344
2442 1344
2443 1343
2444 1343
2445 1342
2446 1342
2447 1341
2448 1341
2449 1340
2450 1340
2451 1339
2452 1339
2453 1339
2454 1339
2455 1338
2456 1337
2457 1336
2458 1335
2459 1335
2460 1334
2461 1333
2462 1333
2463 1332
2464 1332
2465 1331
2466 1331
2467 1331
2468 1331
2469 1330
2470 1330
2471 1331
2472 1331
2473 1330
2474 1330
2475 1331
2476 1331
2477 1330
2478 1330
2479 1330
2480 1330
2481 1330
2482 1330
2483 1329
2484 1329
2485 1329
2486 1329
2487 1328
2488 1328
2489 1327
2490 1327
2491 1327
2492 1327
2493 1326
2494 1326
2495 1326
2496 1326
2497 1325
2498 1325
2499 1325
2500 1325
2501 1324
2502 1323
2503 1324
2504 1324
2505 1323
2506 1323
2507 1324
2508 1324
2509 1324
2510 1324
2511 1324
2512 1324
2513 1324
2514 1324
2515 1324
2516 1324
2517 1324
2518 1324
2519 1324
2520 1324
2521 1323
2522 1323
2523 1323
2524 1323
2525 1322
2526 1322
2527 1322
2528 1322
2529 1322
2530 1322
2531 1321
2532 1321
2533 1320
2534 1319
2535 1319
2535 1318
2536 1317
2537 1317
2537 1316
2538 1315
2539 1315
2539 1314
2540 1313
2541 1313
2542 1312
2543 1311
2544 1311
2545 1310
2546 1310
2547 1310
2548 1310
2549 1310
2550 1310
2551 1310
2552 1310
2553 1309
2554 1309
2555 1309
2556 1309
2557 1308
2558 1307
2559 1307
2560 1307
2561 1306
2562 1305
2563 1304
2564 1304
2565 1303
2566 1303
2567 1302
2568 1302
2569 1302
2570 1302
2571 1302
2572 1302
2573 1302
2574 1302
2575 1301
2576 1301
2577 1300
2578 1299
2579 1299
2579 1298
2580 1297
2581 1297
2581 1296
2582 1295
2583 1295
2583 1294
2584 1293
2585 1293
2585 1292
2586 1291
2587 1291
2587 1290
2588 1289
2589 1288
2590 1287
2591 1286
2591 1285
2592 1284
2593 1283
2593 1282
2594 1281
2595 1281
2595 1280
2596 1279
2597 1278
2597 1277
2598 1276
2598 1275
2599 1274
2599 1273
2599 1272
2599 1271
2600 1270
2600 1269
2601 1268
2601 1267
2601 1266
2601 1265
2602 1264
2602 1263
2602 1262
2602 1261
2602 1260
2602 1259
2602 1258
2602 1257
2602 1256
2602 1255
2602 1254
2602 1253
2602 1252
2602 1251
2602 1250
2602 1249
2602 1248
2602 1247
2601 1246
2601 1245
2601 1244
2601 1243
2600 1242
2599 1241
2598 1240
2598 1239
2597 1238
2597 1237
2596 1236
2595 1235
2595 1234
2595 1233
2594 1232
2594 1231
2594 1230
2594 1229
2594 1228
2594 1227
2594 1226
2594 1225
2593 1224
2593 1223
2593 1222
2593 1221
2592 1220
2592 1219
2591 1218
2591 1217
2590 1216
2590 1215
2589 1214
2589 1213
2588 1212
2588 1211
2588 1210
2588 1209
2588 1208
2588 1207
2587 1206
2587 1205
2587 1204
2587 1203
2586 1202
2586 1201
2585 1200
2585 1199
2585 1198
2585 1197
2584 1196
2583 1195
2582 1194
2581 1193
2581 1192
2580 1192
2579 1191
2579 1190
2578 1189
2577 1188
2577 1187
2576 1186
2575 1185
2575 1184
2575 1183
2574 1182
2574 1181
2574 1180
2574 1179
2574 1178
2574 1177
2574 1176
2574 1175
2574 1174
2574 1173
2574 1172
2574 1171
2574 1170
2574 1169
2574 1168
2574 1167
2574 1166
2574 1165
2574 1164
2574 1163
2574 1162
2574 1161
2574 1160
2574 1159
2574 1158
2574 1157
2574 1156
2574 1155
2575 1154
2575 1153
2575 1152
2575 1151
2576 1150
2576 1149
2576 1148
2576 1147
2576 1146
2576 1145
2576 1144
2576 1143
2576 1142
2576 1141
2576 1140
2576 1139
2576 1138
2576 1137
2576 1136
2576 1135
2576 1134
2576 1133
2576 1132
2576 1131
2576 1130
2576 1129
2576 1128
2576 1127
2576 1126
2576 1125
2576 1124
2576 1123
2576 1122
2576 1121
2576 1120
2576 1119
2577 1118
2577 1117
2577 1116
2577 1115
2578 1114
2578 1113
2578 1112
2578 1111
2578 1110
2578 1109
2578 1108
2578 1107
2578 1106
2578 1105
2577 1104
2577 1103
2576 1102
2575 1101
2575 1100
2574 1100
2573 1099
2573 1098
2572 1098
2571 1097
2571 1096
2570 1096
2569 1095
2569 1094
2568 1094
2567 1093
2567 1092
2566 1092
2565 1091
2565 1090
2564 1090
2563 1089
2563 1088
2562 1088
2561 1087
2561 1086
2560 1086
2559 1085
2559 1084
2558 1084
2557 1083
2557 1082
2556 1081
2555 1080
2555 1079
2554 1078
2554 1077
2553 1076
2553 1075
2553 1074
2553 1073
2552 1072
2552 1071
2552 1070
2552 1069
2551 1068
2551 1067
2550 1066
2549 1065
2549 1064
2548 1064
2547 1063
2547 1062
2546 1062
2545 1061
2545 1060
2544 1060
2543 1059
2543 1058
2542 1058
2541 1057
2541 1056
2540 1056
2539 1055
2539 1054
2538 1054
2537 1053
2537 1052
2536 1052
2535 1051
2535 1050
2534 1050
2533 1049
2533 1048
2532 1048
2531 1047
2530 1046
2529 1046
2528 1045
2527 1045
2526 1044
2525 1044
2524 1043
2523 1042
2522 1042
2521 1041
2521 1040
2520 1040
2519 1039
2519 1038
2518 1038
2517 1037
2517 1036
2516 1036
2515 1035
2515 1034
2514 1034
2513 1033
2512 1032
2511 1031
2510 1030
2509 1030
2508 1030
2507 1030
2506 1029
2505 1029
2504 1029
2503 1029
2502 1028
2501 1028
2500 1028
2499 1027
2498 1026
2497 1026
2496 1026
2495 1026
2494 1025
2493 1025
2492 1024
2491 1024
2490 1023
2489 1022
2488 1022
2487 1021
2486 1020
2485 1020
2484 1019
2483 1019
2482 1018
2481 1018
2480 1017
2479 1017
2478 1016
2477 1015
2476 1014
2475 1014
2474 1013
2473 1013
2472 1012
2471 1011
2470 1010
2469 1010
2468 1009
2467 1009
2466 1008
2465 1007
2464 1006
2463 1006
2462 1006
2461 1006
2460 1005
2459 1005
2458 1004
2457 1004
2456 1003
2455 1002
2454 1002
2453 1001
2452 1000
2451 1000
2450 999
2449 999
2448 999
2447 999
2446 999
2445 999
2444 998
2443 998
2442 998
2441 998
2440 997
2439 997
2438 997
2437 997
2436 997
2435 997
2434 996
2433 996
2432 996
2431 996
2430 995
2429 995
2428 995
2427 995
2426 995
2425 995
2424 995
2423 995
2422 995
2421 995
2420 995
2419 995
2418 995
2417 995
2416 995
2415 995
2414 994
2413 994
2412 994
2411 994
2410 993
2409 993
2408 993
2407 993
2406 993
2405 993
2404 993
2403 993
2402 992
2401 992
2400 992
2399 991
2398 990
2397 990
2396 989
2395 988
2394 988
2393 987
2392 986
2391 985
2390 984
2389 984
2388 984
2387 983
2386 982
2385 982
2384 982
2383 982
2382 981
2381 981
2380 980
2379 980
2378 980
2377 979
2376 978
2375 978
2374 978
2373 977
2372 976
2371 976
2370 975
2369 974
2368 974
2367 973
2367 972
2366 972
2365 971
2365 970
2364 970
2363 969
2363 968
2362 968
2361 967
2361 966
2360 966
2359 965
2359 964
2358 964
2357 963
2356 962
2355 961
2354 960
2353 960
2352 959
2351 958
2350 958
2349 957
2349 956
2348 956
2347 955
2347 954
2346 954
2345 953
2345 952
2344 952
2343 951
2343 950
2342 950
2341 949
2340 948
2339 947
2338 946
2337 946
2336 945
2335 945
2334 944
2333 944
2332 943
2331 943
2330 943
2329 943
2328 943
2327 943
2326 943
2325 943
2324 943
2323 943
2322 943
2321 943
2320 943
2319 943
2318 943
2317 943
2316 943
2315 943
2314 943
2313 943
2312 942
2311 942
2310 942
2309 942
2308 941
2307 941
2306 940
2305 940
2304 940
2303 940
2302 939
2301 939
2300 939
2299 939
2298 939
2297 939
2296 939
2295 939
2294 938
2293 938
2292 938
2291 937
2290 936
2289 936
2288 936
2287 936
2286 935
2285 935
2284 935
2283 935
2282 935
2281 935
2280 934
2279 934
2278 934
2277 934
2276 933
2275 933
2274 932
2273 932
2272 932
2271 932
2270 931
2269 931
2268 931
2267 931
2266 931
2265 931
2264 931
2263 931
2262 931
2261 931
2260 931
2259 931
2258 930
2257 930
2256 930
2255 930
2254 929
2253 929
2252 929
2251 929
2250 929
2249 929
2248 928
2247 928
2246 928
2245 928
2244 927
2243 927
2242 926
2241 926
2240 926
2239 926
2238 925
2237 925
2236 925
2235 925
2234 925
2233 925
2232 925
2231 925
2230 924
2229 924
2228 924
2227 923
2226 922
2225 922
2224 922
2223 922
2222 921
2221 921
2220 921
2219 921
2218 921
2217 921
2216 920
2215 920
2214 919
2213 918
2212 918
2211 917
2211 916
2210 916
2209 915
2209 914
2208 914
2207 913
2207 912
2206 912
2205 911
2205 910
2204 909
2203 908
2203 907
2202 906
2201 905
2200 904
2199 903
2199 902
2198 902
2197 901
2197 900
2196 900
2195 899
2195 898
2194 898
2193 897
2192 896
2191 895
2190 894
2189 894
2188 894
2187 894
2186 893
2185 893
2184 892
2183 892
2182 892
2181 892
2180 891
2179 891
2178 891
2177 891
2176 891
2175 891
2174 891
2173 891
2172 891
2171 891
2170 891
2169 891
2168 892
2167 892
2166 892
2165 892
2164 893
2163 893
2162 893
2161 893
2160 893
2159 893
2158 894
2157 894
2156 895
2155 895
2154 896
2153 896
2152 897
2151 897
2150 897
2149 897
2148 898
2147 898
2146 899
2145 899
2144 900
2143 900
2142 901
2141 901
2140 901
2139 901
2138 901
2137 901
2136 900
2135 900
2134 900
2133 900
2132 899
2131 899
2130 899
2129 899
2128 899
2127 899
2126 898
2125 898
2124 898
2123 898
2122 897
2121 897
2120 897
2119 897
2118 897
2117 897
2116 897
2115 897
2114 897
2113 897
2112 896
2111 896
2110 895
2109 894
2108 894
2107 893
2107 892
2106 892
2105 891
2105 890
2104 890
2103 889
2102 888
2101 888
2100 887
2099 887
2098 887
2097 887
2096 887
2095 887
2094 887
2093 887
2092 887
2091 887
2090 887
2089 887
2088 887
2087 887
2086 887
2085 887
2084 888
2083 888
2082 888
2081 888
2080 889
2079 889
2078 889
2077 889
2076 890
2075 890
2074 890
2073 890
2072 891
2071 891
2070 891
2069 891
2068 891
2067 891
2066 892
2065 892
2064 892
2063 892
2062 893
2061 894
2060 895
2059 896
2058 896
2058 897
2057 898
2056 898
2056 899
2055 900
2054 900
2054 901
2053 902
2052 902
2052 903
2051 904
2050 904
2050 905
2049 906
2048 906
2048 907
2047 908
2046 908
2045 909
2044 910
2043 910
2042 911
2041 911
2040 911
2039 911
2038 911
2037 911
2036 911
2035 911
2034 911
2033 911
2032 911
2031 911
2030 911
2029 911
2028 911
2027 911
2026 911
2025 911
2024 911
2023 911
2022 911
2021 911
2020 911
2019 911
2018 910
2017 910
2016 909
2015 909
2014 908
2013 908
2012 907
2011 907
2010 907
2009 907
2008 906
2007 906
2006 906
2005 906
2004 905
2003 905
2002 904
2001 904
2000 904
1999 904
1998 903
1997 903
1996 902
1995 902
1994 901
1993 900
1992 900
1991 899
1990 898
1989 898
1988 897
1987 897
1986 896
1985 896
1984 896
1983 895
1982 894
1981 894
1980 893
1979 893
1978 892
1977 891
1976 890
1975 890
1974 889
1973 889
1972 888
1971 888
1970 887
1969 887
1968 887
1967 887
1966 887
1965 887
1964 887
1963 887
1962 887
1961 887
1960 887
1959 887
1958 887
1957 887
1956 887
1955 887
1954 887
1953 887
1952 887
1951 887
1950 887
1949 887
1948 887
1947 887
1946 887
1945 887
1944 888
1943 888
1942 888
1941 888
1940 889
1939 889
1938 889
1937 889
1936 889
1935 889
1934 889
1933 889
1932 889
1931 889
1930 889
1929 889
1928 889
1927 889
1926 889
1925 889
1924 889
1923 889
1922 889
1921 889
1920 889
1919 889
1918 889
1917 889
1916 889
1915 889
1914 889
1913 889
1912 889
1911 889
1910 889
1909 889
1908 888
1907 888
1906 887
1905 887
1904 886
1903 885
1902 884
1901 884
1900 884
1899 883
1898 882
1897 882
1896 882
1895 882
1894 881
1893 881
1892 881
1891 881
1890 881
1889 881
1888 881
1887 881
1886 881
1885 881
1884 881
1883 881
1882 881
1881 881
1880 881
1879 881
1878 882
1877 882
1876 883
1875 884
1874 884
1874 885
1873 886
1872 887
1871 888
1870 889
1870 890
1869 891
1868 892
1868 893
1867 894
1866 894
1866 895
1865 896
1864 896
1863 897
1862 898
1861 898
1860 899
1859 899
1858 898
1857 898
1856 898
1855 897
1854 896
1853 896
1852 895
1851 895
1850 894
1849 893
1848 892
1847 892
1846 892
1845 892
1844 891
1843 891
1842 890
1841 890
1840 889
1839 889
1838 888
1837 887
1836 886
1835 886
1834 885
1833 885
1832 884
1831 883
1830 882
1829 882
1828 881
1827 881
1826 880
1825 879
1824 878
1823 878
1822 878
1821 878
1820 877
1819 877
1818 876
1817 876
1816 876
1815 875
1814 874
1813 874
1812 874
1811 873
1810 872
1809 872
1808 872
1807 871
1806 870
1805 870
1804 869
1803 868
1802 868
1801 867
1800 866
1799 866
1798 865
1797 865
1796 865
1795 865
1794 865
1793 865
1792 865
1791 865
1790 865
1789 865
1788 865
1787 865
1786 865
1785 865
1784 865
1783 865
1782 865
1781 865
1780 865
1779 865
1778 864
1777 864
1776 864
1775 864
1774 863
1773 863
1772 863
1771 863
1770 863
1769 863
1768 863
1767 863
1766 863
1765 863
1764 863
1763 863
1762 862
1761 862
1760 862
1759 861
1758 860
1757 860
1756 860
1755 859
1754 858
1753 858
1752 857
1751 857
1750 856
1749 856
1748 855
1747 855
1746 855
1745 855
1744 854
1743 854
1742 854
1741 854
1740 853
1739 853
1738 853
1737 853
1736 853
1735 853
1734 852
1733 852
1732 852
1731 851
1730 850
1729 850
1728 850
1727 850
1726 849
1725 849
1724 849
1723 849
1722 849
1721 849
1720 849
1719 849
1718 849
1717 849
1716 849
1715 849
1714 849
1713 849
1712 849
1711 849
1710 849
1709 849
1708 849
1707 849
1706 849
1705 849
1704 849
1703 849
1702 849
1701 849
1700 849
1699 849
1698 849
1697 849
1696 849
1695 849
1694 849
1693 849
1692 848
1691 848
1690 848
1689 848
1688 847
1687 847
1686 846
1685 846
1684 846
1683 845
1682 844
1681 844
1680 844
1679 843
1678 842
1677 842
1676 841
1675 840
1674 840
1673 839
1673 838
1672 838
1671 837
1671 836
1670 836
1669 835
1669 834
1668 834
1667 833
1667 832
1666 832
1665 831
1665 830
1664 830
1663 829
1663 828
1662 828
1661 827
1661 826
1660 826
1659 825
1658 824
1657 824
1656 823
1655 823
1654 823
1653 823
1652 823
1651 823
1650 823
1649 823
1648 823
1647 823
1646 823
1645 823
1644 823
1643 823
1642 823
1641 823
1640 824
1639 824
1638 825
1637 826
1636 826
1635 827
1634 828
1633 828
1632 829
1631 829
1630 830
1629 830
1628 831
1627 831
1626 832
1625 832
1624 833
1623 833
1622 833
1621 833
1620 833
1619 833
1618 833
1617 833
1616 833
1615 833
1614 833
1613 833
1612 833
1611 833
1610 833
1609 833
1608 832
1607 832
1606 832
1605 832
1604 831
1603 831
1602 830
1601 830
1600 830
1599 830
1598 829
1597 829
1596 829
1595 829
1594 829
1593 829
1592 828
1591 828
1590 828
1589 828
1588 827
1587 827
1586 826
1585 826
1584 826
1583 826
1582 825
1581 825
1580 825
1579 825
1578 824
1577 824
1576 824
1575 823
1574 822
1573 822
1572 822
1571 822
1570 821
1569 821
1568 821
1567 821
1566 821
1565 821
1564 821
1563 821
1562 820
1561 820
1560 819
1559 819
1558 818
1557 818
1556 817
1555 817
1554 817
1553 817
1552 817
1551 817
1550 817
1549 817
1548 817
1547 817
1546 817
1545 817
1544 816
1543 816
1542 815
1541 814
1540 814
1539 813
1538 812
1537 812
1536 811
1535 811
1534 810
1533 810
1532 810
1531 810
1530 809
1529 809
1528 809
1527 809
1526 809
1525 809
1524 809
1523 809
1522 809
1521 809
1520 809
1519 809
1518 808
1517 808
1516 807
1515 807
1514 806
1513 805
1512 804
1511 804
1510 803
1509 802
1508 802
1507 801
1507 800
1506 800
1505 799
1505 798
1504 798
1503 797
1503 796
1502 796
1501 795
1501 794
1500 794
1499 793
1499 792
1498 792
1497 791
1496 790
1495 789
1494 788
1493 788
1492 787
1491 787
1490 786
1489 786
1488 785
1487 785
1486 785
1485 785
1484 785
1483 785
1482 785
1481 785
1480 785
1479 785
1478 785
1477 785
1476 785
1475 785
1474 785
1473 785
1472 785
1471 785
1470 785
1469 785
1468 785
1467 785
1466 785
1465 785
1464 785
1463 785
1462 785
1461 785
1460 785
1459 785
1458 785
1457 785
1456 785
1455 785
1454 785
1453 785
1452 785
1451 785
1450 785
1449 785
1448 784
1447 784
1446 783
1445 783
1444 782
1443 781
1442 780
1441 780
1440 779
1439 779
1438 778
1437 777
1436 776
1435 776
1434 776
1433 776
1432 775
1431 775
1430 775
1429 775
1428 775
1427 775
1426 774
1425 774
1424 774
1423 774
1422 773
1421 773
1420 772
1419 772
1418 771
1417 771
1416 770
1415 770
1414 769
1413 769
1412 769
1411 769
1410 769
1409 769
1408 769
1407 769
1406 769
1405 769
1404 769
1403 769
1402 768
1401 768
1400 768
1399 768
1398 767
1397 767
1396 767
1395 767
1394 767
1393 767
1392 767
1391 767
1390 766
1389 766
1388 766
1387 766
1386 765
1385 765
1384 764
1383 764
1382 763
1381 763
1380 762
1379 761
1378 760
1377 760
1376 760
1375 760
1374 759
1373 759
1372 758
1371 758
1370 758
1369 757
1368 756
1367 756
1366 755
1365 755
1364 754
1363 754
1362 753
1361 753
1360 753
1359 753
1358 753
1357 753
1356 753
1355 753
1354 753
1353 753
1352 753
1351 753
1350 753
1349 753
1348 753
1347 753
1346 753
1345 753
1344 753
1343 753
1342 753
1341 753
1340 753
1339 753
1338 753
1337 753
1336 753
1335 753
1334 753
1333 753
1332 753
1331 753
1330 752
1329 752
1328 751
1327 751
1326 750
1325 749
1324 748
1323 748
1322 748
1321 748
1320 747
1319 747
1318 746
1317 746
1316 746
1315 745
1314 744
1313 744
1312 743
1311 742
1310 742
1309 741
1309 740
1308 740
1307 739
1306 738
1305 737
1304 736
1303 736
1302 735
1301 734
1300 734
1299 733
1299 732
1298 732
1297 731
1296 730
1295 730
1294 729
1293 729
1292 729
1291 729
1290 729
1289 729
1288 729
1287 729
1286 729
1285 729
1284 729
1283 729
1282 728
1281 728
1280 728
1279 728
1278 727
1277 727
1276 727
1275 727
1274 727
1273 727
1272 727
1271 727
1270 727
1269 727
1268 726
1267 726
1266 726
1265 726
1264 725
1263 725
1262 725
1261 725
1260 725
1259 725
1258 725
1257 725
1256 725
1255 725
1254 725
1253 725
1252 725
1251 725
1250 725
1249 725
1248 725
1247 725
1246 725
1245 725
1244 725
1243 725
1242 725
1241 725
1240 725
1239 725
1238 725
1237 725
1236 725
1235 725
1234 725
1233 725
1232 725
1231 725
1230 725
1229 725
1228 725
1227 725
1226 725
1225 725
1224 725
1223 725
1222 725
1221 725
1220 725
1219 725
1218 725
1217 725
1216 725
1215 725
1214 725
1213 725
1212 725
1211 725
1210 725
1209 725
1208 725
1207 725
1206 725
1205 725
