288 2209
287 2210
286 2210
285 2210
284 2211
283 2211
282 2211
281 2211
280 2211
279 2211
278 2211
277 2211
276 2211
275 2211
274 2212
273 2213
272 2214
271 2215
270 2216
269 2216
268 2217
267 2218
266 2219
265 2220
264 2221
263 2222
262 2222
261 2223
260 2224
259 2224
258 2225
257 2226
256 2226
255 2227
254 2228
253 2229
252 2229
251 2230
250 2230
249 2231
248 2232
247 2233
246 2233
245 2234
244 2235
243 2235
242 2236
241 2236
240 2237
239 2238
238 2239
237 2240
236 2240
235 2240
234 2241
233 2241
232 2242
231 2243
230 2243
229 2244
228 2245
227 2245
226 2246
225 2246
224 2247
223 2248
222 2249
221 2250
220 2251
220 2252
219 2253
219 2254
219 2255
219 2256
219 2257
219 2258
219 2259
219 2260
219 2261
219 2262
219 2263
219 2264
219 2265
219 2266
219 2267
219 2268
219 2269
219 2270
219 2271
219 2272
219 2273
219 2274
219 2275
219 2276
220 2277
221 2278
222 2279
223 2279
224 2279
225 2279
226 2279
227 2280
228 2280
229 2280
230 2280
231 2280
232 2280
233 2280
234 2281
235 2281
236 2282
237 2282
238 2283
239 2283
240 2283
241 2283
242 2284
243 2284
244 2285
245 2285
246 2285
247 2285
248 2285
249 2285
250 2285
251 2285
252 2285
253 2285
254 2285
255 2285
256 2285
257 2285
258 2285
259 2285
260 2285
261 2285
262 2285
263 2285
264 2285
265 2285
266 2285
267 2285
268 2285
269 2286
270 2286
271 2287
272 2288
273 2288
274 2289
275 2289
276 2289
277 2289
278 2289
279 2289
280 2289
281 2289
282 2289
283 2289
284 2289
285 2289
286 2289
287 2288
288 2288
289 2288
290 2288
291 2288
292 2288
293 2288
294 2288
295 2288
296 2288
297 2289
298 2289
299 2289
300 2289
301 2289
302 2289
303 2289
304 2289
305 2290
306 2290
307 2290
308 2290
309 2290
310 2290
311 2289
312 2288
313 2288
314 2288
315 2288
316 2288
317 2288
318 2288
319 2288
320 2288
321 2288
322 2288
323 2288
324 2289
325 2289
326 2289
327 2289
328 2289
329 2289
330 2289
331 2289
332 2290
333 2290
334 2290
335 2290
336 2290
337 2289
338 2289
339 2290
340 2290
341 2290
342 2290
343 2290
344 2289
345 2289
346 2289
347 2289
348 2289
349 2288
350 2288
351 2288
352 2288
353 2288
354 2288
355 2288
356 2288
357 2288
358 2287
359 2287
360 2287
361 2287
362 2287
363 2287
364 2287
365 2286
366 2286
367 2286
368 2286
369 2286
370 2286
371 2285
372 2284
373 2283
374 2283
375 2283
376 2283
377 2283
378 2283
379 2283
380 2283
381 2284
382 2283
383 2284
384 2284
385 2283
386 2283
387 2283
388 2282
389 2282
390 2282
391 2282
392 2282
393 2281
394 2281
395 2280
396 2279
397 2279
398 2279
399 2278
400 2278
401 2278
402 2278
403 2278
404 2278
405 2278
406 2278
407 2278
408 2278
409 2277
410 2277
410 2276
411 2275
412 2274
412 2273
413 2272
413 2271
413 2270
414 2269
414 2268
414 2267
414 2266
415 2265
415 2264
415 2263
415 2262
415 2261
415 2260
415 2259
415 2258
414 2257
414 2256
413 2255
412 2254
412 2253
411 2252
411 2251
410 2250
409 2249
409 2248
408 2247
408 2246
407 2245
407 2244
406 2243
406 2242
406 2241
405 2240
405 2239
405 2238
405 2237
404 2236
404 2235
404 2234
404 2233
404 2232
404 2231
403 2230
403 2229
402 2228
402 2227
401 2226
400 2225
400 2224
400 2223
399 2222
399 2221
398 2220
397 2219
396 2219
395 2219
394 2219
393 2219
392 2218
391 2218
390 2218
389 2217
388 2216
387 2216
386 2215
385 2215
384 2214
383 2214
382 2214
381 2214
380 2214
379 2214
378 2214
377 2214
376 2214
375 2214
374 2214
373 2214
372 2214
371 2214
370 2214
369 2214
368 2214
367 2214
366 2214
365 2214
364 2214
363 2214
362 2214
361 2214
360 2214
359 2214
358 2214
357 2214
356 2214
355 2214
354 2214
353 2214
352 2214
351 2213
350 2213
349 2213
348 2213
347 2213
346 2213
345 2213
344 2213
343 2213
342 2213
341 2212
340 2212
339 2212
338 2212
337 2212
336 2212
335 2212
334 2212
333 2212
332 2212
331 2212
330 2212
329 2212
328 2212
327 2212
326 2212
325 2212
324 2212
323 2212
322 2212
321 2212
320 2212
319 2212
318 2212
317 2212
316 2212
315 2212
314 2212
313 2212
312 2212
311 2212
310 2211
309 2211
308 2211
307 2211
306 2211
305 2211
304 2211
303 2211
302 2211
301 2210
300 2210
299 2210
298 2209
297 2209
296 2209
295 2209
294 2209
293 2209
292 2209
291 2209
290 2209
289 2209
288 2209
