570 1666
569 1667
568 1667
567 1667
566 1668
565 1668
564 1668
563 1669
562 1670
561 1670
560 1670
559 1670
558 1670
557 1670
556 1671
555 1671
554 1672
553 1673
552 1674
551 1675
550 1675
549 1676
548 1676
547 1676
546 1677
545 1678
544 1678
543 1678
542 1678
541 1678
540 1679
539 1679
538 1679
537 1680
536 1680
535 1680
534 1681
533 1682
532 1682
531 1682
530 1682
529 1682
528 1683
527 1683
526 1684
526 1685
525 1686
524 1687
523 1688
522 1688
521 1689
520 1690
519 1691
518 1692
517 1693
516 1694
515 1695
515 1696
515 1697
515 1698
515 1699
515 1700
516 1701
517 1702
518 1703
519 1703
520 1704
521 1704
522 1704
523 1704
524 1704
525 1705
526 1706
527 1707
528 1707
529 1708
530 1708
531 1708
532 1709
533 1709
534 1709
535 1709
536 1710
537 1710
538 1710
539 1710
540 1710
541 1710
542 1711
543 1711
544 1711
545 1711
546 1711
547 1711
548 1711
549 1711
550 1711
551 1711
552 1711
553 1711
554 1711
555 1712
556 1712
557 1712
558 1713
559 1713
560 1713
561 1713
562 1713
563 1713
564 1713
565 1713
566 1713
567 1713
568 1713
569 1713
570 1713
571 1713
572 1713
573 1713
574 1714
575 1714
576 1714
577 1714
578 1714
579 1715
580 1715
581 1715
582 1715
583 1715
584 1715
585 1715
586 1716
587 1716
588 1716
589 1716
590 1717
591 1717
592 1717
593 1717
594 1717
595 1717
596 1717
597 1717
598 1717
599 1717
600 1717
601 1717
602 1717
603 1717
604 1717
605 1717
606 1718
607 1718
608 1718
609 1718
610 1718
611 1717
612 1717
613 1717
614 1717
615 1717
616 1717
617 1717
618 1717
619 1717
620 1717
621 1717
622 1717
623 1717
624 1717
625 1717
626 1717
627 1717
628 1717
629 1716
630 1716
631 1716
632 1715
633 1715
634 1714
635 1714
636 1714
637 1714
638 1714
639 1714
640 1714
641 1714
642 1714
643 1714
644 1714
645 1713
646 1713
647 1712
648 1712
649 1711
650 1711
651 1710
652 1709
653 1709
654 1708
655 1708
656 1707
657 1707
658 1707
659 1706
660 1706
661 1706
662 1706
663 1705
664 1705
665 1705
666 1704
667 1704
667 1703
668 1702
668 1701
669 1700
669 1699
669 1698
670 1697
670 1696
670 1695
670 1694
670 1693
670 1692
670 1691
670 1690
670 1689
670 1688
670 1687
670 1686
670 1685
670 1684
670 1683
670 1682
669 1682
668 1681
667 1681
666 1681
665 1680
664 1680
663 1680
662 1679
661 1678
660 1677
659 1676
658 1675
657 1674
656 1674
655 1673
654 1673
653 1672
652 1672
651 1671
650 1671
649 1670
648 1670
647 1670
646 1670
645 1670
644 1670
643 1670
642 1670
641 1670
640 1669
639 1669
638 1669
637 1668
636 1668
635 1668
634 1668
633 1668
632 1668
631 1668
630 1668
629 1668
628 1668
627 1668
626 1668
625 1668
624 1668
623 1668
622 1668
621 1668
620 1668
619 1668
618 1668
617 1668
616 1668
615 1668
614 1668
613 1668
612 1668
611 1668
610 1668
609 1668
608 1668
607 1667
606 1667
605 1667
604 1666
603 1666
602 1666
601 1666
600 1666
599 1666
598 1666
597 1666
596 1666
595 1666
594 1666
593 1666
592 1666
591 1666
590 1666
589 1666
588 1666
587 1666
586 1666
585 1666
584 1666
583 1666
582 1666
581 1666
580 1666
579 1666
578 1666
577 1666
576 1666
575 1666
574 1666
573 1666
572 1666
571 1666
570 1666
