161 1975
160 1976
159 1976
158 1976
157 1976
156 1976
155 1977
154 1977
153 1977
152 1978
151 1978
150 1979
149 1980
149 1981
149 1982
148 1983
148 1984
147 1985
147 1986
146 1987
146 1988
145 1989
145 1990
144 1991
144 1992
144 1993
144 1994
143 1995
143 1996
142 1997
142 1998
142 1999
141 2000
141 2001
141 2002
140 2003
140 2004
139 2005
139 2006
139 2007
138 2008
138 2009
137 2010
137 2011
137 2012
136 2013
136 2014
136 2015
136 2016
136 2017
136 2018
136 2019
136 2020
136 2021
135 2022
135 2023
134 2024
133 2025
133 2026
132 2027
131 2028
131 2029
131 2030
131 2031
131 2032
131 2033
131 2034
131 2035
131 2036
132 2037
132 2038
132 2039
133 2040
133 2041
134 2042
134 2043
135 2044
136 2045
136 2046
137 2047
138 2048
138 2049
139 2050
140 2051
141 2052
141 2053
142 2054
143 2055
144 2056
145 2057
146 2058
147 2059
148 2059
149 2059
150 2060
151 2060
152 2061
153 2061
154 2061
155 2062
156 2063
157 2063
158 2063
159 2063
160 2063
161 2063
162 2063
163 2063
164 2063
165 2063
166 2063
167 2062
168 2061
169 2060
170 2059
171 2058
172 2057
173 2057
174 2057
175 2057
176 2057
177 2057
178 2057
179 2056
180 2055
181 2055
182 2054
183 2054
184 2053
185 2052
186 2052
187 2051
188 2051
189 2051
190 2052
191 2052
192 2052
193 2052
194 2052
195 2052
196 2052
197 2053
198 2053
199 2053
200 2053
201 2053
202 2053
203 2054
204 2054
205 2054
206 2055
207 2055
208 2054
209 2054
210 2054
211 2053
212 2053
213 2053
214 2053
215 2053
216 2053
217 2053
218 2053
219 2053
220 2052
221 2052
222 2052
223 2052
224 2052
225 2052
226 2051
227 2051
228 2051
229 2051
230 2051
231 2051
232 2051
233 2051
234 2051
235 2051
236 2050
237 2050
238 2050
239 2050
240 2049
241 2049
242 2049
243 2049
244 2048
245 2048
246 2048
247 2048
248 2048
249 2048
250 2048
251 2048
252 2048
253 2049
254 2049
255 2049
256 2050
257 2051
258 2052
259 2052
260 2052
261 2052
262 2052
263 2052
264 2051
265 2050
266 2050
267 2050
268 2050
269 2049
270 2049
271 2048
272 2048
273 2048
274 2047
275 2047
276 2047
277 2046
278 2045
279 2045
280 2044
281 2043
282 2043
283 2042
284 2042
285 2042
286 2042
287 2042
288 2041
289 2040
290 2040
291 2039
292 2039
293 2038
294 2037
295 2037
296 2036
297 2035
298 2034
299 2033
300 2032
301 2031
302 2030
303 2029
304 2028
304 2027
304 2026
303 2025
303 2024
303 2023
303 2022
302 2021
302 2020
302 2019
301 2018
301 2017
301 2016
301 2015
301 2014
301 2013
301 2012
300 2011
300 2010
300 2009
299 2008
298 2007
297 2006
296 2005
295 2004
294 2004
293 2003
292 2003
291 2002
290 2001
289 2000
288 1999
287 1998
286 1997
285 1996
284 1995
283 1994
282 1993
281 1992
280 1992
279 1991
278 1991
277 1991
276 1991
275 1990
274 1990
273 1990
272 1990
271 1990
270 1990
269 1990
268 1990
267 1990
266 1990
265 1990
264 1989
263 1989
262 1989
261 1989
260 1989
259 1989
258 1989
257 1989
256 1989
255 1989
254 1989
253 1989
252 1989
251 1989
250 1989
249 1989
248 1989
247 1989
246 1989
245 1989
244 1989
243 1989
242 1989
241 1989
240 1989
239 1989
238 1989
237 1989
236 1989
235 1989
234 1989
233 1989
232 1989
231 1989
230 1989
229 1989
228 1989
227 1988
226 1988
225 1988
224 1987
223 1987
222 1987
221 1987
220 1987
219 1986
218 1985
217 1985
216 1985
215 1985
214 1985
213 1985
212 1984
211 1984
210 1984
209 1984
208 1983
207 1983
206 1982
205 1982
204 1982
203 1981
202 1981
201 1981
200 1981
199 1981
198 1981
197 1980
196 1979
195 1979
194 1979
193 1979
192 1979
191 1979
190 1979
189 1979
188 1979
187 1978
186 1978
185 1977
184 1976
183 1976
182 1976
181 1976
180 1975
179 1975
178 1975
177 1975
176 1975
175 1975
174 1975
173 1975
172 1975
171 1975
170 1975
169 1975
168 1975
167 1975
166 1975
165 1975
164 1975
163 1975
162 1975
161 1975
