1269 1703
1268 1704
1267 1704
1266 1704
1265 1704
1264 1704
1263 1704
1262 1704
1261 1704
1260 1704
1259 1704
1258 1705
1257 1705
1256 1705
1255 1706
1254 1706
1253 1706
1252 1707
1251 1707
1250 1708
1249 1708
1248 1709
1247 1709
1246 1710
1245 1711
1244 1712
1243 1713
1242 1713
1241 1713
1240 1713
1239 1713
1238 1713
1237 1713
1236 1713
1235 1712
1234 1712
1233 1712
1232 1712
1231 1712
1230 1712
1229 1711
1228 1710
1227 1709
1226 1709
1225 1708
1224 1708
1223 1707
1222 1707
1221 1708
1220 1708
1219 1708
1218 1709
1217 1709
1216 1709
1215 1710
1214 1710
1213 1710
1212 1710
1211 1710
1210 1710
1209 1710
1208 1710
1207 1710
1206 1710
1205 1710
1204 1710
1203 1710
1202 1711
1201 1712
1200 1712
1199 1712
1198 1712
1197 1712
1196 1713
1195 1713
1194 1713
1193 1713
1192 1713
1191 1714
1190 1714
1189 1714
1188 1715
1187 1715
1186 1715
1185 1716
1184 1716
1183 1716
1182 1716
1181 1716
1180 1716
1179 1716
1178 1717
1177 1717
1176 1717
1175 1717
1174 1717
1173 1717
1172 1717
1171 1717
1170 1717
1169 1717
1168 1717
1167 1717
1166 1717
1165 1717
1164 1718
1163 1719
1162 1720
1162 1721
1161 1722
1160 1723
1159 1724
1159 1725
1159 1726
1159 1727
1159 1728
1159 1729
1159 1730
1158 1731
1158 1732
1158 1733
1158 1734
1158 1735
1158 1736
1158 1737
1158 1738
1157 1739
1156 1740
1156 1741
1155 1742
1155 1743
1155 1744
1155 1745
1155 1746
1154 1747
1154 1748
1153 1749
1152 1750
1151 1751
1150 1752
1150 1753
1149 1754
1148 1755
1148 1756
1147 1757
1146 1758
1146 1759
1146 1760
1146 1761
1147 1762
1148 1763
1149 1763
1150 1764
1151 1765
1152 1766
1153 1766
1154 1767
1155 1768
1156 1768
1157 1768
1158 1768
1159 1768
1160 1768
1161 1768
1162 1768
1163 1768
1164 1768
1165 1768
1166 1768
1167 1768
1168 1768
1169 1767
1170 1767
1171 1766
1172 1765
1173 1764
1174 1764
1175 1763
1176 1763
1177 1763
1178 1763
1179 1763
1180 1763
1181 1763
1182 1763
1183 1763
1184 1762
1185 1762
1186 1761
1187 1761
1188 1761
1189 1761
1190 1761
1191 1761
1192 1761
1193 1761
1194 1761
1195 1760
1196 1760
1197 1760
1198 1760
1199 1760
1200 1760
1201 1760
1202 1760
1203 1760
1204 1760
1205 1760
1206 1760
1207 1760
1208 1760
1209 1760
1210 1760
1211 1760
1212 1760
1213 1760
1214 1760
1215 1760
1216 1760
1217 1760
1218 1760
1219 1760
1220 1760
1221 1759
1222 1759
1223 1759
1224 1758
1225 1758
1226 1758
1227 1758
1228 1758
1229 1758
1230 1759
1231 1759
1232 1759
1233 1760
1234 1760
1235 1760
1236 1760
1237 1760
1238 1760
1239 1760
1240 1760
1241 1760
1242 1760
1243 1760
1244 1760
1245 1760
1246 1761
1247 1761
1248 1761
1249 1761
1250 1761
1251 1761
1252 1761
1253 1761
1254 1761
1255 1761
1256 1761
1257 1761
1258 1761
1259 1761
1260 1761
1261 1761
1262 1760
1263 1760
1264 1760
1265 1759
1266 1758
1267 1757
1268 1756
1269 1755
1270 1755
1271 1755
1272 1755
1273 1755
1274 1755
1275 1755
1276 1755
1277 1755
1278 1755
1279 1754
1280 1754
1281 1753
1282 1752
1283 1751
1284 1750
1285 1750
1286 1750
1287 1750
1288 1750
1289 1750
1290 1749
1291 1749
1292 1748
1293 1747
1294 1747
1295 1746
1296 1746
1297 1746
1298 1745
1299 1745
1300 1744
1301 1743
1302 1743
1303 1742
1303 1741
1303 1740
1303 1739
1303 1738
1303 1737
1303 1736
1302 1735
1301 1734
1300 1733
1299 1732
1298 1731
1297 1730
1296 1729
1295 1728
1294 1727
1293 1726
1292 1725
1291 1724
1290 1723
1289 1722
1288 1721
1287 1720
1286 1719
1285 1718
1284 1717
1283 1716
1282 1715
1281 1714
1280 1713
1279 1712
1278 1711
1277 1710
1276 1709
1275 1708
1274 1707
1273 1706
1272 1705
1271 1704
1270 1704
1269 1703
