657 228
656 229
655 229
654 229
653 229
652 229
651 229
650 229
649 229
648 229
647 230
646 230
645 230
644 230
643 230
642 230
641 230
640 231
639 231
638 231
637 232
636 232
635 232
634 233
633 233
632 232
631 232
630 232
629 232
628 232
627 232
626 232
625 232
624 232
623 232
622 232
621 232
620 232
619 232
618 232
617 232
616 232
615 232
614 232
613 232
612 233
611 233
610 233
609 234
608 234
607 235
606 235
605 235
604 236
603 237
602 238
601 239
600 239
599 240
598 240
597 241
596 242
595 243
594 243
593 244
592 245
591 246
590 247
589 248
588 249
588 250
587 251
587 252
587 253
586 254
586 255
586 256
585 257
585 258
585 259
585 260
585 261
585 262
585 263
585 264
585 265
586 266
587 266
588 267
589 267
590 267
591 267
592 267
593 267
594 267
595 266
596 266
597 266
598 265
599 265
600 265
601 265
602 265
603 265
604 265
605 265
606 265
607 265
608 265
609 265
610 265
611 265
612 265
613 265
614 265
615 264
616 264
617 264
618 264
619 264
620 264
621 264
622 264
623 264
624 264
625 264
626 264
627 264
628 264
629 264
630 264
631 264
632 264
633 264
634 264
635 265
636 265
637 265
638 265
639 266
640 266
641 266
642 267
643 267
644 268
645 268
646 268
647 269
648 269
649 269
650 269
651 270
652 270
653 271
654 271
655 272
656 272
657 273
658 273
659 274
660 275
661 275
662 275
663 276
664 276
665 276
666 277
667 277
668 277
669 277
670 277
671 277
672 277
673 277
674 277
675 277
676 277
677 277
678 277
679 277
680 277
681 277
682 277
683 277
684 277
685 277
686 277
687 277
688 278
689 278
690 279
691 279
692 279
693 279
694 279
695 279
696 279
697 279
698 278
699 278
700 278
701 277
702 276
703 276
704 275
705 274
706 273
707 272
708 271
709 271
710 270
710 269
711 268
712 267
712 266
712 265
712 264
712 263
712 262
712 261
712 260
712 259
712 258
711 257
711 256
711 255
711 254
711 253
711 252
710 251
710 250
710 249
709 248
709 247
709 246
709 245
708 244
707 243
706 242
705 241
704 240
703 239
702 238
702 237
702 236
701 235
700 234
699 234
698 234
697 233
696 233
695 233
694 233
693 233
692 232
691 232
690 232
689 232
688 231
687 231
686 231
685 230
684 230
683 230
682 230
681 230
680 229
679 229
678 229
677 229
676 229
675 229
674 229
673 229
672 229
671 229
670 229
669 229
668 229
667 229
666 229
665 228
664 228
663 228
662 228
661 228
660 228
659 228
658 228
657 228
