215 1801
214 1802
213 1802
212 1802
211 1803
210 1803
209 1803
208 1804
207 1804
206 1805
205 1805
204 1805
203 1806
202 1806
201 1807
200 1807
199 1807
198 1808
197 1808
196 1808
195 1809
194 1810
193 1810
192 1810
191 1810
190 1810
189 1809
188 1809
187 1809
186 1809
185 1809
184 1809
183 1809
182 1809
181 1809
180 1810
179 1810
178 1811
177 1811
176 1812
175 1812
174 1812
173 1813
172 1813
171 1813
170 1813
169 1814
168 1814
167 1814
166 1814
165 1815
164 1816
164 1817
163 1818
163 1819
162 1820
162 1821
163 1822
164 1823
165 1824
166 1825
167 1826
168 1826
169 1826
170 1827
171 1827
172 1827
173 1828
174 1828
175 1828
176 1828
177 1828
178 1829
179 1830
180 1830
181 1830
182 1830
183 1830
184 1830
185 1830
186 1831
187 1831
188 1832
189 1832
190 1832
191 1833
192 1833
193 1833
194 1833
195 1834
196 1835
197 1835
198 1835
199 1835
200 1835
201 1836
202 1836
203 1836
204 1837
205 1837
206 1837
207 1838
208 1838
209 1839
210 1839
211 1840
212 1840
213 1841
214 1841
215 1841
216 1842
217 1842
218 1843
219 1843
220 1843
221 1844
222 1844
223 1845
224 1845
225 1846
226 1846
227 1847
228 1847
229 1848
230 1848
231 1848
232 1848
233 1848
234 1848
235 1848
236 1848
237 1848
238 1848
239 1848
240 1848
241 1848
242 1848
243 1848
244 1848
245 1847
246 1847
247 1847
248 1846
249 1846
250 1846
251 1847
252 1847
253 1848
254 1848
255 1849
256 1849
257 1849
258 1849
259 1849
260 1849
261 1849
262 1849
263 1848
264 1848
265 1847
266 1847
267 1847
268 1846
269 1846
270 1846
271 1846
272 1846
273 1846
274 1846
275 1845
276 1844
277 1843
278 1843
279 1842
280 1842
281 1841
282 1840
283 1839
284 1839
285 1839
286 1839
287 1839
288 1839
289 1838
290 1838
291 1837
292 1836
293 1835
294 1835
295 1834
296 1833
297 1832
298 1831
299 1831
300 1830
301 1830
302 1830
303 1830
304 1830
305 1829
306 1828
306 1827
306 1826
306 1825
306 1824
306 1823
306 1822
305 1821
304 1820
304 1819
303 1818
302 1817
301 1816
301 1815
300 1814
299 1813
298 1812
297 1811
296 1811
295 1810
294 1810
293 1810
292 1810
291 1810
290 1810
289 1810
288 1810
287 1810
286 1809
285 1809
284 1809
283 1809
282 1809
281 1809
280 1809
279 1809
278 1809
277 1809
276 1809
275 1809
274 1810
273 1810
272 1810
271 1810
270 1810
269 1810
268 1811
267 1811
266 1811
265 1811
264 1811
263 1811
262 1811
261 1811
260 1811
259 1811
258 1811
257 1811
256 1811
255 1811
254 1811
253 1811
252 1810
251 1810
250 1809
249 1808
248 1808
247 1807
246 1807
245 1807
244 1806
243 1806
242 1805
241 1805
240 1805
239 1805
238 1804
237 1804
236 1804
235 1804
234 1804
233 1804
232 1804
231 1804
230 1804
229 1804
228 1804
227 1803
226 1803
225 1803
224 1803
223 1803
222 1802
221 1802
220 1802
219 1801
218 1801
217 1801
216 1801
215 1801
