751 1212
750 1213
749 1213
748 1213
747 1213
746 1213
745 1213
744 1213
743 1213
742 1213
741 1213
740 1213
739 1213
738 1213
737 1214
736 1214
735 1214
734 1214
733 1214
732 1214
731 1214
730 1214
729 1215
728 1215
727 1215
726 1215
725 1215
724 1215
723 1215
722 1215
721 1216
720 1217
719 1217
718 1217
717 1217
716 1217
715 1217
714 1217
713 1218
712 1218
711 1218
710 1219
709 1219
708 1220
707 1220
706 1220
705 1221
704 1221
703 1222
702 1222
701 1223
700 1223
699 1223
698 1224
697 1225
696 1225
695 1226
694 1226
693 1227
692 1227
691 1227
690 1228
689 1229
688 1230
687 1230
686 1231
685 1232
684 1232
683 1233
682 1234
681 1235
680 1236
680 1237
679 1238
678 1239
677 1240
676 1241
675 1242
674 1243
673 1244
673 1245
672 1246
671 1247
671 1248
671 1249
670 1250
670 1251
670 1252
669 1253
669 1254
669 1255
668 1256
668 1257
667 1258
667 1259
666 1260
666 1261
666 1262
666 1263
667 1264
667 1265
668 1266
668 1267
668 1268
669 1269
669 1270
669 1271
670 1272
671 1273
672 1274
673 1275
674 1275
675 1275
676 1275
677 1275
678 1275
679 1275
680 1275
681 1275
682 1275
683 1275
684 1275
685 1275
686 1275
687 1275
688 1275
689 1275
690 1275
691 1275
692 1275
693 1275
694 1275
695 1275
696 1275
697 1276
698 1276
699 1276
700 1277
701 1277
702 1277
703 1277
704 1277
705 1277
706 1277
707 1277
708 1278
709 1278
710 1279
711 1279
712 1279
713 1279
714 1279
715 1280
716 1280
717 1281
718 1281
719 1282
720 1282
721 1282
722 1282
723 1282
724 1282
725 1282
726 1282
727 1282
728 1282
729 1282
730 1282
731 1283
732 1283
733 1283
734 1283
735 1283
736 1283
737 1283
738 1283
739 1283
740 1283
741 1283
742 1283
743 1283
744 1283
745 1283
746 1283
747 1283
748 1283
749 1283
750 1283
751 1283
752 1282
753 1281
754 1281
755 1280
756 1280
757 1279
758 1278
759 1277
760 1277
761 1276
762 1276
763 1275
764 1275
765 1274
766 1273
767 1273
768 1273
769 1272
770 1272
771 1271
772 1271
773 1271
774 1270
775 1270
776 1269
777 1269
778 1269
779 1268
780 1268
781 1268
782 1268
783 1268
784 1268
785 1269
786 1269
787 1270
788 1270
789 1270
790 1270
791 1270
792 1271
793 1271
794 1271
795 1271
796 1271
797 1271
798 1271
799 1271
800 1271
801 1271
802 1271
803 1271
804 1271
805 1271
806 1271
807 1272
808 1272
809 1272
810 1273
811 1273
812 1273
813 1273
814 1272
815 1272
816 1272
817 1271
818 1271
819 1271
820 1271
821 1271
822 1271
823 1271
824 1271
825 1271
826 1271
827 1271
828 1271
829 1271
830 1271
831 1271
832 1271
833 1271
834 1270
835 1270
836 1269
837 1269
838 1269
839 1268
840 1268
841 1268
842 1267
843 1266
843 1265
843 1264
843 1263
843 1262
843 1261
843 1260
843 1259
843 1258
843 1257
843 1256
843 1255
843 1254
843 1253
843 1252
843 1251
843 1250
843 1249
843 1248
843 1247
843 1246
844 1245
844 1244
844 1243
845 1242
845 1241
845 1240
845 1239
845 1238
844 1237
843 1236
843 1235
842 1234
841 1233
841 1232
841 1231
840 1230
840 1229
839 1228
838 1227
837 1226
836 1226
835 1226
834 1225
833 1225
832 1225
831 1224
830 1224
829 1224
828 1223
827 1223
826 1223
825 1223
824 1223
823 1223
822 1222
821 1222
820 1221
819 1221
818 1221
817 1221
816 1221
815 1220
814 1220
813 1219
812 1219
811 1219
810 1219
809 1219
808 1219
807 1219
806 1219
805 1219
804 1219
803 1219
802 1219
801 1219
800 1218
799 1218
798 1218
797 1217
796 1217
795 1217
794 1216
793 1216
792 1216
791 1216
790 1215
789 1215
788 1215
787 1215
786 1214
785 1214
784 1214
783 1214
782 1213
781 1214
780 1213
779 1213
778 1213
777 1212
776 1212
775 1212
774 1212
773 1212
772 1212
771 1212
770 1212
769 1212
768 1212
767 1212
766 1212
765 1212
764 1212
763 1212
762 1212
761 1212
760 1212
759 1212
758 1212
757 1212
756 1212
755 1212
754 1212
753 1212
752 1212
751 1212
