479 1210
478 1211
477 1211
476 1211
475 1211
474 1211
473 1211
472 1211
471 1211
470 1211
469 1211
468 1211
467 1211
466 1211
465 1211
464 1211
463 1211
462 1211
461 1211
460 1212
459 1212
458 1212
457 1212
456 1212
455 1212
454 1212
453 1212
452 1212
451 1212
450 1212
449 1213
448 1213
447 1213
446 1213
445 1214
444 1214
443 1214
442 1214
441 1214
440 1215
439 1215
438 1215
437 1215
436 1215
435 1215
434 1215
433 1215
432 1216
431 1216
430 1216
429 1216
428 1217
427 1217
426 1218
425 1218
424 1219
423 1220
422 1221
421 1222
421 1223
420 1224
420 1225
419 1226
418 1227
418 1228
417 1229
417 1230
416 1231
415 1232
415 1233
414 1234
413 1234
412 1235
411 1236
410 1237
409 1238
409 1239
409 1240
409 1241
409 1242
409 1243
410 1244
410 1245
410 1246
411 1247
411 1248
412 1248
413 1249
414 1250
415 1251
416 1252
417 1253
418 1253
419 1254
420 1254
421 1254
422 1254
423 1254
424 1254
425 1254
426 1254
427 1255
428 1256
429 1257
430 1258
431 1259
432 1260
433 1261
434 1262
435 1262
436 1262
437 1263
438 1263
439 1264
440 1264
441 1264
442 1264
443 1265
444 1265
445 1265
446 1265
447 1265
448 1265
449 1265
450 1265
451 1265
452 1266
453 1266
454 1267
455 1267
456 1268
457 1268
458 1268
459 1269
460 1269
461 1269
462 1269
463 1269
464 1269
465 1269
466 1269
467 1270
468 1270
469 1271
470 1271
471 1271
472 1271
473 1271
474 1271
475 1271
476 1271
477 1271
478 1271
479 1271
480 1271
481 1271
482 1271
483 1270
484 1270
485 1269
486 1269
487 1269
488 1269
489 1269
490 1269
491 1269
492 1269
493 1269
494 1269
495 1269
496 1269
497 1269
498 1269
499 1269
500 1269
501 1269
502 1269
503 1269
504 1269
505 1269
506 1269
507 1269
508 1269
509 1269
510 1269
511 1269
512 1269
513 1269
514 1269
515 1269
516 1269
517 1269
518 1269
519 1269
520 1268
521 1268
522 1268
523 1267
524 1267
525 1267
526 1267
527 1267
528 1267
529 1266
530 1266
531 1266
532 1266
533 1265
534 1265
535 1265
536 1264
537 1264
538 1264
539 1264
540 1263
541 1263
542 1263
543 1262
544 1262
545 1262
546 1262
547 1262
548 1262
549 1261
550 1261
550 1260
551 1259
551 1258
551 1257
551 1256
551 1255
551 1254
551 1253
552 1252
552 1251
552 1250
552 1249
552 1248
552 1247
552 1246
552 1245
552 1244
552 1243
552 1242
552 1241
552 1240
552 1239
552 1238
551 1237
551 1236
550 1235
550 1234
550 1233
549 1232
549 1231
548 1230
548 1229
548 1228
548 1227
548 1226
548 1225
548 1224
548 1223
548 1222
548 1221
547 1220
546 1219
545 1218
544 1218
543 1217
542 1217
541 1217
540 1217
539 1216
538 1216
537 1215
536 1215
535 1214
534 1213
533 1213
532 1212
531 1212
530 1212
529 1212
528 1212
527 1212
526 1212
525 1212
524 1212
523 1212
522 1212
521 1211
520 1211
519 1211
518 1211
517 1210
516 1210
515 1210
514 1210
513 1210
512 1210
511 1210
510 1210
509 1210
508 1210
507 1210
506 1210
505 1210
504 1210
503 1210
502 1210
501 1210
500 1210
499 1210
498 1210
497 1210
496 1210
495 1210
494 1210
493 1210
492 1210
491 1210
490 1210
489 1210
488 1210
487 1210
486 1210
485 1210
484 1210
483 1210
482 1210
481 1210
480 1210
479 1210
