444 756
443 757
442 757
441 757
440 758
439 758
438 758
437 758
436 759
435 759
434 760
433 760
432 761
431 761
430 762
429 762
428 762
427 762
426 763
425 763
424 763
423 764
422 764
421 764
420 764
419 764
418 764
417 764
416 765
415 765
414 765
413 766
412 766
412 767
411 768
410 769
409 770
409 771
408 772
408 773
408 774
408 775
409 776
410 777
411 777
412 778
413 778
414 779
415 780
416 780
417 781
418 781
419 781
420 782
421 782
422 782
423 782
424 782
425 782
426 782
427 782
428 782
429 782
430 782
431 782
432 782
433 782
434 782
435 782
436 782
437 782
438 782
439 783
440 783
441 783
442 783
443 784
444 785
445 786
446 787
447 788
448 789
449 789
450 789
451 788
452 788
453 787
454 786
455 785
456 784
457 783
458 782
459 782
460 781
460 780
460 779
460 778
461 777
461 776
461 775
462 774
462 773
462 772
462 771
461 770
461 769
460 768
460 767
459 766
458 765
457 764
457 763
456 762
456 761
455 760
454 759
453 758
453 757
452 757
451 756
450 756
449 756
448 756
447 756
446 756
445 756
444 756
