196 775
195 776
194 777
193 777
192 778
191 779
190 780
189 781
188 781
187 782
186 783
185 783
184 784
183 784
182 785
181 786
180 787
179 788
178 789
177 790
176 791
175 792
174 792
173 793
172 793
171 794
170 794
169 795
168 795
167 796
166 796
165 797
164 798
163 798
162 798
161 799
160 799
159 800
158 800
157 800
156 801
155 801
154 801
153 801
152 801
151 802
150 803
149 803
148 804
147 804
146 805
145 805
144 805
143 806
142 807
141 808
140 809
139 809
138 810
137 810
136 811
135 811
134 812
133 812
132 813
131 814
130 815
129 816
128 816
127 817
126 818
125 819
124 820
123 821
122 822
121 823
120 824
119 825
118 826
117 827
116 827
115 828
114 829
113 829
112 830
111 830
110 831
109 832
108 833
108 834
107 835
107 836
107 837
107 838
107 839
107 840
107 841
107 842
108 843
109 844
109 845
110 846
111 847
112 848
113 849
114 850
115 851
116 852
117 853
118 854
118 855
119 856
120 857
121 858
121 859
122 860
123 860
124 861
125 862
126 862
127 862
128 862
129 862
130 863
131 863
132 863
133 864
134 864
135 864
136 864
137 864
138 864
139 864
140 865
141 865
142 865
143 866
144 866
145 866
146 867
147 867
148 867
149 867
150 867
151 867
152 868
153 868
154 868
155 868
156 868
157 868
158 868
159 868
160 868
161 868
162 869
163 869
164 869
165 869
166 869
167 869
168 870
169 870
170 870
171 870
172 871
173 871
174 871
175 872
176 872
177 872
178 872
179 872
180 873
181 873
182 873
183 873
184 873
185 873
186 873
187 873
188 873
189 873
190 873
191 873
192 874
193 875
194 876
195 876
196 877
197 877
198 878
199 878
200 878
201 879
202 879
203 879
204 879
205 880
206 880
207 881
208 881
209 882
210 882
211 882
212 883
213 884
214 884
215 885
216 885
217 885
218 885
219 885
220 885
221 885
222 884
223 884
224 884
225 883
226 883
227 883
228 883
229 883
230 883
231 883
232 883
233 883
234 883
235 883
236 883
237 883
238 883
239 883
240 883
241 883
242 883
243 883
244 883
245 883
246 883
247 883
248 883
249 883
250 883
251 883
252 884
253 884
254 885
255 885
256 886
257 886
258 887
259 887
260 888
261 888
262 888
263 888
264 888
265 888
266 889
267 889
268 889
269 889
270 889
271 888
272 888
273 888
274 888
275 888
276 888
277 888
278 888
279 888
280 888
281 888
282 887
283 886
283 885
283 884
284 883
284 882
284 881
284 880
284 879
284 878
285 877
285 876
285 875
286 874
286 873
286 872
286 871
286 870
286 869
287 868
288 867
289 866
289 865
290 864
291 863
291 862
292 861
292 860
292 859
292 858
292 857
293 856
293 855
294 854
294 853
294 852
294 851
294 850
294 849
294 848
294 847
295 846
295 845
295 844
296 843
296 842
296 841
296 840
296 839
296 838
297 837
297 836
297 835
297 834
297 833
297 832
297 831
297 830
297 829
297 828
297 827
297 826
297 825
297 824
297 823
297 822
297 821
297 820
297 819
297 818
297 817
296 816
296 815
296 814
296 813
296 812
296 811
296 810
296 809
296 808
296 807
296 806
296 805
296 804
296 803
295 802
295 801
295 800
295 799
294 798
294 797
294 796
294 795
294 794
294 793
294 792
294 791
294 790
294 789
294 788
293 787
292 787
291 786
290 785
289 784
288 784
287 784
286 783
285 783
284 783
283 783
282 782
281 781
280 780
279 779
278 778
277 778
276 777
275 777
274 777
273 777
272 777
271 776
270 776
269 776
268 776
267 776
266 776
265 776
264 776
263 776
262 776
261 776
260 776
259 777
258 777
257 777
256 777
255 777
254 777
253 777
252 777
251 777
250 777
249 777
248 776
247 775
246 775
245 775
244 775
243 775
242 775
241 776
240 777
239 777
238 777
237 777
236 778
235 778
235 779
234 780
233 781
232 782
231 782
230 783
229 783
228 783
227 783
226 783
225 783
224 783
223 783
222 784
221 784
220 784
219 784
218 784
217 783
216 783
215 782
214 782
213 783
212 783
211 783
210 783
209 783
208 783
207 783
206 783
205 782
204 781
203 780
202 779
201 778
200 777
199 776
198 775
197 775
196 775
