474 1429
473 1430
472 1430
471 1430
470 1431
469 1431
468 1431
467 1432
466 1433
465 1433
464 1433
463 1434
462 1434
461 1434
460 1435
459 1435
458 1436
457 1437
456 1437
455 1438
454 1439
453 1439
452 1440
451 1440
450 1441
449 1441
448 1442
447 1443
446 1443
445 1443
444 1443
443 1444
442 1444
441 1445
440 1445
439 1446
438 1446
437 1446
436 1446
435 1446
434 1446
433 1447
432 1448
431 1449
430 1450
429 1450
428 1451
427 1451
426 1451
425 1451
424 1452
423 1453
422 1454
421 1455
421 1456
420 1457
420 1458
419 1459
418 1460
417 1461
416 1462
416 1463
416 1464
416 1465
417 1466
417 1467
418 1468
418 1469
418 1470
419 1471
420 1472
420 1473
421 1474
421 1475
422 1476
422 1477
422 1478
422 1479
421 1480
421 1481
421 1482
420 1483
420 1484
420 1485
420 1486
419 1487
418 1488
417 1489
416 1490
416 1491
415 1492
415 1493
415 1494
416 1495
416 1496
417 1497
418 1497
419 1498
420 1498
421 1498
422 1498
423 1498
424 1497
425 1497
426 1497
427 1497
428 1497
429 1497
430 1497
431 1497
432 1497
433 1497
434 1497
435 1497
436 1496
437 1496
438 1496
439 1495
440 1495
441 1495
442 1495
443 1495
444 1495
445 1495
446 1495
447 1495
448 1495
449 1495
450 1495
451 1496
452 1496
453 1496
454 1497
455 1497
456 1497
457 1497
458 1497
459 1497
460 1497
461 1497
462 1498
463 1498
464 1498
465 1498
466 1499
467 1499
468 1499
469 1499
470 1499
471 1499
472 1499
473 1499
474 1499
475 1499
476 1499
477 1499
478 1499
479 1499
480 1499
480 1498
480 1497
481 1496
482 1495
483 1495
484 1495
485 1495
486 1495
487 1494
488 1494
489 1494
490 1494
491 1494
492 1493
493 1493
494 1493
495 1493
496 1493
497 1493
498 1493
499 1493
500 1492
501 1492
502 1492
503 1492
504 1492
505 1491
506 1491
507 1491
508 1490
509 1490
510 1490
511 1490
512 1490
513 1490
514 1490
515 1490
516 1490
517 1490
518 1490
519 1491
520 1491
521 1491
522 1492
523 1492
524 1492
525 1492
526 1492
527 1492
528 1492
529 1492
530 1492
531 1492
532 1491
533 1491
534 1491
535 1490
536 1490
537 1490
538 1489
539 1488
540 1488
541 1487
542 1486
543 1486
544 1485
545 1485
546 1484
547 1484
548 1483
549 1483
550 1482
551 1481
552 1480
552 1479
553 1478
553 1477
554 1476
555 1475
556 1474
557 1473
558 1472
559 1471
559 1470
560 1469
560 1468
560 1467
561 1466
561 1465
561 1464
561 1463
561 1462
561 1461
561 1460
562 1459
562 1458
562 1457
562 1456
562 1455
562 1454
561 1453
561 1452
561 1451
561 1450
561 1449
560 1448
559 1447
558 1446
557 1446
556 1445
555 1444
554 1443
553 1443
552 1443
551 1442
550 1441
549 1440
548 1439
547 1439
546 1438
545 1438
544 1437
543 1437
542 1437
541 1437
540 1437
539 1437
538 1437
537 1436
536 1436
535 1435
534 1435
533 1435
532 1434
531 1434
530 1434
529 1434
528 1434
527 1434
526 1434
525 1434
524 1433
523 1433
522 1433
521 1433
520 1433
519 1433
518 1433
517 1433
516 1433
515 1433
514 1433
513 1433
512 1432
511 1432
510 1432
509 1432
508 1432
507 1432
506 1432
505 1432
504 1432
503 1432
502 1431
501 1431
500 1431
499 1431
498 1431
497 1431
496 1431
495 1431
494 1431
493 1431
492 1431
491 1431
490 1431
489 1430
488 1430
487 1430
486 1429
485 1429
484 1429
483 1429
482 1429
481 1429
480 1429
479 1429
478 1429
477 1429
476 1429
475 1429
474 1429
