746 438
745 439
744 440
743 441
742 442
742 443
741 444
741 445
741 446
740 447
740 448
741 449
741 450
741 451
741 452
741 453
741 454
741 455
742 456
742 457
742 458
743 459
743 460
743 461
744 462
744 463
744 464
744 465
744 466
744 467
744 468
744 469
744 470
744 471
744 472
744 473
744 474
744 475
744 476
744 477
744 478
744 479
744 480
744 481
744 482
743 483
743 484
743 485
743 486
743 487
743 488
743 489
743 490
743 491
743 492
743 493
743 494
744 495
745 496
746 497
747 498
748 499
749 500
750 501
750 502
751 503
752 504
753 504
754 505
755 505
756 505
757 505
758 505
759 505
760 504
761 504
762 504
763 504
764 504
765 504
766 504
767 504
768 504
769 504
770 504
771 504
772 504
773 505
774 506
775 507
776 508
777 508
778 509
779 509
780 509
781 510
782 510
783 510
784 511
785 511
786 511
787 511
788 511
789 512
790 512
791 512
792 513
793 513
794 513
795 514
796 514
797 515
798 515
799 516
800 516
801 516
802 516
803 516
804 516
805 516
806 516
807 516
808 516
809 516
810 516
811 516
812 516
813 516
814 515
815 515
816 515
817 515
818 515
819 515
820 515
821 515
822 514
823 514
824 513
825 513
826 512
827 512
828 511
829 510
830 509
831 508
832 507
833 506
834 505
835 504
836 503
837 502
838 501
838 500
839 499
840 498
840 497
841 496
841 495
841 494
841 493
842 492
842 491
843 490
844 489
845 488
846 487
847 486
847 485
847 484
847 483
847 482
847 481
847 480
846 479
845 478
844 477
843 477
842 476
841 475
841 474
840 473
839 472
838 471
837 470
836 469
835 469
834 469
833 469
832 468
831 468
830 467
829 467
828 467
827 466
826 466
825 466
824 465
823 464
822 464
821 463
820 463
819 462
818 462
817 461
816 461
815 461
814 461
813 460
812 460
811 459
810 459
809 458
808 458
807 457
806 457
805 456
804 456
803 455
802 454
801 454
800 453
799 453
798 452
797 452
796 451
795 451
794 451
793 451
792 451
791 451
790 451
789 451
788 451
787 451
786 451
785 451
784 451
783 451
782 451
781 451
780 451
779 451
778 451
777 451
776 451
775 451
774 451
773 451
772 450
771 450
770 449
769 449
768 448
767 448
766 447
765 446
764 445
763 444
762 443
761 442
760 442
759 441
758 441
757 441
756 440
755 439
754 438
753 438
752 438
751 438
750 438
749 438
748 438
747 438
746 438
