105 2349
104 2350
103 2351
102 2352
101 2353
101 2354
100 2355
100 2356
100 2357
99 2358
99 2359
98 2360
98 2361
97 2362
96 2363
96 2364
96 2365
95 2366
95 2367
95 2368
96 2369
96 2370
96 2371
97 2372
97 2373
98 2374
98 2375
98 2376
98 2377
98 2378
98 2379
98 2380
98 2381
99 2382
99 2383
99 2384
100 2385
100 2386
100 2387
101 2388
101 2389
102 2390
102 2391
103 2392
103 2393
103 2394
103 2395
104 2396
104 2397
105 2398
105 2399
105 2400
106 2401
106 2402
107 2403
107 2404
108 2405
108 2406
109 2407
110 2407
111 2408
112 2408
113 2408
114 2408
115 2408
116 2409
117 2409
118 2410
119 2410
120 2411
121 2411
122 2411
123 2412
124 2412
125 2413
126 2413
127 2413
128 2414
129 2414
130 2414
131 2414
132 2414
133 2414
134 2415
135 2415
136 2415
137 2416
138 2416
139 2416
140 2416
141 2417
142 2417
143 2417
144 2417
145 2417
146 2418
147 2418
148 2418
149 2418
150 2419
151 2419
152 2419
153 2420
154 2420
155 2420
156 2420
157 2420
158 2420
159 2420
160 2420
161 2421
162 2421
163 2421
164 2421
165 2421
166 2421
167 2421
168 2421
169 2421
170 2421
171 2421
172 2421
173 2420
174 2420
175 2420
176 2420
177 2420
178 2420
179 2420
180 2420
181 2420
182 2420
183 2419
184 2419
185 2419
186 2418
187 2418
188 2417
189 2416
190 2416
191 2415
192 2415
193 2415
194 2414
195 2414
196 2413
197 2412
198 2412
199 2411
200 2410
201 2410
202 2410
203 2409
204 2408
205 2407
206 2406
207 2405
208 2404
209 2404
210 2403
211 2402
212 2402
213 2401
214 2400
214 2399
215 2398
215 2397
215 2396
215 2395
215 2394
215 2393
215 2392
215 2391
215 2390
215 2389
215 2388
215 2387
214 2386
214 2385
214 2384
213 2383
213 2382
212 2381
211 2380
210 2379
209 2378
208 2378
207 2377
206 2376
205 2375
204 2374
203 2373
202 2372
201 2371
200 2370
199 2369
198 2369
197 2368
196 2368
195 2368
194 2368
193 2368
192 2368
191 2368
190 2368
189 2368
188 2368
187 2368
186 2368
185 2367
184 2367
183 2367
182 2366
181 2366
180 2365
179 2365
178 2364
177 2364
176 2364
175 2364
174 2364
173 2364
172 2363
171 2362
170 2362
169 2362
168 2362
167 2362
166 2362
165 2362
164 2362
163 2361
162 2361
161 2361
160 2360
159 2360
158 2359
157 2359
156 2359
155 2358
154 2358
153 2358
152 2358
151 2357
150 2357
149 2357
148 2357
147 2356
146 2356
145 2356
144 2356
143 2356
142 2356
141 2356
140 2356
139 2356
138 2356
137 2356
136 2356
135 2356
134 2356
133 2356
132 2356
131 2355
130 2355
129 2355
128 2354
127 2353
126 2353
125 2353
124 2353
123 2353
122 2353
121 2352
120 2352
119 2352
118 2351
117 2351
116 2350
115 2350
114 2350
113 2350
112 2350
111 2349
110 2349
109 2349
108 2349
107 2349
106 2349
105 2349
