1552 136
1551 137
1550 137
1549 137
1548 137
1547 137
1546 137
1545 137
1544 138
1543 138
1542 139
1541 139
1540 139
1539 140
1538 141
1537 141
1536 142
1535 142
1534 143
1533 144
1532 144
1531 145
1530 146
1529 147
1528 147
1528 148
1527 149
1526 150
1526 151
1526 152
1527 152
1528 153
1529 153
1530 153
1531 153
1532 153
1533 153
1534 153
1535 153
1536 153
1537 153
1538 153
1539 154
1540 154
1541 154
1542 154
1543 154
1544 154
1545 155
1546 155
1547 155
1548 155
1549 155
1550 155
1551 155
1552 155
1553 155
1554 155
1555 155
1556 155
1557 155
1558 155
1559 155
1560 155
1561 155
1562 155
1563 155
1564 154
1565 154
1566 153
1567 153
1568 152
1568 151
1569 150
1569 149
1569 148
1569 147
1569 146
1569 145
1568 144
1568 143
1568 142
1567 141
1567 140
1567 139
1567 138
1566 137
1565 137
1564 136
1563 136
1562 136
1561 136
1560 136
1559 136
1558 136
1557 136
1556 136
1555 136
1554 136
1553 136
1552 136
