728 404
727 405
726 406
725 406
724 406
723 406
722 406
721 406
720 406
719 406
718 405
717 405
716 405
715 405
714 405
713 405
712 405
711 405
710 406
709 407
708 407
707 407
706 407
705 407
704 407
703 407
702 407
701 407
700 407
699 407
698 407
697 406
696 406
695 406
694 406
693 406
692 406
691 406
690 406
689 406
688 406
687 406
686 406
685 406
684 406
683 407
682 407
681 408
680 409
680 410
679 411
679 412
678 413
678 414
677 415
677 416
676 417
676 418
675 419
674 420
674 421
673 422
672 423
672 424
672 425
671 426
671 427
671 428
670 429
670 430
669 431
669 432
669 433
669 434
669 435
669 436
669 437
669 438
669 439
669 440
669 441
669 442
669 443
669 444
669 445
669 446
669 447
669 448
669 449
668 450
668 451
668 452
667 453
667 454
667 455
667 456
666 457
666 458
666 459
666 460
666 461
666 462
666 463
665 464
665 465
665 466
665 467
664 468
664 469
663 470
662 471
661 472
661 473
661 474
661 475
661 476
661 477
661 478
662 478
663 478
664 478
665 478
666 477
667 477
668 477
669 477
670 477
671 476
672 476
673 476
674 476
675 475
676 475
677 475
678 474
679 474
680 474
681 473
682 473
683 472
684 472
685 472
686 472
687 471
688 471
689 471
690 470
691 470
692 470
693 469
694 469
695 469
696 469
697 469
698 469
699 469
700 469
701 469
702 469
703 469
704 469
705 470
706 470
707 470
708 471
709 471
710 471
711 471
712 472
713 473
714 473
715 473
716 473
717 474
718 474
719 474
720 474
721 474
722 474
723 474
724 474
725 474
726 474
727 473
728 473
729 473
730 473
731 473
732 473
733 472
734 472
735 472
736 472
737 472
738 472
739 472
740 472
741 472
742 472
743 472
744 472
745 472
746 472
747 472
748 472
749 472
750 471
751 471
752 471
753 471
754 471
755 471
756 471
757 471
758 471
759 471
760 471
761 471
762 471
763 471
764 471
765 471
766 471
767 471
768 471
769 471
770 471
771 471
772 471
773 471
774 471
775 471
776 471
777 471
778 471
779 471
780 471
781 471
782 471
783 472
784 472
785 473
786 473
787 473
788 473
789 474
790 474
791 474
792 475
793 476
794 476
795 477
796 478
797 478
798 478
799 478
800 478
801 479
802 479
803 479
804 480
805 480
806 480
807 481
808 481
809 481
810 481
811 481
812 482
813 482
814 483
815 483
816 484
817 484
818 483
819 483
820 482
821 481
822 480
823 480
824 480
825 479
826 479
827 478
828 477
829 477
830 477
831 477
832 478
833 478
834 478
835 477
835 476
836 475
837 475
838 474
839 474
840 474
841 473
842 472
843 471
844 470
845 469
846 468
847 467
848 467
849 466
850 465
851 464
851 463
852 462
852 461
853 460
854 459
854 458
855 457
856 457
856 456
857 455
858 454
859 453
860 452
860 451
860 450
860 449
860 448
860 447
860 446
860 445
860 444
859 443
859 442
859 441
858 440
858 439
858 438
858 437
858 436
857 435
857 434
856 433
856 432
855 431
855 430
855 429
854 428
853 427
852 426
851 425
850 425
849 424
848 424
847 423
846 422
845 421
844 420
843 420
842 419
841 418
840 417
839 416
838 415
837 415
836 414
835 414
834 413
833 413
832 413
831 412
830 412
829 411
828 411
827 411
826 410
825 410
824 410
823 410
822 409
821 409
820 409
819 409
818 409
817 408
816 408
815 408
814 407
813 408
812 408
811 408
810 409
809 409
808 409
807 409
806 409
805 409
804 409
803 409
802 409
801 410
800 410
799 410
798 410
797 411
796 411
795 412
794 412
793 412
792 413
791 413
790 413
789 413
788 413
787 413
786 414
785 414
784 415
783 415
782 415
781 415
780 415
779 415
778 415
777 415
776 415
775 414
774 414
773 414
772 414
771 413
770 413
769 413
768 412
767 412
766 412
765 411
764 411
763 411
762 411
761 411
760 410
759 410
758 409
757 409
756 409
755 408
754 408
753 407
752 407
751 407
750 407
749 407
748 407
747 407
746 407
745 407
744 407
743 407
742 406
741 406
740 406
739 406
738 406
737 406
736 406
735 406
734 405
733 405
732 405
731 405
730 404
729 404
728 404
