934 825
933 826
932 826
931 826
930 826
929 826
928 826
927 826
926 826
925 826
924 826
923 826
922 827
921 827
920 828
919 828
918 828
917 829
916 829
915 829
914 829
913 829
912 830
911 830
910 830
909 831
908 832
907 833
906 833
905 834
904 834
903 835
902 835
901 836
900 837
899 838
898 839
897 840
897 841
896 842
896 843
896 844
897 845
897 846
897 847
898 848
898 849
899 850
900 851
900 852
901 853
902 854
903 855
903 856
904 857
904 858
905 859
906 860
907 861
908 862
909 863
910 864
911 865
912 866
913 867
914 868
915 868
916 868
917 868
918 868
919 868
920 868
921 868
922 868
923 868
924 869
925 869
926 870
927 871
928 872
929 872
930 872
931 872
932 872
933 872
934 872
935 872
936 872
937 872
938 872
939 871
940 871
941 870
942 870
943 869
944 869
945 869
946 869
947 870
948 870
949 870
950 871
951 871
952 871
953 871
954 871
955 871
956 871
957 871
958 871
959 871
960 870
961 869
962 868
963 867
964 866
965 865
966 864
967 863
968 862
969 861
970 860
971 859
971 858
971 857
971 856
971 855
971 854
971 853
971 852
971 851
971 850
971 849
971 848
971 847
971 846
971 845
970 844
970 843
969 842
969 841
968 840
968 839
967 838
966 837
965 836
964 835
963 835
962 834
961 834
960 833
959 832
958 832
957 831
956 831
955 831
954 831
953 831
952 831
951 830
950 830
949 829
948 828
947 828
946 828
945 828
944 827
943 827
942 827
941 826
940 826
939 826
938 826
937 825
936 825
935 825
934 825
