455 189
454 190
453 190
452 191
451 192
451 193
450 194
449 195
449 196
448 197
447 198
446 199
445 200
444 201
443 202
442 202
441 203
440 204
439 204
438 205
437 205
436 205
435 206
434 206
433 206
432 207
431 207
430 208
429 208
428 209
427 209
427 210
426 211
425 212
425 213
424 214
424 215
424 216
425 217
425 218
426 218
427 219
428 219
429 220
430 220
431 221
432 222
433 223
434 224
435 225
436 226
437 227
438 228
439 229
440 230
441 231
442 232
443 232
444 232
445 232
446 233
447 233
448 233
449 233
450 233
451 233
452 233
453 233
454 233
455 233
456 233
457 233
458 233
459 233
460 233
461 233
462 234
463 234
464 234
465 234
466 234
467 235
468 235
469 235
470 236
471 236
472 236
473 237
474 238
475 238
476 239
477 239
478 239
479 240
480 240
481 240
482 241
483 241
484 241
485 242
486 242
487 242
488 243
489 243
490 244
491 244
492 244
493 245
494 245
495 245
496 246
497 247
498 247
499 248
500 249
501 249
502 250
503 250
504 250
505 251
506 251
507 252
508 253
509 253
510 254
510 255
511 255
512 256
513 257
514 258
515 259
515 260
516 260
517 261
518 262
519 262
520 263
521 263
522 264
523 264
524 265
525 266
526 266
527 267
528 267
529 268
530 268
531 269
532 270
533 270
534 270
535 270
536 270
537 270
538 269
539 269
540 268
541 267
542 267
543 266
544 266
545 265
546 264
547 263
548 262
549 261
550 260
551 259
552 258
553 257
554 256
555 255
556 254
557 253
558 252
559 251
560 250
561 250
562 249
563 248
564 247
565 247
566 246
567 245
568 245
569 244
570 243
571 243
572 242
573 242
574 241
575 241
576 241
577 240
578 240
579 239
580 239
581 238
582 238
583 238
584 237
585 237
586 236
587 236
588 235
589 235
590 234
591 234
592 234
592 233
593 232
593 231
592 230
592 229
592 228
592 227
591 226
591 225
591 224
590 223
590 222
590 221
590 220
589 219
589 218
588 217
587 216
586 215
586 214
586 213
586 212
586 211
585 210
585 209
584 208
583 207
582 206
581 205
580 204
579 203
578 202
577 202
576 201
575 201
574 201
573 200
572 200
571 200
570 199
569 199
568 199
567 198
566 198
565 197
564 197
563 197
562 197
561 197
560 197
559 197
558 197
557 197
556 197
555 197
554 197
553 197
552 197
551 197
550 196
549 196
548 196
547 196
546 196
545 196
544 196
543 196
542 196
541 196
540 196
539 196
538 196
537 196
536 196
535 196
534 196
533 196
532 196
531 195
530 195
529 194
528 194
527 194
526 193
525 193
524 193
523 193
522 193
521 193
520 193
519 193
518 193
517 192
516 192
515 192
514 192
513 192
512 192
511 192
510 192
509 192
508 192
507 192
506 192
505 192
504 192
503 192
502 191
501 191
500 191
499 191
498 191
497 191
496 191
495 191
494 191
493 191
492 191
491 191
490 192
489 192
488 192
487 192
486 192
485 192
484 192
483 193
482 194
481 194
480 194
479 194
478 194
477 194
476 194
475 194
474 195
473 195
472 196
471 196
470 197
469 198
468 198
467 197
466 197
465 196
464 195
463 195
462 194
461 193
460 192
459 191
458 190
457 189
456 189
455 189
