175 1606
174 1607
173 1608
172 1609
171 1610
170 1611
169 1612
169 1613
168 1614
168 1615
167 1616
166 1617
166 1618
165 1619
164 1620
164 1621
163 1622
163 1623
163 1624
162 1625
162 1626
161 1627
161 1628
160 1629
160 1630
160 1631
160 1632
160 1633
160 1634
161 1635
161 1636
161 1637
161 1638
162 1639
162 1640
162 1641
163 1642
163 1643
163 1644
163 1645
163 1646
163 1647
163 1648
163 1649
163 1650
163 1651
163 1652
163 1653
163 1654
163 1655
163 1656
163 1657
163 1658
163 1659
163 1660
162 1661
163 1662
163 1663
163 1664
164 1665
165 1666
165 1667
166 1668
166 1669
167 1670
167 1671
167 1672
168 1673
168 1674
168 1675
169 1676
170 1677
170 1678
171 1679
172 1680
173 1681
174 1681
175 1682
176 1682
177 1683
178 1682
179 1682
180 1681
181 1681
182 1680
183 1680
184 1680
185 1680
186 1679
187 1678
188 1677
189 1677
190 1676
191 1676
192 1676
193 1676
194 1675
195 1675
196 1674
197 1673
198 1673
199 1673
200 1672
201 1671
202 1671
203 1670
204 1669
205 1669
206 1669
207 1669
208 1669
209 1668
210 1668
211 1667
212 1667
213 1667
214 1667
215 1667
216 1667
217 1667
218 1667
219 1667
220 1668
221 1668
222 1668
223 1668
224 1668
225 1668
226 1668
227 1668
228 1668
229 1668
230 1668
231 1668
232 1668
233 1668
234 1668
235 1668
236 1668
237 1668
238 1668
239 1668
240 1668
241 1668
242 1668
243 1668
244 1667
245 1667
246 1666
247 1666
248 1665
249 1665
250 1665
251 1665
252 1665
253 1665
254 1665
255 1664
255 1663
255 1662
255 1661
256 1660
256 1659
256 1658
256 1657
257 1656
257 1655
258 1654
258 1653
258 1652
258 1651
258 1650
258 1649
259 1648
259 1647
259 1646
259 1645
259 1644
259 1643
259 1642
260 1641
259 1640
259 1639
258 1638
258 1637
257 1636
257 1635
256 1634
256 1633
255 1632
254 1631
253 1630
252 1630
251 1629
250 1628
249 1627
248 1626
247 1625
246 1624
245 1624
244 1623
243 1623
242 1623
241 1623
240 1623
239 1623
238 1623
237 1622
236 1622
235 1622
234 1622
233 1622
232 1622
231 1622
230 1621
229 1621
228 1620
227 1620
226 1619
225 1619
224 1619
223 1619
222 1619
221 1618
220 1617
219 1617
218 1616
217 1615
216 1615
215 1614
214 1613
213 1613
212 1612
211 1612
210 1611
209 1611
208 1611
207 1610
206 1610
205 1610
204 1609
203 1609
202 1608
201 1608
200 1608
199 1607
198 1607
197 1607
196 1607
195 1607
194 1607
193 1607
192 1607
191 1607
190 1607
189 1607
188 1607
187 1606
186 1606
185 1606
184 1606
183 1606
182 1606
181 1606
180 1606
179 1606
178 1606
177 1606
176 1606
175 1606
