1616 840
1615 841
1614 841
1613 841
1612 842
1611 842
1610 842
1609 842
1608 842
1607 842
1606 842
1605 842
1604 842
1603 842
1602 842
1601 842
1600 842
1599 843
1598 843
1597 843
1596 843
1595 843
1594 843
1593 843
1592 843
1591 843
1590 843
1589 843
1588 843
1587 844
1586 844
1585 844
1584 844
1583 844
1582 844
1581 844
1580 844
1579 844
1578 844
1577 844
1576 844
1575 844
1574 844
1573 844
1572 844
1571 844
1570 844
1569 843
1568 843
1567 843
1566 843
1565 843
1564 843
1563 843
1562 843
1561 843
1560 843
1559 843
1558 843
1557 843
1556 843
1555 843
1554 843
1553 843
1552 843
1551 842
1550 842
1549 842
1548 842
1547 842
1546 842
1545 842
1544 842
1543 842
1542 842
1541 842
1540 842
1539 842
1538 842
1537 842
1536 842
1535 842
1534 843
1533 844
1532 845
1531 845
1530 845
1529 845
1528 846
1527 846
1526 846
1525 847
1524 847
1523 848
1522 849
1521 849
1520 849
1519 850
1518 850
1517 850
1516 851
1515 851
1514 852
1513 852
1512 853
1511 853
1510 854
1509 855
1508 855
1507 855
1506 856
1505 856
1504 856
1503 857
1502 857
1501 857
1500 857
1499 858
1498 858
1497 858
1496 859
1495 859
1494 859
1493 859
1492 859
1491 859
1490 859
1489 860
1488 860
1487 860
1486 860
1485 860
1484 860
1483 860
1482 860
1481 860
1480 860
1479 860
1478 861
1477 861
1476 862
1475 862
1474 863
1473 863
1472 862
1471 862
1470 862
1469 861
1468 861
1467 860
1466 860
1465 860
1464 861
1463 862
1463 863
1463 864
1463 865
1463 866
1464 867
1464 868
1464 869
1465 870
1465 871
1466 872
1466 873
1467 874
1467 875
1468 876
1469 877
1470 877
1471 878
1472 879
1473 879
1474 880
1475 880
1476 881
1477 882
1478 883
1479 883
1480 884
1481 885
1482 885
1483 886
1484 886
1485 886
1486 887
1487 887
1488 887
1489 887
1490 887
1491 887
1492 887
1493 888
1494 888
1495 888
1496 888
1497 888
1498 889
1499 889
1500 890
1501 890
1502 890
1503 891
1504 891
1505 891
1506 892
1507 892
1508 892
1509 892
1510 893
1511 893
1512 894
1513 894
1514 894
1515 895
1516 895
1517 895
1518 895
1519 895
1520 895
1521 896
1522 896
1523 896
1524 897
1525 897
1526 897
1527 898
1528 898
1529 898
1530 898
1531 899
1532 899
1533 900
1534 900
1535 900
1536 901
1537 901
1538 901
1539 902
1540 902
1541 902
1542 903
1543 903
1544 904
1545 904
1546 904
1547 904
1548 905
1549 905
1550 905
1551 906
1552 906
1553 906
1554 907
1555 907
1556 907
1557 908
1558 908
1559 908
1560 908
1561 908
1562 909
1563 909
1564 910
1565 910
1566 910
1567 910
1568 910
1569 911
1570 911
1571 911
1572 911
1573 912
1574 912
1575 913
1576 914
1577 914
1578 915
1579 915
1580 915
1581 916
1582 916
1583 916
1584 916
1585 916
1586 916
1587 916
1588 916
1589 917
1590 917
1591 918
1592 918
1593 919
1594 919
1595 919
1596 918
1597 918
1598 917
1599 917
1600 916
1601 916
1602 916
1603 916
1604 916
1605 916
1606 916
1607 916
1608 917
1609 917
1610 917
1611 918
1612 918
1613 918
1614 918
1615 918
1616 918
1617 918
1618 918
1619 918
1620 918
1621 918
1622 918
1623 918
1624 919
1625 919
1626 919
1627 919
1628 919
1629 919
1630 920
1631 921
1632 921
1633 921
1634 921
1635 921
1636 921
1637 921
1638 922
1639 922
1640 922
1641 923
1642 923
1643 923
1644 923
1645 923
1646 923
1647 923
1648 923
1649 923
1650 923
1651 923
1652 923
1653 923
1654 923
1655 923
1656 923
1657 923
1658 923
1659 923
1660 923
1661 923
1662 923
1663 923
1664 923
1665 923
1666 922
1667 922
1668 921
1669 921
1670 920
1671 919
1672 919
1673 918
1674 918
1675 917
1676 917
1677 916
1678 916
1679 916
1680 915
1681 914
1682 913
1683 912
1684 912
1685 911
1686 911
1687 910
1688 910
1689 910
1690 910
1691 910
1692 910
1693 910
1694 910
1695 910
1696 910
1697 910
1698 910
1699 910
1700 910
1701 910
1702 910
1703 909
1704 908
1705 908
1706 907
1707 907
1708 906
1709 906
1710 905
1711 904
1712 903
1713 902
1714 901
1714 900
1715 899
1716 898
1716 897
1717 896
1718 895
1718 894
1719 893
1719 892
1719 891
1719 890
1719 889
1719 888
1719 887
1719 886
1719 885
1720 884
1720 883
1721 882
1722 881
1723 880
1724 880
1725 879
1725 878
1726 877
1727 876
1727 875
1728 874
1728 873
1728 872
1729 871
1729 870
1729 869
1729 868
1729 867
1728 866
1728 865
1728 864
1727 863
1727 862
1727 861
1726 860
1726 859
1726 858
1726 857
1725 856
1724 855
1723 854
1722 853
1721 852
1720 851
1719 851
1718 850
1717 849
1716 848
1715 848
1714 848
1713 847
1712 847
1711 847
1710 847
1709 847
1708 847
1707 847
1706 847
1705 847
1704 848
1703 848
1702 848
1701 848
1700 848
1699 848
1698 848
1697 848
1696 848
1695 848
1694 848
1693 848
1692 848
1691 848
1690 848
1689 848
1688 848
1687 849
1686 849
1685 849
1684 849
1683 849
1682 849
1681 849
1680 849
1679 849
1678 849
1677 849
1676 849
1675 849
1674 849
1673 849
1672 849
1671 849
1670 849
1669 849
1668 849
1667 849
1666 849
1665 849
1664 848
1663 848
1662 848
1661 848
1660 847
1659 847
1658 846
1657 846
1656 846
1655 845
1654 845
1653 844
1652 844
1651 844
1650 844
1649 844
1648 844
1647 844
1646 844
1645 843
1644 843
1643 843
1642 843
1641 842
1640 842
1639 842
1638 842
1637 842
1636 842
1635 842
1634 842
1633 842
1632 842
1631 842
1630 842
1629 842
1628 842
1627 842
1626 842
1625 842
1624 842
1623 841
1622 841
1621 841
1620 840
1619 840
1618 840
1617 840
1616 840
