202 2092
201 2093
200 2093
199 2093
198 2093
197 2094
196 2094
195 2095
194 2096
193 2097
192 2098
191 2099
190 2100
189 2100
188 2100
187 2100
186 2100
185 2100
184 2100
183 2099
182 2099
181 2098
180 2098
179 2098
178 2098
177 2098
176 2098
175 2098
174 2098
173 2098
172 2099
171 2099
170 2100
169 2101
168 2101
167 2102
166 2102
165 2102
164 2103
163 2104
162 2105
162 2106
162 2107
161 2108
160 2109
159 2110
158 2111
158 2112
158 2113
158 2114
158 2115
158 2116
158 2117
158 2118
158 2119
158 2120
158 2121
158 2122
158 2123
158 2124
158 2125
159 2126
159 2127
159 2128
160 2129
161 2130
162 2131
163 2132
164 2133
165 2133
166 2134
167 2134
168 2134
169 2134
170 2134
171 2134
172 2135
173 2136
174 2137
175 2138
176 2139
177 2140
178 2141
179 2141
180 2142
181 2142
182 2143
183 2143
184 2143
185 2143
186 2143
187 2143
188 2143
189 2143
190 2143
191 2143
192 2142
193 2142
194 2142
195 2142
196 2142
197 2142
198 2142
199 2142
200 2142
201 2142
202 2142
203 2142
204 2142
205 2142
206 2142
207 2142
208 2142
209 2142
210 2142
211 2142
212 2142
213 2142
214 2142
215 2142
216 2141
217 2141
218 2141
219 2141
220 2140
221 2139
222 2139
223 2139
224 2138
225 2138
226 2137
227 2137
228 2136
229 2135
230 2135
231 2134
232 2133
233 2132
234 2131
234 2130
235 2129
235 2128
236 2127
236 2126
237 2125
237 2124
237 2123
238 2122
238 2121
238 2120
238 2119
238 2118
238 2117
238 2116
238 2115
238 2114
238 2113
238 2112
238 2111
237 2110
236 2109
235 2108
234 2107
234 2106
233 2105
232 2105
231 2104
230 2104
229 2103
228 2102
227 2101
226 2100
225 2099
224 2098
223 2098
222 2097
221 2096
220 2096
219 2095
218 2094
217 2094
216 2094
215 2093
214 2093
213 2093
212 2093
211 2092
210 2092
209 2092
208 2092
207 2092
206 2092
205 2092
204 2092
203 2092
202 2092
