242 493
241 494
240 494
239 494
238 495
237 495
236 496
235 496
234 496
233 496
232 496
231 496
230 496
229 496
228 496
227 496
226 496
225 497
224 497
223 497
222 497
221 497
220 497
219 498
218 498
217 498
216 498
215 498
214 498
213 498
212 499
211 499
210 499
209 499
208 499
207 499
206 499
205 499
204 500
203 500
202 500
201 501
200 501
199 501
198 501
197 501
196 501
195 501
194 501
193 501
192 501
191 501
190 501
189 501
188 501
187 501
186 501
185 501
184 501
183 501
182 502
181 502
180 502
179 503
178 503
177 503
176 503
175 503
174 504
173 504
172 504
171 505
170 506
169 506
168 507
167 507
166 506
165 506
164 506
163 506
162 506
161 506
160 506
159 505
158 505
157 505
156 504
155 504
154 504
153 504
152 504
151 504
150 504
149 504
148 503
147 503
146 504
145 505
144 505
143 506
142 507
141 507
140 508
139 508
138 509
137 509
136 510
135 510
134 511
133 511
132 511
131 512
130 513
129 514
128 515
128 516
127 517
127 518
127 519
126 520
126 521
126 522
125 523
125 524
125 525
125 526
125 527
125 528
124 529
124 530
123 531
122 532
122 533
122 534
121 535
121 536
121 537
120 538
120 539
120 540
119 541
118 542
118 543
118 544
118 545
118 546
119 547
120 548
120 549
120 550
120 551
121 552
121 553
122 554
122 555
123 556
123 557
123 558
123 559
123 560
123 561
124 562
125 563
125 564
126 565
126 566
126 567
127 568
127 569
127 570
128 571
129 571
130 572
131 572
132 572
133 572
134 572
135 572
136 572
137 571
138 571
139 571
140 570
141 570
142 570
143 570
144 570
145 570
146 570
147 570
148 571
149 571
150 571
151 572
152 572
153 572
154 572
155 572
156 572
157 572
158 572
159 572
160 573
161 573
162 573
163 573
164 573
165 573
166 574
167 574
168 574
169 574
170 574
171 574
172 574
173 574
174 574
175 575
176 575
177 575
178 575
179 575
180 575
181 575
182 575
183 575
184 575
185 576
186 576
187 576
188 577
189 577
190 577
191 577
192 577
193 577
194 577
195 577
196 577
197 577
198 577
199 577
200 577
201 577
202 577
203 578
204 578
205 578
206 578
207 578
208 578
209 579
210 579
211 579
212 579
213 579
214 580
215 580
216 580
217 581
218 581
219 581
220 582
221 582
222 582
223 582
224 583
225 583
226 583
227 583
228 583
229 583
230 583
231 584
232 584
233 584
234 584
235 584
236 585
237 585
238 585
239 585
240 585
241 586
242 586
243 586
244 587
245 587
246 587
247 587
248 587
249 587
250 587
251 587
252 587
253 587
254 587
255 587
256 587
257 587
258 587
259 587
260 587
261 587
262 587
263 587
264 587
265 587
266 587
267 587
268 586
269 586
270 586
271 586
272 585
273 585
274 585
275 585
276 585
277 585
278 585
279 585
280 585
281 585
282 585
283 585
284 585
285 584
286 583
287 582
288 581
289 580
290 579
291 578
292 577
293 576
294 575
295 574
296 574
297 573
298 572
299 572
300 572
301 571
302 571
303 570
304 569
304 568
305 567
306 566
307 565
307 564
308 563
309 562
309 561
310 560
310 559
311 558
311 557
311 556
311 555
311 554
311 553
311 552
311 551
311 550
311 549
311 548
311 547
311 546
311 545
311 544
311 543
311 542
311 541
311 540
311 539
311 538
311 537
311 536
311 535
311 534
310 533
310 532
310 531
310 530
310 529
310 528
310 527
309 526
309 525
308 524
308 523
307 523
306 522
305 521
304 521
303 520
302 519
301 518
300 517
299 516
298 515
297 514
296 513
295 512
294 511
293 510
292 509
291 508
290 507
289 506
288 506
287 506
286 505
285 505
284 505
283 504
282 503
281 503
280 502
279 501
278 501
277 500
276 500
275 499
274 499
273 498
272 498
271 497
270 497
269 496
268 496
267 496
266 496
265 496
264 495
263 495
262 494
261 493
260 493
259 493
258 493
257 493
256 493
255 493
254 493
253 493
252 493
251 493
250 493
249 493
248 493
247 493
246 493
245 493
244 493
243 493
242 493
