789 322
788 323
787 323
786 323
785 324
784 324
783 325
782 325
781 326
780 327
779 327
778 328
777 328
776 329
775 329
774 329
773 329
772 329
771 330
770 331
769 332
768 332
767 332
766 332
765 333
764 333
763 334
762 335
761 335
760 336
759 337
758 337
757 338
756 338
755 339
754 340
753 340
752 341
751 342
750 342
749 343
748 344
747 345
747 346
746 347
745 348
744 349
743 349
742 350
741 351
740 352
739 353
738 354
738 355
737 356
736 357
736 358
735 359
734 360
734 361
733 362
732 363
731 364
731 365
730 366
729 367
730 367
731 368
732 369
733 369
734 369
735 370
736 370
737 370
738 370
739 371
740 372
741 372
742 372
743 372
744 373
745 373
746 373
747 373
748 373
749 373
750 373
751 374
752 374
753 374
754 375
755 375
756 375
757 375
758 375
759 375
760 376
761 376
762 376
763 376
764 377
765 377
766 377
767 377
768 378
769 378
770 378
771 378
772 378
773 378
774 378
775 379
776 379
777 379
778 380
779 380
780 380
781 380
782 380
783 380
784 380
785 380
786 381
787 381
788 381
789 381
790 381
791 381
792 381
793 381
794 381
795 382
796 382
797 382
798 382
799 382
800 382
801 382
802 382
803 382
804 382
805 382
806 382
807 382
808 382
809 382
810 382
811 382
812 382
813 382
814 382
815 382
816 382
817 382
818 382
819 382
820 382
821 382
822 382
823 382
824 382
825 382
826 382
827 382
828 382
829 382
830 382
831 382
832 382
833 382
834 382
835 381
836 381
837 381
838 380
839 380
840 380
841 379
842 378
843 377
844 376
845 375
846 374
847 373
848 372
848 371
848 370
848 369
849 368
850 367
850 366
851 365
851 364
851 363
851 362
851 361
851 360
851 359
851 358
851 357
851 356
850 355
850 354
849 353
849 352
848 351
847 350
846 349
845 348
844 347
843 346
842 346
841 345
840 345
839 345
838 345
837 344
836 344
835 344
834 343
833 343
832 343
831 342
830 342
829 341
828 341
827 340
826 340
825 339
824 338
823 337
822 337
821 336
820 335
819 334
818 333
818 332
817 331
816 330
815 329
814 328
813 327
812 326
811 326
810 326
809 325
808 324
807 324
806 323
805 323
804 322
803 322
802 322
801 322
800 322
799 322
798 322
797 322
796 322
795 322
794 322
793 322
792 322
791 322
790 322
789 322
