320 1601
319 1602
318 1602
317 1602
316 1602
315 1602
314 1602
313 1602
312 1603
311 1603
310 1603
309 1603
308 1603
307 1604
306 1604
305 1604
304 1604
303 1604
302 1604
301 1604
300 1604
299 1604
298 1604
297 1604
296 1604
295 1604
294 1604
293 1604
292 1604
291 1604
290 1604
289 1604
288 1604
287 1604
286 1604
285 1604
284 1604
283 1604
282 1604
281 1603
280 1603
279 1603
278 1603
277 1604
276 1604
275 1604
274 1604
273 1605
272 1605
271 1605
270 1606
269 1606
268 1606
267 1606
266 1606
265 1606
264 1606
263 1606
262 1606
261 1607
260 1607
259 1607
258 1607
257 1607
256 1607
255 1607
254 1607
253 1607
252 1607
251 1607
250 1607
249 1607
248 1607
247 1608
246 1608
245 1608
244 1608
243 1608
242 1608
241 1608
240 1608
239 1608
238 1608
237 1608
236 1608
235 1608
234 1609
233 1609
232 1609
231 1609
230 1609
229 1609
228 1609
227 1609
226 1610
225 1610
224 1610
223 1611
222 1611
221 1611
220 1610
219 1611
218 1611
217 1611
216 1612
215 1612
214 1612
213 1612
212 1612
211 1612
210 1612
209 1612
208 1612
207 1613
207 1614
206 1615
206 1616
206 1617
205 1618
205 1619
205 1620
204 1621
204 1622
204 1623
204 1624
204 1625
204 1626
204 1627
204 1628
204 1629
205 1630
205 1631
205 1632
206 1633
207 1634
208 1635
209 1635
210 1636
211 1636
212 1636
213 1637
214 1637
215 1638
216 1638
217 1639
218 1639
219 1639
220 1639
221 1639
222 1639
223 1639
224 1639
225 1639
226 1639
227 1640
228 1640
229 1640
230 1641
231 1641
232 1642
233 1642
234 1643
235 1643
236 1643
237 1643
238 1643
239 1643
240 1643
241 1643
242 1643
243 1643
244 1643
245 1644
246 1645
247 1645
248 1646
249 1646
250 1647
251 1647
252 1647
253 1647
254 1647
255 1647
256 1647
257 1648
258 1649
259 1649
260 1649
261 1649
262 1649
263 1649
264 1649
265 1649
266 1649
267 1649
268 1649
269 1649
270 1649
271 1650
272 1650
273 1650
274 1650
275 1650
276 1650
277 1650
278 1650
279 1650
280 1650
281 1650
282 1650
283 1650
284 1650
285 1650
286 1650
287 1650
288 1650
289 1650
290 1650
291 1650
292 1650
293 1650
294 1650
295 1650
296 1650
297 1650
298 1650
299 1650
300 1650
301 1650
302 1650
303 1650
304 1650
305 1650
306 1650
307 1650
308 1650
309 1650
310 1651
311 1651
312 1651
313 1651
314 1652
315 1652
316 1652
317 1652
318 1652
319 1652
320 1652
321 1652
322 1652
323 1653
324 1653
325 1653
326 1653
327 1653
328 1653
329 1653
330 1653
331 1653
332 1653
333 1653
334 1653
335 1653
336 1653
337 1653
338 1653
339 1653
340 1653
341 1653
342 1653
343 1653
344 1653
345 1653
346 1653
347 1653
348 1653
349 1652
349 1651
350 1650
350 1649
350 1648
350 1647
350 1646
350 1645
350 1644
350 1643
350 1642
350 1641
350 1640
350 1639
350 1638
350 1637
350 1636
350 1635
350 1634
351 1633
351 1632
351 1631
351 1630
351 1629
351 1628
351 1627
351 1626
351 1625
351 1624
351 1623
350 1622
350 1621
349 1620
348 1619
347 1618
346 1617
345 1616
344 1615
344 1614
343 1613
343 1612
342 1611
342 1610
342 1609
342 1608
342 1607
341 1606
340 1605
339 1604
338 1603
337 1602
336 1601
335 1601
334 1601
333 1601
332 1601
331 1601
330 1601
329 1601
328 1601
327 1601
326 1601
325 1601
324 1601
323 1601
322 1601
321 1601
320 1601
