325 1046
324 1047
323 1047
322 1047
321 1048
320 1047
319 1048
318 1048
317 1048
316 1048
315 1048
314 1049
313 1049
312 1049
311 1049
310 1049
309 1049
308 1050
307 1050
306 1050
305 1050
304 1050
303 1050
302 1050
301 1051
300 1051
299 1051
298 1051
297 1051
296 1051
295 1051
294 1052
293 1052
292 1052
291 1053
290 1053
289 1053
288 1053
287 1052
286 1053
285 1053
284 1053
283 1054
282 1054
281 1054
280 1054
279 1054
278 1054
277 1054
276 1055
275 1055
274 1055
273 1055
272 1055
271 1056
270 1056
269 1056
268 1056
267 1056
266 1056
265 1057
264 1057
263 1058
262 1059
261 1059
260 1059
259 1059
258 1060
257 1061
256 1062
255 1062
254 1062
253 1063
252 1063
251 1063
250 1064
249 1064
248 1064
247 1065
246 1065
245 1066
244 1066
243 1067
242 1067
241 1068
240 1068
239 1068
238 1069
237 1069
236 1069
235 1069
234 1069
233 1070
232 1071
231 1071
230 1071
229 1071
228 1072
227 1072
226 1072
225 1073
224 1073
223 1073
222 1074
221 1074
220 1074
219 1074
218 1074
217 1075
216 1075
215 1075
214 1076
213 1076
212 1077
211 1077
210 1077
209 1078
208 1078
207 1079
206 1080
205 1080
205 1081
204 1082
203 1082
202 1083
201 1084
200 1084
199 1085
198 1086
197 1087
196 1088
195 1088
194 1089
194 1090
193 1091
194 1092
194 1093
195 1094
196 1095
197 1095
198 1096
199 1096
200 1096
201 1096
202 1096
203 1096
204 1096
205 1096
206 1096
207 1096
208 1096
209 1095
210 1095
211 1095
212 1095
213 1095
214 1095
215 1095
216 1095
217 1095
218 1095
219 1095
220 1094
221 1094
222 1094
223 1093
224 1093
225 1093
226 1092
227 1092
228 1092
229 1092
230 1092
231 1092
232 1092
233 1092
234 1092
235 1092
236 1092
237 1092
238 1092
239 1092
240 1092
241 1092
242 1092
243 1092
244 1092
245 1092
246 1092
247 1092
248 1092
249 1092
250 1092
251 1092
252 1092
253 1092
254 1092
255 1092
256 1092
257 1092
258 1092
259 1092
260 1092
261 1092
262 1092
263 1092
264 1092
265 1092
266 1092
267 1092
268 1092
269 1092
270 1092
271 1091
272 1091
273 1091
274 1091
275 1091
276 1091
277 1090
278 1090
279 1090
280 1090
281 1090
282 1090
283 1090
284 1090
285 1090
286 1090
287 1090
288 1090
289 1090
290 1090
291 1090
292 1090
293 1090
294 1090
295 1090
296 1090
297 1090
298 1090
299 1090
300 1090
301 1090
302 1090
303 1090
304 1090
305 1090
306 1090
307 1090
308 1090
309 1090
310 1090
311 1090
312 1090
313 1090
314 1090
315 1090
316 1090
317 1090
318 1090
319 1091
320 1091
321 1091
322 1091
323 1091
324 1091
325 1091
326 1091
327 1092
328 1092
329 1092
330 1092
331 1092
332 1092
333 1092
334 1093
335 1093
336 1093
337 1094
338 1094
339 1094
340 1094
341 1094
342 1094
343 1094
344 1095
345 1095
346 1095
347 1095
348 1096
349 1096
350 1096
351 1096
352 1096
353 1096
354 1096
355 1096
356 1097
357 1097
358 1097
359 1097
360 1097
361 1097
362 1097
363 1097
364 1097
365 1097
366 1097
367 1096
368 1096
369 1096
370 1096
371 1096
372 1096
373 1096
374 1096
375 1096
376 1096
377 1095
378 1095
379 1095
380 1095
381 1094
382 1094
383 1094
384 1093
385 1093
386 1093
387 1092
388 1092
389 1092
390 1092
391 1091
392 1091
393 1090
394 1090
395 1090
396 1089
397 1089
398 1089
399 1088
400 1088
401 1088
402 1087
403 1087
404 1087
405 1087
406 1086
406 1085
407 1084
407 1083
408 1082
408 1081
408 1080
408 1079
408 1078
408 1077
408 1076
408 1075
408 1074
408 1073
408 1072
407 1071
406 1070
405 1069
404 1068
403 1068
402 1067
401 1066
400 1065
400 1064
399 1063
398 1063
397 1062
396 1061
395 1060
395 1059
394 1059
393 1058
392 1058
391 1057
390 1057
389 1056
388 1055
387 1054
386 1053
385 1052
384 1051
383 1051
382 1050
381 1050
380 1050
379 1050
378 1050
377 1050
376 1050
375 1050
374 1049
373 1049
372 1049
371 1049
370 1049
369 1049
368 1049
367 1048
366 1048
365 1048
364 1048
363 1048
362 1048
361 1047
360 1047
359 1047
358 1047
357 1047
356 1046
355 1046
354 1046
353 1046
352 1046
351 1047
350 1047
349 1047
348 1047
347 1047
346 1046
345 1046
344 1046
343 1046
342 1046
341 1046
340 1046
339 1046
338 1046
337 1046
336 1046
335 1046
334 1046
333 1046
332 1046
331 1046
330 1046
329 1046
328 1046
327 1046
326 1046
325 1046
