1240 1916
1239 1917
1238 1917
1237 1917
1236 1918
1235 1919
1234 1920
1233 1921
1232 1921
1231 1922
1230 1923
1229 1924
1228 1924
1227 1925
1226 1925
1225 1925
1224 1926
1223 1926
1222 1926
1221 1927
1220 1927
1219 1927
1218 1927
1217 1927
1216 1927
1215 1927
1214 1927
1213 1927
1212 1927
1211 1927
1210 1927
1209 1927
1208 1927
1207 1927
1206 1927
1205 1927
1204 1927
1203 1927
1202 1927
1201 1927
1200 1926
1199 1926
1198 1926
1197 1925
1196 1925
1195 1925
1194 1925
1193 1925
1192 1925
1191 1925
1190 1924
1189 1924
1188 1924
1187 1924
1186 1924
1185 1924
1184 1924
1183 1924
1182 1924
1181 1924
1180 1924
1179 1924
1178 1924
1177 1923
1176 1923
1175 1923
1174 1923
1173 1923
1172 1923
1171 1923
1170 1923
1169 1923
1168 1922
1167 1922
1166 1922
1165 1922
1164 1922
1163 1922
1162 1922
1161 1922
1160 1922
1159 1922
1158 1922
1157 1922
1156 1922
1155 1922
1154 1923
1153 1923
1152 1923
1151 1923
1150 1923
1149 1923
1148 1923
1147 1923
1146 1923
1145 1923
1144 1923
1143 1923
1142 1923
1141 1923
1140 1923
1139 1924
1138 1924
1137 1924
1136 1924
1135 1924
1134 1924
1133 1924
1132 1924
1131 1924
1130 1924
1129 1924
1128 1924
1127 1924
1126 1924
1125 1924
1124 1924
1123 1924
1122 1924
1121 1924
1120 1924
1119 1924
1118 1924
1117 1924
1116 1924
1115 1924
1114 1924
1113 1924
1112 1924
1111 1924
1110 1924
1109 1924
1108 1924
1107 1924
1106 1924
1105 1924
1104 1924
1103 1924
1102 1924
1101 1924
1100 1923
1099 1923
1098 1923
1097 1923
1096 1923
1095 1923
1094 1923
1093 1923
1092 1922
1091 1922
1090 1921
1089 1921
1088 1921
1087 1921
1086 1921
1085 1921
1084 1921
1083 1921
1082 1921
1081 1921
1080 1921
1079 1921
1078 1921
1077 1922
1076 1922
1075 1923
1074 1924
1074 1925
1073 1926
1072 1927
1071 1928
1070 1929
1069 1930
1068 1931
1067 1932
1066 1933
1065 1934
1064 1935
1063 1936
1062 1937
1061 1937
1060 1937
1059 1938
1058 1939
1058 1940
1058 1941
1058 1942
1058 1943
1059 1944
1059 1945
1059 1946
1059 1947
1059 1948
1059 1949
1060 1950
1060 1951
1061 1952
1061 1953
1062 1954
1063 1955
1064 1956
1065 1957
1066 1958
1067 1959
1068 1960
1069 1961
1070 1962
1071 1963
1071 1964
1071 1965
1071 1966
1071 1967
1072 1968
1072 1969
1073 1970
1073 1971
1073 1972
1074 1973
1074 1974
1075 1975
1075 1976
1076 1977
1076 1978
1077 1979
1078 1980
1079 1981
1079 1982
1080 1983
1081 1984
1082 1985
1083 1986
1084 1987
1085 1987
1086 1988
1087 1989
1088 1990
1088 1991
1089 1992
1089 1993
1090 1994
1090 1995
1091 1996
1092 1997
1092 1998
1092 1999
1093 2000
1093 2001
1094 2002
1094 2003
1095 2004
1096 2005
1097 2006
1098 2007
1099 2008
1100 2009
1100 2010
1101 2011
1102 2012
1103 2013
1103 2014
1104 2015
1104 2016
1105 2017
1105 2018
1106 2019
1107 2020
1108 2021
1108 2022
1109 2023
1109 2024
1110 2025
1110 2026
1111 2027
1111 2028
1111 2029
1112 2030
1113 2031
1113 2032
1114 2033
1115 2034
1116 2034
1117 2034
1118 2034
1119 2034
1120 2033
1121 2033
1122 2032
1123 2032
1124 2032
1125 2032
1126 2032
1127 2032
1128 2032
1129 2032
1130 2032
1131 2031
1132 2030
1133 2030
1134 2030
1135 2030
1136 2030
1137 2029
1138 2029
1139 2028
1140 2028
1141 2028
1142 2027
1143 2027
1144 2027
1145 2026
1146 2026
1147 2026
1148 2026
1149 2026
1150 2025
1151 2025
1152 2025
1153 2025
1154 2025
1155 2025
1156 2024
1157 2024
1158 2024
1159 2024
1160 2024
1161 2024
1162 2024
1163 2024
1164 2024
1165 2023
1166 2023
1167 2022
1168 2022
1169 2021
1170 2021
1171 2022
1172 2023
1173 2023
1174 2024
1175 2024
1176 2024
1177 2024
1178 2024
1179 2024
1180 2024
1181 2024
1182 2024
1183 2024
1184 2024
1185 2024
1186 2023
1187 2023
1188 2023
1189 2022
1190 2022
1191 2022
1192 2022
1193 2022
1194 2022
1195 2022
1196 2022
1197 2021
1198 2020
1199 2020
1200 2020
1201 2020
1202 2020
1203 2020
1204 2020
1205 2020
1206 2020
1207 2020
1208 2020
1209 2019
1210 2019
1211 2018
1212 2018
1213 2017
1214 2017
1215 2017
1216 2016
1217 2016
1218 2016
1219 2017
1220 2017
1221 2018
1222 2019
1223 2020
1224 2020
1225 2020
1226 2020
1227 2020
1228 2019
1229 2019
1230 2019
1231 2019
1232 2019
1233 2019
1234 2019
1235 2019
1236 2018
1237 2018
1238 2018
1239 2017
1240 2017
1241 2017
1242 2017
1243 2017
1244 2017
1245 2017
1246 2016
1247 2016
1248 2016
1249 2016
1250 2015
1251 2014
1252 2014
1253 2014
1254 2014
1255 2014
1256 2013
1257 2013
1258 2013
1259 2013
1260 2013
1261 2013
1262 2013
1263 2013
1264 2012
1265 2012
1266 2012
1267 2011
1268 2011
1269 2011
1270 2011
1271 2011
1272 2011
1273 2011
1274 2011
1275 2010
1276 2009
1277 2009
1278 2008
1279 2007
1280 2007
1281 2006
1282 2006
1283 2006
1284 2006
1285 2006
1286 2006
1287 2006
1288 2006
1289 2006
1290 2005
1291 2005
1292 2005
1293 2004
1294 2003
1295 2002
1296 2001
1297 2000
1297 1999
1298 1998
1298 1997
1298 1996
1298 1995
1298 1994
1299 1993
1299 1992
1300 1991
1300 1990
1301 1989
1301 1988
1301 1987
1301 1986
1301 1985
1301 1984
1301 1983
1301 1982
1301 1981
1301 1980
1301 1979
1301 1978
1301 1977
1301 1976
1301 1975
1301 1974
1301 1973
1300 1972
1300 1971
1300 1970
1300 1969
1299 1968
1299 1967
1299 1966
1298 1965
1298 1964
1298 1963
1297 1962
1297 1961
1297 1960
1297 1959
1297 1958
1296 1957
1295 1956
1294 1955
1293 1954
1292 1953
1291 1953
1290 1953
1289 1953
1288 1953
1287 1953
1286 1952
1285 1952
1284 1951
1283 1950
1282 1949
1281 1948
1280 1947
1279 1946
1279 1945
1278 1944
1278 1943
1277 1942
1277 1941
1277 1940
1276 1939
1275 1938
1275 1937
1274 1936
1273 1935
1272 1934
1271 1933
1270 1932
1269 1931
1268 1930
1267 1929
1266 1928
1265 1927
1264 1927
1263 1926
1262 1925
1261 1925
1260 1924
1259 1923
1258 1922
1257 1921
1256 1921
1255 1920
1254 1919
1253 1919
1252 1919
1251 1918
1250 1917
1249 1916
1248 1916
1247 1916
1246 1916
1245 1916
1244 1916
1243 1916
1242 1916
1241 1916
1240 1916
