191 1101
190 1102
189 1103
188 1103
187 1104
186 1105
185 1105
184 1106
183 1106
182 1106
181 1107
180 1108
179 1108
178 1109
177 1109
176 1110
175 1110
174 1111
173 1111
172 1112
171 1113
170 1113
169 1114
168 1115
167 1116
166 1117
165 1118
164 1118
163 1119
162 1119
161 1120
160 1120
159 1120
158 1121
157 1121
156 1122
155 1123
154 1123
153 1123
152 1123
151 1123
150 1123
149 1124
148 1124
147 1125
146 1125
145 1126
144 1126
143 1127
142 1127
141 1128
140 1128
139 1128
138 1129
137 1129
136 1130
135 1130
134 1131
133 1131
132 1131
131 1132
130 1133
129 1133
128 1134
127 1135
126 1136
125 1136
124 1137
123 1137
122 1138
121 1139
120 1140
119 1141
118 1142
117 1143
116 1144
116 1145
116 1146
116 1147
116 1148
116 1149
115 1150
115 1151
115 1152
114 1153
114 1154
114 1155
114 1156
114 1157
114 1158
114 1159
114 1160
114 1161
114 1162
115 1163
115 1164
116 1165
116 1166
117 1167
118 1168
119 1169
120 1170
121 1170
122 1171
123 1171
124 1172
125 1172
126 1173
126 1174
127 1174
128 1175
129 1175
130 1176
131 1176
132 1176
133 1177
134 1177
135 1178
136 1179
137 1179
138 1179
139 1180
140 1180
141 1181
142 1182
143 1183
144 1184
145 1184
146 1184
147 1184
148 1185
149 1185
150 1186
151 1187
152 1187
153 1188
154 1189
155 1190
156 1191
157 1192
158 1193
159 1194
160 1195
161 1196
162 1196
163 1197
164 1197
165 1198
166 1198
167 1199
168 1199
169 1200
170 1201
171 1202
172 1203
173 1204
174 1205
175 1205
176 1206
177 1206
178 1207
179 1207
180 1208
181 1209
182 1209
183 1210
184 1211
185 1211
186 1212
187 1212
188 1213
189 1213
190 1213
191 1214
192 1214
193 1214
194 1215
195 1215
196 1215
197 1216
198 1216
199 1216
200 1216
201 1216
202 1216
203 1216
204 1216
205 1216
206 1217
207 1217
208 1218
209 1218
210 1218
211 1219
212 1220
213 1220
214 1220
215 1220
216 1220
217 1220
218 1220
219 1220
220 1220
221 1219
222 1219
223 1218
224 1218
225 1217
226 1217
227 1217
228 1216
229 1216
230 1216
231 1215
232 1215
233 1215
234 1215
235 1215
236 1215
237 1215
238 1215
239 1215
240 1215
241 1215
242 1215
243 1215
244 1215
245 1215
246 1215
247 1215
248 1215
249 1214
250 1214
251 1213
252 1213
253 1213
254 1212
255 1212
256 1212
257 1211
258 1211
259 1211
260 1210
261 1210
262 1209
263 1208
264 1208
265 1207
266 1207
267 1206
268 1205
269 1204
270 1203
271 1202
272 1201
273 1200
274 1199
275 1198
276 1197
277 1196
278 1195
279 1195
279 1194
280 1193
281 1192
282 1191
283 1190
284 1190
284 1189
285 1188
286 1187
287 1186
288 1185
289 1185
289 1184
290 1183
291 1182
292 1181
293 1180
294 1179
294 1178
295 1177
296 1176
297 1175
298 1174
298 1173
298 1172
298 1171
298 1170
299 1169
299 1168
299 1167
299 1166
299 1165
299 1164
299 1163
299 1162
299 1161
299 1160
299 1159
300 1158
300 1157
300 1156
301 1155
301 1154
301 1153
301 1152
301 1151
301 1150
301 1149
301 1148
301 1147
301 1146
300 1145
300 1144
300 1143
299 1142
299 1141
299 1140
299 1139
298 1138
297 1137
297 1136
297 1135
297 1134
296 1133
296 1132
296 1131
295 1130
295 1129
294 1128
293 1127
292 1127
291 1126
290 1126
289 1126
288 1125
287 1125
286 1124
285 1123
284 1123
283 1122
282 1122
281 1122
280 1121
279 1121
278 1121
277 1121
276 1121
275 1120
274 1120
273 1120
272 1120
271 1119
270 1119
269 1119
268 1119
267 1118
266 1118
265 1117
264 1116
263 1116
262 1115
261 1115
260 1114
259 1114
258 1113
257 1112
256 1111
255 1110
254 1110
253 1109
252 1109
251 1108
250 1108
249 1107
248 1106
247 1106
246 1106
245 1106
244 1106
243 1106
242 1106
241 1106
240 1106
239 1106
238 1106
237 1105
236 1105
235 1104
234 1103
233 1103
232 1103
231 1102
230 1102
229 1101
228 1101
227 1101
226 1101
225 1101
224 1101
223 1101
222 1101
221 1101
220 1101
219 1101
218 1101
217 1101
216 1102
215 1102
214 1102
213 1103
212 1103
211 1104
210 1104
209 1104
208 1105
207 1105
206 1105
205 1104
204 1104
203 1103
202 1102
201 1102
200 1102
199 1101
198 1101
197 1101
196 1101
195 1101
194 1101
193 1101
192 1101
191 1101
