215 2244
215 2245
215 2246
215 2247
215 2248
216 2249
216 2250
216 2251
217 2252
217 2253
217 2254
218 2255
218 2256
219 2257
219 2258
219 2259
219 2260
220 2261
220 2262
220 2263
221 2264
222 2265
222 2266
223 2267
223 2268
223 2269
224 2270
225 2271
226 2272
227 2273
227 2274
228 2275
229 2276
229 2277
230 2278
230 2279
231 2280
231 2281
232 2282
233 2283
234 2284
235 2285
236 2285
237 2286
238 2286
239 2287
240 2287
241 2288
242 2288
243 2289
244 2289
245 2289
246 2289
247 2289
248 2289
249 2289
250 2289
251 2288
252 2288
253 2288
254 2288
255 2288
256 2288
257 2288
258 2287
259 2287
260 2287
261 2287
262 2287
263 2287
264 2287
265 2287
266 2287
267 2286
268 2286
269 2285
270 2284
271 2283
272 2282
272 2281
273 2280
273 2279
273 2278
274 2277
275 2276
275 2275
276 2274
276 2273
277 2272
277 2271
277 2270
278 2269
278 2268
277 2267
277 2266
276 2265
275 2264
274 2263
273 2262
272 2262
271 2262
270 2261
269 2261
268 2260
267 2260
266 2259
265 2258
264 2258
263 2258
262 2257
261 2257
260 2256
259 2255
258 2254
257 2254
256 2254
255 2253
254 2253
253 2253
252 2253
251 2253
250 2253
249 2253
248 2253
247 2253
246 2253
245 2253
244 2253
243 2253
242 2253
241 2253
240 2252
239 2252
238 2252
237 2252
236 2252
235 2251
234 2251
233 2251
232 2250
231 2250
230 2250
229 2250
228 2250
227 2250
226 2249
225 2249
224 2249
223 2249
222 2248
221 2247
220 2246
219 2246
218 2246
217 2245
216 2245
215 2244
