508 157
507 158
506 158
505 159
504 160
503 160
502 161
501 162
500 163
499 163
498 164
497 165
496 166
496 167
495 168
495 169
495 170
495 171
495 172
495 173
495 174
495 175
495 176
495 177
495 178
495 179
495 180
495 181
495 182
495 183
495 184
495 185
495 186
495 187
495 188
495 189
495 190
495 191
495 192
495 193
495 194
495 195
495 196
495 197
495 198
494 199
495 200
495 201
496 202
496 203
497 204
497 205
497 206
497 207
497 208
497 209
497 210
497 211
498 212
498 213
498 214
498 215
499 216
499 217
500 218
500 219
501 220
502 221
503 222
504 223
504 224
504 225
505 226
505 227
506 228
506 229
506 230
507 231
508 232
508 233
508 234
508 235
509 236
509 237
510 238
510 239
511 240
512 240
513 240
514 241
515 241
516 241
517 242
518 242
519 242
520 242
521 243
522 243
523 243
524 243
525 244
526 244
527 245
528 245
529 246
530 247
531 247
532 247
533 247
534 246
535 246
536 246
537 245
538 245
539 244
540 244
541 244
542 244
543 244
544 243
545 243
546 243
547 243
548 243
549 243
550 243
551 243
552 243
553 242
554 242
555 242
556 242
557 242
558 241
559 241
560 241
561 241
562 241
563 241
564 241
565 241
566 241
567 241
568 241
569 241
570 241
571 241
572 241
573 241
574 241
575 241
576 241
577 240
578 240
579 240
580 239
581 239
582 239
583 239
584 239
585 238
586 237
587 237
588 236
589 236
590 235
591 235
592 234
593 234
594 233
595 233
596 233
597 232
598 231
599 231
600 230
601 230
602 229
603 229
604 228
605 227
606 226
607 225
608 224
609 223
610 222
611 221
612 220
612 219
613 218
614 217
614 216
615 215
615 214
615 213
615 212
615 211
614 210
614 209
614 208
613 207
613 206
613 205
612 204
612 203
612 202
611 201
611 200
610 199
610 198
610 197
609 196
609 195
608 194
608 193
607 192
607 191
606 190
605 189
604 188
604 187
603 186
602 185
601 185
600 184
599 183
598 182
597 182
596 181
595 181
594 180
593 180
592 180
591 179
590 178
589 178
588 177
587 176
586 176
585 176
584 175
583 175
582 174
581 174
580 173
579 172
578 172
577 171
576 170
575 169
574 168
573 167
572 167
571 166
570 166
569 166
568 166
567 166
566 166
565 166
564 165
563 165
562 165
561 165
560 165
559 165
558 165
557 165
556 165
555 165
554 165
553 165
552 165
551 165
550 165
549 165
548 165
547 165
546 165
545 165
544 165
543 166
542 166
541 166
540 166
539 166
538 166
537 166
536 166
535 166
534 165
533 165
532 165
531 165
530 164
529 164
528 164
527 163
526 163
525 163
524 163
523 163
522 162
521 162
520 161
519 161
518 161
517 160
516 160
515 160
514 159
513 159
512 158
511 158
510 158
509 157
508 157
