1097 53
1096 54
1095 54
1094 54
1093 54
1092 54
1091 54
1090 55
1089 55
1088 55
1087 55
1086 55
1085 55
1084 55
1083 56
1082 56
1081 56
1080 57
1079 57
1078 57
1077 57
1076 57
1075 57
1074 57
1073 58
1072 58
1071 58
1070 58
1069 58
1068 58
1067 58
1066 58
1065 58
1064 58
1063 58
1062 58
1061 58
1060 58
1059 58
1058 57
1057 57
1056 57
1055 56
1054 56
1053 56
1052 55
1051 55
1050 56
1049 56
1048 57
1047 57
1046 57
1045 58
1044 59
1043 60
1042 60
1041 61
1040 61
1039 62
1038 62
1037 63
1036 63
1035 64
1034 64
1033 65
1032 65
1031 66
1030 66
1029 67
1028 67
1027 68
1026 68
1025 69
1024 69
1023 70
1022 70
1021 71
1020 71
1019 71
1018 72
1017 71
1016 72
1015 72
1014 73
1013 73
1012 74
1011 74
1010 75
1009 75
1008 76
1007 76
1006 76
1005 77
1004 78
1003 79
1003 80
1003 81
1003 82
1003 83
1003 84
1003 85
1003 86
1002 87
1001 88
1000 89
999 89
998 90
997 90
996 91
995 91
994 92
993 92
992 93
991 93
990 94
989 94
988 95
987 95
986 95
985 95
984 96
983 96
982 96
981 97
980 97
979 97
978 98
977 98
976 98
975 99
974 99
973 99
972 99
971 99
970 99
969 100
968 100
967 100
966 100
965 100
964 101
963 101
962 101
961 102
960 102
959 103
958 103
957 104
956 104
955 105
954 105
953 106
952 107
951 108
950 108
949 109
948 110
948 111
947 112
947 113
946 114
946 115
945 116
945 117
945 118
944 119
944 120
944 121
943 122
942 122
941 123
940 123
940 124
939 125
939 126
938 127
938 128
938 129
938 130
938 131
937 132
937 133
936 134
937 135
937 136
937 137
937 138
938 139
939 140
940 140
941 141
942 141
943 142
944 142
945 142
946 142
947 142
948 142
949 142
950 142
951 142
952 142
953 142
954 141
955 141
956 141
957 141
958 141
959 141
960 141
961 141
962 141
963 141
964 141
965 141
966 141
967 141
968 141
969 141
970 141
971 141
972 141
973 141
974 141
975 141
976 142
977 142
978 142
979 142
980 142
981 143
982 143
983 143
984 144
985 144
986 144
987 144
988 144
989 145
990 145
991 145
992 145
993 146
994 146
995 146
996 146
997 147
998 147
999 147
1000 148
1001 148
1002 149
1003 149
1004 149
1005 149
1006 150
1007 150
1008 150
1009 151
1010 151
1011 151
1012 151
1013 152
1014 152
1015 152
1016 152
1017 153
1018 153
1019 153
1020 154
1021 154
1022 154
1023 154
1024 155
1025 155
1026 155
1027 156
1028 156
1029 157
1030 157
1031 158
1032 158
1033 159
1034 159
1035 159
1036 160
1037 160
1038 160
1039 160
1040 161
1041 162
1042 162
1043 162
1044 162
1045 163
1046 163
1047 162
1048 162
1049 162
1050 162
1051 162
1052 162
1053 162
1054 162
1055 162
1056 162
1057 162
1058 162
1059 162
1060 162
1061 162
1062 162
1063 162
1064 161
1065 161
1066 161
1067 161
1068 161
1069 161
1070 161
1071 161
1072 160
1073 160
1074 160
1075 160
1076 160
1077 160
1078 160
1079 160
1080 160
1081 160
1082 160
1083 160
1084 160
1085 160
1086 160
1087 160
1088 160
1089 160
1090 160
1091 160
1092 160
1093 160
1094 160
1095 160
1096 160
1097 160
1098 160
1099 161
1100 161
1101 161
1102 162
1103 162
1104 162
1105 162
1106 162
1107 162
1108 163
1109 163
1110 164
1111 164
1112 164
1113 165
1114 165
1115 166
1116 167
1117 167
1118 167
1119 167
1120 167
1121 167
1122 167
1123 167
1124 168
1125 168
1126 168
1127 167
1128 167
1129 167
1130 167
1131 167
1132 167
1133 167
1134 167
1135 167
1136 167
1137 167
1138 166
1139 166
1140 166
1141 166
1142 165
1143 165
1144 164
1145 163
1146 163
1147 162
1148 162
1149 161
1149 160
1150 159
1151 158
1152 157
1152 156
1153 155
1153 154
1154 153
1154 152
1154 151
1154 150
1154 149
1155 148
1155 147
1155 146
1155 145
1155 144
1156 143
1156 142
1156 141
1156 140
1157 139
1157 138
1157 137
1157 136
1158 135
1158 134
1159 133
1159 132
1159 131
1159 130
1159 129
1159 128
1159 127
1159 126
1159 125
1160 124
1160 123
1160 122
1160 121
1160 120
1161 119
1161 118
1161 117
1162 116
1162 115
1162 114
1162 113
1163 112
1164 111
1165 110
1165 109
1164 108
1164 107
1164 106
1164 105
1165 104
1165 103
1165 102
1165 101
1165 100
1165 99
1166 98
1166 97
1166 96
1167 95
1167 94
1167 93
1167 92
1168 91
1168 90
1167 89
1167 88
1166 87
1165 87
1164 86
1163 86
1162 85
1161 85
1160 84
1159 84
1158 84
1157 84
1156 84
1155 83
1154 83
1153 82
1152 81
1151 80
1150 79
1149 79
1148 78
1147 77
1147 76
1147 75
1146 74
1146 73
1145 72
1144 71
1143 70
1142 69
1141 68
1140 67
1139 66
1138 66
1137 65
1136 65
1135 64
1134 64
1133 64
1132 63
1131 62
1131 61
1131 60
1131 59
1130 58
1129 57
1128 57
1127 56
1126 56
1125 55
1124 55
1123 55
1122 54
1121 54
1120 54
1119 54
1118 54
1117 54
1116 54
1115 53
1114 53
1113 53
1112 53
1111 53
1110 53
1109 53
1108 53
1107 53
1106 53
1105 53
1104 53
1103 53
1102 53
1101 53
1100 53
1099 53
1098 53
1097 53
