947 996
946 997
945 997
944 997
943 997
942 997
941 997
940 997
939 997
938 997
937 997
936 997
935 997
934 997
933 997
932 997
931 997
930 997
929 997
928 997
927 997
926 997
925 997
924 998
923 998
922 998
921 998
920 998
919 998
918 998
917 999
916 999
915 999
914 999
913 999
912 999
911 999
910 1000
909 1000
908 1001
907 1001
906 1001
905 1002
904 1002
903 1002
902 1002
901 1002
900 1002
899 1002
898 1002
897 1003
896 1004
895 1004
894 1004
893 1005
892 1005
891 1005
890 1006
889 1006
888 1007
887 1007
886 1007
885 1007
884 1007
883 1007
882 1008
881 1008
880 1008
879 1008
878 1009
878 1010
877 1011
876 1012
875 1013
874 1014
873 1015
872 1016
871 1016
870 1017
869 1018
868 1019
868 1020
867 1021
866 1022
866 1023
865 1024
865 1025
865 1026
865 1027
865 1028
865 1029
865 1030
865 1031
865 1032
866 1033
866 1034
867 1035
868 1036
869 1037
870 1037
871 1038
872 1039
873 1039
874 1039
875 1040
876 1040
877 1040
878 1040
879 1041
880 1041
881 1041
882 1042
883 1042
884 1043
885 1044
886 1045
887 1045
888 1045
889 1045
890 1045
891 1045
892 1045
893 1045
894 1045
895 1046
896 1046
897 1047
898 1047
899 1047
900 1048
901 1049
902 1049
903 1050
904 1050
905 1050
906 1050
907 1050
908 1050
909 1050
910 1050
911 1050
912 1051
913 1051
914 1051
915 1051
916 1052
917 1052
918 1052
919 1052
920 1052
921 1052
922 1052
923 1052
924 1052
925 1052
926 1052
927 1052
928 1052
929 1052
930 1053
931 1053
932 1053
933 1053
934 1053
935 1053
936 1053
937 1053
938 1053
939 1052
940 1052
941 1052
942 1052
943 1052
944 1052
945 1052
946 1052
947 1052
948 1052
949 1053
950 1053
951 1053
952 1054
953 1054
954 1054
955 1054
956 1054
957 1054
958 1053
959 1052
960 1052
961 1051
962 1051
963 1051
964 1050
965 1050
966 1049
967 1049
968 1048
969 1047
970 1046
971 1045
972 1045
973 1044
974 1044
975 1044
976 1044
977 1044
978 1044
979 1043
979 1042
980 1041
980 1040
980 1039
980 1038
980 1037
980 1036
980 1035
980 1034
979 1033
979 1032
979 1031
978 1030
978 1029
978 1028
978 1027
979 1026
979 1025
979 1024
980 1023
980 1022
980 1021
979 1020
979 1019
979 1018
978 1017
978 1016
978 1015
978 1014
977 1013
976 1012
976 1011
976 1010
976 1009
975 1008
975 1007
974 1006
974 1005
973 1004
973 1003
972 1002
971 1001
970 1000
969 1000
968 1000
967 999
966 999
965 999
964 999
963 998
962 998
961 998
960 998
959 997
958 997
957 997
956 997
955 997
954 997
953 997
952 996
951 996
950 996
949 996
948 996
947 996
