1560 1320
1559 1321
1558 1321
1557 1321
1556 1322
1555 1322
1554 1322
1553 1322
1552 1322
1551 1323
1550 1323
1549 1323
1548 1323
1547 1324
1546 1324
1545 1325
1544 1325
1543 1325
1542 1325
1541 1325
1540 1325
1539 1325
1538 1326
1537 1326
1536 1326
1535 1327
1534 1327
1533 1327
1532 1327
1531 1327
1530 1327
1529 1327
1528 1327
1527 1328
1526 1328
1525 1328
1524 1328
1523 1328
1522 1328
1521 1328
1520 1328
1519 1328
1518 1328
1517 1328
1516 1328
1515 1328
1514 1328
1513 1328
1512 1329
1511 1329
1510 1329
1509 1328
1508 1328
1507 1327
1506 1327
1505 1327
1504 1327
1503 1327
1502 1327
1501 1327
1500 1327
1499 1327
1498 1327
1497 1327
1496 1327
1495 1327
1494 1327
1493 1327
1492 1327
1491 1328
1490 1328
1489 1328
1488 1328
1487 1328
1486 1328
1485 1328
1484 1328
1483 1328
1482 1329
1481 1329
1480 1329
1479 1329
1478 1329
1477 1329
1476 1329
1475 1329
1474 1329
1473 1329
1472 1329
1471 1329
1470 1329
1469 1329
1468 1329
1467 1329
1466 1329
1465 1329
1464 1329
1463 1328
1462 1328
1461 1328
1460 1328
1459 1327
1458 1327
1457 1327
1456 1327
1455 1326
1454 1326
1453 1326
1452 1325
1451 1325
1450 1325
1449 1324
1448 1324
1447 1324
1446 1324
1446 1325
1446 1326
1446 1327
1446 1328
1446 1329
1447 1330
1447 1331
1448 1332
1449 1333
1450 1334
1451 1335
1451 1336
1451 1337
1452 1338
1452 1339
1452 1340
1452 1341
1453 1342
1454 1343
1454 1344
1455 1345
1456 1346
1457 1347
1457 1348
1458 1349
1459 1350
1460 1350
1461 1350
1462 1350
1463 1350
1464 1350
1465 1350
1466 1350
1467 1351
1468 1352
1469 1352
1470 1353
1471 1353
1472 1353
1473 1353
1474 1353
1475 1353
1476 1354
1477 1354
1478 1354
1479 1354
1480 1354
1481 1355
1482 1355
1483 1355
1484 1355
1485 1355
1486 1355
1487 1355
1488 1356
1489 1356
1490 1356
1491 1357
1492 1357
1493 1357
1494 1357
1495 1357
1496 1357
1497 1357
1498 1357
1499 1357
1500 1357
1501 1358
1502 1358
1503 1358
1504 1358
1505 1358
1506 1359
1507 1359
1508 1359
1509 1359
1510 1359
1511 1359
1512 1359
1513 1360
1514 1360
1515 1360
1516 1360
1517 1360
1518 1360
1519 1360
1520 1360
1521 1360
1522 1360
1523 1360
1524 1361
1525 1361
1526 1361
1527 1362
1528 1362
1529 1362
1530 1362
1531 1362
1532 1362
1533 1362
1534 1362
1535 1362
1536 1362
1537 1362
1538 1362
1539 1363
1540 1363
1541 1363
1542 1363
1543 1363
1544 1363
1545 1363
1546 1363
1547 1364
1548 1364
1549 1364
1550 1364
1551 1364
1552 1364
1553 1364
1554 1364
1555 1365
1556 1365
1557 1365
1558 1365
1559 1365
1560 1365
1561 1365
1562 1365
1563 1365
1564 1365
1565 1365
1566 1365
1567 1365
1568 1365
1569 1365
1570 1365
1571 1365
1572 1365
1573 1365
1574 1365
1575 1365
1576 1365
1577 1365
1578 1365
1579 1365
1580 1365
1581 1365
1582 1365
1583 1365
1584 1365
1585 1365
1586 1365
1587 1365
1588 1365
1589 1365
1590 1365
1591 1365
1592 1365
1593 1364
1594 1364
1595 1364
1596 1364
1597 1364
1598 1364
1599 1364
1600 1363
1601 1363
1602 1363
1603 1363
1604 1362
1605 1362
1606 1362
1607 1362
1608 1362
1609 1362
1610 1361
1611 1361
1612 1361
1613 1360
1614 1360
1615 1360
1616 1360
1617 1360
1618 1360
1619 1359
1620 1359
1621 1359
1622 1359
1623 1359
1624 1359
1625 1358
1626 1358
1627 1358
1628 1358
1629 1358
1630 1358
1631 1358
1632 1358
1633 1358
1634 1358
1635 1358
1636 1358
1637 1358
1638 1358
1639 1358
1640 1357
1641 1357
1642 1357
1643 1357
1644 1357
1645 1357
1646 1357
1647 1357
1648 1357
1649 1357
1650 1356
1651 1356
1652 1356
1653 1355
1654 1355
1655 1355
1656 1355
1657 1355
1658 1355
1659 1354
1660 1354
1661 1354
1662 1354
1663 1354
1664 1354
1665 1353
1666 1353
1667 1353
1668 1353
1669 1353
1670 1352
1671 1352
1672 1352
1672 1351
1672 1350
1672 1349
1671 1348
1670 1347
1670 1346
1670 1345
1670 1344
1670 1343
1670 1342
1670 1341
1669 1340
1668 1339
1667 1338
1666 1337
1665 1336
1664 1335
1663 1334
1662 1333
1662 1332
1662 1331
1661 1330
1660 1329
1659 1329
1658 1329
1657 1329
1656 1329
1655 1329
1654 1329
1653 1329
1652 1329
1651 1329
1650 1329
1649 1328
1648 1328
1647 1328
1646 1327
1645 1327
1644 1327
1643 1327
1642 1327
1641 1327
1640 1327
1639 1327
1638 1327
1637 1327
1636 1327
1635 1327
1634 1328
1633 1328
1632 1329
1631 1330
1630 1330
1629 1330
1628 1330
1627 1330
1626 1331
1625 1331
1624 1331
1623 1332
1622 1332
1621 1333
1620 1333
1619 1333
1618 1333
1617 1333
1616 1333
1615 1333
1614 1333
1613 1333
1612 1332
1611 1332
1610 1332
1609 1332
1608 1331
1607 1331
1606 1331
1605 1330
1604 1330
1603 1330
1602 1330
1601 1329
1600 1328
1599 1328
1598 1328
1597 1327
1596 1327
1595 1327
1594 1327
1593 1326
1592 1326
1591 1326
1590 1325
1589 1325
1588 1325
1587 1325
1586 1325
1585 1324
1584 1323
1583 1323
1582 1323
1581 1323
1580 1323
1579 1323
1578 1323
1577 1323
1576 1322
1575 1322
1574 1322
1573 1322
1572 1322
1571 1321
1570 1321
1569 1321
1568 1320
1567 1320
1566 1320
1565 1320
1564 1320
1563 1320
1562 1320
1561 1320
1560 1320
