143 1480
142 1481
141 1481
140 1482
139 1483
138 1484
137 1485
136 1485
135 1486
134 1487
134 1488
133 1489
133 1490
133 1491
133 1492
133 1493
133 1494
133 1495
133 1496
133 1497
133 1498
133 1499
133 1500
133 1501
134 1502
134 1503
134 1504
135 1505
135 1506
136 1507
136 1508
137 1509
138 1510
139 1511
140 1512
141 1513
142 1514
143 1515
143 1516
144 1517
145 1518
146 1519
147 1520
148 1521
149 1521
150 1522
151 1522
152 1522
153 1522
154 1521
155 1520
156 1519
157 1518
158 1517
159 1516
160 1515
161 1515
162 1515
163 1515
164 1515
165 1515
166 1515
167 1516
168 1516
169 1516
170 1516
171 1516
172 1516
173 1516
174 1515
175 1515
176 1514
177 1513
178 1513
179 1512
180 1511
180 1510
181 1509
181 1508
182 1507
182 1506
182 1505
182 1504
182 1503
182 1502
183 1501
183 1500
184 1499
184 1498
185 1497
184 1496
184 1495
183 1494
182 1493
181 1492
180 1491
179 1490
179 1489
178 1488
177 1487
177 1486
176 1485
175 1485
174 1484
173 1484
172 1484
171 1484
170 1484
169 1484
168 1484
167 1484
166 1484
165 1484
164 1484
163 1485
162 1485
161 1485
160 1485
159 1484
158 1484
157 1483
156 1483
155 1483
154 1482
153 1482
152 1482
151 1481
150 1481
149 1481
148 1481
147 1481
146 1480
145 1480
144 1480
143 1480
