283 506
282 507
281 507
280 508
279 507
278 508
277 508
276 509
275 509
274 509
273 509
272 509
271 509
270 509
269 508
268 508
267 508
266 508
265 508
264 508
263 508
262 508
261 508
260 508
259 508
258 509
257 509
256 509
255 509
254 509
253 509
252 510
251 510
250 510
249 511
248 511
247 511
246 511
245 511
244 511
243 511
242 512
241 512
240 512
239 512
238 512
237 513
236 513
235 513
234 513
233 513
232 513
231 514
230 514
229 514
228 514
227 515
226 515
225 515
224 516
223 516
222 516
221 516
220 516
219 516
218 516
217 516
216 516
215 516
214 516
213 516
212 516
211 517
210 517
209 517
208 516
207 516
206 516
205 516
204 516
203 515
202 515
201 515
200 514
199 514
198 514
197 514
196 514
195 514
194 514
193 513
192 513
191 513
190 512
189 512
188 512
187 512
186 512
185 512
184 512
183 512
182 512
181 513
180 514
179 515
178 516
177 517
176 518
176 519
175 520
175 521
174 522
174 523
173 524
173 525
172 526
172 527
172 528
172 529
172 530
172 531
172 532
172 533
173 534
173 535
174 536
175 536
176 537
177 538
178 538
179 538
180 539
181 539
182 540
183 541
184 542
185 543
186 544
187 544
188 545
189 545
190 546
191 546
192 547
193 547
194 547
195 548
196 549
197 549
198 549
199 550
200 551
201 551
202 552
203 553
204 554
205 554
206 555
207 555
208 556
209 556
210 556
211 556
212 557
213 557
214 557
215 557
216 558
217 559
218 560
219 560
220 561
221 561
222 562
223 563
224 563
225 564
226 565
227 565
228 565
229 565
230 565
231 565
232 565
233 565
234 566
235 566
236 566
237 567
238 568
239 569
240 570
241 571
242 572
243 573
244 574
245 575
246 576
247 577
248 578
249 579
250 579
251 580
252 580
253 580
254 580
255 580
256 580
257 581
258 581
259 581
260 582
261 582
262 583
263 584
264 585
265 586
266 587
267 587
268 588
269 588
270 588
271 588
272 588
273 587
274 587
275 587
276 586
277 586
278 586
279 585
280 585
281 585
282 585
283 585
284 585
285 585
286 585
287 585
288 585
289 585
290 585
291 584
292 584
293 584
294 584
295 584
296 583
297 582
298 581
299 581
300 580
301 580
302 580
303 580
304 579
305 579
306 579
307 579
308 579
309 579
310 578
311 577
312 576
313 575
314 574
315 573
316 572
317 572
318 571
319 570
320 570
321 569
322 569
323 568
324 568
325 567
326 567
327 566
328 565
329 564
330 563
331 562
332 561
332 560
333 559
333 558
333 557
333 556
333 555
333 554
333 553
333 552
333 551
333 550
333 549
333 548
332 547
332 546
331 545
330 544
329 543
328 542
328 541
328 540
327 539
326 538
325 537
325 536
324 535
323 534
323 533
323 532
323 531
323 530
323 529
323 528
322 527
322 526
321 525
320 524
319 523
318 522
318 521
318 520
318 519
318 518
317 517
317 516
316 516
315 515
314 514
313 514
312 513
311 513
310 512
309 511
308 511
307 511
306 511
305 511
304 511
303 511
302 510
301 510
300 509
299 508
298 508
297 507
296 506
295 506
294 506
293 506
292 506
291 506
290 506
289 506
288 506
287 506
286 506
285 506
284 506
283 506
