285 723
284 724
283 724
282 724
281 724
280 724
279 724
278 724
277 724
276 724
275 724
274 725
273 725
272 725
271 725
270 725
269 725
268 726
267 726
266 726
265 726
264 726
263 726
262 726
261 726
260 726
259 726
258 726
257 726
256 726
255 726
254 727
253 727
252 727
251 728
250 728
249 728
248 728
247 727
246 728
245 728
244 728
243 729
242 729
241 730
240 730
239 730
238 730
237 730
236 730
235 731
234 731
233 731
232 731
231 732
230 732
229 732
228 733
227 733
226 734
225 734
224 734
223 735
222 736
221 737
220 738
219 739
218 740
217 741
216 742
216 743
215 744
214 745
213 746
213 747
213 748
213 749
213 750
213 751
212 752
212 753
212 754
211 755
211 756
211 757
211 758
211 759
211 760
210 761
210 762
210 763
210 764
211 765
211 766
212 767
213 767
214 767
215 767
216 767
217 767
218 768
219 768
220 768
221 769
222 769
223 769
224 769
225 770
226 770
227 771
228 771
229 771
230 771
231 771
232 771
233 771
234 772
235 772
236 772
237 772
238 773
239 773
240 773
241 774
242 774
243 774
244 774
245 774
246 775
247 776
248 776
249 777
250 777
251 778
252 779
253 779
254 780
255 781
256 781
257 782
258 782
259 782
260 783
261 783
262 784
263 784
264 785
265 785
266 785
267 786
268 787
269 787
270 788
271 788
272 788
273 789
274 789
275 789
276 790
277 790
278 790
279 791
280 791
281 791
282 791
283 792
284 792
285 792
286 793
287 793
288 793
289 793
290 794
291 794
292 794
293 795
294 795
295 795
296 795
297 796
298 796
299 796
300 796
301 796
302 796
303 796
304 796
305 796
306 796
307 796
308 796
309 796
310 796
311 796
312 796
313 796
314 796
315 796
316 796
317 796
318 796
319 796
320 795
321 795
322 795
323 795
324 794
325 794
326 794
327 794
328 793
329 793
330 793
331 792
332 791
333 790
334 789
335 788
336 787
337 786
338 785
339 784
340 783
340 782
341 781
341 780
342 779
342 778
342 777
342 776
343 775
343 774
343 773
343 772
344 771
344 770
345 769
345 768
345 767
346 766
346 765
346 764
347 763
347 762
347 761
347 760
347 759
347 758
347 757
347 756
347 755
346 754
346 753
346 752
345 751
344 750
343 749
342 748
341 747
340 746
340 745
339 744
339 743
339 742
339 741
339 740
338 739
337 738
336 737
335 736
334 735
333 734
332 733
331 732
330 731
329 730
328 730
327 729
326 729
325 729
324 729
323 728
322 728
321 728
320 727
319 728
318 728
317 727
316 727
315 727
314 726
313 725
312 725
311 725
310 725
309 725
308 724
307 724
306 724
305 724
304 724
303 724
302 724
301 724
300 724
299 724
298 724
297 724
296 723
295 723
294 723
293 723
292 723
291 723
290 723
289 723
288 723
287 723
286 723
285 723
