954 119
953 120
952 121
951 122
950 122
949 123
948 124
947 125
946 126
945 126
944 127
943 127
942 128
941 129
940 130
939 131
938 132
937 133
936 133
935 134
934 134
933 135
932 135
931 136
930 136
929 137
928 138
927 139
926 140
925 141
924 142
924 143
924 144
923 145
923 146
923 147
922 148
922 149
922 150
922 151
921 152
921 153
921 154
921 155
921 156
921 157
922 158
923 159
924 160
925 161
926 162
927 162
928 163
929 163
930 164
931 165
932 166
933 166
934 166
935 166
936 166
937 166
938 166
939 166
940 166
941 166
942 166
943 166
944 166
945 166
946 166
947 166
948 166
949 166
950 166
951 166
952 166
953 166
954 166
955 166
956 167
957 167
958 167
959 168
960 168
961 168
962 168
963 169
964 169
965 169
966 169
967 169
968 169
969 169
970 170
971 170
972 171
973 171
974 171
975 171
976 171
977 172
978 172
979 172
980 173
981 173
982 173
983 173
984 173
985 172
986 172
987 172
988 171
989 171
990 171
991 171
992 171
993 170
994 170
995 169
996 169
997 169
998 169
999 168
1000 168
1001 167
1002 166
1003 165
1004 164
1005 163
1005 162
1006 161
1006 160
1006 159
1006 158
1007 157
1007 156
1008 155
1008 154
1008 153
1008 152
1008 151
1008 150
1008 149
1008 148
1008 147
1008 146
1008 145
1008 144
1008 143
1008 142
1008 141
1008 140
1008 139
1008 138
1008 137
1007 136
1007 135
1006 134
1006 133
1006 132
1005 131
1004 130
1004 129
1003 128
1002 127
1002 126
1001 126
1000 125
999 124
998 123
997 123
996 123
995 123
994 123
993 122
992 122
991 121
990 121
989 120
988 120
987 120
986 120
985 119
984 119
983 119
982 119
981 119
980 119
979 119
978 119
977 119
976 119
975 119
974 119
973 119
972 119
971 119
970 119
969 119
968 119
967 119
966 119
965 119
964 119
963 119
962 119
961 119
960 119
959 119
958 119
957 119
956 119
955 119
954 119
