721 1856
720 1857
719 1857
718 1857
717 1858
716 1858
715 1858
714 1858
713 1858
712 1859
711 1859
710 1860
709 1860
708 1861
707 1861
706 1861
705 1861
704 1861
703 1862
702 1863
701 1863
700 1863
699 1863
698 1863
697 1864
696 1864
695 1865
694 1865
693 1866
692 1866
691 1866
690 1867
689 1867
688 1867
687 1867
686 1868
685 1868
684 1868
683 1869
682 1869
681 1869
680 1870
679 1870
678 1870
677 1871
676 1871
675 1872
674 1872
673 1873
672 1873
671 1873
670 1873
669 1874
668 1874
667 1875
666 1875
665 1875
664 1876
663 1876
662 1876
661 1877
660 1877
660 1878
659 1879
659 1880
659 1881
659 1882
658 1883
658 1884
658 1885
658 1886
657 1887
657 1888
656 1889
656 1890
655 1891
655 1892
655 1893
655 1894
655 1895
655 1896
655 1897
655 1898
655 1899
655 1900
655 1901
656 1902
656 1903
657 1904
657 1905
658 1906
658 1907
659 1908
659 1909
660 1910
661 1911
662 1911
663 1911
664 1912
665 1912
666 1912
667 1913
668 1913
669 1913
670 1913
671 1913
672 1914
673 1915
674 1915
675 1916
676 1916
677 1916
678 1916
679 1916
680 1916
681 1916
682 1917
683 1917
684 1917
685 1917
686 1917
687 1917
688 1917
689 1917
690 1917
691 1917
692 1917
693 1917
694 1917
695 1917
696 1917
697 1917
698 1917
699 1917
700 1917
701 1917
702 1917
703 1917
704 1917
705 1917
706 1917
707 1917
708 1918
709 1918
710 1919
711 1920
712 1921
713 1921
714 1920
715 1920
716 1919
717 1919
718 1919
719 1919
720 1919
721 1920
722 1920
723 1920
724 1921
725 1921
726 1921
727 1922
728 1923
729 1923
730 1924
731 1924
732 1924
733 1924
734 1924
735 1925
736 1925
737 1926
738 1926
739 1927
740 1928
741 1928
742 1929
743 1929
744 1929
745 1929
746 1929
747 1929
748 1929
749 1929
750 1929
751 1929
752 1929
753 1929
754 1930
755 1930
756 1930
757 1930
758 1931
759 1931
760 1931
761 1931
762 1932
763 1932
764 1932
765 1932
766 1932
767 1932
768 1932
769 1932
770 1932
771 1932
772 1932
773 1932
774 1932
775 1932
776 1931
777 1931
778 1931
779 1931
780 1930
781 1930
782 1930
783 1929
784 1929
785 1929
786 1929
787 1929
788 1928
789 1928
790 1927
791 1927
792 1927
793 1927
794 1926
795 1926
796 1926
797 1926
798 1926
799 1925
800 1925
801 1925
802 1924
803 1924
804 1924
805 1923
806 1923
807 1923
808 1922
809 1922
810 1922
811 1922
812 1921
813 1921
814 1921
815 1921
816 1921
817 1921
818 1920
819 1920
820 1920
821 1919
822 1919
823 1919
824 1918
825 1918
826 1917
827 1916
828 1916
829 1915
830 1915
831 1914
832 1913
833 1912
834 1911
835 1910
835 1909
835 1908
835 1907
835 1906
835 1905
835 1904
835 1903
835 1902
835 1901
834 1900
834 1899
834 1898
833 1897
832 1896
831 1895
830 1894
829 1893
828 1892
827 1891
826 1890
826 1889
825 1888
824 1887
823 1886
822 1886
821 1885
820 1884
819 1884
818 1883
817 1882
816 1881
815 1881
814 1881
813 1881
812 1880
811 1880
810 1880
809 1879
808 1878
807 1877
806 1876
805 1876
804 1876
803 1876
802 1876
801 1876
800 1876
799 1876
798 1875
797 1875
796 1875
795 1875
794 1874
793 1874
792 1874
791 1873
790 1873
789 1873
788 1873
787 1873
786 1872
785 1871
784 1871
783 1871
782 1870
781 1870
780 1870
779 1869
778 1869
777 1869
776 1868
775 1868
774 1867
773 1867
772 1867
771 1867
770 1866
769 1866
768 1866
767 1865
766 1865
765 1864
764 1864
763 1864
762 1863
761 1863
760 1863
759 1862
758 1862
757 1862
756 1861
755 1861
754 1860
753 1860
752 1860
751 1859
750 1859
749 1859
748 1858
747 1858
746 1858
745 1857
744 1857
743 1857
742 1857
741 1857
740 1857
739 1857
738 1857
737 1857
736 1857
735 1857
734 1857
733 1856
732 1856
731 1856
730 1856
729 1856
728 1856
727 1856
726 1856
725 1856
724 1856
723 1856
722 1856
721 1856
