1057 5255
1056 5256
1055 5257
1054 5258
1053 5258
1052 5259
1051 5259
1050 5259
1049 5259
1048 5259
1047 5259
1046 5259
1045 5259
1044 5258
1043 5258
1042 5258
1041 5258
1040 5257
1039 5257
1038 5257
1037 5257
1036 5257
1035 5257
1034 5257
1033 5257
1032 5257
1031 5257
1030 5257
1029 5257
1028 5257
1027 5257
1026 5257
1025 5257
1024 5257
1023 5257
1022 5257
1021 5257
1020 5257
1019 5257
1018 5257
1017 5257
1016 5257
1015 5257
1014 5257
1013 5257
1012 5257
1011 5257
1010 5257
1009 5257
1008 5257
1007 5257
1006 5257
1005 5257
1004 5257
1003 5257
1002 5257
1001 5257
1000 5257
999 5257
998 5257
997 5257
996 5258
995 5258
994 5258
993 5258
992 5259
991 5259
990 5258
989 5258
988 5259
987 5259
986 5259
985 5259
984 5260
983 5260
982 5261
981 5261
980 5262
979 5262
978 5262
977 5262
976 5263
975 5263
974 5263
973 5263
972 5263
971 5263
970 5263
969 5263
968 5263
967 5263
966 5263
965 5263
964 5263
963 5263
962 5263
961 5263
960 5263
959 5263
958 5264
957 5264
956 5264
955 5264
954 5265
953 5265
952 5265
951 5265
950 5265
949 5265
948 5266
947 5266
946 5266
945 5266
944 5267
943 5267
942 5267
941 5267
940 5267
939 5267
938 5267
937 5267
936 5267
935 5267
934 5267
933 5267
932 5267
931 5267
930 5267
929 5267
928 5267
927 5267
926 5268
925 5268
924 5268
923 5268
922 5269
921 5269
920 5269
919 5269
918 5270
917 5270
916 5270
915 5270
914 5271
913 5271
912 5271
911 5271
910 5272
909 5272
908 5272
907 5272
906 5273
905 5274
904 5274
903 5274
902 5275
901 5276
900 5276
899 5276
898 5277
897 5277
896 5277
895 5277
894 5277
893 5277
892 5277
891 5277
890 5277
889 5277
888 5278
887 5278
886 5278
885 5278
884 5279
883 5279
882 5279
881 5279
880 5279
879 5279
878 5279
877 5279
876 5279
875 5279
874 5279
873 5279
872 5279
871 5279
870 5279
869 5279
868 5279
867 5279
866 5279
865 5279
864 5279
863 5279
862 5279
861 5279
860 5279
859 5279
858 5279
857 5279
856 5279
855 5279
854 5279
853 5279
852 5278
851 5278
850 5278
849 5278
848 5277
847 5277
846 5277
845 5277
844 5277
843 5277
842 5278
841 5278
840 5279
839 5279
838 5280
837 5280
836 5281
835 5281
834 5281
833 5281
832 5281
831 5281
830 5281
829 5281
828 5282
827 5282
826 5282
825 5282
824 5283
823 5284
822 5284
821 5284
820 5285
819 5285
818 5285
817 5285
816 5286
815 5286
814 5286
813 5286
812 5286
811 5286
810 5286
809 5286
808 5285
807 5285
806 5285
805 5285
804 5285
803 5285
802 5285
801 5285
800 5285
799 5285
798 5286
797 5286
796 5286
795 5286
794 5287
793 5287
792 5288
791 5288
790 5288
789 5288
788 5289
787 5289
786 5288
785 5288
784 5287
783 5287
782 5286
781 5286
780 5286
779 5286
778 5287
777 5287
776 5288
775 5288
774 5289
773 5289
772 5290
771 5290
770 5290
769 5290
768 5291
767 5291
766 5291
765 5291
764 5292
763 5292
762 5292
761 5292
760 5293
759 5294
758 5295
757 5295
756 5296
755 5296
754 5297
753 5297
752 5297
751 5297
750 5296
749 5296
748 5296
747 5296
746 5296
745 5296
744 5296
743 5296
742 5297
741 5297
740 5296
739 5296
738 5296
737 5296
736 5295
735 5295
734 5295
733 5295
732 5295
731 5295
730 5295
729 5295
728 5295
727 5295
726 5295
725 5295
724 5295
723 5295
722 5296
721 5296
720 5297
719 5297
718 5298
717 5298
716 5299
715 5299
714 5299
713 5299
712 5300
711 5300
710 5300
709 5300
708 5301
707 5301
706 5301
705 5301
704 5301
703 5301
702 5301
701 5301
700 5301
699 5301
698 5301
697 5301
696 5301
695 5301
694 5302
693 5302
692 5302
691 5302
690 5303
689 5303
688 5303
687 5303
686 5302
685 5302
684 5301
683 5301
682 5301
681 5301
680 5301
679 5302
678 5302
677 5303
676 5304
675 5304
674 5305
673 5306
672 5306
671 5306
670 5307
669 5307
668 5308
667 5308
666 5308
665 5308
664 5309
663 5310
662 5310
661 5310
660 5311
659 5311
658 5311
657 5311
656 5311
655 5311
654 5311
653 5311
652 5311
651 5311
650 5311
649 5311
648 5311
647 5311
646 5312
645 5312
644 5312
643 5312
642 5313
641 5314
640 5314
639 5314
638 5315
637 5315
636 5315
635 5315
634 5315
633 5315
632 5314
631 5314
630 5314
629 5314
628 5314
627 5314
626 5314
625 5314
624 5315
623 5315
622 5315
621 5315
620 5315
619 5315
618 5316
617 5316
616 5316
615 5316
614 5317
613 5317
612 5317
611 5317
610 5317
609 5317
608 5317
607 5317
606 5317
605 5317
604 5318
603 5318
602 5318
601 5318
600 5319
599 5319
598 5319
597 5319
596 5320
595 5320
594 5321
593 5322
592 5322
591 5323
590 5324
589 5324
588 5325
587 5325
586 5325
585 5325
584 5325
583 5325
582 5324
581 5324
580 5324
579 5324
578 5324
577 5324
576 5324
575 5324
574 5325
573 5326
572 5326
571 5326
570 5327
569 5327
568 5328
567 5328
566 5329
565 5330
564 5330
563 5331
562 5332
561 5332
560 5333
559 5333
558 5333
557 5333
556 5333
555 5333
554 5333
553 5333
552 5333
551 5333
550 5333
549 5333
548 5334
547 5334
546 5334
545 5334
544 5335
543 5335
542 5335
541 5335
540 5335
539 5335
538 5336
537 5336
536 5336
535 5336
534 5337
533 5338
532 5338
531 5338
530 5339
529 5339
528 5339
527 5339
526 5340
525 5340
524 5341
523 5342
522 5343
521 5344
520 5345
520 5346
519 5347
518 5348
518 5349
517 5350
516 5350
516 5351
515 5352
514 5352
513 5353
512 5354
511 5354
510 5355
509 5355
508 5355
507 5355
506 5356
505 5356
504 5356
503 5356
502 5357
501 5357
500 5357
499 5357
498 5357
497 5357
496 5357
495 5357
494 5357
493 5357
492 5358
491 5358
490 5359
489 5359
488 5360
487 5360
486 5361
485 5361
484 5361
483 5361
482 5361
481 5361
480 5361
479 5361
478 5361
477 5361
476 5361
475 5361
474 5362
473 5362
472 5363
471 5363
470 5364
469 5365
468 5366
467 5367
466 5368
465 5369
464 5370
463 5370
462 5371
461 5371
460 5371
459 5371
458 5371
457 5371
456 5371
455 5371
454 5371
453 5371
452 5371
451 5371
450 5371
449 5371
448 5371
447 5371
446 5371
445 5371
445 5372
445 5373
445 5374
444 5375
444 5376
443 5377
442 5378
441 5379
440 5380
439 5380
438 5381
437 5382
436 5383
435 5383
434 5384
433 5384
432 5385
431 5386
430 5386
429 5386
428 5387
427 5387
426 5387
425 5387
424 5388
423 5388
422 5389
421 5390
420 5390
420 5391
419 5392
418 5392
417 5393
416 5394
415 5394
414 5395
413 5396
412 5396
411 5396
410 5397
409 5398
408 5398
407 5398
406 5399
405 5399
404 5400
403 5400
402 5400
401 5400
400 5401
399 5401
398 5401
397 5401
396 5401
395 5401
394 5401
393 5401
392 5402
391 5402
390 5403
389 5404
388 5404
388 5405
387 5406
386 5406
386 5407
385 5408
384 5408
383 5409
382 5410
381 5410
380 5411
379 5412
378 5413
377 5413
376 5414
375 5414
374 5415
373 5415
372 5416
371 5416
370 5416
369 5416
368 5417
367 5417
366 5418
365 5418
364 5418
363 5418
362 5419
361 5420
360 5420
359 5420
358 5421
357 5421
356 5422
355 5422
354 5422
353 5422
352 5423
351 5424
350 5425
349 5425
348 5426
347 5426
346 5427
345 5428
344 5428
343 5428
342 5429
341 5430
340 5430
339 5430
338 5431
337 5431
336 5432
335 5432
334 5432
333 5432
332 5433
331 5433
330 5433
329 5433
328 5434
327 5434
326 5434
325 5434
324 5435
323 5435
322 5435
321 5435
320 5436
319 5436
318 5436
317 5436
316 5437
315 5438
314 5438
313 5438
312 5439
311 5439
310 5440
309 5440
308 5440
307 5440
306 5441
305 5442
304 5442
303 5442
302 5443
301 5443
300 5443
299 5443
298 5443
297 5443
296 5443
295 5443
294 5444
293 5444
292 5445
291 5445
290 5446
289 5446
288 5447
287 5448
286 5449
285 5450
284 5450
284 5451
283 5452
282 5452
282 5453
281 5454
280 5454
280 5455
279 5456
278 5456
278 5457
277 5458
276 5458
276 5459
275 5460
274 5461
273 5462
272 5463
272 5464
272 5465
272 5466
271 5467
271 5468
271 5469
271 5470
271 5471
271 5472
270 5473
270 5474
270 5475
269 5476
268 5477
268 5478
267 5479
267 5480
266 5481
265 5482
264 5483
264 5484
264 5485
264 5486
263 5487
263 5488
263 5489
263 5490
263 5491
263 5492
262 5493
262 5494
261 5495
261 5496
260 5497
259 5498
258 5499
258 5500
257 5501
256 5502
256 5503
255 5504
254 5505
253 5506
252 5507
252 5508
252 5509
252 5510
251 5511
251 5512
250 5513
250 5514
250 5515
250 5516
249 5517
249 5518
248 5519
248 5520
247 5521
246 5522
246 5523
245 5524
244 5524
244 5525
243 5526
242 5526
241 5527
240 5528
239 5528
238 5529
237 5530
236 5531
235 5532
234 5532
233 5533
232 5534
231 5534
230 5535
229 5536
228 5536
227 5536
226 5537
225 5538
224 5538
223 5538
222 5539
221 5540
220 5540
219 5540
218 5541
217 5542
216 5542
215 5542
214 5543
213 5544
212 5544
211 5544
210 5545
209 5545
208 5545
207 5545
206 5545
205 5545
204 5545
203 5545
202 5545
201 5545
200 5546
199 5546
198 5546
197 5546
196 5547
195 5547
194 5547
193 5547
192 5548
191 5548
190 5548
189 5548
188 5549
187 5549
186 5550
185 5551
184 5551
183 5552
182 5553
181 5554
180 5554
179 5554
178 5555
177 5556
176 5556
175 5556
174 5557
173 5558
172 5559
171 5560
170 5560
170 5561
169 5562
168 5562
168 5563
167 5564
166 5565
165 5566
164 5567
164 5568
164 5569
163 5570
162 5571
162 5572
161 5573
160 5574
160 5575
159 5576
158 5576
157 5577
156 5578
155 5578
154 5579
153 5579
152 5580
151 5580
150 5581
149 5582
148 5582
148 5583
147 5584
146 5584
146 5585
145 5586
144 5586
143 5587
142 5588
141 5589
140 5590
139 5591
138 5592
137 5593
136 5594
136 5595
135 5596
134 5597
134 5598
133 5599
133 5600
132 5601
131 5602
130 5603
129 5604
128 5605
127 5606
126 5606
126 5607
125 5608
124 5608
124 5609
123 5610
122 5611
122 5612
121 5613
121 5614
121 5615
121 5616
121 5617
121 5618
120 5619
120 5620
120 5621
119 5622
118 5623
118 5624
118 5625
118 5626
117 5627
117 5628
117 5629
117 5630
117 5631
117 5632
116 5633
116 5634
116 5635
115 5636
114 5637
114 5638
113 5639
113 5640
112 5641
111 5642
110 5643
110 5644
110 5645
109 5646
108 5647
108 5648
108 5649
108 5650
107 5651
107 5652
106 5653
106 5654
106 5655
106 5656
105 5657
105 5658
105 5659
105 5660
104 5661
104 5662
104 5663
104 5664
103 5665
103 5666
103 5667
103 5668
103 5669
103 5670
103 5671
103 5672
103 5673
103 5674
103 5675
103 5676
103 5677
103 5678
103 5679
103 5680
103 5681
103 5682
103 5683
103 5684
103 5685
103 5686
103 5687
103 5688
103 5689
103 5690
103 5691
103 5692
102 5693
102 5694
102 5695
102 5696
101 5697
101 5698
101 5699
101 5700
101 5701
101 5702
100 5703
100 5704
100 5705
100 5706
99 5707
99 5708
98 5709
98 5710
97 5711
97 5712
96 5713
95 5714
94 5715
94 5716
94 5717
93 5718
92 5719
92 5720
92 5721
92 5722
91 5723
91 5724
90 5725
90 5726
90 5727
90 5728
89 5729
89 5730
88 5731
88 5732
88 5733
87 5734
86 5735
86 5736
86 5737
86 5738
85 5739
85 5740
84 5741
84 5742
84 5743
84 5744
83 5745
83 5746
83 5747
83 5748
82 5749
82 5750
82 5751
82 5752
81 5753
81 5754
80 5755
80 5756
80 5757
79 5758
78 5759
78 5760
78 5761
77 5762
76 5763
76 5764
75 5765
75 5766
74 5767
74 5768
73 5769
73 5770
73 5771
73 5772
73 5773
73 5774
73 5775
73 5776
73 5777
73 5778
73 5779
73 5780
73 5781
73 5782
73 5783
73 5784
73 5785
73 5786
73 5787
73 5788
74 5789
74 5790
74 5791
74 5792
75 5793
75 5794
75 5795
75 5796
76 5797
76 5798
77 5799
78 5800
78 5801
79 5801
80 5802
80 5803
81 5803
82 5804
82 5805
83 5805
84 5806
84 5807
85 5807
86 5808
87 5809
88 5810
89 5811
90 5811
91 5812
92 5812
93 5813
94 5813
95 5814
96 5814
97 5815
98 5815
99 5815
100 5816
101 5817
102 5817
103 5817
104 5817
105 5818
106 5818
107 5818
108 5818
109 5819
110 5819
111 5819
112 5820
113 5821
114 5821
115 5821
116 5822
117 5823
118 5823
119 5823
120 5824
121 5825
122 5825
123 5826
124 5827
125 5827
126 5828
127 5829
128 5829
129 5830
130 5830
131 5830
132 5830
133 5831
134 5831
135 5832
136 5832
137 5833
138 5834
139 5835
140 5835
141 5836
142 5836
143 5837
144 5838
145 5839
146 5839
147 5839
148 5840
149 5841
150 5841
151 5841
152 5842
153 5843
154 5843
155 5843
156 5843
157 5844
158 5844
159 5844
160 5844
161 5844
162 5844
163 5845
164 5845
165 5845
166 5845
167 5846
168 5846
169 5846
170 5846
171 5846
172 5846
173 5846
174 5846
175 5847
176 5847
177 5847
178 5847
179 5848
180 5848
181 5848
182 5848
183 5847
184 5847
185 5848
186 5848
187 5847
188 5847
189 5848
190 5848
191 5849
192 5849
193 5849
194 5849
195 5849
196 5849
197 5849
198 5849
199 5848
200 5848
201 5849
202 5849
203 5849
204 5849
205 5850
206 5850
207 5850
208 5850
209 5850
210 5850
211 5851
212 5851
213 5851
214 5851
215 5852
216 5852
217 5852
218 5852
219 5852
220 5852
221 5852
222 5852
223 5853
224 5853
225 5853
226 5853
227 5854
228 5854
229 5854
230 5854
231 5854
232 5854
233 5854
234 5854
235 5854
236 5854
237 5854
238 5854
239 5854
240 5854
241 5854
242 5854
243 5855
244 5855
245 5855
246 5855
247 5856
248 5856
249 5856
250 5856
251 5856
252 5856
253 5856
254 5856
255 5857
256 5857
257 5857
258 5857
259 5858
260 5858
261 5858
262 5858
263 5859
264 5859
265 5859
266 5859
267 5860
268 5860
269 5860
270 5860
271 5860
272 5860
273 5860
274 5860
275 5860
276 5860
277 5861
278 5861
279 5861
280 5861
281 5862
282 5862
283 5862
284 5862
285 5863
286 5863
287 5863
288 5863
289 5864
290 5864
291 5864
292 5864
293 5864
294 5864
295 5864
296 5864
297 5865
298 5865
299 5866
300 5866
301 5867
302 5867
303 5868
304 5868
305 5868
306 5868
307 5868
308 5868
309 5868
310 5868
311 5868
312 5868
313 5868
314 5868
315 5868
316 5868
317 5868
318 5868
319 5868
320 5868
321 5869
322 5869
323 5869
324 5869
325 5870
326 5870
327 5871
328 5871
329 5871
330 5871
331 5872
332 5872
333 5872
334 5872
335 5873
336 5873
337 5873
338 5873
339 5874
340 5874
341 5875
342 5875
343 5876
344 5876
345 5877
346 5878
347 5879
348 5879
349 5879
350 5879
351 5880
352 5880
353 5880
354 5880
355 5880
356 5880
357 5880
358 5880
359 5880
360 5880
361 5881
362 5881
363 5881
364 5881
365 5882
366 5882
367 5882
368 5882
369 5882
370 5882
371 5882
372 5882
373 5882
374 5882
375 5883
376 5883
377 5883
378 5884
379 5885
380 5885
381 5885
382 5885
383 5886
384 5886
385 5887
386 5887
387 5887
388 5887
389 5888
390 5888
391 5888
392 5888
393 5888
394 5888
395 5887
396 5887
397 5887
398 5887
399 5886
400 5885
401 5885
402 5885
403 5884
404 5884
405 5884
406 5884
407 5883
408 5883
409 5883
410 5883
411 5882
412 5882
413 5882
414 5882
415 5882
416 5882
417 5882
418 5882
419 5883
420 5883
421 5883
422 5883
423 5884
424 5884
425 5885
426 5885
427 5885
428 5885
429 5886
430 5886
431 5886
432 5886
433 5886
434 5886
435 5886
436 5886
437 5887
438 5887
439 5887
440 5888
441 5889
442 5889
443 5889
444 5889
445 5890
446 5890
447 5891
448 5891
449 5891
450 5891
451 5892
452 5892
453 5892
454 5892
455 5892
456 5892
457 5892
458 5892
459 5893
460 5893
461 5893
462 5893
463 5894
464 5894
465 5894
466 5894
467 5894
468 5894
469 5894
470 5894
471 5894
472 5894
473 5895
474 5895
475 5895
476 5895
477 5896
478 5896
479 5897
480 5897
481 5897
482 5898
483 5899
484 5899
485 5899
486 5899
487 5900
488 5900
489 5900
490 5900
491 5901
492 5901
493 5902
494 5902
495 5903
496 5903
497 5904
498 5904
499 5904
500 5904
501 5904
502 5904
503 5904
504 5904
505 5904
506 5904
507 5905
508 5905
509 5906
510 5907
511 5907
512 5908
512 5909
513 5909
514 5910
514 5911
515 5912
516 5913
516 5914
517 5915
518 5916
519 5917
520 5917
521 5918
522 5918
523 5919
524 5919
525 5920
526 5921
527 5921
528 5922
529 5923
530 5923
531 5924
532 5924
533 5925
534 5925
535 5925
536 5925
537 5926
538 5926
539 5926
540 5926
541 5927
542 5927
543 5927
544 5927
545 5928
546 5928
547 5929
548 5929
549 5929
550 5930
551 5931
552 5932
553 5933
554 5934
555 5935
556 5935
557 5936
558 5936
559 5937
560 5937
561 5937
562 5938
563 5939
564 5939
565 5939
566 5939
567 5940
568 5940
569 5940
570 5940
571 5940
572 5940
573 5941
574 5941
575 5942
576 5942
577 5943
578 5944
579 5945
580 5945
581 5945
582 5946
583 5947
584 5947
585 5947
586 5947
587 5948
588 5948
589 5949
590 5949
591 5949
592 5950
593 5951
594 5951
595 5951
596 5951
597 5952
598 5952
599 5952
600 5952
601 5953
602 5953
603 5954
604 5954
605 5955
606 5955
607 5956
608 5956
609 5956
610 5956
611 5956
612 5956
613 5956
614 5956
615 5956
616 5956
617 5956
618 5956
619 5957
620 5957
621 5958
622 5958
623 5959
624 5959
625 5960
626 5960
627 5961
628 5961
629 5962
630 5963
631 5963
632 5964
633 5965
634 5966
635 5967
636 5967
637 5967
638 5968
639 5969
640 5969
641 5970
642 5970
643 5971
644 5971
645 5972
646 5972
647 5972
648 5972
649 5973
650 5973
651 5974
652 5974
653 5975
654 5975
655 5976
656 5976
657 5976
658 5976
659 5977
660 5977
661 5978
662 5978
663 5979
664 5979
665 5980
666 5980
667 5980
668 5980
669 5981
670 5981
671 5982
672 5982
673 5983
674 5983
675 5984
676 5984
677 5984
678 5984
679 5985
680 5985
681 5985
682 5985
683 5986
684 5986
685 5986
686 5986
687 5986
688 5986
689 5986
690 5986
691 5986
692 5986
693 5986
694 5986
695 5987
696 5987
697 5987
698 5987
699 5988
700 5988
701 5988
702 5988
703 5988
704 5988
705 5989
706 5989
707 5989
708 5990
709 5991
710 5991
711 5991
712 5992
713 5993
714 5993
715 5993
716 5994
717 5995
718 5995
719 5995
720 5996
721 5997
722 5997
723 5998
724 5998
725 5999
726 5999
727 6000
728 6000
729 6000
730 6000
731 6001
732 6001
733 6001
734 6002
735 6003
736 6003
737 6004
738 6004
739 6005
740 6005
741 6006
742 6006
743 6006
744 6006
745 6006
746 6006
747 6006
748 6006
749 6006
750 6006
751 6006
752 6006
753 6007
754 6007
755 6007
756 6007
757 6008
758 6008
759 6008
760 6008
761 6008
762 6008
763 6007
764 6007
765 6007
766 6007
767 6006
768 6006
769 6007
770 6007
771 6007
772 6007
773 6008
774 6008
775 6008
776 6008
777 6008
778 6008
779 6009
780 6009
781 6009
782 6010
783 6011
784 6011
785 6011
786 6011
787 6012
788 6012
789 6012
790 6012
791 6012
792 6012
793 6013
794 6013
795 6013
796 6013
797 6014
798 6014
799 6015
800 6015
801 6015
802 6015
803 6016
804 6016
805 6016
806 6016
807 6016
808 6016
809 6016
810 6016
811 6016
812 6016
813 6017
814 6017
815 6017
816 6017
817 6018
818 6018
819 6018
820 6018
821 6019
822 6019
823 6019
824 6019
825 6020
826 6020
827 6020
828 6020
829 6020
830 6020
831 6020
832 6020
833 6020
834 6020
835 6021
836 6021
837 6022
838 6023
839 6023
840 6024
841 6025
842 6025
843 6026
844 6026
845 6026
846 6026
847 6027
848 6027
849 6027
850 6028
851 6029
852 6029
853 6029
854 6029
855 6030
856 6030
857 6030
858 6030
859 6030
860 6030
861 6031
862 6031
863 6030
864 6030
865 6031
866 6031
867 6030
868 6030
869 6031
870 6031
871 6031
872 6032
873 6033
874 6033
875 6033
876 6033
877 6034
878 6034
879 6034
880 6034
881 6034
882 6034
883 6034
884 6034
885 6034
886 6034
887 6034
888 6034
889 6034
890 6034
891 6034
892 6034
893 6034
894 6034
895 6034
896 6034
897 6034
898 6034
899 6035
900 6035
901 6035
902 6035
903 6036
904 6036
905 6036
906 6036
907 6036
908 6036
909 6036
910 6036
911 6036
912 6036
913 6037
914 6037
915 6037
916 6037
917 6038
918 6038
919 6038
920 6038
921 6038
922 6038
923 6038
924 6038
925 6038
926 6038
927 6038
928 6038
929 6038
930 6038
931 6038
932 6038
933 6038
934 6038
935 6038
936 6038
937 6038
938 6038
939 6038
940 6038
941 6039
942 6039
943 6039
944 6039
945 6040
946 6040
947 6041
948 6041
949 6041
950 6041
951 6042
952 6042
953 6043
954 6043
955 6043
956 6043
957 6044
958 6044
959 6044
960 6044
961 6045
962 6045
963 6045
964 6045
965 6046
966 6046
967 6046
968 6046
969 6046
970 6046
971 6046
972 6046
973 6046
974 6046
975 6046
976 6046
977 6046
978 6046
979 6046
980 6046
981 6046
982 6046
983 6046
984 6046
985 6046
986 6046
987 6046
988 6046
989 6046
990 6046
991 6046
992 6046
993 6046
994 6046
995 6046
996 6046
997 6046
998 6046
999 6046
1000 6046
1001 6047
1002 6047
1003 6047
1004 6048
1005 6049
1006 6049
1007 6049
1008 6049
1009 6050
1010 6050
1011 6050
1012 6050
1013 6050
1014 6050
1015 6050
1016 6050
1017 6051
1018 6051
1019 6052
1020 6052
1021 6053
1022 6053
1023 6054
1024 6054
1025 6054
1026 6054
1027 6054
1028 6054
1029 6054
1030 6054
1031 6054
1032 6054
1033 6054
1034 6054
1035 6054
1036 6054
1037 6054
1038 6054
1039 6055
1040 6055
1041 6055
1042 6055
1043 6056
1044 6056
1045 6056
1046 6056
1047 6057
1048 6057
1049 6057
1050 6058
1051 6059
1052 6059
1053 6059
1054 6060
1055 6061
1056 6061
1057 6061
1058 6061
1059 6062
1060 6062
1061 6062
1062 6062
1063 6062
1064 6062
1065 6062
1066 6062
1067 6062
1068 6062
1069 6062
1070 6062
1071 6062
1072 6062
1073 6062
1074 6062
1075 6062
1076 6062
1077 6062
1078 6062
1079 6062
1080 6062
1081 6062
1082 6062
1083 6062
1084 6062
1085 6063
1086 6063
1087 6063
1088 6063
1089 6064
1090 6064
1091 6064
1092 6064
1093 6064
1094 6064
1095 6064
1096 6064
1097 6064
1098 6064
1099 6064
1100 6064
1101 6064
1102 6064
1103 6064
1104 6064
1105 6064
1106 6064
1107 6064
1108 6064
1109 6064
1110 6064
1111 6064
1112 6064
1113 6064
1114 6064
1115 6064
1116 6064
1117 6064
1118 6064
1119 6064
1120 6064
1121 6064
1122 6064
1123 6063
1124 6063
1125 6063
1126 6063
1127 6062
1128 6062
1129 6062
1130 6062
1131 6062
1132 6062
1133 6062
1134 6062
1135 6062
1136 6062
1137 6061
1138 6061
1139 6061
1140 6061
1141 6060
1142 6060
1143 6060
1144 6060
1145 6060
1146 6060
1147 6060
1148 6060
1149 6061
1150 6061
1151 6061
1152 6062
1153 6063
1154 6063
1155 6063
1156 6063
1157 6064
1158 6064
1159 6064
1160 6064
1161 6064
1162 6064
1163 6064
1164 6064
1165 6064
1166 6064
1167 6064
1168 6064
1169 6064
1170 6064
1171 6064
1172 6064
1173 6064
1174 6064
1175 6065
1176 6065
1177 6064
1178 6064
1179 6064
1180 6064
1181 6063
1182 6063
1183 6062
1184 6062
1185 6061
1186 6061
1187 6061
1188 6061
1189 6060
1190 6059
1191 6059
1192 6059
1193 6058
1194 6058
1195 6058
1196 6058
1197 6058
1198 6058
1199 6058
1200 6058
1201 6058
1202 6058
1203 6059
1204 6059
1205 6059
1206 6059
1207 6060
1208 6060
1209 6060
1210 6060
1211 6060
1212 6060
1213 6060
1214 6060
1215 6060
1216 6060
1217 6060
1218 6060
1219 6060
1220 6060
1221 6060
1222 6060
1223 6060
1224 6060
1225 6060
1226 6060
1227 6060
1228 6060
1229 6060
1230 6060
1231 6060
1232 6060
1233 6060
1234 6060
1235 6060
1236 6060
1237 6060
1238 6060
1239 6060
1240 6060
1241 6060
1242 6060
1243 6060
1244 6060
1245 6060
1246 6060
1247 6060
1248 6060
1249 6060
1250 6060
1251 6059
1252 6059
1253 6059
1254 6059
1255 6058
1256 6058
1257 6057
1258 6057
1259 6057
1260 6057
1261 6056
1262 6056
1263 6056
1264 6056
1265 6056
1266 6056
1267 6056
1268 6056
1269 6056
1270 6056
1271 6056
1272 6056
1273 6056
1274 6056
1275 6056
1276 6056
1277 6056
1278 6056
1279 6056
1280 6056
1281 6056
1282 6056
1283 6056
1284 6056
1285 6056
1286 6056
1287 6056
1288 6056
1289 6056
1290 6056
1291 6057
1292 6057
1293 6057
1294 6057
1295 6058
1296 6058
1297 6058
1298 6058
1299 6058
1300 6058
1301 6058
1302 6058
1303 6058
1304 6058
1305 6058
1306 6058
1307 6058
1308 6058
1309 6058
1310 6058
1311 6058
1312 6058
1313 6059
1314 6059
1315 6059
1316 6060
1317 6061
1318 6061
1319 6061
1320 6061
1321 6062
1322 6062
1323 6062
1324 6062
1325 6062
1326 6062
1327 6061
1328 6061
1329 6061
1330 6061
1331 6060
1332 6060
1333 6059
1334 6059
1335 6059
1336 6059
1337 6058
1338 6057
1339 6057
1340 6057
1341 6056
1342 6055
1343 6055
1344 6055
1345 6054
1346 6053
1347 6053
1348 6053
1349 6052
1350 6052
1351 6052
1352 6052
1353 6052
1354 6052
1355 6053
1356 6053
1357 6053
1358 6053
1359 6054
1360 6054
1361 6054
1362 6054
1363 6054
1364 6054
1365 6054
1366 6054
1367 6054
1368 6054
1369 6053
1370 6053
1371 6053
1372 6053
1373 6052
1374 6052
1375 6052
1376 6052
1377 6052
1378 6052
1379 6053
1380 6053
1381 6053
1382 6053
1383 6054
1384 6054
1385 6054
1386 6054
1387 6054
1388 6054
1389 6054
1390 6054
1391 6054
1392 6054
1393 6053
1394 6053
1395 6053
1396 6053
1397 6052
1398 6052
1399 6052
1400 6052
1401 6052
1402 6052
1403 6053
1404 6053
1405 6053
1406 6053
1407 6053
1408 6053
1409 6053
1410 6053
1411 6052
1412 6052
1413 6052
1414 6052
1415 6052
1416 6052
1417 6052
1418 6052
1419 6052
1420 6052
1421 6052
1422 6052
1423 6052
1424 6052
1425 6052
1426 6052
1427 6052
1428 6052
1429 6053
1430 6053
1431 6053
1432 6053
1433 6054
1434 6054
1435 6054
1436 6054
1437 6055
1438 6055
1439 6055
1440 6055
1441 6056
1442 6056
1443 6056
1444 6056
1445 6056
1446 6056
1447 6057
1448 6057
1449 6057
1450 6057
1451 6058
1452 6058
1453 6059
1454 6059
1455 6059
1456 6059
1457 6060
1458 6060
1459 6060
1460 6060
1461 6060
1462 6060
1463 6060
1464 6060
1465 6060
1466 6060
1467 6060
1468 6060
1469 6060
1470 6060
1471 6060
1472 6060
1473 6060
1474 6060
1475 6060
1476 6060
1477 6060
1478 6060
1479 6060
1480 6060
1481 6060
1482 6060
1483 6060
1484 6060
1485 6060
1486 6060
1487 6060
1488 6060
1489 6060
1490 6060
1491 6060
1492 6060
1493 6059
1494 6059
1495 6059
1496 6059
1497 6058
1498 6058
1499 6057
1500 6057
1501 6057
1502 6057
1503 6057
1504 6057
1505 6056
1506 6056
1507 6057
1508 6057
1509 6056
1510 6056
1511 6056
1512 6056
1513 6056
1514 6056
1515 6056
1516 6056
1517 6056
1518 6056
1519 6055
1520 6055
1521 6055
1522 6055
1523 6054
1524 6054
1525 6054
1526 6054
1527 6054
1528 6054
1529 6054
1530 6054
1531 6054
1532 6054
1533 6054
1534 6054
1535 6054
1536 6054
1537 6054
1538 6054
1539 6053
1540 6053
1541 6053
1542 6053
1543 6052
1544 6051
1545 6051
1546 6051
1547 6050
1548 6050
1549 6050
1550 6050
1551 6050
1552 6050
1553 6049
1554 6049
1555 6049
1556 6049
1557 6048
1558 6048
1559 6048
1560 6048
1561 6048
1562 6048
1563 6048
1564 6048
1565 6048
1566 6048
1567 6049
1568 6049
1569 6050
1570 6050
1571 6051
1572 6051
1573 6052
1574 6052
1575 6052
1576 6052
1577 6052
1578 6052
1579 6052
1580 6052
1581 6051
1582 6051
1583 6051
1584 6051
1585 6050
1586 6050
1587 6050
1588 6050
1589 6050
1590 6050
1591 6050
1592 6050
1593 6050
1594 6050
1595 6049
1596 6049
1597 6048
1598 6047
1599 6047
1599 6046
1600 6045
1601 6045
1601 6044
1602 6043
1603 6043
1603 6042
1604 6041
1605 6041
1606 6040
1607 6039
1608 6039
1609 6038
1610 6037
1611 6036
1612 6035
1613 6035
1613 6034
1614 6033
1615 6032
1616 6031
1617 6030
1617 6029
1618 6028
1619 6027
1620 6027
1621 6026
1622 6026
1623 6025
1624 6025
1625 6025
1626 6025
1627 6024
1628 6024
1629 6024
1630 6024
1631 6024
1632 6024
1633 6024
1634 6024
1635 6024
1636 6024
1637 6024
1638 6024
1639 6024
1640 6024
1641 6024
1642 6024
1643 6024
1644 6024
1645 6024
1646 6024
1647 6024
1648 6024
1649 6025
1650 6025
1651 6025
1652 6025
1653 6025
1654 6025
1655 6025
1656 6025
1657 6024
1658 6023
1659 6023
1660 6023
1661 6022
1662 6022
1663 6021
1664 6021
1665 6021
1666 6021
1667 6020
1668 6019
1669 6019
1670 6019
1671 6018
1672 6018
1673 6017
1674 6017
1675 6016
1676 6015
1677 6015
1677 6014
1678 6013
1679 6013
1679 6012
1680 6011
1681 6011
1682 6010
1683 6009
1684 6009
1685 6008
1686 6007
1687 6007
1688 6007
1689 6006
1690 6006
1691 6005
1692 6005
1693 6004
1694 6003
1695 6003
1695 6002
1696 6001
1697 6001
1698 6000
1699 5999
1700 5999
1701 5998
1702 5998
1703 5998
1704 5998
1704 5997
1704 5996
1704 5995
1705 5994
1705 5993
1706 5992
1707 5991
1708 5991
1709 5990
1710 5989
1711 5989
1712 5989
1713 5988
1714 5988
1715 5988
1716 5988
1717 5988
1718 5988
1719 5988
1720 5988
1721 5989
1722 5989
1723 5989
1724 5990
1725 5991
1726 5991
1727 5991
1728 5991
1729 5992
1730 5992
1731 5992
1732 5992
1733 5993
1734 5993
1735 5993
1736 5994
1737 5995
1738 5995
1739 5996
1740 5997
1741 5997
1742 5998
1743 5999
1744 6000
1745 6001
1746 6001
1747 6001
1748 6002
1749 6003
1750 6003
1751 6003
1752 6004
1753 6005
1754 6005
1755 6005
1756 6005
1757 6006
1758 6006
1759 6007
1760 6007
1761 6007
1762 6008
1763 6009
1764 6009
1765 6010
1766 6010
1767 6011
1768 6011
1769 6012
1770 6012
1771 6013
1772 6013
1773 6013
1774 6014
1775 6015
1776 6015
1777 6015
1778 6016
1779 6017
1780 6017
1781 6017
1782 6017
1783 6018
1784 6018
1785 6018
1786 6018
1787 6018
1788 6018
1789 6018
1790 6018
1791 6018
1792 6018
1793 6018
1794 6018
1795 6018
1796 6018
1797 6018
1798 6018
1799 6018
1800 6018
1801 6018
1802 6018
1803 6018
1804 6018
1805 6018
1806 6018
1807 6018
1808 6018
1809 6017
1810 6017
1811 6016
1812 6016
1813 6015
1814 6015
1815 6014
1816 6014
1817 6014
1818 6014
1819 6015
1820 6015
1821 6016
1822 6017
1823 6017
1824 6018
1825 6019
1826 6019
1827 6020
1828 6020
1829 6020
1830 6020
1831 6020
1832 6020
1833 6019
1834 6019
1835 6019
1836 6019
1837 6018
1838 6018
1839 6017
1840 6017
1841 6016
1842 6015
1843 6015
1843 6014
1844 6013
1845 6013
1846 6012
1847 6011
1848 6011
1849 6010
1850 6009
1851 6009
1852 6009
1853 6008
1854 6008
1855 6008
1856 6008
1857 6009
1858 6009
1859 6009
1860 6009
1861 6010
1862 6010
1863 6010
1864 6010
1865 6009
1866 6009
1867 6009
1868 6009
1869 6008
1870 6008
1871 6008
1872 6008
1873 6008
1874 6008
1875 6008
1876 6008
1877 6008
1878 6008
1879 6009
1880 6009
1881 6009
1882 6009
1883 6010
1884 6010
1885 6010
1886 6010
1887 6009
1888 6009
1889 6009
1890 6009
1891 6008
1892 6008
1893 6008
1894 6008
1895 6008
1896 6008
1897 6008
1898 6008
1899 6008
1900 6008
1901 6008
1902 6008
1903 6008
1904 6008
1905 6008
1906 6008
1907 6008
1908 6008
1909 6008
1910 6008
1911 6008
1912 6008
1913 6008
1914 6008
1915 6008
1916 6008
1917 6008
1918 6008
1919 6008
1920 6008
1921 6008
1922 6008
1923 6009
1924 6009
1925 6009
1926 6009
1927 6010
1928 6010
1929 6010
1930 6010
1931 6010
1932 6010
1933 6009
1934 6009
1935 6009
1936 6009
1937 6008
1938 6008
1939 6008
1940 6008
1941 6007
1942 6007
1943 6007
1944 6007
1945 6006
1946 6005
1947 6005
1948 6005
1949 6004
1950 6004
1951 6004
1952 6004
1953 6004
1954 6004
1955 6003
1956 6003
1957 6003
1958 6003
1959 6003
1960 6003
1961 6003
1962 6003
1963 6004
1964 6004
1965 6004
1966 6004
1967 6003
1968 6003
1969 6003
1970 6003
1971 6002
1972 6002
1973 6002
1974 6002
1975 6001
1976 6001
1977 6001
1978 6001
1979 6000
1980 6000
1981 6000
1982 6000
1983 6000
1984 6000
1985 6000
1986 6000
1987 6000
1988 6000
1989 6000
1990 6000
1991 6000
1992 6000
1993 6000
1994 6000
1995 6000
1996 6000
1997 5999
1998 5999
1999 5999
2000 5999
2001 5998
2002 5998
2003 5998
2004 5998
2005 5998
2006 5998
2007 5998
2008 5998
2009 5998
2010 5998
2011 5998
2012 5998
2013 5999
2014 5999
2015 5999
2016 5999
2017 6000
2018 6000
2019 6000
2020 6000
2021 5999
2022 5999
2023 5999
2024 5999
2025 5998
2026 5998
2027 5998
2028 5998
2029 5998
2030 5998
2031 5998
2032 5998
2033 5998
2034 5998
2035 5997
2036 5997
2037 5996
2038 5996
2039 5995
2040 5995
2041 5994
2042 5994
2043 5993
2044 5993
2045 5993
2046 5993
2047 5992
2048 5992
2049 5992
2050 5992
2051 5992
2052 5992
2053 5992
2054 5992
2055 5992
2056 5992
2057 5992
2058 5992
2059 5992
2060 5992
2061 5993
2062 5993
2063 5994
2064 5994
2065 5995
2066 5995
2067 5996
2068 5996
2069 5996
2070 5996
2071 5995
2072 5995
2073 5995
2074 5995
2075 5994
2076 5994
2077 5994
2078 5994
2079 5995
2080 5995
2081 5995
2082 5995
2083 5996
2084 5996
2085 5996
2086 5996
2087 5996
2088 5996
2089 5996
2090 5996
2091 5996
2092 5996
2093 5996
2094 5996
2095 5996
2096 5996
2097 5996
2098 5996
2099 5995
2100 5995
2101 5995
2102 5995
2103 5994
2104 5994
2105 5994
2106 5994
2107 5994
2108 5994
2109 5994
2110 5994
2111 5994
2112 5994
2113 5994
2114 5994
2115 5994
2116 5994
2117 5993
2118 5993
2119 5993
2120 5993
2121 5992
2122 5992
2123 5992
2124 5992
2125 5992
2126 5992
2127 5992
2128 5992
2129 5992
2130 5992
2131 5992
2132 5992
2133 5992
2134 5992
2135 5992
2136 5992
2137 5992
2138 5992
2139 5992
2140 5992
2141 5992
2142 5992
2143 5992
2144 5992
2145 5992
2146 5992
2147 5992
2148 5992
2149 5992
2150 5992
2151 5992
2152 5992
2153 5992
2154 5992
2155 5991
2156 5991
2157 5991
2158 5991
2159 5990
2160 5990
2161 5990
2162 5990
2163 5990
2164 5990
2165 5990
2166 5990
2167 5990
2168 5990
2169 5990
2170 5990
2171 5990
2172 5990
2173 5989
2174 5989
2175 5989
2176 5989
2177 5988
2178 5988
2179 5988
2180 5988
2181 5987
2182 5987
2183 5987
2184 5987
2185 5986
2186 5985
2187 5985
2188 5985
2189 5984
2190 5983
2191 5982
2192 5982
2193 5981
2194 5981
2195 5980
2196 5979
2197 5979
2198 5979
2199 5978
2200 5978
2201 5977
2202 5977
2203 5977
2204 5977
2205 5976
2206 5976
2207 5976
2208 5976
2209 5976
2210 5976
2211 5975
2212 5975
2213 5975
2214 5975
2215 5974
2216 5974
2217 5973
2218 5973
2219 5973
2220 5973
2221 5972
2222 5971
2223 5970
2224 5970
2225 5969
2226 5969
2227 5968
2228 5968
2229 5967
2230 5967
2231 5967
2232 5967
2233 5966
2234 5965
2235 5965
2236 5965
2237 5964
2238 5964
2239 5964
2240 5964
2241 5963
2242 5963
2243 5963
2244 5963
2245 5962
2246 5962
2247 5962
2248 5962
2249 5962
2250 5962
2251 5962
2252 5962
2253 5962
2254 5962
2255 5962
2256 5962
2257 5962
2258 5962
2259 5962
2260 5962
2261 5961
2262 5961
2263 5961
2264 5961
2265 5960
2266 5960
2267 5960
2268 5960
2269 5960
2270 5960
2271 5960
2272 5960
2273 5960
2274 5960
2275 5960
2276 5960
2277 5960
2278 5960
2279 5960
2280 5960
2281 5959
2282 5959
2283 5959
2284 5959
2285 5958
2286 5958
2287 5958
2288 5958
2289 5957
2290 5957
2291 5957
2292 5957
2293 5956
2294 5956
2295 5956
2296 5956
2297 5956
2298 5956
2299 5956
2300 5956
2301 5955
2302 5955
2303 5955
2304 5955
2305 5954
2306 5953
2307 5953
2308 5953
2309 5952
2310 5952
2311 5951
2312 5951
2313 5951
2314 5951
2315 5950
2316 5950
2317 5950
2318 5950
2319 5950
2320 5950
2321 5950
2322 5950
2323 5950
2324 5950
2325 5950
2326 5950
2327 5950
2328 5950
2329 5950
2330 5950
2331 5950
2332 5950
2333 5949
2334 5949
2335 5949
2336 5949
2337 5948
2338 5948
2339 5948
2340 5948
2341 5947
2342 5947
2343 5947
2344 5947
2345 5946
2346 5946
2347 5945
2348 5945
2349 5945
2350 5945
2351 5944
2352 5944
2353 5944
2354 5944
2355 5943
2356 5943
2357 5943
2358 5943
2359 5942
2360 5942
2361 5942
2362 5942
2363 5942
2364 5942
2365 5941
2366 5941
2367 5941
2368 5941
2369 5940
2370 5939
2371 5939
2372 5939
2373 5938
2374 5938
2375 5938
2376 5938
2377 5937
2378 5937
2379 5937
2380 5937
2381 5936
2382 5935
2383 5935
2384 5935
2385 5934
2386 5934
2387 5934
2388 5934
2389 5933
2390 5933
2391 5932
2392 5932
2393 5931
2394 5931
2395 5930
2396 5930
2397 5929
2398 5929
2399 5928
2400 5927
2401 5926
2401 5925
2402 5924
2403 5923
2403 5922
2404 5921
2405 5921
2406 5920
2407 5919
2408 5919
2409 5918
2410 5917
2411 5916
2412 5915
2413 5914
2413 5913
2413 5912
2414 5911
2415 5910
2415 5909
2416 5908
2416 5907
2417 5906
2418 5905
2419 5904
2419 5903
2419 5902
2420 5901
2421 5900
2421 5899
2422 5898
2423 5897
2423 5896
2424 5895
2425 5894
2426 5893
2427 5892
2428 5891
2429 5890
2430 5890
2431 5890
2432 5890
2433 5890
2434 5890
2434 5889
2434 5888
2434 5887
2435 5886
2435 5885
2436 5884
2437 5883
2438 5882
2439 5881
2440 5880
2441 5879
2442 5878
2443 5877
2443 5876
2444 5875
2445 5875
2445 5874
2446 5873
2447 5873
2447 5872
2448 5871
2449 5870
2450 5869
2451 5868
2451 5867
2452 5866
2453 5865
2454 5865
2455 5864
2456 5863
2457 5862
2458 5861
2459 5861
2459 5860
2460 5859
2461 5859
2461 5858
2462 5857
2463 5856
2464 5855
2465 5854
2465 5853
2466 5852
2467 5851
2468 5851
2469 5850
2470 5849
2471 5848
2472 5848
2473 5847
2474 5847
2475 5846
2476 5846
2477 5845
2478 5845
2479 5845
2480 5845
2481 5844
2482 5843
2483 5842
2484 5841
2485 5840
2485 5839
2486 5838
2487 5837
2487 5836
2488 5835
2489 5834
2490 5833
2491 5832
2491 5831
2492 5830
2492 5829
2493 5828
2494 5827
2495 5826
2495 5825
2495 5824
2495 5823
2496 5822
2496 5821
2496 5820
2496 5819
2496 5818
2496 5817
2497 5816
2497 5815
2497 5814
2497 5813
2498 5812
2498 5811
2499 5810
2499 5809
2499 5808
2500 5807
2501 5806
2501 5805
2501 5804
2501 5803
2502 5802
2502 5801
2502 5800
2502 5799
2502 5798
2502 5797
2502 5796
2502 5795
2502 5794
2502 5793
2502 5792
2502 5791
2502 5790
2502 5789
2502 5788
2502 5787
2502 5786
2502 5785
2502 5784
2502 5783
2502 5782
2502 5781
2502 5780
2502 5779
2502 5778
2502 5777
2502 5776
2502 5775
2502 5774
2502 5773
2502 5772
2502 5771
2502 5770
2502 5769
2502 5768
2502 5767
2502 5766
2502 5765
2502 5764
2502 5763
2502 5762
2502 5761
2502 5760
2502 5759
2502 5758
2502 5757
2502 5756
2502 5755
2502 5754
2502 5753
2502 5752
2502 5751
2502 5750
2502 5749
2502 5748
2502 5747
2501 5746
2501 5745
2501 5744
2501 5743
2500 5742
2499 5741
2499 5740
2499 5739
2498 5738
2498 5737
2498 5736
2498 5735
2498 5734
2498 5733
2497 5732
2497 5731
2497 5730
2497 5729
2496 5728
2496 5727
2496 5726
2496 5725
2496 5724
2496 5723
2495 5722
2495 5721
2495 5720
2495 5719
2494 5718
2494 5717
2494 5716
2494 5715
2494 5714
2494 5713
2494 5712
2494 5711
2494 5710
2494 5709
2494 5708
2494 5707
2494 5706
2494 5705
2494 5704
2494 5703
2494 5702
2494 5701
2494 5700
2494 5699
2494 5698
2494 5697
2493 5696
2493 5695
2493 5694
2493 5693
2492 5692
2492 5691
2492 5690
2492 5689
2492 5688
2492 5687
2492 5686
2492 5685
2492 5684
2492 5683
2492 5682
2492 5681
2492 5680
2492 5679
2492 5678
2492 5677
2492 5676
2492 5675
2492 5674
2492 5673
2492 5672
2492 5671
2493 5670
2493 5669
2493 5668
2493 5667
2494 5666
2494 5665
2494 5664
2494 5663
2495 5662
2495 5661
2495 5660
2495 5659
2496 5658
2496 5657
2496 5656
2496 5655
2496 5654
2496 5653
2497 5652
2497 5651
2497 5650
2497 5649
2498 5648
2498 5647
2498 5646
2498 5645
2498 5644
2498 5643
2498 5642
2498 5641
2498 5640
2498 5639
2498 5638
2498 5637
2498 5636
2498 5635
2498 5634
2498 5633
2498 5632
2498 5631
2498 5630
2498 5629
2498 5628
2498 5627
2499 5626
2499 5625
2499 5624
2499 5623
2500 5622
2500 5621
2500 5620
2500 5619
2500 5618
2500 5617
2500 5616
2500 5615
2500 5614
2500 5613
2500 5612
2500 5611
2500 5610
2500 5609
2499 5608
2499 5607
2499 5606
2499 5605
2498 5604
2498 5603
2498 5602
2498 5601
2498 5600
2498 5599
2497 5598
2497 5597
2496 5596
2495 5595
2495 5594
2494 5594
2493 5593
2493 5592
2492 5592
2491 5591
2490 5590
2489 5589
2488 5588
2487 5588
2486 5587
2485 5586
2485 5585
2484 5584
2483 5583
2482 5582
2481 5581
2481 5580
2480 5580
2479 5579
2479 5578
2478 5578
2477 5577
2477 5576
2476 5576
2475 5575
2475 5574
2474 5574
2473 5573
2473 5572
2472 5572
2471 5571
2471 5570
2470 5570
2469 5569
2469 5568
2468 5568
2467 5567
2467 5566
2466 5566
2465 5565
2465 5564
2464 5564
2463 5563
2463 5562
2462 5562
2461 5561
2461 5560
2460 5559
2459 5558
2459 5557
2458 5556
2457 5555
2457 5554
2457 5553
2456 5552
2455 5551
2454 5551
2453 5551
2452 5550
2451 5550
2450 5551
2449 5551
2448 5551
2447 5551
2446 5551
2445 5551
2444 5550
2443 5550
2442 5550
2441 5549
2440 5548
2439 5547
2438 5546
2437 5545
2436 5544
2435 5543
2435 5542
2434 5541
2433 5540
2433 5539
2432 5538
2431 5537
2430 5536
2429 5535
2428 5534
2427 5533
2426 5532
2425 5532
2424 5531
2423 5530
2423 5529
2422 5528
2421 5527
2421 5526
2421 5525
2420 5524
2420 5523
2420 5522
2420 5521
2419 5520
2419 5519
2419 5518
2419 5517
2418 5516
2417 5515
2417 5514
2417 5513
2416 5512
2415 5511
2414 5510
2413 5509
2412 5508
2411 5508
2410 5507
2409 5507
2408 5506
2407 5505
2406 5504
2405 5504
2404 5503
2403 5502
2402 5502
2401 5501
2401 5500
2400 5499
2399 5498
2399 5497
2398 5496
2397 5495
2396 5494
2395 5493
2395 5492
2394 5492
2393 5491
2393 5490
2392 5490
2391 5489
2390 5488
2389 5487
2388 5486
2387 5486
2386 5485
2385 5484
2384 5484
2383 5483
2383 5482
2382 5481
2381 5480
2381 5479
2380 5478
2380 5477
2379 5476
2379 5475
2379 5474
2379 5473
2378 5472
2377 5471
2376 5470
2375 5470
2374 5469
2373 5469
2372 5469
2371 5469
2370 5468
2369 5468
2368 5467
2367 5466
2366 5466
2365 5465
2365 5464
2364 5464
2363 5463
2363 5462
2362 5462
2361 5461
2361 5460
2360 5459
2359 5458
2359 5457
2358 5456
2358 5455
2357 5454
2357 5453
2356 5452
2355 5451
2355 5450
2354 5449
2353 5448
2353 5447
2352 5446
2352 5445
2351 5444
2351 5443
2350 5442
2349 5441
2348 5440
2347 5439
2346 5438
2345 5438
2344 5437
2343 5436
2342 5436
2341 5435
2341 5434
2340 5434
2339 5433
2338 5432
2337 5431
2336 5430
2335 5430
2334 5429
2333 5428
2332 5427
2331 5426
2331 5425
2330 5424
2329 5423
2328 5422
2327 5421
2326 5420
2325 5420
2324 5419
2323 5419
2322 5418
2321 5417
2320 5416
2319 5416
2318 5415
2317 5414
2317 5413
2316 5412
2315 5411
2315 5410
2315 5409
2314 5408
2313 5407
2312 5406
2311 5405
2311 5404
2310 5404
2309 5403
2308 5402
2307 5402
2306 5401
2305 5401
2304 5400
2303 5400
2302 5400
2301 5400
2300 5399
2299 5399
2298 5399
2297 5399
2296 5399
2295 5399
2294 5399
2293 5399
2292 5399
2291 5399
2290 5399
2289 5399
2288 5398
2287 5398
2286 5398
2285 5398
2284 5397
2283 5397
2282 5397
2281 5397
2280 5397
2279 5397
2278 5397
2277 5397
2276 5397
2275 5397
2274 5397
2273 5397
2272 5396
2271 5396
2270 5395
2269 5395
2268 5394
2267 5394
2266 5393
2265 5393
2264 5393
2263 5393
2262 5393
2261 5393
2260 5393
2259 5393
2258 5393
2257 5393
2256 5393
2255 5393
2254 5393
2253 5393
2252 5393
2251 5393
2250 5393
2249 5393
2248 5393
2247 5393
2246 5393
2245 5393
2244 5393
2243 5393
2242 5393
2241 5393
2240 5393
2239 5393
2238 5393
2237 5393
2236 5393
2235 5393
2234 5393
2233 5393
2232 5393
2231 5393
2230 5393
2229 5393
2228 5393
2227 5393
2226 5392
2225 5392
2224 5392
2223 5391
2222 5390
2221 5390
2220 5390
2219 5390
2218 5389
2217 5389
2216 5389
2215 5389
2214 5389
2213 5389
2212 5389
2211 5389
2210 5389
2209 5389
2208 5389
2207 5389
2206 5389
2205 5389
2204 5389
2203 5389
2202 5389
2201 5389
2200 5389
2199 5389
2198 5389
2197 5389
2196 5389
2195 5389
2194 5389
2193 5389
2192 5389
2191 5389
2190 5389
2189 5389
2188 5389
2187 5389
2186 5389
2185 5389
2184 5389
2183 5389
2182 5389
2181 5389
2180 5389
2179 5389
2178 5388
2177 5388
2176 5388
2175 5387
2174 5386
2173 5386
2172 5385
2171 5384
2170 5384
2169 5383
2168 5382
2167 5382
2166 5381
2165 5381
2164 5381
2163 5381
2162 5381
2161 5381
2160 5381
2159 5381
2158 5380
2157 5380
2156 5379
2155 5378
2154 5378
2153 5377
2152 5376
2151 5375
2150 5374
2149 5374
2148 5373
2147 5373
2146 5372
2145 5372
2144 5371
2143 5371
2142 5370
2141 5370
2140 5370
2139 5370
2138 5369
2137 5369
2136 5369
2135 5369
2134 5369
2133 5369
2132 5369
2131 5369
2130 5369
2129 5369
2128 5368
2127 5368
2126 5368
2125 5368
2124 5367
2123 5367
2122 5367
2121 5367
2120 5367
2119 5367
2118 5367
2117 5367
2116 5367
2115 5367
2114 5367
2113 5367
2112 5367
2111 5367
2110 5367
2109 5367
2108 5367
2107 5367
2106 5367
2105 5367
2104 5367
2103 5367
2102 5367
2101 5367
2100 5367
2099 5367
2098 5367
2097 5367
2096 5367
2095 5367
2094 5367
2093 5367
2092 5367
2091 5367
2090 5367
2089 5367
2088 5367
2087 5367
2086 5367
2085 5367
2084 5367
2083 5367
2082 5366
2081 5366
2080 5366
2079 5366
2078 5365
2077 5365
2076 5365
2075 5365
2074 5365
2073 5365
2072 5366
2071 5366
2070 5366
2069 5366
2068 5367
2067 5367
2066 5367
2065 5367
2064 5367
2063 5367
2062 5366
2061 5366
2060 5366
2059 5366
2058 5365
2057 5365
2056 5365
2055 5365
2054 5365
2053 5365
2052 5366
2051 5366
2050 5366
2049 5366
2048 5367
2047 5367
2046 5367
2045 5367
2044 5367
2043 5367
2042 5367
2041 5367
2040 5367
2039 5367
2038 5366
2037 5366
2036 5366
2035 5365
2034 5364
2033 5364
2032 5364
2031 5364
2030 5363
2029 5363
2028 5363
2027 5363
2026 5363
2025 5363
2024 5363
2023 5363
2022 5363
2021 5363
2020 5362
2019 5362
2018 5361
2017 5361
2016 5360
2015 5360
2014 5359
2013 5359
2012 5359
2011 5359
2010 5359
2009 5359
2008 5359
2007 5359
2006 5359
2005 5359
2004 5359
2003 5359
2002 5359
2001 5359
2000 5358
1999 5358
1998 5358
1997 5358
1996 5357
1995 5357
1994 5357
1993 5357
1992 5357
1991 5357
1990 5357
1989 5357
1988 5357
1987 5357
1986 5356
1985 5356
1984 5356
1983 5356
1982 5355
1981 5355
1980 5354
1979 5354
1978 5354
1977 5354
1976 5353
1975 5353
1974 5352
1973 5352
1972 5351
1971 5350
1970 5350
1969 5349
1968 5348
1967 5347
1966 5346
1965 5346
1964 5345
1963 5345
1962 5344
1961 5344
1960 5343
1959 5343
1958 5343
1957 5343
1956 5343
1955 5343
1954 5343
1953 5343
1952 5342
1951 5342
1950 5341
1949 5341
1948 5340
1947 5340
1946 5339
1945 5339
1944 5338
1943 5338
1942 5338
1941 5338
1940 5337
1939 5337
1938 5337
1937 5337
1936 5337
1935 5337
1934 5337
1933 5337
1932 5336
1931 5336
1930 5335
1929 5335
1928 5334
1927 5334
1926 5333
1925 5333
1924 5333
1923 5333
1922 5333
1921 5333
1920 5333
1919 5333
1918 5333
1917 5333
1916 5333
1915 5333
1914 5333
1913 5333
1912 5333
1911 5333
1910 5333
1909 5333
1908 5333
1907 5333
1906 5332
1905 5332
1904 5332
1903 5332
1902 5331
1901 5331
1900 5330
1899 5330
1898 5330
1897 5330
1896 5329
1895 5329
1894 5329
1893 5329
1892 5329
1891 5329
1890 5329
1889 5329
1888 5329
1887 5329
1886 5329
1885 5329
1884 5328
1883 5328
1882 5328
1881 5328
1880 5327
1879 5327
1878 5327
1877 5327
1876 5327
1875 5327
1874 5327
1873 5327
1872 5327
1871 5327
1870 5327
1869 5327
1868 5327
1867 5327
1866 5327
1865 5327
1864 5327
1863 5327
1862 5326
1861 5326
1860 5326
1859 5326
1858 5325
1857 5325
1856 5325
1855 5325
1854 5325
1853 5325
1852 5325
1851 5325
1850 5325
1849 5325
1848 5325
1847 5325
1846 5325
1845 5325
1844 5325
1843 5325
1842 5325
1841 5325
1840 5325
1839 5325
1838 5325
1837 5325
1836 5325
1835 5325
1834 5325
1833 5325
1832 5326
1831 5326
1830 5326
1829 5326
1828 5327
1827 5327
1826 5327
1825 5327
1824 5326
1823 5326
1822 5326
1821 5326
1820 5325
1819 5325
1818 5325
1817 5325
1816 5325
1815 5325
1814 5324
1813 5324
1812 5325
1811 5325
1810 5325
1809 5326
1808 5327
1807 5327
1806 5327
1805 5327
1804 5328
1803 5328
1802 5328
1801 5328
1800 5328
1799 5328
1798 5328
1797 5328
1796 5327
1795 5327
1794 5328
1793 5328
1792 5328
1791 5328
1790 5329
1789 5329
1788 5330
1787 5330
1786 5330
1785 5330
1784 5331
1783 5332
1782 5332
1781 5332
1780 5333
1779 5333
1778 5333
1777 5333
1776 5333
1775 5333
1774 5333
1773 5333
1772 5333
1771 5333
1770 5333
1769 5333
1768 5333
1767 5333
1766 5333
1765 5333
1764 5333
1763 5333
1762 5332
1761 5332
1760 5332
1759 5332
1758 5331
1757 5331
1756 5331
1755 5331
1754 5330
1753 5330
1752 5330
1751 5330
1750 5329
1749 5329
1748 5329
1747 5329
1746 5329
1745 5329
1744 5329
1743 5329
1742 5329
1741 5329
1740 5329
1739 5329
1738 5329
1737 5329
1736 5329
1735 5329
1734 5329
1733 5329
1732 5328
1731 5328
1730 5328
1729 5328
1728 5327
1727 5327
1726 5327
1725 5327
1724 5327
1723 5327
1722 5327
1721 5327
1720 5327
1719 5327
1718 5327
1717 5327
1716 5328
1715 5328
1714 5328
1713 5328
1712 5329
1711 5329
1710 5329
1709 5329
1708 5329
1707 5329
1706 5329
1705 5329
1704 5329
1703 5329
1702 5328
1701 5328
1700 5328
1699 5328
1698 5327
1697 5327
1696 5326
1695 5326
1694 5326
1693 5326
1692 5325
1691 5325
1690 5325
1689 5325
1688 5325
1687 5325
1686 5325
1685 5325
1684 5325
1683 5325
1682 5325
1681 5325
1680 5325
1679 5325
1678 5325
1677 5325
1676 5326
1675 5326
1674 5326
1673 5326
1672 5327
1671 5327
1670 5327
1669 5327
1668 5327
1667 5327
1666 5327
1665 5327
1664 5327
1663 5327
1662 5327
1661 5327
1660 5327
1659 5327
1658 5327
1657 5327
1656 5326
1655 5326
1654 5326
1653 5326
1652 5325
1651 5325
1650 5325
1649 5325
1648 5325
1647 5325
1646 5325
1645 5325
1644 5325
1643 5325
1642 5325
1641 5325
1640 5325
1639 5325
1638 5325
1637 5325
1636 5325
1635 5325
1634 5325
1633 5325
1632 5325
1631 5325
1630 5325
1629 5325
1628 5325
1627 5325
1626 5325
1625 5325
1624 5325
1623 5325
1622 5325
1621 5325
1620 5325
1619 5325
1618 5325
1617 5325
1616 5325
1615 5325
1614 5324
1613 5324
1612 5324
1611 5324
1610 5323
1609 5323
1608 5323
1607 5323
1606 5323
1605 5323
1604 5323
1603 5323
1602 5323
1601 5323
1600 5323
1599 5323
1598 5323
1597 5323
1596 5323
1595 5323
1594 5323
1593 5323
1592 5323
1591 5323
1590 5323
1589 5323
1588 5322
1587 5322
1586 5322
1585 5322
1584 5321
1583 5321
1582 5321
1581 5321
1580 5320
1579 5320
1578 5320
1577 5320
1576 5319
1575 5319
1574 5319
1573 5319
1572 5319
1571 5319
1570 5318
1569 5318
1568 5318
1567 5318
1566 5317
1565 5317
1564 5316
1563 5316
1562 5315
1561 5315
1560 5314
1559 5314
1558 5313
1557 5313
1556 5313
1555 5313
1554 5313
1553 5313
1552 5313
1551 5313
1550 5313
1549 5313
1548 5313
1547 5313
1546 5313
1545 5313
1544 5313
1543 5313
1542 5313
1541 5313
1540 5313
1539 5313
1538 5312
1537 5312
1536 5311
1535 5310
1534 5310
1533 5309
1532 5308
1531 5308
1530 5307
1529 5307
1528 5307
1527 5307
1526 5306
1525 5306
1524 5306
1523 5306
1522 5305
1521 5305
1520 5305
1519 5305
1518 5305
1517 5305
1516 5305
1515 5305
1514 5304
1513 5304
1512 5304
1511 5303
1510 5302
1509 5302
1508 5301
1507 5301
1506 5300
1505 5300
1504 5299
1503 5299
1502 5299
1501 5299
1500 5298
1499 5298
1498 5297
1497 5296
1496 5295
1495 5294
1494 5294
1493 5294
1492 5294
1491 5294
1490 5295
1489 5295
1488 5295
1487 5295
1486 5294
1485 5294
1484 5294
1483 5294
1482 5293
1481 5293
1480 5292
1479 5292
1478 5292
1477 5292
1476 5291
1475 5291
1474 5291
1473 5291
1472 5290
1471 5290
1470 5289
1469 5289
1468 5288
1467 5288
1466 5287
1465 5287
1464 5287
1463 5287
1462 5286
1461 5286
1460 5286
1459 5285
1458 5284
1457 5284
1456 5285
1455 5285
1454 5284
1453 5284
1452 5285
1451 5285
1450 5284
1449 5284
1448 5284
1447 5284
1446 5283
1445 5283
1444 5283
1443 5283
1442 5283
1441 5283
1440 5283
1439 5283
1438 5283
1437 5283
1436 5283
1435 5283
1434 5283
1433 5283
1432 5283
1431 5283
1430 5283
1429 5283
1428 5282
1427 5282
1426 5281
1425 5281
1424 5280
1423 5280
1422 5279
1421 5279
1420 5279
1419 5279
1418 5279
1417 5279
1416 5279
1415 5279
1414 5279
1413 5279
1412 5279
1411 5279
1410 5278
1409 5278
1408 5277
1407 5277
1406 5276
1405 5276
1404 5275
1403 5275
1402 5275
1401 5275
1400 5275
1399 5275
1398 5274
1397 5274
1396 5273
1395 5273
1394 5272
1393 5272
1392 5271
1391 5271
1390 5271
1389 5271
1388 5270
1387 5270
1386 5270
1385 5269
1384 5268
1383 5268
1382 5267
1381 5267
1380 5266
1379 5266
1378 5265
1377 5265
1376 5265
1375 5265
1374 5265
1373 5265
1372 5264
1371 5264
1370 5264
1369 5264
1368 5263
1367 5263
1366 5263
1365 5263
1364 5263
1363 5263
1362 5262
1361 5262
1360 5262
1359 5262
1358 5261
1357 5261
1356 5261
1355 5261
1354 5261
1353 5261
1352 5261
1351 5261
1350 5261
1349 5261
1348 5261
1347 5261
1346 5261
1345 5261
1344 5261
1343 5261
1342 5261
1341 5261
1340 5261
1339 5261
1338 5261
1337 5261
1336 5261
1335 5261
1334 5261
1333 5261
1332 5261
1331 5261
1330 5261
1329 5261
1328 5261
1327 5261
1326 5261
1325 5261
1324 5261
1323 5261
1322 5261
1321 5261
1320 5261
1319 5261
1318 5262
1317 5262
1316 5262
1315 5262
1314 5263
1313 5263
1312 5263
1311 5263
1310 5263
1309 5263
1308 5263
1307 5263
1306 5263
1305 5263
1304 5263
1303 5263
1302 5263
1301 5263
1300 5263
1299 5263
1298 5263
1297 5263
1296 5262
1295 5262
1294 5262
1293 5262
1292 5261
1291 5261
1290 5261
1289 5261
1288 5262
1287 5262
1286 5262
1285 5262
1284 5263
1283 5263
1282 5263
1281 5263
1280 5263
1279 5263
1278 5263
1277 5263
1276 5263
1275 5263
1274 5262
1273 5262
1272 5262
1271 5262
1270 5261
1269 5261
1268 5261
1267 5261
1266 5261
1265 5261
1264 5261
1263 5261
1262 5261
1261 5261
1260 5261
1259 5261
1258 5261
1257 5261
1256 5261
1255 5261
1254 5261
1253 5261
1252 5262
1251 5262
1250 5262
1249 5262
1248 5263
1247 5263
1246 5263
1245 5263
1244 5263
1243 5263
1242 5263
1241 5263
1240 5263
1239 5263
1238 5263
1237 5263
1236 5263
1235 5263
1234 5263
1233 5263
1232 5262
1231 5262
1230 5262
1229 5262
1228 5261
1227 5261
1226 5261
1225 5261
1224 5261
1223 5261
1222 5262
1221 5262
1220 5262
1219 5262
1218 5263
1217 5263
1216 5263
1215 5263
1214 5263
1213 5263
1212 5263
1211 5263
1210 5263
1209 5263
1208 5263
1207 5263
1206 5263
1205 5263
1204 5263
1203 5263
1202 5263
1201 5263
1200 5263
1199 5263
1198 5263
1197 5263
1196 5263
1195 5263
1194 5263
1193 5263
1192 5264
1191 5264
1190 5264
1189 5264
1188 5265
1187 5265
1186 5265
1185 5265
1184 5264
1183 5264
1182 5264
1181 5264
1180 5263
1179 5263
1178 5262
1177 5262
1176 5262
1175 5262
1174 5261
1173 5261
1172 5261
1171 5261
1170 5261
1169 5261
1168 5261
1167 5261
1166 5261
1165 5261
1164 5261
1163 5261
1162 5261
1161 5261
1160 5261
1159 5261
1158 5261
1157 5261
1156 5261
1155 5261
1154 5261
1153 5261
1152 5261
1151 5261
1150 5260
1149 5260
1148 5260
1147 5260
1146 5259
1145 5259
1144 5260
1143 5260
1142 5260
1141 5260
1140 5261
1139 5261
1138 5261
1137 5261
1136 5260
1135 5260
1134 5260
1133 5260
1132 5259
1131 5259
1130 5259
1129 5259
1128 5259
1127 5259
1126 5259
1125 5259
1124 5259
1123 5259
1122 5259
1121 5259
1120 5259
1119 5259
1118 5259
1117 5259
1116 5259
1115 5259
1114 5259
1113 5259
1112 5259
1111 5259
1110 5259
1109 5259
1108 5259
1107 5259
1106 5259
1105 5259
1104 5259
1103 5259
1102 5259
1101 5259
1100 5259
1099 5259
1098 5259
1097 5259
1096 5259
1095 5259
1094 5259
1093 5259
1092 5259
1091 5259
1090 5259
1089 5259
1088 5259
1087 5259
1086 5259
1085 5259
1084 5259
1083 5259
1082 5259
1081 5259
1080 5259
1079 5259
1078 5259
1077 5259
1076 5259
1075 5259
1074 5259
1073 5259
1072 5259
1071 5259
1070 5259
1069 5259
1068 5259
1067 5259
1066 5259
1065 5259
1064 5258
1063 5258
1062 5257
1061 5256
1060 5256
1059 5255
1058 5255
1057 5255
