1441 2237
1440 2238
1439 2238
1438 2239
1437 2239
1436 2239
1435 2239
1434 2239
1433 2239
1432 2239
1431 2240
1430 2240
1429 2241
1429 2242
1428 2243
1428 2244
1428 2245
1428 2246
1428 2247
1428 2248
1427 2249
1426 2250
1426 2251
1426 2252
1426 2253
1426 2254
1425 2255
1425 2256
1425 2257
1424 2258
1424 2259
1424 2260
1423 2261
1423 2262
1422 2263
1422 2264
1421 2265
1421 2266
1421 2267
1420 2268
1420 2269
1419 2270
1419 2271
1418 2272
1418 2273
1418 2274
1417 2275
1416 2276
1416 2277
1415 2278
1415 2279
1414 2280
1414 2281
1414 2282
1413 2283
1413 2284
1412 2285
1411 2286
1410 2287
1409 2288
1408 2289
1407 2290
1407 2291
1406 2292
1405 2293
1405 2294
1404 2295
1404 2296
1403 2297
1403 2298
1402 2299
1402 2300
1402 2301
1401 2302
1401 2303
1401 2304
1401 2305
1401 2306
1401 2307
1401 2308
1401 2309
1401 2310
1401 2311
1401 2312
1401 2313
1401 2314
1401 2315
1401 2316
1402 2317
1402 2318
1402 2319
1402 2320
1402 2321
1402 2322
1402 2323
1402 2324
1402 2325
1402 2326
1403 2327
1403 2328
1403 2329
1403 2330
1403 2331
1403 2332
1403 2333
1403 2334
1403 2335
1403 2336
1404 2337
1404 2338
1405 2339
1406 2339
1407 2340
1408 2340
1409 2339
1410 2338
1411 2337
1412 2337
1413 2336
1414 2336
1415 2335
1416 2334
1417 2334
1418 2334
1419 2334
1420 2334
1421 2333
1422 2333
1423 2332
1424 2331
1425 2331
1426 2332
1427 2332
1428 2333
1429 2334
1430 2334
1431 2334
1432 2334
1433 2333
1434 2332
1435 2331
1436 2330
1437 2329
1438 2328
1439 2327
1440 2326
1441 2326
1442 2326
1443 2325
1444 2324
1445 2323
1446 2323
1447 2322
1448 2321
1449 2321
1450 2320
1451 2319
1452 2319
1453 2318
1454 2318
1455 2318
1456 2317
1457 2317
1458 2316
1459 2316
1460 2315
1461 2314
1462 2314
1463 2314
1464 2313
1465 2313
1466 2313
1467 2313
1468 2312
1469 2312
1470 2311
1471 2311
1472 2311
1473 2310
1474 2309
1475 2308
1476 2308
1477 2308
1478 2308
1479 2308
1480 2308
1481 2308
1482 2308
1483 2308
1484 2308
1485 2308
1486 2308
1487 2308
1488 2308
1489 2308
1490 2308
1491 2308
1492 2308
1493 2308
1494 2308
1495 2308
1496 2309
1497 2309
1498 2310
1499 2311
1500 2311
1501 2311
1502 2312
1503 2312
1504 2313
1505 2314
1506 2315
1507 2316
1508 2317
1509 2317
1510 2317
1511 2318
1512 2318
1513 2318
1514 2319
1515 2319
1516 2320
1517 2321
1518 2321
1519 2321
1520 2321
1521 2321
1522 2320
1523 2320
1524 2320
1525 2320
1526 2319
1527 2319
1528 2318
1529 2318
1530 2317
1531 2317
1532 2316
1533 2315
1534 2315
1535 2316
1536 2316
1537 2316
1538 2316
1539 2316
1540 2316
1541 2316
1542 2316
1543 2316
1544 2316
1545 2316
1546 2316
1547 2316
1548 2316
1549 2316
1550 2316
1551 2316
1552 2316
1553 2316
1554 2316
1555 2316
1556 2316
1557 2316
1558 2315
1559 2314
1560 2314
1561 2314
1562 2314
1563 2314
1564 2313
1565 2313
1566 2313
1567 2313
1568 2313
1569 2313
1570 2313
1571 2313
1572 2314
1573 2314
1574 2315
1575 2315
1576 2315
1577 2316
1578 2316
1579 2316
1580 2315
1581 2315
1582 2315
1583 2314
1584 2313
1585 2312
1586 2311
1587 2311
1588 2311
1589 2311
1590 2311
1591 2311
1592 2311
1593 2311
1594 2311
1595 2311
1596 2311
1597 2311
1598 2311
1599 2312
1600 2312
1601 2312
1602 2313
1603 2313
1604 2313
1605 2313
1606 2313
1607 2313
1608 2313
1609 2312
1610 2312
1611 2312
1612 2311
1613 2311
1614 2311
1615 2311
1616 2310
1617 2309
1618 2309
1619 2308
1620 2308
1621 2307
1622 2306
1623 2305
1624 2304
1625 2303
1625 2302
1626 2301
1626 2300
1626 2299
1627 2298
1627 2297
1627 2296
1628 2295
1628 2294
1628 2293
1628 2292
1628 2291
1628 2290
1628 2289
1628 2288
1628 2287
1627 2286
1627 2285
1627 2284
1627 2283
1627 2282
1626 2281
1625 2280
1624 2279
1623 2279
1622 2278
1621 2277
1620 2277
1619 2276
1618 2276
1617 2276
1616 2275
1615 2274
1614 2274
1613 2273
1612 2273
1611 2272
1610 2272
1609 2272
1608 2271
1607 2271
1606 2270
1605 2270
1604 2270
1603 2269
1602 2269
1601 2269
1600 2269
1599 2268
1598 2268
1597 2268
1596 2268
1595 2268
1594 2268
1593 2268
1592 2268
1591 2267
1590 2267
1589 2266
1588 2265
1587 2264
1586 2263
1585 2262
1584 2261
1584 2260
1583 2259
1583 2258
1582 2257
1582 2256
1582 2255
1581 2254
1580 2253
1579 2252
1578 2251
1577 2251
1576 2250
1575 2249
1574 2249
1573 2248
1572 2247
1571 2247
1570 2246
1569 2246
1568 2245
1567 2245
1566 2245
1565 2245
1564 2245
1563 2244
1562 2244
1561 2244
1560 2244
1559 2243
1558 2243
1557 2242
1556 2242
1555 2241
1554 2241
1553 2241
1552 2240
1551 2240
1550 2240
1549 2240
1548 2240
1547 2240
1546 2240
1545 2240
1544 2240
1543 2240
1542 2240
1541 2240
1540 2240
1539 2240
1538 2240
1537 2240
1536 2240
1535 2240
1534 2240
1533 2239
1532 2239
1531 2239
1530 2239
1529 2239
1528 2239
1527 2239
1526 2238
1525 2238
1524 2237
1523 2237
1522 2237
1521 2237
1520 2237
1519 2237
1518 2237
1517 2237
1516 2237
1515 2237
1514 2237
1513 2237
1512 2237
1511 2237
1510 2237
1509 2237
1508 2237
1507 2237
1506 2238
1505 2238
1504 2237
1503 2237
1502 2237
1501 2237
1500 2237
1499 2237
1498 2238
1497 2238
1496 2238
1495 2238
1494 2238
1493 2238
1492 2238
1491 2238
1490 2238
1489 2238
1488 2238
1487 2238
1486 2238
1485 2238
1484 2238
1483 2238
1482 2238
1481 2238
1480 2238
1479 2238
1478 2238
1477 2238
1476 2238
1475 2238
1474 2238
1473 2238
1472 2238
1471 2237
1470 2237
1469 2237
1468 2237
1467 2237
1466 2237
1465 2237
1464 2237
1463 2237
1462 2237
1461 2237
1460 2238
1459 2238
1458 2238
1457 2238
1456 2238
1455 2238
1454 2238
1453 2238
1452 2238
1451 2238
1450 2237
1449 2237
1448 2237
1447 2237
1446 2237
1445 2237
1444 2237
1443 2237
1442 2237
1441 2237
