789 1731
788 1732
787 1732
786 1732
785 1733
784 1733
783 1733
782 1733
781 1734
780 1734
779 1734
778 1734
777 1734
776 1734
775 1734
774 1734
773 1735
772 1736
771 1737
770 1738
769 1739
768 1740
767 1741
766 1742
765 1743
764 1744
764 1745
763 1746
762 1746
761 1747
760 1747
759 1747
758 1747
757 1747
756 1747
755 1747
754 1747
753 1747
752 1747
751 1747
750 1747
749 1747
748 1747
747 1747
746 1747
745 1747
744 1747
743 1747
742 1747
741 1747
740 1747
739 1747
738 1747
737 1747
736 1747
735 1746
734 1746
733 1746
732 1746
731 1746
730 1746
729 1746
728 1746
727 1746
726 1746
725 1746
724 1746
723 1746
722 1746
721 1746
720 1746
719 1746
718 1746
717 1746
716 1746
715 1746
714 1745
713 1745
712 1745
711 1744
710 1744
709 1743
708 1743
707 1743
706 1743
705 1743
704 1743
703 1743
702 1742
701 1742
700 1742
699 1741
698 1741
697 1741
696 1740
695 1740
694 1740
693 1740
692 1740
691 1740
690 1740
689 1740
688 1740
687 1740
686 1740
685 1740
684 1740
683 1740
682 1740
681 1740
680 1740
679 1741
678 1741
677 1741
676 1742
675 1742
674 1743
673 1744
672 1745
671 1746
670 1747
669 1748
669 1749
669 1750
668 1751
668 1752
668 1753
667 1754
668 1755
668 1756
669 1757
669 1758
670 1759
671 1760
672 1761
673 1762
673 1763
674 1764
675 1765
676 1766
677 1767
678 1768
679 1769
680 1770
680 1771
681 1772
681 1773
682 1774
682 1775
683 1776
684 1777
685 1777
686 1777
687 1777
688 1776
689 1776
690 1776
691 1776
692 1776
693 1777
694 1778
695 1779
696 1780
697 1781
698 1782
699 1782
700 1783
701 1783
702 1784
703 1785
704 1785
705 1785
706 1786
707 1786
708 1787
709 1788
710 1789
711 1790
712 1791
713 1792
714 1793
715 1794
716 1794
717 1794
718 1794
719 1794
720 1794
721 1795
722 1795
723 1795
724 1796
725 1796
726 1796
727 1797
728 1797
729 1798
730 1799
731 1800
732 1800
733 1800
734 1801
735 1801
736 1801
737 1802
738 1802
739 1802
740 1802
741 1802
742 1802
743 1802
744 1802
745 1802
746 1802
747 1802
748 1802
749 1802
750 1802
751 1801
752 1801
753 1801
754 1801
755 1801
756 1801
757 1801
758 1801
759 1801
760 1801
761 1801
762 1801
763 1801
764 1800
765 1800
766 1800
767 1800
768 1800
769 1800
770 1800
771 1800
772 1800
773 1800
774 1800
775 1800
776 1800
777 1800
778 1800
779 1799
780 1799
781 1799
782 1798
783 1798
784 1798
785 1798
786 1798
787 1798
788 1798
789 1797
790 1797
791 1797
792 1797
793 1797
794 1797
795 1797
796 1797
797 1797
798 1796
799 1796
800 1796
801 1796
802 1796
803 1796
804 1796
805 1796
806 1796
807 1796
808 1796
809 1795
810 1795
811 1795
812 1794
813 1794
814 1794
815 1794
816 1794
817 1794
818 1794
819 1794
820 1794
821 1794
822 1794
823 1794
824 1794
825 1794
826 1793
827 1793
828 1793
829 1793
830 1792
831 1791
832 1790
832 1789
831 1788
831 1787
830 1786
830 1785
830 1784
829 1783
829 1782
828 1781
828 1780
827 1779
827 1778
826 1777
826 1776
825 1775
825 1774
825 1773
825 1772
825 1771
825 1770
826 1769
826 1768
826 1767
827 1766
827 1765
827 1764
828 1763
828 1762
829 1761
829 1760
829 1759
829 1758
829 1757
830 1756
830 1755
830 1754
830 1753
830 1752
829 1751
828 1750
827 1749
826 1748
825 1747
825 1746
824 1745
823 1744
822 1743
821 1742
820 1741
819 1741
818 1740
817 1740
816 1739
815 1739
814 1738
813 1738
812 1737
811 1736
810 1736
809 1735
808 1735
807 1735
806 1735
805 1735
804 1734
803 1734
802 1734
801 1733
800 1733
799 1732
798 1731
797 1731
796 1731
795 1731
794 1731
793 1731
792 1731
791 1731
790 1731
789 1731
