185 2300
184 2301
183 2301
182 2301
181 2302
180 2302
179 2302
178 2302
177 2303
176 2303
175 2303
174 2304
173 2304
172 2304
171 2304
170 2305
169 2305
168 2306
167 2307
166 2308
165 2308
164 2309
163 2309
162 2309
161 2309
160 2310
159 2310
158 2310
157 2310
156 2311
155 2311
154 2312
153 2312
152 2312
151 2313
150 2313
149 2314
148 2314
147 2315
146 2315
145 2316
144 2317
143 2317
142 2318
141 2319
140 2319
139 2320
138 2320
137 2321
136 2322
135 2322
134 2323
133 2323
132 2324
131 2324
130 2324
129 2325
128 2326
127 2327
126 2327
125 2328
124 2329
123 2330
122 2331
121 2332
121 2333
120 2334
120 2335
120 2336
119 2337
119 2338
120 2339
121 2340
122 2341
123 2341
124 2341
125 2341
126 2341
127 2341
128 2341
129 2341
130 2341
131 2341
132 2341
133 2341
134 2342
135 2342
136 2342
137 2342
138 2342
139 2342
140 2342
141 2342
142 2343
143 2343
144 2343
145 2344
146 2344
147 2344
148 2344
149 2344
150 2344
151 2344
152 2344
153 2345
154 2346
155 2347
156 2348
157 2348
158 2348
159 2349
160 2349
161 2350
162 2350
163 2351
164 2351
165 2352
166 2352
167 2353
167 2354
168 2354
169 2355
170 2355
171 2355
172 2356
173 2356
174 2356
175 2357
176 2357
177 2357
178 2357
179 2357
180 2357
181 2357
182 2358
183 2358
184 2358
185 2358
186 2359
187 2358
188 2358
189 2358
190 2358
191 2358
192 2358
193 2359
194 2359
195 2359
196 2360
197 2360
198 2360
199 2360
200 2360
201 2360
202 2360
203 2360
204 2360
205 2360
206 2360
207 2360
208 2360
209 2360
210 2360
211 2360
212 2360
213 2360
214 2360
215 2360
216 2360
217 2360
218 2360
219 2360
220 2360
221 2360
222 2361
223 2361
224 2361
225 2361
226 2361
227 2361
228 2361
229 2361
230 2361
231 2361
232 2361
233 2361
234 2360
235 2360
236 2360
237 2360
238 2359
239 2359
240 2359
241 2358
242 2358
243 2358
244 2358
245 2358
246 2358
247 2358
248 2358
249 2358
250 2358
251 2358
252 2357
253 2357
254 2357
255 2357
256 2357
257 2356
258 2356
259 2355
260 2355
261 2355
262 2355
263 2354
264 2354
265 2354
266 2353
267 2353
268 2352
269 2351
269 2350
269 2349
269 2348
269 2347
269 2346
270 2345
270 2344
270 2343
271 2342
271 2341
271 2340
271 2339
271 2338
271 2337
271 2336
272 2335
273 2334
273 2333
273 2332
274 2331
274 2330
274 2329
274 2328
274 2327
274 2326
274 2325
274 2324
274 2323
274 2322
274 2321
273 2320
272 2319
271 2318
270 2317
269 2316
268 2315
267 2314
266 2313
265 2312
264 2311
264 2310
263 2309
262 2308
261 2307
260 2306
259 2305
258 2305
257 2305
256 2305
255 2305
254 2305
253 2305
252 2305
251 2305
250 2305
249 2305
248 2305
247 2305
246 2305
245 2305
244 2305
243 2305
242 2305
241 2305
240 2305
239 2305
238 2304
237 2304
236 2304
235 2304
234 2304
233 2304
232 2304
231 2304
230 2304
229 2304
228 2304
227 2304
226 2303
225 2303
224 2303
223 2302
222 2302
221 2302
220 2302
219 2302
218 2302
217 2302
216 2302
215 2302
214 2302
213 2302
212 2302
211 2302
210 2302
209 2302
208 2302
207 2302
206 2302
205 2302
204 2302
203 2302
202 2302
201 2302
200 2302
199 2302
198 2302
197 2302
196 2301
195 2301
194 2301
193 2300
192 2300
191 2300
190 2300
189 2300
188 2300
187 2300
186 2300
185 2300
