1019 415
1018 416
1017 416
1016 417
1015 418
1014 418
1013 419
1012 419
1011 419
1010 419
1009 419
1008 419
1007 419
1006 419
1005 419
1004 419
1003 419
1002 419
1001 420
1000 420
999 420
998 420
997 420
996 420
995 420
994 420
993 420
992 420
991 420
990 420
989 421
988 421
987 421
986 421
985 421
984 421
983 421
982 421
981 421
980 421
979 421
978 421
977 421
976 422
975 422
974 422
973 422
972 422
971 422
970 422
969 422
968 422
967 422
966 422
965 422
964 422
963 422
962 422
961 422
960 422
959 423
958 423
957 423
956 424
955 424
954 424
953 424
952 424
951 424
950 425
949 425
948 426
947 426
946 426
945 426
944 427
943 428
942 428
941 429
940 429
939 429
938 429
937 429
936 430
935 431
934 432
933 433
932 434
931 434
930 435
929 435
928 436
927 436
926 436
925 436
924 436
923 437
922 438
921 439
921 440
921 441
921 442
921 443
921 444
922 445
923 446
924 446
925 447
926 447
927 448
928 449
929 450
930 451
930 452
931 453
932 454
933 455
934 456
935 457
936 458
937 459
938 460
939 461
940 462
941 463
942 464
943 465
944 466
945 467
946 468
947 469
948 470
948 471
949 472
950 473
951 474
951 475
952 476
952 477
953 478
954 479
955 480
956 481
957 482
958 482
959 483
960 484
961 484
962 485
963 485
964 485
965 486
966 486
967 486
968 486
969 486
970 486
971 486
972 486
973 485
974 485
975 485
976 484
977 484
978 483
979 483
980 483
981 483
982 483
983 483
984 482
985 482
986 482
987 482
988 482
989 482
990 482
991 482
992 482
993 482
994 482
995 483
996 483
997 483
998 484
999 484
1000 484
1001 484
1002 485
1003 485
1004 486
1005 486
1006 487
1007 487
1008 487
1009 487
1010 487
1011 487
1012 488
1013 488
1014 489
1015 489
1016 489
1017 490
1018 490
1019 490
1020 491
1021 491
1022 491
1023 491
1024 491
1025 491
1026 491
1027 491
1028 491
1029 491
1030 491
1031 491
1032 491
1033 491
1034 491
1035 491
1036 491
1037 491
1038 491
1039 490
1040 490
1041 490
1042 490
1043 489
1044 489
1045 488
1046 487
1047 487
1048 486
1049 485
1050 485
1051 484
1052 483
1053 483
1054 482
1055 482
1056 481
1057 480
1058 479
1059 479
1060 478
1061 477
1062 476
1063 475
1064 474
1065 474
1066 473
1067 472
1067 471
1068 470
1068 469
1069 468
1070 467
1071 466
1071 465
1072 464
1073 463
1074 462
1075 461
1075 460
1076 459
1076 458
1076 457
1076 456
1076 455
1076 454
1076 453
1076 452
1076 451
1076 450
1076 449
1076 448
1076 447
1076 446
1076 445
1076 444
1076 443
1076 442
1076 441
1076 440
1076 439
1076 438
1076 437
1076 436
1076 435
1075 434
1075 433
1074 432
1074 431
1073 430
1073 429
1073 428
1072 427
1072 426
1071 425
1070 425
1069 425
1068 424
1067 424
1066 423
1065 423
1064 422
1063 422
1062 421
1061 420
1060 420
1059 419
1058 419
1057 419
1056 418
1055 418
1054 417
1053 417
1052 417
1051 416
1050 416
1049 416
1048 416
1047 416
1046 416
1045 416
1044 416
1043 416
1042 416
1041 416
1040 416
1039 415
1038 415
1037 415
1036 415
1035 415
1034 415
1033 415
1032 415
1031 415
1030 415
1029 415
1028 415
1027 415
1026 415
1025 415
1024 415
1023 415
1022 415
1021 415
1020 415
1019 415
