780 181
779 182
778 183
777 183
776 183
775 183
774 184
773 184
772 184
771 185
770 185
769 185
768 185
767 184
766 185
765 185
764 185
763 186
762 186
761 186
760 187
759 188
758 189
757 189
756 190
755 190
754 190
753 191
752 191
751 191
750 191
749 191
748 191
747 191
746 191
745 191
744 191
743 191
742 192
741 193
740 193
739 193
738 194
737 194
736 195
735 195
734 196
733 196
732 197
731 198
730 198
729 198
728 199
727 199
726 200
725 200
724 200
723 201
722 201
721 202
720 202
719 203
718 203
717 204
716 204
715 204
714 204
713 205
712 205
711 205
710 206
709 206
708 206
707 207
706 208
705 209
704 210
703 210
702 211
702 212
701 213
701 214
701 215
701 216
701 217
702 218
702 219
703 220
703 221
704 222
705 223
706 223
707 223
708 223
709 223
710 223
711 223
712 223
713 223
714 223
715 223
716 223
717 222
718 222
719 222
720 222
721 222
722 222
723 222
724 222
725 222
726 222
727 222
728 222
729 222
730 222
731 222
732 223
733 223
734 223
735 223
736 223
737 223
738 223
739 223
740 223
741 223
742 223
743 223
744 224
745 224
746 224
747 224
748 224
749 224
750 224
751 224
752 224
753 224
754 224
755 224
756 224
757 224
758 224
759 224
760 224
761 224
762 224
763 224
764 224
765 224
766 224
767 224
768 224
769 224
770 225
771 225
772 225
773 226
774 226
775 226
776 226
777 227
778 227
779 227
780 227
781 227
782 228
783 228
784 228
785 228
786 229
787 229
788 229
789 230
790 230
791 231
792 231
793 231
794 231
795 231
796 231
797 231
798 231
799 231
800 230
801 230
802 230
803 230
804 230
805 231
806 231
807 231
808 230
809 230
810 230
811 230
812 230
813 230
814 231
815 231
816 231
817 231
818 231
819 232
820 232
821 232
822 232
823 232
824 233
825 233
826 233
827 233
828 233
829 232
830 232
831 231
831 230
832 229
832 228
832 227
832 226
832 225
833 224
833 223
833 222
834 221
834 220
834 219
834 218
834 217
835 216
835 215
835 214
835 213
834 212
834 211
833 210
833 209
833 208
832 207
832 206
831 205
830 204
830 203
829 202
829 201
828 200
827 199
826 198
825 197
824 196
823 195
822 194
821 193
820 192
819 191
818 190
817 190
816 189
815 188
814 188
813 187
812 186
811 186
810 185
809 185
808 184
807 185
806 184
805 184
804 184
803 183
802 183
801 182
800 181
799 181
798 181
797 181
796 181
795 181
794 181
793 181
792 181
791 181
790 181
789 181
788 181
787 181
786 181
785 181
784 181
783 181
782 181
781 181
780 181
