195 781
194 782
193 782
192 782
191 782
190 782
189 782
188 782
187 782
186 782
185 783
184 783
183 784
182 785
182 786
181 787
180 788
180 789
180 790
179 791
179 792
178 793
178 794
177 795
176 796
176 797
175 798
174 799
173 800
172 801
172 802
171 803
171 804
170 805
170 806
169 807
168 808
168 809
168 810
167 811
167 812
167 813
167 814
166 815
165 816
165 817
165 818
165 819
164 820
163 821
163 822
163 823
162 824
162 825
162 826
161 827
161 828
160 829
159 830
159 831
158 832
158 833
158 834
158 835
157 836
157 837
157 838
156 839
156 840
155 841
154 842
154 843
153 844
152 845
152 846
151 847
151 848
150 849
149 850
148 851
148 852
147 853
147 854
147 855
147 856
148 856
149 857
150 857
151 857
152 858
153 858
154 858
155 858
156 858
157 858
158 858
159 858
160 858
161 858
162 857
163 857
164 857
165 857
166 857
167 857
168 857
169 857
170 857
171 857
172 857
173 857
174 857
175 856
176 856
177 856
178 856
179 856
180 856
181 856
182 856
183 857
184 857
185 857
186 857
187 857
188 857
189 857
190 857
191 857
192 857
193 857
194 857
195 857
196 857
197 857
198 858
199 858
200 858
201 858
202 859
203 859
204 859
205 859
206 859
207 859
208 859
209 859
210 859
211 859
212 859
213 859
214 859
215 859
216 860
217 860
218 861
219 862
220 862
221 862
222 862
223 863
224 863
225 863
226 863
227 863
228 863
229 863
230 863
231 863
232 863
233 863
234 863
235 862
236 862
237 862
238 862
239 862
240 862
241 861
242 861
243 860
244 859
245 858
246 857
247 856
248 855
249 854
250 853
251 853
252 853
253 853
254 853
255 852
256 851
257 851
258 850
259 849
260 849
261 849
262 848
263 848
264 847
265 846
266 845
267 845
268 844
269 843
270 843
271 842
272 842
273 842
274 842
275 842
276 842
277 841
278 841
279 840
279 839
279 838
279 837
279 836
279 835
279 834
279 833
279 832
279 831
279 830
279 829
279 828
279 827
279 826
279 825
279 824
279 823
279 822
278 821
277 820
277 819
276 818
276 817
275 816
275 815
274 814
273 814
272 813
271 812
270 811
269 810
268 809
267 809
266 808
265 807
264 807
263 806
262 805
261 805
260 805
259 804
258 804
257 803
256 803
255 802
254 801
253 801
252 800
251 800
250 799
249 798
248 797
247 797
246 796
245 795
244 794
243 793
242 793
241 792
240 792
239 791
238 791
237 791
236 790
235 790
234 790
233 789
232 789
231 788
230 788
229 787
228 787
227 787
226 786
225 786
224 785
223 785
222 784
221 784
220 784
219 783
218 783
217 783
216 782
215 782
214 782
213 782
212 782
211 782
210 782
209 782
208 781
207 781
206 781
205 781
204 781
203 781
202 781
201 781
200 781
199 781
198 781
197 781
196 781
195 781
