4007 5569
4006 5570
4005 5570
4004 5570
4003 5570
4002 5571
4001 5571
4000 5572
3999 5572
3998 5572
3997 5572
3996 5573
3995 5573
3994 5574
3993 5574
3992 5574
3991 5574
3990 5575
3989 5575
3988 5575
3987 5575
3986 5576
3985 5576
3984 5576
3983 5576
3982 5577
3981 5577
3980 5577
3979 5577
3978 5578
3977 5578
3976 5578
3975 5578
3974 5579
3973 5579
3972 5579
3971 5579
3970 5580
3969 5580
3968 5580
3967 5580
3966 5581
3965 5581
3964 5581
3963 5581
3962 5581
3961 5581
3960 5582
3959 5582
3958 5582
3957 5582
3956 5583
3955 5584
3954 5584
3953 5584
3952 5585
3951 5585
3950 5586
3949 5586
3948 5586
3947 5586
3946 5587
3945 5587
3944 5588
3943 5588
3942 5589
3941 5589
3940 5590
3939 5590
3938 5591
3937 5592
3936 5592
3935 5592
3934 5593
3933 5594
3932 5595
3931 5595
3930 5596
3929 5596
3928 5597
3927 5598
3926 5598
3925 5598
3924 5599
3923 5600
3922 5600
3921 5600
3920 5601
3919 5602
3918 5602
3917 5602
3916 5603
3915 5604
3914 5604
3913 5604
3912 5605
3911 5606
3910 5606
3909 5606
3908 5607
3907 5607
3906 5608
3905 5608
3904 5608
3903 5608
3902 5609
3901 5610
3900 5610
3899 5610
3898 5611
3897 5611
3896 5612
3895 5612
3894 5612
3893 5612
3892 5613
3891 5613
3890 5614
3889 5614
3888 5614
3887 5614
3886 5615
3885 5616
3884 5616
3883 5616
3882 5617
3881 5617
3880 5617
3879 5617
3878 5618
3877 5618
3876 5618
3875 5618
3874 5619
3873 5619
3872 5620
3871 5620
3870 5620
3869 5620
3868 5621
3867 5621
3866 5622
3865 5622
3864 5622
3863 5622
3862 5623
3861 5623
3860 5624
3859 5624
3858 5624
3857 5624
3856 5625
3855 5625
3854 5625
3853 5625
3852 5626
3851 5626
3850 5626
3849 5626
3848 5627
3847 5627
3846 5628
3845 5628
3844 5628
3843 5628
3842 5629
3841 5629
3840 5630
3839 5630
3838 5630
3837 5630
3836 5631
3835 5631
3834 5632
3833 5632
3832 5632
3831 5632
3830 5633
3829 5634
3828 5635
3827 5635
3826 5636
3825 5636
3824 5637
3823 5637
3822 5638
3821 5638
3820 5638
3819 5638
3818 5639
3817 5640
3816 5640
3815 5640
3814 5641
3813 5642
3812 5643
3811 5643
3810 5644
3809 5644
3808 5645
3807 5646
3806 5646
3805 5646
3804 5647
3803 5648
3802 5648
3801 5648
3800 5649
3799 5649
3798 5650
3797 5650
3796 5650
3795 5650
3794 5651
3793 5652
3792 5652
3791 5652
3790 5653
3789 5654
3788 5654
3787 5654
3786 5655
3785 5656
3784 5656
3783 5656
3782 5657
3781 5657
3780 5657
3779 5657
3778 5658
3777 5658
3776 5658
3775 5658
3774 5659
3773 5660
3772 5660
3771 5660
3770 5661
3769 5661
3768 5662
3767 5662
3766 5662
3765 5662
3764 5663
3763 5663
3762 5664
3761 5664
3760 5664
3759 5664
3758 5665
3757 5665
3756 5665
3755 5665
3754 5666
3753 5666
3752 5666
3751 5666
3750 5667
3749 5668
3748 5668
3747 5668
3746 5669
3745 5669
3744 5670
3743 5670
3742 5670
3741 5670
3740 5671
3739 5672
3738 5672
3737 5672
3736 5673
3735 5673
3734 5674
3733 5674
3732 5674
3731 5674
3730 5675
3729 5675
3728 5676
3727 5676
3726 5676
3725 5676
3724 5677
3723 5678
3722 5678
3721 5678
3720 5679
3719 5680
3718 5681
3717 5681
3716 5682
3715 5682
3714 5683
3713 5684
3712 5684
3711 5684
3710 5685
3709 5686
3708 5686
3707 5686
3706 5687
3705 5688
3704 5689
3703 5689
3702 5690
3701 5690
3700 5691
3699 5691
3698 5692
3697 5692
3696 5692
3695 5692
3694 5693
3693 5694
3692 5694
3691 5694
3690 5695
3689 5695
3688 5695
3687 5695
3686 5696
3685 5696
3684 5696
3683 5696
3682 5697
3681 5698
3680 5698
3679 5698
3678 5699
3677 5699
3676 5700
3675 5700
3674 5700
3673 5700
3672 5701
3671 5701
3670 5701
3669 5701
3668 5702
3667 5702
3666 5702
3665 5702
3664 5703
3663 5703
3662 5704
3661 5704
3660 5704
3659 5704
3658 5705
3657 5705
3656 5706
3655 5706
3654 5706
3653 5706
3652 5707
3651 5707
3650 5707
3649 5707
3648 5708
3647 5708
3646 5708
3645 5708
3644 5709
3643 5710
3642 5711
3641 5711
3640 5712
3639 5712
3638 5713
3637 5713
3636 5714
3635 5714
3634 5715
3633 5715
3632 5716
3631 5716
3630 5717
3629 5718
3628 5718
3627 5718
3626 5719
3625 5720
3624 5720
3623 5720
3622 5721
3621 5722
3620 5722
3619 5722
3618 5723
3617 5723
3616 5724
3615 5724
3614 5724
3613 5724
3612 5725
3611 5726
3610 5726
3609 5726
3608 5727
3607 5727
3606 5728
3605 5728
3604 5728
3603 5728
3602 5729
3601 5729
3600 5730
3599 5730
3598 5730
3597 5730
3596 5731
3595 5732
3594 5732
3593 5732
3592 5733
3591 5734
3590 5734
3589 5734
3588 5735
3587 5736
3586 5737
3585 5737
3584 5738
3583 5738
3582 5739
3581 5740
3580 5740
3579 5740
3578 5741
3577 5741
3576 5742
3575 5742
3574 5742
3573 5742
3572 5743
3571 5744
3570 5744
3569 5744
3568 5745
3567 5745
3566 5746
3565 5746
3564 5746
3563 5746
3562 5747
3561 5748
3560 5748
3559 5748
3558 5749
3557 5749
3556 5750
3555 5750
3554 5750
3553 5750
3552 5751
3551 5751
3550 5752
3549 5752
3548 5752
3547 5752
3546 5753
3545 5754
3544 5754
3543 5754
3542 5755
3541 5755
3540 5756
3539 5756
3538 5756
3537 5756
3536 5757
3535 5758
3534 5758
3533 5758
3532 5759
3531 5759
3530 5760
3529 5760
3528 5760
3527 5760
3526 5761
3525 5762
3524 5762
3523 5762
3522 5763
3521 5764
3520 5764
3519 5764
3518 5765
3517 5766
3516 5766
3515 5766
3514 5767
3513 5768
3512 5768
3511 5768
3510 5769
3509 5769
3508 5770
3507 5770
3506 5770
3505 5770
3504 5771
3503 5772
3502 5772
3501 5772
3500 5773
3499 5774
3498 5774
3497 5774
3496 5775
3495 5775
3494 5776
3493 5776
3492 5776
3491 5776
3490 5777
3489 5778
3488 5778
3487 5778
3486 5779
3485 5780
3484 5780
3483 5780
3482 5781
3481 5781
3480 5782
3479 5782
3478 5782
3477 5782
3476 5783
3475 5784
3474 5784
3473 5784
3472 5785
3471 5785
3470 5786
3469 5786
3468 5786
3467 5786
3466 5787
3465 5788
3464 5788
3463 5788
3462 5789
3461 5790
3460 5790
3459 5790
3458 5791
3457 5792
3456 5792
3455 5792
3454 5793
3453 5794
3452 5794
3451 5794
3450 5795
3449 5796
3448 5797
3447 5798
3446 5798
3445 5799
3444 5800
3443 5800
3442 5801
3441 5802
3440 5803
3439 5804
3438 5804
3437 5805
3436 5806
3435 5806
3434 5807
3433 5808
3432 5809
3431 5809
3430 5810
3429 5810
3428 5811
3427 5812
3426 5813
3425 5813
3424 5814
3423 5814
3422 5815
3421 5816
3420 5817
3419 5817
3418 5818
3417 5818
3416 5819
3415 5820
3414 5820
3413 5820
3412 5821
3411 5822
3410 5822
3409 5822
3408 5823
3407 5824
3406 5825
3405 5825
3404 5826
3403 5826
3402 5827
3401 5828
3400 5829
3399 5829
3398 5830
3397 5830
3396 5831
3395 5832
3394 5832
3393 5832
3392 5833
3391 5834
3390 5834
3389 5834
3388 5835
3387 5836
3386 5836
3385 5836
3384 5837
3383 5838
3382 5839
3381 5840
3380 5840
3380 5841
3379 5842
3378 5842
3378 5843
3377 5844
3376 5844
3376 5845
3375 5846
3374 5846
3374 5847
3373 5848
3372 5848
3372 5849
3371 5850
3370 5850
3370 5851
3369 5852
3368 5852
3368 5853
3367 5854
3366 5855
3365 5856
3364 5857
3364 5858
3364 5859
3363 5860
3362 5861
3362 5862
3362 5863
3361 5864
3360 5865
3360 5866
3359 5867
3359 5868
3358 5869
3357 5870
3356 5871
3356 5872
3355 5873
3354 5874
3354 5875
3353 5876
3352 5876
3352 5877
3351 5878
3350 5878
3350 5879
3349 5880
3348 5880
3348 5881
3347 5882
3346 5882
3346 5883
3345 5884
3344 5884
3343 5885
3342 5886
3341 5886
3340 5887
3339 5888
3338 5889
3337 5890
3336 5890
3335 5891
3334 5892
3333 5892
3332 5893
3331 5893
3330 5894
3329 5894
3328 5894
3327 5894
3326 5895
3325 5896
3324 5896
3323 5896
3322 5897
3321 5898
3320 5898
3319 5898
3318 5899
3317 5900
3316 5900
3315 5900
3314 5901
3313 5901
3312 5901
3311 5901
3310 5902
3309 5902
3308 5902
3307 5902
3306 5903
3305 5903
3304 5903
3303 5903
3302 5904
3301 5904
3300 5904
3299 5904
3298 5905
3297 5905
3296 5905
3295 5905
3294 5905
3293 5905
3292 5905
3291 5905
3290 5905
3289 5905
3288 5906
3287 5906
3286 5906
3285 5906
3284 5907
3283 5907
3282 5907
3281 5907
3280 5908
3279 5908
3278 5908
3277 5908
3276 5909
3275 5909
3274 5909
3273 5909
3272 5910
3271 5910
3270 5910
3269 5910
3268 5911
3267 5911
3266 5911
3265 5911
3264 5911
3263 5911
3262 5911
3261 5911
3260 5912
3259 5912
3258 5912
3257 5912
3256 5913
3255 5913
3254 5914
3253 5914
3252 5914
3251 5914
3250 5915
3249 5915
3248 5916
3247 5916
3246 5916
3245 5916
3244 5917
3243 5917
3242 5918
3241 5918
3240 5918
3239 5918
3238 5919
3237 5920
3236 5920
3235 5920
3234 5921
3233 5922
3232 5922
3231 5922
3230 5923
3229 5924
3228 5924
3227 5924
3226 5925
3225 5926
3224 5926
3223 5926
3222 5927
3221 5928
3220 5928
3219 5928
3218 5929
3217 5930
3216 5930
3215 5930
3214 5931
3213 5932
3212 5932
3211 5932
3210 5933
3209 5934
3208 5934
3207 5934
3206 5935
3205 5936
3204 5937
3203 5937
3202 5938
3201 5938
3200 5939
3199 5940
3198 5941
3197 5941
3196 5942
3195 5942
3194 5943
3193 5944
3192 5944
3191 5944
3190 5945
3189 5946
3188 5946
3187 5946
3186 5947
3185 5948
3184 5948
3183 5948
3182 5949
3181 5950
3180 5950
3179 5950
3178 5951
3177 5952
3176 5952
3175 5952
3174 5953
3173 5953
3172 5954
3171 5954
3170 5954
3169 5954
3168 5955
3167 5956
3166 5956
3165 5956
3164 5957
3163 5958
3162 5958
3161 5958
3160 5959
3159 5960
3158 5960
3157 5960
3156 5961
3155 5962
3154 5962
3153 5962
3152 5963
3151 5964
3150 5965
3149 5966
3148 5966
3147 5967
3146 5968
3145 5968
3144 5969
3143 5970
3142 5971
3141 5972
3140 5972
3140 5973
3139 5974
3138 5974
3137 5975
3136 5976
3135 5976
3134 5977
3133 5978
3132 5979
3131 5980
3130 5980
3129 5981
3128 5982
3127 5982
3126 5983
3125 5984
3124 5985
3123 5985
3122 5986
3121 5986
3120 5987
3119 5988
3118 5988
3117 5988
3116 5989
3115 5990
3114 5991
3113 5991
3112 5992
3111 5992
3110 5993
3109 5994
3108 5994
3107 5994
3106 5995
3105 5996
3104 5997
3103 5997
3102 5998
3101 5998
3100 5999
3099 6000
3098 6000
3097 6000
3096 6001
3095 6002
3094 6003
3093 6003
3092 6004
3091 6004
3090 6005
3089 6006
3088 6006
3087 6006
3086 6007
3085 6008
3084 6009
3083 6009
3082 6010
3081 6010
3080 6011
3079 6012
3078 6012
3077 6012
3076 6013
3075 6014
3074 6015
3073 6015
3072 6016
3071 6016
3070 6017
3069 6018
3068 6019
3067 6019
3066 6020
3065 6020
3064 6021
3063 6022
3062 6023
3061 6023
3060 6024
3059 6024
3058 6025
3057 6026
3056 6027
3055 6028
3054 6028
3053 6029
3052 6030
3051 6030
3050 6031
3049 6032
3048 6033
3047 6034
3046 6034
3046 6035
3045 6036
3044 6036
3043 6037
3042 6038
3041 6038
3040 6039
3039 6040
3038 6041
3037 6042
3036 6042
3035 6043
3034 6044
3033 6044
3032 6045
3031 6046
3030 6047
3029 6048
3028 6048
3028 6049
3027 6050
3026 6050
3026 6051
3025 6052
3024 6052
3024 6053
3023 6054
3022 6054
3022 6055
3021 6056
3020 6056
3019 6057
3018 6058
3017 6058
3016 6059
3015 6060
3014 6061
3013 6062
3012 6062
3012 6063
3011 6064
3010 6064
3010 6065
3009 6066
3008 6066
3008 6067
3007 6068
3006 6068
3005 6069
3004 6070
3003 6070
3002 6071
3001 6072
3000 6073
2999 6074
2998 6074
2998 6075
2997 6076
2996 6076
2995 6077
2994 6078
2993 6078
2992 6079
2991 6080
2990 6081
2989 6082
2988 6082
2987 6083
2986 6084
2985 6084
2984 6085
2983 6086
2982 6087
2981 6087
2980 6088
2979 6088
2978 6089
2977 6090
2976 6091
2975 6092
2974 6092
2973 6093
2972 6094
2971 6094
2970 6095
2969 6096
2968 6097
2967 6098
2966 6098
2965 6099
2964 6100
2963 6100
2962 6101
2961 6102
2960 6103
2959 6103
2958 6104
2957 6104
2956 6105
2955 6106
2954 6107
2953 6108
2952 6108
2952 6109
2951 6110
2950 6110
2950 6111
2949 6112
2948 6112
2948 6113
2947 6114
2946 6114
2946 6115
2945 6116
2944 6116
2944 6117
2943 6118
2942 6118
2942 6119
2941 6120
2940 6120
2940 6121
2939 6122
2938 6122
2938 6123
2937 6124
2936 6124
2936 6125
2935 6126
2934 6126
2934 6127
2933 6128
2932 6128
2932 6129
2931 6130
2930 6130
2930 6131
2929 6132
2928 6132
2928 6133
2927 6134
2926 6134
2926 6135
2925 6136
2924 6136
2924 6137
2923 6138
2922 6138
2922 6139
2921 6140
2920 6140
2920 6141
2919 6142
2918 6142
2918 6143
2917 6144
2916 6145
2915 6146
2914 6147
2914 6148
2913 6149
2912 6150
2912 6151
2911 6152
2910 6153
2909 6154
2908 6155
2908 6156
2907 6157
2907 6158
2906 6159
2905 6160
2904 6161
2904 6162
2903 6163
2902 6164
2902 6165
2901 6166
2900 6167
2899 6168
2898 6169
2898 6170
2897 6171
2896 6172
2896 6173
2895 6174
2894 6175
2893 6176
2892 6177
2892 6178
2892 6179
2892 6180
2891 6181
2891 6182
2891 6183
2891 6184
2891 6185
2891 6186
2891 6187
2891 6188
2892 6189
2892 6190
2892 6191
2892 6192
2893 6193
2893 6194
2894 6195
2894 6196
2894 6197
2894 6198
2895 6199
2896 6200
2896 6201
2896 6202
2897 6203
2897 6204
2898 6205
2898 6206
2898 6207
2898 6208
2899 6209
2899 6210
2899 6211
2899 6212
2899 6213
2899 6214
2899 6215
2899 6216
2899 6217
2899 6218
2899 6219
2899 6220
2899 6221
2899 6222
2899 6223
2899 6224
2899 6225
2899 6226
2900 6227
2900 6228
2900 6229
2900 6230
2901 6231
2902 6232
2902 6233
2902 6234
2903 6235
2904 6236
2904 6237
2904 6238
2905 6239
2906 6240
2907 6241
2908 6242
2908 6243
2909 6243
2910 6244
2910 6245
2911 6245
2912 6246
2912 6247
2913 6247
2914 6248
2914 6249
2915 6250
2916 6251
2916 6252
2917 6253
2918 6254
2919 6255
2920 6256
2920 6257
2921 6257
2922 6258
2922 6259
2923 6259
2924 6260
2924 6261
2925 6262
2926 6263
2926 6264
2927 6265
2928 6266
2928 6267
2928 6268
2929 6269
2930 6270
2930 6271
2930 6272
2931 6273
2932 6274
2932 6275
2932 6276
2933 6277
2934 6278
2934 6279
2934 6280
2935 6281
2936 6282
2937 6283
2937 6284
2938 6285
2938 6286
2939 6287
2940 6288
2940 6289
2940 6290
2941 6291
2942 6292
2942 6293
2942 6294
2943 6295
2944 6296
2944 6297
2944 6298
2945 6299
2946 6300
2946 6301
2946 6302
2947 6303
2948 6304
2948 6305
2948 6306
2949 6307
2950 6308
2951 6309
2951 6310
2952 6311
2952 6312
2953 6313
2954 6314
2954 6315
2954 6316
2955 6317
2956 6318
2956 6319
2956 6320
2957 6321
2958 6322
2958 6323
2958 6324
2959 6325
2960 6326
2960 6327
2960 6328
2961 6329
2962 6330
2962 6331
2962 6332
2963 6333
2964 6334
2964 6335
2964 6336
2965 6337
2966 6338
2966 6339
2966 6340
2967 6341
2967 6342
2968 6343
2968 6344
2968 6345
2968 6346
2969 6347
2970 6348
2970 6349
2970 6350
2971 6351
2972 6352
2973 6353
2973 6354
2974 6355
2974 6356
2975 6357
2976 6358
2977 6359
2978 6360
2978 6361
2979 6362
2980 6363
2980 6364
2981 6365
2982 6366
2983 6367
2984 6368
2984 6369
2985 6369
2986 6370
2986 6371
2987 6371
2988 6372
2988 6373
2989 6373
2990 6374
2990 6375
2991 6375
2992 6376
2992 6377
2993 6377
2994 6378
2994 6379
2995 6379
2996 6380
2996 6381
2997 6381
2998 6382
2999 6383
3000 6383
3001 6384
3002 6384
3003 6385
3004 6385
3005 6386
3006 6387
3007 6387
3008 6388
3008 6389
3009 6389
3010 6390
3011 6391
3012 6391
3013 6392
3014 6392
3015 6393
3016 6393
3017 6394
3018 6395
3019 6395
3020 6396
3020 6397
3021 6397
3022 6398
3022 6399
3023 6399
3024 6400
3025 6401
3026 6402
3027 6403
3028 6403
3029 6404
3030 6404
3031 6405
3032 6406
3033 6407
3034 6407
3035 6408
3036 6408
3037 6409
3038 6410
3039 6411
3040 6411
3041 6411
3042 6412
3043 6413
3044 6413
3045 6413
3046 6413
3047 6414
3048 6414
3049 6415
3050 6415
3051 6415
3052 6416
3053 6417
3054 6417
3055 6417
3056 6418
3057 6419
3058 6419
3059 6420
3060 6420
3061 6421
3062 6422
3063 6423
3064 6423
3065 6424
3066 6424
3067 6425
3068 6426
3069 6427
3070 6427
3071 6428
3072 6429
3073 6429
3074 6430
3075 6431
3076 6432
3077 6433
3078 6433
3079 6434
3080 6435
3081 6435
3082 6436
3082 6437
3083 6437
3084 6438
3084 6439
3085 6439
3086 6440
3087 6441
3088 6442
3089 6443
3090 6443
3091 6444
3092 6445
3093 6445
3094 6446
3095 6447
3096 6448
3097 6449
3098 6449
3099 6450
3100 6450
3101 6451
3102 6452
3103 6453
3104 6453
3105 6453
3106 6454
3107 6455
3108 6455
3109 6455
3110 6455
3111 6456
3112 6456
3113 6457
3114 6457
3115 6457
3116 6457
3117 6458
3118 6458
3119 6458
3120 6458
3121 6458
3122 6458
3123 6458
3124 6458
3125 6459
3126 6459
3127 6459
3128 6459
3129 6460
3130 6460
3131 6460
3132 6460
3133 6460
3134 6460
3135 6460
3136 6460
3137 6460
3138 6460
3139 6460
3140 6460
3141 6460
3142 6460
3143 6460
3144 6460
3145 6460
3146 6460
3147 6460
3148 6460
3149 6460
3150 6460
3151 6460
3152 6460
3153 6460
3154 6460
3155 6460
3156 6460
3157 6460
3158 6460
3159 6460
3160 6460
3161 6460
3162 6460
3163 6460
3164 6460
3165 6460
3166 6460
3167 6461
3168 6461
3169 6461
3170 6461
3171 6462
3172 6462
3173 6462
3174 6462
3175 6462
3176 6462
3177 6463
3178 6463
3179 6463
3180 6463
3181 6464
3182 6464
3183 6464
3184 6464
3185 6464
3186 6464
3187 6464
3188 6464
3189 6464
3190 6464
3191 6465
3192 6465
3193 6465
3194 6465
3195 6466
3196 6466
3197 6466
3198 6466
3199 6467
3200 6467
3201 6467
3202 6467
3203 6468
3204 6468
3205 6468
3206 6468
3207 6469
3208 6469
3209 6469
3210 6469
3211 6470
3212 6470
3213 6470
3214 6470
3215 6471
3216 6471
3217 6472
3218 6472
3219 6473
3220 6473
3221 6474
3222 6474
3223 6474
3224 6474
3225 6475
3226 6475
3227 6475
3228 6476
3229 6477
3230 6477
3231 6477
3232 6477
3233 6478
3234 6478
3235 6478
3236 6478
3237 6478
3238 6478
3239 6478
3240 6478
3241 6478
3242 6478
3243 6478
3244 6478
3245 6478
3246 6478
3247 6478
3248 6478
3249 6478
3250 6478
3251 6478
3252 6478
3253 6478
3254 6478
3255 6478
3256 6478
3257 6479
3258 6479
3259 6479
3260 6479
3261 6480
3262 6480
3263 6480
3264 6480
3265 6480
3266 6480
3267 6480
3268 6480
3269 6480
3270 6480
3271 6480
3272 6480
3273 6480
3274 6480
3275 6480
3276 6480
3277 6480
3278 6480
3279 6480
3280 6480
3281 6480
3282 6480
3283 6480
3284 6480
3285 6481
3286 6481
3287 6481
3288 6481
3289 6482
3290 6482
3291 6482
3292 6482
3293 6482
3294 6482
3295 6482
3296 6482
3297 6482
3298 6482
3299 6482
3300 6482
3301 6483
3302 6483
3303 6483
3304 6483
3305 6484
3306 6484
3307 6484
3308 6484
3309 6485
3310 6485
3311 6485
3312 6485
3313 6486
3314 6486
3315 6487
3316 6487
3317 6487
3318 6487
3319 6488
3320 6488
3321 6488
3322 6488
3323 6488
3324 6488
3325 6488
3326 6488
3327 6488
3328 6488
3329 6488
3330 6488
3331 6488
3332 6488
3333 6488
3334 6488
3335 6488
3336 6488
3337 6488
3338 6488
3339 6489
3340 6489
3341 6489
3342 6490
3343 6491
3344 6491
3345 6491
3346 6491
3347 6492
3348 6492
3349 6493
3350 6493
3351 6493
3352 6494
3353 6495
3354 6495
3355 6495
3356 6496
3357 6497
3358 6497
3359 6497
3360 6498
3361 6499
3362 6499
3363 6499
3364 6499
3365 6500
3366 6500
3367 6501
3368 6501
3369 6501
3370 6502
3371 6503
3372 6503
3373 6503
3374 6504
3375 6505
3376 6505
3377 6506
3378 6506
3379 6507
3380 6508
3381 6509
3382 6509
3383 6510
3384 6510
3385 6511
3386 6512
3387 6513
3388 6513
3389 6513
3390 6514
3391 6515
3392 6515
3393 6515
3394 6516
3395 6517
3396 6517
3397 6518
3398 6519
3399 6519
3400 6520
3400 6521
3401 6521
3402 6522
3402 6523
3403 6523
3404 6524
3404 6525
3405 6525
3406 6526
3406 6527
3407 6527
3408 6528
3408 6529
3409 6530
3410 6531
3410 6532
3411 6533
3412 6534
3413 6535
3414 6536
3414 6537
3415 6537
3416 6538
3416 6539
3417 6539
3418 6540
3418 6541
3419 6541
3420 6542
3420 6543
3421 6543
3422 6544
3422 6545
3423 6545
3424 6546
3424 6547
3425 6547
3426 6548
3426 6549
3427 6549
3428 6550
3428 6551
3429 6551
3430 6552
3430 6553
3431 6553
3432 6554
3432 6555
3433 6555
3434 6556
3434 6557
3435 6557
3436 6558
3436 6559
3437 6559
3438 6560
3438 6561
3439 6561
3440 6562
3440 6563
3441 6563
3442 6564
3442 6565
3443 6565
3444 6566
3444 6567
3445 6567
3446 6568
3446 6569
3447 6569
3448 6570
3448 6571
3449 6571
3450 6572
3451 6573
3452 6574
3453 6575
3454 6575
3455 6576
3456 6576
3457 6577
3458 6578
3459 6579
3460 6579
3461 6579
3462 6580
3463 6581
3464 6581
3465 6582
3466 6582
3467 6583
3468 6584
3469 6585
3470 6585
3471 6586
3472 6587
3473 6587
3474 6588
3474 6589
3475 6589
3476 6590
3476 6591
3477 6591
3478 6592
3479 6593
3480 6594
3481 6595
3482 6595
3483 6596
3484 6597
3485 6597
3486 6598
3486 6599
3487 6599
3488 6600
3488 6601
3489 6601
3490 6602
3490 6603
3491 6603
3492 6604
3492 6605
3493 6605
3494 6606
3494 6607
3495 6607
3496 6608
3496 6609
3497 6609
3498 6610
3498 6611
3499 6611
3500 6612
3501 6613
3502 6614
3503 6615
3504 6615
3505 6615
3506 6616
3507 6617
3508 6617
3509 6617
3510 6618
3511 6619
3512 6619
3513 6619
3514 6619
3515 6620
3516 6620
3517 6621
3518 6621
3519 6621
3520 6621
3521 6622
3522 6622
3523 6623
3524 6623
3525 6623
3526 6624
3527 6625
3528 6625
3529 6625
3530 6625
3531 6626
3532 6626
3533 6627
3534 6627
3535 6627
3536 6627
3537 6628
3538 6628
3539 6629
3540 6629
3541 6629
3542 6629
3543 6630
3544 6630
3545 6630
3546 6630
3547 6630
3548 6630
3549 6631
3550 6631
3551 6631
3552 6631
3553 6632
3554 6632
3555 6632
3556 6632
3557 6632
3558 6632
3559 6633
3560 6633
3561 6633
3562 6633
3563 6634
3564 6634
3565 6635
3566 6635
3567 6635
3568 6635
3569 6636
3570 6636
3571 6636
3572 6636
3573 6637
3574 6637
3575 6637
3576 6637
3577 6638
3578 6638
3579 6638
3580 6638
3581 6639
3582 6639
3583 6639
3584 6640
3585 6641
3586 6641
3587 6641
3588 6642
3589 6643
3590 6643
3591 6644
3592 6644
3593 6645
3594 6646
3595 6647
3596 6647
3597 6647
3598 6648
3599 6649
3600 6649
3601 6649
3602 6650
3603 6651
3604 6651
3605 6651
3606 6652
3607 6653
3608 6653
3609 6653
3610 6654
3611 6655
3612 6655
3613 6656
3614 6656
3615 6657
3616 6658
3617 6659
3618 6659
3619 6659
3620 6659
3621 6660
3622 6660
3623 6661
3624 6661
3625 6661
3626 6661
3627 6662
3628 6662
3629 6663
3630 6663
3631 6663
3632 6663
3633 6664
3634 6664
3635 6664
3636 6664
3637 6664
3638 6664
3639 6664
3640 6664
3641 6664
3642 6664
3643 6664
3644 6664
3645 6664
3646 6664
3647 6663
3648 6663
3649 6663
3650 6663
3651 6662
3652 6662
3653 6662
3654 6662
3655 6662
3656 6662
3657 6662
3658 6662
3659 6662
3660 6662
3661 6662
3662 6662
3663 6662
3664 6662
3665 6662
3666 6662
3667 6662
3668 6662
3669 6662
3670 6662
3671 6662
3672 6662
3673 6662
3674 6662
3675 6662
3676 6662
3677 6662
3678 6662
3679 6662
3680 6662
3681 6662
3682 6662
3683 6662
3684 6662
3685 6662
3686 6662
3687 6662
3688 6662
3689 6661
3690 6661
3691 6661
3692 6661
3693 6660
3694 6659
3695 6659
3696 6659
3697 6658
3698 6658
3699 6657
3700 6657
3701 6657
3702 6657
3703 6656
3704 6655
3705 6655
3706 6655
3707 6654
3708 6654
3709 6654
3710 6654
3711 6653
3712 6653
3713 6653
3714 6653
3715 6652
3716 6651
3717 6651
3718 6651
3719 6650
3720 6649
3721 6649
3722 6649
3723 6648
3724 6647
3725 6647
3726 6647
3727 6646
3728 6646
3729 6646
3730 6646
3731 6646
3732 6646
3733 6646
3734 6646
3735 6647
3736 6647
3737 6647
3738 6647
3739 6648
3740 6648
3741 6649
3742 6649
3743 6649
3744 6649
3745 6650
3746 6650
3747 6650
3748 6650
3749 6651
3750 6651
3751 6651
3752 6652
3753 6653
3754 6653
3755 6653
3756 6653
3757 6654
3758 6654
3759 6655
3760 6655
3761 6656
3762 6656
3763 6657
3764 6658
3765 6659
3766 6659
3767 6659
3768 6659
3769 6660
3770 6660
3771 6661
3772 6661
3773 6661
3774 6661
3775 6662
3776 6662
3777 6663
3778 6663
3779 6663
3780 6663
3781 6664
3782 6664
3783 6665
3784 6665
3785 6665
3786 6665
3787 6666
3788 6666
3789 6667
3790 6667
3791 6667
3792 6667
3793 6668
3794 6668
3795 6669
3796 6669
3797 6669
3798 6669
3799 6670
3800 6670
3801 6670
3802 6670
3803 6671
3804 6671
3805 6671
3806 6672
3807 6673
3808 6673
3809 6673
3810 6673
3811 6674
3812 6674
3813 6674
3814 6674
3815 6675
3816 6675
3817 6675
3818 6675
3819 6676
3820 6676
3821 6677
3822 6677
3823 6677
3824 6678
3825 6679
3826 6679
3827 6679
3828 6680
3829 6681
3830 6681
3831 6681
3832 6682
3833 6683
3834 6683
3835 6683
3836 6684
3837 6685
3838 6685
3839 6685
3840 6686
3841 6687
3842 6687
3843 6687
3844 6688
3845 6689
3846 6689
3847 6689
3848 6690
3849 6691
3850 6691
3851 6691
3852 6692
3853 6693
3854 6693
3855 6693
3856 6694
3857 6695
3858 6695
3859 6696
3860 6696
3861 6697
3862 6698
3863 6699
3864 6699
3865 6699
3866 6700
3867 6701
3868 6701
3869 6701
3870 6702
3871 6703
3872 6703
3873 6703
3874 6703
3875 6704
3876 6704
3877 6704
3878 6704
3879 6704
3880 6704
3881 6705
3882 6705
3883 6705
3884 6705
3885 6706
3886 6706
3887 6706
3888 6706
3889 6706
3890 6706
3891 6707
3892 6707
3893 6707
3894 6707
3895 6708
3896 6708
3897 6708
3898 6708
3899 6708
3900 6708
3901 6708
3902 6708
3903 6708
3904 6708
3905 6708
3906 6708
3907 6708
3908 6708
3909 6709
3910 6709
3911 6709
3912 6709
3913 6710
3914 6710
3915 6710
3916 6710
3917 6710
3918 6710
3919 6710
3920 6710
3921 6710
3922 6710
3923 6711
3924 6711
3925 6711
3926 6711
3927 6712
3928 6712
3929 6712
3930 6712
3931 6712
3932 6712
3933 6712
3934 6712
3935 6712
3936 6712
3937 6712
3938 6712
3939 6712
3940 6712
3941 6712
3942 6712
3943 6712
3944 6712
3945 6712
3946 6712
3947 6712
3948 6712
3949 6713
3950 6713
3951 6713
3952 6713
3953 6714
3954 6714
3955 6714
3956 6714
3957 6714
3958 6714
3959 6714
3960 6714
3961 6714
3962 6714
3963 6714
3964 6714
3965 6714
3966 6714
3967 6714
3968 6714
3969 6714
3970 6714
3971 6714
3972 6714
3973 6714
3974 6714
3975 6714
3976 6714
3977 6714
3978 6714
3979 6714
3980 6714
3981 6714
3982 6714
3983 6714
3984 6714
3985 6715
3986 6715
3987 6715
3988 6715
3989 6716
3990 6716
3991 6716
3992 6716
3993 6717
3994 6717
3995 6717
3996 6717
3997 6718
3998 6718
3999 6718
4000 6718
4001 6719
4002 6719
4003 6719
4004 6719
4005 6720
4006 6720
4007 6721
4008 6721
4009 6721
4010 6721
4011 6722
4012 6722
4013 6722
4014 6722
4015 6722
4016 6722
4017 6723
4018 6723
4019 6723
4020 6723
4021 6724
4022 6724
4023 6724
4024 6724
4025 6724
4026 6724
4027 6725
4028 6725
4029 6725
4030 6725
4031 6726
4032 6726
4033 6726
4034 6726
4035 6726
4036 6726
4037 6726
4038 6726
4039 6726
4040 6726
4041 6725
4042 6725
4043 6725
4044 6725
4045 6724
4046 6724
4047 6724
4048 6724
4049 6724
4050 6724
4051 6724
4052 6724
4053 6724
4054 6724
4055 6724
4056 6724
4057 6724
4058 6724
4059 6724
4060 6724
4061 6724
4062 6724
4063 6724
4064 6724
4065 6724
4066 6724
4067 6724
4068 6724
4069 6724
4070 6724
4071 6724
4072 6724
4073 6724
4074 6724
4075 6724
4076 6724
4077 6724
4078 6724
4079 6724
4080 6724
4081 6724
4082 6724
4083 6724
4084 6724
4085 6724
4086 6724
4087 6724
4088 6724
4089 6724
4090 6724
4091 6724
4092 6724
4093 6724
4094 6724
4095 6724
4096 6724
4097 6724
4098 6724
4099 6724
4100 6724
4101 6724
4102 6724
4103 6724
4104 6724
4105 6724
4106 6724
4107 6724
4108 6724
4109 6725
4110 6725
4111 6725
4112 6725
4113 6726
4114 6726
4115 6727
4116 6727
4117 6727
4118 6727
4119 6728
4120 6728
4121 6728
4122 6728
4123 6729
4124 6729
4125 6729
4126 6729
4127 6730
4128 6730
4129 6731
4130 6731
4131 6731
4132 6731
4133 6732
4134 6732
4135 6732
4136 6732
4137 6732
4138 6732
4139 6732
4140 6732
4141 6732
4142 6732
4143 6732
4144 6732
4145 6732
4146 6732
4147 6732
4148 6732
4149 6732
4150 6732
4151 6732
4152 6732
4153 6732
4154 6732
4155 6732
4156 6732
4157 6732
4158 6732
4159 6732
4160 6732
4161 6732
4162 6732
4163 6731
4164 6731
4165 6731
4166 6731
4167 6730
4168 6730
4169 6730
4170 6730
4171 6729
4172 6729
4173 6729
4174 6729
4175 6728
4176 6728
4177 6728
4178 6728
4179 6728
4180 6728
4181 6727
4182 6727
4183 6727
4184 6727
4185 6726
4186 6726
4187 6726
4188 6726
4189 6725
4190 6725
4191 6725
4192 6725
4193 6724
4194 6724
4195 6723
4196 6723
4197 6723
4198 6723
4199 6722
4200 6722
4201 6722
4202 6722
4203 6722
4204 6722
4205 6722
4206 6722
4207 6722
4208 6722
4209 6722
4210 6722
4211 6722
4212 6722
4213 6721
4214 6721
4215 6721
4216 6721
4217 6720
4218 6720
4219 6720
4220 6720
4221 6720
4222 6720
4223 6720
4224 6720
4225 6720
4226 6720
4227 6720
4228 6720
4229 6720
4230 6720
4231 6720
4232 6720
4233 6720
4234 6720
4235 6720
4236 6720
4237 6720
4238 6720
4239 6720
4240 6720
4241 6721
4242 6721
4243 6721
4244 6721
4245 6722
4246 6722
4247 6722
4248 6722
4249 6722
4250 6722
4251 6723
4252 6723
4253 6723
4254 6723
4255 6724
4256 6724
4257 6725
4258 6725
4259 6725
4260 6726
4261 6727
4262 6727
4263 6727
4264 6728
4265 6729
4266 6729
4267 6729
4268 6730
4269 6731
4270 6731
4271 6731
4272 6732
4273 6733
4274 6733
4275 6734
4276 6734
4277 6735
4278 6736
4279 6737
4280 6737
4281 6737
4282 6738
4283 6739
4284 6739
4285 6739
4286 6739
4287 6740
4288 6740
4289 6740
4290 6740
4291 6741
4292 6741
4293 6741
4294 6741
4295 6742
4296 6742
4297 6743
4298 6743
4299 6743
4300 6743
4301 6744
4302 6744
4303 6745
4304 6745
4305 6745
4306 6745
4307 6746
4308 6746
4309 6746
4310 6746
4311 6747
4312 6747
4313 6747
4314 6747
4315 6748
4316 6748
4317 6749
4318 6749
4319 6749
4320 6749
4321 6750
4322 6750
4323 6751
4324 6751
4325 6751
4326 6752
4327 6753
4328 6753
4329 6753
4330 6753
4331 6754
4332 6754
4333 6755
4334 6755
4335 6755
4336 6756
4337 6757
4338 6757
4339 6757
4340 6758
4341 6759
4342 6759
4343 6759
4344 6760
4345 6761
4346 6761
4347 6761
4348 6761
4349 6762
4350 6762
4351 6763
4352 6763
4353 6763
4354 6764
4355 6765
4356 6765
4357 6765
4358 6765
4359 6766
4360 6766
4361 6766
4362 6766
4363 6766
4364 6766
4365 6766
4366 6766
4367 6767
4368 6767
4369 6767
4370 6767
4371 6768
4372 6768
4373 6768
4374 6768
4375 6768
4376 6768
4377 6768
4378 6768
4379 6768
4380 6768
4381 6768
4382 6768
4383 6768
4384 6768
4385 6769
4386 6769
4387 6769
4388 6769
4389 6770
4390 6770
4391 6771
4392 6771
4393 6771
4394 6771
4395 6772
4396 6772
4397 6772
4398 6772
4399 6772
4400 6772
4401 6773
4402 6773
4403 6773
4404 6773
4405 6774
4406 6774
4407 6775
4408 6775
4409 6775
4410 6775
4411 6776
4412 6776
4413 6776
4414 6776
4415 6776
4416 6776
4417 6777
4418 6777
4419 6777
4420 6777
4421 6778
4422 6778
4423 6779
4424 6779
4425 6779
4426 6779
4427 6780
4428 6780
4429 6780
4430 6780
4431 6780
4432 6780
4433 6780
4434 6780
4435 6780
4436 6780
4437 6780
4438 6780
4439 6780
4440 6780
4441 6780
4442 6780
4443 6780
4444 6780
4445 6780
4446 6780
4447 6780
4448 6780
4449 6780
4450 6780
4451 6780
4452 6780
4453 6780
4454 6780
4455 6780
4456 6780
4457 6780
4458 6780
4459 6780
4460 6780
4461 6780
4462 6780
4463 6780
4464 6780
4465 6780
4466 6780
4467 6780
4468 6780
4469 6780
4470 6780
4471 6780
4472 6780
4473 6780
4474 6780
4475 6780
4476 6780
4477 6780
4478 6780
4479 6780
4480 6780
4481 6780
4482 6780
4483 6780
4484 6780
4485 6780
4486 6780
4487 6779
4488 6779
4489 6779
4490 6779
4491 6778
4492 6778
4493 6777
4494 6777
4495 6777
4496 6777
4497 6776
4498 6776
4499 6776
4500 6776
4501 6775
4502 6775
4503 6775
4504 6775
4505 6774
4506 6774
4507 6773
4508 6773
4509 6773
4510 6773
4511 6772
4512 6771
4513 6771
4514 6771
4515 6770
4516 6770
4517 6769
4518 6769
4519 6768
4520 6768
4521 6767
4522 6767
4523 6766
4524 6765
4525 6765
4526 6765
4527 6764
4528 6763
4529 6763
4530 6763
4531 6762
4532 6761
4533 6761
4534 6761
4535 6760
4536 6759
4537 6759
4538 6759
4539 6758
4540 6757
4541 6757
4542 6757
4543 6756
4544 6755
4545 6754
4546 6754
4547 6753
4548 6753
4549 6752
4550 6751
4551 6751
4552 6751
4553 6750
4554 6749
4555 6749
4556 6749
4557 6748
4558 6747
4559 6747
4560 6747
4561 6746
4562 6745
4563 6745
4564 6745
4565 6744
4566 6744
4567 6743
4568 6743
4569 6743
4570 6743
4571 6742
4572 6742
4573 6742
4574 6742
4575 6742
4576 6742
4577 6741
4578 6741
4579 6741
4580 6741
4581 6740
4582 6740
4583 6740
4584 6740
4585 6740
4586 6740
4587 6740
4588 6740
4589 6740
4590 6740
4591 6739
4592 6739
4593 6739
4594 6739
4595 6738
4596 6738
4597 6737
4598 6737
4599 6737
4600 6737
4601 6736
4602 6736
4603 6735
4604 6735
4605 6735
4606 6735
4607 6734
4608 6733
4609 6733
4610 6733
4611 6732
4612 6732
4613 6732
4614 6732
4615 6731
4616 6731
4617 6731
4618 6731
4619 6730
4620 6730
4621 6729
4622 6729
4623 6729
4624 6729
4625 6728
4626 6728
4627 6727
4628 6727
4629 6727
4630 6727
4631 6726
4632 6725
4633 6725
4634 6725
4635 6724
4636 6723
4637 6723
4638 6723
4639 6722
4640 6721
4641 6720
4642 6719
4643 6719
4643 6718
4644 6717
4645 6717
4645 6716
4646 6715
4647 6715
4648 6714
4649 6713
4650 6713
4651 6712
4652 6711
4653 6710
4654 6710
4655 6709
4656 6709
4657 6708
4658 6707
4659 6706
4660 6706
4661 6705
4662 6705
4663 6704
4664 6703
4665 6702
4666 6702
4667 6701
4668 6701
4669 6700
4670 6699
4671 6699
4672 6699
4673 6698
4674 6698
4675 6697
4676 6697
4677 6697
4678 6697
4679 6696
4680 6696
4681 6696
4682 6696
4683 6695
4684 6695
4685 6695
4686 6695
4687 6694
4688 6694
4689 6694
4690 6694
4691 6694
4692 6694
4693 6694
4694 6694
4695 6694
4696 6694
4697 6694
4698 6694
4699 6694
4700 6694
4701 6694
4702 6694
4703 6694
4704 6694
4705 6694
4706 6694
4707 6694
4708 6694
4709 6694
4710 6694
4711 6694
4712 6694
4713 6694
4714 6694
4715 6694
4716 6694
4717 6694
4718 6694
4719 6694
4720 6694
4721 6694
4722 6694
4723 6694
4724 6694
4725 6694
4726 6694
4727 6694
4728 6694
4729 6694
4730 6694
4731 6694
4732 6694
4733 6694
4734 6694
4735 6694
4736 6694
4737 6694
4738 6694
4739 6694
4740 6694
4741 6694
4742 6694
4743 6694
4744 6694
4745 6694
4746 6694
4747 6694
4748 6694
4749 6694
4750 6694
4751 6694
4752 6694
4753 6694
4754 6694
4755 6694
4756 6694
4757 6694
4758 6694
4759 6695
4760 6695
4761 6695
4762 6695
4763 6696
4764 6696
4765 6696
4766 6696
4767 6696
4768 6696
4769 6696
4770 6696
4771 6696
4772 6696
4773 6695
4774 6695
4775 6695
4776 6695
4777 6694
4778 6694
4779 6694
4780 6694
4781 6694
4782 6694
4783 6694
4784 6694
4785 6694
4786 6694
4787 6694
4788 6694
4789 6693
4790 6693
4791 6693
4792 6693
4793 6692
4794 6692
4795 6692
4796 6692
4797 6692
4798 6692
4799 6692
4800 6692
4801 6692
4802 6692
4803 6692
4804 6692
4805 6693
4806 6693
4807 6693
4808 6693
4809 6694
4810 6694
4811 6694
4812 6694
4813 6694
4814 6694
4815 6694
4816 6694
4817 6694
4818 6694
4819 6694
4820 6694
4821 6694
4822 6694
4823 6694
4824 6694
4825 6694
4826 6694
4827 6695
4828 6695
4829 6695
4830 6695
4831 6696
4832 6696
4833 6696
4834 6696
4835 6696
4836 6696
4837 6696
4838 6696
4839 6696
4840 6696
4841 6696
4842 6696
4843 6696
4844 6696
4845 6696
4846 6696
4847 6696
4848 6696
4849 6696
4850 6696
4851 6696
4852 6696
4853 6696
4854 6696
4855 6696
4856 6696
4857 6696
4858 6696
4859 6696
4860 6696
4861 6697
4862 6697
4863 6697
4864 6697
4865 6698
4866 6698
4867 6698
4868 6698
4869 6698
4870 6698
4871 6698
4872 6698
4873 6698
4874 6698
4875 6698
4876 6698
4877 6699
4878 6699
4879 6699
4880 6699
4881 6700
4882 6700
4883 6700
4884 6700
4885 6701
4886 6701
4887 6701
4888 6701
4889 6702
4890 6702
4891 6702
4892 6702
4893 6702
4894 6702
4895 6702
4896 6702
4897 6702
4898 6702
4899 6703
4900 6703
4901 6703
4902 6703
4903 6704
4904 6704
4905 6704
4906 6704
4907 6704
4908 6704
4909 6704
4910 6704
4911 6705
4912 6705
4913 6705
4914 6705
4915 6706
4916 6706
4917 6706
4918 6706
4919 6706
4920 6706
4921 6706
4922 6706
4923 6706
4924 6706
4925 6706
4926 6706
4927 6706
4928 6706
4929 6706
4930 6706
4931 6707
4932 6707
4933 6707
4934 6707
4935 6708
4936 6708
4937 6708
4938 6708
4939 6708
4940 6708
4941 6708
4942 6708
4943 6708
4944 6708
4945 6708
4946 6708
4947 6708
4948 6708
4949 6708
4950 6708
4951 6707
4952 6707
4953 6707
4954 6707
4955 6706
4956 6706
4957 6706
4958 6706
4959 6706
4960 6706
4961 6706
4962 6706
4963 6706
4964 6706
4965 6706
4966 6706
4967 6706
4968 6706
4969 6706
4970 6706
4971 6706
4972 6706
4973 6706
4974 6706
4975 6706
4976 6706
4977 6706
4978 6706
4979 6706
4980 6706
4981 6706
4982 6706
4983 6706
4984 6706
4985 6706
4986 6706
4987 6706
4988 6706
4989 6706
4990 6706
4991 6706
4992 6706
4993 6706
4994 6706
4995 6706
4996 6706
4997 6705
4998 6705
4999 6705
5000 6705
5001 6704
5002 6704
5003 6704
5004 6704
5005 6704
5006 6704
5007 6704
5008 6704
5009 6704
5010 6704
5011 6704
5012 6704
5013 6703
5014 6703
5015 6703
5016 6703
5017 6702
5018 6702
5019 6701
5020 6701
5021 6701
5022 6701
5023 6700
5024 6700
5025 6699
5026 6699
5027 6699
5028 6699
5029 6698
5030 6697
5031 6697
5032 6697
5033 6696
5034 6696
5035 6695
5036 6695
5037 6694
5038 6694
5039 6693
5040 6693
5041 6692
5042 6691
5043 6691
5044 6691
5045 6690
5046 6689
5047 6689
5048 6689
5049 6688
5050 6687
5051 6686
5052 6686
5053 6685
5054 6685
5055 6684
5056 6683
5057 6683
5058 6683
5059 6682
5060 6681
5061 6681
5062 6681
5063 6680
5064 6679
5065 6679
5066 6679
5067 6678
5068 6677
5069 6677
5070 6677
5071 6676
5072 6675
5073 6675
5074 6675
5075 6674
5076 6673
5077 6673
5078 6673
5079 6672
5080 6672
5081 6672
5082 6672
5083 6671
5084 6671
5085 6671
5086 6671
5087 6670
5088 6670
5089 6670
5090 6670
5091 6669
5092 6669
5093 6669
5094 6669
5095 6668
5096 6668
5097 6668
5098 6668
5099 6667
5100 6667
5101 6667
5102 6667
5103 6666
5104 6665
5105 6665
5106 6665
5107 6664
5108 6663
5109 6663
5110 6663
5111 6662
5112 6661
5113 6660
5114 6659
5115 6659
5115 6658
5116 6657
5117 6657
5117 6656
5118 6655
5119 6655
5119 6654
5120 6653
5121 6653
5121 6652
5122 6651
5123 6651
5123 6650
5124 6649
5125 6649
5125 6648
5126 6647
5127 6646
5128 6645
5129 6644
5129 6643
5130 6642
5131 6641
5131 6640
5132 6639
5133 6639
5133 6638
5134 6637
5135 6636
5136 6635
5137 6634
5137 6633
5138 6632
5139 6631
5139 6630
5140 6629
5141 6629
5142 6628
5143 6627
5144 6627
5145 6626
5146 6625
5147 6624
5148 6623
5149 6623
5149 6622
5150 6621
5151 6621
5152 6620
5153 6619
5154 6619
5155 6618
5156 6617
5157 6617
5158 6617
5159 6616
5160 6615
5161 6615
5162 6615
5163 6614
5164 6613
5165 6613
5166 6613
5167 6612
5168 6612
5169 6612
5170 6612
5171 6612
5172 6612
5173 6612
5174 6612
5175 6612
5176 6612
5177 6612
5178 6612
5179 6612
5180 6612
5181 6612
5182 6612
5183 6613
5184 6613
5185 6613
5186 6613
5187 6614
5188 6614
5189 6615
5190 6615
5191 6615
5192 6615
5193 6616
5194 6616
5195 6617
5196 6617
5197 6617
5198 6617
5199 6618
5200 6618
5201 6618
5202 6618
5203 6618
5204 6618
5205 6619
5206 6619
5207 6619
5208 6619
5209 6620
5210 6620
5211 6620
5212 6620
5213 6620
5214 6620
5215 6620
5216 6620
5217 6620
5218 6620
5219 6620
5220 6620
5221 6619
5222 6619
5223 6619
5224 6619
5225 6618
5226 6618
5227 6618
5228 6618
5229 6617
5230 6617
5231 6617
5232 6617
5233 6616
5234 6616
5235 6615
5236 6615
5237 6614
5238 6614
5239 6613
5240 6613
5241 6612
5242 6612
5243 6611
5244 6611
5245 6610
5246 6610
5247 6609
5248 6609
5249 6608
5250 6607
5251 6606
5252 6605
5253 6605
5253 6604
5254 6603
5255 6602
5256 6601
5257 6600
5257 6599
5257 6598
5258 6597
5259 6596
5259 6595
5259 6594
5259 6593
5260 6592
5260 6591
5261 6590
5261 6589
5261 6588
5261 6587
5262 6586
5262 6585
5263 6584
5263 6583
5263 6582
5264 6581
5265 6580
5265 6579
5265 6578
5265 6577
5266 6576
5266 6575
5266 6574
5266 6573
5266 6572
5266 6571
5266 6570
5266 6569
5266 6568
5266 6567
5266 6566
5266 6565
5266 6564
5266 6563
5266 6562
5266 6561
5267 6560
5267 6559
5267 6558
5267 6557
5268 6556
5268 6555
5269 6554
5269 6553
5269 6552
5270 6551
5271 6550
5271 6549
5271 6548
5272 6547
5273 6546
5273 6545
5273 6544
5274 6543
5275 6542
5275 6541
5275 6540
5276 6539
5277 6538
5277 6537
5277 6536
5278 6535
5279 6534
5279 6533
5279 6532
5280 6531
5281 6530
5281 6529
5281 6528
5282 6527
5283 6526
5283 6525
5284 6524
5284 6523
5285 6522
5285 6521
5286 6520
5286 6519
5286 6518
5286 6517
5287 6516
5287 6515
5287 6514
5287 6513
5288 6512
5288 6511
5289 6510
5289 6509
5289 6508
5289 6507
5290 6506
5290 6505
5291 6504
5291 6503
5291 6502
5291 6501
5292 6500
5292 6499
5293 6498
5293 6497
5293 6496
5293 6495
5294 6494
5294 6493
5295 6492
5295 6491
5295 6490
5296 6489
5297 6488
5297 6487
5297 6486
5297 6485
5298 6484
5298 6483
5299 6482
5299 6481
5299 6480
5299 6479
5300 6478
5300 6477
5300 6476
5300 6475
5300 6474
5300 6473
5300 6472
5300 6471
5300 6470
5300 6469
5301 6468
5301 6467
5301 6466
5301 6465
5302 6464
5302 6463
5302 6462
5302 6461
5302 6460
5302 6459
5302 6458
5302 6457
5302 6456
5302 6455
5302 6454
5302 6453
5302 6452
5302 6451
5302 6450
5302 6449
5302 6448
5302 6447
5302 6446
5302 6445
5303 6444
5303 6443
5303 6442
5303 6441
5304 6440
5304 6439
5304 6438
5304 6437
5305 6436
5305 6435
5305 6434
5306 6433
5307 6432
5307 6431
5307 6430
5307 6429
5308 6428
5308 6427
5309 6426
5309 6425
5309 6424
5310 6423
5311 6422
5311 6421
5311 6420
5311 6419
5312 6418
5312 6417
5313 6416
5313 6415
5313 6414
5313 6413
5314 6412
5314 6411
5314 6410
5314 6409
5314 6408
5314 6407
5314 6406
5314 6405
5315 6404
5315 6403
5315 6402
5315 6401
5316 6400
5316 6399
5316 6398
5316 6397
5316 6396
5316 6395
5316 6394
5316 6393
5316 6392
5316 6391
5316 6390
5316 6389
5317 6388
5317 6387
5317 6386
5317 6385
5318 6384
5318 6383
5318 6382
5318 6381
5318 6380
5318 6379
5318 6378
5318 6377
5318 6376
5318 6375
5318 6374
5318 6373
5318 6372
5318 6371
5318 6370
5318 6369
5318 6368
5318 6367
5318 6366
5318 6365
5319 6364
5319 6363
5319 6362
5319 6361
5320 6360
5320 6359
5320 6358
5320 6357
5320 6356
5320 6355
5320 6354
5320 6353
5320 6352
5320 6351
5320 6350
5320 6349
5320 6348
5320 6347
5320 6346
5320 6345
5320 6344
5320 6343
5319 6342
5319 6341
5319 6340
5319 6339
5318 6338
5318 6337
5318 6336
5318 6335
5318 6334
5318 6333
5318 6332
5318 6331
5318 6330
5318 6329
5318 6328
5318 6327
5318 6326
5318 6325
5318 6324
5318 6323
5318 6322
5318 6321
5318 6320
5318 6319
5318 6318
5318 6317
5318 6316
5318 6315
5318 6314
5318 6313
5318 6312
5318 6311
5318 6310
5318 6309
5318 6308
5318 6307
5318 6306
5318 6305
5318 6304
5318 6303
5318 6302
5318 6301
5317 6300
5317 6299
5317 6298
5317 6297
5316 6296
5316 6295
5315 6294
5315 6293
5314 6292
5313 6291
5313 6290
5312 6289
5311 6288
5311 6287
5310 6286
5309 6285
5309 6284
5309 6283
5308 6282
5307 6281
5307 6280
5307 6279
5306 6278
5306 6277
5305 6276
5305 6275
5305 6274
5305 6273
5304 6272
5304 6271
5303 6270
5303 6269
5303 6268
5303 6267
5302 6266
5301 6265
5301 6264
5301 6263
5300 6262
5299 6261
5299 6260
5299 6259
5298 6258
5297 6257
5296 6256
5296 6255
5295 6254
5295 6253
5294 6252
5293 6251
5292 6250
5291 6249
5291 6248
5290 6248
5289 6247
5289 6246
5288 6246
5287 6245
5287 6244
5286 6244
5285 6243
5285 6242
5284 6241
5283 6240
5283 6239
5282 6238
5282 6237
5282 6236
5282 6235
5281 6234
5281 6233
5281 6232
5281 6231
5280 6230
5279 6229
5279 6228
5279 6227
5278 6226
5278 6225
5277 6224
5277 6223
5277 6222
5277 6221
5276 6220
5275 6219
5275 6218
5275 6217
5274 6216
5273 6215
5272 6214
5272 6213
5271 6212
5271 6211
5270 6210
5269 6209
5269 6208
5269 6207
5268 6206
5267 6205
5267 6204
5267 6203
5266 6202
5265 6201
5264 6200
5264 6199
5263 6198
5263 6197
5262 6196
5261 6195
5261 6194
5261 6193
5260 6192
5259 6191
5258 6190
5258 6189
5257 6188
5257 6187
5256 6186
5255 6185
5254 6184
5254 6183
5253 6182
5253 6181
5252 6180
5251 6179
5251 6178
5251 6177
5250 6176
5249 6175
5249 6174
5249 6173
5248 6172
5247 6171
5247 6170
5247 6169
5246 6168
5245 6167
5245 6166
5245 6165
5244 6164
5243 6163
5243 6162
5243 6161
5242 6160
5241 6159
5240 6158
5240 6157
5239 6156
5239 6155
5238 6154
5237 6153
5236 6152
5235 6151
5235 6150
5234 6150
5233 6149
5233 6148
5232 6147
5231 6146
5231 6145
5230 6144
5229 6143
5229 6142
5229 6141
5228 6140
5227 6139
5226 6138
5226 6137
5225 6136
5225 6135
5224 6134
5223 6133
5222 6132
5222 6131
5221 6130
5221 6129
5220 6128
5219 6127
5218 6126
5218 6125
5217 6124
5217 6123
5216 6122
5215 6121
5214 6120
5214 6119
5213 6118
5213 6117
5212 6116
5211 6115
5211 6114
5211 6113
5210 6112
5209 6111
5208 6110
5208 6109
5207 6108
5207 6107
5206 6106
5205 6105
5204 6104
5204 6103
5203 6102
5203 6101
5202 6100
5201 6099
5201 6098
5201 6097
5200 6096
5199 6095
5198 6094
5197 6093
5197 6092
5196 6092
5195 6091
5195 6090
5194 6090
5193 6089
5193 6088
5192 6087
5191 6086
5191 6085
5190 6084
5189 6083
5188 6082
5187 6081
5187 6080
5186 6080
5185 6079
5185 6078
5184 6078
5183 6077
5183 6076
5182 6076
5181 6075
5181 6074
5180 6074
5179 6073
5179 6072
5178 6071
5177 6070
5177 6069
5176 6068
5175 6067
5174 6066
5174 6065
5173 6064
5173 6063
5172 6062
5171 6061
5171 6060
5171 6059
5170 6058
5169 6057
5169 6056
5169 6055
5168 6054
5168 6053
5167 6052
5167 6051
5167 6050
5167 6049
5166 6048
5166 6047
5165 6046
5165 6045
5165 6044
5165 6043
5164 6042
5164 6041
5164 6040
5164 6039
5164 6038
5164 6037
5164 6036
5164 6035
5163 6034
5163 6033
5163 6032
5163 6031
5162 6030
5162 6029
5162 6028
5162 6027
5161 6026
5161 6025
5161 6024
5161 6023
5160 6022
5160 6021
5160 6020
5160 6019
5160 6018
5160 6017
5160 6016
5160 6015
5159 6014
5159 6013
5159 6012
5159 6011
5158 6010
5158 6009
5158 6008
5158 6007
5157 6006
5157 6005
5157 6004
5157 6003
5156 6002
5156 6001
5155 6000
5155 5999
5155 5998
5155 5997
5154 5996
5154 5995
5153 5994
5153 5993
5153 5992
5153 5991
5152 5990
5151 5989
5151 5988
5151 5987
5150 5986
5150 5985
5149 5984
5149 5983
5149 5982
5149 5981
5148 5980
5147 5979
5147 5978
5147 5977
5146 5976
5145 5975
5145 5974
5145 5973
5144 5972
5144 5971
5143 5970
5143 5969
5143 5968
5143 5967
5142 5966
5142 5965
5141 5964
5141 5963
5141 5962
5141 5961
5140 5960
5140 5959
5140 5958
5140 5957
5140 5956
5140 5955
5140 5954
5140 5953
5140 5952
5140 5951
5140 5950
5140 5949
5140 5948
5140 5947
5139 5946
5139 5945
5139 5944
5139 5943
5138 5942
5138 5941
5138 5940
5138 5939
5137 5938
5137 5937
5137 5936
5137 5935
5136 5934
5135 5933
5135 5932
5135 5931
5134 5930
5133 5929
5133 5928
5133 5927
5132 5926
5131 5925
5130 5924
5129 5923
5129 5922
5128 5922
5127 5921
5127 5920
5126 5920
5125 5919
5125 5918
5124 5918
5123 5917
5123 5916
5122 5916
5121 5915
5121 5914
5120 5914
5119 5913
5118 5912
5117 5911
5116 5910
5115 5910
5114 5910
5113 5909
5112 5908
5111 5908
5110 5908
5109 5907
5108 5906
5107 5906
5106 5906
5105 5906
5104 5905
5103 5905
5102 5904
5101 5904
5100 5904
5099 5904
5098 5903
5097 5903
5096 5902
5095 5902
5094 5902
5093 5902
5092 5901
5091 5901
5090 5901
5089 5901
5088 5901
5087 5901
5086 5901
5085 5901
5084 5901
5083 5901
5082 5901
5081 5901
5080 5901
5079 5901
5078 5901
5077 5901
5076 5901
5075 5901
5074 5901
5073 5901
5072 5901
5071 5901
5070 5901
5069 5901
5068 5901
5067 5901
5066 5901
5065 5901
5064 5901
5063 5901
5062 5901
5061 5901
5060 5901
5059 5901
5058 5901
5057 5901
5056 5901
5055 5901
5054 5900
5053 5900
5052 5900
5051 5900
5050 5899
5049 5899
5048 5899
5047 5899
5046 5899
5045 5899
5044 5898
5043 5898
5042 5898
5041 5897
5040 5896
5039 5896
5038 5895
5037 5894
5036 5894
5035 5893
5034 5892
5033 5891
5032 5890
5031 5890
5030 5889
5029 5889
5028 5888
5027 5887
5026 5886
5025 5886
5024 5885
5023 5884
5022 5884
5021 5883
5021 5882
5020 5882
5019 5881
5019 5880
5018 5880
5017 5879
5017 5878
5016 5878
5015 5877
5015 5876
5014 5876
5013 5875
5013 5874
5012 5874
5011 5873
5011 5872
5010 5872
5009 5871
5009 5870
5008 5870
5007 5869
5007 5868
5006 5868
5005 5867
5005 5866
5004 5866
5003 5865
5003 5864
5002 5864
5001 5863
5001 5862
5000 5862
4999 5861
4999 5860
4998 5860
4997 5859
4997 5858
4996 5857
4995 5856
4995 5855
4994 5854
4993 5853
4993 5852
4993 5851
4992 5850
4991 5849
4990 5848
4990 5847
4989 5846
4989 5845
4988 5844
4987 5843
4986 5842
4986 5841
4985 5840
4985 5839
4984 5838
4983 5837
4983 5836
4983 5835
4982 5834
4981 5833
4981 5832
4981 5831
4980 5830
4979 5829
4978 5828
4978 5827
4977 5826
4977 5825
4976 5824
4975 5823
4975 5822
4975 5821
4974 5820
4973 5819
4973 5818
4973 5817
4972 5816
4971 5815
4971 5814
4971 5813
4970 5812
4969 5811
4968 5810
4968 5809
4967 5808
4967 5807
4966 5806
4965 5805
4964 5804
4963 5803
4963 5802
4962 5802
4961 5801
4961 5800
4960 5800
4959 5799
4959 5798
4958 5797
4957 5796
4957 5795
4956 5794
4955 5793
4954 5792
4953 5791
4953 5790
4952 5790
4951 5789
4951 5788
4950 5788
4949 5787
4949 5786
4948 5786
4947 5785
4947 5784
4946 5784
4945 5783
4945 5782
4944 5782
4943 5781
4943 5780
4942 5780
4941 5779
4941 5778
4940 5778
4939 5777
4939 5776
4938 5776
4937 5775
4937 5774
4936 5774
4935 5773
4935 5772
4934 5772
4933 5771
4933 5770
4932 5770
4931 5769
4931 5768
4930 5768
4929 5767
4929 5766
4928 5766
4927 5765
4926 5764
4925 5763
4924 5762
4923 5762
4922 5761
4921 5761
4920 5760
4919 5760
4918 5759
4917 5759
4916 5758
4915 5758
4914 5758
4913 5757
4912 5756
4911 5756
4910 5756
4909 5755
4908 5754
4907 5754
4906 5754
4905 5754
4904 5753
4903 5753
4902 5752
4901 5752
4900 5752
4899 5751
4898 5750
4897 5750
4896 5750
4895 5749
4894 5748
4893 5748
4892 5748
4891 5747
4890 5746
4889 5746
4888 5745
4887 5745
4886 5744
4885 5743
4884 5742
4883 5742
4882 5742
4881 5741
4880 5740
4879 5740
4878 5740
4877 5740
4876 5739
4875 5739
4874 5738
4873 5738
4872 5738
4871 5738
4870 5737
4869 5737
4868 5736
4867 5736
4866 5735
4865 5735
4864 5734
4863 5733
4862 5732
4861 5732
4860 5731
4859 5731
4858 5730
4857 5729
4856 5728
4855 5728
4854 5728
4853 5727
4852 5726
4851 5726
4850 5726
4849 5725
4848 5724
4847 5724
4846 5724
4845 5723
4844 5722
4843 5722
4842 5721
4841 5721
4840 5720
4839 5719
4838 5718
4837 5718
4836 5718
4835 5718
4834 5717
4833 5717
4832 5716
4831 5716
4830 5716
4829 5715
4828 5714
4827 5714
4826 5714
4825 5713
4824 5712
4823 5712
4822 5712
4821 5712
4820 5711
4819 5711
4818 5711
4817 5711
4816 5710
4815 5710
4814 5710
4813 5710
4812 5709
4811 5709
4810 5708
4809 5708
4808 5708
4807 5708
4806 5707
4805 5707
4804 5706
4803 5706
4802 5706
4801 5706
4800 5705
4799 5705
4798 5704
4797 5704
4796 5704
4795 5703
4794 5702
4793 5702
4792 5702
4791 5702
4790 5701
4789 5701
4788 5700
4787 5700
4786 5700
4785 5699
4784 5698
4783 5698
4782 5697
4781 5696
4780 5696
4779 5695
4779 5694
4778 5694
4777 5693
4776 5692
4775 5691
4774 5690
4773 5690
4772 5689
4771 5689
4770 5688
4769 5687
4768 5686
4767 5686
4766 5685
4765 5685
4764 5684
4763 5683
4762 5682
4761 5682
4760 5681
4759 5680
4758 5680
4757 5679
4756 5678
4755 5677
4754 5676
4753 5676
4752 5675
4751 5674
4750 5674
4749 5673
4749 5672
4748 5672
4747 5671
4747 5670
4746 5670
4745 5669
4745 5668
4744 5668
4743 5667
4743 5666
4742 5666
4741 5665
4741 5664
4740 5664
4739 5663
4739 5662
4738 5662
4737 5661
4737 5660
4736 5660
4735 5659
4735 5658
4734 5658
4733 5657
4733 5656
4732 5656
4731 5655
4730 5654
4729 5653
4728 5652
4727 5652
4726 5651
4725 5651
4724 5650
4723 5649
4722 5648
4721 5648
4720 5648
4719 5648
4718 5647
4717 5647
4716 5646
4715 5646
4714 5646
4713 5645
4712 5644
4711 5644
4710 5644
4709 5644
4708 5643
4707 5643
4706 5643
4705 5643
4704 5643
4703 5643
4702 5643
4701 5643
4700 5643
4699 5643
4698 5643
4697 5643
4696 5643
4695 5643
4694 5643
4693 5643
4692 5643
4691 5643
4690 5643
4689 5643
4688 5643
4687 5643
4686 5643
4685 5643
4684 5643
4683 5643
4682 5643
4681 5643
4680 5643
4679 5643
4678 5643
4677 5643
4676 5643
4675 5643
4674 5643
4673 5643
4672 5643
4671 5643
4670 5643
4669 5643
4668 5643
4667 5643
4666 5643
4665 5643
4664 5643
4663 5643
4662 5643
4661 5643
4660 5643
4659 5643
4658 5643
4657 5643
4656 5644
4655 5644
4654 5644
4653 5644
4652 5645
4651 5645
4650 5645
4649 5645
4648 5644
4647 5644
4646 5644
4645 5644
4644 5643
4643 5643
4642 5643
4641 5643
4640 5643
4639 5643
4638 5643
4637 5643
4636 5643
4635 5643
4634 5643
4633 5643
4632 5643
4631 5643
4630 5643
4629 5643
4628 5643
4627 5643
4626 5642
4625 5642
4624 5642
4623 5642
4622 5641
4621 5641
4620 5640
4619 5640
4618 5640
4617 5640
4616 5639
4615 5639
4614 5639
4613 5639
4612 5639
4611 5639
4610 5639
4609 5639
4608 5639
4607 5639
4606 5639
4605 5639
4604 5638
4603 5638
4602 5638
4601 5638
4600 5637
4599 5637
4598 5637
4597 5637
4596 5637
4595 5637
4594 5636
4593 5636
4592 5636
4591 5636
4590 5635
4589 5635
4588 5635
4587 5635
4586 5635
4585 5635
4584 5635
4583 5635
4582 5635
4581 5635
4580 5635
4579 5635
4578 5635
4577 5635
4576 5635
4575 5635
4574 5635
4573 5635
4572 5635
4571 5635
4570 5635
4569 5635
4568 5635
4567 5635
4566 5635
4565 5635
4564 5635
4563 5635
4562 5635
4561 5635
4560 5635
4559 5635
4558 5635
4557 5635
4556 5635
4555 5635
4554 5635
4553 5635
4552 5635
4551 5635
4550 5635
4549 5635
4548 5635
4547 5635
4546 5635
4545 5635
4544 5635
4543 5635
4542 5635
4541 5635
4540 5635
4539 5635
4538 5635
4537 5635
4536 5635
4535 5635
4534 5635
4533 5635
4532 5635
4531 5635
4530 5635
4529 5635
4528 5635
4527 5635
4526 5635
4525 5635
4524 5635
4523 5635
4522 5635
4521 5635
4520 5635
4519 5635
4518 5635
4517 5635
4516 5635
4515 5635
4514 5635
4513 5635
4512 5636
4511 5636
4510 5636
4509 5636
4508 5637
4507 5637
4506 5637
4505 5637
4504 5637
4503 5637
4502 5637
4501 5637
4500 5637
4499 5637
4498 5637
4497 5637
4496 5637
4495 5637
4494 5637
4493 5637
4492 5637
4491 5637
4490 5637
4489 5637
4488 5637
4487 5637
4486 5637
4485 5637
4484 5637
4483 5637
4482 5637
4481 5637
4480 5637
4479 5637
4478 5637
4477 5637
4476 5637
4475 5637
4474 5637
4473 5637
4472 5637
4471 5637
4470 5637
4469 5637
4468 5637
4467 5637
4466 5637
4465 5637
4464 5637
4463 5637
4462 5637
4461 5637
4460 5637
4459 5637
4458 5638
4457 5638
4456 5638
4455 5638
4454 5639
4453 5639
4452 5639
4451 5639
4450 5639
4449 5639
4448 5639
4447 5639
4446 5639
4445 5639
4444 5639
4443 5639
4442 5639
4441 5639
4440 5639
4439 5639
4438 5639
4437 5639
4436 5639
4435 5639
4434 5640
4433 5640
4432 5640
4431 5640
4430 5641
4429 5641
4428 5641
4427 5641
4426 5641
4425 5641
4424 5641
4423 5641
4422 5641
4421 5641
4420 5641
4419 5641
4418 5641
4417 5641
4416 5641
4415 5641
4414 5641
4413 5641
4412 5642
4411 5642
4410 5642
4409 5642
4408 5643
4407 5643
4406 5643
4405 5643
4404 5643
4403 5643
4402 5643
4401 5643
4400 5644
4399 5644
4398 5644
4397 5644
4396 5645
4395 5645
4394 5646
4393 5646
4392 5646
4391 5646
4390 5647
4389 5647
4388 5648
4387 5648
4386 5648
4385 5648
4384 5649
4383 5650
4382 5650
4381 5650
4380 5651
4379 5652
4378 5652
4377 5652
4376 5653
4375 5654
4374 5654
4373 5654
4372 5655
4371 5655
4370 5655
4369 5655
4368 5656
4367 5656
4366 5656
4365 5656
4364 5657
4363 5658
4362 5658
4361 5658
4360 5659
4359 5659
4358 5659
4357 5659
4356 5659
4355 5659
4354 5660
4353 5660
4352 5660
4351 5660
4350 5661
4349 5661
4348 5661
4347 5661
4346 5661
4345 5661
4344 5661
4343 5661
4342 5661
4341 5661
4340 5661
4339 5661
4338 5661
4337 5661
4336 5662
4335 5662
4334 5662
4333 5662
4332 5663
4331 5663
4330 5663
4329 5663
4328 5664
4327 5664
4326 5664
4325 5664
4324 5665
4323 5665
4322 5665
4321 5665
4320 5665
4319 5665
4318 5665
4317 5665
4316 5665
4315 5665
4314 5665
4313 5665
4312 5665
4311 5665
4310 5665
4309 5665
4308 5665
4307 5665
4306 5666
4305 5666
4304 5666
4303 5666
4302 5667
4301 5667
4300 5667
4299 5667
4298 5668
4297 5668
4296 5668
4295 5668
4294 5669
4293 5669
4292 5669
4291 5669
4290 5669
4289 5669
4288 5669
4287 5669
4286 5670
4285 5670
4284 5670
4283 5670
4282 5671
4281 5671
4280 5671
4279 5671
4278 5671
4277 5671
4276 5671
4275 5671
4274 5671
4273 5671
4272 5671
4271 5671
4270 5671
4269 5671
4268 5671
4267 5671
4266 5671
4265 5671
4264 5671
4263 5671
4262 5671
4261 5671
4260 5671
4259 5671
4258 5671
4257 5671
4256 5671
4255 5671
4254 5671
4253 5671
4252 5671
4251 5671
4250 5671
4249 5671
4248 5671
4247 5671
4246 5671
4245 5671
4244 5671
4243 5671
4242 5671
4241 5671
4240 5671
4239 5671
4238 5671
4237 5671
4236 5671
4235 5671
4234 5671
4233 5671
4232 5671
4231 5671
4230 5671
4229 5671
4228 5671
4227 5671
4226 5671
4225 5671
4224 5671
4223 5671
4222 5671
4221 5671
4220 5671
4219 5671
4218 5671
4217 5671
4216 5671
4215 5671
4214 5671
4213 5671
4212 5671
4211 5671
4210 5671
4209 5671
4208 5671
4207 5671
4206 5671
4205 5671
4204 5671
4203 5671
4202 5671
4201 5671
4200 5671
4199 5671
4198 5671
4197 5671
4196 5671
4195 5671
4194 5671
4193 5671
4192 5670
4191 5670
4190 5670
4189 5670
4188 5669
4187 5669
4186 5669
4185 5669
4184 5668
4183 5668
4182 5668
4181 5668
4180 5667
4179 5667
4178 5667
4177 5667
4176 5667
4175 5667
4174 5667
4173 5667
4172 5667
4171 5667
4170 5667
4169 5667
4168 5667
4167 5667
4166 5667
4165 5667
4164 5667
4163 5667
4162 5666
4161 5666
4160 5666
4159 5666
4158 5665
4157 5665
4156 5665
4155 5665
4154 5664
4153 5664
4152 5664
4151 5664
4150 5663
4149 5663
4148 5663
4147 5663
4146 5662
4145 5662
4144 5662
4143 5662
4142 5661
4141 5661
4140 5661
4139 5661
4138 5660
4137 5660
4136 5660
4135 5659
4134 5658
4133 5658
4132 5658
4131 5658
4130 5657
4129 5657
4128 5656
4127 5656
4126 5656
4125 5655
4124 5654
4123 5654
4122 5654
4121 5653
4120 5652
4119 5652
4118 5652
4117 5651
4116 5650
4115 5650
4114 5650
4113 5649
4112 5648
4111 5648
4110 5647
4109 5647
4108 5646
4107 5645
4106 5644
4105 5644
4104 5644
4103 5643
4102 5642
4101 5642
4100 5642
4099 5641
4098 5640
4097 5640
4096 5640
4095 5639
4094 5638
4093 5638
4092 5637
4091 5636
4090 5636
4089 5635
4089 5634
4088 5634
4087 5633
4086 5632
4085 5631
4084 5630
4083 5630
4082 5629
4081 5628
4080 5628
4079 5627
4079 5626
4078 5626
4077 5625
4077 5624
4076 5624
4075 5623
4075 5622
4074 5622
4073 5621
4073 5620
4072 5619
4071 5618
4071 5617
4070 5616
4069 5615
4069 5614
4069 5613
4068 5612
4067 5611
4066 5610
4065 5609
4065 5608
4064 5608
4063 5607
4063 5606
4062 5606
4061 5605
4061 5604
4060 5604
4059 5603
4059 5602
4058 5602
4057 5601
4057 5600
4056 5600
4055 5599
4055 5598
4054 5598
4053 5597
4053 5596
4052 5595
4051 5594
4051 5593
4050 5592
4049 5591
4048 5590
4047 5589
4047 5588
4046 5588
4045 5587
4045 5586
4044 5586
4043 5585
4043 5584
4042 5584
4041 5583
4041 5582
4040 5582
4039 5581
4039 5580
4038 5580
4037 5579
4037 5578
4036 5578
4035 5577
4034 5576
4033 5575
4032 5574
4031 5574
4030 5573
4029 5573
4028 5572
4027 5572
4026 5571
4025 5571
4024 5570
4023 5570
4022 5570
4021 5570
4020 5569
4019 5569
4018 5569
4017 5569
4016 5569
4015 5569
4014 5569
4013 5569
4012 5569
4011 5569
4010 5569
4009 5569
4008 5569
4007 5569
