602 958
601 959
600 959
599 960
598 960
597 960
596 960
595 960
594 960
593 960
592 960
591 960
590 960
589 960
588 961
587 961
586 962
585 962
584 962
583 963
582 963
581 963
580 963
579 964
578 964
577 965
576 965
575 965
574 965
573 965
572 965
571 965
570 966
569 966
568 966
567 966
566 966
565 966
564 966
563 966
562 966
561 966
560 966
559 966
558 967
557 967
557 968
556 969
556 970
556 971
556 972
556 973
557 974
557 975
558 976
558 977
559 977
560 978
561 979
562 980
563 981
564 982
565 983
566 983
567 984
568 985
569 986
570 987
571 988
572 989
573 990
574 990
575 990
576 991
577 992
578 992
579 992
580 993
581 993
582 993
583 994
584 994
585 994
586 994
587 995
588 995
589 994
590 994
591 993
592 993
593 992
594 992
595 992
596 992
597 991
598 991
599 990
600 990
601 990
602 989
603 989
604 989
605 989
606 988
607 988
608 988
609 987
610 987
611 987
612 986
613 986
614 986
615 986
616 985
617 985
618 985
619 985
620 985
621 985
622 985
623 986
624 986
625 986
626 986
627 986
628 986
628 985
628 984
628 983
628 982
628 981
628 980
628 979
629 978
629 977
629 976
630 975
631 974
631 973
631 972
631 971
631 970
631 969
631 968
631 967
631 966
630 965
630 964
630 963
630 962
629 961
628 961
627 960
626 959
625 958
624 958
623 958
622 958
621 958
620 958
619 958
618 958
617 958
616 958
615 958
614 958
613 958
612 958
611 958
610 958
609 958
608 958
607 958
606 958
605 958
604 958
603 958
602 958
