103 1818
102 1819
101 1820
100 1820
99 1821
98 1822
97 1823
96 1824
96 1825
95 1826
95 1827
94 1828
94 1829
93 1830
93 1831
92 1832
92 1833
92 1834
92 1835
92 1836
92 1837
92 1838
92 1839
92 1840
92 1841
92 1842
92 1843
92 1844
92 1845
91 1846
92 1847
92 1848
92 1849
93 1850
94 1851
94 1852
95 1853
96 1853
97 1854
98 1854
99 1855
100 1855
101 1855
102 1856
103 1857
104 1857
105 1857
106 1858
107 1858
108 1859
109 1859
110 1859
111 1860
112 1860
113 1861
114 1861
115 1861
116 1862
117 1862
118 1862
119 1863
120 1863
121 1863
122 1863
123 1864
124 1864
125 1864
126 1865
127 1865
128 1865
129 1865
130 1865
131 1865
132 1866
133 1866
134 1866
135 1867
136 1867
137 1868
138 1868
139 1868
140 1869
141 1869
142 1870
143 1870
144 1870
145 1870
146 1870
147 1871
148 1871
149 1871
150 1872
151 1872
152 1872
153 1872
154 1872
155 1873
156 1874
157 1874
158 1874
159 1874
160 1874
161 1874
162 1874
163 1874
164 1874
165 1873
166 1873
167 1873
168 1873
169 1873
170 1873
171 1874
172 1874
173 1874
174 1874
175 1874
176 1874
177 1874
178 1874
179 1874
180 1874
181 1874
182 1874
183 1873
184 1873
185 1873
186 1873
187 1873
188 1872
189 1872
190 1872
191 1871
192 1871
193 1871
194 1870
195 1870
196 1870
197 1870
198 1869
199 1869
200 1869
201 1869
202 1869
203 1868
204 1868
205 1867
206 1866
207 1865
208 1864
209 1863
210 1862
211 1862
212 1861
213 1861
214 1860
215 1859
216 1859
217 1858
218 1858
219 1857
220 1857
221 1856
222 1856
223 1856
224 1856
225 1855
225 1854
226 1853
226 1852
226 1851
226 1850
226 1849
226 1848
226 1847
226 1846
226 1845
226 1844
226 1843
225 1842
225 1841
225 1840
224 1839
223 1838
222 1837
222 1836
222 1835
222 1834
221 1833
221 1832
220 1831
220 1830
219 1829
218 1828
217 1828
216 1828
215 1828
214 1828
213 1827
212 1827
211 1827
210 1827
209 1826
208 1825
207 1824
206 1823
205 1822
205 1821
204 1820
203 1820
202 1819
201 1818
200 1818
199 1818
198 1818
197 1818
196 1818
195 1818
194 1818
193 1818
192 1818
191 1818
190 1818
189 1818
188 1818
187 1818
186 1818
185 1818
184 1818
183 1818
182 1818
181 1818
180 1818
179 1818
178 1819
177 1819
176 1819
175 1819
174 1819
173 1819
172 1819
171 1819
170 1820
169 1820
168 1820
167 1820
166 1820
165 1820
164 1820
163 1821
162 1821
161 1821
160 1822
159 1822
158 1822
157 1823
156 1823
155 1823
154 1824
153 1824
152 1824
151 1824
150 1824
149 1824
148 1824
147 1824
146 1824
145 1824
144 1824
143 1824
142 1824
141 1824
140 1824
139 1824
138 1824
137 1823
136 1823
135 1823
134 1823
133 1822
132 1822
131 1822
130 1822
129 1822
128 1822
127 1822
126 1822
125 1821
124 1821
123 1821
122 1820
121 1820
120 1820
119 1820
118 1819
117 1819
116 1819
115 1818
114 1818
113 1818
112 1818
111 1818
110 1818
109 1818
108 1818
107 1818
106 1818
105 1818
104 1818
103 1818
