174 382
173 383
172 384
171 384
170 385
169 386
168 387
167 388
166 389
165 389
164 389
163 389
162 390
161 391
160 392
159 393
158 394
157 395
156 396
155 397
154 398
153 399
152 400
152 401
151 402
151 403
151 404
150 405
150 406
150 407
150 408
150 409
150 410
151 411
151 412
151 413
152 414
152 415
153 416
153 417
154 417
155 418
156 418
157 418
158 419
159 419
160 419
161 419
162 419
163 419
164 420
165 420
166 420
167 420
168 420
169 421
170 422
171 422
172 423
173 423
174 424
175 425
176 425
177 425
178 426
179 427
180 428
181 428
182 429
183 429
184 429
185 430
186 430
187 430
188 431
189 431
190 431
191 431
192 432
193 432
194 432
195 433
196 433
197 433
198 433
199 433
200 433
201 433
202 434
203 434
204 434
205 434
206 434
207 434
208 433
209 432
209 431
209 430
210 429
210 428
211 427
212 426
213 425
214 424
215 423
216 422
217 422
218 421
219 420
220 419
220 418
220 417
220 416
220 415
220 414
220 413
221 412
222 411
223 410
223 409
223 408
223 407
223 406
223 405
222 404
222 403
221 402
220 401
219 400
218 399
218 398
217 397
216 396
216 395
215 395
214 394
213 393
212 393
211 392
210 391
209 391
208 390
207 390
206 389
205 388
204 387
203 386
202 385
201 384
200 384
199 383
198 383
197 383
196 383
195 383
194 383
193 383
192 382
191 382
190 382
189 382
188 382
187 382
186 382
185 382
184 382
183 382
182 382
181 382
180 382
179 382
178 382
177 382
176 382
175 382
174 382
