224 307
223 308
222 308
221 309
220 309
219 310
218 311
217 312
216 313
215 314
214 315
214 316
213 317
212 318
211 319
211 320
210 321
210 322
209 323
208 324
207 325
207 326
207 327
206 328
206 329
206 330
206 331
206 332
206 333
206 334
206 335
206 336
206 337
206 338
206 339
206 340
206 341
206 342
206 343
206 344
206 345
206 346
206 347
206 348
206 349
206 350
206 351
206 352
206 353
206 354
206 355
206 356
206 357
206 358
206 359
206 360
206 361
206 362
206 363
206 364
206 365
206 366
206 367
206 368
206 369
206 370
206 371
206 372
206 373
206 374
206 375
206 376
205 377
205 378
205 379
205 380
205 381
204 382
204 383
204 384
204 385
203 386
203 387
202 388
202 389
201 390
201 391
201 392
200 393
200 394
200 395
200 396
200 397
200 398
200 399
200 400
200 401
200 402
200 403
200 404
200 405
200 406
200 407
200 408
200 409
200 410
201 411
201 412
201 413
202 414
202 415
201 416
202 417
202 418
203 419
204 420
205 421
206 422
207 422
208 423
209 424
210 425
211 425
212 425
213 425
214 425
215 425
216 425
217 425
218 425
219 425
220 425
221 425
222 425
223 425
224 425
225 425
226 425
227 425
228 424
229 424
230 424
231 424
232 424
233 424
234 424
235 424
236 424
237 424
238 424
239 423
240 423
241 423
242 423
243 423
244 422
245 422
246 422
247 421
248 421
249 421
250 421
251 421
252 421
253 421
254 420
255 420
256 419
257 419
258 419
259 419
260 419
261 419
262 419
263 419
264 419
265 419
266 419
267 419
268 419
269 419
270 419
271 419
272 419
273 419
274 419
275 419
276 419
277 419
278 419
279 419
280 418
281 418
282 417
283 416
284 415
285 414
286 413
287 412
288 411
289 410
290 409
291 408
292 407
293 407
294 407
295 406
296 406
297 406
298 405
299 405
300 405
301 405
302 405
303 405
304 405
305 405
306 405
307 405
308 405
309 405
310 405
311 405
312 405
313 405
314 405
315 405
316 405
317 405
318 405
319 405
320 405
321 405
322 405
323 405
324 405
325 405
326 405
327 405
328 404
329 404
330 404
331 404
332 403
333 403
334 402
335 402
336 402
337 401
338 401
339 401
340 400
341 400
342 400
343 399
344 398
345 397
346 397
347 396
348 396
349 396
350 395
351 395
351 394
352 393
352 392
352 391
353 390
354 389
354 388
355 387
356 386
357 385
357 384
357 383
358 382
358 381
358 380
358 379
359 378
359 377
359 376
359 375
359 374
359 373
359 372
359 371
359 370
359 369
359 368
359 367
359 366
359 365
359 364
359 363
358 362
357 361
356 360
356 359
355 358
355 357
355 356
354 355
353 354
352 353
351 352
350 351
349 350
348 349
347 348
346 347
346 346
345 345
344 344
343 343
342 342
341 341
340 340
339 339
338 338
337 337
336 336
335 335
334 335
333 334
332 334
331 333
330 333
329 333
328 333
327 333
326 332
325 332
324 332
323 332
322 331
321 331
320 331
319 331
318 331
317 331
316 331
315 331
314 331
313 331
312 331
311 331
310 331
309 331
308 331
307 331
306 330
305 330
304 330
303 329
302 329
301 329
300 329
299 329
298 329
297 329
296 329
295 329
294 329
293 329
292 329
291 329
290 329
289 329
288 329
287 329
286 328
285 328
284 328
283 328
282 328
281 328
280 328
279 327
278 327
277 327
276 326
275 326
274 326
273 326
272 326
271 326
270 326
269 325
268 325
267 325
266 324
265 324
264 323
263 323
262 323
261 323
260 323
259 322
258 322
257 321
256 321
255 321
254 321
253 321
252 320
251 320
250 320
249 319
248 319
247 318
246 318
245 318
244 317
243 317
242 316
241 316
240 315
239 315
238 314
237 313
236 312
235 311
234 310
233 310
232 310
231 309
230 309
229 308
228 308
227 308
226 308
225 308
224 307
