283 1395
282 1396
281 1396
280 1396
279 1396
278 1396
277 1396
276 1396
275 1396
274 1396
273 1396
272 1397
271 1397
270 1397
269 1397
268 1397
267 1397
266 1397
265 1397
264 1397
263 1397
262 1397
261 1397
260 1397
259 1397
258 1397
257 1397
256 1397
255 1397
254 1397
253 1397
252 1398
251 1398
250 1398
249 1398
248 1398
247 1398
246 1398
245 1398
244 1398
243 1398
242 1398
241 1398
240 1398
239 1398
238 1398
237 1398
236 1398
235 1398
234 1398
233 1398
232 1398
231 1398
230 1398
229 1398
228 1398
227 1398
226 1398
225 1398
224 1398
223 1398
222 1398
221 1398
220 1398
219 1398
218 1398
217 1398
216 1398
215 1398
214 1398
213 1398
212 1398
211 1398
210 1398
209 1398
208 1398
207 1398
206 1398
205 1398
204 1398
203 1398
202 1398
201 1398
200 1398
199 1398
198 1398
197 1398
196 1398
195 1398
194 1398
193 1398
192 1398
191 1398
190 1398
189 1398
188 1398
187 1398
186 1398
185 1398
184 1398
183 1398
182 1398
181 1398
180 1398
179 1398
178 1398
177 1398
176 1398
175 1398
174 1398
173 1399
172 1399
171 1399
170 1400
169 1400
168 1401
167 1402
166 1403
166 1404
165 1405
165 1406
165 1407
165 1408
165 1409
165 1410
165 1411
165 1412
166 1413
166 1414
167 1414
168 1415
169 1415
170 1415
171 1415
172 1415
173 1416
174 1416
175 1417
176 1417
177 1418
178 1418
179 1419
180 1420
181 1421
182 1421
183 1422
184 1423
185 1424
186 1425
187 1426
188 1427
189 1427
190 1428
191 1428
192 1429
193 1430
194 1430
195 1431
196 1432
197 1432
198 1433
199 1434
200 1434
201 1435
202 1435
203 1436
204 1436
205 1436
206 1436
207 1437
208 1437
209 1438
210 1439
211 1440
212 1440
213 1441
214 1441
215 1441
216 1441
217 1442
218 1442
219 1443
220 1444
221 1445
222 1445
223 1446
224 1446
225 1447
226 1448
227 1449
228 1449
229 1450
230 1450
231 1450
232 1450
233 1451
234 1451
235 1452
235 1453
236 1454
237 1455
238 1455
239 1456
240 1456
241 1456
242 1456
243 1456
244 1456
245 1456
246 1457
247 1457
248 1458
249 1458
250 1458
251 1458
252 1458
253 1459
254 1459
255 1459
256 1460
257 1460
258 1460
259 1460
260 1461
261 1461
262 1461
263 1461
264 1462
265 1462
266 1462
267 1462
268 1462
269 1462
270 1462
271 1462
272 1462
273 1462
274 1462
275 1462
276 1462
277 1462
278 1462
279 1462
280 1462
281 1462
282 1462
283 1462
284 1461
285 1461
286 1461
287 1461
288 1461
289 1461
290 1461
291 1461
292 1460
293 1460
294 1460
295 1460
296 1459
297 1459
298 1459
299 1460
300 1459
301 1459
302 1459
303 1459
304 1458
305 1458
306 1458
307 1457
308 1457
309 1457
310 1456
311 1456
312 1456
313 1456
314 1455
315 1454
316 1453
317 1452
318 1451
319 1450
320 1449
321 1449
322 1448
323 1448
324 1448
325 1448
326 1448
327 1447
328 1447
329 1446
330 1446
331 1446
332 1445
333 1445
334 1445
335 1444
336 1443
337 1442
338 1441
339 1440
340 1439
340 1438
341 1437
342 1436
342 1435
342 1434
342 1433
343 1432
343 1431
344 1430
345 1429
345 1428
345 1427
345 1426
344 1425
344 1424
344 1423
343 1422
343 1421
342 1420
341 1419
341 1418
340 1417
339 1416
338 1415
337 1414
336 1413
335 1412
334 1411
333 1410
332 1409
332 1408
331 1407
330 1406
329 1405
328 1404
327 1403
326 1402
325 1402
324 1401
323 1401
322 1401
321 1400
320 1400
319 1399
318 1399
317 1398
316 1398
315 1398
314 1398
313 1397
312 1397
311 1397
310 1397
309 1396
308 1396
307 1396
306 1395
305 1395
304 1395
303 1395
302 1395
301 1395
300 1395
299 1395
298 1395
297 1395
296 1395
295 1395
294 1395
293 1395
292 1395
291 1395
290 1395
289 1395
288 1395
287 1395
286 1395
285 1395
284 1395
283 1395
