848 1734
847 1735
846 1736
845 1736
844 1736
843 1736
842 1736
841 1736
840 1737
839 1737
838 1738
837 1739
836 1740
835 1740
834 1740
833 1740
832 1741
831 1741
830 1741
829 1742
828 1742
827 1743
826 1744
825 1744
824 1745
823 1745
822 1746
821 1746
820 1746
819 1747
818 1747
817 1748
816 1748
815 1749
814 1749
813 1749
812 1749
811 1749
810 1749
809 1750
808 1750
807 1751
806 1752
805 1753
804 1753
803 1753
802 1754
801 1754
801 1755
800 1756
800 1757
801 1758
801 1759
802 1760
803 1761
804 1761
805 1762
806 1762
807 1762
808 1762
809 1763
810 1763
811 1763
812 1763
813 1763
814 1763
815 1763
816 1764
817 1764
818 1764
819 1764
820 1765
821 1765
822 1765
823 1765
824 1765
825 1765
826 1765
827 1765
828 1765
829 1765
830 1766
831 1766
832 1766
833 1767
834 1767
835 1767
836 1767
837 1767
838 1767
839 1767
840 1767
841 1767
842 1767
843 1767
844 1768
845 1768
846 1768
847 1769
848 1769
849 1769
850 1769
851 1769
852 1769
853 1769
854 1769
855 1769
856 1769
857 1769
858 1769
859 1769
860 1769
861 1769
862 1769
863 1769
864 1769
865 1769
866 1769
867 1769
868 1769
869 1769
870 1769
871 1769
872 1769
873 1769
874 1769
875 1769
876 1769
877 1769
878 1769
879 1769
880 1769
881 1769
882 1769
883 1769
884 1769
885 1769
886 1769
887 1769
888 1769
889 1769
890 1769
891 1769
892 1769
893 1769
894 1769
895 1769
896 1768
897 1768
898 1768
899 1768
900 1768
901 1768
902 1768
903 1768
904 1768
905 1768
906 1767
907 1767
908 1767
909 1767
910 1767
911 1766
912 1766
913 1766
914 1765
915 1765
916 1765
917 1765
918 1765
919 1764
920 1764
921 1763
922 1763
923 1762
924 1762
925 1761
926 1761
927 1761
928 1760
929 1760
930 1759
931 1759
932 1759
933 1759
934 1758
935 1758
936 1757
937 1757
938 1757
939 1756
940 1756
941 1756
942 1756
943 1756
944 1756
945 1756
946 1756
947 1755
948 1755
949 1754
950 1754
950 1753
950 1752
950 1751
950 1750
949 1749
949 1748
948 1747
947 1746
946 1745
945 1745
944 1744
943 1743
942 1742
941 1742
940 1741
939 1741
938 1740
937 1740
936 1739
935 1739
934 1739
933 1739
932 1739
931 1739
930 1738
929 1738
928 1738
927 1737
926 1737
925 1737
924 1736
923 1736
922 1736
921 1736
920 1736
919 1735
918 1735
917 1735
916 1735
915 1735
914 1735
913 1735
912 1735
911 1735
910 1735
909 1735
908 1735
907 1735
906 1735
905 1735
904 1734
903 1734
902 1734
901 1734
900 1734
899 1734
898 1734
897 1734
896 1734
895 1734
894 1734
893 1734
892 1734
891 1734
890 1734
889 1734
888 1734
887 1734
886 1734
885 1734
884 1734
883 1734
882 1734
881 1734
880 1734
879 1734
878 1734
877 1734
876 1734
875 1734
874 1734
873 1734
872 1734
871 1734
870 1734
869 1734
868 1734
867 1734
866 1734
865 1734
864 1734
863 1734
862 1734
861 1734
860 1734
859 1734
858 1734
857 1734
856 1734
855 1734
854 1734
853 1734
852 1734
851 1734
850 1734
849 1734
848 1734
