1434 1740
1433 1741
1433 1742
1432 1743
1432 1744
1432 1745
1432 1746
1433 1747
1434 1748
1435 1749
1436 1750
1436 1751
1437 1752
1438 1753
1439 1754
1440 1755
1440 1756
1441 1757
1441 1758
1441 1759
1441 1760
1441 1761
1442 1762
1443 1763
1444 1764
1445 1765
1446 1765
1447 1766
1448 1767
1449 1768
1450 1768
1451 1768
1452 1769
1453 1769
1454 1770
1455 1770
1456 1770
1457 1771
1458 1771
1459 1772
1460 1773
1461 1773
1462 1773
1463 1774
1464 1774
1465 1775
1466 1775
1467 1775
1468 1776
1469 1776
1470 1777
1471 1778
1472 1778
1473 1779
1474 1779
1475 1780
1476 1780
1477 1781
1478 1781
1479 1782
1480 1783
1481 1784
1482 1785
1482 1786
1483 1787
1484 1788
1485 1789
1485 1790
1486 1791
1486 1792
1487 1793
1488 1794
1488 1795
1489 1796
1489 1797
1490 1798
1490 1799
1490 1800
1490 1801
1491 1802
1492 1803
1492 1804
1493 1805
1493 1806
1493 1807
1493 1808
1494 1809
1495 1810
1495 1811
1495 1812
1496 1813
1496 1814
1497 1815
1497 1816
1498 1817
1498 1818
1498 1819
1499 1820
1500 1821
1500 1822
1500 1823
1501 1824
1501 1825
1502 1825
1503 1826
1504 1826
1505 1826
1506 1827
1507 1827
1508 1826
1509 1826
1510 1826
1511 1825
1512 1825
1513 1825
1514 1825
1515 1824
1516 1824
1517 1824
1518 1824
1519 1824
1520 1824
1521 1824
1522 1824
1523 1824
1524 1824
1525 1824
1526 1824
1527 1825
1528 1825
1529 1825
1530 1825
1531 1825
1532 1825
1533 1825
1534 1825
1535 1825
1536 1826
1537 1826
1538 1826
1539 1827
1540 1827
1541 1827
1542 1827
1543 1827
1544 1827
1545 1827
1546 1827
1547 1827
1548 1827
1549 1827
1550 1827
1551 1828
1552 1828
1553 1828
1554 1828
1555 1828
1556 1828
1557 1828
1558 1828
1559 1828
1560 1828
1561 1828
1562 1828
1563 1828
1564 1828
1565 1828
1566 1828
1567 1828
1568 1828
1569 1828
1570 1828
1571 1828
1572 1828
1573 1828
1574 1828
1575 1828
1576 1828
1577 1828
1578 1828
1579 1828
1580 1828
1581 1828
1582 1827
1583 1827
1584 1826
1585 1826
1586 1825
1587 1825
1588 1824
1588 1823
1588 1822
1589 1821
1589 1820
1589 1819
1590 1818
1591 1817
1591 1816
1592 1815
1593 1814
1594 1814
1595 1813
1596 1812
1597 1812
1598 1811
1599 1810
1600 1809
1600 1808
1601 1807
1602 1806
1603 1805
1604 1804
1605 1804
1606 1804
1607 1804
1608 1804
1609 1804
1610 1803
1611 1802
1612 1802
1612 1801
1613 1800
1613 1799
1613 1798
1614 1797
1614 1796
1614 1795
1615 1794
1615 1793
1616 1792
1616 1791
1616 1790
1616 1789
1616 1788
1616 1787
1616 1786
1616 1785
1616 1784
1615 1783
1615 1782
1614 1781
1613 1780
1612 1779
1611 1778
1610 1777
1609 1776
1608 1775
1608 1774
1607 1773
1606 1772
1605 1772
1604 1771
1603 1770
1602 1769
1601 1768
1600 1767
1599 1767
1598 1767
1597 1766
1596 1766
1595 1766
1594 1765
1593 1765
1592 1765
1591 1764
1590 1764
1589 1763
1588 1763
1587 1763
1586 1763
1585 1763
1584 1762
1583 1762
1582 1762
1581 1762
1580 1762
1579 1762
1578 1762
1577 1762
1576 1762
1575 1762
1574 1762
1573 1761
1572 1761
1571 1761
1570 1761
1569 1760
1568 1760
1567 1760
1566 1759
1565 1759
1564 1758
1563 1758
1562 1758
1561 1758
1560 1758
1559 1758
1558 1758
1557 1758
1556 1758
1555 1759
1554 1759
1553 1759
1552 1759
1551 1760
1550 1760
1549 1760
1548 1761
1547 1761
1546 1761
1545 1761
1544 1761
1543 1762
1542 1762
1541 1762
1540 1762
1539 1763
1538 1763
1537 1764
1536 1764
1535 1765
1534 1765
1533 1766
1532 1766
1531 1766
1530 1766
1529 1766
1528 1766
1527 1766
1526 1766
1525 1766
1524 1766
1523 1766
1522 1766
1521 1766
1520 1766
1519 1766
1518 1766
1517 1766
1516 1766
1515 1766
1514 1766
1513 1766
1512 1766
1511 1765
1510 1765
1509 1765
1508 1764
1507 1764
1506 1764
1505 1764
1504 1764
1503 1763
1502 1763
1501 1763
1500 1763
1499 1762
1498 1762
1497 1762
1496 1762
1495 1762
1494 1761
1493 1761
1492 1761
1491 1761
1490 1761
1489 1761
1488 1761
1487 1760
1486 1760
1485 1760
1484 1759
1483 1758
1482 1757
1481 1756
1480 1756
1479 1756
1478 1755
1477 1755
1476 1755
1475 1755
1474 1754
1473 1754
1472 1753
1471 1753
1470 1752
1469 1752
1468 1752
1467 1751
1466 1751
1465 1751
1464 1750
1463 1750
1462 1749
1461 1749
1460 1748
1459 1748
1458 1748
1457 1747
1456 1747
1455 1746
1454 1746
1453 1746
1452 1745
1451 1745
1450 1744
1449 1744
1448 1744
1447 1743
1446 1743
1445 1742
1444 1742
1443 1742
1442 1741
1441 1741
1440 1741
1439 1741
1438 1741
1437 1740
1436 1740
1435 1740
1434 1740
