322 1849
321 1850
320 1850
319 1850
318 1851
317 1851
316 1851
315 1852
314 1852
313 1852
312 1852
311 1853
310 1853
309 1854
308 1854
307 1855
306 1855
305 1856
304 1856
303 1856
302 1856
301 1857
300 1857
299 1857
298 1857
297 1858
296 1858
295 1858
294 1859
293 1859
292 1859
291 1859
290 1859
289 1860
288 1860
287 1861
286 1861
285 1862
284 1862
283 1863
282 1863
281 1863
280 1863
279 1864
278 1864
277 1865
276 1866
275 1867
274 1867
274 1868
273 1869
273 1870
272 1871
272 1872
272 1873
273 1874
273 1875
274 1875
275 1876
276 1876
277 1876
278 1877
279 1877
280 1878
281 1879
282 1879
283 1879
284 1879
285 1879
286 1880
287 1881
288 1881
289 1882
290 1882
291 1883
292 1883
293 1884
294 1884
295 1884
296 1885
297 1885
298 1886
299 1886
300 1887
301 1887
302 1887
303 1887
304 1888
305 1888
306 1889
307 1889
308 1890
309 1890
310 1891
311 1891
312 1892
313 1893
314 1893
315 1894
316 1894
317 1895
318 1895
319 1895
320 1895
321 1895
322 1895
323 1894
324 1894
325 1893
326 1893
327 1892
328 1891
329 1891
330 1891
331 1891
332 1891
333 1891
334 1890
335 1890
336 1890
337 1889
338 1889
339 1889
340 1888
341 1888
342 1888
343 1888
344 1887
345 1887
346 1887
347 1887
348 1887
349 1887
350 1887
351 1886
352 1886
353 1886
354 1885
355 1885
356 1884
357 1883
358 1883
359 1882
360 1881
361 1880
362 1879
363 1878
364 1877
365 1876
366 1875
367 1874
368 1873
368 1872
369 1871
369 1870
369 1869
369 1868
369 1867
369 1866
369 1865
369 1864
369 1863
369 1862
369 1861
369 1860
369 1859
369 1858
369 1857
369 1856
368 1855
368 1854
367 1854
366 1853
365 1853
364 1852
363 1851
362 1851
361 1851
360 1851
359 1851
358 1851
357 1851
356 1851
355 1851
354 1851
353 1851
352 1851
351 1851
350 1852
349 1852
348 1853
347 1853
346 1853
345 1853
344 1853
343 1853
342 1853
341 1853
340 1853
339 1852
338 1852
337 1852
336 1851
335 1851
334 1851
333 1851
332 1851
331 1851
330 1851
329 1851
328 1851
327 1850
326 1850
325 1850
324 1850
323 1849
322 1849
