318 906
317 907
316 907
315 908
314 909
313 910
312 911
311 911
310 911
309 912
308 912
307 913
306 913
305 914
304 914
303 915
302 915
301 915
300 915
299 915
298 915
297 915
296 915
295 915
294 915
293 915
292 915
291 915
290 915
289 915
288 916
287 917
286 917
285 918
284 918
283 919
282 919
281 920
280 920
279 920
278 921
277 921
276 921
275 922
274 922
273 922
272 923
271 923
270 924
269 924
268 924
267 924
266 925
265 925
264 925
263 926
262 926
261 926
260 926
259 926
258 926
257 926
256 926
255 926
254 926
253 926
252 926
251 926
250 926
249 926
248 925
247 925
246 925
245 925
244 924
243 924
242 924
241 924
240 924
239 924
238 924
237 924
236 924
235 924
234 924
233 924
232 924
231 924
230 924
229 924
228 924
227 924
226 924
225 924
224 924
223 924
222 924
221 924
220 924
219 924
218 924
217 924
216 924
215 924
214 924
213 924
212 924
211 924
210 924
209 924
208 924
207 924
206 924
205 924
204 924
203 925
202 925
201 925
200 926
199 926
198 927
197 928
196 928
195 929
194 929
193 930
192 930
191 931
190 932
189 932
188 933
187 933
186 933
185 934
184 934
183 934
182 935
181 936
180 936
179 937
178 937
177 938
176 938
175 939
174 939
173 940
172 941
171 941
170 942
169 942
168 943
167 943
166 944
165 944
164 945
163 946
162 947
161 947
160 947
159 948
158 948
157 949
156 950
155 950
154 951
153 951
152 951
151 952
150 952
149 952
148 953
147 954
146 955
145 956
144 957
143 958
142 959
141 960
140 961
140 962
140 963
140 964
141 965
142 966
143 966
144 966
145 967
146 968
147 968
148 969
149 969
150 970
151 971
152 972
153 972
154 973
155 974
156 974
157 975
158 976
159 976
160 977
161 978
162 978
163 978
164 978
165 978
166 978
167 978
168 978
169 978
170 979
171 979
172 980
173 981
174 981
175 982
176 982
177 983
178 983
179 984
180 985
181 986
182 987
183 988
184 988
185 989
186 989
187 989
188 990
189 990
190 990
191 990
192 991
193 991
194 992
195 992
196 992
197 993
198 994
199 994
200 994
201 994
202 994
203 994
204 994
205 994
206 994
207 994
208 994
209 994
210 994
211 994
212 995
213 995
214 996
215 996
216 997
217 998
218 998
219 999
220 999
221 1000
222 1001
223 1001
224 1001
225 1001
226 1001
227 1001
228 1001
229 1001
230 1001
231 1001
232 1001
233 1001
234 1002
235 1002
236 1002
237 1003
238 1003
239 1003
240 1003
241 1003
242 1003
243 1003
244 1003
245 1003
246 1003
247 1003
248 1003
249 1004
250 1004
251 1004
252 1004
253 1004
254 1005
255 1005
256 1005
257 1005
258 1005
259 1006
260 1006
261 1006
262 1007
263 1007
264 1007
265 1007
266 1008
267 1008
268 1008
269 1009
270 1009
271 1010
272 1010
273 1010
274 1011
275 1012
276 1012
277 1013
278 1013
279 1013
280 1014
281 1014
282 1015
283 1016
284 1016
285 1017
286 1018
287 1019
288 1020
289 1021
290 1021
291 1022
292 1023
293 1024
294 1025
295 1026
296 1027
297 1028
298 1029
299 1030
300 1031
301 1032
302 1033
303 1034
304 1035
305 1036
306 1036
307 1037
308 1038
309 1039
310 1039
311 1040
312 1040
313 1041
314 1041
315 1041
316 1041
317 1041
318 1040
319 1040
320 1040
321 1039
322 1039
323 1039
324 1038
325 1038
326 1038
327 1037
328 1036
329 1036
330 1036
331 1036
332 1036
333 1036
334 1035
335 1035
336 1035
337 1034
338 1033
339 1033
340 1033
341 1032
342 1032
343 1031
344 1031
345 1030
346 1030
347 1030
348 1030
349 1029
350 1028
351 1028
352 1028
353 1027
354 1027
355 1026
356 1025
357 1024
358 1023
358 1022
358 1021
359 1020
359 1019
360 1018
361 1018
362 1017
363 1017
364 1016
365 1016
366 1016
367 1016
368 1015
369 1014
370 1014
371 1014
372 1013
373 1012
374 1011
375 1010
376 1009
377 1008
378 1007
379 1006
380 1005
381 1004
382 1003
383 1002
384 1001
385 1000
386 999
387 998
388 997
388 996
389 995
390 994
390 993
391 992
391 991
391 990
391 989
391 988
392 987
392 986
392 985
393 984
393 983
393 982
394 981
394 980
395 979
395 978
395 977
395 976
395 975
395 974
395 973
394 972
394 971
393 970
392 969
392 968
391 967
391 966
391 965
390 964
390 963
389 962
389 961
388 960
388 959
388 958
388 957
388 956
388 955
388 954
388 953
387 952
386 951
385 950
385 949
384 948
383 947
382 946
381 946
380 946
379 946
378 945
377 944
377 943
377 942
376 941
376 940
376 939
375 938
375 937
374 936
374 935
373 934
373 933
372 932
372 931
372 930
372 929
371 928
370 927
369 926
369 925
368 924
367 923
367 922
366 921
365 920
364 919
363 918
362 917
361 916
360 915
359 914
358 914
357 913
356 913
355 913
354 913
353 913
352 913
351 912
350 912
349 912
348 912
347 911
346 911
345 910
344 910
343 910
342 909
341 908
340 908
339 908
338 908
337 908
336 908
335 908
334 908
333 908
332 908
331 907
330 907
329 907
328 906
327 906
326 906
325 906
324 906
323 906
322 906
321 906
320 906
319 906
318 906
