779 617
778 618
777 618
776 618
775 618
774 618
773 618
772 619
771 619
770 619
769 620
768 620
767 620
766 620
765 621
764 621
763 621
762 621
761 622
760 622
759 622
758 623
757 624
757 625
757 626
757 627
757 628
757 629
757 630
757 631
757 632
758 633
758 634
758 635
759 636
760 637
760 638
761 639
761 640
761 641
761 642
761 643
762 644
763 645
764 646
765 646
766 646
767 647
768 648
769 649
770 650
771 651
772 652
773 653
774 653
775 653
776 653
777 653
778 653
779 653
780 653
781 653
782 653
783 652
784 652
785 651
786 651
787 651
788 650
789 650
790 650
791 650
792 649
793 649
794 649
795 648
796 648
797 648
798 647
799 646
800 645
801 644
802 643
803 642
803 641
803 640
803 639
803 638
804 637
804 636
804 635
805 634
805 633
805 632
805 631
805 630
805 629
804 628
804 627
804 626
803 625
803 624
803 623
803 622
802 621
801 620
800 619
799 618
798 618
797 617
796 617
795 617
794 617
793 617
792 617
791 617
790 617
789 617
788 617
787 617
786 617
785 617
784 617
783 617
782 617
781 617
780 617
779 617
